   1.0674900e+01   1.1031600e+01   1.0789600e+01   1.0854600e+01   1.2861200e+01   1.2366300e+01
   1.1653500e+01   1.2072100e+01   1.1674600e+01   1.1746600e+01   1.2440800e+01   1.1959300e+01
   1.2204900e+01   1.2045900e+01   1.1873700e+01   1.1919400e+01   1.1929000e+01   1.1548300e+01
   1.2746700e+01   1.2564500e+01   1.2351400e+01   1.2356200e+01   1.1796300e+01   1.1374500e+01
   1.2960700e+01   1.2844800e+01   1.2577300e+01   1.2534800e+01   1.1579400e+01   1.1207100e+01
   1.3264300e+01   1.3197700e+01   1.2942800e+01   1.2929400e+01   1.1484800e+01   1.1124900e+01
   1.3510300e+01   1.3449400e+01   1.3220500e+01   1.3228300e+01   1.1408700e+01   1.1221700e+01
   1.3754900e+01   1.3720300e+01   1.3481500e+01   1.3486000e+01   1.1435000e+01   1.1363800e+01
   1.4028400e+01   1.4009400e+01   1.3776700e+01   1.3795000e+01   1.1573100e+01   1.1479900e+01
   1.4213600e+01   1.4201300e+01   1.3994900e+01   1.4039700e+01   1.1648000e+01   1.1576000e+01
   1.4363400e+01   1.4347900e+01   1.4169400e+01   1.4225300e+01   1.1715400e+01   1.1624200e+01
   1.4382000e+01   1.4382000e+01   1.4214700e+01   1.4281000e+01   1.1670900e+01   1.1583800e+01
   1.4502100e+01   1.4503800e+01   1.4331700e+01   1.4396100e+01   1.1673100e+01   1.1627100e+01
   1.4433400e+01   1.4424900e+01   1.4274000e+01   1.4346100e+01   1.1483600e+01   1.1404900e+01
   1.4381900e+01   1.4368100e+01   1.4236900e+01   1.4310000e+01   1.1295400e+01   1.1111400e+01
   1.4152500e+01   1.4151900e+01   1.4039800e+01   1.4120400e+01   1.1026100e+01   1.0791600e+01
   1.3991600e+01   1.3981800e+01   1.3891500e+01   1.3971300e+01   1.0890900e+01   1.0684400e+01
   1.3755100e+01   1.3749500e+01   1.3657800e+01   1.3751000e+01   1.0808600e+01   1.0691800e+01
   1.3484000e+01   1.3515900e+01   1.3426900e+01   1.3517000e+01   1.0521000e+01   1.0334000e+01
   1.3298400e+01   1.3333600e+01   1.3252000e+01   1.3336700e+01   9.6275000e+00   9.8142000e+00
   1.3095700e+01   1.3137300e+01   1.3065800e+01   1.3150300e+01   9.5593000e+00   9.8526000e+00
   1.2888100e+01   1.2933600e+01   1.2863600e+01   1.2945200e+01   9.5737000e+00   9.8121000e+00
   1.2640600e+01   1.2685800e+01   1.2634100e+01   1.2719600e+01   9.3719000e+00   9.5385000e+00
   1.2392000e+01   1.2456000e+01   1.2409400e+01   1.2503600e+01   9.2293000e+00   9.3726000e+00
   1.2104400e+01   1.2177400e+01   1.2135100e+01   1.2229100e+01   9.2259000e+00   9.2374000e+00
   1.1808300e+01   1.1864900e+01   1.1806700e+01   1.1866600e+01   9.1048000e+00   8.9402000e+00
   1.1586000e+01   1.1638200e+01   1.1542300e+01   1.1572700e+01   9.0946000e+00   8.7913000e+00
   1.1441600e+01   1.1482400e+01   1.1358600e+01   1.1375900e+01   9.0586000e+00   8.7850000e+00
   1.1345800e+01   1.1410900e+01   1.1270000e+01   1.1289700e+01   9.0138000e+00   8.7640000e+00
   1.1312400e+01   1.1367900e+01   1.1237800e+01   1.1255100e+01   9.0843000e+00   8.8734000e+00
   1.1225600e+01   1.1266500e+01   1.1154800e+01   1.1171700e+01   9.1688000e+00   9.0032000e+00
   1.1191100e+01   1.1234500e+01   1.1115400e+01   1.1125200e+01   9.2913000e+00   9.0773000e+00
   1.1144200e+01   1.1187900e+01   1.1066000e+01   1.1074400e+01   9.3800000e+00   9.0906000e+00
   1.1073100e+01   1.1126500e+01   1.0989400e+01   1.0996500e+01   9.3752000e+00   9.0825000e+00
   1.1099300e+01   1.1170700e+01   1.1019400e+01   1.1032500e+01   9.2921000e+00   9.0602000e+00
   1.1101700e+01   1.1193700e+01   1.1030300e+01   1.1052500e+01   9.3258000e+00   9.0753000e+00
   1.1114500e+01   1.1229200e+01   1.1054500e+01   1.1086000e+01   9.4208000e+00   9.0510000e+00
   1.1135600e+01   1.1259900e+01   1.1091700e+01   1.1140700e+01   9.5457000e+00   9.0716000e+00
   1.1131300e+01   1.1236900e+01   1.1103000e+01   1.1168000e+01   9.6299000e+00   9.0930000e+00
   1.1097700e+01   1.1170600e+01   1.1079600e+01   1.1151400e+01   9.6925000e+00   9.1255000e+00
   1.1102700e+01   1.1144500e+01   1.1088100e+01   1.1161300e+01   9.6930000e+00   9.1320000e+00
   1.1116500e+01   1.1140900e+01   1.1111000e+01   1.1184800e+01   9.6181000e+00   9.1245000e+00
   1.1103100e+01   1.1131800e+01   1.1112800e+01   1.1187500e+01   9.5650000e+00   9.1435000e+00
   1.1066600e+01   1.1085700e+01   1.1084400e+01   1.1156500e+01   9.4793000e+00   9.1668000e+00
   1.0984300e+01   1.0998400e+01   1.1009500e+01   1.1075100e+01   9.3927000e+00   9.1822000e+00
   1.0886900e+01   1.0921000e+01   1.0919600e+01   1.0981000e+01   9.2903000e+00   9.1897000e+00
   1.0841800e+01   1.0890200e+01   1.0873800e+01   1.0932900e+01   9.2134000e+00   9.1616000e+00
   1.0787700e+01   1.0846200e+01   1.0820900e+01   1.0882000e+01   9.1620000e+00   9.1491000e+00
   1.0719200e+01   1.0792400e+01   1.0765300e+01   1.0833300e+01   9.1294000e+00   9.1435000e+00
   1.0630600e+01   1.0701600e+01   1.0678900e+01   1.0748200e+01   9.1048000e+00   9.1596000e+00
   1.0493000e+01   1.0551000e+01   1.0539200e+01   1.0605800e+01   9.0899000e+00   9.1734000e+00
   1.0329600e+01   1.0383600e+01   1.0385700e+01   1.0454800e+01   9.1196000e+00   9.1655000e+00
   1.0180200e+01   1.0234800e+01   1.0234600e+01   1.0296700e+01   9.2052000e+00   9.2005000e+00
   1.0041500e+01   1.0091900e+01   1.0093900e+01   1.0150200e+01   9.3234000e+00   9.2072000e+00
   9.9305000e+00   9.9790000e+00   9.9856000e+00   1.0040200e+01   9.4536000e+00   9.1923000e+00
   9.8547000e+00   9.8994000e+00   9.9112000e+00   9.9620000e+00   9.5596000e+00   9.1654000e+00
   9.7806000e+00   9.8279000e+00   9.8411000e+00   9.8930000e+00   9.6634000e+00   9.1791000e+00
   9.6919000e+00   9.7548000e+00   9.7564000e+00   9.8090000e+00   9.6678000e+00   9.2674000e+00
   9.6128000e+00   9.6865000e+00   9.6761000e+00   9.7271000e+00   9.7100000e+00   9.3580000e+00
   9.5754000e+00   9.6503000e+00   9.6356000e+00   9.6849000e+00   9.6843000e+00   9.4394000e+00
   9.5536000e+00   9.6187000e+00   9.6098000e+00   9.6540000e+00   9.5764000e+00   9.5029000e+00
   9.5663000e+00   9.6275000e+00   9.6215000e+00   9.6641000e+00   9.3360000e+00   9.5100000e+00
   9.5827000e+00   9.6415000e+00   9.6351000e+00   9.6770000e+00   9.2769000e+00   9.5076000e+00
   9.5545000e+00   9.6203000e+00   9.6118000e+00   9.6554000e+00   9.1649000e+00   9.4173000e+00
   9.4884000e+00   9.5616000e+00   9.5561000e+00   9.6025000e+00   8.9650000e+00   9.2083000e+00
   9.3938000e+00   9.4631000e+00   9.4631000e+00   9.5140000e+00   9.2513000e+00   9.3955000e+00
   9.2944000e+00   9.3531000e+00   9.3628000e+00   9.4119000e+00   8.9887000e+00   9.3436000e+00
   9.1835000e+00   9.2275000e+00   9.2391000e+00   9.2847000e+00   8.5459000e+00   9.5783000e+00
   9.0588000e+00   9.0923000e+00   9.0957000e+00   9.1317000e+00   8.1785000e+00   9.7382000e+00
   8.9046000e+00   8.9374000e+00   8.9308000e+00   8.9587000e+00   8.2433000e+00   9.7509000e+00
   8.7249000e+00   8.7713000e+00   8.7604000e+00   8.7924000e+00   8.4468000e+00   9.5753000e+00
   8.5780000e+00   8.6423000e+00   8.6252000e+00   8.6637000e+00   8.2441000e+00   9.2490000e+00
   8.4519000e+00   8.5210000e+00   8.5035000e+00   8.5438000e+00   7.8648000e+00   8.8742000e+00
   8.3665000e+00   8.4306000e+00   8.4214000e+00   8.4614000e+00   7.6461000e+00   8.5296000e+00
   8.3518000e+00   8.4089000e+00   8.4054000e+00   8.4441000e+00   7.7063000e+00   8.3551000e+00
   8.3486000e+00   8.4136000e+00   8.4077000e+00   8.4505000e+00   7.8410000e+00   8.2732000e+00
   8.3576000e+00   8.4304000e+00   8.4085000e+00   8.4442000e+00   7.8243000e+00   8.1430000e+00
   8.3760000e+00   8.4514000e+00   8.4121000e+00   8.4383000e+00   7.6507000e+00   7.9750000e+00
   8.3385000e+00   8.4038000e+00   8.3567000e+00   8.3709000e+00   7.4898000e+00   7.7941000e+00
   8.2563000e+00   8.2952000e+00   8.2560000e+00   8.2617000e+00   7.5620000e+00   7.6805000e+00
   8.1627000e+00   8.1882000e+00   8.1549000e+00   8.1588000e+00   7.7636000e+00   7.6213000e+00
   8.0855000e+00   8.1179000e+00   8.0819000e+00   8.0917000e+00   7.8759000e+00   7.5755000e+00
   8.0108000e+00   8.0464000e+00   8.0126000e+00   8.0274000e+00   7.9421000e+00   7.5278000e+00
   7.9168000e+00   7.9544000e+00   7.9300000e+00   7.9513000e+00   8.0227000e+00   7.5241000e+00
   7.8736000e+00   7.8957000e+00   7.8678000e+00   7.8742000e+00   8.0444000e+00   7.5425000e+00
   7.8482000e+00   7.8583000e+00   7.8001000e+00   7.7816000e+00   7.9347000e+00   7.5509000e+00
   7.8101000e+00   7.8196000e+00   7.7563000e+00   7.7354000e+00   7.8250000e+00   7.5491000e+00
   7.7451000e+00   7.7482000e+00   7.6950000e+00   7.6791000e+00   7.8170000e+00   7.4999000e+00
   7.6984000e+00   7.6893000e+00   7.6338000e+00   7.6076000e+00   7.7443000e+00   7.4022000e+00
   7.6261000e+00   7.6162000e+00   7.5562000e+00   7.5274000e+00   7.6399000e+00   7.3468000e+00
   7.5597000e+00   7.5457000e+00   7.5090000e+00   7.4909000e+00   7.5520000e+00   7.3300000e+00
   7.4886000e+00   7.4786000e+00   7.4643000e+00   7.4577000e+00   7.4509000e+00   7.3444000e+00
   7.4425000e+00   7.4273000e+00   7.4343000e+00   7.4338000e+00   7.3912000e+00   7.3164000e+00
   7.3612000e+00   7.3429000e+00   7.3629000e+00   7.3671000e+00   7.3956000e+00   7.2878000e+00
   7.3099000e+00   7.2986000e+00   7.3199000e+00   7.3259000e+00   7.4899000e+00   7.3412000e+00
   7.2851000e+00   7.2789000e+00   7.2929000e+00   7.2964000e+00   7.6065000e+00   7.4776000e+00
   7.2355000e+00   7.2369000e+00   7.2393000e+00   7.2398000e+00   7.6507000e+00   7.5942000e+00
   7.1472000e+00   7.1583000e+00   7.1523000e+00   7.1493000e+00   7.6019000e+00   7.6579000e+00
   7.0775000e+00   7.0892000e+00   7.0860000e+00   7.0816000e+00   7.5767000e+00   7.7238000e+00
   7.0574000e+00   7.0730000e+00   7.0793000e+00   7.0800000e+00   7.6601000e+00   7.8471000e+00
   7.0543000e+00   7.0753000e+00   7.0831000e+00   7.0845000e+00   7.7903000e+00   7.9971000e+00
   7.0279000e+00   7.0390000e+00   7.0610000e+00   7.0642000e+00   7.9123000e+00   8.1530000e+00
   6.9615000e+00   6.9598000e+00   6.9924000e+00   6.9973000e+00   8.0012000e+00   8.2865000e+00
   6.8593000e+00   6.8468000e+00   6.8921000e+00   6.8986000e+00   8.0921000e+00   8.3668000e+00
   6.7917000e+00   6.7661000e+00   6.8210000e+00   6.8304000e+00   8.1833000e+00   8.4315000e+00
   6.7505000e+00   6.7127000e+00   6.7745000e+00   6.7838000e+00   8.2581000e+00   8.4917000e+00
   6.7331000e+00   6.6651000e+00   6.7400000e+00   6.7362000e+00   8.3560000e+00   8.5457000e+00
   6.8130000e+00   6.6584000e+00   6.7079000e+00   6.6734000e+00   8.4731000e+00   8.6036000e+00
   6.7439000e+00   6.6093000e+00   6.7233000e+00   6.7283000e+00   8.5962000e+00   8.6741000e+00
   6.8772000e+00   6.7559000e+00   6.8005000e+00   6.7238000e+00   8.7342000e+00   8.7949000e+00
   6.9179000e+00   6.7928000e+00   6.7992000e+00   6.7679000e+00   8.8774000e+00   8.9683000e+00
   6.8349000e+00   6.8402000e+00   6.7785000e+00   6.7459000e+00   8.8638000e+00   8.9779000e+00
   6.6721000e+00   6.7796000e+00   6.6210000e+00   6.5707000e+00   8.6603000e+00   8.7649000e+00
   6.4704000e+00   6.5980000e+00   6.4769000e+00   6.4324000e+00   8.5208000e+00   8.5865000e+00
   6.3369000e+00   6.4653000e+00   6.3836000e+00   6.3444000e+00   8.3686000e+00   8.4291000e+00
   6.3144000e+00   6.4090000e+00   6.3774000e+00   6.3813000e+00   7.5504000e+00   7.5552000e+00
   6.3546000e+00   6.4808000e+00   6.4539000e+00   6.4731000e+00   6.7229000e+00   6.7416000e+00
   6.4082000e+00   6.5681000e+00   6.5263000e+00   6.5644000e+00   6.4388000e+00   6.3920000e+00
   6.4278000e+00   6.6667000e+00   6.5850000e+00   6.6546000e+00   6.6507000e+00   6.7726000e+00
   6.4485000e+00   6.7778000e+00   6.6669000e+00   6.7750000e+00   6.5862000e+00   6.8688000e+00
   6.4277000e+00   6.8699000e+00   6.7301000e+00   6.8652000e+00   6.4579000e+00   6.7972000e+00
   6.3886000e+00   6.9025000e+00   6.7664000e+00   6.9239000e+00   6.7113000e+00   7.0689000e+00
   6.4355000e+00   6.9464000e+00   6.8373000e+00   7.0107000e+00   7.1834000e+00   7.4662000e+00
   6.5443000e+00   7.0166000e+00   6.9677000e+00   7.1454000e+00   7.3689000e+00   7.6013000e+00
   6.7283000e+00   7.1243000e+00   7.1209000e+00   7.2608000e+00   7.4106000e+00   7.6235000e+00
   7.0372000e+00   7.3357000e+00   7.3445000e+00   7.4414000e+00   7.6301000e+00   7.7871000e+00
   7.4055000e+00   7.6344000e+00   7.6611000e+00   7.7492000e+00   7.8757000e+00   7.9960000e+00
   7.8415000e+00   8.0005000e+00   8.0539000e+00   8.1499000e+00   8.0266000e+00   8.1588000e+00
   8.3258000e+00   8.4194000e+00   8.4598000e+00   8.5585000e+00   8.0879000e+00   8.2328000e+00
   8.7620000e+00   8.8454000e+00   8.8440000e+00   8.9572000e+00   8.1245000e+00   8.2631000e+00
   9.1591000e+00   9.3069000e+00   9.2387000e+00   9.3889000e+00   8.2084000e+00   8.3388000e+00
   9.5629000e+00   9.8043000e+00   9.6579000e+00   9.8384000e+00   8.3408000e+00   8.4396000e+00
   9.9917000e+00   1.0308200e+01   1.0084300e+01   1.0278100e+01   8.4682000e+00   8.5204000e+00
   1.0453100e+01   1.0775200e+01   1.0527900e+01   1.0733200e+01   8.5410000e+00   8.5480000e+00
   1.0913800e+01   1.1173300e+01   1.0920100e+01   1.1097100e+01   8.5828000e+00   8.5241000e+00
   1.1193600e+01   1.1426400e+01   1.1164600e+01   1.1325300e+01   8.6000000e+00   8.5003000e+00
   1.1324900e+01   1.1585700e+01   1.1284900e+01   1.1429000e+01   8.5683000e+00   8.4626000e+00
   1.1389000e+01   1.1681400e+01   1.1336200e+01   1.1468100e+01   8.6090000e+00   8.3980000e+00
   1.1341100e+01   1.1725200e+01   1.1345600e+01   1.1552000e+01   8.6608000e+00   8.3233000e+00
   1.1249300e+01   1.1728600e+01   1.1318400e+01   1.1551900e+01   8.6603000e+00   8.2568000e+00
   1.1141900e+01   1.1798900e+01   1.1331500e+01   1.1578800e+01   8.6388000e+00   8.2578000e+00
   1.1019900e+01   1.1727900e+01   1.1249300e+01   1.1474200e+01   8.5167000e+00   8.3276000e+00
   1.0963200e+01   1.1722100e+01   1.1220100e+01   1.1468200e+01   8.4062000e+00   8.3705000e+00
   1.0862700e+01   1.1673400e+01   1.1154200e+01   1.1424600e+01   8.4185000e+00   8.3754000e+00
   1.0738500e+01   1.1586300e+01   1.1046300e+01   1.1322000e+01   8.4331000e+00   8.3761000e+00
   1.0539700e+01   1.1551100e+01   1.0918100e+01   1.1216700e+01   8.4222000e+00   8.4754000e+00
   1.0272200e+01   1.1464200e+01   1.0747600e+01   1.1105700e+01   8.3899000e+00   8.5599000e+00
   1.0000700e+01   1.1404000e+01   1.0592800e+01   1.0992000e+01   8.4282000e+00   8.4754000e+00
   9.8802000e+00   1.1386000e+01   1.0527000e+01   1.0955300e+01   8.5434000e+00   8.4615000e+00
   9.8600000e+00   1.1350700e+01   1.0483300e+01   1.0927800e+01   8.7248000e+00   8.5064000e+00
   9.8247000e+00   1.1287700e+01   1.0408700e+01   1.0870700e+01   8.9853000e+00   8.5997000e+00
   9.9018000e+00   1.1299200e+01   1.0454500e+01   1.0893100e+01   9.1932000e+00   8.7228000e+00
   1.0036800e+01   1.1319500e+01   1.0551000e+01   1.0954200e+01   9.2969000e+00   8.9284000e+00
   9.9686000e+00   1.1101900e+01   1.0452000e+01   1.0839300e+01   9.2855000e+00   9.1331000e+00
   9.8715000e+00   1.0822700e+01   1.0265000e+01   1.0606700e+01   9.1697000e+00   9.2023000e+00
   9.8452000e+00   1.0634100e+01   1.0163200e+01   1.0457000e+01   9.0184000e+00   9.2107000e+00
   9.8305000e+00   1.0450400e+01   1.0090600e+01   1.0345600e+01   8.7370000e+00   9.1081000e+00
   9.8013000e+00   1.0292100e+01   9.9836000e+00   1.0169900e+01   8.4707000e+00   9.0957000e+00
   9.7075000e+00   1.0082200e+01   9.8835000e+00   1.0036400e+01   8.3183000e+00   9.3022000e+00
   9.6855000e+00   9.9626000e+00   9.8429000e+00   9.9576000e+00   8.6165000e+00   1.0008700e+01
   9.5920000e+00   9.7997000e+00   9.7439000e+00   9.7868000e+00   8.6949000e+00   9.8126000e+00
   9.4438000e+00   9.5373000e+00   9.4824000e+00   9.4592000e+00   9.1960000e+00   9.9411000e+00
   9.1228000e+00   9.2925000e+00   9.1287000e+00   9.0933000e+00   9.5402000e+00   1.0008200e+01
   9.0732000e+00   9.3024000e+00   9.0886000e+00   9.1259000e+00   9.6556000e+00   1.0090700e+01
   9.3228000e+00   9.6450000e+00   9.3661000e+00   9.3995000e+00   9.8186000e+00   1.0111800e+01
   9.7364000e+00   1.0014800e+01   9.7230000e+00   9.7005000e+00   1.0014400e+01   1.0124100e+01
   1.0014900e+01   1.0223000e+01   1.0005500e+01   9.9832000e+00   1.0347700e+01   1.0148500e+01
   1.0370500e+01   1.0509400e+01   1.0386900e+01   1.0399200e+01   1.0639200e+01   1.0262100e+01
   1.0533100e+01   1.0712500e+01   1.0599100e+01   1.0622000e+01   1.0921800e+01   1.0493300e+01
   1.0594800e+01   1.0767000e+01   1.0735400e+01   1.0825700e+01   1.1087200e+01   1.0817000e+01
   1.0836400e+01   1.0963100e+01   1.0935800e+01   1.1013400e+01   1.1251700e+01   1.0970600e+01
   1.0813000e+01   1.0984600e+01   1.0928300e+01   1.1009200e+01   1.1263800e+01   1.1047500e+01
   1.0759200e+01   1.0927100e+01   1.0883500e+01   1.0972700e+01   1.1172000e+01   1.1103500e+01
   1.0834900e+01   1.0978900e+01   1.0927600e+01   1.0997200e+01   1.1115200e+01   1.1292900e+01
   1.0871600e+01   1.0997900e+01   1.0951500e+01   1.1005000e+01   1.1006400e+01   1.1240300e+01
   1.0964100e+01   1.1066100e+01   1.0995600e+01   1.1021800e+01   1.0721300e+01   1.1130400e+01
   1.1059100e+01   1.1195700e+01   1.1092700e+01   1.1120500e+01   1.0336200e+01   1.0915900e+01
   1.1059600e+01   1.1233700e+01   1.1086500e+01   1.1113100e+01   9.9457000e+00   1.0682700e+01
   1.1090400e+01   1.1301100e+01   1.1122600e+01   1.1132600e+01   9.8229000e+00   1.0570000e+01
   1.1097800e+01   1.1261400e+01   1.1106600e+01   1.1053600e+01   9.7353000e+00   1.0586600e+01
   1.1142600e+01   1.1138000e+01   1.1108400e+01   1.1047100e+01   9.5196000e+00   1.0510200e+01
   1.1245300e+01   1.1198900e+01   1.1106100e+01   1.0978100e+01   9.2696000e+00   1.0395800e+01
   1.1288700e+01   1.1159900e+01   1.1155900e+01   1.1112800e+01   9.1445000e+00   1.0329400e+01
   1.1352100e+01   1.1178300e+01   1.1196300e+01   1.1266800e+01   9.1728000e+00   1.0340300e+01
   1.1521400e+01   1.1325700e+01   1.1398900e+01   1.1512600e+01   9.3873000e+00   1.0237900e+01
   1.1335200e+01   1.1426100e+01   1.1468900e+01   1.1591400e+01   9.6822000e+00   1.0232100e+01
   1.1369600e+01   1.1452800e+01   1.1521400e+01   1.1658500e+01   9.7519000e+00   1.0212500e+01
   1.1220400e+01   1.1348700e+01   1.1407500e+01   1.1552000e+01   9.4973000e+00   9.9987000e+00
   1.1257400e+01   1.1424500e+01   1.1437800e+01   1.1596400e+01   9.3029000e+00   9.7690000e+00
   1.1473500e+01   1.1609400e+01   1.1613500e+01   1.1775800e+01   9.4417000e+00   9.5963000e+00
   1.1891500e+01   1.2046300e+01   1.1975700e+01   1.2094000e+01   9.6541000e+00   9.7507000e+00
   1.1981100e+01   1.2144000e+01   1.2096500e+01   1.2248200e+01   9.4423000e+00   9.6766000e+00
   1.1822500e+01   1.1963800e+01   1.1945400e+01   1.2097600e+01   9.7718000e+00   9.4698000e+00
   1.1541800e+01   1.1704200e+01   1.1688300e+01   1.1863300e+01   9.9299000e+00   9.7816000e+00
   1.1709700e+01   1.1779100e+01   1.1791500e+01   1.1886900e+01   9.8120000e+00   9.9928000e+00
   1.1578600e+01   1.1658400e+01   1.1736900e+01   1.1921400e+01   9.5585000e+00   9.9382000e+00
   1.1495700e+01   1.1622600e+01   1.1657300e+01   1.1800300e+01   9.7193000e+00   9.8256000e+00
   1.1552600e+01   1.1583700e+01   1.1569900e+01   1.1730600e+01   9.7526000e+00   9.9001000e+00
   1.1249100e+01   1.1298400e+01   1.1307400e+01   1.1369200e+01   9.3382000e+00   9.6865000e+00
   1.1247500e+01   1.1172000e+01   1.1138600e+01   1.1141800e+01   9.0558000e+00   9.3736000e+00
   1.1188700e+01   1.1084500e+01   1.1104000e+01   1.1165200e+01   9.2827000e+00   9.1592000e+00
   1.1153900e+01   1.1030300e+01   1.1037400e+01   1.1085000e+01   9.5145000e+00   9.3153000e+00
   1.1065900e+01   1.0954400e+01   1.0984100e+01   1.1004000e+01   9.5489000e+00   9.5478000e+00
   1.1130000e+01   1.1076800e+01   1.1090400e+01   1.1016800e+01   9.7704000e+00   9.6871000e+00
   1.1188500e+01   1.1139600e+01   1.1154300e+01   1.1081200e+01   9.9175000e+00   9.7833000e+00
   1.1138300e+01   1.1185300e+01   1.1162700e+01   1.1091100e+01   9.7448000e+00   9.7779000e+00
   1.1004900e+01   1.1153300e+01   1.1135000e+01   1.1137700e+01   9.4027000e+00   9.6276000e+00
   1.0777200e+01   1.1008800e+01   1.0969700e+01   1.1041500e+01   9.3539000e+00   9.2160000e+00
   1.0716800e+01   1.1039300e+01   1.1018000e+01   1.1133800e+01   8.9627000e+00   8.6997000e+00
   1.0594900e+01   1.0802600e+01   1.0822400e+01   1.0906400e+01   8.0152000e+00   8.5137000e+00
   1.0891100e+01   1.0898100e+01   1.0867000e+01   1.0944200e+01   7.6414000e+00   8.3441000e+00
   1.0671900e+01   1.0862600e+01   1.0783300e+01   1.1013700e+01   7.3588000e+00   7.5315000e+00
   1.0198000e+01   1.0547000e+01   1.0475000e+01   1.0831100e+01   6.5143000e+00   6.3719000e+00
   9.9415000e+00   1.0210200e+01   1.0209200e+01   1.0536300e+01   5.8086000e+00   5.6202000e+00
   1.0011400e+01   1.0172000e+01   1.0241100e+01   1.0494400e+01   5.3695000e+00   5.4049000e+00
   1.0027100e+01   1.0183400e+01   1.0272000e+01   1.0504300e+01   6.0440000e+00   5.9551000e+00
   9.8616000e+00   9.9858000e+00   1.0124500e+01   1.0383000e+01   5.8614000e+00   5.9252000e+00
   9.6593000e+00   9.8140000e+00   9.9047000e+00   1.0156100e+01   5.7136000e+00   5.7796000e+00
   9.3429000e+00   9.4465000e+00   9.5736000e+00   9.8954000e+00   6.4164000e+00   6.2462000e+00
   9.3247000e+00   9.1831000e+00   9.3151000e+00   9.4987000e+00   7.3235000e+00   7.0660000e+00
   9.5500000e+00   9.4306000e+00   9.4716000e+00   9.2869000e+00   8.2021000e+00   7.7427000e+00
   9.5523000e+00   9.8071000e+00   9.6567000e+00   9.3628000e+00   8.8784000e+00   8.5636000e+00
   9.4532000e+00   9.9208000e+00   9.6769000e+00   9.3986000e+00   9.5742000e+00   8.8774000e+00
   9.4673000e+00   9.8716000e+00   9.6324000e+00   9.4075000e+00   9.7982000e+00   9.5368000e+00
   9.5498000e+00   9.7880000e+00   9.6309000e+00   9.3681000e+00   9.8134000e+00   9.6342000e+00
   9.6250000e+00   9.8653000e+00   9.6974000e+00   9.2919000e+00   9.9701000e+00   9.7131000e+00
   9.4070000e+00   9.9756000e+00   9.7650000e+00   9.4287000e+00   9.6682000e+00   9.8135000e+00
   9.0845000e+00   9.5805000e+00   9.4947000e+00   9.3713000e+00   9.4458000e+00   9.8115000e+00
   8.8286000e+00   9.1656000e+00   9.2150000e+00   9.2067000e+00   9.5051000e+00   9.9615000e+00
   8.8090000e+00   8.9630000e+00   9.0273000e+00   9.1137000e+00   9.7202000e+00   1.0218900e+01
   8.6878000e+00   8.7003000e+00   8.9037000e+00   9.0311000e+00   1.0016100e+01   1.0209400e+01
   8.7782000e+00   8.5993000e+00   8.9131000e+00   9.0642000e+00   1.0140800e+01   1.0434500e+01
   9.3856000e+00   9.3176000e+00   9.4035000e+00   9.5031000e+00   1.0051800e+01   1.0294100e+01
   9.3576000e+00   9.5154000e+00   9.4334000e+00   9.4882000e+00   1.0225800e+01   9.8564000e+00
   9.4096000e+00   9.5685000e+00   9.5756000e+00   9.7171000e+00   1.0672900e+01   9.9364000e+00
   9.8878000e+00   1.0018300e+01   9.9547000e+00   1.0029000e+01   1.0558400e+01   1.0038300e+01
   1.0060300e+01   1.0369600e+01   1.0240100e+01   1.0367700e+01   1.0436600e+01   1.0429200e+01
   9.5099000e+00   9.9551000e+00   9.9454000e+00   1.0172000e+01   1.0230000e+01   1.0727200e+01
   9.6444000e+00   9.7588000e+00   9.8669000e+00   1.0119600e+01   1.0099000e+01   1.0718600e+01
   1.2683100e+01   1.2666300e+01   1.2561700e+01   1.2252100e+01   1.1188300e+01   1.0644000e+01
   1.3146600e+01   1.2304500e+01   1.2137700e+01   1.1558700e+01   1.1550100e+01   1.0697400e+01
   1.2980200e+01   1.3276500e+01   1.3321500e+01   1.3599300e+01   1.0910200e+01   1.1687000e+01
   1.3735500e+01   1.3677500e+01   1.3285200e+01   1.3177200e+01   1.1105400e+01   1.1735100e+01
   1.3178400e+01   1.3243700e+01   1.3722100e+01   1.4061400e+01   1.2104000e+01   1.0730400e+01
   1.2084500e+01   1.2719000e+01   1.2527800e+01   1.3057800e+01   1.3206500e+01   1.1032400e+01
   1.2840500e+01   1.3952800e+01   1.2565000e+01   1.2206700e+01   1.3512400e+01   1.2870700e+01
   1.1352800e+01   1.1649200e+01   1.1969900e+01   1.2532000e+01   1.3696300e+01   1.3905600e+01
   1.6674400e+01   1.7243200e+01   1.6852000e+01   1.7629700e+01   1.3741800e+01   1.4150200e+01
   1.6333900e+01   1.7072200e+01   1.6855400e+01   1.7280000e+01   1.3420000e+01   1.4639000e+01
   1.5750000e+01   1.6099100e+01   1.6283400e+01   1.6842200e+01   1.3969800e+01   1.4384200e+01
   1.5926700e+01   1.6382300e+01   1.6371700e+01   1.6716900e+01   1.3990800e+01   1.4077700e+01
   1.5814600e+01   1.6505500e+01   1.6255400e+01   1.6559100e+01   1.3864100e+01   1.4274200e+01
   1.6217000e+01   1.6920000e+01   1.6726600e+01   1.7000200e+01   1.3820300e+01   1.4175400e+01
   1.6180300e+01   1.6904000e+01   1.6687900e+01   1.6992800e+01   1.3563600e+01   1.3871600e+01
   1.6529100e+01   1.7459300e+01   1.7135900e+01   1.7349900e+01   1.3013500e+01   1.3175300e+01
   1.6726400e+01   1.7758500e+01   1.7464800e+01   1.7754800e+01   1.2454500e+01   1.2081200e+01
   1.7181600e+01   1.8373600e+01   1.8066200e+01   1.8356500e+01   1.2111000e+01   1.2209000e+01
   1.6819100e+01   1.8097700e+01   1.7900900e+01   1.8188100e+01   1.1849500e+01   1.2531400e+01
   1.6209900e+01   1.7348800e+01   1.7344400e+01   1.7721900e+01   1.1469200e+01   1.2054900e+01
   1.5608600e+01   1.6822300e+01   1.6765700e+01   1.7140700e+01   1.1929000e+01   1.1902600e+01
   1.5593600e+01   1.6564800e+01   1.6554900e+01   1.6839100e+01   1.2043400e+01   1.1951200e+01
   1.5457200e+01   1.6415100e+01   1.6339100e+01   1.6620400e+01   1.2161800e+01   1.1754500e+01
   1.5632500e+01   1.6398300e+01   1.6396600e+01   1.6638000e+01   1.2039600e+01   1.1556900e+01
   1.5777900e+01   1.6439100e+01   1.6440200e+01   1.6682900e+01   1.2009600e+01   1.1444200e+01
   1.5469600e+01   1.6145000e+01   1.6183500e+01   1.6436100e+01   1.1917400e+01   1.1202900e+01
   1.5209800e+01   1.5829600e+01   1.5741200e+01   1.5843900e+01   1.1833400e+01   1.0865200e+01
   1.5173900e+01   1.5662700e+01   1.5516700e+01   1.5509600e+01   1.1540900e+01   1.0422400e+01
   1.4918700e+01   1.5411100e+01   1.5365000e+01   1.5486900e+01   1.1141000e+01   9.9093000e+00
   1.4445100e+01   1.4979900e+01   1.4936800e+01   1.5097100e+01   1.0517400e+01   9.4851000e+00
   1.3921700e+01   1.4382700e+01   1.4348100e+01   1.4479300e+01   9.9576000e+00   8.4105000e+00
   1.3657100e+01   1.3979500e+01   1.3934900e+01   1.4050200e+01   9.3477000e+00   7.9451000e+00
   1.3247600e+01   1.3536600e+01   1.3442100e+01   1.3541600e+01   8.7243000e+00   7.1753000e+00
   1.2976300e+01   1.3216800e+01   1.3087800e+01   1.3225100e+01   8.2311000e+00   6.7296000e+00
   1.2868200e+01   1.3070100e+01   1.2955400e+01   1.3112100e+01   7.9498000e+00   6.6035000e+00
   1.2697900e+01   1.2794300e+01   1.2730300e+01   1.2885400e+01   7.8520000e+00   6.4890000e+00
   1.2443300e+01   1.2539500e+01   1.2444500e+01   1.2585200e+01   7.7613000e+00   6.4689000e+00
   1.2201600e+01   1.2184900e+01   1.2171000e+01   1.2300500e+01   7.7849000e+00   6.5049000e+00
   1.1736800e+01   1.1711500e+01   1.1723400e+01   1.1829500e+01   7.8765000e+00   6.5574000e+00
   1.1324100e+01   1.1274600e+01   1.1303500e+01   1.1386000e+01   7.9016000e+00   6.6703000e+00
   1.0801400e+01   1.0806200e+01   1.0846200e+01   1.0929200e+01   7.7412000e+00   6.9876000e+00
   1.0377600e+01   1.0465500e+01   1.0525400e+01   1.0629400e+01   7.5584000e+00   7.2810000e+00
   1.0176000e+01   1.0393800e+01   1.0345400e+01   1.0414400e+01   7.3484000e+00   7.3169000e+00
   1.0265400e+01   1.0661400e+01   1.0538800e+01   1.0579500e+01   6.9727000e+00   7.1597000e+00
   1.0307400e+01   1.0828200e+01   1.0670200e+01   1.0729900e+01   6.4767000e+00   7.0172000e+00
   1.0423300e+01   1.1065900e+01   1.0836600e+01   1.0901800e+01   6.1061000e+00   6.8105000e+00
   1.0435600e+01   1.1182200e+01   1.1000100e+01   1.1142000e+01   6.3144000e+00   6.7610000e+00
   1.0123100e+01   1.0915700e+01   1.0859600e+01   1.1101300e+01   6.6232000e+00   7.0160000e+00
   9.7209000e+00   1.0585800e+01   1.0575000e+01   1.0886200e+01   6.7118000e+00   7.2646000e+00
   9.2327000e+00   1.0235400e+01   1.0192400e+01   1.0518300e+01   6.7263000e+00   7.4640000e+00
   8.8915000e+00   1.0076100e+01   1.0018300e+01   1.0362500e+01   6.9269000e+00   7.5415000e+00
   8.5695000e+00   9.9173000e+00   9.8320000e+00   1.0231300e+01   7.2564000e+00   7.4905000e+00
   8.6881000e+00   1.0169700e+01   1.0023300e+01   1.0463400e+01   7.5858000e+00   7.3635000e+00
   8.2963000e+00   1.0124700e+01   9.9700000e+00   1.0515700e+01   7.8911000e+00   7.3345000e+00
   7.4145000e+00   1.0073300e+01   9.6467000e+00   1.0232400e+01   8.0060000e+00   7.5512000e+00
   6.5857000e+00   1.0127600e+01   9.3993000e+00   1.0341700e+01   8.1510000e+00   7.9106000e+00
   6.2978000e+00   1.0139300e+01   9.0320000e+00   1.0332200e+01   8.1477000e+00   8.1669000e+00
   6.0928000e+00   1.0220100e+01   8.9266000e+00   1.0257700e+01   8.0747000e+00   8.3042000e+00
   5.9883000e+00   1.0303800e+01   8.9086000e+00   1.0122600e+01   8.0226000e+00   8.3131000e+00
   6.1929000e+00   1.0323200e+01   8.8967000e+00   1.0327800e+01   8.0876000e+00   8.3012000e+00
   6.4846000e+00   1.0263400e+01   8.8671000e+00   1.0451900e+01   8.2289000e+00   8.2477000e+00
   6.7645000e+00   1.0230200e+01   8.8847000e+00   1.0443900e+01   8.3932000e+00   8.2529000e+00
   7.1424000e+00   1.0367700e+01   9.0504000e+00   1.0542000e+01   8.4580000e+00   8.3182000e+00
   7.5690000e+00   1.0427000e+01   9.3255000e+00   1.0720400e+01   8.4707000e+00   8.3370000e+00
   7.7498000e+00   1.0121200e+01   9.3780000e+00   1.0731000e+01   8.3944000e+00   8.2664000e+00
   7.6757000e+00   9.6099000e+00   9.0479000e+00   1.0499000e+01   8.2371000e+00   8.0671000e+00
   7.3920000e+00   9.2942000e+00   8.7201000e+00   1.0273500e+01   7.8881000e+00   7.6312000e+00
   6.9794000e+00   9.0759000e+00   8.4578000e+00   9.9649000e+00   7.2924000e+00   6.9205000e+00
   6.6584000e+00   9.1770000e+00   8.4993000e+00   9.6540000e+00   7.2711000e+00   6.9751000e+00
   6.4092000e+00   9.1571000e+00   8.6643000e+00   9.4011000e+00   6.8989000e+00   6.3614000e+00
   6.5312000e+00   9.0690000e+00   8.7277000e+00   9.2246000e+00   6.0825000e+00   5.4829000e+00
   7.5071000e+00   9.0727000e+00   8.8525000e+00   9.1713000e+00   5.3532000e+00   4.9790000e+00
   8.4309000e+00   9.0690000e+00   8.9127000e+00   9.1244000e+00   4.8586000e+00   4.8298000e+00
   8.5252000e+00   9.1463000e+00   8.9756000e+00   9.1468000e+00   4.8804000e+00   5.3093000e+00
   8.8173000e+00   9.2742000e+00   9.1160000e+00   9.2247000e+00   5.3006000e+00   5.5064000e+00
   9.0581000e+00   9.4390000e+00   9.2937000e+00   9.3987000e+00   5.3382000e+00   5.3612000e+00
   9.1919000e+00   9.4786000e+00   9.3904000e+00   9.4917000e+00   5.4820000e+00   5.5068000e+00
   9.2101000e+00   9.4315000e+00   9.3783000e+00   9.4826000e+00   5.9658000e+00   5.8425000e+00
   9.2399000e+00   9.4369000e+00   9.3540000e+00   9.4397000e+00   6.3411000e+00   5.8991000e+00
   9.3404000e+00   9.4890000e+00   9.3874000e+00   9.4472000e+00   6.6196000e+00   6.1112000e+00
   9.4138000e+00   9.4646000e+00   9.4166000e+00   9.4568000e+00   6.9938000e+00   6.3665000e+00
   9.3613000e+00   9.3087000e+00   9.3255000e+00   9.3528000e+00   7.2379000e+00   6.5689000e+00
   9.2910000e+00   9.1515000e+00   9.1709000e+00   9.1623000e+00   7.3291000e+00   6.7846000e+00
   9.2869000e+00   9.0528000e+00   9.0387000e+00   8.9733000e+00   7.3199000e+00   6.9595000e+00
   9.2928000e+00   9.0138000e+00   8.9739000e+00   8.8565000e+00   7.2653000e+00   7.0558000e+00
   9.2491000e+00   8.8889000e+00   8.8914000e+00   8.7101000e+00   7.1488000e+00   7.0792000e+00
   9.1758000e+00   8.6604000e+00   8.6746000e+00   8.4318000e+00   7.0450000e+00   7.0585000e+00
   9.1734000e+00   8.6833000e+00   8.5888000e+00   8.2043000e+00   6.9899000e+00   7.0685000e+00
   9.1561000e+00   8.6912000e+00   8.6386000e+00   8.2582000e+00   7.0056000e+00   7.0174000e+00
   9.0828000e+00   8.6425000e+00   8.6274000e+00   8.2541000e+00   7.0249000e+00   6.9127000e+00
   8.9863000e+00   8.5623000e+00   8.5671000e+00   8.2133000e+00   7.0419000e+00   6.7656000e+00
   8.8479000e+00   8.4270000e+00   8.4601000e+00   8.1210000e+00   7.0395000e+00   6.6041000e+00
   8.6863000e+00   8.2576000e+00   8.3143000e+00   7.9701000e+00   6.9851000e+00   6.4715000e+00
   8.4850000e+00   7.9888000e+00   8.0806000e+00   7.7120000e+00   6.8891000e+00   6.3437000e+00
   8.3527000e+00   7.7157000e+00   7.7957000e+00   7.4136000e+00   6.7550000e+00   6.2190000e+00
   8.5462000e+00   7.4730000e+00   7.5456000e+00   7.1563000e+00   6.5764000e+00   6.1295000e+00
   8.5161000e+00   7.2065000e+00   7.2893000e+00   6.9872000e+00   6.3625000e+00   6.0338000e+00
   8.2399000e+00   6.9418000e+00   7.0239000e+00   6.8155000e+00   6.1266000e+00   5.8929000e+00
   7.8793000e+00   6.6348000e+00   6.7439000e+00   6.5869000e+00   5.9336000e+00   5.7655000e+00
   7.5930000e+00   6.3131000e+00   6.4376000e+00   6.3220000e+00   5.8013000e+00   5.8160000e+00
   7.2686000e+00   6.0266000e+00   6.1392000e+00   6.0614000e+00   5.6421000e+00   5.8766000e+00
   6.8471000e+00   5.7337000e+00   5.8481000e+00   5.8049000e+00   5.4887000e+00   5.6480000e+00
   6.4083000e+00   5.4226000e+00   5.5391000e+00   5.5304000e+00   5.3306000e+00   5.3501000e+00
   5.9848000e+00   5.1396000e+00   5.2428000e+00   5.2609000e+00   5.1558000e+00   5.2311000e+00
   5.5939000e+00   4.8616000e+00   4.9630000e+00   5.0003000e+00   5.0417000e+00   5.1501000e+00
   5.2266000e+00   4.5840000e+00   4.6844000e+00   4.7420000e+00   4.9469000e+00   4.6958000e+00
   4.8523000e+00   4.3377000e+00   4.4168000e+00   4.4936000e+00   4.8067000e+00   4.3589000e+00
   4.5162000e+00   4.1297000e+00   4.1776000e+00   4.2687000e+00   4.7054000e+00   4.3459000e+00
   4.2250000e+00   3.9406000e+00   3.9676000e+00   4.0650000e+00   4.6359000e+00   4.2111000e+00
   3.9595000e+00   3.7498000e+00   3.7563000e+00   3.8512000e+00   4.3951000e+00   4.0447000e+00
   3.7348000e+00   3.5561000e+00   3.5431000e+00   3.6411000e+00   4.0720000e+00   3.8199000e+00
   3.5437000e+00   3.3966000e+00   3.3662000e+00   3.4728000e+00   3.9172000e+00   3.4065000e+00
   3.3147000e+00   3.2142000e+00   3.1871000e+00   3.2933000e+00   3.8194000e+00   3.0253000e+00
   3.0865000e+00   3.0458000e+00   3.0341000e+00   3.1355000e+00   3.4640000e+00   2.7231000e+00
   2.9179000e+00   2.9580000e+00   2.9457000e+00   3.0490000e+00   3.1901000e+00   2.5888000e+00
   2.8387000e+00   2.9364000e+00   2.9204000e+00   3.0248000e+00   2.9827000e+00   2.4615000e+00
   2.8351000e+00   2.9109000e+00   2.9236000e+00   3.0009000e+00   2.8049000e+00   2.2579000e+00
   2.8110000e+00   2.8370000e+00   2.8693000e+00   2.9078000e+00   2.6391000e+00   2.0277000e+00
   2.7497000e+00   2.8208000e+00   2.8028000e+00   2.8430000e+00   2.4635000e+00   1.8530000e+00
   2.7101000e+00   2.8154000e+00   2.7757000e+00   2.8149000e+00   2.3022000e+00   1.7754000e+00
   2.7005000e+00   2.7423000e+00   2.7288000e+00   2.7403000e+00   2.1969000e+00   2.8923000e+00
   2.6623000e+00   2.6551000e+00   2.6507000e+00   2.6560000e+00   2.1520000e+00   5.4461000e+00
   2.6175000e+00   2.5948000e+00   2.5886000e+00   2.5938000e+00   2.5390000e+00   6.4932000e+00
   2.5706000e+00   2.5345000e+00   2.5374000e+00   2.5320000e+00   6.6464000e+00   6.6612000e+00
   2.5077000e+00   2.4432000e+00   2.4538000e+00   2.4286000e+00   8.4029000e+00   7.2256000e+00
   2.4593000e+00   2.3727000e+00   2.3855000e+00   2.3453000e+00   7.8309000e+00   7.3703000e+00
   2.4250000e+00   2.3204000e+00   2.3342000e+00   2.2786000e+00   8.1163000e+00   7.4427000e+00
   2.3876000e+00   2.2754000e+00   2.2886000e+00   2.2238000e+00   8.1171000e+00   7.4181000e+00
   2.3315000e+00   2.2195000e+00   2.2353000e+00   2.1693000e+00   8.0043000e+00   7.4313000e+00
   2.2663000e+00   2.1539000e+00   2.1671000e+00   2.0981000e+00   8.0210000e+00   7.4399000e+00
   2.2032000e+00   2.0849000e+00   2.0953000e+00   2.0194000e+00   8.0409000e+00   7.4795000e+00
   2.1428000e+00   2.0252000e+00   2.0273000e+00   1.9441000e+00   7.9328000e+00   7.4410000e+00
   2.0615000e+00   1.9438000e+00   1.9355000e+00   1.8413000e+00   7.8458000e+00   7.3591000e+00
   1.9826000e+00   1.8637000e+00   1.8486000e+00   1.7483000e+00   7.7201000e+00   7.3003000e+00
   1.8909000e+00   1.7752000e+00   1.7588000e+00   1.6611000e+00   7.5616000e+00   7.2848000e+00
   1.7998000e+00   1.6906000e+00   1.6685000e+00   1.5720000e+00   7.4998000e+00   7.3667000e+00
   1.6667000e+00   1.5641000e+00   1.5394000e+00   1.4464000e+00   7.5038000e+00   7.2634000e+00
   1.5496000e+00   1.4531000e+00   1.4281000e+00   1.3448000e+00   7.5676000e+00   7.0209000e+00
