  -1.1028700e+01  -1.1023400e+01  -1.0979200e+01  -1.0953300e+01  -1.1181900e+01  -1.1027900e+01
  -1.1116400e+01  -1.1109100e+01  -1.1088700e+01  -1.1066000e+01  -1.1349900e+01  -1.1217700e+01
  -1.1194300e+01  -1.1270000e+01  -1.1214900e+01  -1.1194100e+01  -1.1564400e+01  -1.1437400e+01
  -1.1335900e+01  -1.1416300e+01  -1.1367700e+01  -1.1353800e+01  -1.1804800e+01  -1.1677500e+01
  -1.1468400e+01  -1.1548700e+01  -1.1503300e+01  -1.1490800e+01  -1.2050900e+01  -1.1924300e+01
  -1.1614800e+01  -1.1703900e+01  -1.1652000e+01  -1.1642200e+01  -1.2296800e+01  -1.2159600e+01
  -1.1782700e+01  -1.1874100e+01  -1.1819100e+01  -1.1810000e+01  -1.2539600e+01  -1.2390600e+01
  -1.1936600e+01  -1.2020500e+01  -1.1969400e+01  -1.1959600e+01  -1.2767000e+01  -1.2599600e+01
  -1.2071900e+01  -1.2151600e+01  -1.2100300e+01  -1.2087200e+01  -1.2986300e+01  -1.2789900e+01
  -1.2189500e+01  -1.2265500e+01  -1.2216300e+01  -1.2202100e+01  -1.3202400e+01  -1.2994800e+01
  -1.2304600e+01  -1.2384800e+01  -1.2332400e+01  -1.2319000e+01  -1.3401500e+01  -1.3188500e+01
  -1.2419300e+01  -1.2496700e+01  -1.2445200e+01  -1.2430400e+01  -1.3581200e+01  -1.3365900e+01
  -1.2518200e+01  -1.2591900e+01  -1.2543000e+01  -1.2527400e+01  -1.3737200e+01  -1.3520700e+01
  -1.2610900e+01  -1.2685500e+01  -1.2636000e+01  -1.2620000e+01  -1.3868400e+01  -1.3654500e+01
  -1.2696200e+01  -1.2767000e+01  -1.2717400e+01  -1.2701400e+01  -1.3972600e+01  -1.3767100e+01
  -1.2769300e+01  -1.2833500e+01  -1.2785300e+01  -1.2771800e+01  -1.4032000e+01  -1.3837000e+01
  -1.2831200e+01  -1.2892300e+01  -1.2845400e+01  -1.2837800e+01  -1.4006100e+01  -1.3821800e+01
  -1.2884700e+01  -1.2935600e+01  -1.2891100e+01  -1.2885800e+01  -1.3916800e+01  -1.3744700e+01
  -1.2923200e+01  -1.2961000e+01  -1.2919500e+01  -1.2920400e+01  -1.3814600e+01  -1.3644200e+01
  -1.2944300e+01  -1.2974200e+01  -1.2936100e+01  -1.2940200e+01  -1.3701300e+01  -1.3513200e+01
  -1.2955500e+01  -1.2979900e+01  -1.2943900e+01  -1.2952600e+01  -1.3503800e+01  -1.3313800e+01
  -1.2966000e+01  -1.2983900e+01  -1.2948100e+01  -1.2960100e+01  -1.3254100e+01  -1.3064400e+01
  -1.2966400e+01  -1.2977300e+01  -1.2945100e+01  -1.2963200e+01  -1.2972600e+01  -1.2797400e+01
  -1.2961700e+01  -1.2968500e+01  -1.2939900e+01  -1.2964600e+01  -1.2661100e+01  -1.2484700e+01
  -1.2957000e+01  -1.2959200e+01  -1.2931600e+01  -1.2961200e+01  -1.2313000e+01  -1.2130700e+01
  -1.2949600e+01  -1.2947200e+01  -1.2920700e+01  -1.2957100e+01  -1.1949300e+01  -1.1791600e+01
  -1.2950300e+01  -1.2949100e+01  -1.2922100e+01  -1.2966900e+01  -1.1592800e+01  -1.1407300e+01
  -1.2967500e+01  -1.2963300e+01  -1.2935200e+01  -1.2982800e+01  -1.1249700e+01  -1.1026800e+01
  -1.2987900e+01  -1.2982500e+01  -1.2951900e+01  -1.3002200e+01  -1.0908400e+01  -1.0673000e+01
  -1.3010500e+01  -1.3001800e+01  -1.2970200e+01  -1.3023300e+01  -1.0529100e+01  -1.0306200e+01
  -1.3032300e+01  -1.3020800e+01  -1.2988000e+01  -1.3045800e+01  -1.0168300e+01  -9.9374000e+00
  -1.3059400e+01  -1.3047500e+01  -1.3011000e+01  -1.3073200e+01  -9.8358000e+00  -9.6041000e+00
  -1.3098000e+01  -1.3085300e+01  -1.3045200e+01  -1.3110600e+01  -9.5474000e+00  -9.3141000e+00
  -1.3144200e+01  -1.3131200e+01  -1.3087100e+01  -1.3154500e+01  -9.2784000e+00  -9.0359000e+00
  -1.3201000e+01  -1.3189400e+01  -1.3140400e+01  -1.3209700e+01  -9.0209000e+00  -8.7753000e+00
  -1.3264900e+01  -1.3254900e+01  -1.3200900e+01  -1.3270800e+01  -8.7703000e+00  -8.5307000e+00
  -1.3336200e+01  -1.3331300e+01  -1.3269100e+01  -1.3339700e+01  -8.5311000e+00  -8.2923000e+00
  -1.3417500e+01  -1.3415300e+01  -1.3344500e+01  -1.3414000e+01  -8.3290000e+00  -8.0701000e+00
  -1.3504400e+01  -1.3505800e+01  -1.3427900e+01  -1.3498800e+01  -8.1647000e+00  -7.8776000e+00
  -1.3592100e+01  -1.3592700e+01  -1.3512700e+01  -1.3584500e+01  -8.0284000e+00  -7.7119000e+00
  -1.3670100e+01  -1.3666400e+01  -1.3588000e+01  -1.3660700e+01  -7.9157000e+00  -7.5708000e+00
  -1.3730100e+01  -1.3720000e+01  -1.3650300e+01  -1.3724800e+01  -7.8222000e+00  -7.4527000e+00
  -1.3764200e+01  -1.3747100e+01  -1.3690000e+01  -1.3765600e+01  -7.7394000e+00  -7.3564000e+00
  -1.3774700e+01  -1.3751300e+01  -1.3707600e+01  -1.3784100e+01  -7.6595000e+00  -7.2846000e+00
  -1.3767500e+01  -1.3739800e+01  -1.3707300e+01  -1.3783900e+01  -7.5942000e+00  -7.2308000e+00
  -1.3750700e+01  -1.3726500e+01  -1.3696700e+01  -1.3772200e+01  -7.5385000e+00  -7.1879000e+00
  -1.3736800e+01  -1.3721600e+01  -1.3687300e+01  -1.3760700e+01  -7.4981000e+00  -7.1559000e+00
  -1.3734300e+01  -1.3725800e+01  -1.3688000e+01  -1.3760200e+01  -7.4763000e+00  -7.1391000e+00
  -1.3735600e+01  -1.3730500e+01  -1.3692100e+01  -1.3762900e+01  -7.4712000e+00  -7.1416000e+00
  -1.3735200e+01  -1.3734500e+01  -1.3694200e+01  -1.3762600e+01  -7.4760000e+00  -7.1501000e+00
  -1.3734800e+01  -1.3737500e+01  -1.3695400e+01  -1.3761300e+01  -7.4886000e+00  -7.1687000e+00
  -1.3733300e+01  -1.3736200e+01  -1.3696300e+01  -1.3760100e+01  -7.5126000e+00  -7.2003000e+00
  -1.3729700e+01  -1.3734700e+01  -1.3696300e+01  -1.3757800e+01  -7.5530000e+00  -7.2521000e+00
  -1.3725800e+01  -1.3735500e+01  -1.3696100e+01  -1.3754300e+01  -7.6207000e+00  -7.3387000e+00
  -1.3723200e+01  -1.3737100e+01  -1.3696700e+01  -1.3751500e+01  -7.7234000e+00  -7.4525000e+00
  -1.3721100e+01  -1.3741100e+01  -1.3698900e+01  -1.3751100e+01  -7.8396000e+00  -7.5861000e+00
  -1.3720300e+01  -1.3744500e+01  -1.3701900e+01  -1.3750800e+01  -7.9775000e+00  -7.7365000e+00
  -1.3716800e+01  -1.3743800e+01  -1.3702400e+01  -1.3747600e+01  -8.1246000e+00  -7.9103000e+00
  -1.3709800e+01  -1.3739200e+01  -1.3700400e+01  -1.3741500e+01  -8.2714000e+00  -8.0968000e+00
  -1.3699900e+01  -1.3733500e+01  -1.3697300e+01  -1.3733600e+01  -8.3998000e+00  -8.2932000e+00
  -1.3691000e+01  -1.3728300e+01  -1.3693900e+01  -1.3725800e+01  -8.5236000e+00  -8.5155000e+00
  -1.3684000e+01  -1.3725500e+01  -1.3692000e+01  -1.3721200e+01  -8.6816000e+00  -8.7645000e+00
  -1.3679100e+01  -1.3727200e+01  -1.3694300e+01  -1.3720600e+01  -8.9019000e+00  -9.0542000e+00
  -1.3677400e+01  -1.3729900e+01  -1.3698000e+01  -1.3721000e+01  -9.1916000e+00  -9.3646000e+00
  -1.3675500e+01  -1.3730500e+01  -1.3700500e+01  -1.3719700e+01  -9.5093000e+00  -9.6780000e+00
  -1.3667800e+01  -1.3724500e+01  -1.3697400e+01  -1.3710600e+01  -9.8030000e+00  -9.9969000e+00
  -1.3652900e+01  -1.3707400e+01  -1.3685200e+01  -1.3693800e+01  -1.0089900e+01  -1.0343900e+01
  -1.3630200e+01  -1.3681500e+01  -1.3664300e+01  -1.3669700e+01  -1.0376300e+01  -1.0685800e+01
  -1.3601000e+01  -1.3650700e+01  -1.3637100e+01  -1.3640200e+01  -1.0667600e+01  -1.0999500e+01
  -1.3567200e+01  -1.3613500e+01  -1.3604600e+01  -1.3605200e+01  -1.0954600e+01  -1.1287700e+01
  -1.3528400e+01  -1.3570300e+01  -1.3565900e+01  -1.3564400e+01  -1.1269100e+01  -1.1563900e+01
  -1.3486400e+01  -1.3523000e+01  -1.3523900e+01  -1.3520300e+01  -1.1590600e+01  -1.1818200e+01
  -1.3445700e+01  -1.3477600e+01  -1.3481800e+01  -1.3475700e+01  -1.1876400e+01  -1.2050700e+01
  -1.3404300e+01  -1.3435300e+01  -1.3438700e+01  -1.3430900e+01  -1.2120800e+01  -1.2267900e+01
  -1.3360400e+01  -1.3392100e+01  -1.3394900e+01  -1.3385400e+01  -1.2354900e+01  -1.2481100e+01
  -1.3315000e+01  -1.3347800e+01  -1.3350900e+01  -1.3341100e+01  -1.2595600e+01  -1.2708900e+01
  -1.3271000e+01  -1.3306400e+01  -1.3309600e+01  -1.3299200e+01  -1.2832200e+01  -1.2936000e+01
  -1.3230100e+01  -1.3268900e+01  -1.3270600e+01  -1.3261600e+01  -1.3036600e+01  -1.3135600e+01
  -1.3195200e+01  -1.3243700e+01  -1.3243100e+01  -1.3237500e+01  -1.3213300e+01  -1.3299400e+01
  -1.3173700e+01  -1.3227200e+01  -1.3224900e+01  -1.3220600e+01  -1.3374200e+01  -1.3423400e+01
  -1.3156100e+01  -1.3210400e+01  -1.3207500e+01  -1.3202400e+01  -1.3512900e+01  -1.3530200e+01
  -1.3136400e+01  -1.3189900e+01  -1.3187100e+01  -1.3180700e+01  -1.3630000e+01  -1.3629100e+01
  -1.3113000e+01  -1.3165400e+01  -1.3163500e+01  -1.3156300e+01  -1.3727900e+01  -1.3725000e+01
  -1.3084500e+01  -1.3138000e+01  -1.3138800e+01  -1.3133500e+01  -1.3811300e+01  -1.3814000e+01
  -1.3057000e+01  -1.3111200e+01  -1.3120400e+01  -1.3118000e+01  -1.3879400e+01  -1.3887500e+01
  -1.3040600e+01  -1.3093900e+01  -1.3111400e+01  -1.3113400e+01  -1.3963800e+01  -1.3942200e+01
  -1.3037200e+01  -1.3090200e+01  -1.3114500e+01  -1.3120300e+01  -1.4056800e+01  -1.3993600e+01
  -1.3042700e+01  -1.3103300e+01  -1.3115300e+01  -1.3118000e+01  -1.4116800e+01  -1.4048700e+01
  -1.3036400e+01  -1.3099900e+01  -1.3108200e+01  -1.3110500e+01  -1.4161800e+01  -1.4100500e+01
  -1.3029100e+01  -1.3089600e+01  -1.3099000e+01  -1.3101200e+01  -1.4206500e+01  -1.4150300e+01
  -1.3022600e+01  -1.3084200e+01  -1.3092700e+01  -1.3093400e+01  -1.4237000e+01  -1.4198500e+01
  -1.3017400e+01  -1.3077300e+01  -1.3082500e+01  -1.3082200e+01  -1.4272500e+01  -1.4235300e+01
  -1.3006900e+01  -1.3066800e+01  -1.3067200e+01  -1.3065600e+01  -1.4317800e+01  -1.4260800e+01
  -1.2988500e+01  -1.3047200e+01  -1.3045700e+01  -1.3044700e+01  -1.4356600e+01  -1.4282100e+01
  -1.2964500e+01  -1.3024400e+01  -1.3021800e+01  -1.3019600e+01  -1.4364700e+01  -1.4286900e+01
  -1.2936100e+01  -1.2996500e+01  -1.2992000e+01  -1.2988700e+01  -1.4370800e+01  -1.4247500e+01
  -1.2904600e+01  -1.2963000e+01  -1.2960100e+01  -1.2955900e+01  -1.4382500e+01  -1.4204400e+01
  -1.2873100e+01  -1.2927200e+01  -1.2928800e+01  -1.2924300e+01  -1.4346800e+01  -1.4160300e+01
  -1.2846600e+01  -1.2893600e+01  -1.2902300e+01  -1.2898100e+01  -1.4302800e+01  -1.4102800e+01
  -1.2828400e+01  -1.2868900e+01  -1.2882200e+01  -1.2878700e+01  -1.4232000e+01  -1.4050300e+01
  -1.2812100e+01  -1.2852700e+01  -1.2862100e+01  -1.2857100e+01  -1.4150900e+01  -1.4004300e+01
  -1.2790800e+01  -1.2834400e+01  -1.2837300e+01  -1.2830200e+01  -1.4080300e+01  -1.3960000e+01
  -1.2768300e+01  -1.2813600e+01  -1.2810800e+01  -1.2801700e+01  -1.4043300e+01  -1.3921700e+01
  -1.2741800e+01  -1.2790300e+01  -1.2781800e+01  -1.2771000e+01  -1.4027300e+01  -1.3883700e+01
  -1.2712800e+01  -1.2764700e+01  -1.2753000e+01  -1.2741900e+01  -1.4007400e+01  -1.3841500e+01
  -1.2685200e+01  -1.2739100e+01  -1.2725500e+01  -1.2713500e+01  -1.3965600e+01  -1.3791400e+01
  -1.2656500e+01  -1.2711100e+01  -1.2694400e+01  -1.2681800e+01  -1.3909800e+01  -1.3747800e+01
  -1.2620200e+01  -1.2679100e+01  -1.2662900e+01  -1.2652400e+01  -1.3864200e+01  -1.3723200e+01
  -1.2594100e+01  -1.2650600e+01  -1.2628100e+01  -1.2610800e+01  -1.3829600e+01  -1.3708400e+01
  -1.2525700e+01  -1.2598300e+01  -1.2571200e+01  -1.2573400e+01  -1.3806400e+01  -1.3685600e+01
  -1.2472300e+01  -1.2571800e+01  -1.2532700e+01  -1.2519600e+01  -1.3789600e+01  -1.3655200e+01
  -1.2406700e+01  -1.2514300e+01  -1.2461000e+01  -1.2462900e+01  -1.3782100e+01  -1.3643000e+01
  -1.2356700e+01  -1.2454800e+01  -1.2416400e+01  -1.2408300e+01  -1.3744800e+01  -1.3595600e+01
  -1.2331400e+01  -1.2381900e+01  -1.2374100e+01  -1.2372200e+01  -1.3576700e+01  -1.3403300e+01
  -1.2319300e+01  -1.2332400e+01  -1.2346100e+01  -1.2353800e+01  -1.3447800e+01  -1.3290300e+01
  -1.2306900e+01  -1.2305300e+01  -1.2318900e+01  -1.2332600e+01  -1.3245200e+01  -1.3115500e+01
  -1.2297600e+01  -1.2272600e+01  -1.2283600e+01  -1.2307400e+01  -1.2998200e+01  -1.2895000e+01
  -1.2289200e+01  -1.2240100e+01  -1.2256600e+01  -1.2292500e+01  -1.2727500e+01  -1.2620400e+01
  -1.2280400e+01  -1.2220900e+01  -1.2231600e+01  -1.2282400e+01  -1.2452200e+01  -1.2311900e+01
  -1.2264600e+01  -1.2204400e+01  -1.2195100e+01  -1.2260300e+01  -1.2111900e+01  -1.1875500e+01
  -1.2220600e+01  -1.2176200e+01  -1.2123000e+01  -1.2209300e+01  -1.1597600e+01  -1.1356300e+01
  -1.2117300e+01  -1.2120200e+01  -1.2019000e+01  -1.2144000e+01  -1.1013100e+01  -1.0756000e+01
  -1.1986400e+01  -1.2051200e+01  -1.1909600e+01  -1.2069000e+01  -1.0430100e+01  -1.0165600e+01
  -1.1858900e+01  -1.1973400e+01  -1.1781800e+01  -1.1967300e+01  -9.8739000e+00  -9.6421000e+00
  -1.1668400e+01  -1.1868600e+01  -1.1623600e+01  -1.1847400e+01  -9.3172000e+00  -9.1159000e+00
  -1.1402600e+01  -1.1740000e+01  -1.1436700e+01  -1.1699600e+01  -8.7170000e+00  -8.5338000e+00
  -1.1146500e+01  -1.1607900e+01  -1.1250800e+01  -1.1552100e+01  -8.1668000e+00  -8.0049000e+00
  -1.0944800e+01  -1.1499200e+01  -1.1102900e+01  -1.1432900e+01  -7.6785000e+00  -7.5439000e+00
  -1.0782100e+01  -1.1391300e+01  -1.0967300e+01  -1.1295700e+01  -7.2232000e+00  -7.1221000e+00
  -1.0617400e+01  -1.1248000e+01  -1.0824500e+01  -1.1145000e+01  -6.7870000e+00  -6.7220000e+00
  -1.0494000e+01  -1.1106200e+01  -1.0715400e+01  -1.1019500e+01  -6.3373000e+00  -6.2929000e+00
  -1.0350000e+01  -1.0976000e+01  -1.0572500e+01  -1.0879600e+01  -5.8958000e+00  -5.8814000e+00
  -1.0185300e+01  -1.0856100e+01  -1.0445500e+01  -1.0752500e+01  -5.5145000e+00  -5.5337000e+00
  -1.0109700e+01  -1.0762500e+01  -1.0352100e+01  -1.0669400e+01  -5.1877000e+00  -5.2388000e+00
  -1.0024900e+01  -1.0696800e+01  -1.0288100e+01  -1.0608700e+01  -4.9056000e+00  -4.9752000e+00
  -9.9290000e+00  -1.0593200e+01  -1.0187400e+01  -1.0502500e+01  -4.6565000e+00  -4.7289000e+00
  -9.8324000e+00  -1.0461000e+01  -1.0072300e+01  -1.0404000e+01  -4.4252000e+00  -4.4977000e+00
  -9.6840000e+00  -1.0331500e+01  -9.9523000e+00  -1.0300500e+01  -4.2049000e+00  -4.2844000e+00
  -9.6133000e+00  -1.0198600e+01  -9.8366000e+00  -1.0087200e+01  -3.9995000e+00  -4.0764000e+00
  -9.6373000e+00  -1.0127900e+01  -9.7653000e+00  -9.9994000e+00  -3.8099000e+00  -3.8638000e+00
  -9.4559000e+00  -9.9460000e+00  -9.5454000e+00  -9.8418000e+00  -3.6204000e+00  -3.6506000e+00
  -9.2829000e+00  -9.8555000e+00  -9.5163000e+00  -9.8959000e+00  -3.4229000e+00  -3.4448000e+00
  -9.0688000e+00  -9.7130000e+00  -9.3482000e+00  -9.7268000e+00  -3.2312000e+00  -3.2599000e+00
  -8.8749000e+00  -9.5721000e+00  -9.2000000e+00  -9.5886000e+00  -3.0575000e+00  -3.0936000e+00
  -8.6870000e+00  -9.5518000e+00  -9.0594000e+00  -9.4496000e+00  -2.9076000e+00  -2.9397000e+00
  -8.3941000e+00  -9.4128000e+00  -8.8651000e+00  -9.2929000e+00  -2.7764000e+00  -2.8108000e+00
  -8.1060000e+00  -9.3075000e+00  -8.6669000e+00  -9.1202000e+00  -2.6595000e+00  -2.7118000e+00
  -7.8942000e+00  -9.2111000e+00  -8.5110000e+00  -8.9967000e+00  -2.5661000e+00  -2.6399000e+00
  -7.7543000e+00  -9.1236000e+00  -8.4179000e+00  -8.9254000e+00  -2.4998000e+00  -2.5977000e+00
  -7.7004000e+00  -9.1046000e+00  -8.4012000e+00  -8.9099000e+00  -2.4564000e+00  -2.5843000e+00
  -7.6845000e+00  -9.1070000e+00  -8.4161000e+00  -8.9250000e+00  -2.4444000e+00  -2.5887000e+00
  -7.6917000e+00  -9.1094000e+00  -8.4161000e+00  -8.9063000e+00  -2.4663000e+00  -2.6077000e+00
  -7.6970000e+00  -9.0573000e+00  -8.3922000e+00  -8.8564000e+00  -2.5089000e+00  -2.6385000e+00
  -7.7158000e+00  -8.9940000e+00  -8.3782000e+00  -8.8126000e+00  -2.5660000e+00  -2.6874000e+00
  -7.7510000e+00  -8.9480000e+00  -8.3944000e+00  -8.8121000e+00  -2.6393000e+00  -2.7653000e+00
  -7.8300000e+00  -8.9347000e+00  -8.4466000e+00  -8.8402000e+00  -2.7392000e+00  -2.8995000e+00
  -7.9538000e+00  -8.9629000e+00  -8.5392000e+00  -8.9104000e+00  -2.8707000e+00  -3.1139000e+00
  -8.1480000e+00  -9.0190000e+00  -8.6843000e+00  -9.0145000e+00  -3.0434000e+00  -3.3748000e+00
  -8.4163000e+00  -9.1234000e+00  -8.8618000e+00  -9.1351000e+00  -3.2765000e+00  -3.6556000e+00
  -8.6703000e+00  -9.2173000e+00  -9.0365000e+00  -9.2638000e+00  -3.5714000e+00  -3.9479000e+00
  -8.9393000e+00  -9.3625000e+00  -9.2529000e+00  -9.4452000e+00  -3.9714000e+00  -4.3799000e+00
  -9.2360000e+00  -9.5790000e+00  -9.5103000e+00  -9.6804000e+00  -4.3874000e+00  -4.7952000e+00
  -9.5320000e+00  -9.8125000e+00  -9.7759000e+00  -9.9387000e+00  -4.8240000e+00  -5.2116000e+00
  -9.8434000e+00  -1.0102900e+01  -1.0066700e+01  -1.0204200e+01  -5.2400000e+00  -5.6413000e+00
  -1.0122800e+01  -1.0307400e+01  -1.0295600e+01  -1.0400100e+01  -5.6597000e+00  -6.0903000e+00
  -1.0403200e+01  -1.0499200e+01  -1.0517600e+01  -1.0589100e+01  -6.0852000e+00  -6.5331000e+00
  -1.0607500e+01  -1.0645500e+01  -1.0668400e+01  -1.0709800e+01  -6.5113000e+00  -6.9320000e+00
  -1.0715700e+01  -1.0733600e+01  -1.0761500e+01  -1.0798600e+01  -6.9158000e+00  -7.2593000e+00
  -1.0854800e+01  -1.0860500e+01  -1.0883200e+01  -1.0909400e+01  -7.2627000e+00  -7.5610000e+00
  -1.0945700e+01  -1.0943300e+01  -1.0959200e+01  -1.0975100e+01  -7.5695000e+00  -7.8869000e+00
  -1.1000900e+01  -1.0993600e+01  -1.1005800e+01  -1.1012000e+01  -7.8885000e+00  -8.2028000e+00
  -1.1053600e+01  -1.1035600e+01  -1.1047300e+01  -1.1045500e+01  -8.2046000e+00  -8.4596000e+00
  -1.1081000e+01  -1.1061000e+01  -1.1070200e+01  -1.1064300e+01  -8.4542000e+00  -8.6898000e+00
  -1.1085500e+01  -1.1071300e+01  -1.1075700e+01  -1.1068600e+01  -8.6625000e+00  -8.9014000e+00
  -1.1079700e+01  -1.1069400e+01  -1.1070700e+01  -1.1063000e+01  -8.8624000e+00  -9.0728000e+00
  -1.1061800e+01  -1.1055700e+01  -1.1058200e+01  -1.1052600e+01  -9.0342000e+00  -9.1974000e+00
  -1.1050400e+01  -1.1038700e+01  -1.1045600e+01  -1.1039300e+01  -9.1935000e+00  -9.2800000e+00
  -1.1052000e+01  -1.1022500e+01  -1.1039600e+01  -1.1027700e+01  -9.3313000e+00  -9.3563000e+00
  -1.1060300e+01  -1.1011800e+01  -1.1035100e+01  -1.1017700e+01  -9.4323000e+00  -9.4198000e+00
  -1.1064200e+01  -1.1000900e+01  -1.1030800e+01  -1.1014600e+01  -9.5302000e+00  -9.4517000e+00
  -1.1059300e+01  -1.1002800e+01  -1.1019700e+01  -1.1004200e+01  -9.6078000e+00  -9.4742000e+00
  -1.1049600e+01  -1.0987700e+01  -1.1013300e+01  -1.0998100e+01  -9.6568000e+00  -9.4764000e+00
  -1.1024600e+01  -1.0971600e+01  -1.0994800e+01  -1.0970600e+01  -9.6811000e+00  -9.4661000e+00
  -1.1015000e+01  -1.0959100e+01  -1.0972300e+01  -1.0935100e+01  -9.6906000e+00  -9.4606000e+00
  -1.0956200e+01  -1.0920300e+01  -1.0925600e+01  -1.0893300e+01  -9.6888000e+00  -9.4570000e+00
  -1.0873300e+01  -1.0880700e+01  -1.0862900e+01  -1.0848100e+01  -9.6645000e+00  -9.4609000e+00
  -1.0798800e+01  -1.0809700e+01  -1.0797200e+01  -1.0803700e+01  -9.6349000e+00  -9.4602000e+00
  -1.0761000e+01  -1.0764300e+01  -1.0761500e+01  -1.0772300e+01  -9.6131000e+00  -9.4575000e+00
  -1.0714500e+01  -1.0717700e+01  -1.0716100e+01  -1.0727600e+01  -9.5967000e+00  -9.4715000e+00
  -1.0645300e+01  -1.0661400e+01  -1.0651000e+01  -1.0660800e+01  -9.5799000e+00  -9.4741000e+00
  -1.0534600e+01  -1.0566400e+01  -1.0552900e+01  -1.0569700e+01  -9.5738000e+00  -9.4442000e+00
  -1.0438400e+01  -1.0478400e+01  -1.0462800e+01  -1.0483800e+01  -9.5729000e+00  -9.4157000e+00
  -1.0362600e+01  -1.0393000e+01  -1.0382200e+01  -1.0403500e+01  -9.5232000e+00  -9.3752000e+00
  -1.0314900e+01  -1.0326700e+01  -1.0319800e+01  -1.0331000e+01  -9.4508000e+00  -9.2920000e+00
  -1.0242900e+01  -1.0236400e+01  -1.0235200e+01  -1.0238700e+01  -9.4017000e+00  -9.1922000e+00
  -1.0207900e+01  -1.0173900e+01  -1.0181000e+01  -1.0169100e+01  -9.3501000e+00  -9.1016000e+00
  -1.0157100e+01  -1.0125200e+01  -1.0129000e+01  -1.0115600e+01  -9.2591000e+00  -9.0387000e+00
  -1.0093600e+01  -1.0080400e+01  -1.0083400e+01  -1.0068600e+01  -9.1770000e+00  -8.9924000e+00
  -1.0059200e+01  -1.0051600e+01  -1.0051200e+01  -1.0049400e+01  -9.1521000e+00  -8.9679000e+00
  -1.0004600e+01  -1.0000700e+01  -1.0007500e+01  -1.0010200e+01  -9.1409000e+00  -8.9343000e+00
  -9.9974000e+00  -9.9832000e+00  -9.9899000e+00  -9.9783000e+00  -9.0900000e+00  -8.9068000e+00
  -9.9839000e+00  -9.9675000e+00  -9.9711000e+00  -9.9547000e+00  -9.0307000e+00  -8.8557000e+00
  -9.9495000e+00  -9.9490000e+00  -9.9451000e+00  -9.9341000e+00  -8.9785000e+00  -8.8134000e+00
  -9.8958000e+00  -9.8969000e+00  -9.8897000e+00  -9.8951000e+00  -8.9009000e+00  -8.7899000e+00
  -9.8467000e+00  -9.8544000e+00  -9.8497000e+00  -9.8613000e+00  -8.8486000e+00  -8.7655000e+00
  -9.8150000e+00  -9.8195000e+00  -9.8128000e+00  -9.8297000e+00  -8.8428000e+00  -8.7456000e+00
  -9.8169000e+00  -9.7964000e+00  -9.7973000e+00  -9.8031000e+00  -8.8702000e+00  -8.6961000e+00
  -9.8552000e+00  -9.8203000e+00  -9.8218000e+00  -9.8203000e+00  -8.5706000e+00  -8.6972000e+00
  -9.8288000e+00  -9.8195000e+00  -9.8004000e+00  -9.8206000e+00  -8.3375000e+00  -8.6950000e+00
  -9.6966000e+00  -9.7653000e+00  -9.7100000e+00  -9.7753000e+00  -8.4163000e+00  -8.4419000e+00
  -9.5063000e+00  -9.6237000e+00  -9.5838000e+00  -9.6608000e+00  -8.0600000e+00  -8.0431000e+00
  -9.3934000e+00  -9.4547000e+00  -9.4017000e+00  -9.4328000e+00  -7.7871000e+00  -7.7182000e+00
  -9.2048000e+00  -9.2932000e+00  -9.2233000e+00  -9.2815000e+00  -7.5870000e+00  -7.4075000e+00
  -8.9576000e+00  -9.0729000e+00  -8.9708000e+00  -9.0560000e+00  -7.1745000e+00  -7.0433000e+00
  -8.6160000e+00  -8.7601000e+00  -8.6333000e+00  -8.7438000e+00  -6.8467000e+00  -6.6463000e+00
  -8.2032000e+00  -8.3864000e+00  -8.2558000e+00  -8.3927000e+00  -6.4862000e+00  -6.2380000e+00
  -7.6805000e+00  -7.9381000e+00  -7.7824000e+00  -7.9380000e+00  -6.3202000e+00  -6.0128000e+00
  -7.2265000e+00  -7.4270000e+00  -7.3134000e+00  -7.4577000e+00  -6.0285000e+00  -5.7718000e+00
  -6.8507000e+00  -7.0317000e+00  -6.9397000e+00  -7.0910000e+00  -5.6006000e+00  -5.3931000e+00
  -6.4212000e+00  -6.6673000e+00  -6.5555000e+00  -6.7078000e+00  -5.2382000e+00  -4.9915000e+00
  -6.0122000e+00  -6.2327000e+00  -6.1048000e+00  -6.1791000e+00  -4.8394000e+00  -4.6401000e+00
  -5.6303000e+00  -5.8311000e+00  -5.6937000e+00  -5.6608000e+00  -4.5397000e+00  -4.4332000e+00
  -5.1507000e+00  -5.4795000e+00  -5.3119000e+00  -5.2337000e+00  -4.5813000e+00  -4.2314000e+00
  -4.5208000e+00  -5.0301000e+00  -4.8552000e+00  -4.8323000e+00  -4.7432000e+00  -4.1653000e+00
  -3.9132000e+00  -4.3962000e+00  -4.2621000e+00  -4.3319000e+00  -4.7851000e+00  -4.3042000e+00
  -3.4888000e+00  -3.7941000e+00  -3.7114000e+00  -3.7614000e+00  -4.7825000e+00  -4.3217000e+00
  -3.1357000e+00  -3.3901000e+00  -3.3202000e+00  -3.2974000e+00  -4.7651000e+00  -4.2533000e+00
  -2.7128000e+00  -3.0246000e+00  -2.9547000e+00  -2.9534000e+00  -4.6408000e+00  -4.2132000e+00
  -2.3366000e+00  -2.6120000e+00  -2.5672000e+00  -2.5864000e+00  -4.5253000e+00  -4.2086000e+00
  -1.9916000e+00  -2.2834000e+00  -2.2377000e+00  -2.2620000e+00  -4.4112000e+00  -4.2964000e+00
  -1.6377000e+00  -1.8942000e+00  -1.8912000e+00  -1.9549000e+00  -4.3647000e+00  -4.4233000e+00
  -1.6333000e+00  -1.7510000e+00  -1.7987000e+00  -1.8304000e+00  -4.4395000e+00  -4.5042000e+00
  -1.8218000e+00  -1.8987000e+00  -2.0237000e+00  -2.0947000e+00  -4.4402000e+00  -4.6512000e+00
  -1.6596000e+00  -1.8276000e+00  -1.9141000e+00  -2.0123000e+00  -4.4790000e+00  -4.5599000e+00
  -1.4605000e+00  -1.6399000e+00  -1.7746000e+00  -1.8890000e+00  -4.6804000e+00  -4.4349000e+00
  -1.4366000e+00  -1.5892000e+00  -1.7641000e+00  -1.8947000e+00  -4.8204000e+00  -4.3222000e+00
  -1.4093000e+00  -1.6022000e+00  -1.7341000e+00  -1.8764000e+00  -4.7631000e+00  -4.2351000e+00
  -1.1968000e+00  -1.4230000e+00  -1.5474000e+00  -1.6849000e+00  -4.6020000e+00  -4.3924000e+00
  -1.0508000e+00  -1.3336000e+00  -1.3377000e+00  -1.4347000e+00  -4.5322000e+00  -4.5632000e+00
  -1.1298000e+00  -1.1196000e+00  -2.1495000e+00  -2.3313000e+00  -4.6919000e+00  -4.5452000e+00
  -7.6400000e-01  -8.6240000e-01  -1.1609000e+00  -1.5885000e+00  -4.9149000e+00  -4.5022000e+00
  -1.6713000e+00  -1.6692000e+00  -1.6061000e+00  -1.4027000e+00  -5.1696000e+00  -4.6708000e+00
  -1.3893000e+00  -1.3374000e+00  -1.5075000e+00  -1.6878000e+00  -5.0007000e+00  -5.1471000e+00
  -1.9752000e+00  -1.8454000e+00  -1.8977000e+00  -1.7736000e+00  -5.4126000e+00  -5.4801000e+00
  -2.6161000e+00  -2.6410000e+00  -2.7234000e+00  -2.7297000e+00  -5.5542000e+00  -5.5353000e+00
  -2.4845000e+00  -2.5445000e+00  -2.6802000e+00  -2.8540000e+00  -5.7217000e+00  -5.9125000e+00
  -3.0331000e+00  -3.3179000e+00  -3.2149000e+00  -3.0484000e+00  -5.9667000e+00  -5.6678000e+00
  -9.0526000e+00  -9.7774000e+00  -9.6164000e+00  -1.0425500e+01  -6.3388000e+00  -5.9688000e+00
  -9.2456000e+00  -1.0012000e+01  -9.8213000e+00  -1.0295300e+01  -6.8534000e+00  -6.4251000e+00
  -9.6085000e+00  -1.0259700e+01  -1.0081300e+01  -1.0391500e+01  -7.2161000e+00  -6.9451000e+00
  -9.9268000e+00  -1.0504500e+01  -1.0345800e+01  -1.0597700e+01  -7.2845000e+00  -7.0820000e+00
  -1.0323500e+01  -1.0800100e+01  -1.0635200e+01  -1.0841100e+01  -7.5074000e+00  -7.1941000e+00
  -1.0726900e+01  -1.1079400e+01  -1.0946300e+01  -1.1094900e+01  -7.7662000e+00  -7.3731000e+00
  -1.0989700e+01  -1.1270900e+01  -1.1176000e+01  -1.1288400e+01  -7.9360000e+00  -7.6078000e+00
  -1.1202300e+01  -1.1419800e+01  -1.1340000e+01  -1.1418800e+01  -8.0535000e+00  -7.9015000e+00
  -1.1391500e+01  -1.1538800e+01  -1.1476400e+01  -1.1523200e+01  -8.2388000e+00  -8.2243000e+00
  -1.1546500e+01  -1.1669000e+01  -1.1615600e+01  -1.1649600e+01  -8.6062000e+00  -8.4544000e+00
  -1.1714500e+01  -1.1804200e+01  -1.1764700e+01  -1.1790700e+01  -9.0413000e+00  -8.6842000e+00
  -1.1879400e+01  -1.1912500e+01  -1.1888600e+01  -1.1911200e+01  -9.4895000e+00  -9.0847000e+00
  -1.1989200e+01  -1.1961700e+01  -1.1966300e+01  -1.1980800e+01  -9.9311000e+00  -9.5328000e+00
  -1.2046200e+01  -1.2012900e+01  -1.2014500e+01  -1.2022300e+01  -1.0300400e+01  -1.0017400e+01
  -1.2145200e+01  -1.2117000e+01  -1.2100600e+01  -1.2098500e+01  -1.0666800e+01  -1.0470800e+01
  -1.2272400e+01  -1.2262700e+01  -1.2233200e+01  -1.2235100e+01  -1.1033900e+01  -1.0861300e+01
  -1.2381900e+01  -1.2388300e+01  -1.2362900e+01  -1.2378400e+01  -1.1414300e+01  -1.1192300e+01
  -1.2437400e+01  -1.2452400e+01  -1.2432000e+01  -1.2453200e+01  -1.1687300e+01  -1.1507300e+01
  -1.2501800e+01  -1.2499400e+01  -1.2485500e+01  -1.2501400e+01  -1.1818000e+01  -1.1774000e+01
  -1.2538600e+01  -1.2529800e+01  -1.2521400e+01  -1.2535500e+01  -1.2005700e+01  -1.1989600e+01
  -1.2552500e+01  -1.2550700e+01  -1.2550500e+01  -1.2565900e+01  -1.2151700e+01  -1.2188300e+01
  -1.2554600e+01  -1.2560400e+01  -1.2564300e+01  -1.2585100e+01  -1.2242400e+01  -1.2367300e+01
  -1.2604600e+01  -1.2608100e+01  -1.2604900e+01  -1.2617100e+01  -1.2328700e+01  -1.2495400e+01
  -1.2665500e+01  -1.2682300e+01  -1.2673200e+01  -1.2681400e+01  -1.2420600e+01  -1.2571700e+01
  -1.2726800e+01  -1.2747300e+01  -1.2741400e+01  -1.2752900e+01  -1.2509300e+01  -1.2586100e+01
  -1.2790700e+01  -1.2825300e+01  -1.2816100e+01  -1.2830000e+01  -1.2583700e+01  -1.2642400e+01
  -1.2872400e+01  -1.2933400e+01  -1.2914700e+01  -1.2927300e+01  -1.2658500e+01  -1.2763100e+01
  -1.2961600e+01  -1.3030400e+01  -1.3010900e+01  -1.3022100e+01  -1.2713600e+01  -1.2858100e+01
  -1.3012000e+01  -1.3064700e+01  -1.3062000e+01  -1.3068600e+01  -1.2747200e+01  -1.2936800e+01
  -1.2999900e+01  -1.3045700e+01  -1.3064100e+01  -1.3081700e+01  -1.2754800e+01  -1.3012500e+01
  -1.2956600e+01  -1.2992400e+01  -1.3032000e+01  -1.3054800e+01  -1.2758600e+01  -1.3093400e+01
  -1.2879000e+01  -1.2905700e+01  -1.2952800e+01  -1.2971500e+01  -1.2756400e+01  -1.3149200e+01
  -1.2785300e+01  -1.2810100e+01  -1.2853400e+01  -1.2865000e+01  -1.2760900e+01  -1.3168900e+01
  -1.2688800e+01  -1.2698800e+01  -1.2745300e+01  -1.2762000e+01  -1.2771800e+01  -1.3168100e+01
  -1.2622000e+01  -1.2602800e+01  -1.2644200e+01  -1.2659400e+01  -1.2790500e+01  -1.3166000e+01
  -1.2589600e+01  -1.2521100e+01  -1.2565500e+01  -1.2583700e+01  -1.2821000e+01  -1.3163700e+01
  -1.2526900e+01  -1.2422400e+01  -1.2475700e+01  -1.2492200e+01  -1.2947900e+01  -1.3153900e+01
  -1.2462600e+01  -1.2322300e+01  -1.2378800e+01  -1.2389500e+01  -1.3118800e+01  -1.3158200e+01
  -1.2440300e+01  -1.2259700e+01  -1.2306300e+01  -1.2300700e+01  -1.3202100e+01  -1.3170800e+01
  -1.2453600e+01  -1.2227900e+01  -1.2272200e+01  -1.2244600e+01  -1.3266000e+01  -1.3245900e+01
  -1.2481500e+01  -1.2211300e+01  -1.2252600e+01  -1.2202000e+01  -1.3364900e+01  -1.3437500e+01
  -1.2520600e+01  -1.2196700e+01  -1.2245500e+01  -1.2176300e+01  -1.3417400e+01  -1.3520600e+01
  -1.2551600e+01  -1.2182400e+01  -1.2238400e+01  -1.2148900e+01  -1.3391600e+01  -1.3567700e+01
  -1.2562300e+01  -1.2132200e+01  -1.2217900e+01  -1.2111900e+01  -1.3339800e+01  -1.3657000e+01
  -1.2567000e+01  -1.2056900e+01  -1.2171000e+01  -1.2033700e+01  -1.3335100e+01  -1.3754000e+01
  -1.2615500e+01  -1.1951500e+01  -1.2101400e+01  -1.1941500e+01  -1.3474600e+01  -1.3810100e+01
  -1.2993200e+01  -1.1878600e+01  -1.2077200e+01  -1.1869500e+01  -1.3613900e+01  -1.3862700e+01
  -1.3525700e+01  -1.1862300e+01  -1.2183100e+01  -1.1810600e+01  -1.3758300e+01  -1.3961900e+01
  -1.3710100e+01  -1.1805700e+01  -1.2264300e+01  -1.1752800e+01  -1.3890600e+01  -1.3971400e+01
  -1.3651800e+01  -1.1692100e+01  -1.2184400e+01  -1.1670100e+01  -1.3925100e+01  -1.4011800e+01
  -1.3693000e+01  -1.1595500e+01  -1.2089200e+01  -1.1579400e+01  -1.3852600e+01  -1.4002700e+01
  -1.3791900e+01  -1.1536600e+01  -1.2115700e+01  -1.1503200e+01  -1.3698300e+01  -1.3942800e+01
  -1.3801300e+01  -1.1495900e+01  -1.2138100e+01  -1.1434600e+01  -1.3598800e+01  -1.3854700e+01
  -1.3728200e+01  -1.1477900e+01  -1.2112700e+01  -1.1369400e+01  -1.3591100e+01  -1.3820600e+01
  -1.3670600e+01  -1.1424900e+01  -1.2046500e+01  -1.1301000e+01  -1.3568500e+01  -1.3859600e+01
  -1.3582300e+01  -1.1358200e+01  -1.1943100e+01  -1.1224000e+01  -1.3540900e+01  -1.3878400e+01
  -1.3508000e+01  -1.1393900e+01  -1.1881500e+01  -1.1178500e+01  -1.3618900e+01  -1.3890500e+01
  -1.3536700e+01  -1.1481600e+01  -1.1965300e+01  -1.1187300e+01  -1.3847600e+01  -1.3995100e+01
  -1.3537700e+01  -1.1552900e+01  -1.2051100e+01  -1.1223000e+01  -1.4193900e+01  -1.4294000e+01
  -1.3299800e+01  -1.1490400e+01  -1.2000500e+01  -1.1236300e+01  -1.4490700e+01  -1.4576600e+01
  -1.2911900e+01  -1.1319600e+01  -1.1737200e+01  -1.1218000e+01  -1.4367300e+01  -1.4467200e+01
  -1.2432400e+01  -1.1262900e+01  -1.1500600e+01  -1.1225700e+01  -1.4250300e+01  -1.4401300e+01
  -1.1947200e+01  -1.1253400e+01  -1.1384300e+01  -1.1227800e+01  -1.4046100e+01  -1.4196900e+01
  -1.1475300e+01  -1.1263200e+01  -1.1335500e+01  -1.1249500e+01  -1.3708000e+01  -1.3833900e+01
  -1.1209600e+01  -1.1246800e+01  -1.1293400e+01  -1.1260600e+01  -1.3289300e+01  -1.3337500e+01
  -1.1106200e+01  -1.1183800e+01  -1.1232300e+01  -1.1240100e+01  -1.2749100e+01  -1.2702800e+01
  -1.0904800e+01  -1.1099500e+01  -1.1127900e+01  -1.1170500e+01  -1.2185700e+01  -1.2177200e+01
  -1.0750100e+01  -1.1025500e+01  -1.1037100e+01  -1.1104100e+01  -1.1745200e+01  -1.1739100e+01
  -1.0621300e+01  -1.1001700e+01  -1.0977900e+01  -1.1070700e+01  -1.1241000e+01  -1.1212800e+01
  -1.0530500e+01  -1.1001600e+01  -1.0961500e+01  -1.1087000e+01  -1.0669300e+01  -1.0709700e+01
  -1.0443900e+01  -1.0984000e+01  -1.0942000e+01  -1.1101200e+01  -1.0204200e+01  -1.0302300e+01
  -1.0364000e+01  -1.0949400e+01  -1.0908400e+01  -1.1092500e+01  -9.7614000e+00  -9.8513000e+00
  -1.0311300e+01  -1.0935600e+01  -1.0880800e+01  -1.1082700e+01  -9.3434000e+00  -9.4537000e+00
  -1.0277000e+01  -1.0928600e+01  -1.0871800e+01  -1.1095300e+01  -9.0020000e+00  -9.0776000e+00
  -1.0229400e+01  -1.0901000e+01  -1.0855800e+01  -1.1095800e+01  -8.7010000e+00  -8.7321000e+00
  -1.0150100e+01  -1.0844300e+01  -1.0812200e+01  -1.1059700e+01  -8.4425000e+00  -8.4389000e+00
  -1.0081200e+01  -1.0775100e+01  -1.0751700e+01  -1.1006400e+01  -8.2279000e+00  -8.2028000e+00
  -1.0004400e+01  -1.0710500e+01  -1.0686700e+01  -1.0961300e+01  -8.0587000e+00  -7.9852000e+00
  -9.8507000e+00  -1.0641700e+01  -1.0617200e+01  -1.0922900e+01  -7.9020000e+00  -7.7758000e+00
  -9.7215000e+00  -1.0548900e+01  -1.0535100e+01  -1.0893300e+01  -7.7423000e+00  -7.6167000e+00
  -9.6274000e+00  -1.0476300e+01  -1.0457700e+01  -1.0828100e+01  -7.5771000e+00  -7.4775000e+00
  -9.5538000e+00  -1.0423400e+01  -1.0391600e+01  -1.0774700e+01  -7.4314000e+00  -7.3340000e+00
  -9.4955000e+00  -1.0364300e+01  -1.0333300e+01  -1.0718900e+01  -7.3088000e+00  -7.1952000e+00
  -9.4358000e+00  -1.0308900e+01  -1.0268800e+01  -1.0657000e+01  -7.2007000e+00  -7.0626000e+00
  -9.3998000e+00  -1.0251700e+01  -1.0210300e+01  -1.0594500e+01  -7.1058000e+00  -6.9359000e+00
  -9.4015000e+00  -1.0258500e+01  -1.0192000e+01  -1.0574600e+01  -7.0214000e+00  -6.8193000e+00
  -9.4879000e+00  -1.0355600e+01  -1.0271100e+01  -1.0630600e+01  -6.9424000e+00  -6.7113000e+00
  -9.6825000e+00  -1.0507800e+01  -1.0414000e+01  -1.0710700e+01  -6.8669000e+00  -6.6128000e+00
  -9.9684000e+00  -1.0612400e+01  -1.0539600e+01  -1.0757100e+01  -6.7947000e+00  -6.5223000e+00
  -1.0093300e+01  -1.0645800e+01  -1.0595900e+01  -1.0769200e+01  -6.7191000e+00  -6.4353000e+00
  -1.0120400e+01  -1.0654100e+01  -1.0610700e+01  -1.0766900e+01  -6.6348000e+00  -6.3432000e+00
  -1.0104500e+01  -1.0664100e+01  -1.0615900e+01  -1.0762200e+01  -6.5442000e+00  -6.2570000e+00
  -1.0132600e+01  -1.0681200e+01  -1.0632600e+01  -1.0764900e+01  -6.4532000e+00  -6.1952000e+00
  -1.0202800e+01  -1.0701100e+01  -1.0656300e+01  -1.0773200e+01  -6.3735000e+00  -6.1407000e+00
  -1.0283500e+01  -1.0731000e+01  -1.0685300e+01  -1.0786100e+01  -6.3081000e+00  -6.0798000e+00
  -1.0384000e+01  -1.0759900e+01  -1.0717900e+01  -1.0801300e+01  -6.2458000e+00  -6.0303000e+00
  -1.0466500e+01  -1.0789300e+01  -1.0749300e+01  -1.0823800e+01  -6.1896000e+00  -6.0099000e+00
  -1.0537900e+01  -1.0825800e+01  -1.0785100e+01  -1.0853900e+01  -6.1485000e+00  -6.0037000e+00
  -1.0629000e+01  -1.0854500e+01  -1.0818300e+01  -1.0878000e+01  -6.1193000e+00  -5.9914000e+00
  -1.0725800e+01  -1.0879300e+01  -1.0847400e+01  -1.0902100e+01  -6.1031000e+00  -5.9982000e+00
  -1.0818600e+01  -1.0905400e+01  -1.0878300e+01  -1.0934500e+01  -6.1043000e+00  -6.0094000e+00
  -1.0901100e+01  -1.0938300e+01  -1.0917800e+01  -1.0977900e+01  -6.1277000e+00  -6.0490000e+00
  -1.0963100e+01  -1.0979800e+01  -1.0964600e+01  -1.1021900e+01  -6.1558000e+00  -6.1322000e+00
  -1.1003000e+01  -1.1023400e+01  -1.1015500e+01  -1.1059800e+01  -6.2030000e+00  -6.2302000e+00
  -1.1066700e+01  -1.1046300e+01  -1.1053700e+01  -1.1085600e+01  -6.2080000e+00  -6.3314000e+00
  -1.1127700e+01  -1.1059100e+01  -1.1073600e+01  -1.1100600e+01  -6.2733000e+00  -6.4501000e+00
  -1.1154800e+01  -1.1095600e+01  -1.1098200e+01  -1.1133000e+01  -6.3459000e+00  -6.5253000e+00
  -1.1176800e+01  -1.1150000e+01  -1.1144700e+01  -1.1187300e+01  -6.4218000e+00  -6.5675000e+00
  -1.1201700e+01  -1.1136900e+01  -1.1175300e+01  -1.1186200e+01  -6.4812000e+00  -6.5948000e+00
  -1.1179700e+01  -1.1059100e+01  -1.1133300e+01  -1.1110300e+01  -6.5574000e+00  -6.6346000e+00
  -1.1101100e+01  -1.1081400e+01  -1.1107100e+01  -1.1118800e+01  -6.6819000e+00  -6.7154000e+00
  -1.1114400e+01  -1.1095400e+01  -1.1141100e+01  -1.1143500e+01  -6.7953000e+00  -6.8565000e+00
  -1.1139900e+01  -1.1079800e+01  -1.1135200e+01  -1.1131300e+01  -6.7949000e+00  -7.3960000e+00
  -1.1102300e+01  -1.1116600e+01  -1.1138400e+01  -1.1155000e+01  -6.7741000e+00  -8.1314000e+00
  -1.1113300e+01  -1.1149400e+01  -1.1170400e+01  -1.1184800e+01  -7.2400000e+00  -8.3390000e+00
  -1.1147700e+01  -1.1178500e+01  -1.1195100e+01  -1.1212300e+01  -8.2403000e+00  -8.5865000e+00
  -1.1164600e+01  -1.1222200e+01  -1.1222400e+01  -1.1251300e+01  -7.9842000e+00  -8.7148000e+00
  -1.1186200e+01  -1.1259300e+01  -1.1255200e+01  -1.1289000e+01  -8.3052000e+00  -8.7261000e+00
  -1.1216200e+01  -1.1288400e+01  -1.1284600e+01  -1.1320500e+01  -8.5555000e+00  -8.6667000e+00
  -1.1243300e+01  -1.1316000e+01  -1.1310400e+01  -1.1348800e+01  -8.5198000e+00  -8.5802000e+00
  -1.1270100e+01  -1.1341600e+01  -1.1336700e+01  -1.1375700e+01  -8.5023000e+00  -8.5977000e+00
  -1.1297500e+01  -1.1364300e+01  -1.1360000e+01  -1.1398600e+01  -8.5507000e+00  -8.6181000e+00
  -1.1318500e+01  -1.1381900e+01  -1.1377400e+01  -1.1416400e+01  -8.4038000e+00  -8.6661000e+00
  -1.1333800e+01  -1.1392400e+01  -1.1388200e+01  -1.1427800e+01  -8.3620000e+00  -8.7884000e+00
  -1.1343100e+01  -1.1396200e+01  -1.1390300e+01  -1.1428900e+01  -8.4526000e+00  -8.8831000e+00
  -1.1343000e+01  -1.1390900e+01  -1.1381700e+01  -1.1418900e+01  -8.5950000e+00  -9.0255000e+00
  -1.1336800e+01  -1.1377300e+01  -1.1369100e+01  -1.1406300e+01  -8.8316000e+00  -9.1445000e+00
  -1.1331800e+01  -1.1362400e+01  -1.1355700e+01  -1.1391800e+01  -9.1847000e+00  -9.1335000e+00
  -1.1330900e+01  -1.1343600e+01  -1.1340700e+01  -1.1373200e+01  -9.3961000e+00  -9.1303000e+00
  -1.1337600e+01  -1.1325300e+01  -1.1327500e+01  -1.1354900e+01  -9.3811000e+00  -9.1644000e+00
