   4.2872000e+00   4.2684000e+00   4.2931000e+00   4.2844000e+00   7.1217000e+00   6.9538000e+00
   4.0575000e+00   3.9752000e+00   4.0370000e+00   4.0163000e+00   6.9875000e+00   6.9627000e+00
   3.8408000e+00   3.7951000e+00   3.8572000e+00   3.8494000e+00   6.9601000e+00   7.0675000e+00
   3.7046000e+00   3.6823000e+00   3.7220000e+00   3.6948000e+00   7.0671000e+00   7.1442000e+00
   3.6671000e+00   3.6497000e+00   3.6804000e+00   3.6483000e+00   7.2052000e+00   7.3385000e+00
   3.6578000e+00   3.6307000e+00   3.6630000e+00   3.6355000e+00   7.2720000e+00   7.4637000e+00
   3.6551000e+00   3.6533000e+00   3.6823000e+00   3.6770000e+00   7.2965000e+00   7.4637000e+00
   3.6045000e+00   3.6145000e+00   3.6632000e+00   3.6732000e+00   7.5722000e+00   7.6783000e+00
   3.7704000e+00   3.7642000e+00   3.7877000e+00   3.7780000e+00   7.6869000e+00   7.7296000e+00
   3.8117000e+00   3.8650000e+00   3.8513000e+00   3.8696000e+00   7.5573000e+00   7.6901000e+00
   3.8435000e+00   3.8261000e+00   3.8149000e+00   3.7924000e+00   7.4990000e+00   7.7142000e+00
   4.1631000e+00   4.2307000e+00   4.2186000e+00   4.2099000e+00   7.4699000e+00   7.8111000e+00
   3.8710000e+00   3.9698000e+00   3.7892000e+00   3.7987000e+00   7.4841000e+00   7.9573000e+00
   3.4549000e+00   3.6586000e+00   3.5359000e+00   3.5943000e+00   7.4587000e+00   7.9332000e+00
   3.4020000e+00   3.3853000e+00   3.4299000e+00   3.4355000e+00   7.4990000e+00   7.9254000e+00
   3.5922000e+00   3.5666000e+00   3.6121000e+00   3.6369000e+00   7.2324000e+00   8.1692000e+00
   4.0634000e+00   4.0817000e+00   4.0618000e+00   4.0038000e+00   6.9324000e+00   8.2644000e+00
   3.7256000e+00   3.7433000e+00   3.8895000e+00   3.9762000e+00   6.7317000e+00   8.0401000e+00
   4.2675000e+00   4.1799000e+00   4.2759000e+00   4.2869000e+00   7.1672000e+00   8.2125000e+00
   4.5637000e+00   4.5971000e+00   4.5636000e+00   4.5481000e+00   6.9331000e+00   8.3247000e+00
   4.6558000e+00   4.8967000e+00   4.7411000e+00   4.7849000e+00   6.3125000e+00   7.5416000e+00
   4.5585000e+00   4.8163000e+00   4.6250000e+00   4.7331000e+00   6.5346000e+00   7.3919000e+00
   5.1241000e+00   5.1277000e+00   4.9706000e+00   4.9460000e+00   6.6270000e+00   7.4775000e+00
   5.1022000e+00   5.4577000e+00   5.3912000e+00   5.6588000e+00   6.9195000e+00   7.3731000e+00
   5.2130000e+00   5.2517000e+00   5.3137000e+00   5.4053000e+00   7.4372000e+00   7.3834000e+00
   5.9448000e+00   5.6677000e+00   5.8130000e+00   5.7347000e+00   7.8291000e+00   7.6121000e+00
   6.4407000e+00   6.2724000e+00   6.3233000e+00   6.3537000e+00   7.9831000e+00   7.7160000e+00
   6.6128000e+00   6.5923000e+00   6.4769000e+00   6.5004000e+00   7.8950000e+00   7.7904000e+00
   6.8368000e+00   6.8947000e+00   6.8306000e+00   6.9112000e+00   7.9078000e+00   7.7667000e+00
   6.7103000e+00   7.0320000e+00   6.8439000e+00   6.9712000e+00   7.9543000e+00   7.7989000e+00
   6.6858000e+00   6.9248000e+00   6.7866000e+00   6.8788000e+00   7.8824000e+00   7.7127000e+00
   6.9398000e+00   6.9333000e+00   6.9407000e+00   6.9541000e+00   7.7540000e+00   7.5950000e+00
   6.2652000e+00   6.8796000e+00   6.8651000e+00   7.2306000e+00   7.6183000e+00   7.4452000e+00
   6.2269000e+00   6.4631000e+00   6.2700000e+00   6.2513000e+00   7.4721000e+00   7.2987000e+00
   6.2657000e+00   6.5448000e+00   6.3556000e+00   6.3634000e+00   7.2923000e+00   7.1165000e+00
   6.4239000e+00   6.6436000e+00   6.5805000e+00   6.6071000e+00   7.1220000e+00   6.9250000e+00
   6.6044000e+00   6.8172000e+00   6.8297000e+00   6.9013000e+00   6.9077000e+00   6.7281000e+00
   6.6696000e+00   6.8686000e+00   6.9324000e+00   7.0130000e+00   6.6821000e+00   6.5387000e+00
   6.8920000e+00   7.0603000e+00   7.1785000e+00   7.2537000e+00   6.4784000e+00   6.3932000e+00
   7.0654000e+00   7.0689000e+00   7.2425000e+00   7.2737000e+00   6.3490000e+00   6.2862000e+00
   7.1826000e+00   7.1288000e+00   7.2604000e+00   7.2459000e+00   6.2556000e+00   6.2222000e+00
   7.2113000e+00   7.0783000e+00   7.1840000e+00   7.1164000e+00   6.2146000e+00   6.2592000e+00
   7.1123000e+00   6.8566000e+00   6.9793000e+00   6.8646000e+00   6.2334000e+00   6.3382000e+00
   7.0133000e+00   6.7074000e+00   6.8911000e+00   6.7996000e+00   6.2719000e+00   6.3921000e+00
   7.0536000e+00   6.7305000e+00   6.9438000e+00   6.8411000e+00   6.3350000e+00   6.4196000e+00
   7.1039000e+00   6.7409000e+00   6.9416000e+00   6.8072000e+00   6.3723000e+00   6.4604000e+00
   7.1365000e+00   6.7300000e+00   6.9503000e+00   6.8250000e+00   6.3625000e+00   6.4938000e+00
   7.2591000e+00   6.8244000e+00   7.0652000e+00   6.9499000e+00   6.3605000e+00   6.4923000e+00
   7.3508000e+00   6.9160000e+00   7.1121000e+00   6.9693000e+00   6.3837000e+00   6.4507000e+00
   7.3187000e+00   6.8990000e+00   7.0564000e+00   6.9098000e+00   6.5016000e+00   6.4085000e+00
   7.2553000e+00   6.9136000e+00   7.0488000e+00   6.9203000e+00   6.5468000e+00   6.3459000e+00
   7.3089000e+00   7.0283000e+00   7.1331000e+00   7.0015000e+00   6.5345000e+00   6.3537000e+00
   7.4466000e+00   7.1622000e+00   7.2551000e+00   7.1054000e+00   6.5090000e+00   6.3949000e+00
   7.5637000e+00   7.2360000e+00   7.3264000e+00   7.1431000e+00   6.4884000e+00   6.3828000e+00
   7.6579000e+00   7.2972000e+00   7.3990000e+00   7.2141000e+00   6.4984000e+00   6.4750000e+00
   7.7593000e+00   7.4036000e+00   7.4812000e+00   7.2943000e+00   6.6161000e+00   6.5089000e+00
   7.8227000e+00   7.4822000e+00   7.5315000e+00   7.3507000e+00   6.6922000e+00   6.5286000e+00
   7.8459000e+00   7.5483000e+00   7.5754000e+00   7.4154000e+00   6.7921000e+00   6.5694000e+00
   7.8531000e+00   7.6107000e+00   7.6178000e+00   7.4770000e+00   6.7443000e+00   6.5892000e+00
   7.8876000e+00   7.6473000e+00   7.6501000e+00   7.4937000e+00   6.7805000e+00   6.5390000e+00
   7.8611000e+00   7.6105000e+00   7.6101000e+00   7.4493000e+00   6.9787000e+00   6.5299000e+00
   7.8264000e+00   7.5794000e+00   7.5772000e+00   7.4208000e+00   7.2359000e+00   6.5810000e+00
   7.7547000e+00   7.4795000e+00   7.4842000e+00   7.3161000e+00   7.4780000e+00   6.6700000e+00
   7.6606000e+00   7.3475000e+00   7.3628000e+00   7.1876000e+00   8.1587000e+00   6.8042000e+00
   7.5108000e+00   7.2096000e+00   7.2276000e+00   7.0501000e+00   8.0519000e+00   6.6708000e+00
   7.3574000e+00   7.0580000e+00   7.0647000e+00   6.8969000e+00   8.2452000e+00   6.8947000e+00
   7.1636000e+00   6.9416000e+00   6.9475000e+00   6.8618000e+00   8.4012000e+00   7.3128000e+00
   7.0394000e+00   6.9423000e+00   6.9244000e+00   6.8710000e+00   8.6232000e+00   7.7434000e+00
   7.0102000e+00   6.9141000e+00   6.8861000e+00   6.8282000e+00   8.8436000e+00   7.9597000e+00
   6.8966000e+00   6.8609000e+00   6.8167000e+00   6.7898000e+00   8.9189000e+00   8.0625000e+00
   6.8532000e+00   6.8710000e+00   6.8196000e+00   6.8143000e+00   8.9113000e+00   8.1918000e+00
   6.8645000e+00   6.8690000e+00   6.8242000e+00   6.8064000e+00   8.9557000e+00   8.3637000e+00
   6.8890000e+00   6.8603000e+00   6.8265000e+00   6.7985000e+00   9.0429000e+00   8.4876000e+00
   6.9177000e+00   6.8608000e+00   6.8423000e+00   6.8019000e+00   9.1143000e+00   8.5779000e+00
   6.9548000e+00   6.8824000e+00   6.8796000e+00   6.8381000e+00   9.1602000e+00   8.6541000e+00
   6.9662000e+00   6.9151000e+00   6.9126000e+00   6.8804000e+00   9.1426000e+00   8.6881000e+00
   6.9100000e+00   6.8972000e+00   6.8943000e+00   6.8905000e+00   9.0375000e+00   8.6730000e+00
   6.8882000e+00   6.9139000e+00   6.8935000e+00   6.9054000e+00   8.9170000e+00   8.6432000e+00
   6.8708000e+00   6.9137000e+00   6.8924000e+00   6.9207000e+00   8.7252000e+00   8.4836000e+00
   6.8981000e+00   6.9224000e+00   6.9067000e+00   6.9199000e+00   8.4268000e+00   8.2441000e+00
   7.0029000e+00   6.9774000e+00   6.9764000e+00   6.9668000e+00   8.1696000e+00   8.0376000e+00
   7.1002000e+00   7.0531000e+00   7.0695000e+00   7.0573000e+00   8.0866000e+00   7.9549000e+00
   7.1537000e+00   7.0972000e+00   7.1156000e+00   7.1016000e+00   8.1373000e+00   7.8908000e+00
   7.1139000e+00   7.0627000e+00   7.0685000e+00   7.0481000e+00   8.1897000e+00   7.8830000e+00
   7.0766000e+00   7.0080000e+00   7.0057000e+00   6.9705000e+00   8.1865000e+00   8.0027000e+00
   6.9969000e+00   6.9215000e+00   6.9222000e+00   6.8803000e+00   8.3364000e+00   8.1067000e+00
   6.9633000e+00   6.8621000e+00   6.8780000e+00   6.8288000e+00   8.4032000e+00   8.1565000e+00
   6.9275000e+00   6.7989000e+00   6.8336000e+00   6.7832000e+00   8.3687000e+00   8.1811000e+00
   6.9206000e+00   6.7896000e+00   6.8271000e+00   6.7725000e+00   8.2257000e+00   8.1652000e+00
   6.9329000e+00   6.7988000e+00   6.8374000e+00   6.7722000e+00   8.1833000e+00   8.1199000e+00
   6.9510000e+00   6.8070000e+00   6.8566000e+00   6.7888000e+00   8.2155000e+00   8.1052000e+00
   6.9630000e+00   6.8182000e+00   6.8769000e+00   6.8129000e+00   8.2838000e+00   8.1349000e+00
   6.9752000e+00   6.8575000e+00   6.9157000e+00   6.8689000e+00   8.3538000e+00   8.2075000e+00
   6.9352000e+00   6.8439000e+00   6.8979000e+00   6.8678000e+00   8.4565000e+00   8.2929000e+00
   6.9032000e+00   6.8181000e+00   6.8705000e+00   6.8447000e+00   8.5787000e+00   8.3553000e+00
   6.8622000e+00   6.7986000e+00   6.8391000e+00   6.8195000e+00   8.6334000e+00   8.4211000e+00
   6.8182000e+00   6.7657000e+00   6.7977000e+00   6.7821000e+00   8.6248000e+00   8.4693000e+00
   6.7932000e+00   6.7408000e+00   6.7685000e+00   6.7533000e+00   8.5890000e+00   8.4957000e+00
   6.8093000e+00   6.7658000e+00   6.7834000e+00   6.7668000e+00   8.5185000e+00   8.4822000e+00
   6.8234000e+00   6.7944000e+00   6.7951000e+00   6.7709000e+00   8.4451000e+00   8.4401000e+00
   6.8408000e+00   6.8096000e+00   6.7961000e+00   6.7621000e+00   8.4057000e+00   8.4019000e+00
   6.8411000e+00   6.7909000e+00   6.8002000e+00   6.7659000e+00   8.3877000e+00   8.3616000e+00
   6.8649000e+00   6.8022000e+00   6.8142000e+00   6.7737000e+00   8.3772000e+00   8.3032000e+00
   6.8590000e+00   6.8173000e+00   6.8227000e+00   6.7929000e+00   8.3674000e+00   8.2455000e+00
   6.8501000e+00   6.8335000e+00   6.8280000e+00   6.8080000e+00   8.3398000e+00   8.2047000e+00
   6.8655000e+00   6.8440000e+00   6.8472000e+00   6.8273000e+00   8.3330000e+00   8.2101000e+00
   6.8981000e+00   6.8586000e+00   6.8763000e+00   6.8523000e+00   8.3362000e+00   8.2004000e+00
   6.9179000e+00   6.8807000e+00   6.9035000e+00   6.8837000e+00   8.3667000e+00   8.1848000e+00
   6.9313000e+00   6.9119000e+00   6.9327000e+00   6.9233000e+00   8.4125000e+00   8.1470000e+00
   6.9718000e+00   6.9644000e+00   6.9801000e+00   6.9769000e+00   8.4343000e+00   8.0923000e+00
   7.0380000e+00   7.0125000e+00   7.0254000e+00   7.0109000e+00   8.4058000e+00   8.0339000e+00
   7.1099000e+00   7.0567000e+00   7.0739000e+00   7.0507000e+00   8.3552000e+00   7.9421000e+00
   7.1974000e+00   7.1098000e+00   7.1319000e+00   7.0898000e+00   8.2947000e+00   7.8219000e+00
   7.2561000e+00   7.1623000e+00   7.1780000e+00   7.1249000e+00   8.1565000e+00   7.7390000e+00
   7.2254000e+00   7.1562000e+00   7.1285000e+00   7.0535000e+00   8.0960000e+00   7.7222000e+00
   7.0856000e+00   7.0217000e+00   6.9662000e+00   6.8746000e+00   7.3854000e+00   7.0112000e+00
   6.8930000e+00   6.7982000e+00   6.7846000e+00   6.7232000e+00   7.1057000e+00   6.8433000e+00
   6.7694000e+00   6.6925000e+00   6.6726000e+00   6.6143000e+00   7.2313000e+00   7.0498000e+00
   6.6703000e+00   6.6105000e+00   6.6115000e+00   6.5672000e+00   7.1608000e+00   7.0627000e+00
   6.6173000e+00   6.6078000e+00   6.5944000e+00   6.5701000e+00   7.0200000e+00   7.1973000e+00
   6.6454000e+00   6.6324000e+00   6.6225000e+00   6.5980000e+00   7.1007000e+00   7.4115000e+00
   6.6333000e+00   6.5871000e+00   6.5937000e+00   6.5717000e+00   7.1216000e+00   7.3869000e+00
   6.5998000e+00   6.5241000e+00   6.5537000e+00   6.5328000e+00   6.9492000e+00   7.2291000e+00
   6.6021000e+00   6.5103000e+00   6.5633000e+00   6.5427000e+00   6.6646000e+00   6.9520000e+00
   6.6443000e+00   6.5428000e+00   6.6031000e+00   6.5823000e+00   6.5807000e+00   6.7744000e+00
   6.6943000e+00   6.5799000e+00   6.6453000e+00   6.6203000e+00   6.5037000e+00   6.6854000e+00
   6.6914000e+00   6.5618000e+00   6.6293000e+00   6.6003000e+00   6.4386000e+00   6.5815000e+00
   6.7089000e+00   6.5622000e+00   6.6351000e+00   6.5902000e+00   5.7527000e+00   6.3924000e+00
   6.7099000e+00   6.5557000e+00   6.6327000e+00   6.5747000e+00   5.5425000e+00   6.0550000e+00
   6.6852000e+00   6.5214000e+00   6.5842000e+00   6.5245000e+00   5.6022000e+00   5.7767000e+00
   6.6712000e+00   6.4752000e+00   6.5653000e+00   6.4790000e+00   5.7845000e+00   5.6833000e+00
   6.6656000e+00   6.3608000e+00   6.5210000e+00   6.4055000e+00   5.7502000e+00   5.6454000e+00
   6.6543000e+00   6.3027000e+00   6.5055000e+00   6.3930000e+00   5.6242000e+00   5.6106000e+00
   6.6358000e+00   6.2841000e+00   6.4947000e+00   6.3940000e+00   5.5091000e+00   5.5579000e+00
   6.6612000e+00   6.3264000e+00   6.5229000e+00   6.4236000e+00   5.5538000e+00   5.5000000e+00
   6.6712000e+00   6.3336000e+00   6.5225000e+00   6.4148000e+00   5.5325000e+00   5.5225000e+00
   6.6680000e+00   6.3238000e+00   6.5171000e+00   6.4112000e+00   5.6870000e+00   5.5619000e+00
   6.6263000e+00   6.2411000e+00   6.4609000e+00   6.3570000e+00   5.8866000e+00   5.5157000e+00
   6.5830000e+00   6.2035000e+00   6.4190000e+00   6.3288000e+00   6.0699000e+00   5.5022000e+00
   6.5966000e+00   6.2166000e+00   6.4257000e+00   6.3401000e+00   6.0579000e+00   5.6728000e+00
   6.6208000e+00   6.2480000e+00   6.4459000e+00   6.3690000e+00   6.2454000e+00   6.0170000e+00
   6.6594000e+00   6.2856000e+00   6.4613000e+00   6.3821000e+00   6.3505000e+00   6.3645000e+00
   6.7330000e+00   6.3458000e+00   6.5212000e+00   6.4412000e+00   6.9677000e+00   6.4698000e+00
   6.7720000e+00   6.3945000e+00   6.5658000e+00   6.4941000e+00   7.5515000e+00   6.7213000e+00
   6.7880000e+00   6.4493000e+00   6.5921000e+00   6.5360000e+00   7.5534000e+00   6.9395000e+00
   6.8789000e+00   6.5653000e+00   6.6819000e+00   6.6269000e+00   7.5466000e+00   7.2470000e+00
   7.0684000e+00   6.7244000e+00   6.8559000e+00   6.7892000e+00   7.5105000e+00   7.5294000e+00
   7.3810000e+00   7.0174000e+00   7.1343000e+00   7.0477000e+00   7.5810000e+00   7.7921000e+00
   7.6174000e+00   7.2474000e+00   7.3640000e+00   7.2659000e+00   7.5133000e+00   7.9569000e+00
   7.6899000e+00   7.3524000e+00   7.4574000e+00   7.3479000e+00   7.4955000e+00   7.8880000e+00
   7.6487000e+00   7.3741000e+00   7.4710000e+00   7.4007000e+00   7.5870000e+00   7.8000000e+00
   7.7016000e+00   7.3758000e+00   7.5411000e+00   7.4847000e+00   7.7180000e+00   7.7118000e+00
   7.7136000e+00   7.5428000e+00   7.5301000e+00   7.4540000e+00   7.8866000e+00   7.7616000e+00
   7.6556000e+00   7.5632000e+00   7.5842000e+00   7.5377000e+00   8.0533000e+00   7.8497000e+00
   7.5979000e+00   7.4911000e+00   7.5977000e+00   7.5991000e+00   8.2884000e+00   8.0321000e+00
   7.4119000e+00   7.2637000e+00   7.4057000e+00   7.3779000e+00   8.5520000e+00   8.1463000e+00
   7.2742000e+00   6.9272000e+00   7.1677000e+00   7.0870000e+00   8.8559000e+00   8.5543000e+00
   6.8792000e+00   6.9447000e+00   6.9382000e+00   7.0049000e+00   8.6844000e+00   8.6704000e+00
   7.0560000e+00   7.0961000e+00   6.9352000e+00   6.8876000e+00   8.7832000e+00   8.4408000e+00
   7.4480000e+00   7.5916000e+00   7.3478000e+00   7.2499000e+00   8.8558000e+00   8.8096000e+00
   7.5080000e+00   7.3619000e+00   7.3742000e+00   7.3941000e+00   8.2902000e+00   9.0782000e+00
   7.5990000e+00   7.4649000e+00   7.3788000e+00   7.2470000e+00   8.2790000e+00   9.1866000e+00
   7.1548000e+00   6.9880000e+00   7.1323000e+00   7.1549000e+00   8.5037000e+00   9.5552000e+00
   6.9683000e+00   6.7687000e+00   6.9143000e+00   6.9014000e+00   8.2118000e+00   9.9120000e+00
   7.0678000e+00   6.9421000e+00   6.9967000e+00   6.9758000e+00   8.0251000e+00   9.3764000e+00
   6.9825000e+00   6.8434000e+00   6.8684000e+00   6.8130000e+00   8.1864000e+00   9.1628000e+00
   6.8878000e+00   6.7822000e+00   6.8000000e+00   6.7614000e+00   8.4497000e+00   9.1665000e+00
   6.8450000e+00   6.8387000e+00   6.8228000e+00   6.8128000e+00   8.5224000e+00   9.5419000e+00
   6.7921000e+00   6.6931000e+00   6.7269000e+00   6.6851000e+00   8.5041000e+00   9.7802000e+00
   6.7376000e+00   6.6482000e+00   6.7196000e+00   6.6981000e+00   8.1801000e+00   9.2668000e+00
   6.5968000e+00   6.5269000e+00   6.5925000e+00   6.5676000e+00   8.1506000e+00   8.8593000e+00
   6.3563000e+00   6.3476000e+00   6.3691000e+00   6.3592000e+00   8.0897000e+00   8.5842000e+00
   6.2285000e+00   6.1674000e+00   6.1689000e+00   6.1210000e+00   8.0713000e+00   8.4491000e+00
   6.2991000e+00   6.2349000e+00   6.2175000e+00   6.1670000e+00   8.2448000e+00   8.4316000e+00
   6.2269000e+00   6.2340000e+00   6.1607000e+00   6.1121000e+00   8.1751000e+00   8.2783000e+00
   6.1255000e+00   6.0835000e+00   6.0111000e+00   5.9318000e+00   8.3324000e+00   8.2787000e+00
   6.3566000e+00   6.2647000e+00   6.2153000e+00   6.1251000e+00   8.0229000e+00   8.0284000e+00
   6.2699000e+00   6.3005000e+00   6.1698000e+00   6.1191000e+00   7.5301000e+00   7.5859000e+00
   5.9009000e+00   5.8936000e+00   5.8452000e+00   5.8390000e+00   7.3243000e+00   7.5018000e+00
   5.5718000e+00   5.5596000e+00   5.5413000e+00   5.5195000e+00   7.4004000e+00   7.4760000e+00
   5.5418000e+00   5.4150000e+00   5.4503000e+00   5.3836000e+00   7.0599000e+00   7.0754000e+00
   5.6578000e+00   5.5075000e+00   5.5842000e+00   5.5145000e+00   6.5751000e+00   6.6403000e+00
   5.3967000e+00   5.3666000e+00   5.4080000e+00   5.3916000e+00   6.3583000e+00   6.2712000e+00
   5.2149000e+00   5.1739000e+00   5.1801000e+00   5.1488000e+00   6.4469000e+00   6.6116000e+00
   4.9048000e+00   4.9069000e+00   4.9142000e+00   4.9170000e+00   6.8309000e+00   7.0305000e+00
   4.6586000e+00   4.7197000e+00   4.6675000e+00   4.6591000e+00   6.8407000e+00   6.7391000e+00
   4.5239000e+00   4.5701000e+00   4.5187000e+00   4.5022000e+00   6.3196000e+00   6.3227000e+00
   5.0005000e+00   4.9911000e+00   4.9599000e+00   4.9166000e+00   5.9399000e+00   6.0383000e+00
   5.0093000e+00   5.1064000e+00   5.0431000e+00   5.0927000e+00   6.3626000e+00   6.7204000e+00
   4.5700000e+00   4.6128000e+00   4.5756000e+00   4.5458000e+00   7.0562000e+00   7.3898000e+00
   4.5513000e+00   4.2758000e+00   4.3531000e+00   4.2058000e+00   7.4354000e+00   7.4847000e+00
   5.8901000e+00   5.7177000e+00   5.7450000e+00   5.6349000e+00   7.2151000e+00   7.2256000e+00
   5.9634000e+00   5.8888000e+00   5.8958000e+00   5.8361000e+00   7.5522000e+00   7.2999000e+00
   5.7058000e+00   5.7707000e+00   5.7975000e+00   5.8329000e+00   7.8875000e+00   7.5626000e+00
   5.6218000e+00   5.5856000e+00   5.6824000e+00   5.7113000e+00   7.2833000e+00   7.7270000e+00
   5.7596000e+00   5.6223000e+00   5.7001000e+00   5.6638000e+00   7.7372000e+00   7.5354000e+00
   5.9032000e+00   5.8716000e+00   5.8656000e+00   5.8287000e+00   7.7789000e+00   7.6132000e+00
   6.3063000e+00   6.2922000e+00   6.3339000e+00   6.3195000e+00   8.0859000e+00   7.3597000e+00
   6.2686000e+00   6.1480000e+00   6.2362000e+00   6.1882000e+00   7.6102000e+00   7.5340000e+00
   6.3474000e+00   6.2198000e+00   6.2909000e+00   6.2497000e+00   6.8516000e+00   7.4772000e+00
   6.4689000e+00   6.4252000e+00   6.4480000e+00   6.4145000e+00   6.7648000e+00   7.1622000e+00
   6.8048000e+00   6.6624000e+00   6.6811000e+00   6.5948000e+00   7.1098000e+00   7.1935000e+00
   7.4823000e+00   7.3001000e+00   7.2704000e+00   7.1474000e+00   7.6875000e+00   7.3383000e+00
   7.6749000e+00   7.8055000e+00   7.6855000e+00   7.6833000e+00   8.1213000e+00   7.4084000e+00
   7.6302000e+00   7.6878000e+00   7.6444000e+00   7.6428000e+00   8.3846000e+00   7.8999000e+00
   7.6156000e+00   7.7544000e+00   7.7043000e+00   7.7484000e+00   8.8407000e+00   8.2044000e+00
   7.6831000e+00   7.7534000e+00   7.7144000e+00   7.7093000e+00   9.5424000e+00   9.1985000e+00
   7.5447000e+00   7.7080000e+00   7.6873000e+00   7.7793000e+00   1.0006000e+01   1.0030600e+01
   7.2135000e+00   7.2052000e+00   7.2420000e+00   7.2709000e+00   9.0848000e+00   9.1020000e+00
   7.0274000e+00   6.9565000e+00   7.0016000e+00   6.9371000e+00   9.0879000e+00   8.7323000e+00
   6.7427000e+00   6.7239000e+00   6.8663000e+00   6.9013000e+00   8.9522000e+00   7.8713000e+00
   6.5465000e+00   6.2974000e+00   6.4916000e+00   6.4967000e+00   8.9354000e+00   7.5964000e+00
   7.1185000e+00   6.8611000e+00   6.8292000e+00   6.6891000e+00   8.4395000e+00   7.3907000e+00
   7.2405000e+00   7.2546000e+00   7.2236000e+00   7.2802000e+00   7.9016000e+00   7.6998000e+00
   6.9705000e+00   7.0657000e+00   6.9938000e+00   6.9653000e+00   8.3340000e+00   9.2774000e+00
   6.4589000e+00   6.4157000e+00   6.3637000e+00   6.3190000e+00   9.8032000e+00   8.9375000e+00
   5.9565000e+00   5.9429000e+00   5.8220000e+00   5.8010000e+00   1.0076100e+01   9.1785000e+00
   5.6154000e+00   5.4659000e+00   5.5680000e+00   5.5700000e+00   9.6255000e+00   9.4189000e+00
   5.3300000e+00   5.2567000e+00   5.2268000e+00   5.2700000e+00   1.0277200e+01   1.0159900e+01
   5.4102000e+00   4.9752000e+00   5.1052000e+00   5.0739000e+00   1.0396500e+01   1.0210600e+01
   6.0253000e+00   5.8081000e+00   5.7683000e+00   5.6916000e+00   1.0264700e+01   8.9214000e+00
   6.4759000e+00   5.8655000e+00   6.0425000e+00   5.8021000e+00   9.5738000e+00   9.6541000e+00
   7.2053000e+00   6.7402000e+00   6.9860000e+00   6.9692000e+00   1.0613100e+01   1.1136400e+01
   7.4807000e+00   7.1738000e+00   7.1966000e+00   7.1788000e+00   1.0533900e+01   1.0271300e+01
   7.5603000e+00   7.3392000e+00   7.3826000e+00   7.5028000e+00   9.0358000e+00   8.6185000e+00
   7.7465000e+00   7.5474000e+00   7.4344000e+00   7.4382000e+00   8.9227000e+00   9.3761000e+00
   8.0342000e+00   7.5647000e+00   7.4524000e+00   7.2563000e+00   9.4696000e+00   1.0180500e+01
   7.9118000e+00   7.8017000e+00   7.7190000e+00   7.7903000e+00   9.2575000e+00   9.3927000e+00
   8.4877000e+00   7.7750000e+00   7.7824000e+00   7.7049000e+00   9.4548000e+00   9.6624000e+00
   8.2677000e+00   7.9986000e+00   7.9420000e+00   7.9119000e+00   9.4270000e+00   8.6518000e+00
   8.4414000e+00   8.3604000e+00   8.5007000e+00   8.4234000e+00   8.4519000e+00   8.3549000e+00
   9.4683000e+00   1.0196700e+01   1.0205200e+01   1.0475200e+01   8.4545000e+00   8.6874000e+00
   8.7899000e+00   8.7824000e+00   8.8387000e+00   8.9790000e+00   8.2645000e+00   8.5464000e+00
   1.0199700e+01   9.9810000e+00   9.9653000e+00   1.0082100e+01   8.0802000e+00   8.2295000e+00
   1.1086700e+01   1.0680400e+01   1.0302300e+01   9.9156000e+00   7.7980000e+00   7.8944000e+00
   1.0023900e+01   1.0108700e+01   9.8879000e+00   1.0026300e+01   7.4350000e+00   7.6020000e+00
   8.3924000e+00   8.0963000e+00   8.5063000e+00   8.9223000e+00   7.0430000e+00   7.2569000e+00
   9.5409000e+00   8.9671000e+00   9.1716000e+00   9.4303000e+00   7.0382000e+00   6.9205000e+00
   9.9294000e+00   9.7303000e+00   9.4678000e+00   9.6086000e+00   7.8916000e+00   7.1305000e+00
   1.0061800e+01   9.8384000e+00   9.5575000e+00   9.1318000e+00   8.3730000e+00   7.5430000e+00
   9.7936000e+00   9.8893000e+00   9.8966000e+00   9.8413000e+00   7.1950000e+00   7.3779000e+00
   1.0381900e+01   1.0492600e+01   1.0529900e+01   1.0473900e+01   7.3182000e+00   7.5377000e+00
   1.0802500e+01   1.0772800e+01   1.0697000e+01   1.0488300e+01   7.7193000e+00   7.6128000e+00
   1.0757400e+01   1.0894000e+01   1.0863000e+01   1.0775200e+01   8.0781000e+00   6.9965000e+00
   1.0376700e+01   9.9466000e+00   1.0192300e+01   1.0320400e+01   7.9965000e+00   7.0430000e+00
   1.0781400e+01   1.0549700e+01   1.0370100e+01   1.0184800e+01   7.1536000e+00   7.4176000e+00
   1.0140600e+01   9.5917000e+00   9.7953000e+00   9.9519000e+00   7.2460000e+00   7.0988000e+00
   1.0152400e+01   9.6975000e+00   9.7530000e+00   9.5916000e+00   8.8737000e+00   6.9688000e+00
   1.0376900e+01   9.7965000e+00   9.9303000e+00   9.7945000e+00   8.7674000e+00   6.8272000e+00
   1.0579100e+01   9.9458000e+00   1.0106900e+01   1.0008000e+01   9.5094000e+00   6.9888000e+00
   1.0671700e+01   1.0270400e+01   1.0258900e+01   1.0099900e+01   9.9749000e+00   7.3427000e+00
   1.0607800e+01   1.0325700e+01   1.0418300e+01   1.0223600e+01   1.0479100e+01   7.8741000e+00
   1.0585100e+01   1.0339100e+01   1.0449400e+01   1.0217300e+01   1.1402700e+01   8.5975000e+00
   1.0486900e+01   1.0401500e+01   1.0485500e+01   1.0279600e+01   1.1716500e+01   9.4884000e+00
   1.0360400e+01   1.0396200e+01   1.0422100e+01   1.0231000e+01   1.1602200e+01   1.0212400e+01
   1.0538200e+01   1.0618700e+01   1.0604500e+01   1.0394900e+01   1.2324800e+01   9.6426000e+00
   1.0641600e+01   1.0623200e+01   1.0637900e+01   1.0431100e+01   1.0600800e+01   1.1042000e+01
   1.0740700e+01   1.0702500e+01   1.0699400e+01   1.0549400e+01   9.1481000e+00   1.3160300e+01
   1.0909300e+01   1.0812700e+01   1.0808700e+01   1.0715700e+01   9.7045000e+00   1.1521700e+01
   1.0848200e+01   1.0574200e+01   1.0677500e+01   1.0649600e+01   9.4272000e+00   1.0357200e+01
   1.0529900e+01   1.0341700e+01   1.0383000e+01   1.0410100e+01   1.0068700e+01   1.0147700e+01
   1.0322700e+01   1.0260600e+01   1.0203600e+01   1.0276600e+01   9.4998000e+00   9.6844000e+00
   1.0375000e+01   1.0336900e+01   1.0275200e+01   1.0412500e+01   8.7447000e+00   9.3047000e+00
   1.0345000e+01   1.0189800e+01   1.0173700e+01   1.0278600e+01   9.7903000e+00   9.1273000e+00
   1.0083900e+01   9.9800000e+00   9.9715000e+00   1.0101800e+01   9.8907000e+00   9.0330000e+00
   9.8775000e+00   9.8843000e+00   9.8193000e+00   9.9950000e+00   9.3113000e+00   8.7036000e+00
   9.8075000e+00   9.7952000e+00   9.7374000e+00   9.9194000e+00   8.8647000e+00   8.4407000e+00
   9.6445000e+00   9.6416000e+00   9.5800000e+00   9.7640000e+00   8.4240000e+00   8.3197000e+00
   9.5308000e+00   9.4970000e+00   9.4443000e+00   9.6203000e+00   7.9686000e+00   8.2416000e+00
   9.5057000e+00   9.4688000e+00   9.3954000e+00   9.5666000e+00   7.5374000e+00   8.0646000e+00
   9.6780000e+00   9.5462000e+00   9.4512000e+00   9.5490000e+00   6.9485000e+00   7.5501000e+00
   9.7519000e+00   9.4041000e+00   9.4447000e+00   9.4818000e+00   6.4830000e+00   7.1066000e+00
   9.7819000e+00   9.3715000e+00   9.4438000e+00   9.4101000e+00   6.3059000e+00   6.8426000e+00
   9.6489000e+00   9.3499000e+00   9.3936000e+00   9.3904000e+00   6.3656000e+00   6.7372000e+00
   9.4948000e+00   9.3029000e+00   9.3179000e+00   9.3834000e+00   6.4665000e+00   6.7532000e+00
   9.3990000e+00   9.3501000e+00   9.3061000e+00   9.4295000e+00   6.7616000e+00   6.7168000e+00
   9.3752000e+00   9.4503000e+00   9.3360000e+00   9.4999000e+00   7.2682000e+00   6.7961000e+00
   9.2585000e+00   9.3567000e+00   9.2680000e+00   9.4791000e+00   7.6117000e+00   7.1447000e+00
   9.0483000e+00   9.1442000e+00   9.1286000e+00   9.3669000e+00   7.4424000e+00   7.0302000e+00
   9.1193000e+00   9.2244000e+00   9.1734000e+00   9.3577000e+00   7.3300000e+00   6.7903000e+00
   9.0418000e+00   9.1428000e+00   9.2084000e+00   9.3753000e+00   7.2251000e+00   6.8493000e+00
   9.0822000e+00   9.3062000e+00   9.3133000e+00   9.4618000e+00   7.0549000e+00   6.9048000e+00
   9.2852000e+00   9.5900000e+00   9.5282000e+00   9.6298000e+00   7.0182000e+00   6.9066000e+00
   9.6575000e+00   1.0020200e+01   9.9251000e+00   1.0008700e+01   7.0732000e+00   6.8949000e+00
   9.8392000e+00   1.0168700e+01   1.0103700e+01   1.0201500e+01   7.0616000e+00   6.8369000e+00
   9.8727000e+00   1.0256700e+01   1.0194200e+01   1.0278700e+01   7.0185000e+00   6.7244000e+00
   9.8316000e+00   1.0269700e+01   1.0234900e+01   1.0381200e+01   7.0251000e+00   6.6330000e+00
   9.6332000e+00   1.0127400e+01   1.0090900e+01   1.0237000e+01   7.0987000e+00   6.6461000e+00
   9.5917000e+00   1.0124200e+01   1.0082500e+01   1.0188600e+01   7.1598000e+00   6.8010000e+00
   9.5176000e+00   1.0143100e+01   1.0082800e+01   1.0204900e+01   7.1744000e+00   6.9243000e+00
   9.4017000e+00   1.0050300e+01   1.0062500e+01   1.0212600e+01   7.0934000e+00   6.9772000e+00
   9.2333000e+00   1.0020300e+01   1.0023900e+01   1.0261500e+01   6.9600000e+00   6.9406000e+00
   9.0737000e+00   9.9689000e+00   1.0003400e+01   1.0314700e+01   6.8601000e+00   6.8227000e+00
   9.0948000e+00   1.0123400e+01   1.0099300e+01   1.0459600e+01   6.7438000e+00   6.7064000e+00
   9.4335000e+00   1.0519600e+01   1.0432800e+01   1.0810800e+01   6.6765000e+00   6.6581000e+00
   9.7468000e+00   1.0835100e+01   1.0752600e+01   1.1123300e+01   6.6578000e+00   6.7259000e+00
   1.0120200e+01   1.1320000e+01   1.1146000e+01   1.1519600e+01   6.7109000e+00   7.0385000e+00
   1.0536600e+01   1.1663900e+01   1.1491300e+01   1.1793700e+01   6.7050000e+00   7.4786000e+00
   1.0798900e+01   1.1908700e+01   1.1750000e+01   1.2049700e+01   6.6393000e+00   7.6603000e+00
   1.0907200e+01   1.2212000e+01   1.1946000e+01   1.2273900e+01   6.6177000e+00   7.6641000e+00
   1.1153700e+01   1.2036600e+01   1.2002300e+01   1.2263800e+01   6.5799000e+00   7.6031000e+00
   1.0973300e+01   1.1837300e+01   1.1801300e+01   1.2026900e+01   6.5146000e+00   7.5497000e+00
   1.0800200e+01   1.1766000e+01   1.1701500e+01   1.1931000e+01   6.4878000e+00   7.5191000e+00
   1.0759900e+01   1.1828800e+01   1.1740800e+01   1.2012100e+01   6.4940000e+00   7.4617000e+00
   1.0812200e+01   1.1826500e+01   1.1760700e+01   1.2008300e+01   6.4948000e+00   7.3857000e+00
   1.0737400e+01   1.1655700e+01   1.1608000e+01   1.1809900e+01   6.3844000e+00   7.1113000e+00
   1.0694000e+01   1.1508300e+01   1.1475600e+01   1.1692900e+01   6.1130000e+00   6.4836000e+00
   1.0654400e+01   1.1526000e+01   1.1448400e+01   1.1672200e+01   5.9803000e+00   5.9095000e+00
   1.0703500e+01   1.1344500e+01   1.1352000e+01   1.1511800e+01   5.1289000e+00   5.0475000e+00
   1.0486700e+01   1.0926400e+01   1.0988300e+01   1.1125100e+01   4.5898000e+00   4.6390000e+00
   1.0101700e+01   1.0422400e+01   1.0551300e+01   1.0668900e+01   4.6407000e+00   4.8879000e+00
   9.6697000e+00   1.0073500e+01   1.0172200e+01   1.0334700e+01   4.8461000e+00   5.2965000e+00
   9.3581000e+00   9.8207000e+00   9.8733000e+00   1.0091100e+01   4.7560000e+00   5.2506000e+00
   9.0195000e+00   9.4189000e+00   9.4770000e+00   9.6511000e+00   4.8905000e+00   5.2311000e+00
   8.4585000e+00   8.7781000e+00   8.8506000e+00   8.9639000e+00   5.0603000e+00   5.4845000e+00
   8.1436000e+00   8.9154000e+00   8.7443000e+00   9.0303000e+00   5.0254000e+00   5.5145000e+00
   8.5008000e+00   9.3277000e+00   9.1795000e+00   9.5445000e+00   5.1150000e+00   5.5527000e+00
   8.3860000e+00   9.1461000e+00   9.0770000e+00   9.4622000e+00   5.2159000e+00   5.5049000e+00
   8.2568000e+00   9.1590000e+00   8.9716000e+00   9.3902000e+00   5.3089000e+00   5.3629000e+00
   8.4058000e+00   9.3025000e+00   9.0773000e+00   9.5032000e+00   5.4509000e+00   5.2777000e+00
   8.5343000e+00   9.3244000e+00   9.1616000e+00   9.5452000e+00   5.5894000e+00   5.2829000e+00
   8.5745000e+00   9.3299000e+00   9.1724000e+00   9.5109000e+00   5.6744000e+00   5.2930000e+00
   8.5787000e+00   9.3436000e+00   9.2105000e+00   9.5014000e+00   5.7108000e+00   5.2724000e+00
   8.5229000e+00   9.3041000e+00   9.1209000e+00   9.4607000e+00   5.7055000e+00   5.2627000e+00
   8.4251000e+00   9.2105000e+00   9.0631000e+00   9.4610000e+00   5.6173000e+00   5.2474000e+00
   8.2004000e+00   8.9754000e+00   8.8282000e+00   9.2876000e+00   5.4880000e+00   5.1968000e+00
   8.0458000e+00   8.8390000e+00   8.6447000e+00   9.0455000e+00   5.3891000e+00   5.1084000e+00
   7.9789000e+00   8.8031000e+00   8.5687000e+00   8.9741000e+00   5.3786000e+00   5.0414000e+00
   8.0194000e+00   8.8838000e+00   8.6433000e+00   9.0957000e+00   5.4457000e+00   5.0281000e+00
   8.0559000e+00   9.0104000e+00   8.7521000e+00   9.2389000e+00   5.5536000e+00   5.0773000e+00
   8.1505000e+00   9.2288000e+00   8.9434000e+00   9.4321000e+00   5.6157000e+00   5.1375000e+00
   8.4674000e+00   9.4938000e+00   9.2664000e+00   9.6723000e+00   5.6524000e+00   5.2012000e+00
   8.7891000e+00   9.4608000e+00   9.3907000e+00   9.6556000e+00   5.7034000e+00   5.2872000e+00
   8.8031000e+00   9.2226000e+00   9.2263000e+00   9.3860000e+00   5.7830000e+00   5.3876000e+00
   8.7166000e+00   9.0895000e+00   9.0739000e+00   9.2211000e+00   5.8424000e+00   5.5311000e+00
   8.6547000e+00   9.0174000e+00   9.0373000e+00   9.2357000e+00   5.8644000e+00   5.7101000e+00
   8.6699000e+00   8.9468000e+00   9.0001000e+00   9.2102000e+00   5.8550000e+00   5.8329000e+00
   8.6535000e+00   8.9500000e+00   9.0232000e+00   9.2240000e+00   5.7639000e+00   5.9112000e+00
   8.6777000e+00   9.0636000e+00   9.1098000e+00   9.3340000e+00   5.6495000e+00   5.9986000e+00
   8.8924000e+00   9.2658000e+00   9.3633000e+00   9.4886000e+00   5.5653000e+00   6.0863000e+00
   9.2937000e+00   9.3439000e+00   9.5884000e+00   9.5055000e+00   5.5075000e+00   6.1624000e+00
   9.5624000e+00   9.2987000e+00   9.6408000e+00   9.3388000e+00   5.5756000e+00   6.2182000e+00
   9.5718000e+00   9.2987000e+00   9.5744000e+00   9.2642000e+00   5.8021000e+00   6.2105000e+00
   9.5829000e+00   9.4100000e+00   9.5744000e+00   9.3600000e+00   6.1118000e+00   6.1649000e+00
   9.4372000e+00   9.5076000e+00   9.5602000e+00   9.4679000e+00   6.3842000e+00   6.2086000e+00
   9.2205000e+00   9.6960000e+00   9.5385000e+00   9.6014000e+00   6.4861000e+00   6.3669000e+00
   9.1968000e+00   1.0086100e+01   9.7091000e+00   9.9357000e+00   6.5157000e+00   6.5786000e+00
   9.4193000e+00   1.0391700e+01   1.0034300e+01   1.0293300e+01   6.5120000e+00   6.6637000e+00
   9.7156000e+00   1.0375700e+01   1.0213800e+01   1.0376600e+01   6.3227000e+00   6.6054000e+00
   9.7329000e+00   1.0232600e+01   1.0152800e+01   1.0281400e+01   6.1960000e+00   6.6739000e+00
   9.6679000e+00   1.0137200e+01   1.0067800e+01   1.0217100e+01   6.3258000e+00   6.9304000e+00
   9.5895000e+00   9.9375000e+00   9.9181000e+00   1.0023600e+01   5.9956000e+00   6.4755000e+00
   9.3843000e+00   9.6183000e+00   9.6383000e+00   9.7050000e+00   6.0212000e+00   6.5284000e+00
   9.0205000e+00   9.1787000e+00   9.2823000e+00   9.3154000e+00   6.1597000e+00   6.6648000e+00
   8.7472000e+00   8.7585000e+00   8.8675000e+00   8.9118000e+00   6.3347000e+00   6.7781000e+00
   8.6430000e+00   8.6404000e+00   8.6465000e+00   8.7242000e+00   6.3934000e+00   6.8352000e+00
   8.3038000e+00   8.3026000e+00   8.4033000e+00   8.4744000e+00   6.4534000e+00   6.8472000e+00
   8.0015000e+00   7.9670000e+00   8.0639000e+00   8.1282000e+00   6.6315000e+00   6.8720000e+00
   7.7051000e+00   7.6958000e+00   7.7672000e+00   7.8146000e+00   6.8826000e+00   6.9625000e+00
   7.4206000e+00   7.4135000e+00   7.4804000e+00   7.5180000e+00   7.0871000e+00   7.1408000e+00
   7.1544000e+00   7.1354000e+00   7.1984000e+00   7.2242000e+00   7.4755000e+00   7.3063000e+00
   6.9019000e+00   6.8728000e+00   6.9241000e+00   6.9433000e+00   7.8454000e+00   7.5313000e+00
   6.6548000e+00   6.6509000e+00   6.6728000e+00   6.6883000e+00   7.6027000e+00   7.7301000e+00
   6.4464000e+00   6.4662000e+00   6.4741000e+00   6.4874000e+00   7.1667000e+00   7.5873000e+00
   6.2943000e+00   6.3241000e+00   6.3200000e+00   6.3365000e+00   6.3049000e+00   7.0397000e+00
   6.1659000e+00   6.2132000e+00   6.1929000e+00   6.2316000e+00   5.3925000e+00   6.1177000e+00
   5.9972000e+00   6.0413000e+00   6.0373000e+00   6.0852000e+00   4.4439000e+00   5.1363000e+00
   5.8085000e+00   5.7621000e+00   5.8584000e+00   5.9313000e+00   3.4646000e+00   4.1483000e+00
   5.5731000e+00   5.4677000e+00   5.6158000e+00   5.6749000e+00   3.0015000e+00   3.2568000e+00
   5.4073000e+00   5.3168000e+00   5.4074000e+00   5.4216000e+00   2.5941000e+00   2.8169000e+00
   5.2415000e+00   5.2001000e+00   5.2733000e+00   5.2904000e+00   2.1505000e+00   2.3441000e+00
   5.0791000e+00   5.0538000e+00   5.1329000e+00   5.1815000e+00   1.7960000e+00   1.9033000e+00
   4.9291000e+00   4.9236000e+00   4.9706000e+00   5.0025000e+00   1.5661000e+00   1.5014000e+00
   4.7875000e+00   4.7923000e+00   4.8312000e+00   4.8587000e+00   1.4211000e+00   1.2237000e+00
   4.6888000e+00   4.7207000e+00   4.7309000e+00   4.7526000e+00   1.3682000e+00   1.0937000e+00
   4.6876000e+00   4.7520000e+00   4.7364000e+00   4.7584000e+00   1.3344000e+00   1.1035000e+00
   4.7670000e+00   4.8502000e+00   4.8212000e+00   4.8474000e+00   1.4162000e+00   1.2046000e+00
