   6.0939000e+00   6.2915000e+00   6.2601000e+00   6.3554000e+00   5.8278000e+00   5.8309000e+00
   5.9555000e+00   6.1343000e+00   6.1260000e+00   6.2148000e+00   5.7363000e+00   5.8113000e+00
   5.9592000e+00   6.0998000e+00   6.1280000e+00   6.2124000e+00   5.7050000e+00   5.9150000e+00
   6.0940000e+00   6.2031000e+00   6.2321000e+00   6.3131000e+00   5.6064000e+00   5.9313000e+00
   6.2093000e+00   6.2577000e+00   6.3043000e+00   6.3633000e+00   5.5064000e+00   5.9809000e+00
   6.2973000e+00   6.3264000e+00   6.3856000e+00   6.4334000e+00   5.3670000e+00   5.9941000e+00
   6.4272000e+00   6.4405000e+00   6.5176000e+00   6.5485000e+00   5.5087000e+00   6.1716000e+00
   6.7645000e+00   6.7678000e+00   6.8309000e+00   6.8500000e+00   5.6493000e+00   6.3312000e+00
   6.9566000e+00   6.9458000e+00   7.0043000e+00   7.0189000e+00   5.8506000e+00   6.3907000e+00
   7.1081000e+00   7.1059000e+00   7.1673000e+00   7.1837000e+00   5.8987000e+00   6.4653000e+00
   7.3371000e+00   7.3366000e+00   7.3851000e+00   7.3705000e+00   5.7954000e+00   6.5458000e+00
   7.6235000e+00   7.5810000e+00   7.6462000e+00   7.5966000e+00   5.7902000e+00   6.7087000e+00
   7.7705000e+00   7.7318000e+00   7.7856000e+00   7.7212000e+00   5.9329000e+00   6.7762000e+00
   7.9725000e+00   7.9502000e+00   7.9882000e+00   7.9220000e+00   5.9543000e+00   6.8361000e+00
   8.1248000e+00   8.1149000e+00   8.1554000e+00   8.0830000e+00   6.1445000e+00   6.8484000e+00
   8.2858000e+00   8.2983000e+00   8.3334000e+00   8.2667000e+00   6.2241000e+00   6.9157000e+00
   8.2769000e+00   8.3152000e+00   8.3334000e+00   8.2670000e+00   6.4554000e+00   7.1234000e+00
   8.3494000e+00   8.3438000e+00   8.3794000e+00   8.3099000e+00   6.7738000e+00   7.4964000e+00
   8.4519000e+00   8.4531000e+00   8.5076000e+00   8.4817000e+00   6.9998000e+00   7.6257000e+00
   8.3586000e+00   8.4354000e+00   8.4233000e+00   8.4380000e+00   6.9545000e+00   7.4535000e+00
   8.0429000e+00   8.1801000e+00   8.1142000e+00   8.2045000e+00   6.5699000e+00   6.8962000e+00
   7.7326000e+00   7.8950000e+00   7.8549000e+00   8.0185000e+00   6.3058000e+00   6.6352000e+00
   7.6216000e+00   7.6818000e+00   7.6410000e+00   7.7551000e+00   5.9760000e+00   6.3820000e+00
   7.0689000e+00   7.3800000e+00   7.1210000e+00   7.3583000e+00   5.1735000e+00   5.4719000e+00
   6.4989000e+00   6.8497000e+00   6.6110000e+00   6.7805000e+00   4.4406000e+00   4.8244000e+00
   6.1490000e+00   6.3894000e+00   6.1723000e+00   6.1927000e+00   4.1200000e+00   4.3910000e+00
   6.0694000e+00   6.1916000e+00   6.0355000e+00   5.9917000e+00   3.8668000e+00   4.1312000e+00
   5.9485000e+00   6.0352000e+00   5.9852000e+00   5.8812000e+00   3.8511000e+00   4.2939000e+00
   6.1579000e+00   6.1767000e+00   6.2473000e+00   6.1557000e+00   4.3149000e+00   4.8384000e+00
   6.2880000e+00   6.4271000e+00   6.3765000e+00   6.2659000e+00   4.6314000e+00   4.9400000e+00
   6.2305000e+00   6.3861000e+00   6.2778000e+00   6.1447000e+00   4.7034000e+00   4.8650000e+00
   6.2520000e+00   6.3401000e+00   6.2370000e+00   6.0674000e+00   4.8849000e+00   4.9341000e+00
   6.2567000e+00   6.2949000e+00   6.2324000e+00   6.0387000e+00   5.2781000e+00   5.1899000e+00
   6.2708000e+00   6.2736000e+00   6.2763000e+00   6.0748000e+00   5.4814000e+00   5.3809000e+00
   6.3886000e+00   6.3027000e+00   6.3740000e+00   6.2509000e+00   5.4095000e+00   5.5710000e+00
   6.5263000e+00   6.2789000e+00   6.4190000e+00   6.4133000e+00   5.3865000e+00   5.8368000e+00
   6.6803000e+00   6.2985000e+00   6.4864000e+00   6.5419000e+00   5.5329000e+00   6.1505000e+00
   6.7229000e+00   6.3528000e+00   6.5387000e+00   6.6050000e+00   5.7424000e+00   6.4688000e+00
   6.8993000e+00   6.3893000e+00   6.6120000e+00   6.6581000e+00   6.0556000e+00   6.7238000e+00
   7.1270000e+00   6.3963000e+00   6.6618000e+00   6.7506000e+00   6.3121000e+00   6.9101000e+00
   7.3244000e+00   6.3986000e+00   6.7027000e+00   6.8979000e+00   6.5212000e+00   7.0600000e+00
   7.4577000e+00   6.3981000e+00   6.7545000e+00   7.0737000e+00   6.6608000e+00   7.1600000e+00
   7.5075000e+00   6.3699000e+00   6.7781000e+00   7.1966000e+00   6.7300000e+00   7.2194000e+00
   7.5359000e+00   6.3559000e+00   6.7648000e+00   7.2286000e+00   6.7737000e+00   7.2643000e+00
   7.5283000e+00   6.3434000e+00   6.6969000e+00   7.1441000e+00   6.7730000e+00   7.2854000e+00
   7.5139000e+00   6.2691000e+00   6.5993000e+00   6.9956000e+00   6.7800000e+00   7.3358000e+00
   7.4522000e+00   6.0869000e+00   6.4455000e+00   6.7542000e+00   6.8024000e+00   7.3561000e+00
   7.2405000e+00   5.7903000e+00   6.2468000e+00   6.4443000e+00   6.8246000e+00   7.3710000e+00
   6.9102000e+00   5.4045000e+00   6.0175000e+00   6.0594000e+00   6.8877000e+00   7.4089000e+00
   6.5536000e+00   5.1415000e+00   5.8587000e+00   5.8256000e+00   6.9521000e+00   7.4678000e+00
   6.1709000e+00   5.3166000e+00   6.0004000e+00   6.1788000e+00   6.9885000e+00   7.5069000e+00
   6.1589000e+00   6.2212000e+00   6.5426000e+00   6.9257000e+00   7.0550000e+00   7.4930000e+00
   6.4863000e+00   7.1473000e+00   7.0451000e+00   7.5252000e+00   7.0400000e+00   7.4561000e+00
   6.8108000e+00   7.8337000e+00   7.5545000e+00   7.8826000e+00   6.9866000e+00   7.3738000e+00
   7.2601000e+00   8.2250000e+00   7.8931000e+00   8.0186000e+00   7.0029000e+00   7.2456000e+00
   7.7311000e+00   8.3329000e+00   8.0671000e+00   8.1614000e+00   7.0059000e+00   7.1885000e+00
   7.8849000e+00   8.3476000e+00   8.0729000e+00   8.2187000e+00   6.8932000e+00   7.1457000e+00
   7.8519000e+00   8.3417000e+00   8.0606000e+00   8.2621000e+00   6.6710000e+00   6.7592000e+00
   7.7918000e+00   8.3563000e+00   8.1541000e+00   8.4420000e+00   6.4991000e+00   6.5248000e+00
   8.0671000e+00   8.7001000e+00   8.4964000e+00   8.8158000e+00   6.3672000e+00   6.4094000e+00
   8.3845000e+00   9.1196000e+00   8.8682000e+00   9.2255000e+00   6.4671000e+00   6.4711000e+00
   8.7914000e+00   9.6032000e+00   9.2660000e+00   9.5191000e+00   6.9346000e+00   6.8861000e+00
   8.8925000e+00   9.6997000e+00   9.3570000e+00   9.6783000e+00   6.7765000e+00   6.7555000e+00
   9.0169000e+00   9.9207000e+00   9.6547000e+00   9.9029000e+00   6.8154000e+00   6.2294000e+00
   9.4452000e+00   1.0088100e+01   9.8059000e+00   1.0062600e+01   7.1078000e+00   5.3144000e+00
   9.5164000e+00   1.0425400e+01   1.0165400e+01   1.0587000e+01   5.8005000e+00   6.0870000e+00
   9.7599000e+00   1.0834500e+01   1.0522400e+01   1.0981600e+01   6.2014000e+00   6.3972000e+00
   9.9504000e+00   1.0854100e+01   1.0546700e+01   1.0888100e+01   6.9732000e+00   6.5089000e+00
   1.0174900e+01   1.0936100e+01   1.0602600e+01   1.0873700e+01   6.9465000e+00   6.5823000e+00
   1.0262400e+01   1.0907100e+01   1.0602000e+01   1.0821200e+01   6.8242000e+00   6.5901000e+00
   1.0378300e+01   1.0960100e+01   1.0711000e+01   1.0929500e+01   6.7336000e+00   6.5328000e+00
   1.0477700e+01   1.0997200e+01   1.0805000e+01   1.1013500e+01   6.7859000e+00   6.5412000e+00
   1.0626900e+01   1.1082800e+01   1.0932500e+01   1.1100100e+01   6.6659000e+00   6.6969000e+00
   1.0631600e+01   1.1058600e+01   1.0923700e+01   1.1090300e+01   6.5650000e+00   6.8937000e+00
   1.0661600e+01   1.1124300e+01   1.1003300e+01   1.1195100e+01   6.6273000e+00   6.8114000e+00
   1.0625400e+01   1.1120200e+01   1.1030800e+01   1.1261900e+01   6.6606000e+00   6.7569000e+00
   1.0582400e+01   1.1158200e+01   1.1071500e+01   1.1338400e+01   6.6800000e+00   6.8491000e+00
   1.0491600e+01   1.1125700e+01   1.1043300e+01   1.1348800e+01   6.8263000e+00   7.0097000e+00
   1.0455500e+01   1.1080400e+01   1.0984400e+01   1.1277600e+01   7.0164000e+00   7.3724000e+00
   1.0539700e+01   1.1083500e+01   1.0997400e+01   1.1250400e+01   7.3134000e+00   7.7766000e+00
   1.0681900e+01   1.1132300e+01   1.1074100e+01   1.1311100e+01   7.4518000e+00   8.0891000e+00
   1.0845800e+01   1.1231600e+01   1.1199800e+01   1.1431900e+01   7.5259000e+00   8.2436000e+00
   1.0975200e+01   1.1349600e+01   1.1286700e+01   1.1507900e+01   7.6400000e+00   8.3708000e+00
   1.1098900e+01   1.1445800e+01   1.1362900e+01   1.1572800e+01   7.8033000e+00   8.5586000e+00
   1.1241900e+01   1.1594700e+01   1.1481700e+01   1.1679600e+01   8.1184000e+00   8.7204000e+00
   1.1401000e+01   1.1743400e+01   1.1614300e+01   1.1829100e+01   8.2953000e+00   8.8560000e+00
   1.1529200e+01   1.1887900e+01   1.1759700e+01   1.2011800e+01   8.4202000e+00   8.7744000e+00
   1.1732100e+01   1.2070800e+01   1.1969900e+01   1.2212400e+01   8.5360000e+00   8.7176000e+00
   1.1786900e+01   1.2126800e+01   1.2005800e+01   1.2214600e+01   8.7293000e+00   8.6265000e+00
   1.1814800e+01   1.2145600e+01   1.2015800e+01   1.2216400e+01   8.8445000e+00   8.6279000e+00
   1.1773500e+01   1.2095600e+01   1.1985800e+01   1.2186000e+01   8.8297000e+00   8.5471000e+00
   1.1710200e+01   1.2021400e+01   1.1940900e+01   1.2150000e+01   8.5187000e+00   8.4149000e+00
   1.1817400e+01   1.2078400e+01   1.2056300e+01   1.2258000e+01   8.1445000e+00   8.2262000e+00
   1.1876400e+01   1.2130000e+01   1.2152600e+01   1.2371600e+01   7.8174000e+00   8.0965000e+00
   1.2010100e+01   1.2241000e+01   1.2296900e+01   1.2528900e+01   7.5909000e+00   7.9141000e+00
   1.1917900e+01   1.2083700e+01   1.2201400e+01   1.2446100e+01   7.5813000e+00   7.9245000e+00
   1.1830800e+01   1.1982000e+01   1.2110000e+01   1.2376900e+01   7.6227000e+00   7.7866000e+00
   1.1609200e+01   1.1795200e+01   1.1915600e+01   1.2202400e+01   7.9688000e+00   7.7547000e+00
   1.1386800e+01   1.1561000e+01   1.1706700e+01   1.2009200e+01   8.0927000e+00   7.7687000e+00
   1.1256700e+01   1.1402200e+01   1.1547800e+01   1.1836700e+01   8.0610000e+00   7.7748000e+00
   1.1223300e+01   1.1327300e+01   1.1469500e+01   1.1732100e+01   8.2185000e+00   7.8060000e+00
   1.1385400e+01   1.1470400e+01   1.1602300e+01   1.1846200e+01   8.3315000e+00   7.8180000e+00
   1.1544300e+01   1.1600000e+01   1.1730000e+01   1.1904700e+01   8.4860000e+00   8.0512000e+00
   1.1749900e+01   1.1827600e+01   1.1937600e+01   1.2093200e+01   8.5246000e+00   8.1226000e+00
   1.1859900e+01   1.1941500e+01   1.2031000e+01   1.2204400e+01   8.5813000e+00   8.2751000e+00
   1.2032400e+01   1.2135400e+01   1.2156800e+01   1.2322700e+01   8.4546000e+00   8.4533000e+00
   1.2231100e+01   1.2380500e+01   1.2361800e+01   1.2497000e+01   8.4636000e+00   8.6280000e+00
   1.2335600e+01   1.2604900e+01   1.2562100e+01   1.2753800e+01   8.4973000e+00   8.6388000e+00
   1.2464200e+01   1.2793400e+01   1.2767700e+01   1.3011100e+01   8.5487000e+00   8.6961000e+00
   1.2560600e+01   1.2933500e+01   1.2878700e+01   1.3141300e+01   8.7348000e+00   8.7239000e+00
   1.2493700e+01   1.2895200e+01   1.2818400e+01   1.3087100e+01   8.9558000e+00   8.9888000e+00
   1.2502000e+01   1.2899800e+01   1.2825900e+01   1.3094200e+01   9.0460000e+00   9.1979000e+00
   1.2486900e+01   1.2930600e+01   1.2827300e+01   1.3111800e+01   8.8579000e+00   9.1882000e+00
   1.2357700e+01   1.2765400e+01   1.2738300e+01   1.3044400e+01   8.1482000e+00   8.9267000e+00
   1.2179300e+01   1.2517500e+01   1.2612200e+01   1.2962900e+01   7.9018000e+00   8.4659000e+00
   1.1922400e+01   1.2075700e+01   1.2254700e+01   1.2653800e+01   7.5878000e+00   8.4901000e+00
   1.1122900e+01   1.1499700e+01   1.1584000e+01   1.2170500e+01   6.8673000e+00   7.4584000e+00
   1.0249100e+01   1.0662600e+01   1.0776800e+01   1.1303600e+01   6.1387000e+00   6.5541000e+00
   9.7479000e+00   1.0002200e+01   1.0192600e+01   1.0592800e+01   5.5561000e+00   5.8986000e+00
   9.7111000e+00   9.7440000e+00   9.9933000e+00   1.0341800e+01   5.0627000e+00   5.5144000e+00
   9.5195000e+00   9.5249000e+00   9.7087000e+00   1.0038100e+01   4.9060000e+00   5.3701000e+00
   9.4299000e+00   9.3886000e+00   9.5743000e+00   9.8146000e+00   5.2040000e+00   5.6870000e+00
   9.4713000e+00   9.3818000e+00   9.5239000e+00   9.6331000e+00   5.1848000e+00   5.5824000e+00
   9.5619000e+00   9.6505000e+00   9.6435000e+00   9.6671000e+00   5.3744000e+00   5.5574000e+00
   9.6608000e+00   9.9570000e+00   9.8533000e+00   9.8176000e+00   5.4860000e+00   5.5610000e+00
   9.6882000e+00   1.0115100e+01   9.9559000e+00   9.8992000e+00   5.5242000e+00   5.2338000e+00
   9.9008000e+00   1.0384900e+01   1.0174600e+01   1.0093700e+01   5.2867000e+00   5.0712000e+00
   9.9718000e+00   1.0495200e+01   1.0273500e+01   1.0160500e+01   5.0146000e+00   4.9786000e+00
   9.9797000e+00   1.0597500e+01   1.0312100e+01   1.0148300e+01   4.6308000e+00   4.7501000e+00
   9.2636000e+00   9.8659000e+00   9.6992000e+00   9.4673000e+00   4.4362000e+00   4.5565000e+00
   8.6633000e+00   9.3841000e+00   9.1257000e+00   8.8824000e+00   3.9922000e+00   4.0686000e+00
   8.4713000e+00   9.1491000e+00   8.8232000e+00   8.5831000e+00   3.5929000e+00   3.7643000e+00
   8.4961000e+00   9.2258000e+00   8.7736000e+00   8.5576000e+00   3.1272000e+00   3.4505000e+00
   8.4988000e+00   9.1557000e+00   8.7062000e+00   8.4332000e+00   2.8302000e+00   3.2144000e+00
   8.1520000e+00   8.8157000e+00   8.4635000e+00   8.1062000e+00   2.5237000e+00   2.8853000e+00
   7.7236000e+00   8.5183000e+00   8.1315000e+00   7.7167000e+00   2.4682000e+00   2.8534000e+00
   7.4505000e+00   8.1383000e+00   7.8957000e+00   7.5695000e+00   2.2211000e+00   2.6234000e+00
   7.2240000e+00   7.9431000e+00   7.5606000e+00   7.4914000e+00   2.1685000e+00   2.5307000e+00
   6.5668000e+00   6.9085000e+00   6.8489000e+00   6.8644000e+00   2.8388000e+00   2.4790000e+00
   7.1001000e+00   6.8583000e+00   7.1079000e+00   7.0071000e+00   3.3979000e+00   2.7610000e+00
   7.3161000e+00   7.5541000e+00   7.2637000e+00   7.0543000e+00   3.9366000e+00   2.9436000e+00
   7.2863000e+00   7.6660000e+00   7.2464000e+00   6.9663000e+00   3.9027000e+00   3.4601000e+00
   7.2646000e+00   7.6438000e+00   7.2017000e+00   6.8037000e+00   2.3975000e+00   3.0519000e+00
   7.0870000e+00   7.5323000e+00   7.0914000e+00   6.6229000e+00   2.2044000e+00   2.4570000e+00
   7.0079000e+00   7.4937000e+00   7.0031000e+00   6.4826000e+00   1.0426000e+00   2.2128000e+00
   7.3563000e+00   7.8359000e+00   7.2285000e+00   6.6749000e+00  -5.3390000e-01   1.8217000e+00
   7.2049000e+00   7.5680000e+00   6.9727000e+00   6.4508000e+00  -4.4638000e+00   2.6272000e+00
   7.4678000e+00   7.6921000e+00   7.1813000e+00   6.7582000e+00  -5.0063000e+00   2.1672000e+00
   7.4854000e+00   7.6975000e+00   7.0814000e+00   6.7713000e+00  -6.4052000e+00  -3.1097000e+00
   7.2442000e+00   7.2166000e+00   6.9145000e+00   6.7845000e+00  -7.5018000e+00  -8.2039000e+00
   7.2506000e+00   7.1785000e+00   7.1440000e+00   6.9119000e+00  -5.1218000e+00  -1.0097600e+01
   7.2083000e+00   7.3670000e+00   7.5167000e+00   7.2044000e+00  -1.7477000e+00  -9.6768000e+00
   7.3975000e+00   7.9184000e+00   8.2388000e+00   8.2270000e+00  -1.3294000e+00  -5.8411000e+00
   7.0736000e+00   7.6843000e+00   9.1153000e+00   1.1217800e+01  -1.9523000e+00  -5.8306000e+00
   8.8513000e+00   1.0783000e+01   1.0492900e+01   1.1034900e+01  -2.4407000e+00  -3.9811000e+00
   9.7028000e+00   1.0299500e+01   9.7402000e+00   1.0292400e+01  -8.9220000e-01  -2.2221000e+00
   9.8140000e+00   1.0797900e+01   1.0178700e+01   1.0541100e+01   2.5350000e-01  -3.5964000e+00
   1.1270900e+01   1.0660900e+01   1.0669600e+01   1.0750000e+01   7.7830000e-01  -1.8568000e+00
   1.2214500e+01   1.1138300e+01   1.1837400e+01   1.1493900e+01   3.0000000e-01   3.4225000e+00
   1.0427900e+01   1.3682800e+01   1.2120100e+01   1.3206900e+01   1.3703000e+00   7.6386000e+00
   8.5993000e+00   9.9133000e+00   8.5984000e+00   9.0470000e+00   4.5309000e+00   6.9061000e+00
   1.0741700e+01   1.0547900e+01   1.0130800e+01   9.7144000e+00   7.4317000e+00   6.9875000e+00
   1.2690600e+01   1.2957000e+01   1.2138700e+01   1.1431900e+01   6.9785000e+00   7.2866000e+00
   1.1031700e+01   1.1958400e+01   1.1177600e+01   1.1216100e+01   6.3377000e+00   7.5306000e+00
   9.2569000e+00   1.0396200e+01   1.0316200e+01   1.1092000e+01   7.2531000e+00   6.8919000e+00
   8.4290000e+00   1.0032100e+01   9.9224000e+00   1.1060200e+01   6.6972000e+00   6.3671000e+00
   8.3305000e+00   9.4855000e+00   8.5352000e+00   8.5849000e+00   6.2360000e+00   6.6790000e+00
   8.0785000e+00   8.4896000e+00   7.2693000e+00   7.1156000e+00   6.3931000e+00   6.1311000e+00
   7.4589000e+00   6.9652000e+00   6.2828000e+00   5.5498000e+00   6.4576000e+00   5.7238000e+00
   7.3543000e+00   7.5734000e+00   6.9609000e+00   6.8296000e+00   6.7347000e+00   6.5401000e+00
   6.3743000e+00   6.8264000e+00   6.2958000e+00   6.1865000e+00   7.3184000e+00   7.2287000e+00
   6.3963000e+00   6.6171000e+00   6.2405000e+00   6.2098000e+00   7.6380000e+00   7.6162000e+00
   5.7739000e+00   5.7902000e+00   5.3676000e+00   5.1257000e+00   8.3494000e+00   7.9108000e+00
   4.5555000e+00   4.5964000e+00   4.2605000e+00   4.1855000e+00   8.4775000e+00   8.1529000e+00
   3.8549000e+00   3.9266000e+00   3.4687000e+00   3.2556000e+00   8.1708000e+00   8.1758000e+00
   3.2563000e+00   3.2553000e+00   3.0260000e+00   2.8497000e+00   7.5461000e+00   7.6798000e+00
   2.8645000e+00   2.8804000e+00   2.4816000e+00   2.2543000e+00   6.9836000e+00   7.1917000e+00
   3.4026000e+00   3.4965000e+00   3.1200000e+00   2.9236000e+00   6.5535000e+00   6.6818000e+00
   3.8231000e+00   3.8836000e+00   3.6340000e+00   3.5589000e+00   5.7323000e+00   6.1629000e+00
   4.9906000e+00   4.7909000e+00   4.5343000e+00   4.3043000e+00   4.8429000e+00   5.7220000e+00
   5.2604000e+00   5.2444000e+00   5.0380000e+00   4.9114000e+00   3.8788000e+00   4.7079000e+00
   5.0542000e+00   5.1062000e+00   5.0188000e+00   5.0016000e+00   3.1599000e+00   3.6761000e+00
   4.6575000e+00   4.7042000e+00   4.5777000e+00   4.5540000e+00   1.8186000e+00   2.5035000e+00
   5.2480000e+00   5.1639000e+00   5.3218000e+00   5.2764000e+00  -1.4358000e+00   7.5440000e-01
   6.4592000e+00   6.3096000e+00   6.5670000e+00   6.5742000e+00  -3.7347000e+00  -1.6323000e+00
   7.6935000e+00   7.7000000e+00   7.8379000e+00   7.8836000e+00  -5.0530000e+00  -3.9515000e+00
   7.6982000e+00   8.0027000e+00   8.1516000e+00   8.4114000e+00  -6.1794000e+00  -4.8800000e+00
   7.5219000e+00   7.6921000e+00   7.8815000e+00   8.1506000e+00  -6.5828000e+00  -5.7810000e+00
   7.3722000e+00   7.6176000e+00   7.7000000e+00   7.9206000e+00  -6.7445000e+00  -6.0553000e+00
   6.9779000e+00   7.1217000e+00   7.2837000e+00   7.4914000e+00  -6.8341000e+00  -5.8450000e+00
   5.9604000e+00   6.0993000e+00   6.1478000e+00   6.5762000e+00  -6.7877000e+00  -5.7643000e+00
   4.7519000e+00   4.6032000e+00   4.3184000e+00   4.4429000e+00  -6.7041000e+00  -5.7194000e+00
   3.6464000e+00   3.6621000e+00   3.3788000e+00   3.4577000e+00  -6.7604000e+00  -5.5605000e+00
   2.6949000e+00   2.7645000e+00   2.6319000e+00   2.7624000e+00  -6.6186000e+00  -5.4106000e+00
   2.1381000e+00   2.1358000e+00   1.9355000e+00   1.7480000e+00  -6.4469000e+00  -5.2445000e+00
   1.9100000e-01   3.5700000e-01   3.5050000e-01   7.8080000e-01  -6.2576000e+00  -4.9190000e+00
  -2.1310000e-01  -4.2660000e-01  -5.0100000e-01  -6.6160000e-01  -5.9932000e+00  -4.6310000e+00
  -2.6240000e+00  -2.0517000e+00  -1.7851000e+00  -1.3558000e+00  -5.7124000e+00  -4.4086000e+00
  -5.6097000e+00  -5.4710000e+00  -5.1098000e+00  -4.7093000e+00  -5.2875000e+00  -4.2044000e+00
  -6.7364000e+00  -6.9266000e+00  -6.6119000e+00  -6.5014000e+00  -4.8194000e+00  -3.9406000e+00
  -6.5268000e+00  -7.0303000e+00  -6.9733000e+00  -7.2236000e+00  -4.3439000e+00  -3.6371000e+00
  -5.9900000e+00  -6.3962000e+00  -6.3900000e+00  -6.6488000e+00  -4.0285000e+00  -3.3733000e+00
  -5.6728000e+00  -5.9202000e+00  -5.9600000e+00  -6.1058000e+00  -4.0229000e+00  -3.2462000e+00
  -5.5161000e+00  -5.7720000e+00  -5.7678000e+00  -5.8944000e+00  -4.1665000e+00  -3.2494000e+00
  -5.4214000e+00  -5.6767000e+00  -5.6324000e+00  -5.7712000e+00  -4.0909000e+00  -3.3683000e+00
  -5.2123000e+00  -5.5473000e+00  -5.5028000e+00  -5.6515000e+00  -3.6732000e+00  -3.3972000e+00
  -4.7152000e+00  -5.0696000e+00  -5.0795000e+00  -5.2962000e+00  -3.0278000e+00  -3.1643000e+00
  -4.4239000e+00  -4.7105000e+00  -4.6735000e+00  -4.8379000e+00  -2.8113000e+00  -2.7707000e+00
  -4.3081000e+00  -4.5032000e+00  -4.4817000e+00  -4.5970000e+00  -2.9285000e+00  -2.5621000e+00
  -4.3288000e+00  -4.4479000e+00  -4.4091000e+00  -4.4729000e+00  -2.6416000e+00  -2.5093000e+00
  -4.6045000e+00  -4.6279000e+00  -4.5148000e+00  -4.4834000e+00  -2.0844000e+00  -2.5203000e+00
  -4.6546000e+00  -4.8375000e+00  -4.6849000e+00  -4.6319000e+00  -2.1245000e+00  -2.5364000e+00
  -3.9976000e+00  -4.3292000e+00  -4.3281000e+00  -4.5113000e+00  -2.4280000e+00  -2.1874000e+00
  -3.4283000e+00  -3.6190000e+00  -3.6410000e+00  -3.8051000e+00  -2.4305000e+00  -1.7354000e+00
  -3.1403000e+00  -3.1482000e+00  -3.2002000e+00  -3.2555000e+00  -2.7108000e+00  -2.0221000e+00
  -3.0552000e+00  -3.1253000e+00  -3.0681000e+00  -3.0658000e+00  -2.7696000e+00  -2.4607000e+00
  -3.0824000e+00  -3.3587000e+00  -3.1740000e+00  -3.2039000e+00  -2.5658000e+00  -2.2674000e+00
  -3.1922000e+00  -3.6412000e+00  -3.3626000e+00  -3.4310000e+00  -2.5215000e+00  -1.9763000e+00
  -3.5433000e+00  -3.9962000e+00  -3.7002000e+00  -3.8064000e+00  -2.3248000e+00  -1.8230000e+00
  -4.2410000e+00  -4.4667000e+00  -4.0951000e+00  -4.0756000e+00  -2.3930000e+00  -2.1515000e+00
  -4.6317000e+00  -5.2919000e+00  -4.6831000e+00  -4.6685000e+00  -2.9277000e+00  -2.4793000e+00
  -4.9196000e+00  -6.1164000e+00  -5.3655000e+00  -5.7019000e+00  -3.0334000e+00  -2.5797000e+00
  -5.3613000e+00  -6.9768000e+00  -6.2284000e+00  -6.9043000e+00  -2.9286000e+00  -2.5024000e+00
  -6.0132000e+00  -7.7709000e+00  -7.2432000e+00  -8.0110000e+00  -3.1163000e+00  -2.3163000e+00
  -6.8459000e+00  -8.3387000e+00  -8.0788000e+00  -8.7114000e+00  -3.9804000e+00  -2.4932000e+00
  -7.4863000e+00  -8.6552000e+00  -8.5386000e+00  -9.0408000e+00  -4.8650000e+00  -3.3824000e+00
  -7.8522000e+00  -8.7708000e+00  -8.7666000e+00  -9.1642000e+00  -4.9997000e+00  -4.2508000e+00
  -8.1173000e+00  -8.9108000e+00  -8.9254000e+00  -9.2263000e+00  -4.9737000e+00  -4.5925000e+00
  -8.4238000e+00  -9.0958000e+00  -9.1031000e+00  -9.2886000e+00  -5.0036000e+00  -4.7373000e+00
  -8.7893000e+00  -9.3199000e+00  -9.2974000e+00  -9.3502000e+00  -5.1806000e+00  -4.8653000e+00
  -9.1324000e+00  -9.4928000e+00  -9.4469000e+00  -9.3795000e+00  -5.3647000e+00  -5.0246000e+00
  -9.4065000e+00  -9.5357000e+00  -9.4918000e+00  -9.3039000e+00  -5.4503000e+00  -5.1486000e+00
  -9.5476000e+00  -9.3798000e+00  -9.3712000e+00  -9.0852000e+00  -5.4985000e+00  -5.2305000e+00
  -9.6176000e+00  -9.0438000e+00  -9.1344000e+00  -8.7634000e+00  -5.5130000e+00  -5.3421000e+00
  -9.5762000e+00  -8.5993000e+00  -8.8115000e+00  -8.4293000e+00  -5.5602000e+00  -5.4492000e+00
  -9.3665000e+00  -8.1377000e+00  -8.4189000e+00  -8.1348000e+00  -5.6647000e+00  -5.4935000e+00
  -8.9607000e+00  -7.6895000e+00  -7.9576000e+00  -7.8636000e+00  -5.7209000e+00  -5.4963000e+00
  -8.5898000e+00  -7.2240000e+00  -7.5026000e+00  -7.5810000e+00  -5.7737000e+00  -5.5193000e+00
  -8.0545000e+00  -6.6907000e+00  -7.0356000e+00  -7.2174000e+00  -5.8482000e+00  -5.5224000e+00
  -7.4828000e+00  -6.2402000e+00  -6.6097000e+00  -6.8316000e+00  -5.8551000e+00  -5.5159000e+00
  -6.9582000e+00  -5.9795000e+00  -6.3212000e+00  -6.6413000e+00  -5.7613000e+00  -5.4972000e+00
  -6.5770000e+00  -5.8479000e+00  -6.2011000e+00  -6.5504000e+00  -5.5966000e+00  -5.4314000e+00
  -6.3294000e+00  -5.9189000e+00  -6.2198000e+00  -6.6328000e+00  -5.3766000e+00  -5.3169000e+00
  -6.2242000e+00  -5.7629000e+00  -6.1475000e+00  -6.4106000e+00  -5.1308000e+00  -5.1584000e+00
  -5.9634000e+00  -5.5381000e+00  -5.9160000e+00  -6.1153000e+00  -4.8799000e+00  -4.9300000e+00
  -5.7328000e+00  -5.2743000e+00  -5.6546000e+00  -5.7424000e+00  -4.6925000e+00  -4.7300000e+00
  -5.4315000e+00  -4.9600000e+00  -5.2773000e+00  -5.3207000e+00  -4.5221000e+00  -4.5621000e+00
  -5.0406000e+00  -4.6990000e+00  -4.9179000e+00  -4.9908000e+00  -4.3860000e+00  -4.3997000e+00
  -4.5539000e+00  -4.3319000e+00  -4.4310000e+00  -4.5017000e+00  -4.2830000e+00  -4.2770000e+00
  -4.0779000e+00  -4.0740000e+00  -4.0209000e+00  -4.0848000e+00  -4.2175000e+00  -4.1931000e+00
  -3.5360000e+00  -3.7915000e+00  -3.6460000e+00  -3.7430000e+00  -4.1680000e+00  -4.1320000e+00
  -3.1315000e+00  -3.5803000e+00  -3.3119000e+00  -3.3554000e+00  -4.1096000e+00  -4.0491000e+00
  -2.7722000e+00  -3.1856000e+00  -2.9574000e+00  -3.0395000e+00  -4.0880000e+00  -3.9977000e+00
  -2.3683000e+00  -2.7609000e+00  -2.4064000e+00  -2.5343000e+00  -4.1021000e+00  -3.9414000e+00
  -1.4876000e+00  -2.2691000e+00  -1.5834000e+00  -1.7764000e+00  -4.1990000e+00  -3.8700000e+00
  -2.8030000e-01  -1.0331000e+00  -5.1330000e-01  -6.1810000e-01  -4.0928000e+00  -3.4521000e+00
   5.8640000e-01   8.4000000e-03   2.4630000e-01   1.9010000e-01  -3.9223000e+00  -2.9818000e+00
   1.0337000e+00   8.8210000e-01   7.4480000e-01   7.0180000e-01  -3.4505000e+00  -2.4931000e+00
   1.1422000e+00   1.1942000e+00   1.0593000e+00   1.0838000e+00  -2.7428000e+00  -2.1516000e+00
   1.2523000e+00   1.3493000e+00   1.1524000e+00   1.1386000e+00  -2.1014000e+00  -1.9780000e+00
   1.0755000e+00   1.1730000e+00   9.8770000e-01   1.0081000e+00  -1.7674000e+00  -1.9343000e+00
   9.9470000e-01   1.1562000e+00   9.8420000e-01   9.9770000e-01  -1.6418000e+00  -1.9932000e+00
   1.2405000e+00   1.3917000e+00   1.1206000e+00   1.0385000e+00  -1.6659000e+00  -2.1594000e+00
   1.3353000e+00   1.4682000e+00   1.2434000e+00   1.1513000e+00  -1.8054000e+00  -2.3743000e+00
   1.5112000e+00   1.5588000e+00   1.4347000e+00   1.3477000e+00  -2.0123000e+00  -2.5791000e+00
   1.9236000e+00   1.9146000e+00   1.9187000e+00   1.8977000e+00  -2.2143000e+00  -2.7133000e+00
   2.2534000e+00   2.3451000e+00   2.1817000e+00   2.1447000e+00  -2.3770000e+00  -2.7383000e+00
   2.6143000e+00   2.5199000e+00   2.4996000e+00   2.4432000e+00  -2.4831000e+00  -2.6625000e+00
   3.1698000e+00   2.9756000e+00   2.9310000e+00   2.7474000e+00  -2.5307000e+00  -2.5244000e+00
   3.4988000e+00   3.4954000e+00   3.4270000e+00   3.3449000e+00  -2.5299000e+00  -2.3418000e+00
   3.6330000e+00   3.7726000e+00   3.6589000e+00   3.6724000e+00  -2.4896000e+00  -1.9899000e+00
   3.8817000e+00   3.9876000e+00   3.8921000e+00   3.8930000e+00  -2.3833000e+00  -9.9960000e-01
   4.2530000e+00   4.3101000e+00   4.2473000e+00   4.2386000e+00  -2.0772000e+00  -7.4300000e-02
   4.7196000e+00   4.7417000e+00   4.6620000e+00   4.6266000e+00  -1.0320000e+00  -1.5200000e-02
   5.2218000e+00   5.1977000e+00   5.1125000e+00   5.0503000e+00   1.3300000e-02   3.0040000e-01
   5.7497000e+00   5.6903000e+00   5.6042000e+00   5.5125000e+00   3.2600000e-01   8.3030000e-01
   6.1412000e+00   6.0559000e+00   6.0077000e+00   5.9214000e+00   5.5860000e-01   1.0796000e+00
   6.5175000e+00   6.3966000e+00   6.3886000e+00   6.2976000e+00   6.6360000e-01   1.1956000e+00
   6.8090000e+00   6.6905000e+00   6.6865000e+00   6.5805000e+00   7.1990000e-01   1.3803000e+00
   6.9834000e+00   6.9132000e+00   6.8956000e+00   6.8037000e+00   7.8420000e-01   1.7537000e+00
   7.0498000e+00   7.0384000e+00   6.9995000e+00   6.9257000e+00   9.8560000e-01   2.2468000e+00
   7.0237000e+00   7.0715000e+00   7.0239000e+00   6.9772000e+00   1.2145000e+00   2.8002000e+00
   6.9441000e+00   7.0401000e+00   7.0009000e+00   6.9898000e+00   1.5272000e+00   3.4366000e+00
   6.8539000e+00   6.9456000e+00   6.9420000e+00   6.9648000e+00   1.9006000e+00   4.0444000e+00
   6.8542000e+00   6.9073000e+00   6.9200000e+00   6.9578000e+00   2.4967000e+00   4.2197000e+00
   6.9205000e+00   6.9146000e+00   6.9347000e+00   6.9657000e+00   3.0582000e+00   4.2281000e+00
   7.0034000e+00   6.9442000e+00   6.9704000e+00   6.9849000e+00   3.4621000e+00   4.2258000e+00
   7.0438000e+00   6.9780000e+00   6.9990000e+00   7.0052000e+00   3.5777000e+00   4.1279000e+00
   7.0743000e+00   7.0165000e+00   7.0165000e+00   7.0169000e+00   3.6257000e+00   3.9393000e+00
   7.0818000e+00   7.0000000e+00   7.0023000e+00   6.9910000e+00   3.7063000e+00   3.7864000e+00
   7.1274000e+00   7.0141000e+00   7.0428000e+00   7.0264000e+00   3.7253000e+00   3.6385000e+00
   7.1429000e+00   7.0390000e+00   7.0831000e+00   7.0658000e+00   3.7850000e+00   3.5878000e+00
   7.0617000e+00   6.9933000e+00   7.0435000e+00   7.0392000e+00   3.8411000e+00   3.7048000e+00
   6.9437000e+00   6.9004000e+00   6.9666000e+00   6.9927000e+00   3.9070000e+00   4.0344000e+00
   6.8383000e+00   6.8006000e+00   6.8767000e+00   6.9424000e+00   4.0207000e+00   4.5100000e+00
   6.7927000e+00   6.7281000e+00   6.8074000e+00   6.9050000e+00   4.2632000e+00   4.9401000e+00
   6.8103000e+00   6.6831000e+00   6.7648000e+00   6.8551000e+00   4.5868000e+00   5.2272000e+00
   6.9001000e+00   6.7047000e+00   6.7926000e+00   6.8508000e+00   4.9630000e+00   5.4667000e+00
   7.0619000e+00   6.8040000e+00   6.8966000e+00   6.9135000e+00   5.3339000e+00   5.6972000e+00
   7.2370000e+00   6.9349000e+00   7.0298000e+00   7.0157000e+00   5.6389000e+00   5.9394000e+00
   7.4040000e+00   7.0597000e+00   7.1648000e+00   7.1369000e+00   5.9015000e+00   6.1858000e+00
   7.5087000e+00   7.1582000e+00   7.2816000e+00   7.2493000e+00   6.1583000e+00   6.4737000e+00
   7.5982000e+00   7.2796000e+00   7.3924000e+00   7.3669000e+00   6.3780000e+00   6.7628000e+00
   7.7976000e+00   7.4779000e+00   7.5890000e+00   7.5649000e+00   6.5997000e+00   7.0424000e+00
   7.9899000e+00   7.6696000e+00   7.7783000e+00   7.7540000e+00   6.8409000e+00   7.2420000e+00
   8.1487000e+00   7.8500000e+00   7.9485000e+00   7.9315000e+00   7.0750000e+00   7.3211000e+00
   8.2588000e+00   8.0276000e+00   8.0985000e+00   8.0992000e+00   7.1820000e+00   7.2519000e+00
   8.2306000e+00   8.1450000e+00   8.1540000e+00   8.1736000e+00   6.8644000e+00   6.8784000e+00
   7.9194000e+00   8.0949000e+00   7.9853000e+00   8.0132000e+00   6.3236000e+00   6.3648000e+00
   7.5495000e+00   7.8397000e+00   7.6585000e+00   7.6457000e+00   5.9310000e+00   6.0791000e+00
   7.3246000e+00   7.5989000e+00   7.4685000e+00   7.4686000e+00   5.0231000e+00   5.0723000e+00
   6.8991000e+00   7.4838000e+00   7.1944000e+00   7.2383000e+00   4.1839000e+00   4.4017000e+00
   6.4912000e+00   7.1359000e+00   6.7912000e+00   6.7785000e+00   3.7662000e+00   4.0988000e+00
   6.2590000e+00   6.9343000e+00   6.5409000e+00   6.4295000e+00   3.6978000e+00   4.4746000e+00
   6.1875000e+00   6.7513000e+00   6.3680000e+00   6.1612000e+00   4.4171000e+00   4.8535000e+00
   6.2064000e+00   6.6113000e+00   6.2712000e+00   5.9864000e+00   4.6058000e+00   4.8944000e+00
   6.1449000e+00   6.5259000e+00   6.1912000e+00   5.9357000e+00   4.7532000e+00   5.2458000e+00
   6.0628000e+00   6.3512000e+00   6.0573000e+00   5.8351000e+00   5.2113000e+00   5.5096000e+00
   6.1300000e+00   6.1655000e+00   5.9942000e+00   5.7744000e+00   5.4124000e+00   5.6406000e+00
   6.1990000e+00   6.0258000e+00   5.9522000e+00   5.8452000e+00   5.5466000e+00   5.7590000e+00
   6.1819000e+00   5.7907000e+00   5.8713000e+00   6.0240000e+00   5.6691000e+00   5.8554000e+00
   6.1416000e+00   5.5188000e+00   5.8091000e+00   6.2113000e+00   5.7483000e+00   5.9205000e+00
   6.0729000e+00   5.4204000e+00   5.8173000e+00   6.3954000e+00   5.8044000e+00   5.9949000e+00
   5.9036000e+00   5.4485000e+00   5.8300000e+00   6.4798000e+00   5.8604000e+00   6.1241000e+00
   5.7301000e+00   5.5647000e+00   5.8584000e+00   6.4803000e+00   5.9455000e+00   6.2949000e+00
   5.6117000e+00   5.7076000e+00   5.8872000e+00   6.4395000e+00   6.0968000e+00   6.4820000e+00
   5.5770000e+00   5.8596000e+00   5.9624000e+00   6.4531000e+00   6.2795000e+00   6.6351000e+00
   5.5781000e+00   5.9763000e+00   6.0395000e+00   6.4531000e+00   6.4006000e+00   6.7149000e+00
   5.6325000e+00   6.0662000e+00   6.0850000e+00   6.4202000e+00   6.5350000e+00   6.8090000e+00
   5.6900000e+00   6.1346000e+00   6.1176000e+00   6.3987000e+00   6.7355000e+00   6.9072000e+00
   5.7408000e+00   6.1717000e+00   6.1628000e+00   6.3939000e+00   6.8810000e+00   6.9699000e+00
   5.8548000e+00   6.2276000e+00   6.2371000e+00   6.3894000e+00   6.9600000e+00   6.9961000e+00
   6.0333000e+00   6.3027000e+00   6.3243000e+00   6.3420000e+00   6.9943000e+00   7.0131000e+00
   6.2337000e+00   6.3169000e+00   6.4484000e+00   6.3720000e+00   6.9950000e+00   7.0270000e+00
   6.5769000e+00   6.4447000e+00   6.6857000e+00   6.5816000e+00   6.9834000e+00   7.0489000e+00
   6.9850000e+00   6.6963000e+00   6.9955000e+00   6.9231000e+00   6.9926000e+00   7.0828000e+00
   7.3713000e+00   7.0763000e+00   7.3710000e+00   7.3530000e+00   7.0600000e+00   7.1167000e+00
   7.7729000e+00   7.5109000e+00   7.7210000e+00   7.7134000e+00   7.1310000e+00   7.1357000e+00
   8.1889000e+00   7.8660000e+00   8.0558000e+00   8.0780000e+00   7.1724000e+00   7.1101000e+00
   8.6389000e+00   8.2862000e+00   8.4602000e+00   8.5534000e+00   7.1709000e+00   7.0351000e+00
   8.9005000e+00   8.6698000e+00   8.7431000e+00   8.9996000e+00   7.1809000e+00   7.0256000e+00
   8.9924000e+00   8.9805000e+00   9.0282000e+00   9.5112000e+00   7.2213000e+00   7.0699000e+00
   9.1337000e+00   9.4541000e+00   9.3823000e+00   9.9423000e+00   7.2369000e+00   7.0929000e+00
   9.3199000e+00   9.8937000e+00   9.7095000e+00   1.0262600e+01   7.2279000e+00   7.1045000e+00
   9.5529000e+00   1.0213500e+01   9.9428000e+00   1.0431200e+01   7.1051000e+00   7.0630000e+00
   9.6158000e+00   1.0385800e+01   1.0032200e+01   1.0429800e+01   6.8227000e+00   6.8759000e+00
   9.5809000e+00   1.0310900e+01   1.0008000e+01   1.0421400e+01   6.7623000e+00   6.7681000e+00
   9.6027000e+00   1.0355200e+01   1.0045700e+01   1.0475100e+01   6.7770000e+00   6.6848000e+00
   9.5161000e+00   1.0400100e+01   1.0071300e+01   1.0503300e+01   6.9299000e+00   6.6829000e+00
   9.4912000e+00   1.0623500e+01   1.0362500e+01   1.0826800e+01   7.3604000e+00   6.8375000e+00
   1.0029300e+01   1.1018600e+01   1.0678200e+01   1.0883200e+01   6.9691000e+00   6.0027000e+00
   1.0755500e+01   1.1143300e+01   1.0912200e+01   1.1150300e+01   6.7601000e+00   5.5961000e+00
   1.0585200e+01   1.1875100e+01   1.1685500e+01   1.2329600e+01   5.9539000e+00   5.9867000e+00
   1.1136800e+01   1.2215800e+01   1.1770000e+01   1.2226300e+01   5.7264000e+00   6.7491000e+00
   1.1432900e+01   1.2166800e+01   1.2019100e+01   1.2458900e+01   6.6342000e+00   7.3562000e+00
   1.1625100e+01   1.2339200e+01   1.2084600e+01   1.2414900e+01   7.5051000e+00   7.7799000e+00
   1.1851000e+01   1.2396500e+01   1.2208700e+01   1.2437200e+01   7.8785000e+00   7.9684000e+00
   1.1847800e+01   1.2214500e+01   1.2134700e+01   1.2337400e+01   8.1118000e+00   8.1286000e+00
   1.2071400e+01   1.2439800e+01   1.2400100e+01   1.2613600e+01   8.2200000e+00   8.2405000e+00
   1.2273500e+01   1.2672300e+01   1.2601300e+01   1.2797400e+01   8.3735000e+00   8.3274000e+00
   1.2483700e+01   1.2852500e+01   1.2780600e+01   1.2969400e+01   8.6037000e+00   8.5134000e+00
   1.2538900e+01   1.2872300e+01   1.2819200e+01   1.2993700e+01   8.8339000e+00   8.6966000e+00
   1.2616600e+01   1.2879200e+01   1.2887100e+01   1.3048500e+01   8.8892000e+00   8.9440000e+00
   1.2687300e+01   1.3026500e+01   1.3047000e+01   1.3272700e+01   9.0069000e+00   9.2023000e+00
   1.2754400e+01   1.3152000e+01   1.3194200e+01   1.3485800e+01   9.2767000e+00   9.6471000e+00
   1.2967400e+01   1.3316100e+01   1.3414500e+01   1.3710800e+01   9.5308000e+00   9.8888000e+00
   1.3278700e+01   1.3603700e+01   1.3729100e+01   1.4017800e+01   9.7906000e+00   1.0083000e+01
   1.3482900e+01   1.3943200e+01   1.3988400e+01   1.4299800e+01   9.9669000e+00   1.0228100e+01
   1.3620800e+01   1.4192600e+01   1.4114400e+01   1.4417800e+01   1.0110000e+01   1.0288100e+01
   1.3656200e+01   1.4046900e+01   1.3993300e+01   1.4201700e+01   1.0073100e+01   1.0290200e+01
   1.3700700e+01   1.3910000e+01   1.3857400e+01   1.4023800e+01   1.0051200e+01   1.0268600e+01
   1.3700400e+01   1.3775200e+01   1.3790800e+01   1.3865200e+01   1.0050100e+01   1.0286500e+01
   1.3757000e+01   1.3805800e+01   1.3853900e+01   1.3934900e+01   1.0053900e+01   1.0352600e+01
   1.3919100e+01   1.3972700e+01   1.4041700e+01   1.4164200e+01   1.0029500e+01   1.0418200e+01
   1.4044100e+01   1.4147200e+01   1.4219200e+01   1.4402800e+01   9.9388000e+00   1.0475800e+01
   1.3999000e+01   1.4162100e+01   1.4203700e+01   1.4421100e+01   9.8424000e+00   1.0371800e+01
   1.3981600e+01   1.4123100e+01   1.4150700e+01   1.4363500e+01   9.6897000e+00   1.0301400e+01
