   7.5962000e+02   7.6067000e+02   7.6165000e+02   7.6285000e+02   6.7907000e+02   6.8171000e+02
   8.0182000e+02   8.0414000e+02   8.0305000e+02   8.0351000e+02   7.2362000e+02   7.2021000e+02
   7.7465000e+02   7.7556000e+02   7.7521000e+02   7.7549000e+02   6.6811000e+02   6.6934000e+02
   7.2050000e+02   7.2240000e+02   7.2137000e+02   7.2127000e+02   6.6877000e+02   6.5798000e+02
   7.9610000e+02   7.9941000e+02   7.9670000e+02   7.9755000e+02   7.2211000e+02   7.2086000e+02
   7.6829000e+02   7.7123000e+02   7.6939000e+02   7.7028000e+02   6.8779000e+02   6.8517000e+02
   7.7594000e+02   7.7707000e+02   7.7569000e+02   7.7473000e+02   7.2191000e+02   7.1641000e+02
   7.7851000e+02   7.8137000e+02   7.7875000e+02   7.7861000e+02   7.0332000e+02   7.0234000e+02
   7.5376000e+02   7.5709000e+02   7.5507000e+02   7.5687000e+02   6.7728000e+02   6.7764000e+02
   7.6589000e+02   7.6860000e+02   7.6700000e+02   7.6705000e+02   6.9933000e+02   6.9579000e+02
   7.5702000e+02   7.5949000e+02   7.5835000e+02   7.5858000e+02   7.0731000e+02   7.0510000e+02
   7.7611000e+02   7.7895000e+02   7.7632000e+02   7.7666000e+02   7.1219000e+02   7.0612000e+02
   7.6580000e+02   7.6815000e+02   7.6607000e+02   7.6604000e+02   7.2291000e+02   7.1730000e+02
   7.8059000e+02   7.8378000e+02   7.8189000e+02   7.8345000e+02   7.1696000e+02   7.1094000e+02
   7.7964000e+02   7.8447000e+02   7.8081000e+02   7.8125000e+02   7.1548000e+02   7.1045000e+02
   7.8498000e+02   7.8625000e+02   7.8394000e+02   7.8398000e+02   7.2468000e+02   7.2282000e+02
   8.0594000e+02   8.1053000e+02   8.0673000e+02   8.0779000e+02   7.4398000e+02   7.4006000e+02
   8.1575000e+02   8.1694000e+02   8.1406000e+02   8.1352000e+02   7.5402000e+02   7.5194000e+02
   8.0768000e+02   8.0892000e+02   8.0750000e+02   8.0820000e+02   7.5262000e+02   7.4905000e+02
   8.0778000e+02   8.0877000e+02   8.0795000e+02   8.0757000e+02   7.6710000e+02   7.6307000e+02
   7.9359000e+02   7.9401000e+02   7.9311000e+02   7.9377000e+02   7.5248000e+02   7.4953000e+02
   7.9888000e+02   7.9976000e+02   7.9805000e+02   7.9825000e+02   7.5837000e+02   7.5512000e+02
   8.0423000e+02   8.0553000e+02   8.0499000e+02   8.0558000e+02   7.5790000e+02   7.5258000e+02
   8.1472000e+02   8.1519000e+02   8.1312000e+02   8.1286000e+02   7.6279000e+02   7.5801000e+02
   8.2100000e+02   8.2231000e+02   8.1984000e+02   8.2030000e+02   7.5252000e+02   7.4651000e+02
   8.1771000e+02   8.1725000e+02   8.1474000e+02   8.1670000e+02   7.4383000e+02   7.3748000e+02
   8.1983000e+02   8.2162000e+02   8.1944000e+02   8.2103000e+02   7.3706000e+02   7.3039000e+02
   8.1801000e+02   8.2090000e+02   8.1707000e+02   8.1825000e+02   7.3579000e+02   7.3163000e+02
   8.1503000e+02   8.1675000e+02   8.1407000e+02   8.1536000e+02   7.2284000e+02   7.1703000e+02
   8.2408000e+02   8.2573000e+02   8.2343000e+02   8.2450000e+02   7.2650000e+02   7.2204000e+02
   8.2614000e+02   8.2757000e+02   8.2534000e+02   8.2735000e+02   7.2058000e+02   7.1600000e+02
   8.2523000e+02   8.2743000e+02   8.2471000e+02   8.2628000e+02   7.1553000e+02   7.0819000e+02
   8.1706000e+02   8.1980000e+02   8.1652000e+02   8.1887000e+02   7.0504000e+02   7.0126000e+02
   8.1266000e+02   8.1469000e+02   8.1232000e+02   8.1450000e+02   6.9913000e+02   6.9303000e+02
   8.0859000e+02   8.1074000e+02   8.0802000e+02   8.0956000e+02   6.9273000e+02   6.8561000e+02
   8.1249000e+02   8.1490000e+02   8.1256000e+02   8.1435000e+02   6.8884000e+02   6.8453000e+02
   8.1607000e+02   8.1930000e+02   8.1627000e+02   8.1803000e+02   6.8961000e+02   6.8487000e+02
   8.1389000e+02   8.1619000e+02   8.1475000e+02   8.1629000e+02   6.7942000e+02   6.7681000e+02
   8.1395000e+02   8.1632000e+02   8.1419000e+02   8.1635000e+02   6.7035000e+02   6.6611000e+02
   8.0189000e+02   8.0436000e+02   8.0151000e+02   8.0358000e+02   6.5568000e+02   6.5053000e+02
   7.8893000e+02   7.9252000e+02   7.8960000e+02   7.9173000e+02   6.3680000e+02   6.3366000e+02
   7.8874000e+02   7.9127000e+02   7.8852000e+02   7.9053000e+02   6.2860000e+02   6.2310000e+02
   7.8586000e+02   7.8842000e+02   7.8553000e+02   7.8739000e+02   6.2172000e+02   6.1444000e+02
   7.8652000e+02   7.8696000e+02   7.8401000e+02   7.8656000e+02   6.1570000e+02   6.0774000e+02
   7.7549000e+02   7.7863000e+02   7.7693000e+02   7.7802000e+02   6.0442000e+02   5.9775000e+02
   7.6384000e+02   7.6615000e+02   7.6344000e+02   7.6508000e+02   5.8985000e+02   5.8112000e+02
   7.4856000e+02   7.4907000e+02   7.4653000e+02   7.4834000e+02   5.6982000e+02   5.6231000e+02
   7.3207000e+02   7.3401000e+02   7.3125000e+02   7.3326000e+02   5.4932000e+02   5.4537000e+02
   7.1984000e+02   7.2237000e+02   7.1973000e+02   7.2103000e+02   5.3925000e+02   5.3299000e+02
   7.0988000e+02   7.1205000e+02   7.0862000e+02   7.0891000e+02   5.2763000e+02   5.2064000e+02
   6.9903000e+02   7.0120000e+02   6.9808000e+02   6.9921000e+02   5.1455000e+02   5.0973000e+02
   6.8571000e+02   6.8709000e+02   6.8438000e+02   6.8589000e+02   4.9729000e+02   4.9482000e+02
   6.6778000e+02   6.6974000e+02   6.6734000e+02   6.6747000e+02   4.8367000e+02   4.8081000e+02
   6.5648000e+02   6.5670000e+02   6.5430000e+02   6.5552000e+02   4.7020000e+02   4.7119000e+02
   6.4351000e+02   6.4525000e+02   6.4330000e+02   6.4431000e+02   4.6103000e+02   4.6357000e+02
   6.3823000e+02   6.4144000e+02   6.3789000e+02   6.3945000e+02   4.5119000e+02   4.5732000e+02
   6.3225000e+02   6.3342000e+02   6.3196000e+02   6.3305000e+02   4.4903000e+02   4.5439000e+02
   6.2236000e+02   6.2394000e+02   6.2225000e+02   6.2334000e+02   4.4604000e+02   4.5105000e+02
   6.1294000e+02   6.1458000e+02   6.1284000e+02   6.1403000e+02   4.3921000e+02   4.4586000e+02
   6.0774000e+02   6.0930000e+02   6.0743000e+02   6.0840000e+02   4.3954000e+02   4.4369000e+02
   6.0524000e+02   6.0655000e+02   6.0527000e+02   6.0595000e+02   4.3449000e+02   4.4090000e+02
   6.0218000e+02   6.0258000e+02   6.0103000e+02   6.0139000e+02   4.4136000e+02   4.4654000e+02
   5.9988000e+02   6.0111000e+02   5.9988000e+02   6.0090000e+02   4.4235000e+02   4.4588000e+02
   6.0959000e+02   6.1100000e+02   6.0977000e+02   6.1048000e+02   4.5273000e+02   4.5693000e+02
   6.1043000e+02   6.1102000e+02   6.1000000e+02   6.1040000e+02   4.6253000e+02   4.6044000e+02
   6.1093000e+02   6.1232000e+02   6.1034000e+02   6.0992000e+02   4.6444000e+02   4.6309000e+02
   6.0787000e+02   6.0938000e+02   6.0811000e+02   6.0872000e+02   4.6480000e+02   4.6950000e+02
   6.0293000e+02   6.0496000e+02   6.0379000e+02   6.0458000e+02   4.6602000e+02   4.6726000e+02
   6.0089000e+02   6.0170000e+02   6.0059000e+02   6.0106000e+02   4.6565000e+02   4.7052000e+02
   6.0282000e+02   6.0397000e+02   6.0199000e+02   6.0129000e+02   4.7015000e+02   4.7233000e+02
   6.0359000e+02   6.0429000e+02   6.0334000e+02   6.0358000e+02   4.8109000e+02   4.8094000e+02
   6.0067000e+02   6.0279000e+02   6.0181000e+02   6.0267000e+02   4.8283000e+02   4.8622000e+02
   6.0450000e+02   6.0570000e+02   6.0403000e+02   6.0406000e+02   4.9137000e+02   4.9133000e+02
   6.0488000e+02   6.0612000e+02   6.0442000e+02   6.0461000e+02   5.0126000e+02   4.9622000e+02
   6.0682000e+02   6.0960000e+02   6.0670000e+02   6.0604000e+02   5.0472000e+02   5.0038000e+02
   6.1024000e+02   6.1195000e+02   6.1028000e+02   6.1084000e+02   5.1295000e+02   5.1162000e+02
   6.1436000e+02   6.1646000e+02   6.1522000e+02   6.1576000e+02   5.2447000e+02   5.2123000e+02
   6.1307000e+02   6.1345000e+02   6.1315000e+02   6.1309000e+02   5.3422000e+02   5.2876000e+02
   6.1391000e+02   6.1549000e+02   6.1444000e+02   6.1471000e+02   5.3608000e+02   5.3221000e+02
   6.0724000e+02   6.0845000e+02   6.0765000e+02   6.0787000e+02   5.3685000e+02   5.3462000e+02
   6.0060000e+02   6.0167000e+02   6.0158000e+02   6.0174000e+02   5.3757000e+02   5.3459000e+02
   6.0110000e+02   6.0206000e+02   6.0054000e+02   6.0064000e+02   5.3663000e+02   5.3474000e+02
   6.0152000e+02   6.0304000e+02   6.0200000e+02   6.0223000e+02   5.3773000e+02   5.3708000e+02
   6.0423000e+02   6.0563000e+02   6.0410000e+02   6.0446000e+02   5.4670000e+02   5.4056000e+02
   6.0519000e+02   6.0732000e+02   6.0619000e+02   6.0692000e+02   5.5233000e+02   5.4700000e+02
   6.0962000e+02   6.1213000e+02   6.1007000e+02   6.1019000e+02   5.6048000e+02   5.5472000e+02
   6.1699000e+02   6.1988000e+02   6.1727000e+02   6.1726000e+02   5.6619000e+02   5.6107000e+02
   5.9422000e+02   5.9645000e+02   5.9426000e+02   5.9450000e+02   5.4137000e+02   5.3775000e+02
   5.7716000e+02   5.7830000e+02   5.7597000e+02   5.7587000e+02   5.2400000e+02   5.1911000e+02
   5.7016000e+02   5.7183000e+02   5.7044000e+02   5.7070000e+02   5.2082000e+02   5.1596000e+02
   5.7142000e+02   5.7205000e+02   5.7116000e+02   5.7125000e+02   5.2251000e+02   5.1840000e+02
   5.7851000e+02   5.8064000e+02   5.7835000e+02   5.7829000e+02   5.3014000e+02   5.2518000e+02
   5.7503000e+02   5.7635000e+02   5.7409000e+02   5.7420000e+02   5.2920000e+02   5.2343000e+02
   5.6556000e+02   5.6759000e+02   5.6517000e+02   5.6487000e+02   5.2133000e+02   5.1498000e+02
   5.5108000e+02   5.5213000e+02   5.5081000e+02   5.5073000e+02   5.0257000e+02   4.9707000e+02
   5.4655000e+02   5.4889000e+02   5.4599000e+02   5.4575000e+02   4.9513000e+02   4.8875000e+02
   5.4966000e+02   5.5232000e+02   5.5000000e+02   5.5036000e+02   5.0143000e+02   4.8932000e+02
   5.4980000e+02   5.5279000e+02   5.5020000e+02   5.5078000e+02   5.0483000e+02   4.9191000e+02
   5.4909000e+02   5.5187000e+02   5.4987000e+02   5.5053000e+02   5.0639000e+02   4.9839000e+02
   5.4769000e+02   5.4983000e+02   5.4919000e+02   5.5025000e+02   5.0598000e+02   4.9972000e+02
   5.3891000e+02   5.4105000e+02   5.3984000e+02   5.4038000e+02   5.0449000e+02   4.9678000e+02
   5.3068000e+02   5.3279000e+02   5.3134000e+02   5.3165000e+02   5.0286000e+02   4.9529000e+02
   5.3147000e+02   5.3273000e+02   5.3117000e+02   5.3095000e+02   5.0130000e+02   4.9304000e+02
   5.3773000e+02   5.4094000e+02   5.3871000e+02   5.3720000e+02   5.0499000e+02   4.9591000e+02
   5.4443000e+02   5.4648000e+02   5.4369000e+02   5.4230000e+02   5.0613000e+02   4.9764000e+02
   5.4542000e+02   5.4666000e+02   5.4456000e+02   5.4364000e+02   5.0462000e+02   4.9756000e+02
   5.4645000e+02   5.4858000e+02   5.4650000e+02   5.4647000e+02   5.0155000e+02   4.9639000e+02
   5.4188000e+02   5.4556000e+02   5.4300000e+02   5.4363000e+02   4.9418000e+02   4.8892000e+02
   5.4365000e+02   5.4545000e+02   5.4313000e+02   5.4285000e+02   4.9141000e+02   4.8626000e+02
   5.4498000e+02   5.4790000e+02   5.4543000e+02   5.4528000e+02   4.8942000e+02   4.8385000e+02
   5.4454000e+02   5.4586000e+02   5.4393000e+02   5.4382000e+02   4.8921000e+02   4.8293000e+02
   5.7337000e+02   5.7499000e+02   5.7342000e+02   5.7342000e+02   5.1849000e+02   5.1160000e+02
   5.9653000e+02   5.9785000e+02   5.9619000e+02   5.9612000e+02   5.4259000e+02   5.3599000e+02
   6.0253000e+02   6.0383000e+02   6.0230000e+02   6.0304000e+02   5.5054000e+02   5.4198000e+02
   6.0432000e+02   6.0544000e+02   6.0405000e+02   6.0369000e+02   5.5168000e+02   5.4353000e+02
   6.0075000e+02   6.0187000e+02   5.9999000e+02   5.9996000e+02   5.4878000e+02   5.3790000e+02
   6.0861000e+02   6.1028000e+02   6.0783000e+02   6.0763000e+02   5.5527000e+02   5.4304000e+02
   6.2130000e+02   6.2021000e+02   6.1885000e+02   6.1988000e+02   5.6596000e+02   5.5405000e+02
   6.4307000e+02   6.4134000e+02   6.4173000e+02   6.4153000e+02   5.8969000e+02   5.7630000e+02
   6.5022000e+02   6.5033000e+02   6.4913000e+02   6.5016000e+02   5.9596000e+02   5.8327000e+02
   6.4913000e+02   6.5036000e+02   6.4817000e+02   6.4844000e+02   5.9166000e+02   5.8045000e+02
   6.5143000e+02   6.5371000e+02   6.5179000e+02   6.5250000e+02   5.9069000e+02   5.7942000e+02
   6.5302000e+02   6.5377000e+02   6.5119000e+02   6.5217000e+02   5.8482000e+02   5.7549000e+02
   6.5132000e+02   6.5275000e+02   6.5106000e+02   6.5142000e+02   5.8398000e+02   5.7365000e+02
   6.5729000e+02   6.5914000e+02   6.5719000e+02   6.5785000e+02   5.8617000e+02   5.7464000e+02
   6.6261000e+02   6.6344000e+02   6.6170000e+02   6.6240000e+02   5.8683000e+02   5.7555000e+02
   6.6558000e+02   6.6652000e+02   6.6453000e+02   6.6514000e+02   5.8436000e+02   5.7295000e+02
   6.6715000e+02   6.6747000e+02   6.6563000e+02   6.6670000e+02   5.7993000e+02   5.6861000e+02
   6.6630000e+02   6.6798000e+02   6.6633000e+02   6.6703000e+02   5.7778000e+02   5.6635000e+02
   6.7004000e+02   6.7176000e+02   6.6929000e+02   6.7104000e+02   5.7285000e+02   5.6107000e+02
   6.7178000e+02   6.7288000e+02   6.6960000e+02   6.7198000e+02   5.7093000e+02   5.5869000e+02
   6.7808000e+02   6.7976000e+02   6.7663000e+02   6.7845000e+02   5.7152000e+02   5.6051000e+02
   6.7926000e+02   6.8155000e+02   6.7783000e+02   6.7853000e+02   5.6499000e+02   5.5598000e+02
   6.8131000e+02   6.8299000e+02   6.7958000e+02   6.8090000e+02   5.5769000e+02   5.4820000e+02
   6.8702000e+02   6.8867000e+02   6.8517000e+02   6.8682000e+02   5.4849000e+02   5.3789000e+02
   6.7156000e+02   6.7291000e+02   6.7049000e+02   6.7239000e+02   5.2411000e+02   5.1480000e+02
   6.5498000e+02   6.5708000e+02   6.5367000e+02   6.5493000e+02   5.0402000e+02   4.9601000e+02
   6.4857000e+02   6.5158000e+02   6.4756000e+02   6.4866000e+02   4.8987000e+02   4.8092000e+02
   6.3725000e+02   6.3946000e+02   6.3626000e+02   6.3771000e+02   4.7480000e+02   4.6635000e+02
   6.3140000e+02   6.3394000e+02   6.3107000e+02   6.3254000e+02   4.6348000e+02   4.5422000e+02
   6.1772000e+02   6.2137000e+02   6.1830000e+02   6.2083000e+02   4.4673000e+02   4.3765000e+02
   6.0032000e+02   6.0305000e+02   5.9885000e+02   6.0050000e+02   4.3161000e+02   4.1816000e+02
   5.8311000e+02   5.8536000e+02   5.8223000e+02   5.8341000e+02   4.1002000e+02   3.9861000e+02
   5.7180000e+02   5.7339000e+02   5.7090000e+02   5.7211000e+02   3.9743000e+02   3.8591000e+02
   5.6575000e+02   5.6727000e+02   5.6520000e+02   5.6628000e+02   3.8936000e+02   3.7670000e+02
   5.5437000e+02   5.5906000e+02   5.5483000e+02   5.5566000e+02   3.7489000e+02   3.6332000e+02
   5.5071000e+02   5.5243000e+02   5.5010000e+02   5.5180000e+02   3.6406000e+02   3.5385000e+02
   5.2543000e+02   5.2707000e+02   5.2514000e+02   5.2551000e+02   3.4020000e+02   3.2852000e+02
   5.0336000e+02   5.0418000e+02   5.0214000e+02   5.0312000e+02   3.1387000e+02   3.0528000e+02
   4.9041000e+02   4.9205000e+02   4.8947000e+02   4.9023000e+02   3.0045000e+02   2.9023000e+02
   4.8006000e+02   4.8210000e+02   4.8006000e+02   4.8234000e+02   2.9356000e+02   2.8341000e+02
   4.7219000e+02   4.7432000e+02   4.7133000e+02   4.7319000e+02   2.8904000e+02   2.7788000e+02
   4.5837000e+02   4.6152000e+02   4.5919000e+02   4.6068000e+02   2.7561000e+02   2.7074000e+02
   4.4258000e+02   4.4447000e+02   4.4298000e+02   4.4412000e+02   2.6532000e+02   2.6118000e+02
   4.2769000e+02   4.2984000e+02   4.2796000e+02   4.2927000e+02   2.5023000e+02   2.4893000e+02
   4.1843000e+02   4.2013000e+02   4.1806000e+02   4.2114000e+02   2.4172000e+02   2.3788000e+02
   4.1291000e+02   4.1431000e+02   4.1177000e+02   4.1206000e+02   2.3811000e+02   2.3667000e+02
   4.1128000e+02   4.1341000e+02   4.1121000e+02   4.1188000e+02   2.3052000e+02   2.3217000e+02
   4.0326000e+02   4.0464000e+02   4.0337000e+02   4.0504000e+02   2.2820000e+02   2.3189000e+02
   4.1210000e+02   4.1371000e+02   4.1263000e+02   4.1501000e+02   2.5204000e+02   2.5350000e+02
   4.1929000e+02   4.2144000e+02   4.1919000e+02   4.2080000e+02   2.7054000e+02   2.6927000e+02
   4.2505000e+02   4.2830000e+02   4.2544000e+02   4.2609000e+02   2.8143000e+02   2.8390000e+02
   4.2552000e+02   4.2423000e+02   4.2430000e+02   4.2546000e+02   2.8239000e+02   2.8322000e+02
   4.2669000e+02   4.2575000e+02   4.2482000e+02   4.2392000e+02   2.9290000e+02   2.9234000e+02
   4.3599000e+02   4.3839000e+02   4.3589000e+02   4.3739000e+02   3.0482000e+02   3.0469000e+02
   4.4565000e+02   4.4655000e+02   4.4487000e+02   4.4577000e+02   3.2348000e+02   3.2221000e+02
   4.5739000e+02   4.6149000e+02   4.5826000e+02   4.5842000e+02   3.4447000e+02   3.4526000e+02
   4.7045000e+02   4.7010000e+02   4.6972000e+02   4.6929000e+02   3.5091000e+02   3.5416000e+02
   4.7647000e+02   4.7759000e+02   4.7677000e+02   4.7739000e+02   3.5838000e+02   3.5614000e+02
   4.7603000e+02   4.7647000e+02   4.7591000e+02   4.7471000e+02   3.6742000e+02   3.6353000e+02
   4.8766000e+02   4.8902000e+02   4.8787000e+02   4.8810000e+02   3.7224000e+02   3.7366000e+02
   4.9030000e+02   4.9313000e+02   4.9145000e+02   4.9194000e+02   3.7410000e+02   3.7117000e+02
   4.9592000e+02   4.9929000e+02   4.9735000e+02   4.9802000e+02   3.8162000e+02   3.7978000e+02
   5.0081000e+02   5.0373000e+02   5.0167000e+02   5.0180000e+02   3.8518000e+02   3.8474000e+02
   5.0028000e+02   5.0281000e+02   5.0065000e+02   5.0225000e+02   3.8946000e+02   3.9148000e+02
   4.9883000e+02   5.0145000e+02   4.9961000e+02   5.0004000e+02   3.9200000e+02   3.9221000e+02
   5.0594000e+02   5.0777000e+02   5.0666000e+02   5.0653000e+02   3.9832000e+02   3.9549000e+02
   5.0671000e+02   5.0821000e+02   5.0814000e+02   5.0801000e+02   4.1024000e+02   4.0082000e+02
   5.1161000e+02   5.1474000e+02   5.1274000e+02   5.1288000e+02   4.2013000e+02   4.0984000e+02
   5.1555000e+02   5.1890000e+02   5.1630000e+02   5.1550000e+02   4.2337000e+02   4.1682000e+02
   5.1791000e+02   5.2044000e+02   5.1760000e+02   5.1893000e+02   4.3404000e+02   4.2597000e+02
   5.2058000e+02   5.2390000e+02   5.2087000e+02   5.2207000e+02   4.4585000e+02   4.3547000e+02
   5.2589000e+02   5.2890000e+02   5.2561000e+02   5.2514000e+02   4.5305000e+02   4.4123000e+02
   4.9332000e+02   4.9551000e+02   4.9382000e+02   4.9489000e+02   4.1676000e+02   4.0605000e+02
   4.6408000e+02   4.6636000e+02   4.6377000e+02   4.6459000e+02   3.9135000e+02   3.7963000e+02
   4.5593000e+02   4.5937000e+02   4.5513000e+02   4.5574000e+02   3.8810000e+02   3.7450000e+02
   4.5966000e+02   4.6115000e+02   4.5919000e+02   4.5939000e+02   3.8325000e+02   3.7405000e+02
   4.7035000e+02   4.7189000e+02   4.6947000e+02   4.7067000e+02   3.9088000e+02   3.8118000e+02
   4.6384000e+02   4.6596000e+02   4.6439000e+02   4.6519000e+02   3.8484000e+02   3.7695000e+02
   4.4785000e+02   4.4973000e+02   4.4887000e+02   4.5110000e+02   3.7324000e+02   3.6230000e+02
   4.2385000e+02   4.2509000e+02   4.2225000e+02   4.2462000e+02   3.4509000e+02   3.3539000e+02
   4.1124000e+02   4.1492000e+02   4.1264000e+02   4.1323000e+02   3.3413000e+02   3.2518000e+02
   4.1030000e+02   4.1425000e+02   4.1226000e+02   4.1286000e+02   3.3055000e+02   3.2301000e+02
   4.0813000e+02   4.1086000e+02   4.0922000e+02   4.0988000e+02   3.2541000e+02   3.1962000e+02
   4.0523000e+02   4.0846000e+02   4.0629000e+02   4.0678000e+02   3.2204000e+02   3.1548000e+02
   4.1345000e+02   4.1713000e+02   4.1434000e+02   4.1485000e+02   3.2366000e+02   3.1787000e+02
   4.0737000e+02   4.1037000e+02   4.0790000e+02   4.0808000e+02   3.1744000e+02   3.1131000e+02
   4.0167000e+02   4.0478000e+02   4.0265000e+02   4.0228000e+02   3.1174000e+02   3.0651000e+02
   3.9341000e+02   3.9729000e+02   3.9390000e+02   3.9426000e+02   3.0644000e+02   2.9736000e+02
   3.8315000e+02   3.8713000e+02   3.8488000e+02   3.8507000e+02   3.0140000e+02   2.9384000e+02
   3.7741000e+02   3.7992000e+02   3.7794000e+02   3.7822000e+02   2.9619000e+02   2.8817000e+02
   3.7703000e+02   3.7939000e+02   3.7776000e+02   3.7836000e+02   2.9063000e+02   2.8459000e+02
   3.7655000e+02   3.7595000e+02   3.7670000e+02   3.7659000e+02   2.8567000e+02   2.8005000e+02
   3.6798000e+02   3.7065000e+02   3.7127000e+02   3.7203000e+02   2.7514000e+02   2.6594000e+02
   3.6750000e+02   3.7574000e+02   3.7081000e+02   3.7096000e+02   2.6991000e+02   2.6315000e+02
   3.7059000e+02   3.7554000e+02   3.7123000e+02   3.7289000e+02   2.7306000e+02   2.6526000e+02
   3.7100000e+02   3.7540000e+02   3.7176000e+02   3.7320000e+02   2.7810000e+02   2.6753000e+02
   4.0234000e+02   4.0624000e+02   4.0317000e+02   4.0484000e+02   3.1206000e+02   3.0024000e+02
   4.2745000e+02   4.3037000e+02   4.2784000e+02   4.2743000e+02   3.3354000e+02   3.2488000e+02
   4.3902000e+02   4.4239000e+02   4.3937000e+02   4.3952000e+02   3.4184000e+02   3.2933000e+02
   4.4931000e+02   4.5287000e+02   4.4812000e+02   4.4751000e+02   3.4305000e+02   3.3021000e+02
   4.4332000e+02   4.4574000e+02   4.4231000e+02   4.4374000e+02   3.3705000e+02   3.2677000e+02
   4.5046000e+02   4.5220000e+02   4.4817000e+02   4.4896000e+02   3.4205000e+02   3.3220000e+02
   4.6175000e+02   4.6360000e+02   4.6065000e+02   4.6348000e+02   3.5188000e+02   3.3949000e+02
   4.8101000e+02   4.8093000e+02   4.7653000e+02   4.7786000e+02   3.7239000e+02   3.5960000e+02
   4.9121000e+02   4.9454000e+02   4.8788000e+02   4.8700000e+02   3.8338000e+02   3.6659000e+02
   4.9994000e+02   4.9953000e+02   4.9583000e+02   4.9471000e+02   3.7696000e+02   3.6509000e+02
   5.0473000e+02   5.0707000e+02   5.0289000e+02   5.0322000e+02   3.7323000e+02   3.5940000e+02
   5.0570000e+02   5.0774000e+02   5.0395000e+02   5.0652000e+02   3.7215000e+02   3.5838000e+02
   4.9637000e+02   5.0357000e+02   5.0050000e+02   5.0245000e+02   3.6999000e+02   3.5863000e+02
   5.0816000e+02   5.1115000e+02   5.0806000e+02   5.0974000e+02   3.7077000e+02   3.6294000e+02
   5.0645000e+02   5.0902000e+02   5.0599000e+02   5.0743000e+02   3.6780000e+02   3.5877000e+02
   5.0785000e+02   5.1051000e+02   5.0685000e+02   5.0857000e+02   3.6415000e+02   3.5440000e+02
   4.9942000e+02   5.0183000e+02   4.9938000e+02   5.0063000e+02   3.5839000e+02   3.4925000e+02
   5.0453000e+02   5.0549000e+02   5.0315000e+02   5.0369000e+02   3.5507000e+02   3.4116000e+02
   5.0764000e+02   5.0863000e+02   5.0602000e+02   5.0697000e+02   3.4996000e+02   3.3177000e+02
   5.0543000e+02   5.0720000e+02   5.0518000e+02   5.0811000e+02   3.4379000e+02   3.2543000e+02
   5.0345000e+02   5.0525000e+02   5.0601000e+02   5.0835000e+02   3.4029000e+02   3.2552000e+02
   4.9351000e+02   4.9734000e+02   4.9519000e+02   4.9864000e+02   3.2674000e+02   3.1462000e+02
   4.8361000e+02   4.8749000e+02   4.8537000e+02   4.8784000e+02   3.1549000e+02   3.0350000e+02
   4.7397000e+02   4.7828000e+02   4.7531000e+02   4.7763000e+02   3.0577000e+02   2.9495000e+02
   4.4275000e+02   4.4532000e+02   4.4284000e+02   4.4468000e+02   2.6838000e+02   2.5553000e+02
   4.1548000e+02   4.1760000e+02   4.1538000e+02   4.1647000e+02   2.4061000e+02   2.2292000e+02
   3.9955000e+02   4.0023000e+02   3.9821000e+02   3.9988000e+02   2.1778000e+02   2.0507000e+02
   3.8029000e+02   3.8205000e+02   3.7988000e+02   3.8207000e+02   2.0081000e+02   1.9341000e+02
   3.7697000e+02   3.7882000e+02   3.7647000e+02   3.7868000e+02   1.8928000e+02   1.7617000e+02
   3.6489000e+02   3.6693000e+02   3.6393000e+02   3.6477000e+02   1.7473000e+02   1.6356000e+02
   3.4787000e+02   3.5214000e+02   3.4869000e+02   3.5023000e+02   1.5936000e+02   1.4919000e+02
   3.2344000e+02   3.2634000e+02   3.2388000e+02   3.2651000e+02   1.3541000e+02   1.2151000e+02
   3.0841000e+02   3.1099000e+02   3.0816000e+02   3.1036000e+02   1.1667000e+02   1.0588000e+02
   3.0036000e+02   3.0173000e+02   2.9877000e+02   2.9934000e+02   1.1219000e+02   9.9231000e+01
   2.8730000e+02   2.8896000e+02   2.8480000e+02   2.8597000e+02   9.7225000e+01   9.1034000e+01
   2.7095000e+02   2.7260000e+02   2.6920000e+02   2.6996000e+02   8.1695000e+01   7.5408000e+01
   2.6615000e+02   2.6758000e+02   2.6411000e+02   2.6451000e+02   6.3990000e+01   6.5999000e+01
   2.4965000e+02   2.5368000e+02   2.4857000e+02   2.4954000e+02   3.8591000e+01   4.6760000e+01
   2.2755000e+02   2.3220000e+02   2.2919000e+02   2.3115000e+02   3.3377000e+01   1.7109000e+01
   2.1692000e+02   2.2081000e+02   2.1769000e+02   2.1891000e+02   1.1859000e+01   2.5451000e+00
   2.0467000e+02   2.0770000e+02   2.0496000e+02   2.0708000e+02   8.1029000e+00   1.8313000e+00
   2.0239000e+02   2.0740000e+02   2.0223000e+02   2.0324000e+02   8.9547000e+00   3.7833000e+00
   1.9349000e+02   1.9341000e+02   1.9094000e+02   1.9178000e+02   7.5462000e+00  -5.7171000e+00
   1.8402000e+02   1.8674000e+02   1.8671000e+02   1.8721000e+02   9.5449000e-01  -7.1416000e+00
   1.8404000e+02   1.8445000e+02   1.8428000e+02   1.8637000e+02  -2.6720000e+00  -1.0433000e+01
   1.7827000e+02   1.7737000e+02   1.7837000e+02   1.7788000e+02  -1.5262000e+01  -3.2537000e+01
   1.8212000e+02   1.8357000e+02   1.8394000e+02   1.8710000e+02  -1.8081000e+01  -3.1408000e+01
   1.8011000e+02   1.8702000e+02   1.8308000e+02   1.8751000e+02  -3.2976000e+01  -4.1531000e+01
   1.8442000e+02   1.9134000e+02   1.8573000e+02   1.8808000e+02  -3.6514000e+00  -1.2440000e+01
   2.0004000e+02   2.0613000e+02   2.0090000e+02   1.9976000e+02   2.4339000e+01   1.5244000e+01
   2.0564000e+02   2.0997000e+02   2.0456000e+02   2.0461000e+02   3.2065000e+01   2.5459000e+01
   2.1317000e+02   2.1376000e+02   2.1071000e+02   2.1202000e+02   4.5735000e+01   4.2552000e+01
   1.9537000e+02   1.9642000e+02   1.9692000e+02   1.9558000e+02   5.1996000e+01   4.2984000e+01
   2.0928000e+02   2.1057000e+02   2.0956000e+02   2.0997000e+02   6.5065000e+01   5.7484000e+01
   2.2392000e+02   2.2458000e+02   2.2323000e+02   2.2414000e+02   8.7498000e+01   8.1188000e+01
   2.3769000e+02   2.4267000e+02   2.4075000e+02   2.4126000e+02   1.2608000e+02   1.1525000e+02
   2.5366000e+02   2.5576000e+02   2.5427000e+02   2.5514000e+02   1.3737000e+02   1.3130000e+02
   2.6473000e+02   2.6691000e+02   2.6332000e+02   2.6425000e+02   1.4763000e+02   1.4060000e+02
   2.7792000e+02   2.8094000e+02   2.7857000e+02   2.7938000e+02   1.6251000e+02   1.5867000e+02
   2.8494000e+02   2.8810000e+02   2.8725000e+02   2.8792000e+02   1.6723000e+02   1.5595000e+02
   2.8823000e+02   2.8958000e+02   2.8758000e+02   2.8657000e+02   1.7110000e+02   1.6079000e+02
   2.9489000e+02   2.9880000e+02   2.9611000e+02   2.9620000e+02   1.7008000e+02   1.6285000e+02
   2.9950000e+02   3.0373000e+02   2.9940000e+02   2.9947000e+02   1.7798000e+02   1.7956000e+02
   3.0771000e+02   3.1124000e+02   3.0654000e+02   3.0681000e+02   1.9130000e+02   1.8659000e+02
   3.0974000e+02   3.1458000e+02   3.0943000e+02   3.1027000e+02   1.9402000e+02   1.9811000e+02
   3.1493000e+02   3.1668000e+02   3.1496000e+02   3.1520000e+02   2.0338000e+02   2.0325000e+02
   3.2965000e+02   3.3245000e+02   3.3018000e+02   3.2975000e+02   2.0115000e+02   2.0009000e+02
   3.2530000e+02   3.2942000e+02   3.2700000e+02   3.2843000e+02   2.0567000e+02   1.9870000e+02
   3.3550000e+02   3.3862000e+02   3.3552000e+02   3.3520000e+02   2.2000000e+02   2.0874000e+02
   3.3469000e+02   3.3901000e+02   3.3633000e+02   3.3800000e+02   2.2131000e+02   2.0969000e+02
   3.4184000e+02   3.4535000e+02   3.4201000e+02   3.4328000e+02   2.3974000e+02   2.2727000e+02
   3.5297000e+02   3.5633000e+02   3.5175000e+02   3.5227000e+02   2.4449000e+02   2.2862000e+02
   3.2273000e+02   3.2754000e+02   3.2286000e+02   3.2228000e+02   2.1625000e+02   2.0437000e+02
   2.8385000e+02   2.9098000e+02   2.8544000e+02   2.8742000e+02   1.8654000e+02   1.7190000e+02
   2.7696000e+02   2.7940000e+02   2.7811000e+02   2.8018000e+02   1.8111000e+02   1.6678000e+02
   2.7335000e+02   2.7656000e+02   2.7555000e+02   2.7724000e+02   1.7674000e+02   1.6764000e+02
   2.8679000e+02   2.9176000e+02   2.8938000e+02   2.8873000e+02   1.8805000e+02   1.7472000e+02
   2.8723000e+02   2.9065000e+02   2.8805000e+02   2.8839000e+02   1.8793000e+02   1.7790000e+02
   2.7150000e+02   2.7469000e+02   2.7227000e+02   2.7318000e+02   1.7828000e+02   1.7050000e+02
   2.4853000e+02   2.5531000e+02   2.4988000e+02   2.5019000e+02   1.5108000e+02   1.3680000e+02
   2.3761000e+02   2.4043000e+02   2.3854000e+02   2.3944000e+02   1.4137000e+02   1.3078000e+02
   2.4007000e+02   2.4108000e+02   2.4053000e+02   2.4189000e+02   1.3299000e+02   1.2551000e+02
   2.3639000e+02   2.4441000e+02   2.4180000e+02   2.4093000e+02   1.3392000e+02   1.2484000e+02
   2.3883000e+02   2.4133000e+02   2.3903000e+02   2.3988000e+02   1.2604000e+02   1.1914000e+02
   2.5038000e+02   2.5395000e+02   2.5165000e+02   2.5240000e+02   1.3647000e+02   1.2713000e+02
   2.4982000e+02   2.5216000e+02   2.4942000e+02   2.4893000e+02   1.3630000e+02   1.2629000e+02
   2.4084000e+02   2.4361000e+02   2.4190000e+02   2.4128000e+02   1.2842000e+02   1.2040000e+02
   2.3919000e+02   2.4358000e+02   2.3993000e+02   2.3816000e+02   1.2663000e+02   1.1187000e+02
   2.3108000e+02   2.3572000e+02   2.3300000e+02   2.3436000e+02   1.2336000e+02   1.1063000e+02
   2.3146000e+02   2.3383000e+02   2.3258000e+02   2.3376000e+02   1.2084000e+02   1.0293000e+02
   2.3009000e+02   2.3321000e+02   2.3064000e+02   2.3070000e+02   1.2017000e+02   1.0011000e+02
   2.3219000e+02   2.3535000e+02   2.3303000e+02   2.3245000e+02   1.2090000e+02   1.0373000e+02
   2.2378000e+02   2.2853000e+02   2.2357000e+02   2.2393000e+02   1.0965000e+02   9.9926000e+01
   2.1984000e+02   2.2171000e+02   2.1966000e+02   2.1944000e+02   1.0187000e+02   9.8154000e+01
   2.1133000e+02   2.1338000e+02   2.1294000e+02   2.1454000e+02   1.0305000e+02   9.3264000e+01
   2.0593000e+02   2.1050000e+02   2.0770000e+02   2.0837000e+02   1.0402000e+02   9.2780000e+01
   2.3241000e+02   2.3522000e+02   2.3334000e+02   2.3380000e+02   1.2437000e+02   1.1387000e+02
   2.5741000e+02   2.6111000e+02   2.5908000e+02   2.5994000e+02   1.5168000e+02   1.3667000e+02
   2.6448000e+02   2.6616000e+02   2.6365000e+02   2.6516000e+02   1.5751000e+02   1.4140000e+02
   2.6519000e+02   2.6890000e+02   2.6681000e+02   2.6775000e+02   1.5251000e+02   1.3987000e+02
   2.5485000e+02   2.5945000e+02   2.5885000e+02   2.6170000e+02   1.4632000e+02   1.3654000e+02
   2.5193000e+02   2.6424000e+02   2.6077000e+02   2.6356000e+02   1.5281000e+02   1.4260000e+02
   2.6154000e+02   2.6155000e+02   2.6203000e+02   2.6374000e+02   1.5834000e+02   1.5008000e+02
   2.6935000e+02   2.7379000e+02   2.7436000e+02   2.7482000e+02   1.6193000e+02   1.5514000e+02
   2.6569000e+02   2.8614000e+02   2.7681000e+02   2.8104000e+02   1.6166000e+02   1.5330000e+02
   2.7722000e+02   2.7824000e+02   2.8960000e+02   2.8462000e+02   1.5828000e+02   1.5670000e+02
   2.9485000e+02   2.9029000e+02   3.0419000e+02   3.0692000e+02   1.5235000e+02   1.4862000e+02
   3.0351000e+02   2.7122000e+02   2.9610000e+02   2.9012000e+02   1.3707000e+02   1.3706000e+02
   2.8638000e+02   2.8866000e+02   2.8116000e+02   2.7760000e+02   1.3162000e+02   1.3849000e+02
   2.8780000e+02   2.8639000e+02   2.8602000e+02   2.8553000e+02   1.2395000e+02   1.2768000e+02
   2.8779000e+02   2.8791000e+02   2.8719000e+02   2.8989000e+02   1.1548000e+02   1.2532000e+02
   2.8376000e+02   2.9093000e+02   2.8646000e+02   2.8991000e+02   9.5648000e+01   1.0895000e+02
   2.7983000e+02   2.8652000e+02   2.8412000e+02   2.8756000e+02   8.9654000e+01   9.2963000e+01
   2.6898000e+02   2.7838000e+02   2.7503000e+02   2.8100000e+02   8.5151000e+01   9.9282000e+01
   2.6216000e+02   2.7032000e+02   2.6864000e+02   2.7340000e+02   6.2128000e+01   7.5267000e+01
   2.4175000e+02   2.5019000e+02   2.4851000e+02   2.5385000e+02   4.7816000e+01   4.8180000e+01
   2.3276000e+02   2.3834000e+02   2.3748000e+02   2.4266000e+02   4.5614000e+01   3.6500000e+01
   2.2536000e+02   2.3301000e+02   2.2979000e+02   2.3481000e+02   6.8560000e+01   4.1741000e+01
   2.1515000e+02   2.2610000e+02   2.2141000e+02   2.2451000e+02   6.2323000e+01   4.8173000e+01
   2.1234000e+02   2.1981000e+02   2.1656000e+02   2.2149000e+02   2.9187000e+01   2.9047000e+01
   1.8241000e+02   1.8726000e+02   1.8570000e+02   1.8910000e+02  -2.2156000e+01  -1.6900000e+01
   1.5790000e+02   1.6239000e+02   1.5786000e+02   1.5997000e+02  -5.5146000e+01  -5.9407000e+01
   1.4060000e+02   1.4558000e+02   1.4046000e+02   1.4434000e+02  -9.0179000e+01  -8.9172000e+01
   1.2548000e+02   1.3110000e+02   1.2564000e+02   1.2851000e+02  -1.0408000e+02  -1.1909000e+02
   1.1640000e+02   1.2070000e+02   1.1641000e+02   1.1870000e+02  -1.3155000e+02  -1.5143000e+02
   9.2747000e+01   9.7397000e+01   9.2197000e+01   9.4387000e+01  -1.5362000e+02  -1.7998000e+02
   5.9598000e+01   6.4731000e+01   6.0095000e+01   6.1974000e+01  -1.7452000e+02  -2.0669000e+02
   3.5681000e+01   3.6421000e+01   3.5103000e+01   3.6170000e+01  -2.2772000e+02  -2.2250000e+02
   2.1413000e+01   2.1729000e+01   1.9671000e+01   2.0699000e+01  -2.3492000e+02  -2.3714000e+02
   6.8782000e+00   1.0046000e+01   9.7621000e+00   1.1514000e+01  -2.5621000e+02  -2.5497000e+02
   2.9846000e+00   6.1334000e+00   3.5251000e+00   6.0898000e+00  -2.8248000e+02  -2.8945000e+02
  -1.0693000e+01  -7.5242000e+00  -9.9768000e+00  -7.4592000e+00  -2.8760000e+02  -3.0351000e+02
  -1.7520000e+01  -1.1848000e+01  -1.5148000e+01  -1.1965000e+01  -3.0194000e+02  -3.0321000e+02
  -3.8192000e+01  -3.5346000e+01  -3.7854000e+01  -3.6313000e+01  -3.3946000e+02  -3.1216000e+02
  -3.6499000e+01  -3.3524000e+01  -3.5060000e+01  -3.2446000e+01  -3.5424000e+02  -3.2207000e+02
  -5.4658000e+01  -5.2721000e+01  -5.3864000e+01  -5.2029000e+01  -3.3248000e+02  -3.3100000e+02
  -6.4830000e+01  -5.9758000e+01  -6.2660000e+01  -5.9660000e+01  -3.3140000e+02  -3.0873000e+02
  -7.0919000e+01  -6.6375000e+01  -7.0981000e+01  -6.9617000e+01  -2.9692000e+02  -3.0231000e+02
  -8.8527000e+01  -8.7505000e+01  -8.7364000e+01  -8.3044000e+01  -3.1267000e+02  -3.1824000e+02
  -6.8201000e+01  -6.3318000e+01  -6.6021000e+01  -6.3991000e+01  -2.9119000e+02  -2.8803000e+02
  -9.2967000e+01  -8.7018000e+01  -9.0805000e+01  -8.7634000e+01  -2.9774000e+02  -3.2902000e+02
  -9.0100000e+01  -8.6013000e+01  -8.9093000e+01  -8.7336000e+01  -2.7933000e+02  -3.1460000e+02
  -8.9665000e+01  -8.4885000e+01  -8.8691000e+01  -8.7032000e+01  -3.0052000e+02  -3.4340000e+02
  -9.9555000e+01  -9.3338000e+01  -9.7235000e+01  -9.4372000e+01  -2.7568000e+02  -3.1000000e+02
  -8.3478000e+01  -8.2713000e+01  -8.4259000e+01  -8.4162000e+01  -2.2241000e+02  -2.5278000e+02
  -5.6383000e+01  -5.2088000e+01  -5.6207000e+01  -5.5686000e+01  -1.9452000e+02  -2.2912000e+02
  -5.1077000e+01  -4.4258000e+01  -4.4431000e+01  -4.1901000e+01  -1.6513000e+02  -2.2713000e+02
  -3.8091000e+01  -3.7813000e+01  -3.5122000e+01  -3.2202000e+01  -1.8851000e+02  -2.1911000e+02
  -3.3872000e+01  -3.1588000e+01  -3.0320000e+01  -2.7677000e+01  -1.8274000e+02  -2.1213000e+02
  -7.4751000e+00  -8.0345000e-02  -9.5508000e-01   2.5879000e+00  -1.7652000e+02  -1.9729000e+02
  -7.6168000e+00   1.0006000e+01   8.6269000e+00   1.4182000e+01  -1.6393000e+02  -1.7639000e+02
   1.5447000e+01   3.8231000e+01   3.3561000e+01   3.5801000e+01  -1.5264000e+02  -1.5173000e+02
   4.8373000e+01   4.5168000e+01   3.9369000e+01   3.6945000e+01  -1.4060000e+02  -1.4228000e+02
   4.2347000e+01   4.0125000e+01   3.8623000e+01   3.5301000e+01  -1.2231000e+02  -1.4874000e+02
   4.9053000e+01   4.5406000e+01   5.2449000e+01   5.6179000e+01  -1.5151000e+02  -1.4593000e+02
   5.9006000e+01   5.8648000e+01   5.7853000e+01   5.9461000e+01  -1.6687000e+02  -1.5294000e+02
   4.0026000e+01   4.6843000e+01   3.8403000e+01   4.7177000e+01  -1.7999000e+02  -1.6490000e+02
   5.1333000e+01   4.7069000e+01   4.7771000e+01   4.8098000e+01  -1.7541000e+02  -1.7681000e+02
   3.0011000e+01   2.9858000e+01   2.4491000e+01   1.6344000e+01  -1.6887000e+02  -1.7607000e+02
   6.2516000e+00   1.5047000e+01   4.9478000e+00   4.0499000e+00  -1.5747000e+02  -1.6993000e+02
  -7.4404000e+00  -2.0636000e+00  -7.6883000e+00  -8.8217000e+00  -1.5338000e+02  -1.7171000e+02
  -7.8152000e+00  -4.6936000e+00  -8.4755000e+00  -8.5597000e+00  -1.5224000e+02  -1.7361000e+02
  -1.4006000e+01  -1.1437000e+01  -1.4675000e+01  -1.5888000e+01  -1.5482000e+02  -1.7889000e+02
  -3.2915000e+01  -2.3857000e+01  -3.1435000e+01  -2.9066000e+01  -1.6367000e+02  -1.8430000e+02
  -4.8340000e+01  -3.9366000e+01  -4.4008000e+01  -4.1151000e+01  -1.5823000e+02  -1.8299000e+02
  -5.5097000e+01  -5.1746000e+01  -5.5361000e+01  -5.4402000e+01  -1.5480000e+02  -1.8235000e+02
  -6.8190000e+01  -5.8467000e+01  -6.6267000e+01  -6.4248000e+01  -1.5504000e+02  -1.8415000e+02
  -8.9251000e+01  -7.7240000e+01  -8.2214000e+01  -7.9991000e+01  -1.6169000e+02  -1.9197000e+02
  -1.4045000e+02  -1.2912000e+02  -1.3461000e+02  -1.3131000e+02  -2.1228000e+02  -2.3715000e+02
  -2.0351000e+02  -1.9064000e+02  -1.9910000e+02  -1.9659000e+02  -2.5581000e+02  -2.8127000e+02
