   9.1560000e-01   1.0201000e+00   9.5690000e-01   9.8080000e-01   2.0565000e+00   1.7122000e+00
   8.6020000e-01   9.6130000e-01   9.1030000e-01   9.4010000e-01   1.8771000e+00   1.6179000e+00
   8.3720000e-01   9.7610000e-01   9.3350000e-01   9.9890000e-01   1.6405000e+00   1.3898000e+00
   6.1740000e-01   7.7960000e-01   7.3340000e-01   7.9680000e-01   1.4270000e+00   1.2130000e+00
   5.3210000e-01   6.7030000e-01   6.3560000e-01   6.9310000e-01   1.1974000e+00   1.0175000e+00
   4.9160000e-01   5.9790000e-01   5.6400000e-01   6.0320000e-01   9.3800000e-01   8.3870000e-01
   5.1500000e-01   5.7880000e-01   5.4830000e-01   5.6460000e-01   7.3100000e-01   6.1300000e-01
   4.3930000e-01   4.6830000e-01   4.4400000e-01   4.4840000e-01   5.5960000e-01   4.6280000e-01
   3.3170000e-01   3.3740000e-01   3.3180000e-01   3.3130000e-01   5.6520000e-01   5.3220000e-01
   1.6770000e-01   1.7560000e-01   1.7670000e-01   1.7910000e-01   5.0430000e-01   5.1830000e-01
   1.1230000e-01   1.2500000e-01   1.3480000e-01   1.4040000e-01   4.3410000e-01   4.7190000e-01
  -1.1330000e-01  -1.1560000e-01  -8.2300000e-02  -8.7400000e-02   3.4740000e-01   3.2350000e-01
  -1.0150000e-01  -8.0900000e-02  -5.4800000e-02  -5.3900000e-02   2.2870000e-01   1.6120000e-01
  -1.2440000e-01  -1.0160000e-01  -9.2800000e-02  -9.4400000e-02   5.8000000e-02  -1.2200000e-02
  -1.9020000e-01  -1.7450000e-01  -1.8250000e-01  -1.7960000e-01   4.4700000e-02  -6.7700000e-02
  -2.9140000e-01  -2.5060000e-01  -2.5560000e-01  -2.4260000e-01  -8.8200000e-02  -2.3120000e-01
  -1.8210000e-01  -1.3350000e-01  -1.5050000e-01  -1.4390000e-01  -1.1050000e-01  -2.3640000e-01
  -2.5170000e-01  -1.7110000e-01  -1.8870000e-01  -1.8310000e-01  -3.5000000e-02  -2.4680000e-01
  -1.8430000e-01  -1.3370000e-01  -1.3000000e-01  -1.1250000e-01  -7.1600000e-02  -2.0100000e-01
  -9.1800000e-02  -5.2300000e-02  -5.0500000e-02  -4.3800000e-02   1.7900000e-02  -8.6700000e-02
   1.1940000e-01   1.4290000e-01   1.4540000e-01   1.5160000e-01   7.8300000e-02  -2.9400000e-02
   2.8660000e-01   3.0790000e-01   3.1280000e-01   3.0870000e-01   4.3220000e-01   3.2040000e-01
   3.3750000e-01   3.6550000e-01   3.9090000e-01   3.7170000e-01   6.7490000e-01   5.7080000e-01
   4.4720000e-01   4.8200000e-01   5.3680000e-01   5.2360000e-01   8.2760000e-01   6.5140000e-01
   4.6370000e-01   5.1960000e-01   5.8920000e-01   5.7760000e-01   1.0269000e+00   8.3810000e-01
   4.1090000e-01   4.7290000e-01   5.5800000e-01   5.4720000e-01   1.1660000e+00   9.9370000e-01
   4.1840000e-01   5.0840000e-01   5.8020000e-01   5.6900000e-01   1.1726000e+00   1.0433000e+00
   4.1050000e-01   5.0580000e-01   5.6500000e-01   5.3250000e-01   1.2413000e+00   1.0727000e+00
   3.9820000e-01   4.8060000e-01   5.1630000e-01   4.6690000e-01   1.3003000e+00   1.1174000e+00
   4.1590000e-01   5.2910000e-01   5.2270000e-01   4.7770000e-01   1.3114000e+00   1.1192000e+00
   3.8110000e-01   5.1680000e-01   4.8710000e-01   4.4420000e-01   1.3267000e+00   1.1170000e+00
   3.0970000e-01   4.6630000e-01   4.2790000e-01   3.8780000e-01   1.3404000e+00   1.1541000e+00
   2.4270000e-01   3.9240000e-01   3.3440000e-01   2.8820000e-01   1.3562000e+00   1.1372000e+00
   1.7510000e-01   3.0360000e-01   2.6240000e-01   2.0870000e-01   1.3598000e+00   1.1520000e+00
   6.0100000e-02   1.7830000e-01   1.4110000e-01   8.1200000e-02   1.3660000e+00   1.1178000e+00
  -2.5100000e-02   8.3300000e-02   5.4900000e-02  -1.3100000e-02   1.4094000e+00   1.1381000e+00
  -7.9100000e-02   3.7500000e-02  -2.8000000e-03  -7.8100000e-02   1.4782000e+00   1.1572000e+00
  -1.3480000e-01  -1.5900000e-02  -6.1600000e-02  -1.4210000e-01   1.5148000e+00   1.1677000e+00
  -1.6750000e-01  -4.4400000e-02  -9.5500000e-02  -1.7280000e-01   1.5890000e+00   1.1354000e+00
  -2.4870000e-01  -1.2040000e-01  -1.8120000e-01  -2.5360000e-01   1.6426000e+00   1.0313000e+00
  -3.2770000e-01  -2.0270000e-01  -2.5610000e-01  -3.2140000e-01   1.6888000e+00   9.4920000e-01
  -3.7890000e-01  -2.5170000e-01  -3.0940000e-01  -3.7520000e-01   1.7083000e+00   8.4840000e-01
  -4.1000000e-01  -2.8600000e-01  -3.4740000e-01  -4.1390000e-01   1.6964000e+00   7.7050000e-01
  -4.1310000e-01  -2.8720000e-01  -3.4890000e-01  -4.0980000e-01   1.6877000e+00   6.7700000e-01
  -4.7280000e-01  -3.4900000e-01  -4.0670000e-01  -4.6430000e-01   1.6265000e+00   5.5950000e-01
  -5.4490000e-01  -3.8960000e-01  -4.4940000e-01  -5.0670000e-01   1.6287000e+00   4.4620000e-01
  -6.2130000e-01  -4.2210000e-01  -4.8870000e-01  -5.5700000e-01   1.6819000e+00   3.4470000e-01
  -6.4760000e-01  -4.5730000e-01  -5.1510000e-01  -5.8090000e-01   1.7669000e+00   3.7250000e-01
  -6.8460000e-01  -5.0290000e-01  -5.4750000e-01  -6.0910000e-01   1.8427000e+00   5.2350000e-01
  -7.4690000e-01  -5.7640000e-01  -6.0950000e-01  -6.6770000e-01   1.8240000e+00   5.8140000e-01
  -8.0630000e-01  -6.5000000e-01  -6.7840000e-01  -7.3930000e-01   1.7308000e+00   6.4880000e-01
  -8.6710000e-01  -7.2990000e-01  -7.6100000e-01  -8.3150000e-01   1.7557000e+00   8.1690000e-01
  -9.3260000e-01  -7.9290000e-01  -8.2860000e-01  -9.0400000e-01   1.8048000e+00   9.3590000e-01
  -9.5240000e-01  -8.1260000e-01  -8.5280000e-01  -9.2970000e-01   1.9311000e+00   9.4970000e-01
  -9.7960000e-01  -8.4290000e-01  -8.8450000e-01  -9.5900000e-01   2.1419000e+00   1.1138000e+00
  -9.4290000e-01  -8.0660000e-01  -8.5700000e-01  -9.3720000e-01   2.3250000e+00   1.3071000e+00
  -8.7530000e-01  -7.5370000e-01  -7.8490000e-01  -8.6400000e-01   2.3386000e+00   1.4001000e+00
  -7.9800000e-01  -6.7790000e-01  -7.1720000e-01  -7.9660000e-01   2.3540000e+00   1.4759000e+00
  -6.7500000e-01  -5.5930000e-01  -5.8710000e-01  -6.5690000e-01   2.4987000e+00   1.6586000e+00
  -5.7400000e-01  -4.6250000e-01  -4.9280000e-01  -5.6060000e-01   2.5263000e+00   1.7654000e+00
  -4.9930000e-01  -4.1710000e-01  -4.2410000e-01  -4.8690000e-01   2.4918000e+00   1.8704000e+00
  -4.3080000e-01  -3.6550000e-01  -3.5540000e-01  -4.0910000e-01   2.6013000e+00   1.6994000e+00
  -3.3760000e-01  -2.8110000e-01  -2.8220000e-01  -3.3310000e-01   2.6170000e+00   1.4222000e+00
  -2.4590000e-01  -2.0760000e-01  -1.9780000e-01  -2.4150000e-01   2.5855000e+00   1.2018000e+00
  -2.0900000e-01  -1.9190000e-01  -1.7550000e-01  -2.1720000e-01   2.3581000e+00   9.7470000e-01
  -1.9000000e-01  -1.7870000e-01  -1.7700000e-01  -2.1880000e-01   2.3100000e+00   9.1980000e-01
  -2.6320000e-01  -2.7620000e-01  -2.7900000e-01  -3.3180000e-01   2.2938000e+00   6.9270000e-01
  -2.9080000e-01  -2.9460000e-01  -3.1460000e-01  -3.7930000e-01   2.2649000e+00   8.8590000e-01
  -2.7280000e-01  -3.0720000e-01  -3.0530000e-01  -3.9230000e-01   2.3155000e+00   1.0223000e+00
  -2.8830000e-01  -3.6240000e-01  -3.5060000e-01  -4.3090000e-01   2.2165000e+00   1.3980000e+00
  -3.4500000e-01  -3.9790000e-01  -3.7670000e-01  -4.2900000e-01   2.1772000e+00   1.6428000e+00
  -3.1330000e-01  -3.8920000e-01  -3.7670000e-01  -4.4880000e-01   2.4083000e+00   1.7845000e+00
  -4.0200000e-01  -4.7580000e-01  -4.2750000e-01  -4.7420000e-01   2.3671000e+00   1.8322000e+00
  -4.9220000e-01  -5.3600000e-01  -5.1740000e-01  -5.6250000e-01   2.1081000e+00   1.9382000e+00
  -6.8350000e-01  -7.3210000e-01  -6.9650000e-01  -7.3750000e-01   2.0798000e+00   1.8268000e+00
  -8.1900000e-01  -8.1790000e-01  -8.6180000e-01  -9.1750000e-01   2.0533000e+00   1.6403000e+00
  -8.9340000e-01  -8.7640000e-01  -9.4120000e-01  -9.9280000e-01   1.7788000e+00   1.4754000e+00
  -8.6770000e-01  -8.6810000e-01  -8.8270000e-01  -9.0650000e-01   1.6574000e+00   1.4124000e+00
  -7.7970000e-01  -7.8410000e-01  -8.1320000e-01  -8.4720000e-01   1.6860000e+00   1.3567000e+00
  -5.5750000e-01  -5.2760000e-01  -5.9970000e-01  -6.3640000e-01   1.7513000e+00   1.3018000e+00
  -2.2510000e-01  -1.7160000e-01  -2.7840000e-01  -3.1620000e-01   1.7196000e+00   1.2892000e+00
  -8.5800000e-02  -5.8900000e-02  -1.1820000e-01  -1.4000000e-01   1.8020000e+00   1.3721000e+00
  -7.5500000e-02  -4.1200000e-02  -1.0680000e-01  -1.3190000e-01   1.7953000e+00   1.5081000e+00
  -2.2100000e-02   3.5000000e-02  -6.0300000e-02  -8.9100000e-02   1.7857000e+00   1.7058000e+00
   8.0000000e-04   4.4300000e-02  -6.8900000e-02  -1.0870000e-01   1.6754000e+00   1.7575000e+00
  -5.6400000e-02  -5.8200000e-02  -1.3400000e-01  -1.7310000e-01   1.7088000e+00   1.7025000e+00
  -2.5990000e-01  -3.1350000e-01  -3.3120000e-01  -3.7350000e-01   1.6853000e+00   1.5966000e+00
  -4.6740000e-01  -5.3390000e-01  -5.2390000e-01  -5.6330000e-01   1.6298000e+00   1.5096000e+00
  -6.1840000e-01  -6.8700000e-01  -6.7960000e-01  -7.2050000e-01   1.5612000e+00   1.3699000e+00
  -7.0350000e-01  -7.4000000e-01  -7.5260000e-01  -7.8640000e-01   1.4151000e+00   1.1585000e+00
  -7.5160000e-01  -7.9870000e-01  -7.9760000e-01  -8.3180000e-01   1.2352000e+00   9.6190000e-01
  -8.2020000e-01  -8.8700000e-01  -8.8660000e-01  -9.2820000e-01   1.0505000e+00   7.6720000e-01
  -8.7300000e-01  -9.5180000e-01  -9.4690000e-01  -9.8840000e-01   8.5770000e-01   5.9370000e-01
  -1.0350000e+00  -1.1271000e+00  -1.1092000e+00  -1.1473000e+00   7.0370000e-01   4.7970000e-01
  -1.3382000e+00  -1.4409000e+00  -1.4145000e+00  -1.4468000e+00   5.9020000e-01   3.7460000e-01
  -1.6310000e+00  -1.6974000e+00  -1.6997000e+00  -1.7340000e+00   4.6680000e-01   2.9140000e-01
  -1.8089000e+00  -1.8363000e+00  -1.8638000e+00  -1.9086000e+00   1.5950000e-01   2.0290000e-01
  -1.9281000e+00  -1.9340000e+00  -1.9764000e+00  -2.0057000e+00  -1.3390000e-01  -1.4300000e-02
  -2.0002000e+00  -1.9980000e+00  -2.0434000e+00  -2.0693000e+00  -3.7750000e-01  -3.3390000e-01
  -2.0290000e+00  -2.0347000e+00  -2.0808000e+00  -2.1124000e+00  -5.8930000e-01  -6.0640000e-01
  -1.9622000e+00  -1.9885000e+00  -2.0378000e+00  -2.0897000e+00  -7.5260000e-01  -8.1570000e-01
  -1.9143000e+00  -1.9487000e+00  -1.9737000e+00  -2.0214000e+00  -8.2170000e-01  -9.8200000e-01
  -1.9898000e+00  -2.0139000e+00  -2.0295000e+00  -2.0711000e+00  -9.5850000e-01  -1.0697000e+00
  -2.0993000e+00  -2.0951000e+00  -2.1254000e+00  -2.1608000e+00  -1.1911000e+00  -1.2195000e+00
  -2.1245000e+00  -2.0684000e+00  -2.1387000e+00  -2.1639000e+00  -1.3105000e+00  -1.3622000e+00
  -2.0888000e+00  -2.0062000e+00  -2.1102000e+00  -2.1338000e+00  -1.3010000e+00  -1.4088000e+00
  -2.0459000e+00  -1.9567000e+00  -2.0765000e+00  -2.0968000e+00  -1.2111000e+00  -1.3901000e+00
  -1.9615000e+00  -1.8636000e+00  -1.9961000e+00  -2.0136000e+00  -1.1636000e+00  -1.3495000e+00
  -1.8738000e+00  -1.7909000e+00  -1.9068000e+00  -1.9229000e+00  -1.1811000e+00  -1.2906000e+00
  -1.7959000e+00  -1.7432000e+00  -1.8417000e+00  -1.8655000e+00  -1.1864000e+00  -1.2301000e+00
  -1.7383000e+00  -1.7038000e+00  -1.7927000e+00  -1.8250000e+00  -1.1569000e+00  -1.2123000e+00
  -1.5876000e+00  -1.5777000e+00  -1.6400000e+00  -1.6745000e+00  -1.0314000e+00  -1.1191000e+00
  -1.4217000e+00  -1.4440000e+00  -1.4729000e+00  -1.5117000e+00  -7.5700000e-01  -9.1130000e-01
  -1.3442000e+00  -1.3833000e+00  -1.3899000e+00  -1.4323000e+00  -5.4670000e-01  -7.0770000e-01
  -1.2818000e+00  -1.3211000e+00  -1.3143000e+00  -1.3528000e+00  -3.7880000e-01  -6.4290000e-01
  -1.1512000e+00  -1.1953000e+00  -1.1759000e+00  -1.2137000e+00  -3.8430000e-01  -6.2050000e-01
  -1.1180000e+00  -1.1766000e+00  -1.1394000e+00  -1.1746000e+00  -3.3080000e-01  -5.7190000e-01
  -1.1493000e+00  -1.2182000e+00  -1.1783000e+00  -1.2227000e+00  -2.9330000e-01  -5.0300000e-01
  -1.1158000e+00  -1.1944000e+00  -1.1482000e+00  -1.1951000e+00  -2.7910000e-01  -3.9610000e-01
  -1.0961000e+00  -1.1904000e+00  -1.1159000e+00  -1.1580000e+00  -2.7700000e-01  -2.7780000e-01
  -1.1082000e+00  -1.2099000e+00  -1.0912000e+00  -1.1242000e+00  -5.9000000e-03  -9.8100000e-02
  -1.1079000e+00  -1.2006000e+00  -1.0849000e+00  -1.1179000e+00   1.9570000e-01   2.7100000e-02
  -1.1333000e+00  -1.1729000e+00  -1.1056000e+00  -1.1479000e+00   2.2120000e-01   6.9000000e-02
  -1.0289000e+00  -1.0239000e+00  -1.0053000e+00  -1.0503000e+00   3.0660000e-01   2.1540000e-01
  -9.2840000e-01  -8.9360000e-01  -9.0770000e-01  -9.5840000e-01   4.0860000e-01   3.4020000e-01
  -8.0210000e-01  -7.6460000e-01  -7.8930000e-01  -8.4240000e-01   4.1120000e-01   4.3090000e-01
  -6.9510000e-01  -6.4460000e-01  -6.8730000e-01  -7.4090000e-01   3.6280000e-01   4.0770000e-01
  -5.6650000e-01  -5.0370000e-01  -5.5050000e-01  -6.0040000e-01   3.0050000e-01   3.6620000e-01
  -4.9100000e-01  -4.1940000e-01  -4.6610000e-01  -5.1600000e-01   2.5280000e-01   3.5660000e-01
  -4.1040000e-01  -3.2540000e-01  -3.7460000e-01  -4.1850000e-01   1.8220000e-01   3.0870000e-01
  -4.5830000e-01  -3.5530000e-01  -4.0300000e-01  -4.4050000e-01   9.9100000e-02   2.5700000e-01
  -5.5840000e-01  -4.4790000e-01  -4.7670000e-01  -5.1000000e-01   5.4000000e-03   2.0670000e-01
  -7.3850000e-01  -6.0490000e-01  -6.2630000e-01  -6.6170000e-01  -8.3500000e-02   1.4860000e-01
  -8.7900000e-01  -8.0390000e-01  -8.1760000e-01  -9.3060000e-01  -1.3070000e-01   1.0500000e-01
  -1.1298000e+00  -1.0790000e+00  -1.0931000e+00  -1.2057000e+00  -1.7480000e-01   6.9100000e-02
  -1.4132000e+00  -1.2615000e+00  -1.2755000e+00  -1.3651000e+00  -2.0290000e-01   9.0200000e-02
  -1.5257000e+00  -1.3737000e+00  -1.3817000e+00  -1.4890000e+00  -1.1610000e-01   1.2500000e-01
  -1.6107000e+00  -1.4654000e+00  -1.4721000e+00  -1.5884000e+00  -7.3300000e-02   8.7400000e-02
  -1.7202000e+00  -1.5739000e+00  -1.5969000e+00  -1.7272000e+00  -1.2310000e-01   8.3900000e-02
  -1.8016000e+00  -1.6509000e+00  -1.6915000e+00  -1.8361000e+00  -1.8640000e-01   4.3900000e-02
  -1.8885000e+00  -1.7624000e+00  -1.7899000e+00  -1.9393000e+00  -1.8880000e-01   2.8200000e-02
  -2.0351000e+00  -1.9236000e+00  -1.9544000e+00  -2.1215000e+00  -2.1980000e-01  -6.7100000e-02
  -2.1481000e+00  -1.9887000e+00  -2.0366000e+00  -2.1970000e+00  -1.8950000e-01  -8.3900000e-02
  -2.1487000e+00  -1.9788000e+00  -2.0332000e+00  -2.1938000e+00  -1.8900000e-01  -1.7010000e-01
  -2.0588000e+00  -1.8974000e+00  -1.9313000e+00  -2.0551000e+00  -1.6360000e-01  -3.1580000e-01
  -2.1180000e+00  -1.9606000e+00  -1.9553000e+00  -2.0671000e+00  -1.2650000e-01  -3.3350000e-01
  -2.0051000e+00  -1.8714000e+00  -1.8707000e+00  -2.0015000e+00  -3.3000000e-02  -4.1620000e-01
  -1.8246000e+00  -1.7074000e+00  -1.7089000e+00  -1.8284000e+00   7.9000000e-02  -2.4220000e-01
  -1.7310000e+00  -1.6479000e+00  -1.6205000e+00  -1.7248000e+00   2.3740000e-01  -7.4300000e-02
  -1.6138000e+00  -1.5417000e+00  -1.5199000e+00  -1.6096000e+00   3.2500000e-02   7.8000000e-03
  -1.5231000e+00  -1.4499000e+00  -1.4512000e+00  -1.5362000e+00   1.7100000e-02   2.5210000e-01
  -1.3509000e+00  -1.2789000e+00  -1.2945000e+00  -1.3680000e+00   4.5900000e-02   4.8810000e-01
  -1.2100000e+00  -1.1459000e+00  -1.1661000e+00  -1.2416000e+00   8.9700000e-02   1.0822000e+00
  -1.0476000e+00  -1.0135000e+00  -1.0248000e+00  -1.0908000e+00   7.7000000e-02   1.3308000e+00
  -8.6050000e-01  -8.5390000e-01  -8.3690000e-01  -8.8830000e-01  -2.6180000e-01   1.2523000e+00
  -6.4140000e-01  -6.5590000e-01  -6.5170000e-01  -7.1120000e-01  -3.8540000e-01   1.3451000e+00
  -4.7330000e-01  -5.1180000e-01  -4.4600000e-01  -4.7130000e-01  -4.0080000e-01   1.4061000e+00
  -4.1300000e-01  -4.2330000e-01  -3.8290000e-01  -4.0450000e-01  -2.6130000e-01   1.2612000e+00
  -2.3630000e-01  -2.4070000e-01  -2.7020000e-01  -3.1930000e-01   2.6600000e-02   1.3498000e+00
  -7.2900000e-02  -7.4100000e-02  -1.1730000e-01  -1.4950000e-01   5.6050000e-01   1.4683000e+00
  -2.6000000e-03  -2.7300000e-02  -5.1600000e-02  -8.7200000e-02   9.0210000e-01   1.5157000e+00
   1.0630000e-01   5.6300000e-02   4.5400000e-02   1.7000000e-03   1.2512000e+00   1.3945000e+00
   9.5000000e-02  -5.1000000e-02  -3.4500000e-02  -1.2330000e-01   1.3437000e+00   1.0654000e+00
  -1.2270000e-01  -2.6960000e-01  -2.2400000e-01  -2.9750000e-01   1.5120000e+00   1.0668000e+00
  -1.2300000e-01  -1.9670000e-01  -2.1060000e-01  -2.8710000e-01   1.6229000e+00   1.0313000e+00
  -2.2360000e-01  -3.8530000e-01  -3.3520000e-01  -3.9730000e-01   1.8068000e+00   1.1234000e+00
  -3.3340000e-01  -4.8410000e-01  -3.9840000e-01  -4.3730000e-01   1.6335000e+00   1.1774000e+00
  -3.6190000e-01  -5.3870000e-01  -4.4310000e-01  -5.0750000e-01   1.4931000e+00   1.1436000e+00
  -3.1930000e-01  -5.0160000e-01  -4.2060000e-01  -4.8610000e-01   1.0824000e+00   9.1630000e-01
  -2.5420000e-01  -4.3920000e-01  -3.4880000e-01  -4.1010000e-01   8.3730000e-01   7.9220000e-01
  -6.4700000e-02  -2.3710000e-01  -1.6500000e-01  -2.2330000e-01   7.7120000e-01   7.1530000e-01
  -3.2700000e-02  -1.6310000e-01  -1.1800000e-01  -1.6080000e-01   5.1120000e-01   5.4190000e-01
  -7.6400000e-02  -1.9480000e-01  -1.5430000e-01  -1.9540000e-01   2.7300000e-01   4.3150000e-01
  -4.2000000e-02  -1.4070000e-01  -1.3660000e-01  -1.8830000e-01  -1.8220000e-01   5.4850000e-01
   7.0000000e-04  -6.6600000e-02  -9.7500000e-02  -1.5720000e-01  -1.4280000e-01   5.6360000e-01
   1.8970000e-01   8.5800000e-02   7.6000000e-02   1.8000000e-03  -3.2200000e-02   4.6260000e-01
   2.5770000e-01   1.2270000e-01   1.3760000e-01   7.2100000e-02  -5.1400000e-02   2.6040000e-01
   3.3170000e-01   2.0690000e-01   2.1360000e-01   1.4350000e-01   5.4700000e-02   2.3660000e-01
   3.3950000e-01   1.9990000e-01   2.3590000e-01   1.9120000e-01  -4.2600000e-02   1.4240000e-01
   3.1870000e-01   1.7320000e-01   2.4130000e-01   2.0680000e-01  -3.6400000e-01   5.9000000e-02
   1.3370000e-01   2.0000000e-03   7.3200000e-02   4.1400000e-02  -4.0450000e-01  -4.4000000e-03
  -3.0800000e-02  -1.3280000e-01  -8.0200000e-02  -1.2210000e-01  -3.7550000e-01  -8.9900000e-02
  -1.2380000e-01  -2.1770000e-01  -2.0820000e-01  -2.6270000e-01  -4.3340000e-01  -3.0840000e-01
  -7.5400000e-02  -1.4790000e-01  -1.5880000e-01  -2.1510000e-01  -6.0880000e-01  -5.1230000e-01
  -1.1490000e-01  -2.0650000e-01  -1.8860000e-01  -2.3330000e-01  -7.6390000e-01  -5.9850000e-01
  -1.4120000e-01  -2.5410000e-01  -2.1280000e-01  -2.6050000e-01  -8.2230000e-01  -7.5230000e-01
  -1.2030000e-01  -2.2620000e-01  -1.9310000e-01  -2.3110000e-01  -9.3680000e-01  -9.1760000e-01
  -3.7200000e-02  -1.2190000e-01  -1.0410000e-01  -1.3190000e-01  -1.0953000e+00  -1.0238000e+00
   2.3200000e-02  -3.4900000e-02  -4.6100000e-02  -6.6200000e-02  -1.0601000e+00  -1.0220000e+00
   6.1400000e-02   1.8400000e-02  -1.3900000e-02  -3.9200000e-02  -1.1047000e+00  -9.8680000e-01
   2.1200000e-02   3.8000000e-03  -6.4300000e-02  -9.0900000e-02  -1.1427000e+00  -1.0248000e+00
  -6.3900000e-02  -4.2400000e-02  -1.4760000e-01  -1.6380000e-01  -1.1352000e+00  -1.0896000e+00
  -1.8150000e-01  -1.7070000e-01  -2.5080000e-01  -2.7360000e-01  -1.0681000e+00  -1.0574000e+00
  -9.2700000e-02  -1.0240000e-01  -1.4750000e-01  -1.7420000e-01  -1.0299000e+00  -9.4970000e-01
   4.5000000e-03  -1.7600000e-02  -4.8500000e-02  -7.4100000e-02  -9.1720000e-01  -8.6620000e-01
   1.3050000e-01   1.3270000e-01   8.9800000e-02   7.7600000e-02  -8.3910000e-01  -7.8820000e-01
   1.4070000e-01   1.2780000e-01   1.3030000e-01   1.3400000e-01  -6.4860000e-01  -7.2400000e-01
   8.0200000e-02   6.8700000e-02   8.8200000e-02   9.6900000e-02  -4.2980000e-01  -6.5720000e-01
   8.2600000e-02   9.8800000e-02   9.5900000e-02   1.0300000e-01  -3.1280000e-01  -4.6340000e-01
   1.1710000e-01   1.7600000e-01   1.5360000e-01   1.6740000e-01  -2.7690000e-01  -2.6700000e-01
   1.9630000e-01   2.7010000e-01   2.3140000e-01   2.4410000e-01  -2.7940000e-01  -1.6950000e-01
   3.3750000e-01   3.5810000e-01   3.6120000e-01   3.7360000e-01  -2.2560000e-01  -1.5890000e-01
   4.7770000e-01   4.8090000e-01   5.0390000e-01   5.2390000e-01  -2.1320000e-01  -8.1900000e-02
   6.1820000e-01   6.0790000e-01   6.5910000e-01   6.9480000e-01  -1.4350000e-01   6.4500000e-02
   7.2380000e-01   6.9170000e-01   7.6070000e-01   7.9570000e-01  -9.5400000e-02   5.8800000e-02
   6.3990000e-01   6.1050000e-01   6.7510000e-01   7.0240000e-01  -2.3900000e-01  -3.9000000e-02
   4.2070000e-01   3.7820000e-01   4.3880000e-01   4.4300000e-01  -5.5940000e-01  -1.4090000e-01
   3.9840000e-01   3.8000000e-01   4.2060000e-01   4.2770000e-01  -5.8050000e-01  -2.3850000e-01
   3.5380000e-01   2.8440000e-01   4.1170000e-01   4.2800000e-01  -2.9920000e-01  -1.6700000e-02
   2.1900000e-01   1.3140000e-01   3.0250000e-01   3.1820000e-01  -1.6200000e-01   9.3700000e-02
  -1.7000000e-01  -2.0660000e-01  -3.7700000e-02   1.3700000e-02  -2.4910000e-01   2.5970000e-01
  -5.4890000e-01  -5.8680000e-01  -4.5000000e-01  -4.5420000e-01  -4.4270000e-01   5.6700000e-02
  -8.0230000e-01  -9.3670000e-01  -8.0600000e-01  -8.1590000e-01  -5.9340000e-01  -4.0230000e-01
  -8.8120000e-01  -1.0700000e+00  -9.8060000e-01  -9.8870000e-01  -6.7110000e-01  -5.4150000e-01
  -1.2195000e+00  -1.3297000e+00  -1.1990000e+00  -1.1500000e+00  -6.9440000e-01  -5.2750000e-01
  -1.9451000e+00  -2.0274000e+00  -1.7231000e+00  -1.5799000e+00  -8.3200000e-01  -5.1580000e-01
  -2.2337000e+00  -2.4602000e+00  -2.1149000e+00  -1.9663000e+00  -7.7360000e-01  -5.2850000e-01
  -2.4577000e+00  -2.7168000e+00  -2.3877000e+00  -2.2947000e+00  -8.5620000e-01  -5.7070000e-01
  -2.7000000e+00  -2.9354000e+00  -2.6600000e+00  -2.6179000e+00  -1.0461000e+00  -6.1010000e-01
  -2.9810000e+00  -3.0105000e+00  -2.9067000e+00  -2.9171000e+00  -1.1283000e+00  -8.3890000e-01
  -3.0889000e+00  -2.8690000e+00  -2.9742000e+00  -3.0501000e+00  -1.0886000e+00  -8.7570000e-01
  -2.8473000e+00  -2.5196000e+00  -2.8379000e+00  -2.9928000e+00  -1.0797000e+00  -7.1660000e-01
  -2.3879000e+00  -2.1608000e+00  -2.4292000e+00  -2.5744000e+00  -1.0628000e+00  -5.7950000e-01
  -2.0770000e+00  -1.9687000e+00  -2.0859000e+00  -2.2030000e+00  -9.8450000e-01  -4.2260000e-01
  -1.7415000e+00  -1.6433000e+00  -1.7458000e+00  -1.8547000e+00  -8.8920000e-01  -4.4470000e-01
  -1.3013000e+00  -1.1407000e+00  -1.3779000e+00  -1.4943000e+00  -9.0920000e-01  -5.9850000e-01
  -9.1360000e-01  -7.3280000e-01  -1.0173000e+00  -1.1440000e+00  -1.0181000e+00  -8.4840000e-01
  -7.0590000e-01  -5.2880000e-01  -8.0390000e-01  -9.4090000e-01  -1.0759000e+00  -1.0402000e+00
  -6.1350000e-01  -3.5540000e-01  -6.1740000e-01  -7.0950000e-01  -1.0030000e+00  -1.2920000e+00
  -4.7110000e-01  -2.5010000e-01  -4.8390000e-01  -5.6850000e-01  -5.1620000e-01  -1.2925000e+00
  -5.3650000e-01  -3.4910000e-01  -5.0080000e-01  -5.4230000e-01  -9.3800000e-02  -1.2587000e+00
  -7.4320000e-01  -6.0530000e-01  -6.3780000e-01  -6.4260000e-01   4.9900000e-02  -1.3434000e+00
  -7.9910000e-01  -6.5270000e-01  -7.0340000e-01  -7.2970000e-01  -2.6300000e-02  -1.4025000e+00
  -8.7390000e-01  -6.7080000e-01  -8.1190000e-01  -8.5680000e-01  -4.3900000e-02  -1.5709000e+00
  -8.7650000e-01  -7.0230000e-01  -8.5600000e-01  -9.3040000e-01  -5.7700000e-02  -1.6793000e+00
  -7.9130000e-01  -6.9520000e-01  -7.8910000e-01  -8.8800000e-01  -7.0500000e-02  -1.8684000e+00
  -7.5500000e-01  -6.6450000e-01  -6.6510000e-01  -7.2950000e-01  -5.1200000e-02  -1.9972000e+00
  -6.2150000e-01  -5.0260000e-01  -4.2450000e-01  -4.1810000e-01  -4.2000000e-03  -1.8034000e+00
  -5.5590000e-01  -5.5800000e-01  -3.8060000e-01  -3.6190000e-01   1.5430000e-01  -1.7742000e+00
  -2.3100000e-01  -4.2220000e-01  -2.4640000e-01  -2.2180000e-01   1.4990000e-01  -1.8581000e+00
  -2.8400000e-02  -2.3380000e-01  -1.1860000e-01  -6.0300000e-02   1.4050000e-01  -1.6717000e+00
  -2.0080000e-01  -2.7540000e-01  -2.4010000e-01  -1.4600000e-01   1.1590000e-01  -1.2959000e+00
  -4.4490000e-01  -5.0070000e-01  -4.7370000e-01  -4.0680000e-01   8.3300000e-02  -1.5292000e+00
  -4.6680000e-01  -5.7970000e-01  -5.0750000e-01  -4.4430000e-01  -3.0300000e-02   1.6430000e-01
  -7.0620000e-01  -7.2920000e-01  -6.6260000e-01  -5.4920000e-01  -6.4770000e-01  -4.8740000e-01
  -8.0490000e-01  -8.4830000e-01  -8.0850000e-01  -7.4250000e-01  -4.9710000e-01  -8.7930000e-01
  -7.5320000e-01  -7.9910000e-01  -7.6610000e-01  -7.0920000e-01  -5.3480000e-01  -1.1922000e+00
  -7.5270000e-01  -8.5370000e-01  -7.8150000e-01  -7.2240000e-01  -6.9230000e-01  -1.0887000e+00
  -5.5950000e-01  -6.7870000e-01  -6.1490000e-01  -5.6600000e-01  -7.6250000e-01  -9.7780000e-01
  -5.3550000e-01  -5.7960000e-01  -5.7030000e-01  -5.2590000e-01  -5.4150000e-01  -8.3770000e-01
  -3.3230000e-01  -4.2590000e-01  -3.7010000e-01  -3.8600000e-01  -2.2220000e-01  -4.4630000e-01
   2.7600000e-02   9.5200000e-02   7.2400000e-02   5.1000000e-02  -2.7100000e-01  -9.6700000e-02
   3.6410000e-01   2.8790000e-01   3.7350000e-01   3.5110000e-01  -3.1530000e-01   5.1000000e-03
   6.5840000e-01   6.9230000e-01   7.6600000e-01   8.1550000e-01  -2.3700000e-01   5.5120000e-01
   4.0660000e-01   7.6910000e-01   6.7740000e-01   7.8490000e-01  -7.6160000e-01   8.9670000e-01
   5.0000000e-03   2.0730000e-01   2.6850000e-01   3.3280000e-01  -9.1430000e-01   9.4720000e-01
  -1.0540000e-01  -1.6580000e-01   1.2500000e-01   1.9490000e-01  -1.2902000e+00   1.2744000e+00
  -3.2500000e-02   3.9000000e-02   1.6820000e-01   2.3230000e-01  -1.2730000e+00   1.2746000e+00
  -2.0250000e-01  -7.4500000e-02  -4.3800000e-02  -7.4000000e-03  -8.9610000e-01   1.2920000e+00
   1.8200000e-02  -3.1800000e-02  -1.1200000e-02  -2.2600000e-02  -5.2370000e-01   1.4696000e+00
   6.1400000e-02   4.5800000e-02  -7.0400000e-02  -2.0460000e-01  -2.7370000e-01   1.2129000e+00
   1.3250000e-01   1.8710000e-01  -3.0300000e-02  -1.8710000e-01  -1.7700000e-02   9.3690000e-01
  -1.9340000e-01  -7.9000000e-03  -3.5590000e-01  -5.4220000e-01   2.5450000e-01   6.7700000e-01
  -1.7320000e-01  -2.9900000e-02  -2.8410000e-01  -4.7250000e-01   4.6740000e-01   3.3590000e-01
  -2.4170000e-01  -1.8080000e-01  -2.8730000e-01  -4.8520000e-01   2.3580000e-01  -2.5600000e-02
  -1.8340000e-01  -3.0920000e-01  -2.7980000e-01  -4.2160000e-01  -1.4230000e-01  -2.3130000e-01
  -1.3690000e-01  -3.6500000e-01  -2.7600000e-01  -3.7650000e-01  -3.1250000e-01  -4.3700000e-01
  -5.2600000e-02  -2.4220000e-01  -1.9740000e-01  -2.6920000e-01  -5.4360000e-01  -7.1250000e-01
  -1.5720000e-01  -2.7850000e-01  -2.6620000e-01  -2.9130000e-01  -9.2140000e-01  -1.1069000e+00
  -4.6870000e-01  -5.9780000e-01  -5.1950000e-01  -5.2780000e-01  -1.5371000e+00  -1.2946000e+00
  -7.6080000e-01  -8.9680000e-01  -7.8030000e-01  -7.6120000e-01  -1.6648000e+00  -1.5082000e+00
  -1.1612000e+00  -1.2414000e+00  -1.0939000e+00  -1.0487000e+00  -1.6217000e+00  -1.7075000e+00
  -1.2442000e+00  -1.3460000e+00  -1.2339000e+00  -1.2231000e+00  -1.5304000e+00  -1.8074000e+00
  -1.2846000e+00  -1.3528000e+00  -1.2755000e+00  -1.2583000e+00  -1.7039000e+00  -2.0502000e+00
  -1.3289000e+00  -1.4119000e+00  -1.3242000e+00  -1.3191000e+00  -1.8905000e+00  -2.3488000e+00
  -1.3149000e+00  -1.4575000e+00  -1.2777000e+00  -1.2462000e+00  -2.1466000e+00  -2.5167000e+00
  -1.3143000e+00  -1.5216000e+00  -1.2932000e+00  -1.2594000e+00  -2.4552000e+00  -2.6614000e+00
  -1.2310000e+00  -1.4593000e+00  -1.2627000e+00  -1.2584000e+00  -2.5881000e+00  -2.6576000e+00
  -1.2012000e+00  -1.3482000e+00  -1.2004000e+00  -1.1757000e+00  -2.8762000e+00  -2.7517000e+00
  -1.3296000e+00  -1.4542000e+00  -1.3574000e+00  -1.3440000e+00  -3.0648000e+00  -2.8060000e+00
  -1.4866000e+00  -1.5622000e+00  -1.5089000e+00  -1.5219000e+00  -3.1701000e+00  -2.9478000e+00
  -1.7580000e+00  -1.7549000e+00  -1.7126000e+00  -1.7021000e+00  -3.1500000e+00  -2.9456000e+00
  -1.7241000e+00  -1.7876000e+00  -1.7752000e+00  -1.8227000e+00  -3.1160000e+00  -2.9968000e+00
  -1.8689000e+00  -1.9978000e+00  -1.8639000e+00  -1.8893000e+00  -3.1333000e+00  -3.0053000e+00
  -2.0256000e+00  -2.1038000e+00  -2.0083000e+00  -2.0558000e+00  -3.0789000e+00  -2.8777000e+00
  -2.1359000e+00  -2.1783000e+00  -2.1015000e+00  -2.1407000e+00  -2.9930000e+00  -2.8452000e+00
  -2.2440000e+00  -2.1970000e+00  -2.2099000e+00  -2.2654000e+00  -3.0017000e+00  -2.8896000e+00
  -2.2693000e+00  -2.1943000e+00  -2.2763000e+00  -2.3336000e+00  -2.8824000e+00  -2.8665000e+00
  -2.2432000e+00  -2.2060000e+00  -2.2960000e+00  -2.3674000e+00  -2.8704000e+00  -2.9293000e+00
  -2.2406000e+00  -2.1596000e+00  -2.2591000e+00  -2.3018000e+00  -2.7696000e+00  -2.9410000e+00
  -2.1885000e+00  -2.1544000e+00  -2.2370000e+00  -2.2796000e+00  -2.8770000e+00  -2.9982000e+00
  -2.3236000e+00  -2.3018000e+00  -2.3144000e+00  -2.3313000e+00  -2.7570000e+00  -3.0533000e+00
  -2.4339000e+00  -2.3950000e+00  -2.3871000e+00  -2.3834000e+00  -2.6866000e+00  -3.0509000e+00
  -2.5493000e+00  -2.5668000e+00  -2.5335000e+00  -2.5529000e+00  -2.8091000e+00  -2.9546000e+00
  -2.6279000e+00  -2.6683000e+00  -2.6764000e+00  -2.7404000e+00  -2.9681000e+00  -2.9400000e+00
  -2.6667000e+00  -2.7118000e+00  -2.7464000e+00  -2.8225000e+00  -3.0429000e+00  -2.7818000e+00
  -2.6768000e+00  -2.7847000e+00  -2.7891000e+00  -2.8834000e+00  -3.1014000e+00  -2.6199000e+00
  -2.7378000e+00  -2.8558000e+00  -2.8172000e+00  -2.8896000e+00  -3.1197000e+00  -2.4401000e+00
  -2.8573000e+00  -2.9606000e+00  -2.9210000e+00  -2.9909000e+00  -2.9738000e+00  -2.2253000e+00
  -2.9191000e+00  -3.0044000e+00  -2.9666000e+00  -3.0225000e+00  -2.8518000e+00  -2.0656000e+00
  -2.9589000e+00  -3.0547000e+00  -3.0064000e+00  -3.0788000e+00  -2.4338000e+00  -1.9194000e+00
  -3.0627000e+00  -3.1696000e+00  -3.0941000e+00  -3.1731000e+00  -2.1921000e+00  -1.6510000e+00
  -2.9918000e+00  -3.1015000e+00  -3.0209000e+00  -3.0980000e+00  -1.9672000e+00  -1.3812000e+00
  -2.8845000e+00  -2.9537000e+00  -2.8975000e+00  -2.9703000e+00  -1.7462000e+00  -1.0150000e+00
  -2.6654000e+00  -2.7393000e+00  -2.7137000e+00  -2.8195000e+00  -1.3615000e+00  -5.0050000e-01
  -2.5427000e+00  -2.6421000e+00  -2.5999000e+00  -2.7118000e+00  -1.2118000e+00  -2.2830000e-01
  -2.3731000e+00  -2.4549000e+00  -2.4311000e+00  -2.5523000e+00  -1.1114000e+00   5.9700000e-02
  -2.3186000e+00  -2.3872000e+00  -2.3363000e+00  -2.4372000e+00  -8.0890000e-01   5.7520000e-01
  -2.3018000e+00  -2.3809000e+00  -2.2924000e+00  -2.4111000e+00  -3.8830000e-01   1.1947000e+00
  -2.0977000e+00  -2.4128000e+00  -2.2204000e+00  -2.4280000e+00  -2.8530000e-01   1.8515000e+00
  -2.0315000e+00  -2.2899000e+00  -1.9790000e+00  -2.2551000e+00  -3.1670000e-01   2.2080000e+00
  -2.2749000e+00  -2.2768000e+00  -2.1583000e+00  -2.3570000e+00  -1.3390000e-01   2.2447000e+00
  -1.0475000e+00  -2.1147000e+00  -1.1275000e+00  -1.5150000e+00   4.6280000e-01   2.7022000e+00
   3.5000000e-01  -7.2680000e-01   2.0260000e-01   9.6100000e-02   1.7580000e+00   3.2670000e+00
   7.4440000e-01  -1.1241000e+00   6.0960000e-01   4.7800000e-01   3.5128000e+00   3.9260000e+00
   1.5274000e+00   1.3544000e+00   1.4406000e+00   1.3668000e+00   3.8145000e+00   4.1538000e+00
   1.6227000e+00   1.4245000e+00   1.4308000e+00   1.2644000e+00   4.4993000e+00   4.4624000e+00
   1.6998000e+00   1.4897000e+00   1.4676000e+00   1.2647000e+00   4.5009000e+00   4.8999000e+00
   1.5532000e+00   1.4533000e+00   1.3912000e+00   1.2014000e+00   4.6670000e+00   4.4374000e+00
   1.5072000e+00   1.4521000e+00   1.3758000e+00   1.1996000e+00   5.3051000e+00   4.6896000e+00
   1.2648000e+00   1.4320000e+00   1.2732000e+00   1.1740000e+00   4.3495000e+00   5.2707000e+00
   9.1770000e-01   1.0555000e+00   9.1950000e-01   7.8790000e-01   4.4177000e+00   4.9577000e+00
   7.4420000e-01   7.5120000e-01   6.8180000e-01   5.0260000e-01   6.8569000e+00   5.0174000e+00
   5.8910000e-01   6.0340000e-01   4.9600000e-01   3.0420000e-01   5.7515000e+00   5.6211000e+00
   3.9080000e-01   4.7560000e-01   3.5520000e-01   2.1630000e-01   4.4252000e+00   4.3958000e+00
   1.5090000e-01   2.4680000e-01   2.0160000e-01   9.6100000e-02   4.1238000e+00   3.0843000e+00
  -2.2890000e-01  -1.0660000e-01  -1.2870000e-01  -2.3420000e-01   3.9494000e+00   2.6733000e+00
  -3.9240000e-01  -3.5390000e-01  -3.2830000e-01  -4.7910000e-01   3.4002000e+00   3.5295000e+00
  -5.5970000e-01  -6.1590000e-01  -5.1540000e-01  -6.1900000e-01   3.9298000e+00   3.9264000e+00
  -7.7820000e-01  -8.1620000e-01  -7.2450000e-01  -8.1070000e-01   4.7194000e+00   4.0959000e+00
  -1.0647000e+00  -1.1123000e+00  -1.0443000e+00  -1.1361000e+00   4.5036000e+00   3.5691000e+00
  -1.5049000e+00  -1.4982000e+00  -1.4133000e+00  -1.4956000e+00   4.4324000e+00   3.2119000e+00
  -1.7784000e+00  -1.7811000e+00  -1.6828000e+00  -1.7689000e+00   3.0964000e+00   3.5911000e+00
  -1.8740000e+00  -1.9057000e+00  -1.7705000e+00  -1.8564000e+00   2.0853000e+00   3.6226000e+00
  -1.5998000e+00  -1.6277000e+00  -1.4649000e+00  -1.5299000e+00   7.1770000e-01   2.2890000e+00
  -1.1157000e+00  -1.1425000e+00  -9.5620000e-01  -1.0062000e+00   2.7440000e+00   1.4103000e+00
  -6.7660000e-01  -7.0530000e-01  -5.8740000e-01  -6.3310000e-01   4.5395000e+00   1.8849000e+00
  -4.4060000e-01  -4.5810000e-01  -3.7030000e-01  -4.0510000e-01   3.7559000e+00   4.0585000e+00
  -2.6630000e-01  -2.6360000e-01  -2.3110000e-01  -2.7000000e-01   2.3520000e+00   4.6974000e+00
  -1.7410000e-01  -1.0760000e-01  -1.2740000e-01  -1.6320000e-01   2.5574000e+00   3.3100000e+00
  -2.2800000e-02  -7.2400000e-02  -7.4000000e-03  -7.7100000e-02   3.9507000e+00   4.8973000e+00
   2.1600000e-01   1.7390000e-01   2.6860000e-01   2.2140000e-01   1.9715000e+00   4.6429000e+00
   3.4960000e-01   3.0570000e-01   3.9850000e-01   3.7870000e-01   1.4889000e+00   4.2643000e+00
   4.9190000e-01   4.3390000e-01   5.4660000e-01   5.2530000e-01   2.6428000e+00   4.0140000e+00
   4.9880000e-01   3.0870000e-01   5.3020000e-01   5.0770000e-01   5.5602000e+00   1.2596000e+00
   6.1960000e-01   4.4620000e-01   6.1520000e-01   5.6890000e-01   2.8450000e+00   5.0530000e-01
   1.0652000e+00   9.0660000e-01   1.0322000e+00   9.9910000e-01  -3.2190000e-01   3.1300000e-01
   1.0510000e+00   9.3990000e-01   1.0929000e+00   1.1304000e+00   4.7000000e-03  -1.2184000e+00
   1.1399000e+00   1.0409000e+00   1.1704000e+00   1.2104000e+00  -6.9040000e-01   7.0820000e-01
   1.2162000e+00   1.1040000e+00   1.2185000e+00   1.2294000e+00  -1.9505000e+00   5.8790000e-01
   1.3126000e+00   1.2199000e+00   1.3282000e+00   1.3372000e+00  -2.2029000e+00   9.1800000e-01
   1.3176000e+00   1.2182000e+00   1.3264000e+00   1.3229000e+00   1.4202000e+00   8.1090000e-01
   1.8150000e+00   1.6991000e+00   1.7971000e+00   1.7982000e+00   1.3279000e+00   2.2490000e-01
   2.0695000e+00   2.0548000e+00   2.0455000e+00   2.0100000e+00   1.3219000e+00   6.0760000e-01
   2.7259000e+00   2.6367000e+00   2.6737000e+00   2.5779000e+00   6.6530000e-01   7.7590000e-01
   3.5575000e+00   3.3683000e+00   3.1532000e+00   2.9254000e+00   1.3180000e-01   2.9200000e-01
   3.7530000e+00   3.8940000e+00   3.8517000e+00   3.9267000e+00   6.8900000e-02   2.8810000e-01
   4.1669000e+00   4.3080000e+00   4.0718000e+00   3.8828000e+00  -3.8700000e-02   3.0720000e-01
   4.2112000e+00   4.1373000e+00   3.8325000e+00   3.7474000e+00   3.5660000e-01   2.8400000e-02
   4.0903000e+00   4.2122000e+00   4.2289000e+00   4.4761000e+00   1.5158000e+00   3.0430000e-01
   4.1286000e+00   4.3530000e+00   4.5845000e+00   4.9250000e+00   2.2451000e+00   6.1830000e-01
   5.2833000e+00   5.5680000e+00   5.1559000e+00   5.1823000e+00   1.9424000e+00   5.7560000e-01
   4.7265000e+00   5.0146000e+00   4.4929000e+00   4.4907000e+00   2.4696000e+00   8.0250000e-01
   3.8200000e+00   4.1203000e+00   3.5311000e+00   3.5020000e+00   2.2057000e+00   9.5920000e-01
   1.9991000e+00   2.4970000e+00   1.5395000e+00   1.4291000e+00   1.7047000e+00   1.2265000e+00
  -8.0150000e-01  -9.7600000e-02  -7.8350000e-01  -8.3960000e-01   1.4770000e+00   1.2015000e+00
  -2.3306000e+00  -1.8899000e+00  -2.2393000e+00  -2.4083000e+00   1.4263000e+00   7.1700000e-01
  -2.9765000e+00  -2.8900000e+00  -3.0247000e+00  -3.2359000e+00   1.0541000e+00  -2.4410000e-01
  -3.4247000e+00  -3.3760000e+00  -3.5287000e+00  -3.7093000e+00  -1.1460000e-01  -2.2621000e+00
  -3.7231000e+00  -3.6992000e+00  -3.7685000e+00  -3.9097000e+00  -1.1224000e+00  -2.5694000e+00
  -4.3404000e+00  -4.0836000e+00  -4.1839000e+00  -4.2189000e+00  -1.8368000e+00  -2.6302000e+00
  -4.6970000e+00  -4.5345000e+00  -4.4663000e+00  -4.4762000e+00  -2.6761000e+00  -3.0917000e+00
  -4.6701000e+00  -4.4707000e+00  -4.4503000e+00  -4.5525000e+00  -3.3975000e+00  -3.4650000e+00
  -4.8034000e+00  -4.6678000e+00  -4.7192000e+00  -4.8622000e+00  -4.0245000e+00  -3.9593000e+00
  -5.0267000e+00  -4.9749000e+00  -4.8605000e+00  -4.8216000e+00  -4.4395000e+00  -4.3611000e+00
  -4.9931000e+00  -5.0241000e+00  -4.5294000e+00  -4.3426000e+00  -4.6289000e+00  -4.5229000e+00
  -4.5356000e+00  -4.2664000e+00  -3.9817000e+00  -3.7745000e+00  -4.6597000e+00  -4.5216000e+00
