   3.6040000e+00   3.7030000e+00   3.6520000e+00   3.6850000e+00   3.2780000e+00   3.0630000e+00
   3.5290000e+00   3.6110000e+00   3.5670000e+00   3.6000000e+00   3.3350000e+00   3.1090000e+00
   3.5020000e+00   3.7180000e+00   3.6490000e+00   3.7330000e+00   3.3480000e+00   3.0830000e+00
   3.7210000e+00   3.8670000e+00   3.8170000e+00   3.8740000e+00   3.3530000e+00   3.0900000e+00
   3.8490000e+00   3.9760000e+00   3.9230000e+00   3.9790000e+00   3.4780000e+00   3.2140000e+00
   3.9210000e+00   4.0480000e+00   3.9880000e+00   4.0340000e+00   3.5580000e+00   3.2780000e+00
   3.9490000e+00   4.0590000e+00   4.0020000e+00   4.0360000e+00   3.6310000e+00   3.3490000e+00
   4.0270000e+00   4.1000000e+00   4.0470000e+00   4.0640000e+00   3.6880000e+00   3.3940000e+00
   4.0670000e+00   4.1430000e+00   4.0820000e+00   4.0980000e+00   3.7470000e+00   3.4630000e+00
   4.0650000e+00   4.1100000e+00   4.0580000e+00   4.0590000e+00   3.7570000e+00   3.5290000e+00
   4.0890000e+00   4.1350000e+00   4.0840000e+00   4.0900000e+00   3.7550000e+00   3.5420000e+00
   4.1230000e+00   4.1600000e+00   4.1110000e+00   4.1130000e+00   3.8520000e+00   3.6140000e+00
   4.0690000e+00   4.1180000e+00   4.0680000e+00   4.0790000e+00   3.9240000e+00   3.7720000e+00
   4.0490000e+00   4.0810000e+00   4.0370000e+00   4.0390000e+00   4.1700000e+00   4.0310000e+00
   4.0720000e+00   4.1090000e+00   4.0640000e+00   4.0680000e+00   4.3480000e+00   4.2270000e+00
   4.1210000e+00   4.1470000e+00   4.1080000e+00   4.1070000e+00   4.4310000e+00   4.3320000e+00
   4.2070000e+00   4.2540000e+00   4.2030000e+00   4.2090000e+00   4.4430000e+00   4.3380000e+00
   4.2250000e+00   4.2790000e+00   4.2280000e+00   4.2380000e+00   4.3530000e+00   4.2570000e+00
   4.2980000e+00   4.3730000e+00   4.3170000e+00   4.3370000e+00   4.3100000e+00   4.2010000e+00
   4.3690000e+00   4.4440000e+00   4.3960000e+00   4.4310000e+00   3.8090000e+00   3.7110000e+00
   4.4960000e+00   4.5980000e+00   4.5460000e+00   4.5910000e+00   3.4840000e+00   3.3680000e+00
   4.6340000e+00   4.7310000e+00   4.6790000e+00   4.7060000e+00   3.3990000e+00   3.3340000e+00
   4.6960000e+00   4.7670000e+00   4.7140000e+00   4.7320000e+00   3.6930000e+00   3.6110000e+00
   4.7270000e+00   4.8110000e+00   4.7740000e+00   4.8150000e+00   3.7590000e+00   3.6680000e+00
   4.7900000e+00   4.8690000e+00   4.8440000e+00   4.8850000e+00   3.8130000e+00   3.7790000e+00
   4.8520000e+00   4.9350000e+00   4.9170000e+00   4.9640000e+00   3.8820000e+00   3.7930000e+00
   4.8540000e+00   4.9350000e+00   4.9170000e+00   4.9550000e+00   3.8070000e+00   3.7710000e+00
   4.8460000e+00   4.8820000e+00   4.8290000e+00   4.8170000e+00   3.6900000e+00   3.7050000e+00
   4.7780000e+00   4.7910000e+00   4.8140000e+00   4.8400000e+00   3.6410000e+00   3.6100000e+00
   4.7270000e+00   4.7410000e+00   4.7550000e+00   4.7670000e+00   3.6220000e+00   3.5450000e+00
   4.7780000e+00   4.7580000e+00   4.7850000e+00   4.7780000e+00   3.6480000e+00   3.5740000e+00
   4.7930000e+00   4.7410000e+00   4.7870000e+00   4.7710000e+00   3.7150000e+00   3.7040000e+00
   4.8070000e+00   4.6900000e+00   4.7610000e+00   4.7200000e+00   3.7040000e+00   3.8010000e+00
   4.9290000e+00   4.7450000e+00   4.8370000e+00   4.7640000e+00   3.6420000e+00   3.8230000e+00
   4.9440000e+00   4.7530000e+00   4.8700000e+00   4.8010000e+00   3.3140000e+00   3.7010000e+00
   4.8840000e+00   4.6250000e+00   4.7630000e+00   4.6660000e+00   3.1790000e+00   3.3440000e+00
   5.1020000e+00   4.7790000e+00   4.9180000e+00   4.7840000e+00   3.4420000e+00   3.4900000e+00
   5.2490000e+00   4.9190000e+00   5.0830000e+00   4.9620000e+00   3.3970000e+00   3.6260000e+00
   5.2490000e+00   4.8840000e+00   5.0680000e+00   4.9380000e+00   2.6420000e+00   3.2560000e+00
   5.2660000e+00   4.8780000e+00   5.0620000e+00   4.9180000e+00   3.1370000e+00   3.1950000e+00
   5.2280000e+00   4.8400000e+00   5.0300000e+00   4.8890000e+00   3.2800000e+00   3.3900000e+00
   5.0570000e+00   4.6570000e+00   4.8520000e+00   4.7060000e+00   3.3660000e+00   3.2430000e+00
   4.9640000e+00   4.5110000e+00   4.7020000e+00   4.5180000e+00   4.0620000e+00   3.5430000e+00
   5.3780000e+00   4.8790000e+00   5.0820000e+00   4.8740000e+00   4.1990000e+00   3.9020000e+00
   5.5450000e+00   5.0430000e+00   5.2640000e+00   5.0490000e+00   3.4210000e+00   3.5920000e+00
   5.1570000e+00   4.7360000e+00   4.9580000e+00   4.8110000e+00   2.8980000e+00   2.9900000e+00
   5.5980000e+00   5.0630000e+00   5.2670000e+00   5.0400000e+00   2.4000000e+00   2.4920000e+00
   5.2790000e+00   4.8470000e+00   5.0790000e+00   4.9430000e+00   2.6760000e+00   2.6380000e+00
   5.0990000e+00   4.5850000e+00   4.8400000e+00   4.6560000e+00   2.9600000e+00   2.5430000e+00
   4.8600000e+00   4.2690000e+00   4.5360000e+00   4.3250000e+00   3.2610000e+00   3.4120000e+00
   4.9840000e+00   4.4270000e+00   4.6110000e+00   4.3540000e+00   3.4470000e+00   3.5570000e+00
   5.0800000e+00   4.6450000e+00   4.8410000e+00   4.6650000e+00   3.3550000e+00   3.4660000e+00
   4.8290000e+00   4.4360000e+00   4.6340000e+00   4.4770000e+00   4.7230000e+00   3.7810000e+00
   4.8910000e+00   4.5480000e+00   4.6330000e+00   4.4410000e+00   4.2400000e+00   4.0640000e+00
   5.4830000e+00   4.8990000e+00   5.0990000e+00   4.8400000e+00   4.1120000e+00   4.4500000e+00
   5.8970000e+00   5.6040000e+00   5.6320000e+00   5.4270000e+00   3.9460000e+00   4.7680000e+00
   6.0350000e+00   5.8520000e+00   5.8740000e+00   5.7670000e+00   4.2510000e+00   5.1700000e+00
   6.6010000e+00   6.2380000e+00   6.3500000e+00   6.1640000e+00   4.7430000e+00   5.3700000e+00
   6.9080000e+00   6.5110000e+00   6.7100000e+00   6.5730000e+00   5.1160000e+00   5.5070000e+00
   6.8090000e+00   6.5850000e+00   6.6310000e+00   6.5170000e+00   4.9240000e+00   5.3960000e+00
   6.5050000e+00   6.3180000e+00   6.4320000e+00   6.3700000e+00   4.9310000e+00   5.1340000e+00
   5.9210000e+00   5.8460000e+00   5.8780000e+00   5.8400000e+00   4.7600000e+00   4.9930000e+00
   5.8280000e+00   5.5510000e+00   5.5790000e+00   5.4410000e+00   4.5840000e+00   4.7760000e+00
   5.9160000e+00   5.7810000e+00   5.8130000e+00   5.7530000e+00   4.4530000e+00   4.7860000e+00
   5.8900000e+00   5.6440000e+00   5.7030000e+00   5.6110000e+00   4.2750000e+00   4.7580000e+00
   5.8280000e+00   5.6790000e+00   5.7310000e+00   5.6790000e+00   4.5730000e+00   4.8700000e+00
   5.5000000e+00   5.4550000e+00   5.5310000e+00   5.5660000e+00   4.9450000e+00   4.9700000e+00
   5.2690000e+00   5.1520000e+00   5.2110000e+00   5.2020000e+00   5.1010000e+00   5.0690000e+00
   5.1720000e+00   5.1130000e+00   5.1690000e+00   5.1580000e+00   4.9040000e+00   5.0310000e+00
   5.0670000e+00   4.9850000e+00   5.0290000e+00   5.0170000e+00   4.9160000e+00   5.1550000e+00
   5.0890000e+00   5.0640000e+00   5.0880000e+00   5.0990000e+00   5.1520000e+00   5.1610000e+00
   5.1080000e+00   5.1120000e+00   5.1410000e+00   5.1630000e+00   5.1530000e+00   5.1060000e+00
   5.2120000e+00   5.1930000e+00   5.2310000e+00   5.2460000e+00   5.0750000e+00   4.8740000e+00
   5.2480000e+00   5.2480000e+00   5.2780000e+00   5.3030000e+00   5.1650000e+00   4.8080000e+00
   5.3720000e+00   5.3760000e+00   5.3790000e+00   5.3930000e+00   5.3620000e+00   5.0250000e+00
   5.5240000e+00   5.5490000e+00   5.5560000e+00   5.5900000e+00   5.7090000e+00   5.2680000e+00
   5.6320000e+00   5.6730000e+00   5.6900000e+00   5.7390000e+00   5.9740000e+00   5.4760000e+00
   5.5890000e+00   5.6540000e+00   5.6720000e+00   5.7310000e+00   6.2330000e+00   5.7560000e+00
   5.4670000e+00   5.5590000e+00   5.5600000e+00   5.6280000e+00   6.4120000e+00   5.9570000e+00
   5.4170000e+00   5.4740000e+00   5.4880000e+00   5.5440000e+00   6.4180000e+00   6.1320000e+00
   5.4370000e+00   5.4500000e+00   5.4610000e+00   5.4830000e+00   6.6230000e+00   6.4090000e+00
   5.4840000e+00   5.4600000e+00   5.4800000e+00   5.4870000e+00   6.7450000e+00   6.5480000e+00
   5.5100000e+00   5.4720000e+00   5.5020000e+00   5.5070000e+00   6.5530000e+00   6.3010000e+00
   5.5720000e+00   5.5770000e+00   5.5770000e+00   5.5840000e+00   6.5340000e+00   6.2990000e+00
   5.6320000e+00   5.6690000e+00   5.6480000e+00   5.6680000e+00   6.2810000e+00   6.0750000e+00
   5.6800000e+00   5.6830000e+00   5.6850000e+00   5.6950000e+00   5.8480000e+00   5.7960000e+00
   5.7800000e+00   5.7100000e+00   5.7510000e+00   5.7350000e+00   5.6470000e+00   5.6350000e+00
   5.9350000e+00   5.8600000e+00   5.8960000e+00   5.8740000e+00   5.5390000e+00   5.5350000e+00
   6.0490000e+00   6.0220000e+00   6.0550000e+00   6.0640000e+00   5.2920000e+00   5.3270000e+00
   6.0570000e+00   6.0040000e+00   6.0700000e+00   6.0860000e+00   5.1800000e+00   5.2550000e+00
   6.0650000e+00   5.9510000e+00   6.0480000e+00   6.0430000e+00   5.2570000e+00   5.4860000e+00
   6.0710000e+00   5.9930000e+00   6.0760000e+00   6.0820000e+00   5.3800000e+00   5.6960000e+00
   6.0280000e+00   6.0090000e+00   6.0470000e+00   6.0620000e+00   5.4850000e+00   5.6160000e+00
   5.8560000e+00   5.9050000e+00   5.9250000e+00   5.9640000e+00   5.4690000e+00   5.3810000e+00
   5.6640000e+00   5.7540000e+00   5.7540000e+00   5.8100000e+00   5.0580000e+00   5.1810000e+00
   5.5980000e+00   5.6080000e+00   5.6450000e+00   5.6750000e+00   4.8110000e+00   4.7710000e+00
   5.7620000e+00   5.6670000e+00   5.7280000e+00   5.7130000e+00   4.7670000e+00   4.3790000e+00
   6.0000000e+00   5.9430000e+00   5.9470000e+00   5.9150000e+00   5.2040000e+00   4.7610000e+00
   6.0260000e+00   6.1040000e+00   6.0650000e+00   6.0880000e+00   5.4070000e+00   4.9930000e+00
   5.8320000e+00   5.9090000e+00   5.9060000e+00   5.9710000e+00   5.6470000e+00   5.3950000e+00
   5.8370000e+00   5.8540000e+00   5.8450000e+00   5.8550000e+00   5.7730000e+00   5.6480000e+00
   5.6720000e+00   5.8430000e+00   5.7980000e+00   5.8760000e+00   5.7570000e+00   5.5900000e+00
   5.5280000e+00   5.5970000e+00   5.6230000e+00   5.6850000e+00   5.6520000e+00   5.4020000e+00
   5.3900000e+00   5.4820000e+00   5.4700000e+00   5.5330000e+00   5.6170000e+00   5.2970000e+00
   5.4980000e+00   5.5500000e+00   5.5120000e+00   5.5340000e+00   5.5440000e+00   5.2860000e+00
   5.5720000e+00   5.6720000e+00   5.6360000e+00   5.6940000e+00   5.8330000e+00   5.5340000e+00
   5.5410000e+00   5.6690000e+00   5.6220000e+00   5.6880000e+00   5.9370000e+00   5.6300000e+00
   5.4800000e+00   5.6180000e+00   5.5410000e+00   5.5860000e+00   5.7400000e+00   5.3820000e+00
   5.4600000e+00   5.5940000e+00   5.5190000e+00   5.5650000e+00   5.3730000e+00   5.3000000e+00
   5.5570000e+00   5.7710000e+00   5.6590000e+00   5.7170000e+00   5.3980000e+00   5.3290000e+00
   5.6270000e+00   5.8170000e+00   5.7280000e+00   5.7920000e+00   5.7170000e+00   5.3200000e+00
   5.7170000e+00   5.9220000e+00   5.8250000e+00   5.9020000e+00   6.0580000e+00   5.6800000e+00
   5.6930000e+00   5.8980000e+00   5.8050000e+00   5.8900000e+00   5.9780000e+00   5.9880000e+00
   5.9000000e+00   6.0850000e+00   5.9990000e+00   6.0540000e+00   5.5290000e+00   5.7720000e+00
   5.8800000e+00   5.9900000e+00   5.9780000e+00   6.0790000e+00   5.0580000e+00   5.2570000e+00
   5.8680000e+00   6.0410000e+00   5.9900000e+00   6.0860000e+00   5.1100000e+00   5.2860000e+00
   5.6490000e+00   5.9060000e+00   5.8510000e+00   6.0020000e+00   5.2960000e+00   5.3220000e+00
   5.6180000e+00   5.8810000e+00   5.8540000e+00   6.0120000e+00   5.5970000e+00   5.3730000e+00
   5.5970000e+00   5.8470000e+00   5.8390000e+00   6.0070000e+00   6.0330000e+00   5.7240000e+00
   5.5750000e+00   5.8760000e+00   5.7820000e+00   5.9220000e+00   6.0850000e+00   5.9520000e+00
   5.5720000e+00   5.8630000e+00   5.7060000e+00   5.7920000e+00   6.1180000e+00   6.0190000e+00
   5.6440000e+00   5.9440000e+00   5.7880000e+00   5.8690000e+00   6.1130000e+00   6.0860000e+00
   5.7660000e+00   6.0410000e+00   5.8860000e+00   5.9490000e+00   6.1230000e+00   6.2390000e+00
   5.9080000e+00   6.1590000e+00   6.0460000e+00   6.1180000e+00   6.1480000e+00   6.4010000e+00
   6.1270000e+00   6.3130000e+00   6.2450000e+00   6.3060000e+00   6.1570000e+00   6.4360000e+00
   6.3870000e+00   6.5190000e+00   6.4720000e+00   6.5200000e+00   6.2410000e+00   6.4240000e+00
   6.4370000e+00   6.5340000e+00   6.5220000e+00   6.5540000e+00   6.3500000e+00   6.4930000e+00
   6.7280000e+00   6.7380000e+00   6.7690000e+00   6.7750000e+00   6.1730000e+00   6.2970000e+00
   6.8290000e+00   6.7710000e+00   6.8040000e+00   6.7800000e+00   5.9890000e+00   5.8770000e+00
   6.9380000e+00   6.8430000e+00   6.8740000e+00   6.8470000e+00   6.4330000e+00   6.0190000e+00
   7.0150000e+00   6.9170000e+00   6.9370000e+00   6.8820000e+00   6.4960000e+00   6.4310000e+00
   6.8940000e+00   6.7960000e+00   6.8220000e+00   6.7780000e+00   6.3670000e+00   6.5480000e+00
   6.7800000e+00   6.6670000e+00   6.7100000e+00   6.6520000e+00   6.3660000e+00   6.3490000e+00
   6.7950000e+00   6.6580000e+00   6.7050000e+00   6.6410000e+00   6.0860000e+00   6.2810000e+00
   6.6590000e+00   6.5850000e+00   6.6220000e+00   6.5720000e+00   5.9270000e+00   6.1130000e+00
   6.6960000e+00   6.5310000e+00   6.6160000e+00   6.5290000e+00   5.8800000e+00   6.0480000e+00
   6.7630000e+00   6.6440000e+00   6.6750000e+00   6.5900000e+00   5.8700000e+00   6.0830000e+00
   6.6310000e+00   6.5670000e+00   6.5410000e+00   6.4510000e+00   5.9000000e+00   6.1710000e+00
   6.7510000e+00   6.5650000e+00   6.5760000e+00   6.4630000e+00   6.1010000e+00   6.3100000e+00
   6.8820000e+00   6.7870000e+00   6.8120000e+00   6.7380000e+00   6.3920000e+00   6.4160000e+00
   7.0350000e+00   6.9560000e+00   6.9020000e+00   6.7810000e+00   6.3620000e+00   6.4730000e+00
   6.7160000e+00   6.6760000e+00   6.6840000e+00   6.6530000e+00   6.4580000e+00   6.6320000e+00
   6.6340000e+00   6.6650000e+00   6.6850000e+00   6.7260000e+00   6.6930000e+00   6.9230000e+00
   7.0450000e+00   6.9190000e+00   6.9780000e+00   6.8930000e+00   6.9630000e+00   7.1260000e+00
   6.9270000e+00   6.6320000e+00   6.7380000e+00   6.6480000e+00   7.1820000e+00   7.1190000e+00
   6.8100000e+00   6.5820000e+00   6.7310000e+00   6.7090000e+00   7.1900000e+00   7.1510000e+00
   6.6300000e+00   6.4920000e+00   6.6340000e+00   6.6530000e+00   7.1210000e+00   7.1610000e+00
   6.8060000e+00   6.5550000e+00   6.7190000e+00   6.6850000e+00   6.9800000e+00   7.0990000e+00
   7.0410000e+00   6.8060000e+00   6.9700000e+00   6.9330000e+00   6.8560000e+00   7.0470000e+00
   7.3790000e+00   7.0830000e+00   7.2030000e+00   7.1020000e+00   6.7090000e+00   7.0100000e+00
   7.4080000e+00   7.1670000e+00   7.3310000e+00   7.2950000e+00   6.5590000e+00   7.0890000e+00
   7.3940000e+00   7.2150000e+00   7.3870000e+00   7.4030000e+00   6.4710000e+00   7.0810000e+00
   7.5460000e+00   7.4210000e+00   7.5610000e+00   7.5900000e+00   6.3590000e+00   6.9780000e+00
   7.3370000e+00   7.3930000e+00   7.4640000e+00   7.5550000e+00   6.2660000e+00   6.9320000e+00
   7.1200000e+00   7.2110000e+00   7.2270000e+00   7.3110000e+00   6.7830000e+00   6.8670000e+00
   7.0460000e+00   7.0130000e+00   7.0520000e+00   7.0770000e+00   6.6850000e+00   6.7390000e+00
   7.1070000e+00   6.9950000e+00   7.0740000e+00   7.0530000e+00   6.8300000e+00   6.5990000e+00
   6.9860000e+00   6.9480000e+00   7.0890000e+00   7.1530000e+00   6.8720000e+00   6.6250000e+00
   6.9220000e+00   6.7760000e+00   6.8790000e+00   6.8750000e+00   6.8080000e+00   6.5460000e+00
   7.1250000e+00   7.1040000e+00   7.1680000e+00   7.1960000e+00   6.7760000e+00   6.4680000e+00
   7.2420000e+00   7.2000000e+00   7.3200000e+00   7.3830000e+00   6.6390000e+00   6.3860000e+00
   7.2720000e+00   7.3470000e+00   7.3960000e+00   7.5140000e+00   6.3790000e+00   6.1710000e+00
   7.3110000e+00   7.4740000e+00   7.3960000e+00   7.4750000e+00   6.1950000e+00   5.9410000e+00
   7.4630000e+00   7.5760000e+00   7.5060000e+00   7.5680000e+00   5.8970000e+00   5.7120000e+00
   7.4910000e+00   7.5040000e+00   7.5390000e+00   7.5970000e+00   5.5600000e+00   5.5130000e+00
   7.2670000e+00   7.2020000e+00   7.2640000e+00   7.3010000e+00   5.4820000e+00   5.4270000e+00
   7.2960000e+00   7.2390000e+00   7.1640000e+00   7.1040000e+00   5.7240000e+00   5.2900000e+00
   7.4130000e+00   7.4670000e+00   7.4020000e+00   7.3990000e+00   5.9540000e+00   5.1440000e+00
   7.2140000e+00   7.3330000e+00   7.3860000e+00   7.5070000e+00   5.3360000e+00   5.5500000e+00
   7.1890000e+00   7.2370000e+00   7.2930000e+00   7.3730000e+00   5.1220000e+00   5.9160000e+00
   7.3200000e+00   7.3470000e+00   7.3850000e+00   7.4390000e+00   5.4270000e+00   5.6400000e+00
   7.4560000e+00   7.5870000e+00   7.5910000e+00   7.6820000e+00   5.5580000e+00   5.4480000e+00
   7.7090000e+00   7.8520000e+00   7.8500000e+00   7.9580000e+00   5.4380000e+00   5.4590000e+00
   7.7660000e+00   7.8850000e+00   7.8970000e+00   8.0050000e+00   5.4220000e+00   5.4610000e+00
   7.8600000e+00   7.9370000e+00   7.9660000e+00   8.0540000e+00   5.3770000e+00   5.4370000e+00
   7.8950000e+00   7.9430000e+00   7.9660000e+00   8.0370000e+00   5.1890000e+00   5.3810000e+00
   7.8170000e+00   7.9020000e+00   7.8980000e+00   7.9710000e+00   5.0220000e+00   5.2800000e+00
   7.7870000e+00   7.8610000e+00   7.8380000e+00   7.8820000e+00   4.9450000e+00   5.1850000e+00
   7.6640000e+00   7.7180000e+00   7.6940000e+00   7.7340000e+00   4.8050000e+00   5.1920000e+00
   7.4220000e+00   7.4810000e+00   7.4800000e+00   7.5380000e+00   4.5750000e+00   5.1210000e+00
   7.2160000e+00   7.2750000e+00   7.2820000e+00   7.3510000e+00   4.4950000e+00   4.9350000e+00
   7.2450000e+00   7.3550000e+00   7.3500000e+00   7.4520000e+00   4.4670000e+00   4.7080000e+00
   7.3710000e+00   7.5030000e+00   7.4950000e+00   7.6000000e+00   4.4930000e+00   4.5630000e+00
   7.4330000e+00   7.5900000e+00   7.5850000e+00   7.7210000e+00   4.5070000e+00   4.4920000e+00
   7.6050000e+00   7.7640000e+00   7.7610000e+00   7.8950000e+00   4.4430000e+00   4.5190000e+00
   7.8240000e+00   7.9470000e+00   7.9260000e+00   8.0210000e+00   4.4920000e+00   4.5320000e+00
   7.9040000e+00   8.0030000e+00   7.9790000e+00   8.0670000e+00   4.5910000e+00   4.4420000e+00
   7.8180000e+00   7.9170000e+00   7.8960000e+00   8.0100000e+00   4.7320000e+00   4.5260000e+00
   7.7310000e+00   7.8140000e+00   7.8210000e+00   7.9500000e+00   4.7290000e+00   4.6460000e+00
   7.6570000e+00   7.7520000e+00   7.7250000e+00   7.8560000e+00   4.6410000e+00   4.7680000e+00
   7.6300000e+00   7.7520000e+00   7.6540000e+00   7.7560000e+00   4.5650000e+00   4.8850000e+00
   7.5730000e+00   7.7540000e+00   7.5710000e+00   7.6530000e+00   4.4640000e+00   4.8160000e+00
   7.4570000e+00   7.6840000e+00   7.4180000e+00   7.4570000e+00   4.3910000e+00   4.6280000e+00
   7.4350000e+00   7.6040000e+00   7.3520000e+00   7.3490000e+00   4.3900000e+00   4.5220000e+00
   7.3510000e+00   7.4860000e+00   7.2870000e+00   7.2700000e+00   4.4300000e+00   4.4300000e+00
   7.1330000e+00   7.3620000e+00   7.1840000e+00   7.2330000e+00   4.5300000e+00   4.3950000e+00
   6.9220000e+00   7.1590000e+00   7.0220000e+00   7.1080000e+00   4.6860000e+00   4.4510000e+00
   6.7440000e+00   6.9820000e+00   6.8420000e+00   6.9410000e+00   4.7610000e+00   4.5100000e+00
   6.6660000e+00   6.8540000e+00   6.7260000e+00   6.7970000e+00   4.7930000e+00   4.5690000e+00
   6.6090000e+00   6.8340000e+00   6.6840000e+00   6.7580000e+00   4.7280000e+00   4.6360000e+00
   6.5870000e+00   6.8120000e+00   6.6920000e+00   6.7840000e+00   4.6190000e+00   4.6600000e+00
   6.5880000e+00   6.7500000e+00   6.6900000e+00   6.7830000e+00   4.5170000e+00   4.7090000e+00
   6.5480000e+00   6.6690000e+00   6.6470000e+00   6.7380000e+00   4.4550000e+00   4.7150000e+00
   6.4370000e+00   6.6220000e+00   6.5800000e+00   6.7030000e+00   4.4990000e+00   4.6980000e+00
   6.3910000e+00   6.6070000e+00   6.5630000e+00   6.6920000e+00   4.5770000e+00   4.6700000e+00
   6.4210000e+00   6.5410000e+00   6.5260000e+00   6.6170000e+00   4.6530000e+00   4.6530000e+00
   6.3530000e+00   6.3740000e+00   6.3910000e+00   6.4560000e+00   4.7230000e+00   4.6730000e+00
   6.2470000e+00   6.3040000e+00   6.2860000e+00   6.3760000e+00   4.6690000e+00   4.6620000e+00
   6.2540000e+00   6.3770000e+00   6.3140000e+00   6.4150000e+00   4.6260000e+00   4.6880000e+00
   6.3290000e+00   6.4640000e+00   6.3980000e+00   6.5290000e+00   4.2260000e+00   4.2030000e+00
   6.4450000e+00   6.5690000e+00   6.5250000e+00   6.6410000e+00   3.8540000e+00   3.7560000e+00
   6.4770000e+00   6.5780000e+00   6.5430000e+00   6.6380000e+00   3.9070000e+00   3.7530000e+00
   6.4630000e+00   6.4910000e+00   6.4640000e+00   6.5300000e+00   3.9970000e+00   3.7710000e+00
   6.3860000e+00   6.3450000e+00   6.3300000e+00   6.3750000e+00   3.9310000e+00   3.7510000e+00
   6.2410000e+00   6.1320000e+00   6.1370000e+00   6.1480000e+00   3.8400000e+00   3.7100000e+00
   6.0520000e+00   5.9480000e+00   5.9120000e+00   5.9070000e+00   3.8020000e+00   3.7440000e+00
   5.9900000e+00   5.8520000e+00   5.8250000e+00   5.8000000e+00   3.7010000e+00   3.7580000e+00
   5.8760000e+00   5.6430000e+00   5.6690000e+00   5.6330000e+00   3.5890000e+00   3.7220000e+00
   5.7500000e+00   5.5850000e+00   5.5960000e+00   5.6110000e+00   3.5020000e+00   3.7050000e+00
   5.7280000e+00   5.8400000e+00   5.7280000e+00   5.8700000e+00   3.4600000e+00   3.7040000e+00
   5.9700000e+00   6.0270000e+00   5.9590000e+00   6.0420000e+00   3.4380000e+00   3.6840000e+00
   5.9990000e+00   5.9320000e+00   5.8900000e+00   5.9140000e+00   3.3980000e+00   3.6750000e+00
   5.8450000e+00   5.8450000e+00   5.7630000e+00   5.7760000e+00   3.4230000e+00   3.7250000e+00
   5.7820000e+00   5.7850000e+00   5.6980000e+00   5.6970000e+00   3.5540000e+00   3.8020000e+00
   5.6560000e+00   5.6350000e+00   5.5680000e+00   5.5630000e+00   3.7100000e+00   3.9460000e+00
   5.5260000e+00   5.5710000e+00   5.4830000e+00   5.5210000e+00   3.9710000e+00   4.1810000e+00
   5.5580000e+00   5.8950000e+00   5.7250000e+00   5.8940000e+00   4.2750000e+00   4.2190000e+00
   6.0650000e+00   6.3320000e+00   6.1820000e+00   6.2900000e+00   4.5730000e+00   4.2700000e+00
   6.2130000e+00   6.2990000e+00   6.2210000e+00   6.3060000e+00   4.8250000e+00   4.5020000e+00
   6.1700000e+00   6.2290000e+00   6.1740000e+00   6.1910000e+00   4.7990000e+00   4.4880000e+00
   6.0110000e+00   5.9540000e+00   5.9430000e+00   5.9070000e+00   4.7710000e+00   4.6910000e+00
   5.8000000e+00   5.7120000e+00   5.7240000e+00   5.6930000e+00   4.8060000e+00   4.9120000e+00
   5.5350000e+00   5.4520000e+00   5.4970000e+00   5.4910000e+00   4.3910000e+00   4.6800000e+00
   5.2840000e+00   5.2660000e+00   5.3150000e+00   5.3730000e+00   4.7590000e+00   4.7370000e+00
   5.1750000e+00   5.1970000e+00   5.2290000e+00   5.3200000e+00   4.4570000e+00   4.5590000e+00
   5.1190000e+00   5.1410000e+00   5.1600000e+00   5.2620000e+00   4.2060000e+00   4.5600000e+00
   5.1380000e+00   5.1600000e+00   5.1670000e+00   5.2620000e+00   4.3470000e+00   4.5850000e+00
   5.2110000e+00   5.1560000e+00   5.1780000e+00   5.2240000e+00   4.2590000e+00   4.5260000e+00
   5.2520000e+00   5.1090000e+00   5.1570000e+00   5.1850000e+00   4.3260000e+00   4.5080000e+00
   5.2460000e+00   5.1110000e+00   5.1750000e+00   5.2070000e+00   4.0650000e+00   4.0360000e+00
   5.2400000e+00   5.1440000e+00   5.2390000e+00   5.2930000e+00   3.9000000e+00   4.2830000e+00
   5.2210000e+00   5.1670000e+00   5.2800000e+00   5.3440000e+00   4.1010000e+00   4.0870000e+00
   5.1270000e+00   5.1130000e+00   5.2290000e+00   5.3260000e+00   4.3230000e+00   4.4540000e+00
   5.0560000e+00   4.9980000e+00   5.1090000e+00   5.1820000e+00   4.4730000e+00   4.1670000e+00
   4.9990000e+00   4.9680000e+00   5.0290000e+00   5.0650000e+00   4.7380000e+00   3.9820000e+00
   4.9740000e+00   4.9570000e+00   4.9730000e+00   5.0040000e+00   4.6470000e+00   4.1300000e+00
   4.9620000e+00   4.9130000e+00   4.9260000e+00   4.9530000e+00   4.6810000e+00   4.1030000e+00
   4.9790000e+00   4.8490000e+00   4.8820000e+00   4.8880000e+00   4.1460000e+00   3.7220000e+00
   4.9490000e+00   4.8160000e+00   4.8300000e+00   4.8370000e+00   4.3470000e+00   4.2270000e+00
   5.0070000e+00   4.8870000e+00   4.8790000e+00   4.9050000e+00   4.0120000e+00   4.2850000e+00
   5.0720000e+00   4.9260000e+00   4.9330000e+00   4.9650000e+00   3.5390000e+00   3.7090000e+00
   5.0250000e+00   4.8910000e+00   4.9240000e+00   4.9670000e+00   3.7530000e+00   3.5510000e+00
   4.9120000e+00   4.7870000e+00   4.8440000e+00   4.8980000e+00   3.8870000e+00   3.6790000e+00
   4.7860000e+00   4.7220000e+00   4.7680000e+00   4.8330000e+00   4.8170000e+00   4.5560000e+00
   4.6990000e+00   4.6400000e+00   4.6810000e+00   4.7320000e+00   4.6860000e+00   3.8620000e+00
   4.6710000e+00   4.6040000e+00   4.6410000e+00   4.6730000e+00   4.1570000e+00   3.6390000e+00
   4.6140000e+00   4.5340000e+00   4.5690000e+00   4.5900000e+00   4.5320000e+00   4.3020000e+00
   4.5580000e+00   4.4650000e+00   4.4820000e+00   4.4840000e+00   4.8500000e+00   4.1760000e+00
   4.5590000e+00   4.4950000e+00   4.4900000e+00   4.4890000e+00   4.7280000e+00   3.8270000e+00
   4.5820000e+00   4.5240000e+00   4.5170000e+00   4.5110000e+00   4.6540000e+00   3.4880000e+00
   4.5730000e+00   4.5590000e+00   4.5430000e+00   4.5420000e+00   4.4510000e+00   3.1960000e+00
   4.5890000e+00   4.6370000e+00   4.6180000e+00   4.6400000e+00   4.3110000e+00   3.1300000e+00
   4.5810000e+00   4.6770000e+00   4.6590000e+00   4.7100000e+00   4.1620000e+00   3.3400000e+00
   4.5720000e+00   4.6670000e+00   4.6600000e+00   4.7180000e+00   4.2050000e+00   3.6120000e+00
   4.5320000e+00   4.6160000e+00   4.6180000e+00   4.6800000e+00   4.5360000e+00   3.9800000e+00
   4.4610000e+00   4.5660000e+00   4.5590000e+00   4.6280000e+00   4.6900000e+00   4.2990000e+00
   4.4540000e+00   4.5310000e+00   4.5320000e+00   4.6010000e+00   4.6860000e+00   4.4960000e+00
   4.4410000e+00   4.4990000e+00   4.5120000e+00   4.5860000e+00   4.7000000e+00   4.7320000e+00
   4.3790000e+00   4.4450000e+00   4.4650000e+00   4.5550000e+00   4.7240000e+00   4.8140000e+00
   4.3270000e+00   4.3780000e+00   4.3940000e+00   4.4720000e+00   4.7990000e+00   4.7370000e+00
   4.2900000e+00   4.2970000e+00   4.3060000e+00   4.3490000e+00   4.8110000e+00   4.7040000e+00
   4.2540000e+00   4.2740000e+00   4.2680000e+00   4.2890000e+00   4.7990000e+00   4.6890000e+00
   4.1960000e+00   4.2370000e+00   4.2320000e+00   4.2490000e+00   4.8260000e+00   4.5920000e+00
   4.1560000e+00   4.2220000e+00   4.2150000e+00   4.2440000e+00   4.7830000e+00   4.4530000e+00
   4.1380000e+00   4.2150000e+00   4.2020000e+00   4.2430000e+00   4.6520000e+00   4.3630000e+00
   4.1310000e+00   4.2030000e+00   4.1950000e+00   4.2410000e+00   4.5440000e+00   4.3190000e+00
   4.1330000e+00   4.1830000e+00   4.1860000e+00   4.2310000e+00   4.4990000e+00   4.2820000e+00
   4.1400000e+00   4.1840000e+00   4.1920000e+00   4.2340000e+00   4.4770000e+00   4.1710000e+00
   4.1360000e+00   4.1860000e+00   4.2040000e+00   4.2530000e+00   4.4100000e+00   4.0430000e+00
   4.1350000e+00   4.1740000e+00   4.1960000e+00   4.2430000e+00   4.3770000e+00   3.9550000e+00
   4.1370000e+00   4.1730000e+00   4.1940000e+00   4.2420000e+00   4.2980000e+00   3.8400000e+00
   4.1230000e+00   4.1480000e+00   4.1770000e+00   4.2270000e+00   4.1940000e+00   3.7370000e+00
   4.0840000e+00   4.1120000e+00   4.1450000e+00   4.2010000e+00   4.0650000e+00   3.6830000e+00
   4.0850000e+00   4.1160000e+00   4.1540000e+00   4.2060000e+00   3.9470000e+00   3.6090000e+00
   4.1120000e+00   4.1380000e+00   4.1730000e+00   4.2220000e+00   3.8760000e+00   3.5550000e+00
   4.0870000e+00   4.1030000e+00   4.1400000e+00   4.1830000e+00   3.7990000e+00   3.4850000e+00
   4.0300000e+00   4.0490000e+00   4.0800000e+00   4.1240000e+00   3.7530000e+00   3.3810000e+00
   3.9590000e+00   3.9800000e+00   3.9900000e+00   4.0200000e+00   3.6390000e+00   3.3260000e+00
   3.8840000e+00   3.8990000e+00   3.8940000e+00   3.9140000e+00   3.5400000e+00   3.2900000e+00
   3.7750000e+00   3.7970000e+00   3.7910000e+00   3.8090000e+00   3.4640000e+00   3.3020000e+00
   3.6730000e+00   3.6930000e+00   3.6960000e+00   3.7220000e+00   3.3440000e+00   3.3920000e+00
   3.5770000e+00   3.6330000e+00   3.6240000e+00   3.6570000e+00   3.3120000e+00   3.5440000e+00
   3.5050000e+00   3.6180000e+00   3.5820000e+00   3.6280000e+00   3.3720000e+00   3.6820000e+00
   3.4610000e+00   3.6070000e+00   3.5600000e+00   3.6160000e+00   3.4540000e+00   3.6780000e+00
   3.4500000e+00   3.5560000e+00   3.5300000e+00   3.5700000e+00   3.5470000e+00   3.6430000e+00
   3.4130000e+00   3.5250000e+00   3.5000000e+00   3.5410000e+00   3.6510000e+00   3.6270000e+00
   3.3730000e+00   3.4760000e+00   3.4700000e+00   3.5120000e+00   3.7880000e+00   3.6490000e+00
   3.3310000e+00   3.4020000e+00   3.4240000e+00   3.4590000e+00   3.9070000e+00   3.7100000e+00
   3.2840000e+00   3.3440000e+00   3.3750000e+00   3.4030000e+00   4.0120000e+00   3.7990000e+00
   3.2950000e+00   3.3750000e+00   3.3810000e+00   3.4100000e+00   4.0780000e+00   3.8490000e+00
   3.3610000e+00   3.4580000e+00   3.4360000e+00   3.4730000e+00   4.1090000e+00   3.8490000e+00
   3.4270000e+00   3.5160000e+00   3.4970000e+00   3.5320000e+00   4.1680000e+00   3.8540000e+00
   3.4680000e+00   3.5360000e+00   3.5230000e+00   3.5540000e+00   4.2210000e+00   3.8850000e+00
   3.4950000e+00   3.5270000e+00   3.5320000e+00   3.5460000e+00   4.2660000e+00   3.9020000e+00
   3.5170000e+00   3.5200000e+00   3.5390000e+00   3.5360000e+00   4.2420000e+00   3.9120000e+00
   3.5370000e+00   3.5470000e+00   3.5440000e+00   3.5340000e+00   4.0460000e+00   3.8370000e+00
   3.5390000e+00   3.5460000e+00   3.5360000e+00   3.5460000e+00   3.7460000e+00   3.5400000e+00
   3.5060000e+00   3.5460000e+00   3.5170000e+00   3.5660000e+00   3.1780000e+00   3.0360000e+00
   3.4560000e+00   3.5310000e+00   3.5090000e+00   3.5450000e+00   2.9280000e+00   2.7770000e+00
   3.4250000e+00   3.3570000e+00   3.3910000e+00   3.3790000e+00   2.9970000e+00   2.8650000e+00
   3.2270000e+00   3.2440000e+00   3.2240000e+00   3.2680000e+00   2.9510000e+00   2.8170000e+00
   3.1200000e+00   3.1290000e+00   3.1310000e+00   3.1510000e+00   2.8870000e+00   2.7400000e+00
   3.0600000e+00   3.0230000e+00   3.0270000e+00   3.0500000e+00   2.8420000e+00   2.6890000e+00
   2.9830000e+00   2.9690000e+00   2.9670000e+00   2.9880000e+00   2.8840000e+00   2.6690000e+00
   2.9420000e+00   2.9050000e+00   2.9130000e+00   2.9270000e+00   2.8970000e+00   2.6830000e+00
   2.8990000e+00   2.8480000e+00   2.8540000e+00   2.8670000e+00   2.9090000e+00   2.7170000e+00
   2.8820000e+00   2.8130000e+00   2.8250000e+00   2.8380000e+00   2.8870000e+00   2.7190000e+00
   2.9090000e+00   2.8220000e+00   2.8370000e+00   2.8480000e+00   2.8540000e+00   2.6800000e+00
   2.9430000e+00   2.8290000e+00   2.8520000e+00   2.8590000e+00   2.8160000e+00   2.6450000e+00
   2.9690000e+00   2.8140000e+00   2.8470000e+00   2.8480000e+00   2.7620000e+00   2.6590000e+00
   2.9980000e+00   2.8120000e+00   2.8490000e+00   2.8450000e+00   2.6560000e+00   2.7310000e+00
   3.0540000e+00   2.8270000e+00   2.8720000e+00   2.8590000e+00   2.5800000e+00   2.7280000e+00
   3.1320000e+00   2.8880000e+00   2.9290000e+00   2.9130000e+00   2.5320000e+00   2.6060000e+00
   3.2130000e+00   2.9560000e+00   2.9960000e+00   2.9740000e+00   2.5810000e+00   2.5090000e+00
   3.2540000e+00   2.9930000e+00   3.0360000e+00   3.0140000e+00   2.7060000e+00   2.4620000e+00
   3.2690000e+00   3.0190000e+00   3.0620000e+00   3.0500000e+00   2.7720000e+00   2.4290000e+00
   3.3090000e+00   3.0830000e+00   3.1190000e+00   3.1200000e+00   2.5440000e+00   2.4350000e+00
   3.4240000e+00   3.2120000e+00   3.2410000e+00   3.2500000e+00   2.2950000e+00   2.4810000e+00
   3.5610000e+00   3.3710000e+00   3.3920000e+00   3.4080000e+00   2.3090000e+00   2.5920000e+00
   3.6960000e+00   3.5120000e+00   3.5300000e+00   3.5390000e+00   2.3990000e+00   2.5850000e+00
   3.7880000e+00   3.5950000e+00   3.6120000e+00   3.6110000e+00   2.4480000e+00   2.4570000e+00
   3.8490000e+00   3.6450000e+00   3.6670000e+00   3.6630000e+00   2.5030000e+00   2.4820000e+00
   3.9470000e+00   3.7400000e+00   3.7650000e+00   3.7510000e+00   2.5640000e+00   2.6590000e+00
   4.0800000e+00   3.8580000e+00   3.8880000e+00   3.8660000e+00   2.6340000e+00   2.8530000e+00
   4.2280000e+00   4.0560000e+00   4.0720000e+00   4.0790000e+00   2.7030000e+00   2.9340000e+00
   4.4490000e+00   4.3210000e+00   4.3280000e+00   4.3400000e+00   2.7600000e+00   2.9570000e+00
   4.6400000e+00   4.4920000e+00   4.5130000e+00   4.5150000e+00   2.9080000e+00   3.0500000e+00
   4.7340000e+00   4.5780000e+00   4.6100000e+00   4.6150000e+00   3.0400000e+00   3.0900000e+00
   4.7490000e+00   4.6110000e+00   4.6460000e+00   4.6640000e+00   2.8960000e+00   2.9930000e+00
   4.7470000e+00   4.6170000e+00   4.6530000e+00   4.6630000e+00   2.6990000e+00   2.9800000e+00
   4.7280000e+00   4.6170000e+00   4.6480000e+00   4.6580000e+00   2.7740000e+00   3.1610000e+00
   4.7170000e+00   4.6150000e+00   4.6460000e+00   4.6510000e+00   2.9440000e+00   3.1900000e+00
   4.6930000e+00   4.5980000e+00   4.6280000e+00   4.6430000e+00   3.0850000e+00   3.1480000e+00
   4.6640000e+00   4.5870000e+00   4.6090000e+00   4.6320000e+00   3.2580000e+00   3.2650000e+00
   4.6400000e+00   4.5900000e+00   4.5980000e+00   4.6220000e+00   3.5250000e+00   3.4290000e+00
   4.6390000e+00   4.5960000e+00   4.5990000e+00   4.6210000e+00   3.6560000e+00   3.4980000e+00
   4.6310000e+00   4.5890000e+00   4.5970000e+00   4.6180000e+00   3.6970000e+00   3.4960000e+00
   4.6340000e+00   4.5840000e+00   4.6020000e+00   4.6190000e+00   4.1130000e+00   3.6120000e+00
   4.6310000e+00   4.5910000e+00   4.6180000e+00   4.6460000e+00   4.4030000e+00   3.9920000e+00
   4.6520000e+00   4.6390000e+00   4.6750000e+00   4.7140000e+00   4.4220000e+00   4.5350000e+00
   4.6560000e+00   4.6690000e+00   4.7020000e+00   4.7450000e+00   4.4660000e+00   4.7920000e+00
   4.6380000e+00   4.6630000e+00   4.6820000e+00   4.7160000e+00   4.9710000e+00   5.0490000e+00
   4.6280000e+00   4.6540000e+00   4.6590000e+00   4.6840000e+00   5.7870000e+00   6.1510000e+00
   4.5930000e+00   4.6360000e+00   4.6230000e+00   4.6450000e+00   6.2680000e+00   6.1400000e+00
   4.6120000e+00   4.6540000e+00   4.6260000e+00   4.6440000e+00   6.7480000e+00   6.2660000e+00
   4.5870000e+00   4.6310000e+00   4.6040000e+00   4.6180000e+00   6.8710000e+00   6.5420000e+00
   4.6000000e+00   4.6320000e+00   4.6140000e+00   4.6260000e+00   6.9350000e+00   6.4580000e+00
   4.5750000e+00   4.6010000e+00   4.6000000e+00   4.6190000e+00   6.8510000e+00   6.3520000e+00
   4.5680000e+00   4.5850000e+00   4.5920000e+00   4.6070000e+00   6.7840000e+00   6.3880000e+00
   4.5270000e+00   4.5340000e+00   4.5420000e+00   4.5490000e+00   6.8000000e+00   6.2950000e+00
   4.5220000e+00   4.5110000e+00   4.5150000e+00   4.5050000e+00   6.7970000e+00   6.2040000e+00
   4.4910000e+00   4.4490000e+00   4.4530000e+00   4.4200000e+00   6.7050000e+00   6.1860000e+00
   4.4520000e+00   4.3830000e+00   4.3890000e+00   4.3440000e+00   6.5900000e+00   6.1360000e+00
   4.3680000e+00   4.3060000e+00   4.3130000e+00   4.2750000e+00   6.4270000e+00   6.1060000e+00
   4.2940000e+00   4.2430000e+00   4.2580000e+00   4.2310000e+00   6.3220000e+00   6.0410000e+00
   4.2570000e+00   4.2030000e+00   4.2280000e+00   4.2050000e+00   6.1890000e+00   5.9690000e+00
   4.2810000e+00   4.2150000e+00   4.2350000e+00   4.2020000e+00   6.1390000e+00   5.9730000e+00
   4.2580000e+00   4.1900000e+00   4.2070000e+00   4.1690000e+00   6.1530000e+00   6.0180000e+00
   4.2520000e+00   4.1880000e+00   4.1980000e+00   4.1590000e+00   6.0580000e+00   6.0330000e+00
   4.2510000e+00   4.1870000e+00   4.1870000e+00   4.1430000e+00   6.0340000e+00   6.0240000e+00
   4.2320000e+00   4.1600000e+00   4.1600000e+00   4.1100000e+00   6.0260000e+00   5.9120000e+00
   4.2400000e+00   4.1690000e+00   4.1650000e+00   4.1160000e+00   5.9830000e+00   5.8030000e+00
   4.1640000e+00   4.0980000e+00   4.1030000e+00   4.0610000e+00   5.9180000e+00   5.6670000e+00
   4.1610000e+00   4.1060000e+00   4.1130000e+00   4.0850000e+00   5.8000000e+00   5.6180000e+00
   4.1230000e+00   4.0710000e+00   4.0770000e+00   4.0470000e+00   5.6470000e+00   5.5050000e+00
   4.1290000e+00   4.0890000e+00   4.0930000e+00   4.0690000e+00   5.6010000e+00   5.4060000e+00
   4.0810000e+00   4.0390000e+00   4.0430000e+00   4.0180000e+00   5.5120000e+00   5.3090000e+00
