   9.2243000e+02   9.2724000e+02   9.2656000e+02   9.2851000e+02   8.2710000e+02   8.3051000e+02
   9.3873000e+02   9.4189000e+02   9.4236000e+02   9.4243000e+02   8.5306000e+02   8.5491000e+02
   9.4443000e+02   9.3858000e+02   9.3981000e+02   9.3855000e+02   8.3781000e+02   8.3587000e+02
   8.8739000e+02   8.9098000e+02   8.8991000e+02   8.9192000e+02   7.8031000e+02   7.7842000e+02
   9.3528000e+02   9.2368000e+02   9.3705000e+02   9.4534000e+02   7.8574000e+02   7.8935000e+02
   9.2799000e+02   9.2046000e+02   9.1912000e+02   9.1681000e+02   7.8405000e+02   7.8553000e+02
   9.1876000e+02   9.2248000e+02   9.2779000e+02   9.3565000e+02   7.9203000e+02   7.8699000e+02
   9.4593000e+02   9.5273000e+02   9.4521000e+02   9.4646000e+02   8.0550000e+02   8.0871000e+02
   9.4339000e+02   9.5306000e+02   9.4354000e+02   9.4512000e+02   7.4774000e+02   7.5399000e+02
   9.2011000e+02   9.2763000e+02   9.3023000e+02   9.3427000e+02   7.4117000e+02   7.4575000e+02
   8.4440000e+02   8.5362000e+02   8.4995000e+02   8.5465000e+02   7.1949000e+02   7.1796000e+02
   8.6091000e+02   8.7325000e+02   8.6883000e+02   8.7317000e+02   7.1356000e+02   7.1095000e+02
   8.4662000e+02   8.5513000e+02   8.5145000e+02   8.5622000e+02   7.2033000e+02   7.1490000e+02
   8.5470000e+02   8.6498000e+02   8.6198000e+02   8.6733000e+02   7.2731000e+02   7.1810000e+02
   8.5216000e+02   8.5889000e+02   8.5571000e+02   8.5794000e+02   7.4841000e+02   7.3195000e+02
   8.7180000e+02   8.8352000e+02   8.7418000e+02   8.7550000e+02   7.6190000e+02   7.3335000e+02
   8.8601000e+02   8.9430000e+02   8.8887000e+02   8.9043000e+02   7.7926000e+02   7.4018000e+02
   8.7697000e+02   8.8317000e+02   8.8127000e+02   8.8529000e+02   8.1253000e+02   7.7365000e+02
   8.5825000e+02   8.6942000e+02   8.6141000e+02   8.6222000e+02   8.1989000e+02   7.8562000e+02
   8.8046000e+02   8.8788000e+02   8.7660000e+02   8.7763000e+02   8.0241000e+02   8.1031000e+02
   8.9309000e+02   8.9355000e+02   8.9141000e+02   8.9235000e+02   8.0297000e+02   8.0978000e+02
   8.9868000e+02   8.9401000e+02   8.9376000e+02   8.9337000e+02   7.8543000e+02   7.7949000e+02
   9.0018000e+02   8.9805000e+02   8.9192000e+02   8.8829000e+02   7.8506000e+02   7.8004000e+02
   8.9104000e+02   8.8719000e+02   8.9702000e+02   9.0108000e+02   7.8543000e+02   7.7720000e+02
   8.9745000e+02   9.0109000e+02   9.0141000e+02   9.0267000e+02   7.6356000e+02   7.6992000e+02
   9.0122000e+02   9.0802000e+02   9.0435000e+02   9.0595000e+02   7.4992000e+02   7.4362000e+02
   8.8104000e+02   8.8433000e+02   8.8110000e+02   8.8707000e+02   7.4848000e+02   7.4322000e+02
   8.8816000e+02   8.8870000e+02   8.8395000e+02   8.8419000e+02   7.4208000e+02   7.4141000e+02
   8.6818000e+02   8.7297000e+02   8.6899000e+02   8.6713000e+02   7.3198000e+02   7.2692000e+02
   8.5859000e+02   8.6304000e+02   8.6291000e+02   8.6982000e+02   7.3402000e+02   7.2104000e+02
   8.5228000e+02   8.6077000e+02   8.5862000e+02   8.6647000e+02   7.2193000e+02   7.1978000e+02
   8.5040000e+02   8.5299000e+02   8.5282000e+02   8.5496000e+02   7.1555000e+02   7.0738000e+02
   8.4331000e+02   8.5012000e+02   8.4524000e+02   8.4548000e+02   7.2371000e+02   7.1224000e+02
   8.4363000e+02   8.5041000e+02   8.4811000e+02   8.5179000e+02   7.1567000e+02   7.0883000e+02
   8.2386000e+02   8.2904000e+02   8.2608000e+02   8.2859000e+02   7.0469000e+02   7.0007000e+02
   8.2059000e+02   8.2368000e+02   8.2312000e+02   8.2479000e+02   6.9135000e+02   6.8771000e+02
   8.1825000e+02   8.1568000e+02   8.1744000e+02   8.1853000e+02   6.8461000e+02   6.7105000e+02
   8.1313000e+02   8.1232000e+02   8.1514000e+02   8.1634000e+02   6.7134000e+02   6.5803000e+02
   8.0809000e+02   8.1616000e+02   8.1211000e+02   8.1494000e+02   6.5653000e+02   6.4609000e+02
   7.9942000e+02   8.0377000e+02   7.9970000e+02   8.0167000e+02   6.4263000e+02   6.3794000e+02
   7.8969000e+02   7.9135000e+02   7.8793000e+02   7.8806000e+02   6.1872000e+02   6.2095000e+02
   7.7878000e+02   7.8586000e+02   7.8035000e+02   7.8028000e+02   6.0230000e+02   6.0795000e+02
   7.8043000e+02   7.8623000e+02   7.7981000e+02   7.8171000e+02   5.9213000e+02   6.0259000e+02
   7.7435000e+02   7.8069000e+02   7.7397000e+02   7.7620000e+02   5.8265000e+02   5.9289000e+02
   7.6282000e+02   7.6935000e+02   7.6478000e+02   7.6684000e+02   5.6975000e+02   5.8194000e+02
   7.5209000e+02   7.5737000e+02   7.5485000e+02   7.5770000e+02   5.6294000e+02   5.7549000e+02
   7.3424000e+02   7.3897000e+02   7.3544000e+02   7.3698000e+02   5.4560000e+02   5.5172000e+02
   7.2489000e+02   7.2805000e+02   7.2295000e+02   7.2191000e+02   5.4099000e+02   5.3801000e+02
   7.1337000e+02   7.1798000e+02   7.1591000e+02   7.1856000e+02   5.3785000e+02   5.2699000e+02
   6.9717000e+02   7.0108000e+02   6.9873000e+02   7.0162000e+02   5.3665000e+02   5.1816000e+02
   6.9370000e+02   6.9901000e+02   6.9424000e+02   6.9559000e+02   5.3673000e+02   5.0545000e+02
   6.9990000e+02   7.0210000e+02   6.9690000e+02   6.9700000e+02   5.2775000e+02   4.9536000e+02
   7.0497000e+02   7.1160000e+02   7.0586000e+02   7.0714000e+02   5.2941000e+02   4.9850000e+02
   6.8771000e+02   6.9563000e+02   6.9214000e+02   6.9562000e+02   5.1169000e+02   4.9712000e+02
   6.7479000e+02   6.8030000e+02   6.7724000e+02   6.8055000e+02   4.9526000e+02   4.9881000e+02
   6.7583000e+02   6.7763000e+02   6.7684000e+02   6.8040000e+02   4.8062000e+02   4.8514000e+02
   6.7475000e+02   6.8398000e+02   6.7978000e+02   6.8332000e+02   4.6913000e+02   4.7611000e+02
   6.7174000e+02   6.7456000e+02   6.7147000e+02   6.7272000e+02   4.6698000e+02   4.7684000e+02
   6.7490000e+02   6.8186000e+02   6.7540000e+02   6.7823000e+02   4.7688000e+02   4.8304000e+02
   6.6980000e+02   6.7357000e+02   6.7094000e+02   6.7455000e+02   4.8113000e+02   4.7831000e+02
   6.6614000e+02   6.6990000e+02   6.6665000e+02   6.6929000e+02   4.8983000e+02   4.7957000e+02
   6.5537000e+02   6.5788000e+02   6.5635000e+02   6.5764000e+02   4.9593000e+02   4.8184000e+02
   6.6659000e+02   6.6647000e+02   6.6376000e+02   6.6361000e+02   4.9780000e+02   4.7324000e+02
   6.5904000e+02   6.6177000e+02   6.5496000e+02   6.5486000e+02   4.8451000e+02   4.7476000e+02
   6.5995000e+02   6.6390000e+02   6.5919000e+02   6.5944000e+02   4.9548000e+02   4.8551000e+02
   6.6646000e+02   6.7038000e+02   6.6919000e+02   6.7035000e+02   4.9705000e+02   4.8798000e+02
   6.6202000e+02   6.6900000e+02   6.6690000e+02   6.6878000e+02   5.1440000e+02   5.0207000e+02
   6.5602000e+02   6.5909000e+02   6.5723000e+02   6.5983000e+02   5.4662000e+02   5.2934000e+02
   6.6551000e+02   6.6548000e+02   6.6420000e+02   6.6481000e+02   5.5389000e+02   5.3880000e+02
   6.6805000e+02   6.6881000e+02   6.6696000e+02   6.6506000e+02   5.5402000e+02   5.4378000e+02
   6.6375000e+02   6.6346000e+02   6.6176000e+02   6.6127000e+02   5.6489000e+02   5.5328000e+02
   6.6475000e+02   6.6362000e+02   6.6413000e+02   6.6450000e+02   5.6337000e+02   5.5630000e+02
   6.6055000e+02   6.5890000e+02   6.5894000e+02   6.5745000e+02   5.7727000e+02   5.7678000e+02
   6.5956000e+02   6.6334000e+02   6.6216000e+02   6.6257000e+02   5.8778000e+02   5.8020000e+02
   6.6068000e+02   6.5871000e+02   6.5905000e+02   6.5894000e+02   5.9401000e+02   5.7445000e+02
   6.6321000e+02   6.6868000e+02   6.6653000e+02   6.6759000e+02   6.2101000e+02   6.0313000e+02
   6.7035000e+02   6.7144000e+02   6.6995000e+02   6.7168000e+02   6.1521000e+02   6.0780000e+02
   6.9400000e+02   6.9020000e+02   6.8832000e+02   6.8533000e+02   6.3667000e+02   6.3555000e+02
   6.8444000e+02   6.8598000e+02   6.8506000e+02   6.8483000e+02   6.5229000e+02   6.4378000e+02
   7.0340000e+02   7.0658000e+02   7.0311000e+02   7.0342000e+02   6.5411000e+02   6.4326000e+02
   7.0485000e+02   7.0698000e+02   7.0377000e+02   7.0293000e+02   6.7000000e+02   6.5462000e+02
   7.0977000e+02   7.1197000e+02   7.1027000e+02   7.1058000e+02   6.8488000e+02   6.7989000e+02
   7.0837000e+02   7.1311000e+02   7.0951000e+02   7.0976000e+02   7.1726000e+02   7.0884000e+02
   7.2559000e+02   7.2514000e+02   7.2370000e+02   7.2385000e+02   7.3072000e+02   7.1802000e+02
   7.3710000e+02   7.3840000e+02   7.3611000e+02   7.3556000e+02   7.4481000e+02   7.3094000e+02
   7.4500000e+02   7.4591000e+02   7.4492000e+02   7.4469000e+02   7.4537000e+02   7.3749000e+02
   7.4876000e+02   7.4883000e+02   7.4696000e+02   7.4566000e+02   7.5176000e+02   7.4665000e+02
   7.2217000e+02   7.2208000e+02   7.1932000e+02   7.1823000e+02   7.2258000e+02   7.2004000e+02
   7.0723000e+02   7.0658000e+02   7.0427000e+02   7.0244000e+02   7.0975000e+02   7.0453000e+02
   6.9502000e+02   6.9670000e+02   6.9322000e+02   6.9347000e+02   7.0408000e+02   6.9641000e+02
   6.9229000e+02   6.9513000e+02   6.9074000e+02   6.9002000e+02   7.0411000e+02   6.9637000e+02
   7.0147000e+02   6.9864000e+02   6.9953000e+02   6.9812000e+02   7.0995000e+02   7.0599000e+02
   7.0742000e+02   7.0663000e+02   7.0479000e+02   7.0519000e+02   7.0519000e+02   7.0518000e+02
   7.1084000e+02   7.1383000e+02   7.1019000e+02   7.1023000e+02   6.9704000e+02   6.9460000e+02
   6.9308000e+02   6.9491000e+02   6.9301000e+02   6.9266000e+02   6.7100000e+02   6.7413000e+02
   6.8153000e+02   6.8543000e+02   6.8212000e+02   6.8265000e+02   6.5705000e+02   6.5660000e+02
   6.7783000e+02   6.8086000e+02   6.7765000e+02   6.7813000e+02   6.5653000e+02   6.5287000e+02
   6.7320000e+02   6.7708000e+02   6.7523000e+02   6.7581000e+02   6.5433000e+02   6.5030000e+02
   6.7981000e+02   6.8048000e+02   6.8052000e+02   6.8120000e+02   6.5424000e+02   6.4897000e+02
   6.8687000e+02   6.8792000e+02   6.8736000e+02   6.8750000e+02   6.5211000e+02   6.4917000e+02
   6.8209000e+02   6.8344000e+02   6.8258000e+02   6.8294000e+02   6.5040000e+02   6.5092000e+02
   6.8770000e+02   6.8880000e+02   6.8808000e+02   6.8878000e+02   6.4896000e+02   6.5006000e+02
   6.8863000e+02   6.9152000e+02   6.9098000e+02   6.8976000e+02   6.5515000e+02   6.5257000e+02
   6.9643000e+02   6.9881000e+02   6.9665000e+02   6.9645000e+02   6.6250000e+02   6.5661000e+02
   7.0162000e+02   7.0178000e+02   7.0132000e+02   6.9993000e+02   6.6102000e+02   6.5379000e+02
   7.0785000e+02   7.0895000e+02   7.0630000e+02   7.0503000e+02   6.6290000e+02   6.5822000e+02
   7.1364000e+02   7.1466000e+02   7.1282000e+02   7.1283000e+02   6.6547000e+02   6.6055000e+02
   7.1667000e+02   7.1829000e+02   7.1611000e+02   7.1501000e+02   6.6286000e+02   6.5933000e+02
   7.1762000e+02   7.1822000e+02   7.1680000e+02   7.1678000e+02   6.6648000e+02   6.6198000e+02
   7.1823000e+02   7.2073000e+02   7.1960000e+02   7.2027000e+02   6.7612000e+02   6.6860000e+02
   7.1802000e+02   7.2032000e+02   7.1818000e+02   7.1740000e+02   6.8255000e+02   6.7648000e+02
   7.3890000e+02   7.4315000e+02   7.4082000e+02   7.4046000e+02   7.0315000e+02   6.9852000e+02
   7.6048000e+02   7.6242000e+02   7.6103000e+02   7.6093000e+02   7.1303000e+02   7.1297000e+02
   7.6651000e+02   7.6959000e+02   7.6793000e+02   7.6887000e+02   7.1837000e+02   7.1927000e+02
   7.8034000e+02   7.7884000e+02   7.7814000e+02   7.7753000e+02   7.2255000e+02   7.1894000e+02
   7.6918000e+02   7.7684000e+02   7.7513000e+02   7.7676000e+02   7.1574000e+02   7.0776000e+02
   7.7662000e+02   7.7555000e+02   7.7242000e+02   7.7447000e+02   7.2155000e+02   7.1510000e+02
   7.7907000e+02   7.8400000e+02   7.8417000e+02   7.8519000e+02   7.2889000e+02   7.2915000e+02
   8.0017000e+02   8.0059000e+02   8.0137000e+02   8.0219000e+02   7.4495000e+02   7.4621000e+02
   8.1131000e+02   8.1523000e+02   8.1165000e+02   8.1379000e+02   7.5482000e+02   7.5117000e+02
   8.0864000e+02   8.1638000e+02   8.1385000e+02   8.1515000e+02   7.4999000e+02   7.4279000e+02
   8.1773000e+02   8.2133000e+02   8.2240000e+02   8.2205000e+02   7.4759000e+02   7.4041000e+02
   8.4078000e+02   8.3803000e+02   8.3661000e+02   8.3772000e+02   7.4127000e+02   7.3046000e+02
   8.4804000e+02   8.4630000e+02   8.4601000e+02   8.4725000e+02   7.3696000e+02   7.2971000e+02
   8.5267000e+02   8.5089000e+02   8.4965000e+02   8.5104000e+02   7.3166000e+02   7.2039000e+02
   8.4056000e+02   8.5033000e+02   8.4846000e+02   8.5143000e+02   7.2972000e+02   7.2241000e+02
   8.4866000e+02   8.5217000e+02   8.4811000e+02   8.5052000e+02   7.2925000e+02   7.3246000e+02
   8.4675000e+02   8.4702000e+02   8.4530000e+02   8.4823000e+02   7.3583000e+02   7.2671000e+02
   8.4431000e+02   8.4903000e+02   8.4531000e+02   8.4856000e+02   7.2441000e+02   7.1386000e+02
   8.4518000e+02   8.4988000e+02   8.4708000e+02   8.5074000e+02   7.0291000e+02   6.9342000e+02
   8.3908000e+02   8.4310000e+02   8.4082000e+02   8.4382000e+02   7.0881000e+02   7.0193000e+02
   8.3843000e+02   8.4496000e+02   8.4178000e+02   8.4578000e+02   7.1876000e+02   7.1330000e+02
   8.3112000e+02   8.3599000e+02   8.3301000e+02   8.3565000e+02   7.2993000e+02   7.1787000e+02
   8.2943000e+02   8.3299000e+02   8.3037000e+02   8.3327000e+02   7.1697000e+02   6.8438000e+02
   8.4450000e+02   8.4626000e+02   8.4304000e+02   8.4577000e+02   6.9908000e+02   6.9408000e+02
   8.2695000e+02   8.3237000e+02   8.2680000e+02   8.2968000e+02   6.8087000e+02   6.5835000e+02
   7.8878000e+02   7.9813000e+02   7.9052000e+02   7.9280000e+02   6.3842000e+02   6.3638000e+02
   7.8033000e+02   7.7299000e+02   7.7401000e+02   7.7282000e+02   6.0122000e+02   5.9291000e+02
   7.8331000e+02   7.8848000e+02   7.8094000e+02   7.8143000e+02   5.8316000e+02   5.7218000e+02
   8.0093000e+02   8.0068000e+02   7.9633000e+02   7.9788000e+02   5.9849000e+02   5.8769000e+02
   7.6210000e+02   7.7383000e+02   7.6928000e+02   7.7790000e+02   6.3794000e+02   6.1382000e+02
   7.2888000e+02   7.3137000e+02   7.2772000e+02   7.3319000e+02   6.3145000e+02   6.2475000e+02
   7.1397000e+02   7.0899000e+02   7.1427000e+02   7.1819000e+02   5.4978000e+02   5.4467000e+02
   7.5374000e+02   7.5798000e+02   7.5458000e+02   7.5706000e+02   5.5963000e+02   5.6373000e+02
   7.5513000e+02   7.6224000e+02   7.5371000e+02   7.5711000e+02   5.8726000e+02   5.7823000e+02
   7.9231000e+02   7.8994000e+02   7.8291000e+02   7.7987000e+02   6.0194000e+02   5.9295000e+02
   7.5910000e+02   7.7148000e+02   7.6065000e+02   7.6199000e+02   6.0482000e+02   6.0101000e+02
   7.2907000e+02   7.4365000e+02   7.3574000e+02   7.4106000e+02   6.2597000e+02   6.2833000e+02
   7.1099000e+02   7.2081000e+02   7.1954000e+02   7.2525000e+02   6.7066000e+02   6.4139000e+02
   7.2377000e+02   7.2576000e+02   7.2001000e+02   7.2117000e+02   6.4473000e+02   6.7615000e+02
   7.6708000e+02   7.6663000e+02   7.6360000e+02   7.6556000e+02   6.6100000e+02   6.9171000e+02
   7.6710000e+02   7.7805000e+02   7.7842000e+02   7.8307000e+02   6.4017000e+02   6.8285000e+02
   7.6759000e+02   7.7590000e+02   7.6543000e+02   7.6833000e+02   6.3652000e+02   6.6128000e+02
   7.8223000e+02   7.9054000e+02   7.8648000e+02   7.8976000e+02   6.1108000e+02   6.2180000e+02
   8.0315000e+02   8.0504000e+02   8.0351000e+02   8.1014000e+02   6.0397000e+02   6.1927000e+02
   7.9660000e+02   7.9104000e+02   7.8272000e+02   7.7747000e+02   5.9791000e+02   6.1305000e+02
   8.1654000e+02   8.0645000e+02   8.0510000e+02   8.0582000e+02   5.8954000e+02   5.9789000e+02
   7.8178000e+02   7.7030000e+02   8.0533000e+02   8.2584000e+02   5.6947000e+02   5.5503000e+02
   7.5174000e+02   7.3740000e+02   7.6486000e+02   7.6727000e+02   5.7630000e+02   5.3273000e+02
   7.3423000e+02   7.2712000e+02   7.4799000e+02   7.5812000e+02   6.0852000e+02   5.4236000e+02
   6.9722000e+02   6.9788000e+02   7.1396000e+02   7.2142000e+02   6.1996000e+02   5.7368000e+02
   6.3157000e+02   6.2611000e+02   6.4508000e+02   6.4817000e+02   6.2635000e+02   6.0505000e+02
   5.8917000e+02   5.7594000e+02   5.9331000e+02   5.9471000e+02   6.3842000e+02   6.2843000e+02
   5.8982000e+02   6.0409000e+02   5.9125000e+02   5.8751000e+02   6.3985000e+02   6.3353000e+02
   5.9629000e+02   6.0207000e+02   6.0377000e+02   6.0955000e+02   6.6216000e+02   6.6886000e+02
   5.6545000e+02   5.7228000e+02   5.7610000e+02   5.8068000e+02   6.7844000e+02   6.9873000e+02
   5.6540000e+02   5.6160000e+02   5.5903000e+02   5.5245000e+02   6.8802000e+02   7.0718000e+02
   6.1478000e+02   6.1341000e+02   5.8840000e+02   5.7325000e+02   6.9588000e+02   7.1327000e+02
   6.7306000e+02   6.8728000e+02   6.6419000e+02   6.4210000e+02   7.0705000e+02   7.1700000e+02
   7.1046000e+02   7.1693000e+02   7.0534000e+02   7.0360000e+02   7.0644000e+02   7.2070000e+02
   7.3040000e+02   7.3291000e+02   7.2455000e+02   7.2252000e+02   7.3328000e+02   7.5285000e+02
   7.4838000e+02   7.5612000e+02   7.4756000e+02   7.4628000e+02   7.5726000e+02   7.7400000e+02
   7.5682000e+02   7.5550000e+02   7.5289000e+02   7.5111000e+02   7.7398000e+02   7.8493000e+02
   7.7531000e+02   7.7335000e+02   7.7267000e+02   7.7119000e+02   7.7262000e+02   7.7509000e+02
   7.8387000e+02   7.8353000e+02   7.8091000e+02   7.7912000e+02   7.6759000e+02   7.6279000e+02
   7.8283000e+02   7.8439000e+02   7.8387000e+02   7.8334000e+02   7.6495000e+02   7.6583000e+02
   7.9577000e+02   7.9316000e+02   7.9435000e+02   7.9260000e+02   7.8011000e+02   7.8548000e+02
   8.0384000e+02   7.9950000e+02   8.0110000e+02   7.9839000e+02   7.9846000e+02   7.9413000e+02
   8.1495000e+02   8.1169000e+02   8.1496000e+02   8.1395000e+02   7.9604000e+02   7.9583000e+02
   8.2638000e+02   8.2476000e+02   8.2658000e+02   8.2598000e+02   7.9147000e+02   7.9655000e+02
   8.3836000e+02   8.3602000e+02   8.3843000e+02   8.3832000e+02   7.9872000e+02   8.0264000e+02
   8.4434000e+02   8.4443000e+02   8.4464000e+02   8.4529000e+02   8.0219000e+02   8.0797000e+02
   8.4825000e+02   8.4889000e+02   8.4770000e+02   8.4714000e+02   8.0740000e+02   8.0869000e+02
   8.2389000e+02   8.2630000e+02   8.2665000e+02   8.2814000e+02   7.7019000e+02   7.7633000e+02
   7.9053000e+02   7.8983000e+02   7.9183000e+02   7.9234000e+02   7.3534000e+02   7.4529000e+02
   7.8815000e+02   7.8903000e+02   7.9053000e+02   7.8996000e+02   7.3239000e+02   7.4457000e+02
   7.9370000e+02   7.9138000e+02   7.9306000e+02   7.9249000e+02   7.4186000e+02   7.5023000e+02
   8.1333000e+02   8.1262000e+02   8.1427000e+02   8.1423000e+02   7.5777000e+02   7.6490000e+02
   8.2822000e+02   8.2706000e+02   8.2983000e+02   8.3082000e+02   7.4466000e+02   7.4934000e+02
   8.2167000e+02   8.2361000e+02   8.2395000e+02   8.2476000e+02   7.3589000e+02   7.4167000e+02
   8.0061000e+02   8.0198000e+02   8.0160000e+02   8.0162000e+02   7.2901000e+02   7.2950000e+02
   7.8630000e+02   7.8811000e+02   7.8707000e+02   7.8775000e+02   7.2455000e+02   7.2815000e+02
   7.8956000e+02   7.9054000e+02   7.8815000e+02   7.8878000e+02   7.3256000e+02   7.3510000e+02
   8.0382000e+02   8.0429000e+02   8.0185000e+02   8.0131000e+02   7.3883000e+02   7.4333000e+02
   8.1150000e+02   8.1195000e+02   8.1033000e+02   8.0946000e+02   7.4216000e+02   7.5330000e+02
   8.2031000e+02   8.2180000e+02   8.2035000e+02   8.2064000e+02   7.4621000e+02   7.5664000e+02
   8.1661000e+02   8.1608000e+02   8.1387000e+02   8.1337000e+02   7.4421000e+02   7.4978000e+02
   8.1094000e+02   8.0981000e+02   8.0906000e+02   8.0904000e+02   7.3507000e+02   7.4617000e+02
   8.1354000e+02   8.1071000e+02   8.1193000e+02   8.1047000e+02   7.3032000e+02   7.4663000e+02
   8.2692000e+02   8.2323000e+02   8.2485000e+02   8.2339000e+02   7.2765000e+02   7.4323000e+02
   8.3842000e+02   8.3574000e+02   8.3634000e+02   8.3523000e+02   7.2490000e+02   7.3741000e+02
   8.4151000e+02   8.4103000e+02   8.4079000e+02   8.3999000e+02   7.3083000e+02   7.4023000e+02
   8.4131000e+02   8.3825000e+02   8.3947000e+02   8.3853000e+02   7.3144000e+02   7.4591000e+02
   8.3891000e+02   8.3343000e+02   8.3694000e+02   8.3595000e+02   7.2465000e+02   7.4331000e+02
   8.4707000e+02   8.4346000e+02   8.4593000e+02   8.4579000e+02   7.3097000e+02   7.4303000e+02
   8.4451000e+02   8.4574000e+02   8.4607000e+02   8.4787000e+02   7.3786000e+02   7.4909000e+02
   8.3770000e+02   8.3790000e+02   8.3988000e+02   8.4280000e+02   7.4598000e+02   7.6142000e+02
   8.5872000e+02   8.5480000e+02   8.5846000e+02   8.5847000e+02   7.7542000e+02   7.8568000e+02
   8.8944000e+02   8.8807000e+02   8.9198000e+02   8.9183000e+02   7.9994000e+02   8.0864000e+02
   9.0292000e+02   9.0125000e+02   9.0505000e+02   9.0641000e+02   8.0843000e+02   8.1377000e+02
   8.9219000e+02   8.9356000e+02   8.9242000e+02   8.9359000e+02   8.1472000e+02   8.1676000e+02
   8.8039000e+02   8.7696000e+02   8.8278000e+02   8.8474000e+02   8.1200000e+02   8.1315000e+02
   8.8869000e+02   8.8961000e+02   8.9167000e+02   8.9260000e+02   8.2063000e+02   8.2923000e+02
   8.9832000e+02   8.9860000e+02   9.0105000e+02   9.0156000e+02   8.4121000e+02   8.5053000e+02
   9.1768000e+02   9.1986000e+02   9.2143000e+02   9.2198000e+02   8.6786000e+02   8.7621000e+02
   9.2958000e+02   9.3172000e+02   9.3258000e+02   9.3415000e+02   8.8104000e+02   8.8365000e+02
   9.2475000e+02   9.2789000e+02   9.2589000e+02   9.2677000e+02   8.8199000e+02   8.8513000e+02
   9.1460000e+02   9.2031000e+02   9.1791000e+02   9.1948000e+02   8.8748000e+02   8.9478000e+02
   9.2075000e+02   9.2272000e+02   9.2354000e+02   9.2561000e+02   8.8402000e+02   8.9188000e+02
   9.1909000e+02   9.2238000e+02   9.2320000e+02   9.2570000e+02   8.8218000e+02   8.8901000e+02
   9.3130000e+02   9.3307000e+02   9.3435000e+02   9.3512000e+02   8.9155000e+02   9.0291000e+02
   9.3766000e+02   9.4255000e+02   9.4226000e+02   9.4434000e+02   8.9596000e+02   9.0694000e+02
   9.4525000e+02   9.4697000e+02   9.4918000e+02   9.5301000e+02   8.9895000e+02   9.0529000e+02
   9.3603000e+02   9.3935000e+02   9.4175000e+02   9.4632000e+02   8.8763000e+02   8.9557000e+02
   9.2990000e+02   9.3380000e+02   9.3659000e+02   9.3996000e+02   8.7860000e+02   8.8919000e+02
   9.3124000e+02   9.3258000e+02   9.3630000e+02   9.3965000e+02   8.6970000e+02   8.7930000e+02
   9.2333000e+02   9.2618000e+02   9.2955000e+02   9.3202000e+02   8.6712000e+02   8.7487000e+02
   9.2231000e+02   9.2521000e+02   9.2688000e+02   9.3068000e+02   8.6581000e+02   8.7848000e+02
   9.1492000e+02   9.1393000e+02   9.1889000e+02   9.2118000e+02   8.6838000e+02   8.8458000e+02
   9.1906000e+02   9.1786000e+02   9.2335000e+02   9.2483000e+02   8.7218000e+02   8.8971000e+02
   9.2260000e+02   9.2311000e+02   9.2772000e+02   9.3016000e+02   8.7329000e+02   8.8606000e+02
   9.0972000e+02   9.0908000e+02   9.1386000e+02   9.1624000e+02   8.4625000e+02   8.5748000e+02
   8.9366000e+02   8.9643000e+02   8.9980000e+02   9.0329000e+02   8.1612000e+02   8.2665000e+02
   8.8036000e+02   8.8367000e+02   8.8759000e+02   8.9150000e+02   7.8838000e+02   8.0042000e+02
   8.6581000e+02   8.7210000e+02   8.7548000e+02   8.7953000e+02   7.7254000e+02   7.9108000e+02
   8.5774000e+02   8.6061000e+02   8.6485000e+02   8.6851000e+02   7.7360000e+02   7.8960000e+02
   8.4921000e+02   8.5277000e+02   8.5772000e+02   8.6202000e+02   7.7436000e+02   7.8360000e+02
   8.3933000e+02   8.4219000e+02   8.4798000e+02   8.5285000e+02   7.5962000e+02   7.6979000e+02
   8.1192000e+02   8.1791000e+02   8.2186000e+02   8.2452000e+02   7.2967000e+02   7.4173000e+02
   7.9497000e+02   7.9732000e+02   8.0525000e+02   8.1027000e+02   7.2574000e+02   7.3840000e+02
   7.9173000e+02   7.9783000e+02   8.0067000e+02   8.0330000e+02   7.0369000e+02   7.1941000e+02
   7.9464000e+02   7.9867000e+02   7.9809000e+02   7.9966000e+02   6.9503000e+02   7.0935000e+02
   7.8904000e+02   7.9245000e+02   7.9126000e+02   7.8974000e+02   6.7960000e+02   7.0046000e+02
   7.9402000e+02   7.9566000e+02   7.9692000e+02   7.9840000e+02   6.7335000e+02   6.8958000e+02
   7.6433000e+02   7.6982000e+02   7.6891000e+02   7.7094000e+02   6.7483000e+02   6.8587000e+02
   7.5607000e+02   7.5877000e+02   7.6284000e+02   7.6567000e+02   6.6610000e+02   6.7542000e+02
   7.4556000e+02   7.4692000e+02   7.5005000e+02   7.5318000e+02   6.5512000e+02   6.5241000e+02
   7.4838000e+02   7.5048000e+02   7.5528000e+02   7.5903000e+02   6.3210000e+02   6.5968000e+02
   7.2954000e+02   7.3000000e+02   7.3655000e+02   7.4045000e+02   6.3740000e+02   6.7264000e+02
   7.1986000e+02   7.2233000e+02   7.2708000e+02   7.2823000e+02   6.3297000e+02   6.5956000e+02
   7.2311000e+02   7.2828000e+02   7.2762000e+02   7.3128000e+02   6.3948000e+02   6.6216000e+02
   7.2660000e+02   7.2516000e+02   7.2929000e+02   7.3064000e+02   6.3532000e+02   6.6549000e+02
   7.2521000e+02   7.2908000e+02   7.2963000e+02   7.3282000e+02   6.3482000e+02   6.5818000e+02
   7.3309000e+02   7.3712000e+02   7.3850000e+02   7.4117000e+02   6.3959000e+02   6.6072000e+02
   7.3297000e+02   7.4043000e+02   7.4249000e+02   7.4582000e+02   6.4037000e+02   6.5439000e+02
   7.5209000e+02   7.5313000e+02   7.5656000e+02   7.6131000e+02   6.7749000e+02   6.9582000e+02
   7.9520000e+02   7.9779000e+02   8.0050000e+02   8.0386000e+02   6.8447000e+02   7.1223000e+02
   8.0009000e+02   8.0245000e+02   8.0460000e+02   8.0702000e+02   6.8697000e+02   7.1351000e+02
   8.1687000e+02   8.2027000e+02   8.2197000e+02   8.2573000e+02   7.1081000e+02   7.2893000e+02
   8.2217000e+02   8.2333000e+02   8.2819000e+02   8.3239000e+02   7.4030000e+02   7.3501000e+02
   8.3380000e+02   8.3207000e+02   8.3535000e+02   8.3641000e+02   7.4022000e+02   7.3667000e+02
   8.3719000e+02   8.3861000e+02   8.4265000e+02   8.4522000e+02   7.6181000e+02   7.5885000e+02
   8.8316000e+02   8.8067000e+02   8.8558000e+02   8.8786000e+02   7.6900000e+02   7.5979000e+02
   8.9677000e+02   8.9906000e+02   9.0222000e+02   9.0499000e+02   7.7358000e+02   7.6853000e+02
   8.9006000e+02   8.9149000e+02   8.9363000e+02   8.9608000e+02   7.8423000e+02   7.7579000e+02
   8.8791000e+02   8.9176000e+02   8.9307000e+02   8.9609000e+02   7.7517000e+02   7.6972000e+02
   8.9285000e+02   8.9408000e+02   8.9494000e+02   8.9550000e+02   7.8665000e+02   7.8959000e+02
   8.8301000e+02   8.8104000e+02   8.8247000e+02   8.8333000e+02   8.0576000e+02   8.1388000e+02
   8.8592000e+02   8.8637000e+02   8.8694000e+02   8.8729000e+02   7.8721000e+02   7.9783000e+02
   8.9278000e+02   8.9354000e+02   8.9606000e+02   8.9745000e+02   7.8307000e+02   8.0307000e+02
   9.0349000e+02   9.0592000e+02   9.0821000e+02   9.1138000e+02   8.0223000e+02   8.2446000e+02
   9.0743000e+02   9.0990000e+02   9.1161000e+02   9.1460000e+02   7.8799000e+02   8.1109000e+02
   9.0424000e+02   9.0849000e+02   9.0654000e+02   9.0702000e+02   8.0150000e+02   8.1682000e+02
   9.0362000e+02   9.0111000e+02   9.0317000e+02   9.0290000e+02   8.0191000e+02   8.1600000e+02
   9.2631000e+02   9.2742000e+02   9.2636000e+02   9.2725000e+02   8.1261000e+02   8.3208000e+02
   9.2701000e+02   9.2857000e+02   9.2960000e+02   9.3166000e+02   8.0576000e+02   8.2163000e+02
   9.1621000e+02   9.1308000e+02   9.1631000e+02   9.1614000e+02   8.1531000e+02   8.2424000e+02
   9.2147000e+02   9.1930000e+02   9.2486000e+02   9.2703000e+02   8.0521000e+02   8.2102000e+02
   9.4292000e+02   9.4153000e+02   9.4248000e+02   9.4307000e+02   7.9976000e+02   8.0022000e+02
   8.7639000e+02   8.8056000e+02   8.7949000e+02   8.8236000e+02   7.8516000e+02   7.8209000e+02
   8.4243000e+02   8.4501000e+02   8.4431000e+02   8.4548000e+02   7.7243000e+02   7.8330000e+02
   8.1877000e+02   8.2077000e+02   8.2052000e+02   8.2065000e+02   7.5054000e+02   7.4839000e+02
   8.1263000e+02   8.1766000e+02   8.1617000e+02   8.1791000e+02   7.2899000e+02   7.2089000e+02
   8.1863000e+02   8.2188000e+02   8.2464000e+02   8.2844000e+02   7.3623000e+02   7.3500000e+02
   7.9506000e+02   7.9529000e+02   7.9526000e+02   7.9607000e+02   7.5107000e+02   7.5039000e+02
   7.7402000e+02   7.7863000e+02   7.7842000e+02   7.7939000e+02   7.4665000e+02   7.3741000e+02
   7.4514000e+02   7.4432000e+02   7.4351000e+02   7.4443000e+02   7.0743000e+02   7.0986000e+02
   7.1658000e+02   7.1805000e+02   7.1928000e+02   7.2064000e+02   6.8756000e+02   6.9507000e+02
   6.9882000e+02   6.9873000e+02   7.0030000e+02   7.0100000e+02   6.8391000e+02   6.8730000e+02
   7.0611000e+02   7.0568000e+02   7.0648000e+02   7.0571000e+02   6.8035000e+02   6.8639000e+02
   7.0685000e+02   7.0978000e+02   7.1212000e+02   7.1684000e+02   6.7039000e+02   6.8612000e+02
   7.2765000e+02   7.2502000e+02   7.2951000e+02   7.3175000e+02   6.7894000e+02   6.9415000e+02
   7.4513000e+02   7.4528000e+02   7.4704000e+02   7.4851000e+02   6.8013000e+02   6.8118000e+02
   7.6460000e+02   7.6202000e+02   7.6431000e+02   7.6451000e+02   6.6549000e+02   6.7472000e+02
   7.6975000e+02   7.7005000e+02   7.7144000e+02   7.7324000e+02   6.5753000e+02   6.6980000e+02
   7.7323000e+02   7.7512000e+02   7.7455000e+02   7.7512000e+02   6.6001000e+02   6.6952000e+02
   7.8996000e+02   7.9024000e+02   7.8936000e+02   7.9034000e+02   6.7699000e+02   6.8435000e+02
   7.9681000e+02   7.9912000e+02   7.9921000e+02   8.0150000e+02   6.9291000e+02   6.9744000e+02
   8.0084000e+02   8.0305000e+02   8.0326000e+02   8.0513000e+02   7.0279000e+02   7.0515000e+02
   7.9273000e+02   7.9693000e+02   7.9501000e+02   7.9729000e+02   6.9765000e+02   7.0591000e+02
   7.8788000e+02   7.8876000e+02   7.8980000e+02   7.9103000e+02   7.0924000e+02   7.1808000e+02
   7.9688000e+02   7.9681000e+02   7.9834000e+02   7.9881000e+02   7.2515000e+02   7.3330000e+02
   7.9643000e+02   7.9903000e+02   7.9812000e+02   7.9957000e+02   7.3005000e+02   7.3837000e+02
   8.2298000e+02   8.2061000e+02   8.2072000e+02   8.2195000e+02   7.6045000e+02   7.6272000e+02
   8.4783000e+02   8.4980000e+02   8.4995000e+02   8.5057000e+02   7.8684000e+02   7.9302000e+02
   8.5854000e+02   8.5731000e+02   8.5895000e+02   8.5889000e+02   7.9730000e+02   8.0560000e+02
   8.5643000e+02   8.5785000e+02   8.5815000e+02   8.6033000e+02   8.0063000e+02   8.1139000e+02
   8.5222000e+02   8.5322000e+02   8.5485000e+02   8.5574000e+02   7.9667000e+02   8.0312000e+02
   8.6025000e+02   8.6155000e+02   8.6264000e+02   8.6429000e+02   8.0279000e+02   8.0828000e+02
   8.7084000e+02   8.7298000e+02   8.7369000e+02   8.7615000e+02   8.0770000e+02   8.1169000e+02
   8.9171000e+02   8.9567000e+02   8.9445000e+02   8.9706000e+02   8.2325000e+02   8.3078000e+02
   9.0956000e+02   9.1263000e+02   9.1357000e+02   9.1624000e+02   8.3067000e+02   8.3747000e+02
   9.1020000e+02   9.1436000e+02   9.1520000e+02   9.1809000e+02   8.2642000e+02   8.3384000e+02
   9.1591000e+02   9.1878000e+02   9.2087000e+02   9.2330000e+02   8.2629000e+02   8.3434000e+02
   9.1511000e+02   9.2142000e+02   9.2221000e+02   9.2528000e+02   8.2381000e+02   8.3442000e+02
   9.0035000e+02   9.0598000e+02   9.0599000e+02   9.0880000e+02   8.1206000e+02   8.2102000e+02
   8.9700000e+02   9.0279000e+02   9.0330000e+02   9.0652000e+02   8.0233000e+02   8.1170000e+02
   8.9684000e+02   9.0240000e+02   9.0305000e+02   9.0695000e+02   8.0095000e+02   8.0916000e+02
   8.9744000e+02   9.0161000e+02   9.0224000e+02   9.0694000e+02   7.9914000e+02   8.0726000e+02
   8.9307000e+02   8.9960000e+02   8.9977000e+02   9.0402000e+02   7.9363000e+02   8.0541000e+02
   8.8886000e+02   8.9652000e+02   8.9518000e+02   8.9992000e+02   7.9063000e+02   8.0021000e+02
   8.8036000e+02   8.8679000e+02   8.8749000e+02   8.9276000e+02   7.7885000e+02   7.8996000e+02
   8.6671000e+02   8.7397000e+02   8.7458000e+02   8.8018000e+02   7.6475000e+02   7.7672000e+02
   8.6507000e+02   8.7096000e+02   8.7191000e+02   8.7794000e+02   7.5619000e+02   7.6938000e+02
   8.6096000e+02   8.6650000e+02   8.6784000e+02   8.7363000e+02   7.5036000e+02   7.6049000e+02
   8.4862000e+02   8.5285000e+02   8.5420000e+02   8.6043000e+02   7.3886000e+02   7.5015000e+02
   8.4252000e+02   8.4918000e+02   8.4971000e+02   8.5446000e+02   7.2845000e+02   7.3831000e+02
   8.1350000e+02   8.1788000e+02   8.1882000e+02   8.2305000e+02   7.0247000e+02   7.1049000e+02
   7.8652000e+02   7.9028000e+02   7.9179000e+02   7.9747000e+02   6.7699000e+02   6.8419000e+02
   7.6915000e+02   7.7139000e+02   7.7395000e+02   7.7933000e+02   6.6127000e+02   6.6801000e+02
   7.5890000e+02   7.6181000e+02   7.6302000e+02   7.6776000e+02   6.4748000e+02   6.5911000e+02
   7.5108000e+02   7.5326000e+02   7.5393000e+02   7.5918000e+02   6.4053000e+02   6.4888000e+02
   7.3400000e+02   7.3740000e+02   7.3802000e+02   7.4360000e+02   6.2560000e+02   6.3297000e+02
   7.2562000e+02   7.2944000e+02   7.2866000e+02   7.3385000e+02   6.0582000e+02   6.1163000e+02
   7.0370000e+02   7.0829000e+02   7.0699000e+02   7.1110000e+02   5.7838000e+02   5.8419000e+02
   6.8422000e+02   6.8908000e+02   6.8745000e+02   6.9001000e+02   5.5112000e+02   5.5557000e+02
   6.6976000e+02   6.7608000e+02   6.7262000e+02   6.7703000e+02   5.3810000e+02   5.4294000e+02
   6.5939000e+02   6.6513000e+02   6.6256000e+02   6.6758000e+02   5.1617000e+02   5.2250000e+02
   6.4271000e+02   6.4814000e+02   6.4596000e+02   6.5002000e+02   5.0288000e+02   5.0844000e+02
   6.3470000e+02   6.4447000e+02   6.4046000e+02   6.4532000e+02   4.9230000e+02   5.0091000e+02
   6.2057000e+02   6.2828000e+02   6.2464000e+02   6.2939000e+02   4.7358000e+02   4.8323000e+02
   6.0603000e+02   6.1446000e+02   6.1147000e+02   6.1647000e+02   4.7300000e+02   4.7563000e+02
   5.9479000e+02   6.0160000e+02   5.9945000e+02   6.0386000e+02   4.6149000e+02   4.6520000e+02
   5.8527000e+02   5.9452000e+02   5.9204000e+02   5.9602000e+02   4.4857000e+02   4.5918000e+02
   5.8562000e+02   5.9496000e+02   5.9376000e+02   6.0112000e+02   4.4726000e+02   4.5532000e+02
   5.7791000e+02   5.9063000e+02   5.8960000e+02   5.9622000e+02   4.4527000e+02   4.6253000e+02
   5.7696000e+02   5.8744000e+02   5.8796000e+02   5.9357000e+02   4.4409000e+02   4.6297000e+02
   5.8177000e+02   5.9157000e+02   5.9274000e+02   5.9918000e+02   4.4414000e+02   4.6080000e+02
   5.8883000e+02   5.9793000e+02   5.9910000e+02   6.0529000e+02   4.4565000e+02   4.6385000e+02
   5.9456000e+02   6.0069000e+02   6.0232000e+02   6.0726000e+02   4.5657000e+02   4.6751000e+02
   6.0269000e+02   6.1016000e+02   6.1042000e+02   6.1488000e+02   4.6094000e+02   4.7784000e+02
   6.2863000e+02   6.3288000e+02   6.3328000e+02   6.3730000e+02   4.7695000e+02   4.8962000e+02
   6.4325000e+02   6.4728000e+02   6.4831000e+02   6.5200000e+02   4.9112000e+02   5.0449000e+02
   6.5107000e+02   6.5609000e+02   6.5823000e+02   6.6177000e+02   4.9617000e+02   5.1089000e+02
   6.5591000e+02   6.5770000e+02   6.6022000e+02   6.6223000e+02   4.9959000e+02   5.1667000e+02
   6.6230000e+02   6.6428000e+02   6.6593000e+02   6.6901000e+02   5.0729000e+02   5.1634000e+02
   6.6584000e+02   6.6986000e+02   6.7086000e+02   6.7346000e+02   5.1499000e+02   5.2535000e+02
   6.7204000e+02   6.7592000e+02   6.7731000e+02   6.7978000e+02   5.2580000e+02   5.3163000e+02
   6.7588000e+02   6.7997000e+02   6.7963000e+02   6.8333000e+02   5.4211000e+02   5.4963000e+02
   6.9675000e+02   7.0009000e+02   7.0059000e+02   7.0329000e+02   5.5133000e+02   5.5356000e+02
   7.0479000e+02   7.0734000e+02   7.0783000e+02   7.1124000e+02   5.6386000e+02   5.6784000e+02
   7.0456000e+02   7.0526000e+02   7.0990000e+02   7.1449000e+02   5.7671000e+02   5.8096000e+02
   7.2201000e+02   7.2431000e+02   7.2613000e+02   7.2898000e+02   5.8616000e+02   5.9529000e+02
   7.2625000e+02   7.2871000e+02   7.2957000e+02   7.3115000e+02   5.9824000e+02   6.0636000e+02
   7.3716000e+02   7.3718000e+02   7.3926000e+02   7.4167000e+02   6.0253000e+02   6.0810000e+02
   7.3704000e+02   7.3784000e+02   7.3909000e+02   7.4083000e+02   6.1051000e+02   6.1727000e+02
   7.4496000e+02   7.4811000e+02   7.4817000e+02   7.5128000e+02   6.1714000e+02   6.2219000e+02
   7.4768000e+02   7.4979000e+02   7.5022000e+02   7.5259000e+02   6.1706000e+02   6.2474000e+02
   7.4708000e+02   7.4869000e+02   7.4889000e+02   7.4951000e+02   6.1650000e+02   6.2309000e+02
   7.4575000e+02   7.4981000e+02   7.4890000e+02   7.5041000e+02   6.1693000e+02   6.2353000e+02
   7.3674000e+02   7.3974000e+02   7.3932000e+02   7.4085000e+02   6.1415000e+02   6.2196000e+02
   7.3214000e+02   7.3547000e+02   7.3473000e+02   7.3650000e+02   6.1707000e+02   6.2513000e+02
   7.2680000e+02   7.2980000e+02   7.2992000e+02   7.3210000e+02   6.2473000e+02   6.2905000e+02
   7.2880000e+02   7.3247000e+02   7.3272000e+02   7.3529000e+02   6.2673000e+02   6.2858000e+02
   7.2695000e+02   7.2840000e+02   7.2963000e+02   7.3229000e+02   6.2427000e+02   6.2986000e+02
   6.8814000e+02   6.8854000e+02   6.8987000e+02   6.9335000e+02   5.8697000e+02   5.9358000e+02
   6.4813000e+02   6.5012000e+02   6.5140000e+02   6.5345000e+02   5.5108000e+02   5.5833000e+02
