   4.2896000e+00   4.4074000e+00   4.4164000e+00   4.4816000e+00   5.1580000e+00   4.9697000e+00
   4.0327000e+00   4.3246000e+00   4.2669000e+00   4.4095000e+00   5.2585000e+00   5.1092000e+00
   4.5825000e+00   4.8943000e+00   4.8202000e+00   4.9950000e+00   5.3393000e+00   5.4387000e+00
   4.8627000e+00   5.1173000e+00   5.0644000e+00   5.2423000e+00   5.2975000e+00   5.4449000e+00
   4.8488000e+00   5.0816000e+00   4.9456000e+00   5.0283000e+00   5.5606000e+00   5.5759000e+00
   4.5969000e+00   4.8744000e+00   4.9633000e+00   5.1429000e+00   5.7443000e+00   5.6914000e+00
   4.9977000e+00   5.0336000e+00   4.9665000e+00   4.9387000e+00   5.8574000e+00   5.9276000e+00
   5.2920000e+00   5.0615000e+00   5.2236000e+00   5.2008000e+00   6.0238000e+00   6.1142000e+00
   5.3157000e+00   4.8894000e+00   5.1429000e+00   5.0556000e+00   6.4810000e+00   6.4801000e+00
   6.2380000e+00   5.8214000e+00   5.8813000e+00   5.6883000e+00   6.5719000e+00   6.7940000e+00
   7.2583000e+00   6.9905000e+00   7.0522000e+00   6.9621000e+00   6.7067000e+00   6.8734000e+00
   7.6567000e+00   7.6493000e+00   7.5513000e+00   7.5396000e+00   6.7973000e+00   6.9799000e+00
   8.7576000e+00   8.8100000e+00   8.6994000e+00   8.7096000e+00   6.8678000e+00   7.0769000e+00
   9.4736000e+00   9.1893000e+00   9.2164000e+00   9.1484000e+00   6.8460000e+00   7.0827000e+00
   9.7966000e+00   9.6036000e+00   9.6162000e+00   9.5778000e+00   6.7479000e+00   7.0306000e+00
   9.8198000e+00   9.5436000e+00   9.7368000e+00   9.7395000e+00   6.6311000e+00   6.8962000e+00
   9.7951000e+00   9.4923000e+00   9.6087000e+00   9.5647000e+00   5.7134000e+00   6.2885000e+00
   1.0374400e+01   9.9419000e+00   1.0050600e+01   9.9535000e+00   4.9609000e+00   5.7019000e+00
   1.0599400e+01   1.0124300e+01   1.0272100e+01   1.0169900e+01   5.6143000e+00   5.5688000e+00
   9.9503000e+00   9.4668000e+00   9.6909000e+00   9.5834000e+00   6.5155000e+00   5.8507000e+00
   9.2231000e+00   8.7613000e+00   9.1103000e+00   9.0601000e+00   6.5367000e+00   5.8796000e+00
   9.2452000e+00   8.7310000e+00   9.0478000e+00   8.9743000e+00   6.8007000e+00   6.6800000e+00
   9.7167000e+00   9.3238000e+00   9.9090000e+00   1.0087100e+01   6.9580000e+00   6.9578000e+00
   1.0657800e+01   1.0646000e+01   1.0423900e+01   1.0358700e+01   6.9256000e+00   7.2451000e+00
   1.0835900e+01   1.1165600e+01   1.0665600e+01   1.0655700e+01   7.1960000e+00   7.3000000e+00
   1.0566500e+01   1.0502900e+01   1.0219400e+01   1.0081900e+01   7.1443000e+00   7.4455000e+00
   1.0423200e+01   1.0116500e+01   1.0193700e+01   1.0060600e+01   7.0546000e+00   7.1083000e+00
   9.8058000e+00   9.8163000e+00   9.8109000e+00   9.7441000e+00   7.3027000e+00   6.8636000e+00
   9.5478000e+00   9.9328000e+00   9.7100000e+00   9.9809000e+00   7.0582000e+00   6.7422000e+00
   1.0431000e+01   1.3088700e+01   1.2192100e+01   1.3089000e+01   6.5119000e+00   6.6806000e+00
   1.3122300e+01   1.2982800e+01   1.2765600e+01   1.2633400e+01   6.2389000e+00   6.3206000e+00
   1.2522800e+01   1.2340300e+01   1.2233100e+01   1.2187000e+01   5.4896000e+00   6.1323000e+00
   1.2254200e+01   1.2187100e+01   1.2106200e+01   1.2139300e+01   5.0206000e+00   5.7414000e+00
   1.1963200e+01   1.1897000e+01   1.1750200e+01   1.1775600e+01   4.8945000e+00   5.2809000e+00
   1.1772000e+01   1.1945300e+01   1.1677700e+01   1.1759700e+01   4.6003000e+00   4.9325000e+00
   1.1329400e+01   1.1696700e+01   1.1302200e+01   1.1356100e+01   4.0395000e+00   4.8165000e+00
   1.1026100e+01   1.1319800e+01   1.1039700e+01   1.1064400e+01   3.4690000e+00   4.8263000e+00
   1.0760500e+01   1.0975200e+01   1.0742500e+01   1.0761700e+01   3.2185000e+00   4.4134000e+00
   1.0670300e+01   1.0716400e+01   1.0673100e+01   1.0664700e+01   3.0220000e+00   4.1423000e+00
   1.0566600e+01   1.0560100e+01   1.0662100e+01   1.0726000e+01   2.9532000e+00   3.8878000e+00
   1.0439100e+01   1.0464800e+01   1.0562800e+01   1.0659300e+01   3.2694000e+00   3.7234000e+00
   1.0422200e+01   1.0410200e+01   1.0467500e+01   1.0520600e+01   3.6415000e+00   3.6680000e+00
   1.0278800e+01   1.0344600e+01   1.0269300e+01   1.0262500e+01   3.6466000e+00   3.7468000e+00
   1.0195400e+01   1.0283000e+01   1.0198600e+01   1.0158100e+01   3.8424000e+00   3.4833000e+00
   1.0230000e+01   1.0211800e+01   1.0175700e+01   1.0136300e+01   3.9890000e+00   3.2409000e+00
   1.0554800e+01   1.0392900e+01   1.0485000e+01   1.0434800e+01   3.6638000e+00   3.1187000e+00
   1.0775400e+01   1.0645000e+01   1.0770500e+01   1.0829000e+01   3.3033000e+00   3.0740000e+00
   1.0827700e+01   1.1072000e+01   1.1031000e+01   1.1213400e+01   2.6960000e+00   3.1744000e+00
   1.1335500e+01   1.1271100e+01   1.1068400e+01   1.0943500e+01   4.5019000e+00   3.1424000e+00
   1.0958500e+01   1.0900200e+01   1.0758800e+01   1.0588400e+01   5.3693000e+00   3.1056000e+00
   1.0174400e+01   1.0113200e+01   1.0092600e+01   1.0009700e+01   5.5179000e+00   2.9378000e+00
   9.5924000e+00   9.6566000e+00   9.8117000e+00   9.8887000e+00   5.3053000e+00   2.5709000e+00
   9.8262000e+00   9.5751000e+00   9.8364000e+00   9.9099000e+00   4.8007000e+00   1.5626000e+00
   1.0358300e+01   9.9130000e+00   1.0155800e+01   1.0053700e+01   4.1944000e+00   4.1590000e-01
   1.0458000e+01   1.0288500e+01   1.0391000e+01   1.0291000e+01   3.7387000e+00   1.6089000e+00
   1.0538800e+01   1.0716300e+01   1.0645100e+01   1.0617500e+01   3.4895000e+00   4.4593000e+00
   1.0994200e+01   1.0836600e+01   1.0868500e+01   1.0772200e+01   3.7845000e+00   5.7501000e+00
   1.0983900e+01   1.0894800e+01   1.0951400e+01   1.0893400e+01   4.1110000e+00   5.5126000e+00
   1.0872300e+01   1.0766000e+01   1.0932600e+01   1.0910000e+01   4.2999000e+00   4.8898000e+00
   1.1036200e+01   1.1021400e+01   1.1130300e+01   1.1141100e+01   5.9561000e+00   4.8039000e+00
   1.1294700e+01   1.1342600e+01   1.1390700e+01   1.1413400e+01   8.4925000e+00   4.9615000e+00
   1.1469800e+01   1.1462300e+01   1.1497700e+01   1.1516600e+01   9.3134000e+00   5.1943000e+00
   1.1080000e+01   1.1123500e+01   1.1245900e+01   1.1348500e+01   8.6117000e+00   5.6163000e+00
   1.0697500e+01   1.0846600e+01   1.1022500e+01   1.1175700e+01   8.5010000e+00   5.5762000e+00
   1.0537300e+01   1.0545100e+01   1.0739500e+01   1.0878400e+01   9.2435000e+00   5.9437000e+00
   1.0609900e+01   1.0524400e+01   1.0572500e+01   1.0629500e+01   1.0233200e+01   6.4566000e+00
   1.0604800e+01   1.0474700e+01   1.0526100e+01   1.0510400e+01   1.0212300e+01   7.0241000e+00
   1.0639900e+01   1.0757400e+01   1.0754800e+01   1.0792800e+01   9.5387000e+00   6.9846000e+00
   1.0656100e+01   1.0797900e+01   1.0829500e+01   1.0956000e+01   1.0176400e+01   8.0383000e+00
   1.0375500e+01   1.0515900e+01   1.0652100e+01   1.0856200e+01   9.8267000e+00   9.0086000e+00
   1.0225500e+01   1.0343300e+01   1.0436900e+01   1.0606100e+01   9.6651000e+00   9.1746000e+00
   1.0204500e+01   1.0329000e+01   1.0402600e+01   1.0563700e+01   9.3148000e+00   9.7584000e+00
   1.0148200e+01   1.0249700e+01   1.0300600e+01   1.0428500e+01   8.9769000e+00   1.0245600e+01
   1.0098100e+01   1.0120000e+01   1.0122500e+01   1.0152300e+01   8.5446000e+00   9.3869000e+00
   9.9770000e+00   9.9634000e+00   9.9705000e+00   9.9983000e+00   8.3088000e+00   9.2548000e+00
   9.9973000e+00   9.8411000e+00   9.9185000e+00   9.8801000e+00   7.9890000e+00   8.6166000e+00
   9.8107000e+00   9.8594000e+00   9.9519000e+00   1.0016000e+01   8.0584000e+00   7.9989000e+00
   9.3104000e+00   9.4684000e+00   9.6457000e+00   9.8638000e+00   7.9428000e+00   7.3750000e+00
   9.3369000e+00   9.3457000e+00   9.4103000e+00   9.5143000e+00   7.2060000e+00   7.0901000e+00
   9.2970000e+00   9.3347000e+00   9.3794000e+00   9.4703000e+00   6.4180000e+00   7.0060000e+00
   9.0819000e+00   9.2602000e+00   9.1308000e+00   9.2199000e+00   6.2064000e+00   6.9660000e+00
   8.9017000e+00   8.9945000e+00   8.9237000e+00   8.9743000e+00   6.3713000e+00   6.6066000e+00
   8.7870000e+00   8.8396000e+00   8.8454000e+00   8.8916000e+00   6.1588000e+00   6.1882000e+00
   8.5401000e+00   8.6403000e+00   8.6506000e+00   8.7144000e+00   5.8765000e+00   5.7012000e+00
   8.2249000e+00   8.3182000e+00   8.3971000e+00   8.5090000e+00   5.5916000e+00   5.2852000e+00
   7.9012000e+00   8.0771000e+00   8.1215000e+00   8.2993000e+00   5.4856000e+00   5.1786000e+00
   7.5657000e+00   7.6598000e+00   7.7255000e+00   7.8623000e+00   5.5131000e+00   5.0904000e+00
   7.2599000e+00   7.3442000e+00   7.3969000e+00   7.4834000e+00   5.6924000e+00   5.0107000e+00
   6.8258000e+00   6.9465000e+00   6.9873000e+00   7.0831000e+00   5.5854000e+00   4.8350000e+00
   6.4825000e+00   6.5703000e+00   6.6228000e+00   6.7207000e+00   5.4848000e+00   4.6988000e+00
   6.2886000e+00   6.3840000e+00   6.4190000e+00   6.4889000e+00   5.5070000e+00   4.5907000e+00
   6.0738000e+00   6.1887000e+00   6.2076000e+00   6.3005000e+00   5.5074000e+00   4.4958000e+00
   5.9650000e+00   6.0306000e+00   6.0657000e+00   6.1535000e+00   5.3670000e+00   4.3137000e+00
   6.0467000e+00   6.1367000e+00   6.1037000e+00   6.1614000e+00   5.3180000e+00   4.3533000e+00
   6.0156000e+00   6.1436000e+00   5.9849000e+00   5.9981000e+00   5.3412000e+00   4.5944000e+00
   5.7775000e+00   6.0032000e+00   5.7896000e+00   5.8324000e+00   5.2964000e+00   4.7054000e+00
   5.7888000e+00   6.0111000e+00   5.8261000e+00   5.8565000e+00   5.1389000e+00   4.5347000e+00
   5.7171000e+00   5.9430000e+00   5.7521000e+00   5.7705000e+00   4.8728000e+00   4.4195000e+00
   5.7540000e+00   5.9065000e+00   5.7134000e+00   5.6795000e+00   4.6061000e+00   4.4026000e+00
   5.6683000e+00   5.8395000e+00   5.6463000e+00   5.6321000e+00   4.5470000e+00   4.3113000e+00
   5.4545000e+00   5.6433000e+00   5.5150000e+00   5.5499000e+00   4.5489000e+00   4.3102000e+00
   5.4194000e+00   5.6095000e+00   5.5119000e+00   5.5772000e+00   4.6515000e+00   4.4454000e+00
   5.7103000e+00   5.8143000e+00   5.7825000e+00   5.8231000e+00   4.8220000e+00   4.5955000e+00
   5.7137000e+00   5.7794000e+00   5.7527000e+00   5.7754000e+00   4.9937000e+00   4.5035000e+00
   5.4824000e+00   5.5890000e+00   5.5456000e+00   5.6051000e+00   4.9864000e+00   4.3325000e+00
   5.2357000e+00   5.2752000e+00   5.2415000e+00   5.2351000e+00   4.9289000e+00   4.1237000e+00
   4.9843000e+00   4.9758000e+00   4.9679000e+00   4.9332000e+00   4.9985000e+00   3.9079000e+00
   4.7052000e+00   4.6652000e+00   4.7117000e+00   4.7198000e+00   4.9079000e+00   3.7427000e+00
   4.5709000e+00   4.6012000e+00   4.6173000e+00   4.6450000e+00   4.8432000e+00   3.5318000e+00
   4.6140000e+00   4.5417000e+00   4.5940000e+00   4.5699000e+00   4.7664000e+00   3.3720000e+00
   4.5756000e+00   4.5593000e+00   4.5981000e+00   4.6381000e+00   4.6042000e+00   3.3153000e+00
   4.5133000e+00   4.4843000e+00   4.5064000e+00   4.5218000e+00   4.5273000e+00   3.3641000e+00
   4.5360000e+00   4.4836000e+00   4.5104000e+00   4.4921000e+00   4.6573000e+00   3.6557000e+00
   4.4510000e+00   4.4996000e+00   4.4468000e+00   4.3817000e+00   4.8207000e+00   3.9190000e+00
   4.2799000e+00   4.3698000e+00   4.3675000e+00   4.3996000e+00   4.5038000e+00   3.9982000e+00
   4.3017000e+00   4.2789000e+00   4.3395000e+00   4.3634000e+00   3.7134000e+00   3.4055000e+00
   4.3879000e+00   4.5025000e+00   4.5662000e+00   4.6504000e+00   3.2216000e+00   2.9818000e+00
   4.7484000e+00   4.7951000e+00   4.8674000e+00   4.9473000e+00   2.9924000e+00   2.6422000e+00
   5.0433000e+00   5.0543000e+00   5.1003000e+00   5.1473000e+00   2.9428000e+00   2.6314000e+00
   5.2228000e+00   5.3253000e+00   5.3924000e+00   5.5015000e+00   3.0590000e+00   2.9445000e+00
   5.3980000e+00   5.5898000e+00   5.5667000e+00   5.6712000e+00   3.0637000e+00   2.9712000e+00
   5.4186000e+00   5.6500000e+00   5.6673000e+00   5.8318000e+00   2.9928000e+00   2.6718000e+00
   5.4376000e+00   5.5701000e+00   5.6222000e+00   5.7643000e+00   2.7711000e+00   2.7455000e+00
   5.5786000e+00   5.6461000e+00   5.7096000e+00   5.8173000e+00   2.5526000e+00   2.4946000e+00
   5.7822000e+00   5.8029000e+00   5.8331000e+00   5.8953000e+00   2.4155000e+00   2.4852000e+00
   6.0546000e+00   6.0319000e+00   6.0807000e+00   6.1204000e+00   2.2384000e+00   2.4206000e+00
   6.2151000e+00   6.2182000e+00   6.2843000e+00   6.3524000e+00   1.9816000e+00   2.2788000e+00
   6.3352000e+00   6.3212000e+00   6.4077000e+00   6.4473000e+00   1.6489000e+00   1.9993000e+00
   6.4204000e+00   6.4160000e+00   6.5610000e+00   6.6201000e+00   1.3865000e+00   1.8770000e+00
   6.8243000e+00   6.8023000e+00   6.9021000e+00   6.9273000e+00   1.4700000e+00   1.9993000e+00
   7.2329000e+00   7.1780000e+00   7.2864000e+00   7.2832000e+00   1.5463000e+00   2.1223000e+00
   7.6945000e+00   7.6034000e+00   7.6978000e+00   7.6752000e+00   1.5666000e+00   1.9665000e+00
   8.2056000e+00   8.1522000e+00   8.1905000e+00   8.1437000e+00   1.5366000e+00   1.6246000e+00
   8.3710000e+00   8.3204000e+00   8.4420000e+00   8.4572000e+00   1.6858000e+00   1.5148000e+00
   8.3286000e+00   8.2815000e+00   8.4362000e+00   8.4808000e+00   1.8913000e+00   2.0939000e+00
   8.4070000e+00   8.4384000e+00   8.5839000e+00   8.6372000e+00   1.8299000e+00   2.7911000e+00
   8.8686000e+00   8.7428000e+00   9.0203000e+00   9.1251000e+00   2.3922000e+00   2.8555000e+00
   8.8534000e+00   9.1165000e+00   9.2134000e+00   9.4341000e+00   2.9420000e+00   3.1046000e+00
   8.8718000e+00   8.8969000e+00   9.0051000e+00   9.0969000e+00   3.2995000e+00   3.5405000e+00
   9.0192000e+00   8.8783000e+00   9.0965000e+00   9.1282000e+00   3.3371000e+00   3.5612000e+00
   9.5862000e+00   9.3419000e+00   9.5364000e+00   9.4347000e+00   3.0462000e+00   3.1561000e+00
   9.8857000e+00   9.7652000e+00   9.8573000e+00   9.7494000e+00   3.2007000e+00   3.6507000e+00
   9.7027000e+00   9.7992000e+00   9.7630000e+00   9.7300000e+00   4.1347000e+00   4.2158000e+00
   8.9821000e+00   8.8700000e+00   9.0696000e+00   9.1307000e+00   3.5388000e+00   3.3160000e+00
   9.3266000e+00   8.9221000e+00   9.3903000e+00   9.4583000e+00   3.2131000e+00   3.2788000e+00
   9.2167000e+00   9.0118000e+00   9.4254000e+00   9.6229000e+00   3.1277000e+00   4.2336000e+00
   9.3575000e+00   9.0535000e+00   9.3687000e+00   9.4313000e+00   3.4173000e+00   5.1428000e+00
   9.8528000e+00   9.3863000e+00   9.3945000e+00   9.1090000e+00   2.6719000e+00   5.5636000e+00
   9.8878000e+00   9.2817000e+00   9.2713000e+00   9.0100000e+00   1.4447000e+00   4.7477000e+00
   8.8335000e+00   8.8842000e+00   8.7608000e+00   8.7644000e+00   1.1874000e+00   4.1950000e+00
   7.8458000e+00   7.6459000e+00   7.7402000e+00   7.6635000e+00   1.9347000e+00   5.1510000e+00
   8.0926000e+00   7.9029000e+00   7.6723000e+00   7.4542000e+00   2.7194000e+00   5.7643000e+00
   7.8397000e+00   7.5294000e+00   7.7949000e+00   7.7037000e+00   4.4398000e+00   6.2154000e+00
   7.5514000e+00   7.0711000e+00   7.2851000e+00   7.2288000e+00   6.4847000e+00   6.8515000e+00
   7.4431000e+00   7.2808000e+00   7.4401000e+00   7.1817000e+00   6.3400000e+00   7.2639000e+00
   6.8057000e+00   7.0780000e+00   7.5116000e+00   7.9614000e+00   6.9837000e+00   7.5143000e+00
   7.0957000e+00   7.2759000e+00   6.8818000e+00   6.8304000e+00   6.8552000e+00   8.0722000e+00
   8.8994000e+00   9.5652000e+00   8.1651000e+00   7.9327000e+00   6.3697000e+00   8.6167000e+00
   1.0208000e+01   1.1131000e+01   9.6493000e+00   9.5522000e+00   4.6711000e+00   8.8425000e+00
   1.2330800e+01   1.3022800e+01   1.1553400e+01   1.1423300e+01   2.5743000e+00   8.4689000e+00
   1.3552100e+01   1.4304400e+01   1.2835800e+01   1.2784400e+01   1.4887000e+00   6.5799000e+00
   1.3662700e+01   1.3946400e+01   1.2977000e+01   1.3009700e+01   1.1621000e+00   3.6136000e+00
   1.4113200e+01   1.4588500e+01   1.3932100e+01   1.4331400e+01   1.1512000e+00   2.1401000e+00
   1.3807900e+01   1.4351900e+01   1.4199100e+01   1.4881800e+01   1.4485000e+00   1.4223000e+00
   1.3309400e+01   1.3782800e+01   1.3704100e+01   1.4370800e+01   1.7601000e+00   1.5018000e+00
   1.2958200e+01   1.3769700e+01   1.3364000e+01   1.3972100e+01   2.6534000e+00   2.4852000e+00
   1.1701300e+01   1.2855300e+01   1.2889000e+01   1.3853200e+01   3.3206000e+00   3.2620000e+00
   6.9205000e+00   8.3087000e+00   1.0727700e+01   1.2713100e+01   4.0882000e+00   3.2785000e+00
   5.3301000e+00   3.9754000e+00   2.6690000e+00   6.2894000e+00   5.1172000e+00   3.1691000e+00
   6.4762000e+00   4.1519000e+00   4.7395000e+00   4.8388000e+00   4.5775000e+00   3.3017000e+00
   5.9166000e+00   4.6810000e+00   5.2368000e+00   4.9260000e+00   4.3722000e+00   3.8442000e+00
   5.9478000e+00   5.0698000e+00   5.4358000e+00   5.2027000e+00   4.8018000e+00   4.4245000e+00
   5.7375000e+00   5.3038000e+00   5.4931000e+00   5.4672000e+00   5.4056000e+00   5.1472000e+00
   4.9376000e+00   4.8170000e+00   4.8956000e+00   4.9541000e+00   5.6075000e+00   5.7264000e+00
   4.2496000e+00   4.1877000e+00   4.2959000e+00   4.4176000e+00   5.1545000e+00   6.1836000e+00
   4.0225000e+00   3.9928000e+00   4.0728000e+00   4.2660000e+00   4.9692000e+00   7.0053000e+00
   3.7041000e+00   3.6955000e+00   3.7369000e+00   3.8995000e+00   5.5317000e+00   7.8690000e+00
   3.5521000e+00   3.4907000e+00   3.6093000e+00   3.7638000e+00   6.4385000e+00   8.0719000e+00
   3.1051000e+00   3.1438000e+00   3.1978000e+00   3.3662000e+00   7.0159000e+00   8.0306000e+00
   2.5190000e+00   2.8551000e+00   2.7840000e+00   3.0174000e+00   7.1507000e+00   8.2434000e+00
   2.2462000e+00   2.8314000e+00   2.5908000e+00   2.8432000e+00   6.9316000e+00   8.3821000e+00
   2.3110000e+00   2.8554000e+00   2.4949000e+00   2.6633000e+00   6.7575000e+00   8.1945000e+00
   2.4201000e+00   2.8464000e+00   2.5459000e+00   2.6863000e+00   6.4666000e+00   7.6404000e+00
   2.4407000e+00   2.8969000e+00   2.5527000e+00   2.6649000e+00   6.4173000e+00   7.3363000e+00
   2.4830000e+00   2.8880000e+00   2.5239000e+00   2.6043000e+00   6.8055000e+00   7.4568000e+00
   2.3012000e+00   2.6689000e+00   2.3252000e+00   2.3560000e+00   7.2097000e+00   7.7090000e+00
   1.9487000e+00   2.3594000e+00   2.1210000e+00   2.2332000e+00   7.0680000e+00   7.5557000e+00
   1.9195000e+00   2.3759000e+00   2.2653000e+00   2.4713000e+00   6.5787000e+00   7.2766000e+00
   2.5424000e+00   2.9690000e+00   2.8491000e+00   3.0579000e+00   6.1787000e+00   7.2528000e+00
   2.9820000e+00   3.3286000e+00   3.1207000e+00   3.2426000e+00   5.6806000e+00   7.1587000e+00
   2.7742000e+00   3.0562000e+00   2.8562000e+00   2.9378000e+00   5.1090000e+00   6.7772000e+00
   2.5213000e+00   2.7214000e+00   2.5647000e+00   2.6469000e+00   4.7376000e+00   6.1634000e+00
   2.2478000e+00   2.4125000e+00   2.3297000e+00   2.4167000e+00   4.5291000e+00   5.6513000e+00
   1.7853000e+00   1.9876000e+00   1.7425000e+00   1.7327000e+00   4.3998000e+00   5.2497000e+00
   1.1435000e+00   1.2731000e+00   1.0666000e+00   1.0251000e+00   4.6222000e+00   4.9163000e+00
   9.2840000e-01   9.3070000e-01   8.4310000e-01   7.8000000e-01   4.9042000e+00   4.8595000e+00
   8.0100000e-01   7.2470000e-01   6.9890000e-01   6.3590000e-01   4.9436000e+00   5.1755000e+00
   5.5750000e-01   5.0090000e-01   4.3370000e-01   4.0480000e-01   5.1006000e+00   5.5431000e+00
   5.2330000e-01   4.3030000e-01   3.0080000e-01   1.6710000e-01   5.4016000e+00   5.6899000e+00
   1.0154000e+00   9.2470000e-01   9.3080000e-01   8.6110000e-01   5.8952000e+00   5.9348000e+00
   1.4909000e+00   1.4773000e+00   1.5313000e+00   1.5623000e+00   6.6106000e+00   6.1738000e+00
   1.6486000e+00   1.7632000e+00   1.7545000e+00   1.8222000e+00   7.1887000e+00   6.4575000e+00
   1.6901000e+00   1.6905000e+00   1.7604000e+00   1.7470000e+00   7.3492000e+00   7.0058000e+00
   2.5895000e+00   2.0664000e+00   2.4341000e+00   2.2798000e+00   7.8201000e+00   7.4800000e+00
   3.4768000e+00   3.3925000e+00   3.4851000e+00   3.4737000e+00   8.2031000e+00   7.5221000e+00
   3.4164000e+00   3.8497000e+00   3.6279000e+00   3.7578000e+00   8.1917000e+00   7.6953000e+00
   3.2557000e+00   3.6470000e+00   3.4137000e+00   3.5117000e+00   8.3736000e+00   8.1200000e+00
   3.5991000e+00   3.6064000e+00   3.5187000e+00   3.4503000e+00   8.3738000e+00   8.0102000e+00
   4.3936000e+00   4.3759000e+00   4.3285000e+00   4.2445000e+00   7.6916000e+00   7.6094000e+00
   5.0945000e+00   5.2431000e+00   5.0896000e+00   5.1054000e+00   7.0930000e+00   7.3883000e+00
   4.7915000e+00   5.0055000e+00   4.6937000e+00   4.6181000e+00   6.5420000e+00   6.8336000e+00
   5.3028000e+00   4.8918000e+00   5.0305000e+00   4.8136000e+00   5.6195000e+00   5.8634000e+00
   7.1417000e+00   6.5729000e+00   6.6867000e+00   6.4684000e+00   5.2725000e+00   5.0240000e+00
   7.3380000e+00   7.5998000e+00   7.2411000e+00   7.2186000e+00   5.4241000e+00   5.3601000e+00
   6.9577000e+00   7.3353000e+00   7.0770000e+00   7.0244000e+00   5.3873000e+00   5.5069000e+00
   7.0113000e+00   7.1098000e+00   7.0953000e+00   6.8706000e+00   5.3962000e+00   5.5011000e+00
   7.2180000e+00   6.9549000e+00   7.2182000e+00   6.9428000e+00   5.4366000e+00   5.6564000e+00
   7.3523000e+00   7.2094000e+00   7.3763000e+00   7.1285000e+00   5.5620000e+00   5.8034000e+00
   7.5205000e+00   7.5972000e+00   7.6636000e+00   7.5172000e+00   5.4842000e+00   5.7203000e+00
   7.6674000e+00   7.6616000e+00   7.8047000e+00   7.7172000e+00   5.3697000e+00   5.7474000e+00
   7.8408000e+00   7.8383000e+00   8.0401000e+00   8.0935000e+00   5.5283000e+00   5.9279000e+00
   7.8797000e+00   7.9186000e+00   8.1426000e+00   8.2579000e+00   5.5972000e+00   5.9153000e+00
   7.8365000e+00   7.7723000e+00   7.9575000e+00   8.0908000e+00   5.4456000e+00   5.6930000e+00
   7.8488000e+00   7.5996000e+00   7.8282000e+00   7.8495000e+00   5.2455000e+00   5.4379000e+00
   7.8486000e+00   7.6972000e+00   7.9161000e+00   7.9611000e+00   5.1084000e+00   5.2908000e+00
   7.9801000e+00   7.7715000e+00   7.9871000e+00   8.0257000e+00   5.0707000e+00   5.1854000e+00
   7.8545000e+00   7.7041000e+00   7.7400000e+00   7.8286000e+00   5.0227000e+00   5.0741000e+00
   8.0845000e+00   7.5878000e+00   7.6487000e+00   7.5235000e+00   5.0119000e+00   5.1137000e+00
   8.4222000e+00   8.0164000e+00   7.9634000e+00   7.7391000e+00   5.0968000e+00   5.3037000e+00
   8.5475000e+00   8.4353000e+00   8.2803000e+00   8.1676000e+00   5.2712000e+00   5.4445000e+00
   8.4825000e+00   8.4421000e+00   8.3736000e+00   8.3771000e+00   5.4857000e+00   5.4572000e+00
   8.5847000e+00   8.5230000e+00   8.6549000e+00   8.8138000e+00   5.5530000e+00   5.4612000e+00
   8.3825000e+00   8.4135000e+00   8.6337000e+00   8.8767000e+00   5.5458000e+00   5.3478000e+00
   8.1026000e+00   8.1523000e+00   8.4036000e+00   8.6250000e+00   5.3093000e+00   5.1064000e+00
   7.8838000e+00   7.9249000e+00   8.1651000e+00   8.3297000e+00   5.1354000e+00   5.1007000e+00
   7.8031000e+00   7.9006000e+00   8.0954000e+00   8.1975000e+00   5.2512000e+00   5.1212000e+00
   7.8809000e+00   8.0363000e+00   8.2003000e+00   8.2382000e+00   5.4498000e+00   5.3320000e+00
   7.9816000e+00   8.2281000e+00   8.3423000e+00   8.3496000e+00   5.3492000e+00   5.6935000e+00
   8.0710000e+00   8.4556000e+00   8.5053000e+00   8.5568000e+00   5.0456000e+00   5.7763000e+00
   8.2405000e+00   8.7679000e+00   8.7219000e+00   8.7330000e+00   5.2736000e+00   6.0955000e+00
   8.3537000e+00   8.9116000e+00   8.7824000e+00   8.8780000e+00   5.1151000e+00   6.0220000e+00
   8.4345000e+00   8.8838000e+00   8.7469000e+00   8.8822000e+00   5.2069000e+00   5.9476000e+00
   8.1945000e+00   8.3785000e+00   8.2107000e+00   8.4978000e+00   5.5258000e+00   6.1624000e+00
   8.0474000e+00   8.6451000e+00   8.0086000e+00   8.0299000e+00   5.1319000e+00   6.7574000e+00
   6.0920000e+00   6.8262000e+00   6.3795000e+00   6.3067000e+00   5.9920000e+00   7.0348000e+00
   7.6001000e+00   6.8095000e+00   7.5031000e+00   7.5220000e+00   6.6185000e+00   9.1411000e+00
   7.4545000e+00   8.1282000e+00   8.9549000e+00   9.6417000e+00   4.6356000e+00   9.7885000e+00
   8.9401000e+00   1.0130000e+01   9.6590000e+00   9.4326000e+00   7.0049000e+00   1.0064400e+01
   1.0046900e+01   1.0611000e+01   1.0030100e+01   9.5935000e+00   9.2961000e+00   1.0451900e+01
   8.7354000e+00   1.0126300e+01   8.8643000e+00   8.5552000e+00   9.5963000e+00   1.0573200e+01
   8.0934000e+00   8.1760000e+00   7.5162000e+00   6.7391000e+00   1.0202600e+01   1.0085100e+01
   7.9871000e+00   8.1879000e+00   8.0044000e+00   7.9022000e+00   1.0044400e+01   9.6505000e+00
   7.5774000e+00   7.9627000e+00   8.7129000e+00   9.4594000e+00   9.5426000e+00   9.2284000e+00
   9.3355000e+00   8.7428000e+00   8.8514000e+00   9.1016000e+00   9.3839000e+00   8.8561000e+00
   9.0151000e+00   8.6171000e+00   8.8602000e+00   1.0346600e+01   8.4651000e+00   8.7734000e+00
   8.5135000e+00   9.6608000e+00   9.7902000e+00   1.0357500e+01   8.8333000e+00   8.6462000e+00
   9.3470000e+00   1.0119800e+01   9.6679000e+00   9.7644000e+00   9.2759000e+00   8.8716000e+00
   9.7003000e+00   9.9832000e+00   9.6313000e+00   9.4908000e+00   9.9676000e+00   8.9272000e+00
   9.1656000e+00   9.3888000e+00   9.1869000e+00   9.6581000e+00   9.0680000e+00   9.6473000e+00
   8.9116000e+00   9.7115000e+00   9.4348000e+00   9.9077000e+00   9.0713000e+00   9.8272000e+00
   9.3704000e+00   1.0126300e+01   9.7434000e+00   9.9816000e+00   8.1539000e+00   9.4416000e+00
   9.5823000e+00   1.0215600e+01   9.9021000e+00   1.0037500e+01   7.8798000e+00   8.8788000e+00
   9.6362000e+00   1.0189800e+01   9.8113000e+00   9.8744000e+00   7.8250000e+00   8.3737000e+00
   9.7675000e+00   1.0169000e+01   9.8461000e+00   9.9590000e+00   7.4816000e+00   7.8415000e+00
   9.2252000e+00   9.5330000e+00   9.4315000e+00   9.6304000e+00   6.4678000e+00   7.5457000e+00
   9.3135000e+00   9.5069000e+00   9.4707000e+00   9.6302000e+00   5.8928000e+00   7.8253000e+00
   9.3714000e+00   9.5034000e+00   9.5142000e+00   9.6323000e+00   6.0738000e+00   7.9968000e+00
   9.2532000e+00   9.4157000e+00   9.4404000e+00   9.5434000e+00   7.0451000e+00   8.3683000e+00
   9.3776000e+00   9.3767000e+00   9.6572000e+00   9.8370000e+00   8.2427000e+00   8.1298000e+00
   9.8979000e+00   1.0007000e+01   1.0087900e+01   1.0243400e+01   8.7646000e+00   8.0718000e+00
   1.0556200e+01   1.0726600e+01   1.0821600e+01   1.1057900e+01   9.5200000e+00   8.2645000e+00
   1.0800500e+01   1.1021100e+01   1.0987600e+01   1.1163600e+01   9.2799000e+00   8.1042000e+00
   1.0146100e+01   1.0506400e+01   1.0344000e+01   1.0443200e+01   9.0829000e+00   8.0957000e+00
   9.8893000e+00   1.0123100e+01   1.0081300e+01   1.0159100e+01   8.6105000e+00   8.3189000e+00
   9.4307000e+00   9.7892000e+00   9.5908000e+00   9.6403000e+00   8.5853000e+00   8.4656000e+00
   9.2400000e+00   9.4732000e+00   9.3547000e+00   9.3929000e+00   8.1139000e+00   7.9936000e+00
   9.1561000e+00   9.2993000e+00   9.1732000e+00   9.1485000e+00   7.5897000e+00   7.9167000e+00
   9.5968000e+00   9.6906000e+00   9.6148000e+00   9.5961000e+00   7.3103000e+00   8.1329000e+00
   9.9604000e+00   1.0141100e+01   9.9992000e+00   1.0065200e+01   7.2750000e+00   8.1164000e+00
   9.4307000e+00   9.6657000e+00   9.4300000e+00   9.4646000e+00   7.6638000e+00   7.9754000e+00
   8.9846000e+00   9.1978000e+00   9.0576000e+00   9.1068000e+00   8.2031000e+00   8.2980000e+00
   8.6728000e+00   8.7876000e+00   8.7373000e+00   8.7886000e+00   7.9618000e+00   7.6255000e+00
   8.7521000e+00   8.6703000e+00   8.8121000e+00   8.8730000e+00   7.4804000e+00   7.0991000e+00
   9.3486000e+00   9.2062000e+00   9.3189000e+00   9.3432000e+00   7.1538000e+00   7.1571000e+00
   8.9615000e+00   8.9079000e+00   9.0138000e+00   9.0848000e+00   7.4020000e+00   8.0030000e+00
   8.8238000e+00   8.8419000e+00   8.7535000e+00   8.7510000e+00   7.3056000e+00   8.1107000e+00
   8.4392000e+00   8.3629000e+00   8.2527000e+00   8.1724000e+00   6.8052000e+00   7.3409000e+00
   7.8484000e+00   7.8572000e+00   7.5876000e+00   7.4047000e+00   6.7582000e+00   6.7321000e+00
   7.4640000e+00   7.3711000e+00   7.3165000e+00   7.2080000e+00   6.8970000e+00   6.2865000e+00
   7.4233000e+00   7.2071000e+00   7.2767000e+00   7.2164000e+00   7.5884000e+00   6.6797000e+00
   7.6492000e+00   7.4437000e+00   7.4204000e+00   7.3443000e+00   8.0589000e+00   7.3959000e+00
   7.8318000e+00   7.6428000e+00   7.5321000e+00   7.3712000e+00   8.6473000e+00   7.8666000e+00
   7.9314000e+00   7.7327000e+00   7.6921000e+00   7.5418000e+00   8.0739000e+00   7.2736000e+00
   8.7586000e+00   8.4723000e+00   8.5818000e+00   8.4254000e+00   7.6719000e+00   7.2450000e+00
   8.2377000e+00   8.5276000e+00   8.3963000e+00   8.5683000e+00   7.4896000e+00   7.2550000e+00
   7.7157000e+00   7.6702000e+00   7.6987000e+00   7.7730000e+00   7.5510000e+00   7.1702000e+00
   7.5226000e+00   7.3012000e+00   7.4074000e+00   7.4225000e+00   7.6329000e+00   7.0484000e+00
   7.0983000e+00   6.8731000e+00   7.0064000e+00   7.0148000e+00   7.5366000e+00   6.6452000e+00
   6.7439000e+00   6.6409000e+00   6.6874000e+00   6.7618000e+00   7.5532000e+00   6.0696000e+00
   6.1012000e+00   5.8438000e+00   5.8872000e+00   5.8960000e+00   7.3294000e+00   5.7607000e+00
   5.8850000e+00   5.4644000e+00   5.5938000e+00   5.4290000e+00   7.3927000e+00   5.7446000e+00
   6.0501000e+00   5.5764000e+00   5.7376000e+00   5.6577000e+00   7.5154000e+00   5.6843000e+00
   6.5203000e+00   5.8206000e+00   6.0058000e+00   5.7795000e+00   7.3202000e+00   5.5857000e+00
   6.9721000e+00   6.3538000e+00   6.4647000e+00   6.2291000e+00   6.9089000e+00   5.2453000e+00
   7.2156000e+00   6.9783000e+00   6.9553000e+00   6.8961000e+00   6.3450000e+00   5.0234000e+00
   6.6444000e+00   6.8797000e+00   6.7481000e+00   6.8326000e+00   6.0034000e+00   4.8756000e+00
   5.9061000e+00   6.0740000e+00   6.0841000e+00   6.1834000e+00   5.5197000e+00   4.8182000e+00
   5.1733000e+00   5.3501000e+00   5.4821000e+00   5.5561000e+00   5.5039000e+00   4.6962000e+00
   4.7585000e+00   4.8939000e+00   5.0998000e+00   5.1656000e+00   5.0497000e+00   4.3500000e+00
   4.4750000e+00   4.6914000e+00   4.8672000e+00   4.9285000e+00   4.2626000e+00   3.6171000e+00
   4.2938000e+00   4.5119000e+00   4.6836000e+00   4.7458000e+00   4.3610000e+00   3.6824000e+00
   4.2832000e+00   4.4524000e+00   4.6414000e+00   4.7788000e+00   4.6961000e+00   3.9891000e+00
   3.9782000e+00   4.2052000e+00   4.3247000e+00   4.5285000e+00   4.7014000e+00   4.0428000e+00
   3.6043000e+00   3.8264000e+00   3.9323000e+00   4.1064000e+00   4.6998000e+00   4.0837000e+00
   3.2024000e+00   3.5918000e+00   3.5725000e+00   3.7381000e+00   5.0321000e+00   4.5448000e+00
   2.9887000e+00   3.2091000e+00   3.1466000e+00   3.0716000e+00   5.3452000e+00   4.8543000e+00
   2.9336000e+00   3.1694000e+00   3.0364000e+00   2.6996000e+00   5.3155000e+00   4.9390000e+00
   2.9908000e+00   3.3615000e+00   3.0770000e+00   2.4766000e+00   5.2516000e+00   5.0251000e+00
   3.0497000e+00   3.5425000e+00   3.0746000e+00   2.3574000e+00   5.1917000e+00   5.1328000e+00
   2.9656000e+00   3.5068000e+00   2.9044000e+00   2.3547000e+00   5.0598000e+00   5.1353000e+00
   2.8068000e+00   3.3717000e+00   2.7665000e+00   2.5119000e+00   4.8804000e+00   4.9264000e+00
   2.6968000e+00   3.3538000e+00   2.7936000e+00   2.8135000e+00   4.6516000e+00   4.6315000e+00
   2.7559000e+00   3.4983000e+00   2.9480000e+00   3.1715000e+00   4.4259000e+00   4.3597000e+00
   3.0370000e+00   3.7814000e+00   3.2622000e+00   3.6066000e+00   4.1876000e+00   4.1159000e+00
   3.4627000e+00   4.1869000e+00   3.7022000e+00   4.0637000e+00   4.0347000e+00   3.8916000e+00
   3.9990000e+00   4.6706000e+00   4.1701000e+00   4.4842000e+00   3.9045000e+00   3.7220000e+00
   4.4707000e+00   5.0869000e+00   4.5863000e+00   4.8311000e+00   3.7651000e+00   3.5503000e+00
   4.7849000e+00   5.3455000e+00   4.8283000e+00   4.9518000e+00   3.5887000e+00   3.3877000e+00
   4.9576000e+00   5.5000000e+00   4.9534000e+00   4.9876000e+00   3.4918000e+00   3.2924000e+00
   4.9781000e+00   5.4850000e+00   4.9635000e+00   4.9521000e+00   3.3519000e+00   3.2041000e+00
   4.9743000e+00   5.3813000e+00   4.9301000e+00   4.9024000e+00   3.1599000e+00   3.0912000e+00
   5.0744000e+00   5.4333000e+00   4.9523000e+00   4.9295000e+00   2.9979000e+00   2.9416000e+00
   5.0679000e+00   5.4393000e+00   5.0195000e+00   5.0784000e+00   2.8536000e+00   2.8564000e+00
   5.1163000e+00   5.4715000e+00   5.1091000e+00   5.2652000e+00   2.6892000e+00   2.7668000e+00
   5.1345000e+00   5.5387000e+00   5.1936000e+00   5.4214000e+00   2.5378000e+00   2.6897000e+00
   5.4004000e+00   5.9029000e+00   5.5022000e+00   5.7709000e+00   2.4027000e+00   2.5399000e+00
   5.5020000e+00   6.1433000e+00   5.6675000e+00   5.9595000e+00   2.3288000e+00   2.5039000e+00
   5.6909000e+00   6.4663000e+00   5.9157000e+00   6.2116000e+00   2.2080000e+00   2.3545000e+00
   5.8419000e+00   6.7208000e+00   6.0541000e+00   6.3130000e+00   2.2049000e+00   2.2768000e+00
   5.9733000e+00   6.9413000e+00   6.2050000e+00   6.4762000e+00   2.2266000e+00   2.3304000e+00
   6.1469000e+00   7.2727000e+00   6.5387000e+00   6.9305000e+00   2.1042000e+00   2.2941000e+00
   6.2638000e+00   7.5900000e+00   6.9561000e+00   7.4910000e+00   2.3080000e+00   2.4280000e+00
   6.6397000e+00   8.1342000e+00   7.5396000e+00   8.2389000e+00   2.3124000e+00   2.4336000e+00
   6.9994000e+00   8.9290000e+00   8.1510000e+00   9.1272000e+00   2.1917000e+00   2.6308000e+00
   7.4905000e+00   1.0230200e+01   9.1820000e+00   1.0459300e+01   2.4641000e+00   3.1041000e+00
   8.2866000e+00   1.1279200e+01   1.0223900e+01   1.1281800e+01   3.3200000e+00   4.3360000e+00
   9.6769000e+00   1.1553500e+01   1.0679900e+01   1.1049600e+01   4.0488000e+00   4.4558000e+00
   1.0229100e+01   1.1520100e+01   1.0751600e+01   1.1077300e+01   3.5922000e+00   4.5013000e+00
   1.0378800e+01   1.1407700e+01   1.0740800e+01   1.0902300e+01   3.5661000e+00   5.7877000e+00
   1.0165900e+01   1.0953700e+01   1.0432400e+01   1.0584100e+01   5.9224000e+00   6.2375000e+00
   1.0184500e+01   1.0841600e+01   1.0370600e+01   1.0475800e+01   5.3222000e+00   6.2375000e+00
   1.0144900e+01   1.0701300e+01   1.0166200e+01   1.0177500e+01   5.4782000e+00   6.5178000e+00
   9.6027000e+00   1.0197600e+01   9.8267000e+00   9.9290000e+00   6.4436000e+00   6.6171000e+00
   9.5787000e+00   1.0118200e+01   9.9061000e+00   9.9122000e+00   7.1867000e+00   7.0990000e+00
   9.9032000e+00   1.0150400e+01   1.0088900e+01   1.0124000e+01   7.0377000e+00   6.9389000e+00
   1.0054600e+01   1.0558100e+01   1.0489000e+01   1.0704100e+01   7.2664000e+00   6.9522000e+00
   1.0428700e+01   1.1001700e+01   1.0725500e+01   1.0785000e+01   7.5136000e+00   7.0761000e+00
   1.0477700e+01   1.0743000e+01   1.0555100e+01   1.0571400e+01   7.7838000e+00   7.1799000e+00
   1.0294300e+01   1.0436700e+01   1.0459000e+01   1.0555900e+01   7.8975000e+00   7.4035000e+00
   1.0496400e+01   1.0702400e+01   1.0767600e+01   1.0961300e+01   8.0253000e+00   7.6170000e+00
   1.0747300e+01   1.0936000e+01   1.0897000e+01   1.1034400e+01   8.0740000e+00   7.8213000e+00
   1.0697100e+01   1.1023000e+01   1.0733800e+01   1.0821500e+01   8.1157000e+00   8.1235000e+00
   1.0617800e+01   1.0964200e+01   1.0556500e+01   1.0615900e+01   8.2066000e+00   8.5246000e+00
   1.0475300e+01   1.0722600e+01   1.0407700e+01   1.0454900e+01   8.4230000e+00   9.0536000e+00
   1.0150100e+01   1.0473400e+01   1.0214100e+01   1.0277800e+01   8.5673000e+00   9.6310000e+00
   9.9078000e+00   1.0297800e+01   1.0033900e+01   1.0130300e+01   8.8155000e+00   9.8805000e+00
   9.6233000e+00   9.9075000e+00   9.6462000e+00   9.7226000e+00   9.3496000e+00   9.8186000e+00
   9.3380000e+00   9.5088000e+00   9.3231000e+00   9.4050000e+00   9.5323000e+00   9.5818000e+00
   9.0710000e+00   9.2400000e+00   9.0667000e+00   9.1343000e+00   9.4363000e+00   9.3075000e+00
   8.8327000e+00   9.0365000e+00   8.8844000e+00   8.9610000e+00   9.2990000e+00   9.1794000e+00
   8.6082000e+00   8.8274000e+00   8.6948000e+00   8.7724000e+00   9.1619000e+00   9.0120000e+00
   8.5731000e+00   8.7793000e+00   8.6892000e+00   8.7578000e+00   8.9851000e+00   8.8721000e+00
   8.7055000e+00   8.8923000e+00   8.8163000e+00   8.8765000e+00   8.8811000e+00   8.7269000e+00
   8.9472000e+00   8.9837000e+00   8.9014000e+00   8.8809000e+00   8.6250000e+00   8.4471000e+00
   8.9508000e+00   8.9992000e+00   8.8706000e+00   8.8700000e+00   8.5153000e+00   8.3854000e+00
   8.8310000e+00   9.0401000e+00   8.8870000e+00   8.8982000e+00   8.5200000e+00   8.3319000e+00
   8.8226000e+00   9.0694000e+00   8.9413000e+00   8.9709000e+00   8.4617000e+00   8.3067000e+00
