  -3.4443000e+00  -3.4043000e+00  -3.4588000e+00  -3.4717000e+00  -5.0259000e+00  -4.8668000e+00
  -3.3514000e+00  -3.4287000e+00  -3.4508000e+00  -3.5274000e+00  -5.2015000e+00  -5.0593000e+00
  -3.6505000e+00  -3.8127000e+00  -3.8204000e+00  -3.9414000e+00  -5.2802000e+00  -5.3900000e+00
  -4.0373000e+00  -4.0401000e+00  -4.1072000e+00  -4.1629000e+00  -5.2607000e+00  -5.4053000e+00
  -3.9763000e+00  -4.0410000e+00  -3.9909000e+00  -4.0019000e+00  -5.5536000e+00  -5.5415000e+00
  -3.7318000e+00  -3.7021000e+00  -3.9066000e+00  -3.9606000e+00  -5.7434000e+00  -5.6851000e+00
  -4.4510000e+00  -4.0914000e+00  -4.2527000e+00  -4.1032000e+00  -5.8568000e+00  -5.9264000e+00
  -5.0397000e+00  -4.6332000e+00  -4.8745000e+00  -4.7985000e+00  -6.0236000e+00  -6.1141000e+00
  -5.2924000e+00  -4.8235000e+00  -5.0851000e+00  -4.9820000e+00  -6.4801000e+00  -6.4801000e+00
  -6.2357000e+00  -5.8004000e+00  -5.8757000e+00  -5.6826000e+00  -6.5713000e+00  -6.7931000e+00
  -7.2556000e+00  -6.9850000e+00  -7.0424000e+00  -6.9481000e+00  -6.7058000e+00  -6.8716000e+00
  -7.6536000e+00  -7.6474000e+00  -7.5512000e+00  -7.5396000e+00  -6.7953000e+00  -6.9756000e+00
  -8.7567000e+00  -8.8097000e+00  -8.6988000e+00  -8.7080000e+00  -6.8677000e+00  -7.0729000e+00
  -9.4721000e+00  -9.1760000e+00  -9.2064000e+00  -9.1340000e+00  -6.8455000e+00  -7.0825000e+00
  -9.7789000e+00  -9.5743000e+00  -9.5877000e+00  -9.5444000e+00  -6.7416000e+00  -7.0306000e+00
  -9.8173000e+00  -9.5333000e+00  -9.7194000e+00  -9.7102000e+00  -6.5566000e+00  -6.8849000e+00
  -9.7911000e+00  -9.4923000e+00  -9.6083000e+00  -9.5647000e+00  -5.3118000e+00  -6.1845000e+00
  -1.0370800e+01  -9.9403000e+00  -1.0050400e+01  -9.9534000e+00  -3.7196000e+00  -5.3375000e+00
  -1.0594500e+01  -1.0094300e+01  -1.0259200e+01  -1.0151400e+01  -3.8591000e+00  -4.7746000e+00
  -9.9479000e+00  -9.4558000e+00  -9.6909000e+00  -9.5828000e+00  -6.0075000e+00  -4.6968000e+00
  -9.1927000e+00  -8.7510000e+00  -9.0898000e+00  -9.0472000e+00  -6.2401000e+00  -5.0008000e+00
  -9.2059000e+00  -8.6910000e+00  -9.0198000e+00  -8.9566000e+00  -6.6852000e+00  -6.4850000e+00
  -9.7129000e+00  -9.2332000e+00  -9.9049000e+00  -1.0051300e+01  -6.9021000e+00  -6.8936000e+00
  -1.0576000e+01  -1.0337200e+01  -1.0323400e+01  -1.0225500e+01  -6.9250000e+00  -7.2346000e+00
  -1.0613900e+01  -1.0720900e+01  -1.0461600e+01  -1.0447400e+01  -7.1868000e+00  -7.2942000e+00
  -1.0449300e+01  -1.0221100e+01  -1.0104900e+01  -9.9651000e+00  -7.0891000e+00  -7.3945000e+00
  -1.0340600e+01  -9.8941000e+00  -1.0077500e+01  -9.9223000e+00  -6.8903000e+00  -6.9500000e+00
  -9.7246000e+00  -9.5868000e+00  -9.6985000e+00  -9.6263000e+00  -6.9805000e+00  -6.5295000e+00
  -9.4481000e+00  -9.7936000e+00  -9.6004000e+00  -9.9046000e+00  -6.5721000e+00  -6.1427000e+00
  -1.0159500e+01  -1.3069000e+01  -1.2081000e+01  -1.3057500e+01  -5.8524000e+00  -5.8903000e+00
  -1.3070300e+01  -1.2917600e+01  -1.2716200e+01  -1.2591400e+01  -5.4077000e+00  -5.5397000e+00
  -1.2472300e+01  -1.2257500e+01  -1.2190500e+01  -1.2154500e+01  -4.7044000e+00  -5.3210000e+00
  -1.2187400e+01  -1.2085100e+01  -1.2037400e+01  -1.2081700e+01  -4.0466000e+00  -4.9132000e+00
  -1.1909100e+01  -1.1812500e+01  -1.1681300e+01  -1.1711300e+01  -3.3707000e+00  -4.3821000e+00
  -1.1666800e+01  -1.1843900e+01  -1.1556500e+01  -1.1645300e+01  -2.8990000e+00  -3.8195000e+00
  -1.1113000e+01  -1.1552800e+01  -1.1100500e+01  -1.1174600e+01  -2.3784000e+00  -3.1824000e+00
  -1.0681200e+01  -1.1147500e+01  -1.0750800e+01  -1.0797200e+01  -2.2541000e+00  -2.4711000e+00
  -1.0405800e+01  -1.0788100e+01  -1.0473600e+01  -1.0519700e+01  -2.1552000e+00  -1.2478000e+00
  -1.0440700e+01  -1.0535200e+01  -1.0476900e+01  -1.0474900e+01  -1.7828000e+00  -1.6480000e-01
  -1.0404600e+01  -1.0387900e+01  -1.0502600e+01  -1.0558400e+01   8.9600000e-02   7.0000000e-01
  -1.0318300e+01  -1.0336300e+01  -1.0431900e+01  -1.0519300e+01   7.9400000e-01   1.4827000e+00
  -1.0319900e+01  -1.0322800e+01  -1.0364600e+01  -1.0417200e+01   1.1775000e+00   2.3339000e+00
  -1.0223900e+01  -1.0310300e+01  -1.0227800e+01  -1.0227100e+01   1.7971000e+00   2.9546000e+00
  -1.0191300e+01  -1.0281800e+01  -1.0197600e+01  -1.0158000e+01   2.4444000e+00   2.9181000e+00
  -1.0223600e+01  -1.0202800e+01  -1.0164200e+01  -1.0118900e+01   2.8176000e+00   2.8059000e+00
  -1.0532400e+01  -1.0370300e+01  -1.0458100e+01  -1.0400000e+01   3.0032000e+00   2.7143000e+00
  -1.0732300e+01  -1.0589100e+01  -1.0728500e+01  -1.0778600e+01   3.2825000e+00   2.5440000e+00
  -1.0765100e+01  -1.0984100e+01  -1.0999100e+01  -1.1191500e+01   1.2647000e+00   2.6875000e+00
  -1.1329400e+01  -1.1269900e+01  -1.1067300e+01  -1.0943300e+01  -1.7535000e+00   2.7487000e+00
  -1.0958500e+01  -1.0896300e+01  -1.0757700e+01  -1.0585700e+01  -2.6915000e+00   2.6164000e+00
  -1.0174200e+01  -1.0111600e+01  -1.0092300e+01  -1.0009300e+01  -2.7297000e+00   2.2593000e+00
  -9.5908000e+00  -9.6555000e+00  -9.8092000e+00  -9.8854000e+00  -3.3846000e+00   1.6922000e+00
  -9.8077000e+00  -9.5602000e+00  -9.8134000e+00  -9.8828000e+00  -3.5264000e+00   1.3775000e+00
  -1.0325400e+01  -9.8727000e+00  -1.0118900e+01  -1.0009300e+01  -3.1253000e+00   4.1590000e-01
  -1.0332800e+01  -1.0136400e+01  -1.0262200e+01  -1.0149600e+01  -2.5748000e+00  -1.2772000e+00
  -1.0405700e+01  -1.0588500e+01  -1.0515500e+01  -1.0470600e+01  -2.3749000e+00  -3.7488000e+00
  -1.0888600e+01  -1.0748400e+01  -1.0781800e+01  -1.0674500e+01  -2.4644000e+00  -5.2053000e+00
  -1.0876800e+01  -1.0794000e+01  -1.0857900e+01  -1.0790300e+01  -2.6653000e+00  -5.0613000e+00
  -1.0736700e+01  -1.0630000e+01  -1.0813000e+01  -1.0789400e+01  -2.7793000e+00  -4.4845000e+00
  -1.0887100e+01  -1.0878000e+01  -1.0974600e+01  -1.0976400e+01  -3.5640000e+00  -4.4460000e+00
  -1.1176100e+01  -1.1245100e+01  -1.1261300e+01  -1.1268800e+01  -5.7093000e+00  -4.7057000e+00
  -1.1342900e+01  -1.1339500e+01  -1.1362000e+01  -1.1365700e+01  -6.9397000e+00  -5.0186000e+00
  -1.0956500e+01  -1.0999300e+01  -1.1128900e+01  -1.1225400e+01  -6.6286000e+00  -5.4415000e+00
  -1.0574800e+01  -1.0724500e+01  -1.0908100e+01  -1.1061700e+01  -6.8362000e+00  -5.4882000e+00
  -1.0426400e+01  -1.0443400e+01  -1.0637900e+01  -1.0781100e+01  -7.8479000e+00  -5.9099000e+00
  -1.0552700e+01  -1.0467900e+01  -1.0515500e+01  -1.0568000e+01  -9.1237000e+00  -6.4369000e+00
  -1.0567300e+01  -1.0452500e+01  -1.0491900e+01  -1.0474800e+01  -9.3831000e+00  -6.9542000e+00
  -1.0614600e+01  -1.0738500e+01  -1.0724200e+01  -1.0760400e+01  -8.9441000e+00  -6.7590000e+00
  -1.0640300e+01  -1.0784300e+01  -1.0811600e+01  -1.0933600e+01  -9.6869000e+00  -7.5629000e+00
  -1.0366000e+01  -1.0508000e+01  -1.0641200e+01  -1.0843600e+01  -9.4839000e+00  -8.4272000e+00
  -1.0218100e+01  -1.0339200e+01  -1.0426800e+01  -1.0594100e+01  -9.5044000e+00  -8.6388000e+00
  -1.0204200e+01  -1.0328800e+01  -1.0400900e+01  -1.0560100e+01  -9.2499000e+00  -9.4281000e+00
  -1.0146600e+01  -1.0247400e+01  -1.0300600e+01  -1.0427800e+01  -8.9400000e+00  -1.0071300e+01
  -1.0092700e+01  -1.0114100e+01  -1.0121500e+01  -1.0152200e+01  -8.5248000e+00  -9.3169000e+00
  -9.9680000e+00  -9.9511000e+00  -9.9673000e+00  -9.9975000e+00  -8.2902000e+00  -9.1835000e+00
  -9.9931000e+00  -9.8295000e+00  -9.9152000e+00  -9.8771000e+00  -7.9750000e+00  -8.5700000e+00
  -9.8065000e+00  -9.8465000e+00  -9.9464000e+00  -1.0008500e+01  -8.0303000e+00  -7.9584000e+00
  -9.2870000e+00  -9.4317000e+00  -9.6234000e+00  -9.8394000e+00  -7.9233000e+00  -7.3595000e+00
  -9.3006000e+00  -9.2838000e+00  -9.3799000e+00  -9.4859000e+00  -7.2052000e+00  -7.0862000e+00
  -9.2508000e+00  -9.2451000e+00  -9.3352000e+00  -9.4232000e+00  -6.4180000e+00  -7.0055000e+00
  -9.0348000e+00  -9.1828000e+00  -9.0907000e+00  -9.1829000e+00  -6.2052000e+00  -6.9653000e+00
  -8.8438000e+00  -8.9120000e+00  -8.8672000e+00  -8.9167000e+00  -6.3683000e+00  -6.6003000e+00
  -8.7449000e+00  -8.7752000e+00  -8.8037000e+00  -8.8493000e+00  -6.1497000e+00  -6.1806000e+00
  -8.4862000e+00  -8.5670000e+00  -8.5979000e+00  -8.6628000e+00  -5.8534000e+00  -5.6997000e+00
  -8.1492000e+00  -8.2290000e+00  -8.3204000e+00  -8.4273000e+00  -5.5662000e+00  -5.2851000e+00
  -7.8017000e+00  -7.9768000e+00  -8.0346000e+00  -8.2145000e+00  -5.4705000e+00  -5.1785000e+00
  -7.5045000e+00  -7.5932000e+00  -7.6700000e+00  -7.8092000e+00  -5.4960000e+00  -5.0890000e+00
  -7.2196000e+00  -7.3024000e+00  -7.3587000e+00  -7.4464000e+00  -5.6729000e+00  -5.0043000e+00
  -6.7912000e+00  -6.9134000e+00  -6.9547000e+00  -7.0518000e+00  -5.5395000e+00  -4.8251000e+00
  -6.4606000e+00  -6.5497000e+00  -6.6003000e+00  -6.6967000e+00  -5.4302000e+00  -4.6843000e+00
  -6.2802000e+00  -6.3723000e+00  -6.4088000e+00  -6.4761000e+00  -5.4448000e+00  -4.5782000e+00
  -6.0709000e+00  -6.1858000e+00  -6.2039000e+00  -6.2960000e+00  -5.4681000e+00  -4.4719000e+00
  -5.9619000e+00  -6.0258000e+00  -6.0616000e+00  -6.1478000e+00  -5.3053000e+00  -4.2288000e+00
  -6.0374000e+00  -6.1275000e+00  -6.0955000e+00  -6.1536000e+00  -5.1555000e+00  -4.2510000e+00
  -6.0103000e+00  -6.1384000e+00  -5.9821000e+00  -5.9958000e+00  -5.1168000e+00  -4.4245000e+00
  -5.7768000e+00  -5.9982000e+00  -5.7887000e+00  -5.8311000e+00  -5.0024000e+00  -4.5156000e+00
  -5.7885000e+00  -6.0049000e+00  -5.8253000e+00  -5.8554000e+00  -4.7296000e+00  -4.2874000e+00
  -5.7159000e+00  -5.9388000e+00  -5.7511000e+00  -5.7696000e+00  -4.3675000e+00  -3.9779000e+00
  -5.7486000e+00  -5.8975000e+00  -5.7080000e+00  -5.6744000e+00  -4.0422000e+00  -3.8551000e+00
  -5.6476000e+00  -5.8180000e+00  -5.6279000e+00  -5.6151000e+00  -3.9183000e+00  -3.6730000e+00
  -5.4250000e+00  -5.6091000e+00  -5.4865000e+00  -5.5225000e+00  -3.8714000e+00  -3.5463000e+00
  -5.3863000e+00  -5.5720000e+00  -5.4783000e+00  -5.5465000e+00  -3.9385000e+00  -3.5360000e+00
  -5.6789000e+00  -5.7771000e+00  -5.7427000e+00  -5.7814000e+00  -4.0839000e+00  -3.6101000e+00
  -5.6808000e+00  -5.7427000e+00  -5.7137000e+00  -5.7349000e+00  -4.2471000e+00  -3.5797000e+00
  -5.4455000e+00  -5.5612000e+00  -5.5127000e+00  -5.5748000e+00  -4.3325000e+00  -3.5795000e+00
  -5.1944000e+00  -5.2301000e+00  -5.1994000e+00  -5.1904000e+00  -4.4077000e+00  -3.4913000e+00
  -4.9500000e+00  -4.9210000e+00  -4.9289000e+00  -4.8914000e+00  -4.5627000e+00  -3.3756000e+00
  -4.6752000e+00  -4.6151000e+00  -4.6665000e+00  -4.6678000e+00  -4.5117000e+00  -3.2717000e+00
  -4.5417000e+00  -4.5621000e+00  -4.5808000e+00  -4.6044000e+00  -4.4838000e+00  -3.2143000e+00
  -4.5829000e+00  -4.4875000e+00  -4.5478000e+00  -4.5115000e+00  -4.4399000e+00  -3.1658000e+00
  -4.5408000e+00  -4.5095000e+00  -4.5516000e+00  -4.5847000e+00  -4.3410000e+00  -3.1602000e+00
  -4.4827000e+00  -4.4317000e+00  -4.4679000e+00  -4.4805000e+00  -4.3720000e+00  -3.2654000e+00
  -4.5147000e+00  -4.4467000e+00  -4.4868000e+00  -4.4663000e+00  -4.6130000e+00  -3.6004000e+00
  -4.4348000e+00  -4.4848000e+00  -4.4351000e+00  -4.3718000e+00  -4.7934000e+00  -3.8506000e+00
  -4.2592000e+00  -4.3509000e+00  -4.3504000e+00  -4.3840000e+00  -4.4766000e+00  -3.9250000e+00
  -4.2951000e+00  -4.2532000e+00  -4.3287000e+00  -4.3498000e+00  -3.7024000e+00  -3.3934000e+00
  -4.3879000e+00  -4.4967000e+00  -4.5660000e+00  -4.6500000e+00  -3.2177000e+00  -2.9791000e+00
  -4.7484000e+00  -4.7951000e+00  -4.8674000e+00  -4.9473000e+00  -2.9922000e+00  -2.6321000e+00
  -5.0365000e+00  -5.0429000e+00  -5.0933000e+00  -5.1406000e+00  -2.9405000e+00  -2.6309000e+00
  -5.2193000e+00  -5.3130000e+00  -5.3869000e+00  -5.4949000e+00  -3.0583000e+00  -2.9404000e+00
  -5.3979000e+00  -5.5879000e+00  -5.5666000e+00  -5.6708000e+00  -3.0637000e+00  -2.9662000e+00
  -5.4186000e+00  -5.6490000e+00  -5.6673000e+00  -5.8316000e+00  -2.9928000e+00  -2.6657000e+00
  -5.4151000e+00  -5.5616000e+00  -5.6031000e+00  -5.7456000e+00  -2.7669000e+00  -2.7361000e+00
  -5.5384000e+00  -5.6076000e+00  -5.6688000e+00  -5.7720000e+00  -2.5510000e+00  -2.4943000e+00
  -5.7222000e+00  -5.7519000e+00  -5.7736000e+00  -5.8283000e+00  -2.4146000e+00  -2.4723000e+00
  -6.0029000e+00  -5.9686000e+00  -6.0253000e+00  -6.0493000e+00  -2.2293000e+00  -2.3937000e+00
  -6.1782000e+00  -6.1581000e+00  -6.2428000e+00  -6.2968000e+00  -1.9632000e+00  -2.2786000e+00
  -6.3194000e+00  -6.2677000e+00  -6.3863000e+00  -6.4203000e+00  -1.6482000e+00  -1.9988000e+00
  -6.4201000e+00  -6.3842000e+00  -6.5563000e+00  -6.6115000e+00  -1.3399000e+00  -1.8334000e+00
  -6.8223000e+00  -6.7916000e+00  -6.9016000e+00  -6.9252000e+00  -1.1599000e+00  -1.7724000e+00
  -7.2314000e+00  -7.1730000e+00  -7.2856000e+00  -7.2803000e+00  -1.0931000e+00  -1.9199000e+00
  -7.6945000e+00  -7.5926000e+00  -7.6945000e+00  -7.6692000e+00  -9.9840000e-01  -1.8289000e+00
  -8.2056000e+00  -8.1440000e+00  -8.1880000e+00  -8.1389000e+00  -1.0415000e+00  -1.5424000e+00
  -8.3708000e+00  -8.3157000e+00  -8.4392000e+00  -8.4501000e+00  -8.1380000e-01  -1.0929000e+00
  -8.3258000e+00  -8.2663000e+00  -8.4250000e+00  -8.4641000e+00  -3.5480000e-01  -8.8390000e-01
  -8.4065000e+00  -8.4135000e+00  -8.5774000e+00  -8.6269000e+00   7.9700000e-02  -2.4440000e-01
  -8.8366000e+00  -8.7410000e+00  -9.0155000e+00  -9.1246000e+00   2.5170000e-01  -3.8600000e-01
  -8.8415000e+00  -9.1030000e+00  -9.2111000e+00  -9.4334000e+00  -3.3650000e-01  -1.1554000e+00
  -8.8716000e+00  -8.8938000e+00  -9.0030000e+00  -9.0916000e+00  -5.2340000e-01  -1.4755000e+00
  -9.0176000e+00  -8.8618000e+00  -9.0795000e+00  -9.0955000e+00  -5.4180000e-01  -1.4057000e+00
  -9.5847000e+00  -9.3416000e+00  -9.5330000e+00  -9.4254000e+00   4.8510000e-01  -1.2167000e+00
  -9.8831000e+00  -9.7651000e+00  -9.8572000e+00  -9.7482000e+00   4.7410000e-01  -1.2690000e+00
  -9.7019000e+00  -9.7931000e+00  -9.7630000e+00  -9.7296000e+00  -8.1740000e-01  -1.7047000e+00
  -8.9747000e+00  -8.8562000e+00  -9.0518000e+00  -9.1032000e+00  -1.0890000e+00  -1.8272000e+00
  -9.3161000e+00  -8.8921000e+00  -9.3570000e+00  -9.4018000e+00  -7.4830000e-01  -2.3287000e+00
  -9.1671000e+00  -8.9383000e+00  -9.3369000e+00  -9.4974000e+00  -1.1461000e+00  -3.6187000e+00
  -9.3086000e+00  -8.9589000e+00  -9.2422000e+00  -9.2660000e+00  -1.5665000e+00  -4.8530000e+00
  -9.8151000e+00  -9.2523000e+00  -9.3333000e+00  -9.0166000e+00  -1.2992000e+00  -5.5600000e+00
  -9.7312000e+00  -9.1492000e+00  -9.1297000e+00  -8.8819000e+00  -3.7440000e-01  -4.4457000e+00
  -8.7719000e+00  -8.8174000e+00  -8.6933000e+00  -8.6965000e+00  -1.1659000e+00  -3.7118000e+00
  -7.7918000e+00  -7.5634000e+00  -7.6477000e+00  -7.5590000e+00  -1.9247000e+00  -4.4433000e+00
  -7.9549000e+00  -7.7073000e+00  -7.5415000e+00  -7.3171000e+00  -2.6977000e+00  -4.5787000e+00
  -7.7500000e+00  -7.3525000e+00  -7.6457000e+00  -7.5070000e+00  -4.0179000e+00  -4.1544000e+00
  -7.4887000e+00  -6.9628000e+00  -7.2061000e+00  -7.1344000e+00  -4.6778000e+00  -4.5979000e+00
  -7.2619000e+00  -7.0401000e+00  -7.1680000e+00  -6.8813000e+00  -3.9990000e+00  -4.1576000e+00
  -6.3132000e+00  -6.5555000e+00  -6.8628000e+00  -7.1828000e+00  -4.3980000e+00  -4.2211000e+00
  -5.9808000e+00  -6.0151000e+00  -5.9087000e+00  -5.8848000e+00  -4.8121000e+00  -5.0359000e+00
  -6.1479000e+00  -6.3266000e+00  -5.8807000e+00  -5.6983000e+00  -4.6464000e+00  -5.3048000e+00
  -6.0802000e+00  -6.5846000e+00  -6.1869000e+00  -6.3248000e+00  -3.8133000e+00  -5.1048000e+00
  -6.0603000e+00  -6.0058000e+00  -5.4984000e+00  -5.3040000e+00  -2.4327000e+00  -4.4792000e+00
  -5.3075000e+00  -5.3541000e+00  -4.7969000e+00  -4.7015000e+00  -1.4813000e+00  -3.1502000e+00
  -5.2176000e+00  -5.5659000e+00  -5.0384000e+00  -5.1024000e+00  -1.1401000e+00  -1.3706000e+00
  -5.3860000e+00  -5.2918000e+00  -5.3222000e+00  -5.1141000e+00  -1.1308000e+00  -4.8430000e-01
  -4.3773000e+00  -4.3506000e+00  -4.6578000e+00  -4.7909000e+00  -1.4006000e+00   9.4300000e-02
  -5.0775000e+00  -4.9972000e+00  -5.1385000e+00  -5.0760000e+00  -1.6946000e+00   2.0520000e-01
  -5.7458000e+00  -6.0924000e+00  -5.9283000e+00  -6.0789000e+00  -2.4187000e+00   2.2360000e-01
  -4.6287000e+00  -5.3309000e+00  -5.4127000e+00  -5.7906000e+00  -2.8034000e+00  -8.8400000e-02
  -9.2800000e-02  -1.1483000e+00  -2.6014000e+00  -3.5924000e+00  -3.1355000e+00  -2.1830000e-01
   4.2152000e+00   2.8688000e+00   2.1388000e+00   3.5680000e-01  -3.2000000e+00  -9.2200000e-02
   2.9440000e+00   1.5544000e+00   2.5263000e+00   2.6691000e+00  -1.1132000e+00  -4.2900000e-01
   1.7431000e+00   6.6660000e-01   2.3326000e+00   2.6508000e+00  -7.8200000e-02  -1.4616000e+00
   2.9610000e-01  -3.7310000e-01   9.2510000e-01   1.0892000e+00  -3.6330000e-01  -2.0547000e+00
  -3.7120000e-01  -8.7040000e-01   3.3840000e-01   6.1520000e-01  -1.0609000e+00  -1.8402000e+00
  -5.1830000e-01  -1.1066000e+00  -1.7560000e-01  -6.0700000e-02  -1.5119000e+00  -1.1923000e+00
  -7.7510000e-01  -1.3728000e+00  -5.3250000e-01  -4.4980000e-01  -1.1256000e+00  -6.1330000e-01
  -9.8030000e-01  -1.5193000e+00  -8.4690000e-01  -8.4770000e-01  -9.2490000e-01  -2.9000000e-01
  -1.0762000e+00  -1.4554000e+00  -9.7220000e-01  -9.9250000e-01  -6.8060000e-01   2.2210000e-01
  -1.0378000e+00  -1.3958000e+00  -1.0393000e+00  -1.1656000e+00  -3.1500000e-01   7.7030000e-01
  -9.3570000e-01  -1.3969000e+00  -1.2685000e+00  -1.5690000e+00   3.0810000e-01   1.1096000e+00
  -1.3917000e+00  -1.9689000e+00  -1.8386000e+00  -2.1695000e+00   6.8760000e-01   1.0686000e+00
  -1.9298000e+00  -2.5943000e+00  -2.2755000e+00  -2.5437000e+00   8.5940000e-01   5.4420000e-01
  -2.2322000e+00  -2.8174000e+00  -2.4050000e+00  -2.5774000e+00   8.4280000e-01  -1.0200000e-02
  -2.3563000e+00  -2.8343000e+00  -2.4929000e+00  -2.6459000e+00   5.5730000e-01  -2.4340000e-01
  -2.4201000e+00  -2.8968000e+00  -2.5324000e+00  -2.6484000e+00   3.1660000e-01  -1.5860000e-01
  -2.4797000e+00  -2.8826000e+00  -2.5148000e+00  -2.5920000e+00   2.5510000e-01   3.9400000e-02
  -2.2946000e+00  -2.6395000e+00  -2.3235000e+00  -2.3557000e+00   4.9140000e-01   3.0130000e-01
  -1.9211000e+00  -2.3141000e+00  -2.1020000e+00  -2.2207000e+00   9.8210000e-01   8.0270000e-01
  -1.7727000e+00  -2.1492000e+00  -2.0809000e+00  -2.2726000e+00   1.2664000e+00   1.4236000e+00
  -2.0733000e+00  -2.3158000e+00  -2.2931000e+00  -2.4355000e+00   1.6186000e+00   1.9622000e+00
  -2.2116000e+00  -2.4118000e+00  -2.2729000e+00  -2.3435000e+00   1.9401000e+00   2.2648000e+00
  -2.0520000e+00  -2.1538000e+00  -2.0302000e+00  -2.0496000e+00   1.6884000e+00   2.4246000e+00
  -1.8887000e+00  -1.9361000e+00  -1.8593000e+00  -1.8610000e+00   1.2379000e+00   2.2587000e+00
  -1.7457000e+00  -1.8398000e+00  -1.7906000e+00  -1.8171000e+00   8.5380000e-01   1.6584000e+00
  -1.4098000e+00  -1.4840000e+00  -1.3588000e+00  -1.3221000e+00   2.7760000e-01   8.4530000e-01
  -1.0622000e+00  -1.0698000e+00  -9.8120000e-01  -9.3400000e-01  -3.6060000e-01   3.4200000e-02
  -9.2400000e-01  -8.8510000e-01  -8.3900000e-01  -7.7720000e-01  -8.9130000e-01  -5.3390000e-01
  -7.9930000e-01  -7.2320000e-01  -6.9360000e-01  -6.2390000e-01  -1.1676000e+00  -1.1707000e+00
  -5.5110000e-01  -4.9680000e-01  -4.3010000e-01  -3.7720000e-01  -1.5562000e+00  -1.9278000e+00
  -1.8220000e-01  -1.8450000e-01  -7.7500000e-02  -5.4900000e-02  -2.0436000e+00  -2.5819000e+00
   2.4540000e-01   2.5290000e-01   3.2870000e-01   3.4240000e-01  -2.5272000e+00  -3.1507000e+00
   6.0840000e-01   6.9990000e-01   7.2220000e-01   7.8710000e-01  -2.8370000e+00  -3.4231000e+00
   8.4120000e-01   9.8490000e-01   9.7990000e-01   1.0851000e+00  -3.0978000e+00  -3.4484000e+00
   9.8000000e-01   1.0775000e+00   1.1267000e+00   1.2232000e+00  -3.3462000e+00  -3.5589000e+00
   1.3677000e+00   1.2226000e+00   1.4644000e+00   1.5289000e+00  -3.5339000e+00  -3.7679000e+00
   1.7267000e+00   1.7446000e+00   1.9077000e+00   2.0487000e+00  -3.6120000e+00  -3.8367000e+00
   1.6868000e+00   1.9383000e+00   1.9694000e+00   2.1921000e+00  -3.3608000e+00  -3.7862000e+00
   1.3048000e+00   1.6136000e+00   1.5851000e+00   1.8088000e+00  -3.0693000e+00  -3.6130000e+00
   1.0964000e+00   1.2912000e+00   1.2994000e+00   1.4576000e+00  -2.8180000e+00  -3.1156000e+00
   1.0501000e+00   1.2810000e+00   1.2716000e+00   1.4215000e+00  -2.2825000e+00  -2.6652000e+00
   6.2860000e-01   9.8520000e-01   8.6720000e-01   1.0242000e+00  -1.4969000e+00  -1.8711000e+00
   3.8130000e-01   6.3450000e-01   5.9280000e-01   7.1360000e-01  -9.3390000e-01  -8.2850000e-01
   3.0900000e-01   3.9090000e-01   4.6560000e-01   5.1950000e-01  -2.4150000e-01   1.7700000e-02
   4.7600000e-01   3.4040000e-01   5.7160000e-01   5.9260000e-01   6.3290000e-01   3.3450000e-01
   7.4020000e-01   8.1420000e-01   9.2950000e-01   1.0604000e+00   1.7236000e+00   9.9600000e-01
   7.2850000e-01   8.6930000e-01   8.5940000e-01   9.6550000e-01   2.3435000e+00   1.6552000e+00
   1.0403000e+00   5.7580000e-01   8.3100000e-01   8.1480000e-01   3.0656000e+00   2.4687000e+00
   2.0475000e+00   1.2374000e+00   1.6708000e+00   1.4755000e+00   3.7711000e+00   3.4026000e+00
   2.6783000e+00   2.1353000e+00   2.3695000e+00   2.1563000e+00   4.1283000e+00   3.9409000e+00
   3.1238000e+00   2.7537000e+00   2.9978000e+00   2.9132000e+00   4.2002000e+00   4.0804000e+00
   3.7014000e+00   3.2539000e+00   3.5277000e+00   3.4601000e+00   4.1474000e+00   4.2929000e+00
   4.3157000e+00   3.9210000e+00   4.2373000e+00   4.2665000e+00   4.4407000e+00   4.4013000e+00
   4.7033000e+00   4.4060000e+00   4.6790000e+00   4.7843000e+00   4.5657000e+00   4.4166000e+00
   4.9092000e+00   4.5558000e+00   4.7809000e+00   4.8923000e+00   4.4385000e+00   4.3896000e+00
   5.1022000e+00   4.6054000e+00   4.8743000e+00   4.8666000e+00   4.3441000e+00   4.3565000e+00
   5.2905000e+00   4.8129000e+00   5.0575000e+00   5.0424000e+00   4.3167000e+00   4.3526000e+00
   5.5621000e+00   5.0285000e+00   5.3249000e+00   5.3260000e+00   4.3539000e+00   4.3281000e+00
   5.7992000e+00   5.3372000e+00   5.4741000e+00   5.5041000e+00   4.3290000e+00   4.2711000e+00
   6.2961000e+00   5.6623000e+00   5.7285000e+00   5.5334000e+00   4.3105000e+00   4.2703000e+00
   6.5152000e+00   6.1471000e+00   6.0306000e+00   5.8072000e+00   4.2380000e+00   4.2603000e+00
   6.3386000e+00   6.2433000e+00   5.9964000e+00   5.8822000e+00   4.0856000e+00   4.1249000e+00
   5.9439000e+00   5.8677000e+00   5.6209000e+00   5.5436000e+00   3.9544000e+00   3.9325000e+00
   5.5883000e+00   5.3953000e+00   5.2850000e+00   5.2898000e+00   3.8321000e+00   3.7429000e+00
   5.1730000e+00   4.9181000e+00   4.9486000e+00   5.0482000e+00   3.7313000e+00   3.5117000e+00
   4.8928000e+00   4.5567000e+00   4.7221000e+00   4.8912000e+00   3.4124000e+00   3.0567000e+00
   4.6025000e+00   4.2001000e+00   4.4021000e+00   4.5796000e+00   2.9606000e+00   2.5997000e+00
   4.2837000e+00   3.8591000e+00   4.0499000e+00   4.2022000e+00   2.5340000e+00   2.1246000e+00
   3.9958000e+00   3.5281000e+00   3.8054000e+00   3.9740000e+00   2.2880000e+00   1.7710000e+00
   3.6957000e+00   3.2330000e+00   3.6157000e+00   3.8349000e+00   2.1407000e+00   1.2451000e+00
   3.2891000e+00   2.8535000e+00   3.3029000e+00   3.6627000e+00   1.7940000e+00   6.8670000e-01
   3.0369000e+00   2.4434000e+00   2.9760000e+00   3.4424000e+00   1.8396000e+00   6.8170000e-01
   3.1037000e+00   2.4682000e+00   2.8877000e+00   3.3090000e+00   1.5521000e+00   3.9580000e-01
   3.9095000e+00   3.0056000e+00   3.1811000e+00   3.3400000e+00   1.1339000e+00   3.4000000e-02
   4.9105000e+00   4.2451000e+00   3.7482000e+00   3.4104000e+00   7.7150000e-01  -1.9600000e-01
   5.4704000e+00   5.8939000e+00   5.1424000e+00   4.6746000e+00   6.3120000e-01  -1.0703000e+00
   3.2126000e+00   4.5680000e+00   3.6836000e+00   3.7100000e+00  -1.6959000e+00  -8.7620000e-01
   3.1107000e+00   3.0449000e+00   2.6057000e+00   2.1722000e+00  -2.9483000e+00  -8.9310000e-01
   1.8413000e+00   1.0405000e+00   7.0880000e-01   5.4300000e-01  -1.9890000e+00  -1.2799000e+00
   8.1550000e-01   2.9810000e-01   9.1830000e-01   1.2783000e+00  -5.9450000e-01  -1.4405000e+00
   6.1950000e-01   7.2470000e-01   1.4838000e+00   2.1443000e+00  -6.1050000e-01  -1.6585000e+00
   1.1692000e+00   1.0797000e+00   1.7916000e+00   2.7179000e+00  -6.4120000e-01  -1.7718000e+00
   3.7067000e+00   2.6620000e+00   2.7241000e+00   1.7878000e+00  -7.3660000e-01  -1.7966000e+00
   3.7290000e+00   3.8499000e+00   2.5040000e+00   1.5776000e+00  -8.1460000e-01  -1.6055000e+00
   1.6313000e+00   1.8093000e+00   7.6490000e-01   4.7270000e-01  -1.0954000e+00  -1.8633000e+00
   1.0283000e+00   8.7180000e-01   7.0950000e-01  -3.0120000e-01  -1.3309000e+00  -1.8052000e+00
   2.6810000e-01   1.1840000e-01  -1.0074000e+00  -1.9651000e+00  -1.8000000e+00  -2.3986000e+00
  -2.1862000e+00  -2.6497000e+00  -2.6934000e+00  -2.8153000e+00  -2.2539000e+00  -1.9959000e+00
  -2.6179000e+00  -2.7490000e+00  -2.8317000e+00  -2.8717000e+00  -2.7939000e+00  -1.7747000e+00
  -2.9457000e+00  -3.1274000e+00  -3.2176000e+00  -3.4368000e+00  -3.1525000e+00  -1.9588000e+00
  -3.0123000e+00  -3.4527000e+00  -3.3535000e+00  -3.5497000e+00  -2.6940000e+00  -2.2694000e+00
  -3.3077000e+00  -3.6258000e+00  -3.5929000e+00  -3.7903000e+00  -2.1109000e+00  -2.6710000e+00
  -3.6524000e+00  -3.9776000e+00  -3.9311000e+00  -4.0644000e+00  -2.0599000e+00  -2.8683000e+00
  -3.8870000e+00  -4.1025000e+00  -4.1130000e+00  -4.2086000e+00  -1.8414000e+00  -2.8613000e+00
  -3.5468000e+00  -3.7936000e+00  -3.6700000e+00  -3.6891000e+00  -1.8823000e+00  -3.1285000e+00
  -3.3876000e+00  -3.5441000e+00  -3.4397000e+00  -3.4270000e+00  -2.2310000e+00  -3.5006000e+00
  -3.2607000e+00  -3.3309000e+00  -3.3236000e+00  -3.3333000e+00  -2.1110000e+00  -3.5854000e+00
  -3.3441000e+00  -3.3224000e+00  -3.3536000e+00  -3.3489000e+00  -2.3850000e+00  -3.9257000e+00
  -3.4443000e+00  -3.4064000e+00  -3.4761000e+00  -3.4857000e+00  -2.4687000e+00  -3.8239000e+00
  -3.5522000e+00  -3.5941000e+00  -3.6190000e+00  -3.6496000e+00  -2.3798000e+00  -3.0568000e+00
  -3.1910000e+00  -3.3081000e+00  -3.2826000e+00  -3.3242000e+00  -2.6948000e+00  -2.6343000e+00
  -2.6164000e+00  -2.7336000e+00  -2.6996000e+00  -2.7246000e+00  -2.8155000e+00  -2.0053000e+00
  -2.4674000e+00  -2.4468000e+00  -2.4527000e+00  -2.4165000e+00  -2.4130000e+00  -1.1349000e+00
  -2.4694000e+00  -2.4216000e+00  -2.4246000e+00  -2.3707000e+00  -2.3171000e+00  -8.0020000e-01
  -1.8674000e+00  -1.9031000e+00  -1.9189000e+00  -1.9052000e+00  -1.8667000e+00  -5.2960000e-01
  -1.4049000e+00  -1.5045000e+00  -1.5638000e+00  -1.6157000e+00  -7.8610000e-01  -3.5930000e-01
  -7.0610000e-01  -7.2750000e-01  -8.4810000e-01  -8.7390000e-01  -7.2800000e-01  -4.4700000e-01
  -7.1320000e-01  -4.9120000e-01  -7.0490000e-01  -6.8980000e-01  -8.6950000e-01  -8.3220000e-01
  -1.0184000e+00  -8.9960000e-01  -1.0100000e+00  -1.0158000e+00  -1.0436000e+00  -1.4883000e+00
  -1.0094000e+00  -9.2600000e-01  -1.0378000e+00  -1.0493000e+00  -1.4030000e+00  -1.7850000e+00
  -9.0180000e-01  -8.8650000e-01  -9.6920000e-01  -1.0267000e+00  -1.8447000e+00  -1.7135000e+00
  -9.4370000e-01  -8.9360000e-01  -9.1960000e-01  -9.1650000e-01  -1.7514000e+00  -1.4221000e+00
  -5.2660000e-01  -4.3040000e-01  -5.4930000e-01  -5.7030000e-01  -1.2741000e+00  -7.0640000e-01
  -5.2160000e-01  -3.8900000e-01  -4.7510000e-01  -4.8800000e-01  -1.0855000e+00  -4.1320000e-01
  -4.8820000e-01  -3.6760000e-01  -4.0190000e-01  -3.7740000e-01  -8.9360000e-01  -1.5080000e-01
  -9.9600000e-02   3.7500000e-02   2.5400000e-02   6.0500000e-02  -4.5010000e-01   3.4550000e-01
   1.8100000e-02   5.0700000e-02  -3.9200000e-02  -1.1800000e-01   1.1062000e+00   1.5349000e+00
   3.0000000e-01   3.9110000e-01   3.2180000e-01   2.8160000e-01   2.6071000e+00   2.7367000e+00
   5.3300000e-01   5.3170000e-01   5.0970000e-01   4.6390000e-01   2.7499000e+00   2.9442000e+00
   8.1330000e-01   8.2060000e-01   7.8550000e-01   7.6710000e-01   2.1725000e+00   2.5051000e+00
   8.9470000e-01   8.6110000e-01   7.3850000e-01   6.3000000e-01   1.8470000e+00   2.2481000e+00
   1.3372000e+00   1.1659000e+00   1.0520000e+00   8.3650000e-01   2.2982000e+00   2.6759000e+00
   1.1333000e+00   1.0670000e+00   1.0403000e+00   9.5430000e-01   2.8794000e+00   2.8686000e+00
   1.0192000e+00   7.5810000e-01   8.0300000e-01   6.5450000e-01   3.4665000e+00   3.3147000e+00
   1.0630000e+00   7.8460000e-01   8.1520000e-01   6.4730000e-01   3.7349000e+00   3.8005000e+00
   1.7003000e+00   1.3307000e+00   1.4520000e+00   1.2095000e+00   4.3064000e+00   3.9980000e+00
   1.9608000e+00   2.0509000e+00   2.0941000e+00   2.1219000e+00   4.0270000e+00   4.0346000e+00
   2.2553000e+00   2.2888000e+00   2.3783000e+00   2.4246000e+00   3.9928000e+00   3.9717000e+00
   2.8456000e+00   2.7673000e+00   2.8764000e+00   2.8919000e+00   4.0872000e+00   3.4442000e+00
   3.1401000e+00   2.9116000e+00   3.0618000e+00   3.0215000e+00   3.8687000e+00   3.0623000e+00
   3.0983000e+00   3.0292000e+00   3.1286000e+00   3.1426000e+00   3.9289000e+00   2.7848000e+00
   2.8644000e+00   2.7810000e+00   2.8934000e+00   2.9802000e+00   3.9202000e+00   2.1872000e+00
   2.9712000e+00   2.6838000e+00   2.8407000e+00   2.7966000e+00   3.8954000e+00   2.1066000e+00
   3.1901000e+00   2.9075000e+00   2.9856000e+00   2.9434000e+00   3.7153000e+00   2.3209000e+00
   3.4901000e+00   3.0201000e+00   3.2198000e+00   3.0771000e+00   3.4491000e+00   2.3687000e+00
   3.8835000e+00   3.5847000e+00   3.7493000e+00   3.7142000e+00   3.2169000e+00   2.2618000e+00
   4.1417000e+00   4.1301000e+00   4.1992000e+00   4.3143000e+00   2.7811000e+00   2.1170000e+00
   4.0135000e+00   4.2109000e+00   4.2051000e+00   4.3558000e+00   2.9379000e+00   1.9536000e+00
   3.7254000e+00   3.8392000e+00   3.9002000e+00   4.0194000e+00   3.0678000e+00   2.1065000e+00
   3.3532000e+00   3.4950000e+00   3.6138000e+00   3.7243000e+00   3.2239000e+00   2.2504000e+00
   3.0896000e+00   3.1966000e+00   3.3665000e+00   3.4569000e+00   2.6857000e+00   2.1286000e+00
   3.0412000e+00   3.0878000e+00   3.3020000e+00   3.3347000e+00   2.0191000e+00   1.7341000e+00
   2.8733000e+00   3.1105000e+00   3.1567000e+00   3.2387000e+00   2.4574000e+00   1.9927000e+00
   2.8779000e+00   2.9248000e+00   3.0262000e+00   3.0950000e+00   2.9652000e+00   2.5102000e+00
   2.5911000e+00   2.6307000e+00   2.6684000e+00   2.7269000e+00   3.2124000e+00   2.6849000e+00
   2.0743000e+00   2.1445000e+00   2.1376000e+00   2.1421000e+00   3.3371000e+00   2.8420000e+00
   1.4970000e+00   1.6014000e+00   1.5777000e+00   1.5759000e+00   3.6750000e+00   3.3715000e+00
   1.2192000e+00   1.0366000e+00   1.1464000e+00   1.0386000e+00   4.0054000e+00   3.7904000e+00
   9.2310000e-01   6.9400000e-01   9.3050000e-01   8.5630000e-01   4.1025000e+00   3.8974000e+00
   5.3500000e-01   3.3720000e-01   5.8220000e-01   5.2250000e-01   4.2176000e+00   4.0862000e+00
   2.4240000e-01   2.8000000e-03   1.9040000e-01   3.7600000e-02   4.2781000e+00   4.3054000e+00
  -6.2200000e-02  -4.4890000e-01  -2.3880000e-01  -4.8620000e-01   4.2052000e+00   4.3931000e+00
  -4.0480000e-01  -9.1130000e-01  -6.1880000e-01  -8.7820000e-01   4.0474000e+00   4.2622000e+00
  -7.2420000e-01  -1.3434000e+00  -9.7750000e-01  -1.2316000e+00   3.8058000e+00   3.9960000e+00
  -1.1656000e+00  -1.7812000e+00  -1.3840000e+00  -1.6099000e+00   3.5971000e+00   3.7381000e+00
  -1.6869000e+00  -2.2217000e+00  -1.8879000e+00  -2.1368000e+00   3.3916000e+00   3.5092000e+00
  -2.3300000e+00  -2.7838000e+00  -2.5204000e+00  -2.7986000e+00   3.2559000e+00   3.2954000e+00
  -2.9695000e+00  -3.3820000e+00  -3.1160000e+00  -3.3585000e+00   3.2097000e+00   3.1103000e+00
  -3.5070000e+00  -3.9361000e+00  -3.6753000e+00  -3.8827000e+00   3.0985000e+00   3.0115000e+00
  -3.9564000e+00  -4.3185000e+00  -4.0045000e+00  -4.1228000e+00   2.9990000e+00   2.8497000e+00
  -4.1640000e+00  -4.4436000e+00  -4.0879000e+00  -4.1370000e+00   2.9442000e+00   2.7710000e+00
  -4.1401000e+00  -4.3679000e+00  -4.0748000e+00  -4.0958000e+00   2.8423000e+00   2.6631000e+00
  -4.1088000e+00  -4.2898000e+00  -4.0815000e+00  -4.0945000e+00   2.6517000e+00   2.4506000e+00
  -4.2700000e+00  -4.4594000e+00  -4.1872000e+00  -4.1936000e+00   2.4410000e+00   2.2957000e+00
  -4.3518000e+00  -4.5901000e+00  -4.3080000e+00  -4.3735000e+00   2.2134000e+00   2.1336000e+00
  -4.4889000e+00  -4.7142000e+00  -4.4548000e+00  -4.6146000e+00   1.9888000e+00   1.9947000e+00
  -4.5961000e+00  -4.8371000e+00  -4.5949000e+00  -4.8160000e+00   1.7584000e+00   1.9069000e+00
  -4.9409000e+00  -5.2290000e+00  -4.9344000e+00  -5.1674000e+00   1.5067000e+00   1.7692000e+00
  -5.0804000e+00  -5.4286000e+00  -5.0754000e+00  -5.3065000e+00   1.3586000e+00   1.6734000e+00
  -5.2589000e+00  -5.6991000e+00  -5.2747000e+00  -5.5071000e+00   1.1890000e+00   1.4487000e+00
  -5.4424000e+00  -5.9792000e+00  -5.4231000e+00  -5.6109000e+00   1.0568000e+00   1.2441000e+00
  -5.5801000e+00  -6.1805000e+00  -5.5206000e+00  -5.6846000e+00   8.0840000e-01   1.0457000e+00
  -5.6609000e+00  -6.3432000e+00  -5.6405000e+00  -5.8536000e+00   5.5290000e-01   6.9190000e-01
  -5.5727000e+00  -6.3883000e+00  -5.7323000e+00  -6.0334000e+00   3.8140000e-01   4.9750000e-01
  -5.5393000e+00  -6.6404000e+00  -5.9548000e+00  -6.4564000e+00   1.6680000e-01   2.2570000e-01
  -5.3536000e+00  -7.0233000e+00  -6.1170000e+00  -6.9097000e+00  -7.3300000e-02  -1.6440000e-01
  -5.1931000e+00  -7.7301000e+00  -6.5159000e+00  -7.5689000e+00  -1.8110000e-01  -5.0630000e-01
  -5.0620000e+00  -8.0723000e+00  -6.7174000e+00  -7.5578000e+00  -1.3020000e-01  -6.5880000e-01
  -5.4997000e+00  -7.9152000e+00  -6.8710000e+00  -7.3827000e+00   2.7920000e-01  -8.9950000e-01
  -5.9959000e+00  -7.6858000e+00  -6.8939000e+00  -7.1911000e+00   7.6620000e-01  -8.9330000e-01
  -6.1559000e+00  -7.2761000e+00  -6.6562000e+00  -6.7647000e+00   7.2600000e-02  -8.3630000e-01
  -5.9077000e+00  -6.6581000e+00  -6.1962000e+00  -6.2699000e+00  -8.5490000e-01  -1.1006000e+00
  -5.6112000e+00  -6.1681000e+00  -5.7507000e+00  -5.7773000e+00  -1.0151000e+00  -1.2749000e+00
  -5.1554000e+00  -5.6241000e+00  -5.2555000e+00  -5.3099000e+00  -8.1290000e-01  -1.4672000e+00
  -4.7590000e+00  -5.1856000e+00  -5.0223000e+00  -5.1125000e+00  -8.9220000e-01  -1.4375000e+00
  -4.8212000e+00  -5.1505000e+00  -5.0212000e+00  -5.0013000e+00  -1.3002000e+00  -1.5908000e+00
  -5.0914000e+00  -5.2899000e+00  -5.2700000e+00  -5.2763000e+00  -1.8515000e+00  -1.7024000e+00
  -4.9835000e+00  -5.2129000e+00  -5.0785000e+00  -5.1267000e+00  -2.3251000e+00  -1.9035000e+00
  -4.7896000e+00  -5.0568000e+00  -4.9011000e+00  -4.9201000e+00  -2.3128000e+00  -1.9032000e+00
  -4.7261000e+00  -4.8587000e+00  -4.8009000e+00  -4.8104000e+00  -2.4176000e+00  -1.8972000e+00
  -4.5157000e+00  -4.7583000e+00  -4.6396000e+00  -4.6920000e+00  -2.1910000e+00  -1.8844000e+00
  -4.2705000e+00  -4.4843000e+00  -4.4223000e+00  -4.4702000e+00  -2.0568000e+00  -1.8412000e+00
  -4.2248000e+00  -4.3203000e+00  -4.2842000e+00  -4.2787000e+00  -1.8293000e+00  -1.7998000e+00
  -4.1614000e+00  -4.3124000e+00  -4.1894000e+00  -4.1635000e+00  -1.5218000e+00  -2.0911000e+00
  -3.8153000e+00  -3.9643000e+00  -3.7965000e+00  -3.7598000e+00  -1.4115000e+00  -3.0558000e+00
  -3.5294000e+00  -3.5248000e+00  -3.4411000e+00  -3.3611000e+00  -1.6395000e+00  -3.6078000e+00
  -3.2648000e+00  -3.3266000e+00  -3.2718000e+00  -3.2064000e+00  -2.5393000e+00  -3.8043000e+00
  -3.0310000e+00  -3.1755000e+00  -3.1353000e+00  -3.1645000e+00  -3.2756000e+00  -3.7489000e+00
  -2.8269000e+00  -2.9152000e+00  -2.9161000e+00  -2.9643000e+00  -3.4779000e+00  -3.6472000e+00
  -2.7428000e+00  -2.7894000e+00  -2.8219000e+00  -2.8663000e+00  -3.3377000e+00  -3.4740000e+00
  -2.6798000e+00  -2.6957000e+00  -2.7512000e+00  -2.7848000e+00  -3.2017000e+00  -3.4186000e+00
  -2.7392000e+00  -2.7218000e+00  -2.8063000e+00  -2.8281000e+00  -3.0976000e+00  -3.4177000e+00
  -2.9572000e+00  -2.9026000e+00  -2.9905000e+00  -2.9972000e+00  -3.0986000e+00  -3.3583000e+00
  -3.1973000e+00  -3.1702000e+00  -3.2389000e+00  -3.2461000e+00  -2.9952000e+00  -3.3432000e+00
  -3.4005000e+00  -3.3841000e+00  -3.4179000e+00  -3.4218000e+00  -2.8934000e+00  -3.2299000e+00
  -3.4662000e+00  -3.4940000e+00  -3.5084000e+00  -3.5243000e+00  -2.7522000e+00  -3.1070000e+00
  -3.5488000e+00  -3.5955000e+00  -3.6384000e+00  -3.6841000e+00  -2.6986000e+00  -3.0191000e+00
  -3.7392000e+00  -3.8059000e+00  -3.8098000e+00  -3.8434000e+00  -2.7039000e+00  -3.0139000e+00
  -3.8064000e+00  -3.8976000e+00  -3.8840000e+00  -3.9079000e+00  -2.6533000e+00  -2.9147000e+00
