   2.9920000e+00   3.1090000e+00   3.0830000e+00   3.1400000e+00   1.5630000e+00   1.5820000e+00
   3.1040000e+00   3.1940000e+00   3.1710000e+00   3.2130000e+00   1.5650000e+00   1.6060000e+00
   3.2790000e+00   3.3590000e+00   3.3310000e+00   3.3660000e+00   1.6010000e+00   1.6430000e+00
   3.2880000e+00   3.3640000e+00   3.3280000e+00   3.3610000e+00   1.6960000e+00   1.7330000e+00
   3.3860000e+00   3.4470000e+00   3.4050000e+00   3.4310000e+00   1.8450000e+00   1.8630000e+00
   3.5160000e+00   3.5490000e+00   3.5190000e+00   3.5450000e+00   1.8910000e+00   1.8910000e+00
   3.6810000e+00   3.6990000e+00   3.6730000e+00   3.6950000e+00   2.0270000e+00   1.9820000e+00
   3.7710000e+00   3.7770000e+00   3.7570000e+00   3.7780000e+00   2.1500000e+00   2.0900000e+00
   3.7990000e+00   3.7870000e+00   3.7780000e+00   3.7930000e+00   2.3160000e+00   2.2220000e+00
   3.8470000e+00   3.8190000e+00   3.8160000e+00   3.8240000e+00   2.3680000e+00   2.2860000e+00
   3.8900000e+00   3.8560000e+00   3.8520000e+00   3.8590000e+00   2.4150000e+00   2.3390000e+00
   3.9090000e+00   3.8800000e+00   3.8780000e+00   3.8870000e+00   2.4660000e+00   2.3740000e+00
   3.8840000e+00   3.8570000e+00   3.8570000e+00   3.8680000e+00   2.6370000e+00   2.5070000e+00
   3.8930000e+00   3.8650000e+00   3.8690000e+00   3.8800000e+00   2.8010000e+00   2.6480000e+00
   3.9100000e+00   3.8910000e+00   3.8970000e+00   3.9140000e+00   3.0550000e+00   2.8170000e+00
   3.9050000e+00   3.8850000e+00   3.8910000e+00   3.9070000e+00   3.2720000e+00   2.9560000e+00
   3.9530000e+00   3.9260000e+00   3.9300000e+00   3.9400000e+00   3.4930000e+00   3.1110000e+00
   3.9920000e+00   3.9630000e+00   3.9650000e+00   3.9700000e+00   3.6600000e+00   3.2880000e+00
   4.0100000e+00   4.0060000e+00   4.0060000e+00   4.0100000e+00   3.8620000e+00   3.5470000e+00
   4.0310000e+00   4.0390000e+00   4.0360000e+00   4.0370000e+00   4.0330000e+00   3.7770000e+00
   4.0240000e+00   4.0430000e+00   4.0360000e+00   4.0180000e+00   4.1600000e+00   3.9720000e+00
   3.9120000e+00   4.0570000e+00   4.0300000e+00   4.0170000e+00   4.1530000e+00   4.0520000e+00
   3.6270000e+00   4.0130000e+00   3.9350000e+00   3.9620000e+00   3.7420000e+00   3.6990000e+00
   3.3480000e+00   3.8300000e+00   3.7240000e+00   3.7830000e+00   3.3150000e+00   3.1680000e+00
   3.1660000e+00   3.6160000e+00   3.5130000e+00   3.5560000e+00   3.1110000e+00   2.9000000e+00
   3.1740000e+00   3.5100000e+00   3.4400000e+00   3.4350000e+00   3.2770000e+00   2.8830000e+00
   3.2630000e+00   3.5050000e+00   3.4600000e+00   3.4450000e+00   3.7230000e+00   3.3250000e+00
   3.3120000e+00   3.5360000e+00   3.5220000e+00   3.5230000e+00   3.8110000e+00   3.6210000e+00
   3.2860000e+00   3.5280000e+00   3.5180000e+00   3.5550000e+00   4.0430000e+00   3.7590000e+00
   3.2980000e+00   3.4990000e+00   3.4880000e+00   3.5320000e+00   4.1680000e+00   4.0390000e+00
   3.3070000e+00   3.4730000e+00   3.4730000e+00   3.5120000e+00   4.1880000e+00   4.2290000e+00
   3.2950000e+00   3.4600000e+00   3.4650000e+00   3.5300000e+00   4.2740000e+00   4.3110000e+00
   3.2320000e+00   3.3960000e+00   3.3830000e+00   3.4730000e+00   4.2940000e+00   4.3500000e+00
   3.1880000e+00   3.3120000e+00   3.2880000e+00   3.3660000e+00   4.3240000e+00   4.3720000e+00
   3.1570000e+00   3.2360000e+00   3.2210000e+00   3.2890000e+00   4.3500000e+00   4.3830000e+00
   3.1210000e+00   3.1530000e+00   3.1450000e+00   3.2230000e+00   4.3140000e+00   4.3540000e+00
   3.1480000e+00   3.0740000e+00   3.0760000e+00   3.1520000e+00   4.2350000e+00   4.3160000e+00
   3.2490000e+00   3.0430000e+00   3.0670000e+00   3.1030000e+00   4.1220000e+00   4.2800000e+00
   3.3550000e+00   3.0420000e+00   3.0870000e+00   3.0780000e+00   4.0140000e+00   4.2390000e+00
   3.4470000e+00   3.0850000e+00   3.1220000e+00   3.0700000e+00   3.8860000e+00   4.1920000e+00
   3.5390000e+00   3.1750000e+00   3.1730000e+00   3.0880000e+00   3.7430000e+00   4.1220000e+00
   3.6440000e+00   3.2900000e+00   3.2290000e+00   3.1030000e+00   3.5720000e+00   3.9970000e+00
   3.7600000e+00   3.4460000e+00   3.3310000e+00   3.1340000e+00   3.3930000e+00   3.8460000e+00
   3.8030000e+00   3.5920000e+00   3.4550000e+00   3.2310000e+00   3.2630000e+00   3.7020000e+00
   3.7540000e+00   3.6280000e+00   3.5020000e+00   3.3400000e+00   3.1450000e+00   3.5500000e+00
   3.7680000e+00   3.5940000e+00   3.4930000e+00   3.3720000e+00   3.4080000e+00   3.4060000e+00
   3.9130000e+00   3.6790000e+00   3.5800000e+00   3.4170000e+00   3.3570000e+00   3.4040000e+00
   3.9940000e+00   3.8980000e+00   3.7420000e+00   3.5920000e+00   3.4790000e+00   3.3250000e+00
   3.9440000e+00   4.0590000e+00   3.8130000e+00   3.7810000e+00   3.3820000e+00   3.2910000e+00
   3.8320000e+00   4.0110000e+00   3.7080000e+00   3.7470000e+00   3.2990000e+00   3.2210000e+00
   3.7190000e+00   3.8880000e+00   3.5100000e+00   3.5450000e+00   3.2220000e+00   3.1390000e+00
   3.7080000e+00   3.7560000e+00   3.3460000e+00   3.3110000e+00   3.1690000e+00   3.0780000e+00
   3.8210000e+00   3.7430000e+00   3.3290000e+00   3.1650000e+00   3.1740000e+00   2.9680000e+00
   3.8670000e+00   3.8710000e+00   3.3800000e+00   3.0770000e+00   3.1440000e+00   2.9350000e+00
   3.7610000e+00   4.0180000e+00   3.3660000e+00   2.9220000e+00   3.1390000e+00   2.9930000e+00
   3.5970000e+00   3.9230000e+00   3.2480000e+00   2.7090000e+00   3.1190000e+00   3.0610000e+00
   3.5670000e+00   3.6010000e+00   3.0460000e+00   2.4130000e+00   2.9480000e+00   3.0970000e+00
   3.5520000e+00   3.1770000e+00   2.7150000e+00   2.0540000e+00   2.8630000e+00   3.1420000e+00
   3.4540000e+00   2.9340000e+00   2.4990000e+00   1.8110000e+00   2.8450000e+00   2.9430000e+00
   3.2970000e+00   2.7640000e+00   2.3670000e+00   1.7320000e+00   3.2570000e+00   3.1160000e+00
   3.0380000e+00   2.4790000e+00   2.0520000e+00   1.4550000e+00   4.3550000e+00   3.3730000e+00
   2.7510000e+00   2.2650000e+00   1.6860000e+00   1.2460000e+00   3.3010000e+00   3.2950000e+00
   2.4190000e+00   2.0220000e+00   1.6530000e+00   1.5640000e+00   3.1830000e+00   3.2170000e+00
   2.1200000e+00   1.9870000e+00   1.8170000e+00   1.7290000e+00   3.1070000e+00   3.2060000e+00
   2.0990000e+00   2.1020000e+00   2.0700000e+00   2.0060000e+00   3.0020000e+00   3.4300000e+00
   2.4610000e+00   2.4100000e+00   2.4250000e+00   2.2990000e+00   2.8580000e+00   3.3280000e+00
   2.9530000e+00   2.8060000e+00   2.8660000e+00   2.7030000e+00   3.0020000e+00   3.3240000e+00
   3.5280000e+00   3.3230000e+00   3.4290000e+00   3.3300000e+00   3.2280000e+00   3.4880000e+00
   3.8790000e+00   3.7220000e+00   3.7770000e+00   3.6930000e+00   3.3990000e+00   3.4570000e+00
   4.3480000e+00   4.1660000e+00   4.2590000e+00   4.1210000e+00   3.3960000e+00   3.3000000e+00
   4.8950000e+00   4.6040000e+00   4.7140000e+00   4.7440000e+00   3.3010000e+00   3.1600000e+00
   4.9570000e+00   4.9030000e+00   5.1170000e+00   5.3530000e+00   3.2260000e+00   3.0160000e+00
   5.6630000e+00   5.5240000e+00   5.6640000e+00   5.7910000e+00   3.1820000e+00   2.9630000e+00
   6.0030000e+00   5.9610000e+00   5.8980000e+00   5.8900000e+00   3.1900000e+00   2.9830000e+00
   6.0250000e+00   6.0960000e+00   6.0430000e+00   6.1640000e+00   2.9830000e+00   2.9170000e+00
   6.2110000e+00   6.3450000e+00   6.2740000e+00   6.3210000e+00   2.9420000e+00   2.9140000e+00
   6.1970000e+00   6.3500000e+00   6.2340000e+00   6.3020000e+00   2.9470000e+00   2.8980000e+00
   6.1100000e+00   6.3180000e+00   6.2210000e+00   6.2790000e+00   3.0060000e+00   3.1420000e+00
   6.2540000e+00   6.4470000e+00   6.3920000e+00   6.4340000e+00   2.9880000e+00   3.1480000e+00
   6.2400000e+00   6.4680000e+00   6.4680000e+00   6.5290000e+00   2.9650000e+00   3.3020000e+00
   6.1680000e+00   6.3560000e+00   6.3960000e+00   6.4840000e+00   3.1360000e+00   3.4770000e+00
   5.8930000e+00   6.1180000e+00   6.3020000e+00   6.4400000e+00   3.2910000e+00   3.6740000e+00
   5.7170000e+00   5.8250000e+00   6.1400000e+00   6.3220000e+00   3.4980000e+00   3.7720000e+00
   6.1050000e+00   6.0080000e+00   6.3240000e+00   6.4390000e+00   3.7560000e+00   4.0800000e+00
   6.2090000e+00   6.2140000e+00   6.4430000e+00   6.5740000e+00   4.0630000e+00   4.5860000e+00
   6.2610000e+00   6.2400000e+00   6.4770000e+00   6.6320000e+00   4.4640000e+00   5.2150000e+00
   6.4070000e+00   6.2590000e+00   6.5020000e+00   6.5840000e+00   5.0950000e+00   5.7400000e+00
   6.5780000e+00   6.4720000e+00   6.6020000e+00   6.6230000e+00   5.9590000e+00   5.8680000e+00
   6.6440000e+00   6.7850000e+00   6.7270000e+00   6.7580000e+00   6.1680000e+00   5.8080000e+00
   6.5410000e+00   6.7800000e+00   6.7090000e+00   6.8280000e+00   6.4220000e+00   5.9370000e+00
   6.4850000e+00   6.6080000e+00   6.5840000e+00   6.6870000e+00   6.4150000e+00   5.7890000e+00
   6.4860000e+00   6.4400000e+00   6.5000000e+00   6.5310000e+00   6.2970000e+00   5.6000000e+00
   6.6070000e+00   6.5200000e+00   6.6090000e+00   6.6070000e+00   6.1150000e+00   5.4780000e+00
   6.5970000e+00   6.6210000e+00   6.6710000e+00   6.7130000e+00   5.9180000e+00   5.4220000e+00
   6.5550000e+00   6.6710000e+00   6.6730000e+00   6.7710000e+00   5.6950000e+00   5.3340000e+00
   6.5080000e+00   6.5870000e+00   6.5920000e+00   6.7010000e+00   5.5640000e+00   5.2430000e+00
   6.5620000e+00   6.5080000e+00   6.5430000e+00   6.5840000e+00   5.6630000e+00   5.2450000e+00
   6.6740000e+00   6.6160000e+00   6.6410000e+00   6.6520000e+00   5.8410000e+00   5.4990000e+00
   6.6250000e+00   6.6040000e+00   6.6360000e+00   6.6800000e+00   6.1540000e+00   5.8190000e+00
   6.4580000e+00   6.4310000e+00   6.4860000e+00   6.5440000e+00   6.3080000e+00   6.0830000e+00
   6.3280000e+00   6.3490000e+00   6.3380000e+00   6.3940000e+00   6.2220000e+00   6.0710000e+00
   6.2240000e+00   6.2540000e+00   6.2010000e+00   6.2400000e+00   6.1800000e+00   6.1540000e+00
   6.1670000e+00   6.1700000e+00   6.1240000e+00   6.1360000e+00   6.1370000e+00   6.1710000e+00
   6.0480000e+00   6.1290000e+00   6.0330000e+00   6.0510000e+00   6.1100000e+00   6.1320000e+00
   5.9670000e+00   6.0110000e+00   5.9240000e+00   5.9240000e+00   6.0550000e+00   6.0250000e+00
   5.8370000e+00   5.8660000e+00   5.7880000e+00   5.7810000e+00   6.0500000e+00   5.9510000e+00
   5.7620000e+00   5.7180000e+00   5.6910000e+00   5.6610000e+00   6.0510000e+00   6.0070000e+00
   5.6410000e+00   5.6180000e+00   5.5880000e+00   5.5640000e+00   6.1160000e+00   6.0710000e+00
   5.4640000e+00   5.4790000e+00   5.4290000e+00   5.4120000e+00   6.0860000e+00   6.0630000e+00
   5.3880000e+00   5.3820000e+00   5.3220000e+00   5.2940000e+00   6.1080000e+00   6.1240000e+00
   5.3880000e+00   5.3730000e+00   5.2930000e+00   5.2410000e+00   6.1600000e+00   6.1350000e+00
   5.3980000e+00   5.4020000e+00   5.3150000e+00   5.2740000e+00   6.1480000e+00   6.1210000e+00
   5.4120000e+00   5.4120000e+00   5.3340000e+00   5.2870000e+00   6.1300000e+00   6.1320000e+00
   5.3840000e+00   5.4300000e+00   5.3690000e+00   5.3480000e+00   5.9980000e+00   5.8980000e+00
   5.1620000e+00   5.3360000e+00   5.2910000e+00   5.3260000e+00   5.6470000e+00   5.4390000e+00
   4.8510000e+00   5.0780000e+00   5.0570000e+00   5.1390000e+00   5.5690000e+00   5.2330000e+00
   4.7250000e+00   4.8770000e+00   4.8770000e+00   4.9450000e+00   5.4550000e+00   5.1330000e+00
   4.3310000e+00   4.7220000e+00   4.6790000e+00   4.8030000e+00   4.9630000e+00   4.5360000e+00
   3.9210000e+00   4.4140000e+00   4.3820000e+00   4.5900000e+00   4.2880000e+00   3.8420000e+00
   3.6160000e+00   4.0820000e+00   4.1030000e+00   4.3630000e+00   3.8870000e+00   3.4880000e+00
   3.4670000e+00   3.8640000e+00   3.8780000e+00   4.1160000e+00   3.9540000e+00   3.6320000e+00
   3.4190000e+00   3.6610000e+00   3.7180000e+00   3.9140000e+00   4.1980000e+00   3.9760000e+00
   3.3260000e+00   3.5120000e+00   3.5700000e+00   3.7570000e+00   4.1270000e+00   3.9240000e+00
   3.2650000e+00   3.4010000e+00   3.4680000e+00   3.6240000e+00   4.1090000e+00   3.8130000e+00
   3.2840000e+00   3.3640000e+00   3.4090000e+00   3.5420000e+00   4.2480000e+00   3.9040000e+00
   3.3710000e+00   3.3430000e+00   3.3840000e+00   3.4770000e+00   4.3120000e+00   4.0800000e+00
   3.4410000e+00   3.2920000e+00   3.3450000e+00   3.3730000e+00   4.2560000e+00   4.0950000e+00
   3.5790000e+00   3.3890000e+00   3.4200000e+00   3.3700000e+00   4.2050000e+00   4.0300000e+00
   3.5350000e+00   3.3860000e+00   3.3880000e+00   3.3120000e+00   4.0920000e+00   3.9820000e+00
   3.5470000e+00   3.4100000e+00   3.3850000e+00   3.3150000e+00   4.0140000e+00   3.9860000e+00
   3.6020000e+00   3.4130000e+00   3.3750000e+00   3.2860000e+00   3.9610000e+00   3.8530000e+00
   3.6070000e+00   3.3880000e+00   3.3370000e+00   3.2130000e+00   3.8980000e+00   3.7790000e+00
   3.6810000e+00   3.4850000e+00   3.4100000e+00   3.2850000e+00   3.7960000e+00   3.7790000e+00
   3.7260000e+00   3.5220000e+00   3.4530000e+00   3.3300000e+00   3.6970000e+00   3.7550000e+00
   3.7560000e+00   3.5760000e+00   3.4730000e+00   3.3390000e+00   3.6480000e+00   3.7250000e+00
   3.7860000e+00   3.6760000e+00   3.5140000e+00   3.3910000e+00   3.5650000e+00   3.6200000e+00
   3.7350000e+00   3.6860000e+00   3.4640000e+00   3.3520000e+00   3.5820000e+00   3.6210000e+00
   3.5040000e+00   3.4970000e+00   3.2250000e+00   3.1160000e+00   3.5390000e+00   3.5730000e+00
   3.3210000e+00   3.2800000e+00   3.0190000e+00   2.9150000e+00   3.5720000e+00   3.5290000e+00
   3.1880000e+00   2.9480000e+00   2.8910000e+00   2.7960000e+00   3.6300000e+00   3.5190000e+00
   3.3310000e+00   2.7550000e+00   3.1270000e+00   3.0830000e+00   3.6700000e+00   3.5590000e+00
   3.7460000e+00   3.1090000e+00   3.6590000e+00   3.6870000e+00   3.6560000e+00   3.5040000e+00
   3.9090000e+00   3.6900000e+00   3.8310000e+00   3.8710000e+00   3.7300000e+00   3.5050000e+00
   3.8630000e+00   4.0950000e+00   3.7050000e+00   3.6710000e+00   3.7370000e+00   3.5190000e+00
   3.7750000e+00   4.0550000e+00   3.5500000e+00   3.4580000e+00   3.7510000e+00   3.5110000e+00
   3.6650000e+00   3.8300000e+00   3.4190000e+00   3.3360000e+00   3.7890000e+00   3.5680000e+00
   3.5370000e+00   3.5850000e+00   3.2880000e+00   3.2150000e+00   3.7580000e+00   3.5920000e+00
   3.4550000e+00   3.3510000e+00   3.1460000e+00   2.9890000e+00   3.7690000e+00   3.6220000e+00
   3.3520000e+00   3.2280000e+00   2.9030000e+00   2.2100000e+00   3.7210000e+00   3.6440000e+00
   3.2360000e+00   2.9090000e+00   2.4970000e+00   2.0140000e+00   3.6520000e+00   3.6830000e+00
   3.0300000e+00   2.2530000e+00   2.2730000e+00   2.2100000e+00   3.6250000e+00   3.6960000e+00
   2.7170000e+00   1.9730000e+00   2.3830000e+00   2.4270000e+00   3.6510000e+00   3.7070000e+00
   2.7260000e+00   1.9810000e+00   2.8840000e+00   3.0290000e+00   3.7060000e+00   3.6780000e+00
   3.0550000e+00   2.3660000e+00   3.6330000e+00   3.8960000e+00   3.7780000e+00   3.6620000e+00
   3.7060000e+00   3.2360000e+00   4.3700000e+00   4.6230000e+00   4.0030000e+00   3.7280000e+00
   4.4050000e+00   4.4560000e+00   4.8450000e+00   4.9930000e+00   4.0150000e+00   3.6410000e+00
   4.7070000e+00   5.0690000e+00   4.8300000e+00   4.7550000e+00   3.9910000e+00   3.5740000e+00
   4.7880000e+00   5.2770000e+00   4.6670000e+00   4.5790000e+00   3.8480000e+00   3.3900000e+00
   4.2890000e+00   4.8030000e+00   4.0770000e+00   3.8910000e+00   3.7380000e+00   3.3410000e+00
   3.9140000e+00   4.3150000e+00   3.9110000e+00   3.7380000e+00   3.8070000e+00   3.3980000e+00
   4.1680000e+00   4.1400000e+00   4.2620000e+00   4.1880000e+00   4.0510000e+00   3.3940000e+00
   4.5700000e+00   4.6600000e+00   4.6070000e+00   4.5870000e+00   4.1130000e+00   3.2240000e+00
   4.5850000e+00   4.7800000e+00   4.5770000e+00   4.3850000e+00   4.3130000e+00   3.2750000e+00
   5.1130000e+00   5.1750000e+00   4.9840000e+00   4.7610000e+00   4.5190000e+00   3.2990000e+00
   5.4160000e+00   5.3560000e+00   5.2040000e+00   5.1980000e+00   4.4160000e+00   3.0880000e+00
   5.5190000e+00   5.5590000e+00   5.3800000e+00   5.3660000e+00   4.3850000e+00   3.0260000e+00
   5.4300000e+00   5.4670000e+00   5.4850000e+00   5.6530000e+00   4.4360000e+00   3.7800000e+00
   5.7990000e+00   5.8440000e+00   5.9500000e+00   6.0440000e+00   4.3370000e+00   4.2310000e+00
   6.3040000e+00   6.3300000e+00   6.2690000e+00   6.2850000e+00   4.3970000e+00   4.6800000e+00
   6.3350000e+00   6.4490000e+00   6.3660000e+00   6.4080000e+00   3.9470000e+00   4.6820000e+00
   6.3020000e+00   6.4360000e+00   6.3640000e+00   6.4320000e+00   3.8160000e+00   4.8800000e+00
   6.3140000e+00   6.4620000e+00   6.3860000e+00   6.4440000e+00   3.9460000e+00   5.0430000e+00
   6.3750000e+00   6.5020000e+00   6.4040000e+00   6.4130000e+00   4.3700000e+00   5.2460000e+00
   6.4080000e+00   6.5350000e+00   6.4350000e+00   6.4250000e+00   5.1230000e+00   5.3280000e+00
   6.4000000e+00   6.5440000e+00   6.4440000e+00   6.4440000e+00   5.2790000e+00   5.1810000e+00
   6.4430000e+00   6.5130000e+00   6.4390000e+00   6.4310000e+00   5.2550000e+00   5.1090000e+00
   6.5220000e+00   6.4960000e+00   6.4440000e+00   6.4330000e+00   5.3290000e+00   5.1400000e+00
   6.5870000e+00   6.5700000e+00   6.5860000e+00   6.6080000e+00   5.5710000e+00   5.2020000e+00
   6.6030000e+00   6.6460000e+00   6.6470000e+00   6.6570000e+00   5.6970000e+00   5.1210000e+00
   6.6680000e+00   6.7300000e+00   6.6690000e+00   6.6480000e+00   5.7540000e+00   5.1120000e+00
   6.5890000e+00   6.6040000e+00   6.5650000e+00   6.5300000e+00   5.4270000e+00   5.1550000e+00
   6.6310000e+00   6.6300000e+00   6.6360000e+00   6.6260000e+00   5.3590000e+00   5.1880000e+00
   6.5040000e+00   6.5720000e+00   6.5650000e+00   6.5880000e+00   5.3510000e+00   5.1100000e+00
   6.4070000e+00   6.4680000e+00   6.4830000e+00   6.5160000e+00   5.1390000e+00   4.9320000e+00
   6.4190000e+00   6.4460000e+00   6.4800000e+00   6.5130000e+00   5.1490000e+00   4.8710000e+00
   6.4450000e+00   6.4520000e+00   6.5020000e+00   6.5410000e+00   5.2260000e+00   4.8450000e+00
   6.4940000e+00   6.4730000e+00   6.5210000e+00   6.5570000e+00   5.2210000e+00   4.8100000e+00
   6.5080000e+00   6.5110000e+00   6.5120000e+00   6.5410000e+00   5.1190000e+00   4.6830000e+00
   6.5560000e+00   6.5390000e+00   6.5060000e+00   6.5070000e+00   5.0470000e+00   4.4800000e+00
   6.6750000e+00   6.6560000e+00   6.5730000e+00   6.5450000e+00   5.0200000e+00   4.2990000e+00
   6.6280000e+00   6.6310000e+00   6.5510000e+00   6.5190000e+00   4.9500000e+00   4.1780000e+00
   6.5350000e+00   6.5390000e+00   6.5010000e+00   6.4820000e+00   4.8610000e+00   4.1500000e+00
   6.4240000e+00   6.3970000e+00   6.4070000e+00   6.4040000e+00   4.6470000e+00   4.0920000e+00
   6.3290000e+00   6.2850000e+00   6.3260000e+00   6.3280000e+00   4.4140000e+00   4.0350000e+00
   6.2380000e+00   6.1830000e+00   6.2630000e+00   6.2870000e+00   3.9890000e+00   3.9140000e+00
   6.1850000e+00   6.1200000e+00   6.2140000e+00   6.2630000e+00   3.6380000e+00   3.8090000e+00
   6.1330000e+00   6.0740000e+00   6.1400000e+00   6.1840000e+00   3.4840000e+00   3.6860000e+00
   6.0610000e+00   6.0190000e+00   6.0560000e+00   6.0850000e+00   3.3950000e+00   3.6130000e+00
   5.9980000e+00   5.9490000e+00   5.9910000e+00   6.0120000e+00   3.4210000e+00   3.5190000e+00
   5.9240000e+00   5.8550000e+00   5.9210000e+00   5.9400000e+00   3.4930000e+00   3.4320000e+00
   5.8570000e+00   5.7890000e+00   5.8430000e+00   5.8590000e+00   3.6270000e+00   3.4000000e+00
   5.8290000e+00   5.7460000e+00   5.8030000e+00   5.8140000e+00   3.7000000e+00   3.4020000e+00
   5.8060000e+00   5.7360000e+00   5.7840000e+00   5.8010000e+00   3.7180000e+00   3.4350000e+00
   5.7400000e+00   5.6700000e+00   5.7180000e+00   5.7410000e+00   3.7290000e+00   3.4630000e+00
   5.6940000e+00   5.6100000e+00   5.6540000e+00   5.6760000e+00   3.7260000e+00   3.4900000e+00
   5.6400000e+00   5.5510000e+00   5.5830000e+00   5.5970000e+00   3.7680000e+00   3.4960000e+00
   5.5960000e+00   5.4940000e+00   5.5360000e+00   5.5470000e+00   3.8450000e+00   3.5150000e+00
   5.5370000e+00   5.4370000e+00   5.5000000e+00   5.5220000e+00   3.9360000e+00   3.5430000e+00
   5.4160000e+00   5.3440000e+00   5.3980000e+00   5.4240000e+00   3.9430000e+00   3.5380000e+00
   5.2490000e+00   5.2530000e+00   5.2710000e+00   5.2940000e+00   3.9350000e+00   3.5210000e+00
   4.9890000e+00   5.1400000e+00   5.1070000e+00   5.1250000e+00   3.8540000e+00   3.4860000e+00
   4.7160000e+00   4.9030000e+00   4.8320000e+00   4.8240000e+00   3.7450000e+00   3.4690000e+00
   4.4750000e+00   4.6750000e+00   4.6290000e+00   4.6410000e+00   3.6070000e+00   3.4090000e+00
   4.1080000e+00   4.5070000e+00   4.3660000e+00   4.4040000e+00   3.3750000e+00   3.0800000e+00
   3.7340000e+00   4.2180000e+00   4.0110000e+00   3.9850000e+00   2.9400000e+00   2.5970000e+00
   3.4280000e+00   3.9190000e+00   3.7060000e+00   3.6700000e+00   2.6010000e+00   2.3030000e+00
   3.1650000e+00   3.6450000e+00   3.4360000e+00   3.3820000e+00   2.4190000e+00   2.1460000e+00
   3.0110000e+00   3.4180000e+00   3.2410000e+00   3.1590000e+00   2.3100000e+00   2.0680000e+00
   2.8900000e+00   3.2680000e+00   3.1140000e+00   3.0180000e+00   2.5060000e+00   2.1800000e+00
   2.7380000e+00   3.1490000e+00   2.9750000e+00   2.8650000e+00   2.5940000e+00   2.3560000e+00
   2.5570000e+00   2.9910000e+00   2.7880000e+00   2.6540000e+00   2.5630000e+00   2.3330000e+00
   2.4010000e+00   2.8420000e+00   2.6030000e+00   2.4350000e+00   2.5580000e+00   2.3010000e+00
   2.2820000e+00   2.7240000e+00   2.4520000e+00   2.2330000e+00   2.6050000e+00   2.3350000e+00
   2.1720000e+00   2.6120000e+00   2.3020000e+00   2.0290000e+00   2.5560000e+00   2.2990000e+00
   2.0930000e+00   2.5150000e+00   2.1480000e+00   1.8540000e+00   2.5380000e+00   2.2930000e+00
   2.0990000e+00   2.4420000e+00   2.0030000e+00   1.7310000e+00   2.5350000e+00   2.3140000e+00
   2.0730000e+00   2.2830000e+00   1.8030000e+00   1.5690000e+00   2.5430000e+00   2.3260000e+00
   2.0920000e+00   2.1510000e+00   1.6650000e+00   1.4800000e+00   2.5300000e+00   2.3390000e+00
   2.0600000e+00   1.9840000e+00   1.5520000e+00   1.4930000e+00   2.5390000e+00   2.3280000e+00
   2.0590000e+00   1.8860000e+00   1.6190000e+00   1.7500000e+00   2.5350000e+00   2.2990000e+00
   2.0160000e+00   1.9270000e+00   1.8460000e+00   2.0290000e+00   2.5060000e+00   2.2600000e+00
   2.1080000e+00   2.2320000e+00   2.1730000e+00   2.2040000e+00   2.4660000e+00   2.2200000e+00
   2.4070000e+00   2.5770000e+00   2.4430000e+00   2.2930000e+00   2.4140000e+00   2.1670000e+00
   2.7250000e+00   2.8130000e+00   2.6420000e+00   2.4290000e+00   2.3720000e+00   2.1220000e+00
   3.0760000e+00   3.0320000e+00   2.8390000e+00   2.6630000e+00   2.3360000e+00   2.0770000e+00
   3.2990000e+00   3.2100000e+00   3.0490000e+00   2.9890000e+00   2.2660000e+00   2.0200000e+00
   3.4890000e+00   3.4480000e+00   3.4240000e+00   3.4850000e+00   2.2250000e+00   1.9600000e+00
   3.8690000e+00   3.9030000e+00   4.0150000e+00   4.2020000e+00   2.1700000e+00   1.9000000e+00
   4.5740000e+00   4.7340000e+00   4.7330000e+00   4.8640000e+00   2.1320000e+00   1.8590000e+00
   5.1530000e+00   5.2310000e+00   5.0460000e+00   5.1410000e+00   2.0880000e+00   1.8700000e+00
   5.3620000e+00   5.5540000e+00   5.3890000e+00   5.5340000e+00   2.0470000e+00   1.8860000e+00
   5.7660000e+00   5.9400000e+00   5.7920000e+00   5.8550000e+00   2.0240000e+00   1.9370000e+00
   6.2920000e+00   6.4070000e+00   6.3180000e+00   6.4690000e+00   2.0100000e+00   1.9790000e+00
   5.7330000e+00   6.0440000e+00   5.8290000e+00   5.9620000e+00   1.9730000e+00   2.0030000e+00
   5.9300000e+00   6.1990000e+00   6.3250000e+00   6.4950000e+00   1.9310000e+00   1.9880000e+00
   5.3880000e+00   5.9940000e+00   5.9200000e+00   6.0650000e+00   1.9190000e+00   1.8480000e+00
   4.6580000e+00   6.2270000e+00   6.0250000e+00   6.4710000e+00   1.8660000e+00   1.8140000e+00
   3.9170000e+00   5.3250000e+00   5.2170000e+00   5.9990000e+00   1.8360000e+00   1.8100000e+00
   4.2010000e+00   4.8850000e+00   4.7870000e+00   5.2320000e+00   1.6710000e+00   1.7880000e+00
   5.4760000e+00   6.1080000e+00   5.8510000e+00   6.1260000e+00   1.5110000e+00   1.8450000e+00
   5.9090000e+00   6.1110000e+00   5.9020000e+00   5.9190000e+00   1.4640000e+00   1.9730000e+00
   7.0390000e+00   7.3350000e+00   6.6270000e+00   6.4950000e+00   1.6090000e+00   2.0310000e+00
   7.9560000e+00   7.4980000e+00   7.0560000e+00   6.9320000e+00   1.8390000e+00   2.1540000e+00
   6.9650000e+00   6.5450000e+00   6.3620000e+00   6.0290000e+00   1.9330000e+00   2.0430000e+00
   6.2890000e+00   6.2160000e+00   5.9310000e+00   5.7290000e+00   1.8900000e+00   2.2080000e+00
   5.9610000e+00   6.0410000e+00   5.7310000e+00   5.5830000e+00   1.9900000e+00   2.2880000e+00
   5.5440000e+00   5.5950000e+00   5.4820000e+00   5.5300000e+00   2.1270000e+00   2.4640000e+00
   5.6490000e+00   5.7660000e+00   5.7040000e+00   5.8410000e+00   2.5540000e+00   2.3930000e+00
   5.6800000e+00   5.7970000e+00   5.6250000e+00   5.6720000e+00   3.0320000e+00   2.4030000e+00
   5.5090000e+00   5.6630000e+00   5.5050000e+00   5.5230000e+00   3.3220000e+00   2.5150000e+00
   5.5650000e+00   5.6530000e+00   5.6260000e+00   5.7080000e+00   3.1010000e+00   2.8320000e+00
   5.4910000e+00   5.6570000e+00   5.6090000e+00   5.7200000e+00   3.1660000e+00   3.3130000e+00
   5.5410000e+00   5.6550000e+00   5.5810000e+00   5.6150000e+00   3.3310000e+00   3.6950000e+00
   5.5950000e+00   5.6600000e+00   5.6050000e+00   5.6160000e+00   3.6550000e+00   4.7360000e+00
   5.6220000e+00   5.7170000e+00   5.6740000e+00   5.6800000e+00   4.7820000e+00   5.1360000e+00
   5.7020000e+00   5.8270000e+00   5.7690000e+00   5.7940000e+00   5.5890000e+00   5.3060000e+00
   5.7970000e+00   5.8620000e+00   5.8760000e+00   5.9120000e+00   5.4490000e+00   5.7890000e+00
   6.0060000e+00   5.9450000e+00   5.8950000e+00   5.8230000e+00   5.6880000e+00   6.1030000e+00
   6.0360000e+00   5.8960000e+00   5.9240000e+00   5.8650000e+00   6.0960000e+00   6.0920000e+00
   6.0160000e+00   5.8470000e+00   5.9500000e+00   5.9030000e+00   6.2330000e+00   6.0640000e+00
   6.1440000e+00   5.9530000e+00   6.0550000e+00   5.9630000e+00   6.3010000e+00   6.1500000e+00
   6.0400000e+00   5.8210000e+00   5.9050000e+00   5.7660000e+00   6.1570000e+00   6.2260000e+00
   5.9580000e+00   5.7970000e+00   5.8410000e+00   5.6740000e+00   6.1550000e+00   6.4030000e+00
   5.7600000e+00   5.6650000e+00   5.7230000e+00   5.6190000e+00   6.1850000e+00   6.4120000e+00
   5.7410000e+00   5.6870000e+00   5.7740000e+00   5.6870000e+00   6.4180000e+00   6.3850000e+00
   5.7030000e+00   5.6040000e+00   5.6840000e+00   5.5640000e+00   6.4500000e+00   6.2360000e+00
   5.6650000e+00   5.5410000e+00   5.6550000e+00   5.5480000e+00   6.3040000e+00   6.1200000e+00
   5.6450000e+00   5.5030000e+00   5.6020000e+00   5.4780000e+00   6.1850000e+00   6.0170000e+00
   5.6010000e+00   5.4390000e+00   5.6020000e+00   5.5010000e+00   6.1200000e+00   5.9360000e+00
   5.6210000e+00   5.4700000e+00   5.6460000e+00   5.5750000e+00   6.0860000e+00   5.8210000e+00
   5.5700000e+00   5.4450000e+00   5.6260000e+00   5.5690000e+00   5.9770000e+00   5.7240000e+00
   5.4700000e+00   5.3870000e+00   5.5270000e+00   5.4940000e+00   5.9060000e+00   5.7280000e+00
   5.4470000e+00   5.3810000e+00   5.4980000e+00   5.4350000e+00   5.8140000e+00   5.6670000e+00
   5.4120000e+00   5.3240000e+00   5.3950000e+00   5.2890000e+00   5.6570000e+00   5.5340000e+00
   5.3400000e+00   5.2270000e+00   5.2990000e+00   5.1730000e+00   5.5430000e+00   5.4340000e+00
   5.1760000e+00   5.1000000e+00   5.1860000e+00   5.0790000e+00   5.3830000e+00   5.3960000e+00
   5.1350000e+00   5.0620000e+00   5.1170000e+00   4.9750000e+00   5.3140000e+00   5.3130000e+00
   5.1240000e+00   5.0480000e+00   5.0620000e+00   4.8960000e+00   5.2270000e+00   5.2510000e+00
   5.0210000e+00   4.9020000e+00   4.9320000e+00   4.7640000e+00   5.1310000e+00   5.1550000e+00
   4.9460000e+00   4.8090000e+00   4.8420000e+00   4.6700000e+00   5.0450000e+00   5.0590000e+00
   4.9150000e+00   4.7880000e+00   4.8150000e+00   4.6390000e+00   4.9540000e+00   5.0070000e+00
   4.8980000e+00   4.7450000e+00   4.7920000e+00   4.6230000e+00   4.8270000e+00   4.9410000e+00
   4.8490000e+00   4.6680000e+00   4.7260000e+00   4.5770000e+00   4.6640000e+00   4.8700000e+00
   4.8390000e+00   4.6650000e+00   4.7200000e+00   4.5750000e+00   4.5200000e+00   4.7880000e+00
   4.8360000e+00   4.6560000e+00   4.7250000e+00   4.5860000e+00   4.4260000e+00   4.6890000e+00
   4.7850000e+00   4.6240000e+00   4.7210000e+00   4.6050000e+00   4.3410000e+00   4.6210000e+00
   4.7160000e+00   4.5490000e+00   4.6600000e+00   4.5470000e+00   4.2580000e+00   4.5600000e+00
   4.6970000e+00   4.5270000e+00   4.6340000e+00   4.5090000e+00   4.1480000e+00   4.5090000e+00
   4.6950000e+00   4.4960000e+00   4.6210000e+00   4.4770000e+00   4.0490000e+00   4.4360000e+00
   4.6920000e+00   4.4700000e+00   4.6120000e+00   4.4580000e+00   3.9940000e+00   4.3600000e+00
   4.6380000e+00   4.3980000e+00   4.5580000e+00   4.4100000e+00   3.9450000e+00   4.2970000e+00
   4.5980000e+00   4.3420000e+00   4.4950000e+00   4.3440000e+00   3.8480000e+00   4.2590000e+00
   4.5510000e+00   4.2970000e+00   4.4320000e+00   4.2770000e+00   3.7960000e+00   4.2310000e+00
   4.5400000e+00   4.2750000e+00   4.4020000e+00   4.2430000e+00   3.7740000e+00   4.2010000e+00
   4.5630000e+00   4.2880000e+00   4.4040000e+00   4.2440000e+00   3.8150000e+00   4.2140000e+00
   4.4990000e+00   4.2300000e+00   4.3440000e+00   4.2230000e+00   3.8760000e+00   4.1810000e+00
   4.3490000e+00   4.1570000e+00   4.2360000e+00   4.1710000e+00   3.7880000e+00   4.0080000e+00
   4.1950000e+00   4.1420000e+00   4.1650000e+00   4.1390000e+00   3.6990000e+00   3.9140000e+00
   4.0680000e+00   4.1180000e+00   4.0670000e+00   4.1020000e+00   3.5360000e+00   3.6030000e+00
   3.8830000e+00   4.0600000e+00   3.9800000e+00   4.0710000e+00   3.0160000e+00   3.0490000e+00
   3.7040000e+00   4.0070000e+00   3.9110000e+00   4.0190000e+00   2.6750000e+00   2.7020000e+00
   3.5570000e+00   3.9110000e+00   3.8180000e+00   3.9180000e+00   2.4910000e+00   2.4880000e+00
   3.5060000e+00   3.7960000e+00   3.7000000e+00   3.7890000e+00   2.4740000e+00   2.4520000e+00
   3.4710000e+00   3.6860000e+00   3.6160000e+00   3.7130000e+00   2.6090000e+00   2.5290000e+00
   3.4110000e+00   3.6410000e+00   3.6000000e+00   3.7130000e+00   2.5870000e+00   2.5060000e+00
   3.3640000e+00   3.6640000e+00   3.5870000e+00   3.6820000e+00   2.5260000e+00   2.4540000e+00
   3.3860000e+00   3.7120000e+00   3.5950000e+00   3.6490000e+00   2.4390000e+00   2.3870000e+00
   3.4180000e+00   3.6860000e+00   3.5720000e+00   3.5630000e+00   2.3790000e+00   2.3670000e+00
   3.4530000e+00   3.5820000e+00   3.5180000e+00   3.4510000e+00   2.3320000e+00   2.3660000e+00
   3.5600000e+00   3.5660000e+00   3.5340000e+00   3.4730000e+00   2.3000000e+00   2.3730000e+00
   3.5980000e+00   3.6440000e+00   3.5900000e+00   3.6190000e+00   2.3230000e+00   2.4060000e+00
   3.6620000e+00   3.9050000e+00   3.7970000e+00   3.9570000e+00   2.3570000e+00   2.4300000e+00
   3.8170000e+00   4.2630000e+00   4.1200000e+00   4.3480000e+00   2.3920000e+00   2.4490000e+00
   4.0800000e+00   4.6160000e+00   4.4290000e+00   4.6290000e+00   2.4150000e+00   2.4800000e+00
   4.3780000e+00   4.8380000e+00   4.6840000e+00   4.8470000e+00   2.4450000e+00   2.5140000e+00
   4.6730000e+00   4.9610000e+00   4.8700000e+00   4.9850000e+00   2.4820000e+00   2.5750000e+00
   4.9210000e+00   5.0410000e+00   5.0360000e+00   5.1270000e+00   2.5500000e+00   2.6550000e+00
   5.1360000e+00   5.1400000e+00   5.1840000e+00   5.2540000e+00   2.6230000e+00   2.7490000e+00
   5.3510000e+00   5.2600000e+00   5.3420000e+00   5.3890000e+00   2.7050000e+00   2.8340000e+00
   5.5320000e+00   5.3560000e+00   5.4660000e+00   5.4920000e+00   2.8010000e+00   2.8980000e+00
   5.7140000e+00   5.4730000e+00   5.6200000e+00   5.6320000e+00   2.8850000e+00   2.9570000e+00
   5.8790000e+00   5.5860000e+00   5.7280000e+00   5.7080000e+00   3.0290000e+00   3.0340000e+00
   5.9880000e+00   5.6770000e+00   5.8090000e+00   5.7690000e+00   3.1870000e+00   3.1520000e+00
   6.0500000e+00   5.7280000e+00   5.8410000e+00   5.7820000e+00   3.1700000e+00   3.1270000e+00
   6.0700000e+00   5.7500000e+00   5.8570000e+00   5.7870000e+00   3.2880000e+00   3.0750000e+00
   6.1060000e+00   5.7790000e+00   5.8800000e+00   5.7920000e+00   3.4160000e+00   3.2900000e+00
   6.0930000e+00   5.7710000e+00   5.8680000e+00   5.7750000e+00   3.4700000e+00   3.4770000e+00
   6.0900000e+00   5.7830000e+00   5.8410000e+00   5.7420000e+00   3.5280000e+00   3.6330000e+00
   6.0570000e+00   5.8070000e+00   5.8650000e+00   5.7850000e+00   3.5060000e+00   3.8380000e+00
   6.0240000e+00   5.8040000e+00   5.8430000e+00   5.7770000e+00   3.6310000e+00   3.8940000e+00
   5.9840000e+00   5.8050000e+00   5.8340000e+00   5.7790000e+00   3.7910000e+00   3.9120000e+00
   5.9820000e+00   5.8450000e+00   5.8580000e+00   5.8160000e+00   3.9790000e+00   3.9250000e+00
   5.9870000e+00   5.8930000e+00   5.8700000e+00   5.8160000e+00   4.1590000e+00   4.0470000e+00
   5.9220000e+00   5.8370000e+00   5.8160000e+00   5.7690000e+00   4.0570000e+00   3.9070000e+00
   5.8120000e+00   5.7440000e+00   5.6800000e+00   5.6150000e+00   3.9610000e+00   3.8010000e+00
   5.8450000e+00   5.7790000e+00   5.7470000e+00   5.7120000e+00   3.8180000e+00   3.6230000e+00
   5.5920000e+00   5.5420000e+00   5.5050000e+00   5.4740000e+00   3.8220000e+00   3.7870000e+00
   5.6630000e+00   5.6350000e+00   5.5820000e+00   5.5460000e+00   3.8110000e+00   4.1120000e+00
   5.5850000e+00   5.5670000e+00   5.5380000e+00   5.5230000e+00   3.7670000e+00   4.4700000e+00
   5.5760000e+00   5.5760000e+00   5.5100000e+00   5.4880000e+00   4.3020000e+00   4.9890000e+00
   5.4920000e+00   5.5360000e+00   5.4760000e+00   5.4960000e+00   5.3680000e+00   5.6230000e+00
   5.5260000e+00   5.5860000e+00   5.5220000e+00   5.5020000e+00   5.7630000e+00   5.9110000e+00
   5.7280000e+00   5.7030000e+00   5.6190000e+00   5.6040000e+00   6.2680000e+00   6.0070000e+00
   5.5030000e+00   5.4930000e+00   5.4800000e+00   5.5030000e+00   5.7810000e+00   5.6320000e+00
   5.4870000e+00   5.4950000e+00   5.4030000e+00   5.3820000e+00   5.7010000e+00   5.4150000e+00
   5.4190000e+00   5.4430000e+00   5.3810000e+00   5.3940000e+00   5.9760000e+00   5.2040000e+00
   5.1820000e+00   5.2140000e+00   5.1350000e+00   5.1350000e+00   6.2210000e+00   5.1660000e+00
   5.2210000e+00   5.2610000e+00   5.1520000e+00   5.1210000e+00   6.1360000e+00   5.4560000e+00
   5.1560000e+00   5.1900000e+00   5.1150000e+00   5.0990000e+00   6.0130000e+00   5.7640000e+00
   5.2110000e+00   5.1910000e+00   5.1100000e+00   5.0540000e+00   6.0020000e+00   5.8290000e+00
   5.1750000e+00   5.1770000e+00   5.1110000e+00   5.0790000e+00   5.9440000e+00   5.8910000e+00
   5.2070000e+00   5.1760000e+00   5.1320000e+00   5.0920000e+00   5.7870000e+00   5.8800000e+00
   5.0910000e+00   5.0820000e+00   5.0480000e+00   5.0280000e+00   5.8080000e+00   5.8590000e+00
   5.2110000e+00   5.1860000e+00   5.1470000e+00   5.1070000e+00   5.8660000e+00   5.8650000e+00
   5.0950000e+00   5.0630000e+00   5.0550000e+00   5.0440000e+00   5.8120000e+00   5.7580000e+00
   5.0820000e+00   5.0550000e+00   5.0740000e+00   5.0740000e+00   5.8450000e+00   5.6560000e+00
   4.9910000e+00   4.9690000e+00   4.9670000e+00   4.9580000e+00   5.6430000e+00   5.4940000e+00
   4.9620000e+00   4.9550000e+00   4.9590000e+00   4.9590000e+00   5.5460000e+00   5.5070000e+00
   4.8560000e+00   4.8510000e+00   4.8360000e+00   4.8370000e+00   5.3450000e+00   5.4140000e+00
   4.6620000e+00   4.7830000e+00   4.7730000e+00   4.8790000e+00   5.2810000e+00   5.2680000e+00
   4.8000000e+00   4.9130000e+00   4.8850000e+00   4.9430000e+00   5.2720000e+00   5.1820000e+00
   4.8540000e+00   5.0150000e+00   5.0420000e+00   5.2110000e+00   5.3550000e+00   5.1390000e+00
   4.8200000e+00   4.9970000e+00   4.8030000e+00   4.8880000e+00   5.4530000e+00   5.2240000e+00
   4.5620000e+00   4.8030000e+00   4.6970000e+00   4.7450000e+00   5.3920000e+00   5.3800000e+00
   4.6530000e+00   4.8170000e+00   4.7680000e+00   4.7960000e+00   5.3920000e+00   5.5030000e+00
   4.8230000e+00   4.9070000e+00   4.8530000e+00   4.8460000e+00   5.3650000e+00   5.4620000e+00
   4.8990000e+00   4.9620000e+00   4.9320000e+00   4.9420000e+00   5.3110000e+00   5.3930000e+00
