   5.6510000e+00   5.7900000e+00   5.7970000e+00   5.8780000e+00   6.2730000e+00   6.1890000e+00
   5.6630000e+00   5.7670000e+00   5.7960000e+00   5.8740000e+00   6.2350000e+00   6.2720000e+00
   5.8360000e+00   5.9150000e+00   5.9500000e+00   6.0050000e+00   6.3270000e+00   6.4050000e+00
   5.9480000e+00   6.0260000e+00   6.0600000e+00   6.1190000e+00   6.3700000e+00   6.4810000e+00
   6.1490000e+00   6.2300000e+00   6.2450000e+00   6.2870000e+00   6.3700000e+00   6.5690000e+00
   6.3210000e+00   6.3790000e+00   6.3890000e+00   6.4080000e+00   6.3670000e+00   6.6330000e+00
   6.4270000e+00   6.4740000e+00   6.4940000e+00   6.5160000e+00   6.1820000e+00   6.5570000e+00
   6.5490000e+00   6.5940000e+00   6.6120000e+00   6.6320000e+00   5.8300000e+00   6.4850000e+00
   6.7480000e+00   6.7390000e+00   6.7590000e+00   6.7450000e+00   5.5550000e+00   6.5440000e+00
   6.8090000e+00   6.9780000e+00   6.9590000e+00   7.0190000e+00   5.6030000e+00   6.6040000e+00
   7.5080000e+00   7.2120000e+00   7.1870000e+00   6.9800000e+00   6.0980000e+00   6.3620000e+00
   7.8390000e+00   8.2150000e+00   7.9110000e+00   7.9390000e+00   6.4540000e+00   6.1120000e+00
   7.8520000e+00   8.0750000e+00   7.9260000e+00   7.9520000e+00   6.5580000e+00   6.1510000e+00
   8.0370000e+00   8.2350000e+00   8.1720000e+00   8.2610000e+00   6.7260000e+00   6.2080000e+00
   8.0550000e+00   8.3270000e+00   8.1620000e+00   8.2130000e+00   6.9330000e+00   6.4540000e+00
   8.2440000e+00   8.3720000e+00   8.3650000e+00   8.4350000e+00   7.1730000e+00   6.6260000e+00
   8.4400000e+00   8.5410000e+00   8.4370000e+00   8.4750000e+00   7.3440000e+00   6.8740000e+00
   8.7370000e+00   8.6260000e+00   8.4010000e+00   8.2320000e+00   7.3470000e+00   7.1410000e+00
   8.8000000e+00   8.9670000e+00   8.8110000e+00   8.8260000e+00   7.3850000e+00   7.2730000e+00
   7.4430000e+00   7.9460000e+00   7.6100000e+00   7.9380000e+00   7.4910000e+00   7.4880000e+00
   8.1830000e+00   8.7650000e+00   8.0530000e+00   7.7770000e+00   7.2270000e+00   7.2020000e+00
   8.2680000e+00   8.7530000e+00   7.8120000e+00   7.5930000e+00   6.8320000e+00   6.8750000e+00
   8.3600000e+00   9.0450000e+00   8.3470000e+00   8.1620000e+00   6.6530000e+00   6.8780000e+00
   7.6130000e+00   8.3960000e+00   8.0900000e+00   8.3520000e+00   6.6330000e+00   6.9770000e+00
   6.8700000e+00   7.6750000e+00   7.3660000e+00   7.8210000e+00   6.5390000e+00   6.9570000e+00
   6.8740000e+00   7.5790000e+00   7.2550000e+00   7.3510000e+00   6.6120000e+00   6.9190000e+00
   6.6690000e+00   7.0700000e+00   7.0780000e+00   7.3380000e+00   6.7860000e+00   6.9670000e+00
   6.8870000e+00   7.0790000e+00   6.9940000e+00   7.0680000e+00   6.8630000e+00   7.0120000e+00
   6.9370000e+00   7.1620000e+00   7.1510000e+00   7.2080000e+00   6.8410000e+00   7.0000000e+00
   7.2770000e+00   7.1780000e+00   7.2770000e+00   7.3220000e+00   6.7510000e+00   6.9870000e+00
   7.5420000e+00   7.5190000e+00   7.4710000e+00   7.3880000e+00   6.6290000e+00   6.8940000e+00
   7.5630000e+00   7.4340000e+00   7.4260000e+00   7.3270000e+00   6.4680000e+00   6.7140000e+00
   7.5360000e+00   7.4660000e+00   7.4920000e+00   7.4260000e+00   6.3010000e+00   6.5300000e+00
   7.4990000e+00   7.4890000e+00   7.4940000e+00   7.4460000e+00   6.0880000e+00   6.2920000e+00
   7.4960000e+00   7.3550000e+00   7.4430000e+00   7.3190000e+00   5.8010000e+00   6.0800000e+00
   7.6520000e+00   7.3080000e+00   7.5720000e+00   7.3570000e+00   5.5300000e+00   5.8940000e+00
   7.7150000e+00   7.5690000e+00   7.8040000e+00   7.6080000e+00   5.2900000e+00   5.7000000e+00
   7.6840000e+00   7.7460000e+00   7.8570000e+00   7.7160000e+00   5.0720000e+00   5.5010000e+00
   7.8150000e+00   7.9950000e+00   7.9730000e+00   7.8980000e+00   4.8850000e+00   5.2620000e+00
   7.9610000e+00   8.0700000e+00   8.1020000e+00   8.0780000e+00   4.7380000e+00   5.0520000e+00
   8.0770000e+00   8.0740000e+00   8.1370000e+00   8.0870000e+00   4.5620000e+00   4.8530000e+00
   8.1170000e+00   8.0190000e+00   8.1310000e+00   8.0580000e+00   4.3950000e+00   4.6360000e+00
   8.0930000e+00   7.8770000e+00   8.0600000e+00   7.9440000e+00   4.2390000e+00   4.4530000e+00
   8.0940000e+00   7.8300000e+00   8.0560000e+00   7.9340000e+00   4.0710000e+00   4.3090000e+00
   8.1400000e+00   7.9710000e+00   8.1660000e+00   8.0350000e+00   3.8980000e+00   4.1550000e+00
   8.2570000e+00   8.1000000e+00   8.2990000e+00   8.0920000e+00   3.6230000e+00   4.0500000e+00
   8.3140000e+00   8.0490000e+00   8.2730000e+00   7.9940000e+00   3.3890000e+00   3.9120000e+00
   8.1730000e+00   7.8060000e+00   8.0500000e+00   7.7410000e+00   3.1470000e+00   3.8810000e+00
   7.9200000e+00   7.5840000e+00   7.7460000e+00   7.5040000e+00   3.3320000e+00   3.8620000e+00
   7.6780000e+00   7.6010000e+00   7.5480000e+00   7.4820000e+00   3.2380000e+00   3.8140000e+00
   7.4490000e+00   7.8310000e+00   7.4900000e+00   7.6660000e+00   3.1930000e+00   3.8560000e+00
   7.2830000e+00   8.1960000e+00   7.5860000e+00   7.9290000e+00   2.8130000e+00   3.5240000e+00
   7.3250000e+00   8.4800000e+00   7.7620000e+00   8.1070000e+00   3.1860000e+00   3.6350000e+00
   7.5150000e+00   8.6550000e+00   7.9860000e+00   8.2440000e+00   2.9590000e+00   3.3700000e+00
   7.5130000e+00   8.5920000e+00   8.0290000e+00   8.2780000e+00   3.2410000e+00   3.4310000e+00
   7.4300000e+00   8.3690000e+00   7.8910000e+00   8.1390000e+00   2.9710000e+00   2.9800000e+00
   7.4020000e+00   8.2570000e+00   7.8470000e+00   8.0950000e+00   3.0820000e+00   3.0710000e+00
   7.5980000e+00   8.2720000e+00   7.9320000e+00   8.1260000e+00   2.9210000e+00   2.7270000e+00
   7.6970000e+00   8.1930000e+00   7.9440000e+00   8.0900000e+00   2.9180000e+00   2.8960000e+00
   7.7800000e+00   8.1580000e+00   7.9120000e+00   7.9600000e+00   2.7570000e+00   2.5850000e+00
   7.8420000e+00   8.1360000e+00   7.8980000e+00   7.8620000e+00   2.6260000e+00   2.5220000e+00
   7.7350000e+00   8.0500000e+00   7.8260000e+00   7.8030000e+00   2.5520000e+00   2.3840000e+00
   7.6240000e+00   7.8790000e+00   7.6490000e+00   7.6050000e+00   2.2820000e+00   2.3640000e+00
   7.3560000e+00   7.5120000e+00   7.3960000e+00   7.3670000e+00   1.9490000e+00   2.6850000e+00
   6.9650000e+00   7.0380000e+00   7.0160000e+00   7.0400000e+00   1.6600000e+00   3.0980000e+00
   6.6730000e+00   6.7360000e+00   6.6940000e+00   6.7420000e+00   1.4850000e+00   3.4660000e+00
   6.2710000e+00   6.4010000e+00   6.3540000e+00   6.4840000e+00   1.4760000e+00   3.6870000e+00
   6.0290000e+00   6.2760000e+00   6.1870000e+00   6.3810000e+00   1.5480000e+00   3.9530000e+00
   5.8590000e+00   6.3550000e+00   6.2460000e+00   6.5400000e+00   1.7540000e+00   4.1800000e+00
   5.8240000e+00   6.4410000e+00   6.3100000e+00   6.6480000e+00   3.2130000e+00   4.3760000e+00
   5.8660000e+00   6.4580000e+00   6.3320000e+00   6.6460000e+00   4.5560000e+00   4.5900000e+00
   5.9940000e+00   6.4550000e+00   6.3580000e+00   6.6100000e+00   4.8060000e+00   4.8930000e+00
   6.1210000e+00   6.5280000e+00   6.4100000e+00   6.5970000e+00   5.0860000e+00   5.0420000e+00
   6.1500000e+00   6.5910000e+00   6.4170000e+00   6.6100000e+00   5.2320000e+00   5.1520000e+00
   6.1420000e+00   6.6340000e+00   6.4100000e+00   6.6050000e+00   5.4640000e+00   5.5160000e+00
   6.2260000e+00   6.6950000e+00   6.5130000e+00   6.6910000e+00   5.5600000e+00   5.7450000e+00
   6.3110000e+00   6.6890000e+00   6.5620000e+00   6.7170000e+00   5.8850000e+00   5.6940000e+00
   6.2910000e+00   6.5380000e+00   6.5020000e+00   6.6330000e+00   6.0080000e+00   5.5550000e+00
   6.2420000e+00   6.3830000e+00   6.4060000e+00   6.5140000e+00   5.9110000e+00   5.6000000e+00
   6.3070000e+00   6.3870000e+00   6.4320000e+00   6.5300000e+00   5.6620000e+00   5.7700000e+00
   6.3190000e+00   6.3210000e+00   6.4070000e+00   6.4700000e+00   5.5530000e+00   5.9260000e+00
   6.3640000e+00   6.2940000e+00   6.4300000e+00   6.4620000e+00   5.7170000e+00   5.9840000e+00
   6.3990000e+00   6.3340000e+00   6.4730000e+00   6.5080000e+00   5.9220000e+00   5.8940000e+00
   6.3150000e+00   6.2210000e+00   6.3710000e+00   6.4150000e+00   5.9710000e+00   5.7980000e+00
   6.4780000e+00   6.3190000e+00   6.4320000e+00   6.3460000e+00   5.9520000e+00   5.7140000e+00
   6.5020000e+00   6.3640000e+00   6.4200000e+00   6.2830000e+00   5.9270000e+00   5.6010000e+00
   6.3870000e+00   6.3300000e+00   6.3480000e+00   6.2390000e+00   5.8680000e+00   5.5200000e+00
   6.2120000e+00   6.0520000e+00   6.1510000e+00   6.0750000e+00   5.7940000e+00   5.4050000e+00
   6.3470000e+00   6.0470000e+00   6.2140000e+00   6.1340000e+00   5.5980000e+00   5.2280000e+00
   6.4540000e+00   6.1200000e+00   6.3010000e+00   6.2300000e+00   5.3680000e+00   5.1140000e+00
   6.5060000e+00   6.2400000e+00   6.3600000e+00   6.2900000e+00   5.2100000e+00   5.0590000e+00
   6.4610000e+00   6.2600000e+00   6.3610000e+00   6.3250000e+00   5.2100000e+00   5.0780000e+00
   6.3520000e+00   6.2120000e+00   6.3220000e+00   6.3180000e+00   5.2440000e+00   5.0720000e+00
   6.2960000e+00   6.1720000e+00   6.2970000e+00   6.3280000e+00   5.2940000e+00   5.0360000e+00
   6.2590000e+00   6.1170000e+00   6.2340000e+00   6.2720000e+00   5.2140000e+00   4.8720000e+00
   6.1580000e+00   6.0500000e+00   6.1180000e+00   6.1460000e+00   4.9230000e+00   4.6130000e+00
   5.9980000e+00   5.9480000e+00   5.9870000e+00   6.0170000e+00   4.6240000e+00   4.3100000e+00
   5.6980000e+00   5.7070000e+00   5.7450000e+00   5.7880000e+00   4.2420000e+00   3.9480000e+00
   5.3390000e+00   5.3590000e+00   5.4170000e+00   5.4670000e+00   3.9600000e+00   3.6200000e+00
   5.0850000e+00   5.1250000e+00   5.1410000e+00   5.1810000e+00   3.7130000e+00   3.3130000e+00
   4.8910000e+00   4.9100000e+00   4.8970000e+00   4.9140000e+00   3.4370000e+00   3.0710000e+00
   4.7320000e+00   4.7380000e+00   4.6980000e+00   4.6980000e+00   3.1490000e+00   2.9190000e+00
   4.4190000e+00   4.4300000e+00   4.4100000e+00   4.4090000e+00   2.8330000e+00   2.6970000e+00
   4.0410000e+00   4.0690000e+00   4.0730000e+00   4.0910000e+00   2.5220000e+00   2.4650000e+00
   3.6780000e+00   3.7000000e+00   3.6940000e+00   3.7030000e+00   2.2640000e+00   2.1910000e+00
   3.3400000e+00   3.3650000e+00   3.3430000e+00   3.3310000e+00   2.0510000e+00   1.9560000e+00
   3.0740000e+00   3.0880000e+00   3.0630000e+00   3.0440000e+00   1.8340000e+00   1.7540000e+00
   2.8640000e+00   2.8710000e+00   2.8350000e+00   2.8150000e+00   1.6250000e+00   1.5430000e+00
   2.7110000e+00   2.7220000e+00   2.6770000e+00   2.6590000e+00   1.4360000e+00   1.3860000e+00
   2.5490000e+00   2.5830000e+00   2.5290000e+00   2.5160000e+00   1.3950000e+00   1.3080000e+00
   2.3720000e+00   2.4150000e+00   2.3510000e+00   2.3260000e+00   1.4160000e+00   1.2420000e+00
   2.2760000e+00   2.3200000e+00   2.2340000e+00   2.1900000e+00   1.4500000e+00   1.2060000e+00
   2.1720000e+00   2.2150000e+00   2.1300000e+00   2.0920000e+00   1.4430000e+00   1.1380000e+00
   2.0550000e+00   2.0900000e+00   2.0200000e+00   1.9980000e+00   1.4250000e+00   1.0590000e+00
   1.9750000e+00   2.0000000e+00   1.9430000e+00   1.9280000e+00   1.4070000e+00   9.8900000e-01
   1.9230000e+00   1.9290000e+00   1.8960000e+00   1.8850000e+00   1.3820000e+00   9.5800000e-01
   1.8810000e+00   1.8700000e+00   1.8430000e+00   1.8250000e+00   1.3650000e+00   9.4500000e-01
   1.8590000e+00   1.8370000e+00   1.8190000e+00   1.8010000e+00   1.3580000e+00   9.2800000e-01
   1.8560000e+00   1.8410000e+00   1.8190000e+00   1.8090000e+00   1.3650000e+00   9.4400000e-01
   1.7870000e+00   1.8310000e+00   1.7880000e+00   1.7750000e+00   1.3700000e+00   9.8800000e-01
   1.7430000e+00   1.8300000e+00   1.8050000e+00   1.8080000e+00   1.3400000e+00   1.0120000e+00
   1.7460000e+00   1.8810000e+00   1.8540000e+00   1.8770000e+00   1.2940000e+00   9.6500000e-01
   1.6910000e+00   1.8630000e+00   1.8320000e+00   1.8600000e+00   1.2340000e+00   9.5400000e-01
   1.6560000e+00   1.8470000e+00   1.8290000e+00   1.8600000e+00   1.2300000e+00   9.8600000e-01
   1.5960000e+00   1.8000000e+00   1.7960000e+00   1.8320000e+00   1.2470000e+00   1.0120000e+00
   1.5710000e+00   1.7600000e+00   1.7720000e+00   1.8100000e+00   1.2550000e+00   1.0310000e+00
   1.5210000e+00   1.7200000e+00   1.7610000e+00   1.8260000e+00   1.2620000e+00   1.0400000e+00
   1.5010000e+00   1.6820000e+00   1.7680000e+00   1.8750000e+00   1.2680000e+00   1.0590000e+00
   1.4770000e+00   1.5940000e+00   1.7170000e+00   1.8420000e+00   1.3250000e+00   1.0880000e+00
   1.4450000e+00   1.4710000e+00   1.5720000e+00   1.6650000e+00   1.4250000e+00   1.2100000e+00
   1.3760000e+00   1.3600000e+00   1.4330000e+00   1.4960000e+00   1.5370000e+00   1.3970000e+00
   1.2990000e+00   1.2300000e+00   1.3020000e+00   1.3580000e+00   1.6750000e+00   1.6450000e+00
   1.2540000e+00   1.1280000e+00   1.2050000e+00   1.2640000e+00   1.8130000e+00   1.8650000e+00
   1.3540000e+00   1.2110000e+00   1.2650000e+00   1.3130000e+00   1.9790000e+00   2.0440000e+00
   1.6520000e+00   1.4140000e+00   1.4370000e+00   1.4350000e+00   2.1650000e+00   2.1420000e+00
   1.9840000e+00   1.6770000e+00   1.6750000e+00   1.6500000e+00   2.3210000e+00   2.2090000e+00
   2.2430000e+00   1.9760000e+00   1.9520000e+00   1.9460000e+00   2.4230000e+00   2.2660000e+00
   2.4800000e+00   2.2500000e+00   2.2200000e+00   2.2450000e+00   2.4490000e+00   2.3170000e+00
   2.7140000e+00   2.4690000e+00   2.4430000e+00   2.5070000e+00   2.4280000e+00   2.3670000e+00
   2.8770000e+00   2.6000000e+00   2.5970000e+00   2.7060000e+00   2.3250000e+00   2.3780000e+00
   2.9340000e+00   2.6320000e+00   2.6630000e+00   2.7810000e+00   2.2020000e+00   2.3660000e+00
   2.9400000e+00   2.6180000e+00   2.6710000e+00   2.7560000e+00   2.1160000e+00   2.3520000e+00
   2.8980000e+00   2.5860000e+00   2.6390000e+00   2.6820000e+00   2.0880000e+00   2.3670000e+00
   2.8390000e+00   2.5680000e+00   2.6090000e+00   2.6220000e+00   2.0880000e+00   2.3830000e+00
   2.7830000e+00   2.5560000e+00   2.5870000e+00   2.5850000e+00   2.0830000e+00   2.3900000e+00
   2.7580000e+00   2.5460000e+00   2.5740000e+00   2.5510000e+00   2.0880000e+00   2.3600000e+00
   2.7820000e+00   2.5660000e+00   2.5890000e+00   2.5450000e+00   2.1090000e+00   2.3580000e+00
   2.8330000e+00   2.6210000e+00   2.6390000e+00   2.5880000e+00   2.1730000e+00   2.4190000e+00
   2.8730000e+00   2.6580000e+00   2.6870000e+00   2.6370000e+00   2.2920000e+00   2.4950000e+00
   2.8750000e+00   2.6750000e+00   2.7150000e+00   2.6730000e+00   2.3660000e+00   2.5650000e+00
   2.8390000e+00   2.6690000e+00   2.7170000e+00   2.6980000e+00   2.4230000e+00   2.6540000e+00
   2.8140000e+00   2.6470000e+00   2.7150000e+00   2.6860000e+00   2.4930000e+00   2.7560000e+00
   2.7770000e+00   2.6450000e+00   2.7060000e+00   2.6720000e+00   2.5420000e+00   2.8340000e+00
   2.7640000e+00   2.6390000e+00   2.6670000e+00   2.6150000e+00   2.5720000e+00   2.9030000e+00
   2.7170000e+00   2.5880000e+00   2.5950000e+00   2.5230000e+00   2.6060000e+00   2.9480000e+00
   2.6450000e+00   2.5150000e+00   2.5230000e+00   2.4480000e+00   2.6570000e+00   2.9780000e+00
   2.5930000e+00   2.4570000e+00   2.4630000e+00   2.3850000e+00   2.7060000e+00   2.9300000e+00
   2.5450000e+00   2.4170000e+00   2.4190000e+00   2.3490000e+00   2.8000000e+00   2.8960000e+00
   2.4800000e+00   2.3750000e+00   2.3760000e+00   2.3330000e+00   2.8800000e+00   2.7920000e+00
   2.4130000e+00   2.3460000e+00   2.3630000e+00   2.3490000e+00   2.9800000e+00   2.7060000e+00
   2.3620000e+00   2.3330000e+00   2.3950000e+00   2.4200000e+00   3.2490000e+00   2.6640000e+00
   2.4090000e+00   2.4150000e+00   2.5110000e+00   2.5610000e+00   3.4750000e+00   2.5390000e+00
   2.5830000e+00   2.5910000e+00   2.6690000e+00   2.6970000e+00   3.7160000e+00   2.4670000e+00
   2.7680000e+00   2.7550000e+00   2.7780000e+00   2.7740000e+00   3.8290000e+00   2.5590000e+00
   2.8710000e+00   2.8160000e+00   2.8500000e+00   2.8380000e+00   3.8620000e+00   2.7620000e+00
   3.1440000e+00   2.9270000e+00   3.0600000e+00   3.0150000e+00   3.6520000e+00   2.9170000e+00
   3.5700000e+00   3.2750000e+00   3.4160000e+00   3.3410000e+00   3.3450000e+00   3.0530000e+00
   3.7620000e+00   3.6050000e+00   3.5860000e+00   3.5150000e+00   3.1930000e+00   3.1850000e+00
   3.7030000e+00   3.6100000e+00   3.5270000e+00   3.4460000e+00   3.0710000e+00   3.2090000e+00
   3.6470000e+00   3.6230000e+00   3.5630000e+00   3.5310000e+00   2.9430000e+00   3.1120000e+00
   3.6570000e+00   3.7120000e+00   3.6800000e+00   3.6940000e+00   2.8590000e+00   3.0070000e+00
   3.8100000e+00   3.8630000e+00   3.8000000e+00   3.7870000e+00   2.8130000e+00   2.9080000e+00
   3.8260000e+00   3.8870000e+00   3.7850000e+00   3.7650000e+00   2.7660000e+00   2.7830000e+00
   3.7900000e+00   3.8060000e+00   3.7480000e+00   3.7260000e+00   2.7150000e+00   2.6790000e+00
   3.8290000e+00   3.8210000e+00   3.8160000e+00   3.8160000e+00   2.6500000e+00   2.5880000e+00
   3.8700000e+00   3.8850000e+00   3.8550000e+00   3.8500000e+00   2.5920000e+00   2.5170000e+00
   3.8640000e+00   3.8980000e+00   3.8500000e+00   3.8430000e+00   2.5340000e+00   2.4460000e+00
   3.8530000e+00   3.8840000e+00   3.8370000e+00   3.8280000e+00   2.5170000e+00   2.3660000e+00
   3.8520000e+00   3.9070000e+00   3.8070000e+00   3.7810000e+00   2.5180000e+00   2.3250000e+00
   3.8590000e+00   3.8800000e+00   3.8040000e+00   3.7740000e+00   2.5310000e+00   2.3590000e+00
   3.9650000e+00   3.9310000e+00   3.9170000e+00   3.8910000e+00   2.5050000e+00   2.2890000e+00
   4.1400000e+00   4.0710000e+00   4.0940000e+00   4.0620000e+00   2.3970000e+00   2.1660000e+00
   4.4080000e+00   4.3020000e+00   4.3520000e+00   4.3210000e+00   2.2680000e+00   2.0350000e+00
   4.6080000e+00   4.5150000e+00   4.5610000e+00   4.5420000e+00   2.1910000e+00   1.9450000e+00
   4.6860000e+00   4.6290000e+00   4.6740000e+00   4.6730000e+00   2.1420000e+00   2.1520000e+00
   4.6750000e+00   4.6180000e+00   4.7080000e+00   4.7010000e+00   2.1090000e+00   2.6700000e+00
   4.6620000e+00   4.5930000e+00   4.6510000e+00   4.6290000e+00   2.1110000e+00   2.9760000e+00
   4.7590000e+00   4.5830000e+00   4.6340000e+00   4.5730000e+00   2.2800000e+00   2.9310000e+00
   4.9740000e+00   4.6980000e+00   4.8030000e+00   4.7380000e+00   2.7670000e+00   2.8570000e+00
   4.9280000e+00   4.7180000e+00   4.8230000e+00   4.7860000e+00   2.7520000e+00   2.6810000e+00
   4.8160000e+00   4.6630000e+00   4.7560000e+00   4.7430000e+00   2.6990000e+00   2.7920000e+00
   4.8240000e+00   4.7080000e+00   4.7210000e+00   4.7030000e+00   2.5870000e+00   3.1720000e+00
   4.8060000e+00   4.7610000e+00   4.6780000e+00   4.6460000e+00   2.3930000e+00   3.3090000e+00
   4.8110000e+00   4.7930000e+00   4.6560000e+00   4.6100000e+00   2.2790000e+00   3.1070000e+00
   4.7900000e+00   4.7700000e+00   4.6690000e+00   4.6400000e+00   2.0760000e+00   2.6850000e+00
   4.6280000e+00   4.6180000e+00   4.5570000e+00   4.5450000e+00   1.8210000e+00   2.3040000e+00
   4.5230000e+00   4.5660000e+00   4.4630000e+00   4.4390000e+00   1.4910000e+00   1.9820000e+00
   4.5260000e+00   4.5760000e+00   4.4800000e+00   4.4630000e+00   1.1830000e+00   1.7470000e+00
   4.6290000e+00   4.6370000e+00   4.5600000e+00   4.5360000e+00   1.0950000e+00   1.5370000e+00
   4.7450000e+00   4.7480000e+00   4.6730000e+00   4.6530000e+00   1.0420000e+00   1.3680000e+00
   4.7560000e+00   4.7990000e+00   4.7100000e+00   4.7050000e+00   1.0100000e+00   1.2480000e+00
   4.6510000e+00   4.7430000e+00   4.6270000e+00   4.6310000e+00   1.0660000e+00   1.1490000e+00
   4.5080000e+00   4.6130000e+00   4.4950000e+00   4.5040000e+00   1.1620000e+00   9.9600000e-01
   4.3800000e+00   4.4760000e+00   4.3660000e+00   4.3750000e+00   1.2430000e+00   8.3700000e-01
   4.2720000e+00   4.3600000e+00   4.2400000e+00   4.2440000e+00   1.3140000e+00   7.2900000e-01
   4.1660000e+00   4.2480000e+00   4.1140000e+00   4.0950000e+00   1.4180000e+00   7.0800000e-01
   4.0320000e+00   4.0860000e+00   3.9740000e+00   3.9440000e+00   1.6070000e+00   8.0700000e-01
   3.9450000e+00   3.9850000e+00   3.8820000e+00   3.8570000e+00   1.7760000e+00   1.0120000e+00
   3.9180000e+00   3.9460000e+00   3.8450000e+00   3.8170000e+00   1.8720000e+00   1.2920000e+00
   3.9440000e+00   3.9780000e+00   3.8650000e+00   3.8400000e+00   1.8880000e+00   1.4700000e+00
   4.0440000e+00   4.0630000e+00   3.9370000e+00   3.9080000e+00   1.9650000e+00   1.5570000e+00
   3.9810000e+00   3.9610000e+00   3.8640000e+00   3.8320000e+00   2.1780000e+00   1.6310000e+00
   3.6910000e+00   3.6730000e+00   3.6110000e+00   3.5890000e+00   2.5300000e+00   1.8410000e+00
   3.3290000e+00   3.3930000e+00   3.3040000e+00   3.2970000e+00   2.9600000e+00   2.2170000e+00
   3.1990000e+00   3.4250000e+00   3.1930000e+00   3.1830000e+00   3.3980000e+00   2.6610000e+00
   3.3730000e+00   3.6730000e+00   3.3770000e+00   3.3780000e+00   4.0520000e+00   3.0390000e+00
   3.2090000e+00   3.4790000e+00   3.3530000e+00   3.3880000e+00   4.3130000e+00   3.2540000e+00
   2.8960000e+00   3.2160000e+00   3.1350000e+00   3.1940000e+00   4.0400000e+00   3.2350000e+00
   2.7600000e+00   3.1340000e+00   3.0470000e+00   3.0950000e+00   3.5390000e+00   3.0210000e+00
   2.8590000e+00   3.3540000e+00   3.1860000e+00   3.2190000e+00   3.2190000e+00   2.8500000e+00
   3.2190000e+00   3.7400000e+00   3.5570000e+00   3.5980000e+00   3.1770000e+00   2.7390000e+00
   3.7050000e+00   4.1350000e+00   3.9780000e+00   3.9860000e+00   3.3990000e+00   2.9490000e+00
   4.1600000e+00   4.6010000e+00   4.4100000e+00   4.3870000e+00   3.5520000e+00   3.2980000e+00
   4.8180000e+00   4.9600000e+00   4.8350000e+00   4.8310000e+00   3.4720000e+00   3.4170000e+00
   5.2700000e+00   5.1000000e+00   5.0600000e+00   5.1210000e+00   3.4930000e+00   3.5060000e+00
   5.4040000e+00   5.1340000e+00   5.1280000e+00   5.2300000e+00   3.6430000e+00   3.4850000e+00
   5.5630000e+00   5.2710000e+00   5.2430000e+00   5.3720000e+00   3.7970000e+00   3.5420000e+00
   5.7820000e+00   5.4550000e+00   5.4230000e+00   5.5720000e+00   3.9490000e+00   3.6990000e+00
   5.9110000e+00   5.5620000e+00   5.5560000e+00   5.7100000e+00   4.0340000e+00   3.8490000e+00
   5.9270000e+00   5.5980000e+00   5.6090000e+00   5.7550000e+00   4.1000000e+00   3.9820000e+00
   5.9390000e+00   5.6610000e+00   5.6590000e+00   5.7890000e+00   4.2160000e+00   4.1000000e+00
   5.9930000e+00   5.7790000e+00   5.7500000e+00   5.8660000e+00   4.3850000e+00   4.2260000e+00
   6.1430000e+00   5.9630000e+00   5.9430000e+00   6.0510000e+00   4.4990000e+00   4.3320000e+00
   6.3120000e+00   6.2140000e+00   6.1650000e+00   6.2660000e+00   4.5720000e+00   4.4280000e+00
   6.8050000e+00   6.8710000e+00   6.7370000e+00   6.9000000e+00   4.6880000e+00   4.5040000e+00
   7.2910000e+00   7.2060000e+00   7.1600000e+00   7.2620000e+00   4.9190000e+00   4.5820000e+00
   7.5680000e+00   7.4940000e+00   7.4220000e+00   7.4990000e+00   5.2220000e+00   4.6780000e+00
   7.7370000e+00   7.6520000e+00   7.5730000e+00   7.6250000e+00   5.5800000e+00   4.7860000e+00
   7.7990000e+00   7.7360000e+00   7.6540000e+00   7.7050000e+00   5.8530000e+00   4.9570000e+00
   7.8560000e+00   7.8540000e+00   7.7570000e+00   7.8210000e+00   5.9700000e+00   5.2900000e+00
   7.9360000e+00   7.9700000e+00   7.8680000e+00   7.9450000e+00   6.2040000e+00   5.7260000e+00
   7.9780000e+00   8.0220000e+00   7.9330000e+00   8.0210000e+00   6.3720000e+00   5.9140000e+00
   7.9740000e+00   8.0350000e+00   7.9630000e+00   8.0660000e+00   6.4450000e+00   5.9230000e+00
   7.9570000e+00   8.0350000e+00   7.9780000e+00   8.0870000e+00   6.4560000e+00   6.0040000e+00
   7.9250000e+00   8.0190000e+00   7.9670000e+00   8.0770000e+00   6.4980000e+00   6.3150000e+00
   7.8550000e+00   7.9660000e+00   7.9090000e+00   8.0190000e+00   6.5730000e+00   6.6090000e+00
   7.7580000e+00   7.8890000e+00   7.8280000e+00   7.9380000e+00   6.6580000e+00   6.7330000e+00
   7.6510000e+00   7.8090000e+00   7.7370000e+00   7.8510000e+00   6.7450000e+00   6.7610000e+00
   7.5340000e+00   7.7250000e+00   7.6410000e+00   7.7560000e+00   6.8280000e+00   6.7970000e+00
   7.3890000e+00   7.6020000e+00   7.5140000e+00   7.6320000e+00   6.8740000e+00   6.8340000e+00
   7.2450000e+00   7.4620000e+00   7.3840000e+00   7.5000000e+00   6.7500000e+00   6.7610000e+00
   7.0920000e+00   7.3340000e+00   7.2500000e+00   7.3700000e+00   6.6160000e+00   6.5800000e+00
   6.9270000e+00   7.2020000e+00   7.1110000e+00   7.2370000e+00   6.6300000e+00   6.5050000e+00
   6.7730000e+00   7.0840000e+00   6.9880000e+00   7.1230000e+00   6.6790000e+00   6.5270000e+00
   6.6140000e+00   6.9580000e+00   6.8570000e+00   7.0030000e+00   6.5600000e+00   6.4450000e+00
   6.4930000e+00   6.8120000e+00   6.7120000e+00   6.8590000e+00   6.5470000e+00   6.5420000e+00
   6.4060000e+00   6.6870000e+00   6.5910000e+00   6.7160000e+00   6.7080000e+00   6.9960000e+00
   6.3030000e+00   6.5450000e+00   6.4630000e+00   6.5780000e+00   6.8270000e+00   7.1630000e+00
   6.1160000e+00   6.3330000e+00   6.2670000e+00   6.3690000e+00   6.7880000e+00   7.1840000e+00
   5.8870000e+00   6.0640000e+00   6.0180000e+00   6.1050000e+00   6.7080000e+00   7.3740000e+00
   5.7670000e+00   5.8910000e+00   5.8620000e+00   5.9260000e+00   6.8100000e+00   7.4080000e+00
   5.6670000e+00   5.7760000e+00   5.7440000e+00   5.7940000e+00   6.9060000e+00   7.4750000e+00
   5.5440000e+00   5.6350000e+00   5.6020000e+00   5.6350000e+00   7.0080000e+00   7.5560000e+00
   5.3590000e+00   5.4300000e+00   5.4080000e+00   5.4220000e+00   7.1130000e+00   7.6220000e+00
   5.2820000e+00   5.2810000e+00   5.3020000e+00   5.2920000e+00   7.1830000e+00   7.6630000e+00
   5.2820000e+00   5.2510000e+00   5.2900000e+00   5.2720000e+00   7.2000000e+00   7.6130000e+00
   5.3330000e+00   5.2660000e+00   5.3300000e+00   5.3050000e+00   7.2160000e+00   7.5600000e+00
   5.3930000e+00   5.5040000e+00   5.4170000e+00   5.4310000e+00   7.2960000e+00   7.5470000e+00
   5.5360000e+00   5.6490000e+00   5.6490000e+00   5.6970000e+00   7.3140000e+00   7.5150000e+00
   5.6290000e+00   5.6320000e+00   5.6440000e+00   5.6710000e+00   7.2720000e+00   7.3660000e+00
   5.6350000e+00   5.6280000e+00   5.6620000e+00   5.6630000e+00   7.1550000e+00   7.1750000e+00
   5.7640000e+00   5.7140000e+00   5.7820000e+00   5.7720000e+00   7.0620000e+00   7.1290000e+00
   5.9000000e+00   5.7930000e+00   5.8710000e+00   5.8430000e+00   7.0560000e+00   7.1000000e+00
   6.0470000e+00   5.8980000e+00   5.9880000e+00   5.9610000e+00   7.1410000e+00   7.0950000e+00
   6.1220000e+00   6.0040000e+00   6.0560000e+00   6.0280000e+00   7.2620000e+00   7.1650000e+00
   6.0820000e+00   6.0270000e+00   6.0260000e+00   6.0020000e+00   7.3570000e+00   7.2810000e+00
   5.9990000e+00   5.9590000e+00   5.9530000e+00   5.9340000e+00   7.4170000e+00   7.4250000e+00
   5.9430000e+00   5.8810000e+00   5.8840000e+00   5.8470000e+00   7.4290000e+00   7.5260000e+00
   5.8800000e+00   5.8340000e+00   5.8310000e+00   5.7920000e+00   7.5450000e+00   7.3570000e+00
   5.8930000e+00   5.8150000e+00   5.8450000e+00   5.8020000e+00   7.4500000e+00   6.9530000e+00
   5.9450000e+00   5.8350000e+00   5.8840000e+00   5.8390000e+00   6.8790000e+00   6.8170000e+00
   5.9170000e+00   5.8630000e+00   5.8680000e+00   5.8320000e+00   6.6980000e+00   6.9230000e+00
   5.8570000e+00   5.8100000e+00   5.8190000e+00   5.7830000e+00   6.6330000e+00   6.9250000e+00
   5.9770000e+00   5.8550000e+00   5.9330000e+00   5.9110000e+00   6.5760000e+00   6.9120000e+00
   5.8970000e+00   5.9520000e+00   5.8930000e+00   5.9170000e+00   6.8230000e+00   7.2140000e+00
   5.5100000e+00   5.6000000e+00   5.5010000e+00   5.4680000e+00   7.2210000e+00   7.5070000e+00
   5.5170000e+00   5.3300000e+00   5.4330000e+00   5.3420000e+00   7.3810000e+00   7.6120000e+00
   5.6700000e+00   5.4840000e+00   5.5780000e+00   5.5110000e+00   7.3140000e+00   7.6270000e+00
   5.5330000e+00   5.4370000e+00   5.4550000e+00   5.3600000e+00   7.1560000e+00   7.4060000e+00
   5.6200000e+00   5.3190000e+00   5.4850000e+00   5.3880000e+00   6.7910000e+00   7.0050000e+00
   5.7400000e+00   5.4960000e+00   5.6300000e+00   5.5800000e+00   6.1600000e+00   6.8950000e+00
   5.4850000e+00   5.5710000e+00   5.4870000e+00   5.5230000e+00   5.9530000e+00   6.8790000e+00
   5.0600000e+00   5.2610000e+00   5.1140000e+00   5.1240000e+00   5.9940000e+00   6.7960000e+00
   4.8750000e+00   4.9250000e+00   4.8920000e+00   4.8750000e+00   6.2710000e+00   6.6720000e+00
   4.8870000e+00   4.8790000e+00   4.8970000e+00   4.8760000e+00   6.6330000e+00   6.5750000e+00
   4.8400000e+00   4.9090000e+00   4.8630000e+00   4.8490000e+00   6.8270000e+00   6.5610000e+00
   4.8140000e+00   4.7760000e+00   4.7930000e+00   4.7590000e+00   6.8920000e+00   6.6110000e+00
   5.0270000e+00   4.8420000e+00   4.9700000e+00   4.9050000e+00   6.9100000e+00   6.6950000e+00
   5.4160000e+00   5.3080000e+00   5.3550000e+00   5.3180000e+00   7.0080000e+00   6.8210000e+00
   5.7830000e+00   5.7570000e+00   5.7750000e+00   5.7700000e+00   7.1740000e+00   6.8420000e+00
   6.3260000e+00   6.1150000e+00   6.2370000e+00   6.1860000e+00   7.2730000e+00   6.7570000e+00
   6.7160000e+00   6.4710000e+00   6.6110000e+00   6.5630000e+00   7.2910000e+00   6.6800000e+00
   6.6080000e+00   6.5620000e+00   6.5770000e+00   6.5840000e+00   7.2750000e+00   6.6690000e+00
   6.2340000e+00   6.2740000e+00   6.2700000e+00   6.3040000e+00   7.1740000e+00   6.6980000e+00
   6.0060000e+00   6.0310000e+00   6.0510000e+00   6.0760000e+00   7.0810000e+00   6.7950000e+00
   5.8700000e+00   5.8480000e+00   5.9040000e+00   5.9050000e+00   7.0000000e+00   6.8720000e+00
   5.7330000e+00   5.6410000e+00   5.7460000e+00   5.7260000e+00   6.8650000e+00   6.8850000e+00
   5.5980000e+00   5.4930000e+00   5.6150000e+00   5.5940000e+00   6.6980000e+00   6.9050000e+00
   5.4560000e+00   5.4340000e+00   5.4920000e+00   5.4870000e+00   6.7930000e+00   7.0700000e+00
   5.3040000e+00   5.3580000e+00   5.3830000e+00   5.3800000e+00   6.8100000e+00   7.2920000e+00
   5.2550000e+00   5.3080000e+00   5.3220000e+00   5.3230000e+00   6.4430000e+00   7.0860000e+00
   5.3190000e+00   5.3420000e+00   5.3510000e+00   5.3430000e+00   5.9100000e+00   6.4450000e+00
   5.4570000e+00   5.4720000e+00   5.4710000e+00   5.4630000e+00   5.5650000e+00   5.9880000e+00
   5.5660000e+00   5.6150000e+00   5.5860000e+00   5.5890000e+00   5.5520000e+00   5.7500000e+00
   5.5730000e+00   5.6830000e+00   5.6350000e+00   5.6650000e+00   5.8660000e+00   6.0000000e+00
   5.5070000e+00   5.6420000e+00   5.5860000e+00   5.6250000e+00   5.9210000e+00   6.0030000e+00
   5.3760000e+00   5.5110000e+00   5.4520000e+00   5.4880000e+00   5.7450000e+00   5.7630000e+00
   5.2530000e+00   5.3260000e+00   5.2940000e+00   5.3050000e+00   5.6560000e+00   5.6680000e+00
   5.2440000e+00   5.2000000e+00   5.2140000e+00   5.1760000e+00   5.9700000e+00   5.8880000e+00
   5.3230000e+00   5.1870000e+00   5.2250000e+00   5.1420000e+00   6.2140000e+00   6.0600000e+00
   5.3600000e+00   5.1860000e+00   5.2370000e+00   5.1410000e+00   6.2290000e+00   6.1380000e+00
   5.3830000e+00   5.1540000e+00   5.2420000e+00   5.1350000e+00   6.3230000e+00   6.3250000e+00
   5.5620000e+00   5.1560000e+00   5.3390000e+00   5.1820000e+00   6.5090000e+00   6.5920000e+00
   5.7130000e+00   5.2230000e+00   5.4270000e+00   5.2310000e+00   6.6550000e+00   6.8260000e+00
   5.8430000e+00   5.3310000e+00   5.5570000e+00   5.3620000e+00   6.7040000e+00   6.9550000e+00
   5.9440000e+00   5.4270000e+00   5.6730000e+00   5.4910000e+00   6.7200000e+00   7.0090000e+00
   6.1210000e+00   5.5800000e+00   5.9390000e+00   5.7900000e+00   6.7520000e+00   7.0470000e+00
   6.2930000e+00   5.7440000e+00   6.1230000e+00   6.0420000e+00   6.7880000e+00   7.1200000e+00
   6.4300000e+00   6.0820000e+00   6.2780000e+00   6.1920000e+00   6.8350000e+00   7.2020000e+00
   6.5010000e+00   6.2500000e+00   6.3660000e+00   6.2860000e+00   6.9050000e+00   7.2330000e+00
   6.5460000e+00   6.3330000e+00   6.4250000e+00   6.3590000e+00   6.9230000e+00   7.2440000e+00
   6.6000000e+00   6.3800000e+00   6.4640000e+00   6.3970000e+00   6.9800000e+00   7.2280000e+00
   6.6290000e+00   6.4480000e+00   6.5030000e+00   6.4610000e+00   7.0100000e+00   7.2120000e+00
   6.6940000e+00   6.4970000e+00   6.5570000e+00   6.5310000e+00   7.0480000e+00   7.2280000e+00
   6.7370000e+00   6.5990000e+00   6.6160000e+00   6.6160000e+00   7.1010000e+00   7.2420000e+00
   6.8020000e+00   6.7050000e+00   6.7050000e+00   6.7130000e+00   7.1080000e+00   7.2210000e+00
   6.8660000e+00   6.7940000e+00   6.7540000e+00   6.7550000e+00   7.1110000e+00   7.2110000e+00
   6.9070000e+00   6.8900000e+00   6.8330000e+00   6.8360000e+00   7.1870000e+00   7.2550000e+00
   6.9300000e+00   6.9530000e+00   6.8850000e+00   6.8840000e+00   7.2560000e+00   7.2740000e+00
   6.9590000e+00   6.9950000e+00   6.9180000e+00   6.9200000e+00   7.3530000e+00   7.2930000e+00
   6.9740000e+00   7.0240000e+00   6.9420000e+00   6.9450000e+00   7.4690000e+00   7.3580000e+00
   6.9810000e+00   7.0240000e+00   6.9470000e+00   6.9500000e+00   7.5360000e+00   7.4480000e+00
   7.0100000e+00   7.0480000e+00   6.9750000e+00   6.9790000e+00   7.6440000e+00   7.5610000e+00
   7.0660000e+00   7.1150000e+00   7.0280000e+00   7.0050000e+00   7.7990000e+00   7.6580000e+00
   7.0750000e+00   7.0030000e+00   6.9770000e+00   6.9270000e+00   7.8420000e+00   7.7520000e+00
   7.1450000e+00   7.0900000e+00   7.0740000e+00   7.0360000e+00   7.7990000e+00   7.8360000e+00
   7.1830000e+00   7.1340000e+00   7.1290000e+00   7.1090000e+00   7.7690000e+00   7.8360000e+00
   7.2150000e+00   7.1660000e+00   7.1570000e+00   7.1400000e+00   7.7000000e+00   7.6870000e+00
   7.2490000e+00   7.2120000e+00   7.1980000e+00   7.1870000e+00   7.6990000e+00   7.5060000e+00
   7.2810000e+00   7.2880000e+00   7.2520000e+00   7.2690000e+00   7.6870000e+00   7.4050000e+00
   7.2410000e+00   7.3590000e+00   7.2550000e+00   7.3120000e+00   7.3250000e+00   7.3310000e+00
   7.2330000e+00   7.3730000e+00   7.2560000e+00   7.2860000e+00   6.9900000e+00   7.4190000e+00
   7.2940000e+00   7.4320000e+00   7.2970000e+00   7.3010000e+00   6.8780000e+00   7.6260000e+00
   7.3380000e+00   7.4930000e+00   7.3390000e+00   7.3490000e+00   6.8920000e+00   7.8790000e+00
   7.3850000e+00   7.5390000e+00   7.3950000e+00   7.3920000e+00   6.9850000e+00   8.0850000e+00
   7.3870000e+00   7.5230000e+00   7.4120000e+00   7.4190000e+00   7.2520000e+00   8.1210000e+00
   7.3560000e+00   7.5020000e+00   7.4000000e+00   7.4180000e+00   7.6760000e+00   8.1350000e+00
   7.3060000e+00   7.4060000e+00   7.3230000e+00   7.3380000e+00   8.0030000e+00   8.1510000e+00
   7.2980000e+00   7.3310000e+00   7.2690000e+00   7.2550000e+00   8.0920000e+00   8.1560000e+00
   7.3410000e+00   7.3280000e+00   7.2800000e+00   7.2420000e+00   7.9870000e+00   8.1550000e+00
   7.4450000e+00   7.4470000e+00   7.4010000e+00   7.3590000e+00   7.8520000e+00   8.1450000e+00
   7.5260000e+00   7.6050000e+00   7.5430000e+00   7.5340000e+00   7.8370000e+00   8.0950000e+00
   7.5750000e+00   7.6990000e+00   7.6390000e+00   7.6700000e+00   7.9520000e+00   8.0220000e+00
   7.5890000e+00   7.7270000e+00   7.6640000e+00   7.7020000e+00   8.0640000e+00   8.0120000e+00
   7.5740000e+00   7.7120000e+00   7.6390000e+00   7.6740000e+00   8.0930000e+00   8.0090000e+00
   7.5360000e+00   7.6630000e+00   7.5820000e+00   7.6080000e+00   8.0870000e+00   8.0100000e+00
   7.5250000e+00   7.6260000e+00   7.5430000e+00   7.5470000e+00   8.0280000e+00   7.9730000e+00
   7.5140000e+00   7.6310000e+00   7.5360000e+00   7.5350000e+00   7.9530000e+00   7.9260000e+00
   7.4560000e+00   7.6120000e+00   7.5070000e+00   7.5220000e+00   7.9020000e+00   7.8730000e+00
   7.2880000e+00   7.4880000e+00   7.3910000e+00   7.4380000e+00   7.8880000e+00   7.8250000e+00
   7.0850000e+00   7.2680000e+00   7.2100000e+00   7.2740000e+00   7.8890000e+00   7.8060000e+00
   7.0290000e+00   7.1090000e+00   7.0990000e+00   7.1280000e+00   7.8950000e+00   7.7890000e+00
   7.1370000e+00   7.1220000e+00   7.1330000e+00   7.1090000e+00   7.8860000e+00   7.8100000e+00
   7.3010000e+00   7.2750000e+00   7.2580000e+00   7.1910000e+00   7.8750000e+00   7.8710000e+00
   7.4680000e+00   7.4710000e+00   7.4190000e+00   7.3400000e+00   7.8320000e+00   7.9460000e+00
   7.4750000e+00   7.5610000e+00   7.5090000e+00   7.4890000e+00   7.7840000e+00   8.0140000e+00
   7.4400000e+00   7.5690000e+00   7.5540000e+00   7.5980000e+00   7.7040000e+00   8.0160000e+00
