   6.2499000e+00   6.4654000e+00   6.4384000e+00   6.5545000e+00   5.2644000e+00   5.3311000e+00
   5.9878000e+00   6.1912000e+00   6.1806000e+00   6.3079000e+00   5.1512000e+00   5.3386000e+00
   5.9486000e+00   6.1321000e+00   6.1385000e+00   6.2431000e+00   5.1460000e+00   5.4102000e+00
   5.8217000e+00   5.9732000e+00   5.9846000e+00   6.0802000e+00   4.9630000e+00   5.3094000e+00
   5.7582000e+00   5.9135000e+00   5.9208000e+00   6.0026000e+00   4.9204000e+00   5.3272000e+00
   5.7145000e+00   5.8024000e+00   5.7970000e+00   5.8197000e+00   4.9007000e+00   5.3122000e+00
   5.5412000e+00   5.5742000e+00   5.5907000e+00   5.5937000e+00   4.7006000e+00   5.1010000e+00
   5.4881000e+00   5.4772000e+00   5.5195000e+00   5.5049000e+00   4.1859000e+00   5.0705000e+00
   5.3066000e+00   5.3705000e+00   5.3880000e+00   5.3960000e+00   3.8001000e+00   5.3508000e+00
   5.6094000e+00   5.4022000e+00   5.5435000e+00   5.4622000e+00   3.9546000e+00   5.5989000e+00
   5.6152000e+00   5.9155000e+00   5.7139000e+00   5.7147000e+00   4.5274000e+00   5.6153000e+00
   6.1446000e+00   5.9154000e+00   5.8139000e+00   5.5695000e+00   5.1884000e+00   5.7865000e+00
   6.6795000e+00   6.6171000e+00   6.5441000e+00   6.4394000e+00   5.6211000e+00   5.8263000e+00
   7.0253000e+00   7.0049000e+00   6.9613000e+00   6.9424000e+00   6.0463000e+00   5.8732000e+00
   7.9827000e+00   7.9632000e+00   7.9368000e+00   7.8693000e+00   6.5127000e+00   6.4292000e+00
   8.4449000e+00   8.4380000e+00   8.4477000e+00   8.5060000e+00   7.0630000e+00   6.7946000e+00
   9.0472000e+00   8.9956000e+00   8.9253000e+00   8.8987000e+00   7.5170000e+00   7.2686000e+00
   9.2496000e+00   9.2730000e+00   8.9534000e+00   8.8079000e+00   7.8696000e+00   7.7498000e+00
   8.7416000e+00   9.0278000e+00   8.7010000e+00   8.6843000e+00   8.3028000e+00   8.2260000e+00
   8.5157000e+00   8.9778000e+00   8.2922000e+00   8.2614000e+00   8.9195000e+00   8.9992000e+00
   8.8588000e+00   9.4216000e+00   8.3832000e+00   8.0072000e+00   8.8136000e+00   8.8097000e+00
   8.1160000e+00   8.8426000e+00   7.3332000e+00   6.9055000e+00   8.4449000e+00   8.5728000e+00
   8.0752000e+00   8.7505000e+00   7.7711000e+00   7.2706000e+00   8.3242000e+00   8.6789000e+00
   6.9543000e+00   7.8495000e+00   7.3424000e+00   7.4682000e+00   8.3615000e+00   8.9033000e+00
   6.4734000e+00   6.8954000e+00   6.6461000e+00   6.7896000e+00   8.4020000e+00   9.0341000e+00
   6.4144000e+00   6.8050000e+00   6.7487000e+00   6.7595000e+00   8.7844000e+00   9.2727000e+00
   6.1714000e+00   6.2353000e+00   6.5794000e+00   6.7543000e+00   9.2568000e+00   9.5715000e+00
   6.5113000e+00   6.3765000e+00   6.6857000e+00   6.6741000e+00   9.4882000e+00   9.7611000e+00
   7.1010000e+00   6.7318000e+00   7.2847000e+00   7.1401000e+00   9.5041000e+00   9.8203000e+00
   7.8001000e+00   6.9366000e+00   7.6394000e+00   7.4969000e+00   9.4729000e+00   9.8478000e+00
   8.2510000e+00   7.5331000e+00   7.9314000e+00   7.5124000e+00   9.3670000e+00   9.7721000e+00
   8.1675000e+00   7.2932000e+00   7.8228000e+00   7.4834000e+00   9.2251000e+00   9.5566000e+00
   8.3997000e+00   7.6839000e+00   8.1557000e+00   7.7970000e+00   9.0551000e+00   9.3267000e+00
   8.6476000e+00   7.7596000e+00   8.3206000e+00   7.9448000e+00   8.7862000e+00   9.0099000e+00
   9.2140000e+00   8.0824000e+00   8.8211000e+00   8.3023000e+00   8.3762000e+00   8.7196000e+00
   9.5664000e+00   8.4529000e+00   9.2588000e+00   8.7897000e+00   7.9701000e+00   8.4682000e+00
   9.7101000e+00   9.2364000e+00   9.7307000e+00   9.4303000e+00   7.5932000e+00   8.1832000e+00
   9.7591000e+00   9.5831000e+00   9.8275000e+00   9.5904000e+00   7.2471000e+00   7.8950000e+00
   9.9746000e+00   9.9682000e+00   1.0026100e+01   9.8882000e+00   6.9451000e+00   7.5396000e+00
   1.0454400e+01   1.0125100e+01   1.0340500e+01   1.0196000e+01   6.6995000e+00   7.2162000e+00
   1.0801000e+01   1.0220600e+01   1.0520800e+01   1.0298400e+01   6.4089000e+00   6.8990000e+00
   1.0946100e+01   1.0125300e+01   1.0525300e+01   1.0200800e+01   6.1409000e+00   6.5490000e+00
   1.0843700e+01   9.6751000e+00   1.0296900e+01   9.8309000e+00   5.8899000e+00   6.2587000e+00
   1.0787100e+01   9.3643000e+00   1.0174900e+01   9.6698000e+00   5.6214000e+00   6.0304000e+00
   1.0698400e+01   9.4517000e+00   1.0232900e+01   9.8051000e+00   5.3591000e+00   5.7928000e+00
   1.0803400e+01   9.8111000e+00   1.0515600e+01   1.0046500e+01   4.9295000e+00   5.6255000e+00
   1.0894200e+01   9.7795000e+00   1.0518300e+01   9.9001000e+00   4.5262000e+00   5.4065000e+00
   1.0734300e+01   9.2408000e+00   1.0140100e+01   9.2912000e+00   4.1263000e+00   5.3587000e+00
   1.0318200e+01   8.3954000e+00   9.4652000e+00   8.4924000e+00   4.3032000e+00   5.3216000e+00
   9.9518000e+00   7.8549000e+00   8.9059000e+00   7.9271000e+00   4.1679000e+00   5.2426000e+00
   9.5628000e+00   7.5029000e+00   8.4212000e+00   7.5481000e+00   3.8889000e+00   5.2532000e+00
   9.0318000e+00   7.4762000e+00   8.0179000e+00   7.3943000e+00   3.1987000e+00   4.6812000e+00
   8.5559000e+00   7.7547000e+00   7.8446000e+00   7.4798000e+00   3.1830000e+00   4.7634000e+00
   8.3463000e+00   8.0673000e+00   8.0113000e+00   7.8057000e+00   2.3662000e+00   4.3337000e+00
   8.2590000e+00   8.3248000e+00   8.2217000e+00   8.1735000e+00   2.3179000e+00   4.1338000e+00
   8.3581000e+00   8.4663000e+00   8.3901000e+00   8.4141000e+00   2.0059000e+00   3.4292000e+00
   8.3567000e+00   8.7436000e+00   8.5877000e+00   8.7213000e+00   2.2183000e+00   3.6342000e+00
   8.6305000e+00   9.0902000e+00   8.8977000e+00   9.0434000e+00   2.0098000e+00   3.2928000e+00
   8.6747000e+00   9.1038000e+00   8.9545000e+00   9.1447000e+00   1.7739000e+00   3.5874000e+00
   8.7467000e+00   9.2792000e+00   9.0389000e+00   9.2175000e+00   1.4288000e+00   3.1216000e+00
   9.0224000e+00   9.4287000e+00   9.2306000e+00   9.3116000e+00   9.6670000e-01   2.9671000e+00
   9.1800000e+00   9.6448000e+00   9.3891000e+00   9.4523000e+00   7.1280000e-01   2.8472000e+00
   9.3208000e+00   9.7305000e+00   9.4495000e+00   9.4251000e+00   6.6380000e-01   2.9364000e+00
   9.3470000e+00   9.3062000e+00   9.2682000e+00   9.0505000e+00   7.1140000e-01   3.4452000e+00
   9.0953000e+00   8.6611000e+00   8.8425000e+00   8.6276000e+00   8.6120000e-01   4.0035000e+00
   8.8395000e+00   8.3206000e+00   8.4958000e+00   8.3090000e+00   1.0665000e+00   4.4784000e+00
   8.3710000e+00   7.9674000e+00   8.0916000e+00   8.0694000e+00   1.3204000e+00   4.7327000e+00
   7.9640000e+00   7.8996000e+00   7.9064000e+00   8.1067000e+00   1.6182000e+00   5.0501000e+00
   7.6492000e+00   8.1810000e+00   8.0686000e+00   8.4788000e+00   1.9674000e+00   5.3621000e+00
   7.5713000e+00   8.4319000e+00   8.2632000e+00   8.7766000e+00   3.9191000e+00   5.6497000e+00
   7.6921000e+00   8.5839000e+00   8.4273000e+00   8.9260000e+00   6.0123000e+00   5.9114000e+00
   8.0118000e+00   8.7193000e+00   8.5927000e+00   8.9882000e+00   6.2949000e+00   6.3230000e+00
   8.2986000e+00   8.9209000e+00   8.7504000e+00   9.0519000e+00   6.7169000e+00   6.5452000e+00
   8.4099000e+00   9.1235000e+00   8.8221000e+00   9.1374000e+00   6.9567000e+00   6.6504000e+00
   8.4318000e+00   9.3113000e+00   8.9057000e+00   9.2596000e+00   7.3769000e+00   6.7489000e+00
   8.6801000e+00   9.5441000e+00   9.2060000e+00   9.5364000e+00   7.5304000e+00   7.0228000e+00
   8.9390000e+00   9.6239000e+00   9.3756000e+00   9.6432000e+00   7.7873000e+00   7.2317000e+00
   8.9555000e+00   9.4003000e+00   9.3049000e+00   9.5138000e+00   7.6588000e+00   7.2185000e+00
   8.8780000e+00   9.1287000e+00   9.1442000e+00   9.3116000e+00   7.8001000e+00   7.3231000e+00
   9.0081000e+00   9.1621000e+00   9.2258000e+00   9.3860000e+00   7.5806000e+00   7.5218000e+00
   9.0961000e+00   9.1220000e+00   9.2570000e+00   9.3617000e+00   7.5081000e+00   7.8542000e+00
   9.2281000e+00   9.1206000e+00   9.3383000e+00   9.3881000e+00   7.7966000e+00   8.1033000e+00
   9.3230000e+00   9.2207000e+00   9.4419000e+00   9.4961000e+00   8.2074000e+00   8.0577000e+00
   9.2102000e+00   9.0625000e+00   9.3021000e+00   9.3708000e+00   8.3376000e+00   7.9651000e+00
   9.4791000e+00   9.2254000e+00   9.4065000e+00   9.2690000e+00   8.3402000e+00   7.8862000e+00
   9.5169000e+00   9.2975000e+00   9.3874000e+00   9.1702000e+00   8.3366000e+00   7.7845000e+00
   9.3335000e+00   9.2435000e+00   9.2728000e+00   9.1000000e+00   8.3019000e+00   7.7427000e+00
   9.0517000e+00   8.8017000e+00   8.9575000e+00   8.8390000e+00   8.2377000e+00   7.6237000e+00
   9.2528000e+00   8.7883000e+00   9.0467000e+00   8.9225000e+00   7.9887000e+00   7.4002000e+00
   9.3799000e+00   8.8808000e+00   9.1547000e+00   9.0495000e+00   7.6756000e+00   7.2553000e+00
   9.4157000e+00   9.0200000e+00   9.1987000e+00   9.0957000e+00   7.4533000e+00   7.1902000e+00
   9.2985000e+00   8.9911000e+00   9.1523000e+00   9.1036000e+00   7.4634000e+00   7.2415000e+00
   9.0660000e+00   8.8554000e+00   9.0301000e+00   9.0279000e+00   7.5198000e+00   7.2421000e+00
   8.8934000e+00   8.7071000e+00   8.9068000e+00   8.9623000e+00   7.6004000e+00   7.1904000e+00
   8.7566000e+00   8.5184000e+00   8.7222000e+00   8.7884000e+00   7.4647000e+00   6.9233000e+00
   8.4918000e+00   8.2996000e+00   8.4291000e+00   8.4740000e+00   6.9840000e+00   6.4929000e+00
   8.0998000e+00   8.0134000e+00   8.0953000e+00   8.1418000e+00   6.4675000e+00   5.9690000e+00
   7.4887000e+00   7.4773000e+00   7.5808000e+00   7.6472000e+00   5.7839000e+00   5.3521000e+00
   6.8362000e+00   6.8122000e+00   6.9784000e+00   7.0572000e+00   5.2169000e+00   4.8013000e+00
   6.3407000e+00   6.3555000e+00   6.4441000e+00   6.5115000e+00   4.6716000e+00   4.3306000e+00
   5.9452000e+00   5.9327000e+00   5.9421000e+00   5.9601000e+00   4.0925000e+00   3.9801000e+00
   5.6291000e+00   5.6234000e+00   5.5638000e+00   5.5497000e+00   3.6104000e+00   3.7759000e+00
   5.0515000e+00   5.0408000e+00   5.0437000e+00   5.0430000e+00   3.1991000e+00   3.4359000e+00
   4.3522000e+00   4.3754000e+00   4.4360000e+00   4.4856000e+00   2.8407000e+00   3.0622000e+00
   3.6362000e+00   3.6603000e+00   3.7160000e+00   3.7517000e+00   2.5710000e+00   2.6014000e+00
   2.9398000e+00   2.9940000e+00   3.0435000e+00   3.0619000e+00   2.2935000e+00   2.1894000e+00
   2.3368000e+00   2.3878000e+00   2.4734000e+00   2.5138000e+00   1.9204000e+00   1.8158000e+00
   1.7938000e+00   1.8318000e+00   1.9467000e+00   2.0216000e+00   1.5180000e+00   1.4343000e+00
   1.4309000e+00   1.4736000e+00   1.5463000e+00   1.6214000e+00   1.1453000e+00   1.1323000e+00
   1.0841000e+00   1.1667000e+00   1.1722000e+00   1.2317000e+00   1.0332000e+00   9.3190000e-01
   6.8260000e-01   7.9940000e-01   7.9200000e-01   8.4920000e-01   9.9490000e-01   7.2750000e-01
   3.1450000e-01   4.1080000e-01   5.1550000e-01   6.1070000e-01   9.5050000e-01   5.4230000e-01
   8.8700000e-02   1.8820000e-01   3.3420000e-01   4.5960000e-01   9.1020000e-01   4.1250000e-01
  -8.4600000e-02   1.3900000e-02   1.7940000e-01   3.3000000e-01   8.8740000e-01   3.4790000e-01
  -3.1120000e-01  -2.1850000e-01  -6.8400000e-02   8.6600000e-02   8.4800000e-01   3.2040000e-01
  -5.3730000e-01  -4.2080000e-01  -3.7020000e-01  -2.5830000e-01   7.5430000e-01   3.4500000e-01
  -6.3250000e-01  -4.8970000e-01  -5.2780000e-01  -4.4960000e-01   6.5170000e-01   3.4140000e-01
  -7.4900000e-01  -5.8060000e-01  -6.9030000e-01  -6.4500000e-01   4.9730000e-01   1.6590000e-01
  -8.6450000e-01  -7.1700000e-01  -8.3450000e-01  -8.2310000e-01   2.5610000e-01  -5.4000000e-02
  -8.5520000e-01  -7.8820000e-01  -8.9330000e-01  -8.9800000e-01   7.6700000e-02  -1.7810000e-01
  -1.0277000e+00  -9.6550000e-01  -1.1158000e+00  -1.1483000e+00   1.3160000e-01  -1.7430000e-01
  -1.1837000e+00  -1.1919000e+00  -1.3035000e+00  -1.3458000e+00   2.5810000e-01  -9.1000000e-03
  -1.1108000e+00  -1.2041000e+00  -1.2847000e+00  -1.3292000e+00   3.8020000e-01   1.4590000e-01
  -1.0909000e+00  -1.2276000e+00  -1.3197000e+00  -1.3826000e+00   3.9210000e-01   2.4090000e-01
  -9.7270000e-01  -1.1370000e+00  -1.2494000e+00  -1.3367000e+00   3.0480000e-01   2.6010000e-01
  -8.7340000e-01  -1.0106000e+00  -1.1664000e+00  -1.2816000e+00   1.1770000e-01   5.5200000e-02
  -8.4740000e-01  -9.6550000e-01  -1.1647000e+00  -1.3138000e+00  -2.7000000e-03  -1.4840000e-01
  -9.3800000e-01  -1.0006000e+00  -1.2482000e+00  -1.4298000e+00  -2.1170000e-01  -3.0780000e-01
  -1.0504000e+00  -1.0035000e+00  -1.2905000e+00  -1.4770000e+00  -3.9560000e-01  -4.5960000e-01
  -1.1310000e+00  -9.6310000e-01  -1.1990000e+00  -1.3322000e+00  -6.7430000e-01  -6.7660000e-01
  -1.1467000e+00  -9.4140000e-01  -1.1144000e+00  -1.1969000e+00  -9.2040000e-01  -1.0092000e+00
  -1.1616000e+00  -9.4640000e-01  -1.0746000e+00  -1.1286000e+00  -1.2549000e+00  -1.4394000e+00
  -1.1878000e+00  -9.7390000e-01  -1.0837000e+00  -1.1395000e+00  -1.5521000e+00  -1.7945000e+00
  -1.2601000e+00  -1.0824000e+00  -1.1956000e+00  -1.2810000e+00  -1.8713000e+00  -2.0824000e+00
  -1.3637000e+00  -1.2605000e+00  -1.3573000e+00  -1.4578000e+00  -2.2040000e+00  -2.2503000e+00
  -1.6448000e+00  -1.5587000e+00  -1.6204000e+00  -1.7355000e+00  -2.4969000e+00  -2.3805000e+00
  -2.0414000e+00  -1.9705000e+00  -1.9913000e+00  -2.1285000e+00  -2.6865000e+00  -2.4910000e+00
  -2.4095000e+00  -2.3458000e+00  -2.3395000e+00  -2.5086000e+00  -2.7662000e+00  -2.6052000e+00
  -2.7485000e+00  -2.6412000e+00  -2.5918000e+00  -2.8177000e+00  -2.7731000e+00  -2.7239000e+00
  -2.9790000e+00  -2.8240000e+00  -2.7805000e+00  -3.0871000e+00  -2.6529000e+00  -2.7851000e+00
  -2.9916000e+00  -2.8252000e+00  -2.8404000e+00  -3.1738000e+00  -2.5097000e+00  -2.8074000e+00
  -2.9055000e+00  -2.7142000e+00  -2.7814000e+00  -3.0749000e+00  -2.4102000e+00  -2.8098000e+00
  -2.7091000e+00  -2.5224000e+00  -2.6134000e+00  -2.8598000e+00  -2.3864000e+00  -2.8523000e+00
  -2.4745000e+00  -2.3305000e+00  -2.4325000e+00  -2.6445000e+00  -2.4038000e+00  -2.9028000e+00
  -2.2529000e+00  -2.1558000e+00  -2.2618000e+00  -2.4507000e+00  -2.4256000e+00  -2.9404000e+00
  -2.0626000e+00  -1.9732000e+00  -2.0843000e+00  -2.2322000e+00  -2.4615000e+00  -2.9133000e+00
  -1.9157000e+00  -1.8083000e+00  -1.9075000e+00  -1.9989000e+00  -2.5097000e+00  -2.9137000e+00
  -1.8604000e+00  -1.7260000e+00  -1.7968000e+00  -1.8377000e+00  -2.6178000e+00  -3.0029000e+00
  -1.7860000e+00  -1.5972000e+00  -1.6725000e+00  -1.6709000e+00  -2.8074000e+00  -3.1193000e+00
  -1.6511000e+00  -1.4546000e+00  -1.5314000e+00  -1.5027000e+00  -2.9259000e+00  -3.2322000e+00
  -1.4371000e+00  -1.3029000e+00  -1.3583000e+00  -1.3137000e+00  -3.0192000e+00  -3.3793000e+00
  -1.2067000e+00  -1.0126000e+00  -1.0961000e+00  -1.0245000e+00  -3.1289000e+00  -3.5486000e+00
  -9.4770000e-01  -7.4310000e-01  -8.4300000e-01  -7.6790000e-01  -3.2092000e+00  -3.6841000e+00
  -6.9530000e-01  -4.6980000e-01  -6.4050000e-01  -5.9470000e-01  -3.2660000e+00  -3.8006000e+00
  -5.5650000e-01  -3.1020000e-01  -5.5220000e-01  -5.2870000e-01  -3.3321000e+00  -3.8773000e+00
  -4.9030000e-01  -2.2250000e-01  -4.9690000e-01  -4.9300000e-01  -3.4140000e+00  -3.9235000e+00
  -3.3070000e-01  -4.9900000e-02  -3.4470000e-01  -3.5050000e-01  -3.4659000e+00  -3.8344000e+00
  -9.0700000e-02   1.4570000e-01  -1.3430000e-01  -1.3820000e-01  -3.5476000e+00  -3.7653000e+00
   1.0000000e-01   2.9430000e-01   3.7200000e-02   3.7000000e-02  -3.6415000e+00  -3.5900000e+00
   2.9270000e-01   5.3590000e-01   2.5970000e-01   2.7410000e-01  -3.7890000e+00  -3.4486000e+00
   4.1190000e-01   7.1160000e-01   4.6610000e-01   5.2770000e-01  -4.2334000e+00  -3.3819000e+00
   5.6070000e-01   8.3310000e-01   7.0340000e-01   7.9990000e-01  -4.6003000e+00  -3.1986000e+00
   8.4340000e-01   1.0572000e+00   1.0021000e+00   1.0762000e+00  -4.9169000e+00  -3.0957000e+00
   1.2059000e+00   1.4257000e+00   1.3079000e+00   1.3348000e+00  -5.0162000e+00  -3.2413000e+00
   1.5886000e+00   1.7266000e+00   1.6101000e+00   1.5938000e+00  -5.0597000e+00  -3.5234000e+00
   2.4035000e+00   2.1199000e+00   2.2201000e+00   2.1062000e+00  -4.7399000e+00  -3.6496000e+00
   3.4816000e+00   2.9185000e+00   3.1376000e+00   2.9620000e+00  -4.2343000e+00  -3.7482000e+00
   4.0599000e+00   3.7058000e+00   3.6995000e+00   3.5624000e+00  -3.9909000e+00  -3.9543000e+00
   4.1313000e+00   3.9414000e+00   3.8173000e+00   3.6756000e+00  -3.8299000e+00  -4.0623000e+00
   4.1582000e+00   4.1330000e+00   3.9910000e+00   3.9090000e+00  -3.6557000e+00  -3.9548000e+00
   4.2508000e+00   4.3340000e+00   4.1944000e+00   4.1418000e+00  -3.5426000e+00  -3.8172000e+00
   4.5003000e+00   4.5883000e+00   4.4192000e+00   4.3540000e+00  -3.5065000e+00  -3.6908000e+00
   4.5627000e+00   4.7175000e+00   4.5019000e+00   4.4699000e+00  -3.4654000e+00  -3.5189000e+00
   4.5619000e+00   4.6594000e+00   4.5075000e+00   4.4793000e+00  -3.4042000e+00  -3.3801000e+00
   4.6645000e+00   4.6978000e+00   4.6255000e+00   4.6172000e+00  -3.3133000e+00  -3.2559000e+00
   4.7838000e+00   4.8385000e+00   4.7345000e+00   4.7149000e+00  -3.2247000e+00  -3.1596000e+00
   4.8538000e+00   4.9528000e+00   4.8078000e+00   4.7829000e+00  -3.1291000e+00  -3.0522000e+00
   4.9122000e+00   5.0123000e+00   4.8661000e+00   4.8394000e+00  -3.0891000e+00  -2.9189000e+00
   4.9960000e+00   5.1195000e+00   4.9070000e+00   4.8589000e+00  -3.0707000e+00  -2.8391000e+00
   5.1125000e+00   5.1649000e+00   5.0033000e+00   4.9466000e+00  -3.0343000e+00  -2.8669000e+00
   5.3694000e+00   5.3252000e+00   5.2725000e+00   5.2205000e+00  -2.9302000e+00  -2.7299000e+00
   5.7076000e+00   5.6036000e+00   5.6214000e+00   5.5617000e+00  -2.6808000e+00  -2.5015000e+00
   6.1664000e+00   5.9994000e+00   6.0687000e+00   6.0118000e+00  -2.4211000e+00  -2.2812000e+00
   6.5089000e+00   6.3600000e+00   6.4295000e+00   6.3960000e+00  -2.2709000e+00  -1.9823000e+00
   6.6295000e+00   6.5388000e+00   6.6136000e+00   6.6145000e+00  -2.2200000e+00  -8.0080000e-01
   6.5876000e+00   6.4896000e+00   6.6516000e+00   6.6450000e+00  -2.1702000e+00  -9.4000000e-02
   6.5310000e+00   6.4254000e+00   6.5484000e+00   6.5275000e+00  -2.1102000e+00   7.0900000e-01
   6.6207000e+00   6.3636000e+00   6.4716000e+00   6.4018000e+00  -1.1343000e+00   1.1070000e+00
   6.8654000e+00   6.4470000e+00   6.6450000e+00   6.5667000e+00  -1.1660000e-01   1.6032000e+00
   6.5915000e+00   6.2424000e+00   6.4840000e+00   6.4748000e+00   9.5400000e-02   2.1190000e+00
   6.1691000e+00   5.9000000e+00   6.1216000e+00   6.1220000e+00   4.2890000e-01   3.1052000e+00
   5.8412000e+00   5.6575000e+00   5.7388000e+00   5.7633000e+00   9.5750000e-01   4.1216000e+00
   5.6448000e+00   5.5368000e+00   5.3972000e+00   5.3222000e+00   1.2519000e+00   4.4405000e+00
   5.5724000e+00   5.5133000e+00   5.2564000e+00   5.1267000e+00   1.6272000e+00   4.1285000e+00
   5.3682000e+00   5.3195000e+00   5.1928000e+00   5.1622000e+00   1.7824000e+00   3.4365000e+00
   4.7536000e+00   4.7111000e+00   4.7180000e+00   4.7619000e+00   1.6192000e+00   2.8014000e+00
   4.1614000e+00   4.1998000e+00   4.1309000e+00   4.1316000e+00   1.1778000e+00   2.2695000e+00
   3.8393000e+00   3.8872000e+00   3.7936000e+00   3.7805000e+00   7.3530000e-01   1.8856000e+00
   3.6946000e+00   3.6761000e+00   3.5861000e+00   3.5466000e+00   6.0820000e-01   1.5270000e+00
   3.4443000e+00   3.3973000e+00   3.3419000e+00   3.3092000e+00   4.3330000e-01   1.2475000e+00
   2.9180000e+00   2.8897000e+00   2.9055000e+00   2.9095000e+00   1.3110000e-01   1.0228000e+00
   2.1853000e+00   2.2478000e+00   2.2336000e+00   2.2625000e+00  -8.8900000e-02   8.1690000e-01
   1.4135000e+00   1.5418000e+00   1.5247000e+00   1.5908000e+00  -1.6800000e-01   5.5160000e-01
   5.8810000e-01   7.1340000e-01   7.6910000e-01   8.8640000e-01  -2.4940000e-01   2.3720000e-01
  -1.6720000e-01  -4.4700000e-02   2.0300000e-02   1.3300000e-01  -4.3320000e-01  -2.5800000e-02
  -6.0290000e-01  -5.6440000e-01  -4.4210000e-01  -3.4650000e-01  -7.7690000e-01  -2.4730000e-01
  -8.7780000e-01  -8.9350000e-01  -7.3530000e-01  -6.2800000e-01  -1.2008000e+00  -4.7710000e-01
  -1.3312000e+00  -1.3648000e+00  -1.2052000e+00  -1.1057000e+00  -1.4533000e+00  -8.0530000e-01
  -1.9212000e+00  -1.9869000e+00  -1.7786000e+00  -1.6897000e+00  -1.5096000e+00  -1.2397000e+00
  -2.6805000e+00  -2.7780000e+00  -2.4666000e+00  -2.3491000e+00  -1.4850000e+00  -1.5070000e+00
  -3.6275000e+00  -3.7039000e+00  -3.3437000e+00  -3.2191000e+00  -1.6438000e+00  -1.6048000e+00
  -4.0576000e+00  -4.0596000e+00  -3.7798000e+00  -3.6773000e+00  -2.0760000e+00  -1.6715000e+00
  -3.8542000e+00  -3.8885000e+00  -3.6472000e+00  -3.5667000e+00  -2.6627000e+00  -1.9914000e+00
  -3.5049000e+00  -3.7436000e+00  -3.3864000e+00  -3.3269000e+00  -3.2971000e+00  -2.5658000e+00
  -3.5628000e+00  -4.0867000e+00  -3.4933000e+00  -3.4229000e+00  -3.8606000e+00  -3.2048000e+00
  -4.0963000e+00  -4.7072000e+00  -4.0777000e+00  -4.0381000e+00  -4.9309000e+00  -3.6745000e+00
  -4.0387000e+00  -4.5467000e+00  -4.2632000e+00  -4.3043000e+00  -5.2090000e+00  -3.9043000e+00
  -3.6615000e+00  -4.2246000e+00  -4.0475000e+00  -4.1393000e+00  -4.5797000e+00  -3.8916000e+00
  -3.5083000e+00  -4.1403000e+00  -3.9774000e+00  -4.0552000e+00  -3.8437000e+00  -3.4538000e+00
  -3.6972000e+00  -4.4972000e+00  -4.2241000e+00  -4.2769000e+00  -3.4748000e+00  -3.0634000e+00
  -4.2913000e+00  -5.1018000e+00  -4.8178000e+00  -4.8766000e+00  -3.5014000e+00  -2.8912000e+00
  -5.0734000e+00  -5.7312000e+00  -5.4881000e+00  -5.4883000e+00  -3.7522000e+00  -3.1772000e+00
  -5.7964000e+00  -6.4989000e+00  -6.1867000e+00  -6.1486000e+00  -3.7763000e+00  -3.5961000e+00
  -6.8440000e+00  -7.0491000e+00  -6.8670000e+00  -6.8595000e+00  -3.5449000e+00  -3.6596000e+00
  -7.5215000e+00  -7.1807000e+00  -7.1607000e+00  -7.2633000e+00  -3.4274000e+00  -3.4895000e+00
  -7.6221000e+00  -7.0836000e+00  -7.1384000e+00  -7.3215000e+00  -3.4815000e+00  -3.2500000e+00
  -7.7262000e+00  -7.1573000e+00  -7.1663000e+00  -7.4095000e+00  -3.6787000e+00  -3.1783000e+00
  -7.9264000e+00  -7.3015000e+00  -7.3001000e+00  -7.5890000e+00  -3.8209000e+00  -3.2936000e+00
  -7.9521000e+00  -7.2758000e+00  -7.3290000e+00  -7.6401000e+00  -3.8130000e+00  -3.4540000e+00
  -7.7471000e+00  -7.1067000e+00  -7.2026000e+00  -7.5204000e+00  -3.7264000e+00  -3.5422000e+00
  -7.5024000e+00  -6.9456000e+00  -7.0392000e+00  -7.3410000e+00  -3.6589000e+00  -3.5582000e+00
  -7.2714000e+00  -6.8114000e+00  -6.8842000e+00  -7.1676000e+00  -3.6085000e+00  -3.5572000e+00
  -7.1467000e+00  -6.7452000e+00  -6.8325000e+00  -7.0955000e+00  -3.5230000e+00  -3.5672000e+00
  -7.0724000e+00  -6.7514000e+00  -6.8110000e+00  -7.0515000e+00  -3.3809000e+00  -3.5604000e+00
  -7.2216000e+00  -6.9858000e+00  -7.0017000e+00  -7.2833000e+00  -3.3473000e+00  -3.5273000e+00
  -7.3732000e+00  -7.1392000e+00  -7.1718000e+00  -7.4339000e+00  -3.4321000e+00  -3.4738000e+00
  -7.4356000e+00  -7.2695000e+00  -7.2759000e+00  -7.5299000e+00  -3.6032000e+00  -3.4449000e+00
  -7.4953000e+00  -7.3609000e+00  -7.3568000e+00  -7.5934000e+00  -3.9659000e+00  -3.4105000e+00
  -7.4982000e+00  -7.3680000e+00  -7.3848000e+00  -7.6081000e+00  -4.2465000e+00  -3.4560000e+00
  -7.4581000e+00  -7.3443000e+00  -7.3708000e+00  -7.5754000e+00  -4.2284000e+00  -3.6623000e+00
  -7.3987000e+00  -7.2779000e+00  -7.3011000e+00  -7.4894000e+00  -4.2097000e+00  -3.9747000e+00
  -7.2879000e+00  -7.1558000e+00  -7.1746000e+00  -7.3477000e+00  -4.0905000e+00  -3.9755000e+00
  -7.1170000e+00  -6.9787000e+00  -6.9949000e+00  -7.1533000e+00  -4.0004000e+00  -3.8398000e+00
  -6.9124000e+00  -6.7796000e+00  -6.8045000e+00  -6.9611000e+00  -3.9103000e+00  -3.8354000e+00
  -6.7010000e+00  -6.5879000e+00  -6.6192000e+00  -6.7829000e+00  -3.8709000e+00  -3.8898000e+00
  -6.4854000e+00  -6.3922000e+00  -6.4072000e+00  -6.5687000e+00  -3.8795000e+00  -3.8485000e+00
  -6.2335000e+00  -6.1629000e+00  -6.1572000e+00  -6.3100000e+00  -3.8964000e+00  -3.7152000e+00
  -5.9584000e+00  -5.9106000e+00  -5.8900000e+00  -6.0378000e+00  -3.9029000e+00  -3.6980000e+00
  -5.6120000e+00  -5.5904000e+00  -5.5645000e+00  -5.7070000e+00  -3.8779000e+00  -3.7183000e+00
  -5.2395000e+00  -5.2499000e+00  -5.2149000e+00  -5.3510000e+00  -3.8344000e+00  -3.7642000e+00
  -4.9738000e+00  -5.0099000e+00  -4.9588000e+00  -5.0895000e+00  -3.6399000e+00  -3.7267000e+00
  -4.7642000e+00  -4.8328000e+00  -4.7547000e+00  -4.8793000e+00  -3.4596000e+00  -3.5549000e+00
  -4.5910000e+00  -4.6827000e+00  -4.5876000e+00  -4.7052000e+00  -3.4640000e+00  -3.2896000e+00
  -4.4255000e+00  -4.5354000e+00  -4.4409000e+00  -4.5577000e+00  -3.5010000e+00  -3.0409000e+00
  -4.2604000e+00  -4.3849000e+00  -4.3035000e+00  -4.4214000e+00  -3.2102000e+00  -2.7323000e+00
  -4.0309000e+00  -4.1873000e+00  -4.1159000e+00  -4.2334000e+00  -3.0535000e+00  -2.3692000e+00
  -3.8456000e+00  -3.9881000e+00  -3.9187000e+00  -4.0487000e+00  -3.2540000e+00  -2.6883000e+00
  -3.6935000e+00  -3.8615000e+00  -3.7825000e+00  -3.8891000e+00  -3.1072000e+00  -2.7013000e+00
  -3.3849000e+00  -3.5545000e+00  -3.4665000e+00  -3.5626000e+00  -2.5033000e+00  -2.2829000e+00
  -2.9204000e+00  -3.0897000e+00  -3.0000000e+00  -3.0844000e+00  -2.0093000e+00  -2.0227000e+00
  -2.5883000e+00  -2.7229000e+00  -2.6359000e+00  -2.6959000e+00  -1.4925000e+00  -1.7963000e+00
  -2.2801000e+00  -2.4236000e+00  -2.3193000e+00  -2.3718000e+00  -1.1010000e+00  -1.5521000e+00
  -1.9338000e+00  -2.0880000e+00  -1.9629000e+00  -2.0022000e+00  -1.1693000e+00  -1.5398000e+00
  -1.3518000e+00  -1.5118000e+00  -1.3906000e+00  -1.4096000e+00  -1.3316000e+00  -1.3901000e+00
  -9.6240000e-01  -1.0134000e+00  -9.8300000e-01  -9.7720000e-01  -1.2757000e+00  -1.0197000e+00
  -7.7520000e-01  -7.8430000e-01  -7.8780000e-01  -7.7960000e-01  -1.0004000e+00  -8.3010000e-01
  -7.1540000e-01  -6.5260000e-01  -7.0920000e-01  -6.8760000e-01  -5.7230000e-01  -7.4270000e-01
  -7.7770000e-01  -7.4470000e-01  -7.7140000e-01  -7.8790000e-01  -4.9360000e-01  -6.3200000e-01
  -3.4780000e-01  -3.4900000e-01  -3.3710000e-01  -3.4190000e-01  -5.8930000e-01  -4.8570000e-01
   2.4900000e-02   1.0400000e-02  -3.4100000e-02  -4.4000000e-02  -5.3910000e-01  -2.0700000e-01
  -4.7100000e-02  -4.0000000e-04  -1.0350000e-01  -1.1820000e-01  -2.2260000e-01   1.6760000e-01
  -3.3720000e-01  -1.8200000e-01  -3.0260000e-01  -2.7770000e-01   2.2910000e-01   3.3650000e-01
  -4.8810000e-01  -3.1380000e-01  -4.4260000e-01  -4.2410000e-01   5.3260000e-01   4.9490000e-01
  -6.2420000e-01  -4.5540000e-01  -5.9340000e-01  -5.9320000e-01   8.7360000e-01   7.6060000e-01
  -6.2580000e-01  -5.1730000e-01  -6.1140000e-01  -6.2510000e-01   1.0985000e+00   8.8640000e-01
  -3.9130000e-01  -3.6060000e-01  -4.1390000e-01  -4.4630000e-01   1.1834000e+00   1.0539000e+00
  -9.6100000e-02  -1.2500000e-01  -1.3410000e-01  -1.7230000e-01   1.2724000e+00   1.1153000e+00
   3.0760000e-01   2.3800000e-01   2.5610000e-01   2.0950000e-01   1.4429000e+00   1.0139000e+00
   7.0660000e-01   6.4120000e-01   6.3190000e-01   5.9450000e-01   1.3067000e+00   1.4575000e+00
   7.8280000e-01   8.0640000e-01   7.3270000e-01   7.1820000e-01   1.5016000e+00   2.5591000e+00
   7.3360000e-01   8.3110000e-01   7.4130000e-01   7.4120000e-01   2.7784000e+00   3.2598000e+00
   9.1790000e-01   8.3310000e-01   8.7550000e-01   8.3820000e-01   3.3647000e+00   3.3949000e+00
   1.1148000e+00   1.0990000e+00   1.0620000e+00   1.0520000e+00   3.5002000e+00   3.5502000e+00
   5.6970000e-01   7.6670000e-01   5.8050000e-01   5.5660000e-01   3.7150000e+00   3.6189000e+00
   6.7190000e-01   2.6090000e-01   5.6350000e-01   4.3310000e-01   3.5959000e+00   3.2225000e+00
   1.4209000e+00   1.0131000e+00   1.2649000e+00   1.2197000e+00   3.0894000e+00   2.6963000e+00
   1.0529000e+00   1.2836000e+00   1.0783000e+00   1.1220000e+00   2.5586000e+00   2.4676000e+00
   6.4080000e-01   7.0070000e-01   6.5850000e-01   6.3230000e-01   2.3082000e+00   2.3327000e+00
   5.0950000e-01   4.6740000e-01   4.8060000e-01   4.5200000e-01   2.1725000e+00   2.4820000e+00
   9.7000000e-03   2.6960000e-01   6.0300000e-02   4.9400000e-02   2.1826000e+00   3.1132000e+00
  -3.3600000e-01  -2.4450000e-01  -2.9640000e-01  -3.6110000e-01   2.7495000e+00   3.5120000e+00
   2.1920000e-01  -2.0800000e-01   3.9300000e-02  -1.3880000e-01   3.0319000e+00   3.5568000e+00
   1.0749000e+00   5.7000000e-01   8.1270000e-01   6.2450000e-01   3.2438000e+00   3.4799000e+00
   1.3521000e+00   1.1205000e+00   1.1739000e+00   1.0601000e+00   3.5009000e+00   3.4117000e+00
   1.2519000e+00   1.3166000e+00   1.2009000e+00   1.1755000e+00   3.7385000e+00   3.3727000e+00
   1.3090000e+00   1.3260000e+00   1.2022000e+00   1.1363000e+00   3.7282000e+00   3.3332000e+00
   1.3425000e+00   1.4849000e+00   1.2861000e+00   1.2730000e+00   3.4165000e+00   3.2585000e+00
   9.1690000e-01   1.2289000e+00   9.6980000e-01   9.9860000e-01   3.0187000e+00   3.2143000e+00
   6.1460000e-01   8.4450000e-01   5.7230000e-01   5.5030000e-01   2.6400000e+00   3.0552000e+00
   4.6950000e-01   6.5230000e-01   4.5920000e-01   4.6320000e-01   2.4276000e+00   2.7459000e+00
   2.6740000e-01   4.5600000e-01   3.1070000e-01   3.6530000e-01   2.3399000e+00   2.4698000e+00
  -1.5820000e-01  -8.4100000e-02  -8.9700000e-02  -6.9500000e-02   2.4552000e+00   2.4392000e+00
   6.3500000e-02  -2.8610000e-01  -2.0500000e-02  -9.7600000e-02   2.6508000e+00   2.6343000e+00
   3.6770000e-01  -1.7400000e-02   2.4500000e-01   1.5930000e-01   2.9144000e+00   2.9751000e+00
   5.6040000e-01   2.6780000e-01   4.4290000e-01   3.5990000e-01   3.1996000e+00   3.3431000e+00
   7.6460000e-01   4.7730000e-01   6.5130000e-01   5.6960000e-01   3.5200000e+00   3.6684000e+00
   8.3440000e-01   6.5000000e-01   7.7360000e-01   7.2250000e-01   3.8276000e+00   3.9698000e+00
   7.7770000e-01   7.0090000e-01   7.5580000e-01   7.1440000e-01   4.1882000e+00   4.3498000e+00
   9.3090000e-01   8.3080000e-01   9.0270000e-01   8.2730000e-01   4.6635000e+00   4.7202000e+00
   1.2286000e+00   1.1394000e+00   1.2070000e+00   1.1134000e+00   4.7330000e+00   5.0305000e+00
   1.4252000e+00   1.3509000e+00   1.3748000e+00   1.3087000e+00   4.4711000e+00   4.8943000e+00
   1.5148000e+00   1.5638000e+00   1.5117000e+00   1.4744000e+00   4.0194000e+00   4.4112000e+00
   1.4778000e+00   1.5880000e+00   1.5003000e+00   1.4652000e+00   3.7308000e+00   3.8638000e+00
   1.4375000e+00   1.5799000e+00   1.4756000e+00   1.4245000e+00   3.4734000e+00   3.4990000e+00
   1.5266000e+00   1.6692000e+00   1.5952000e+00   1.5364000e+00   3.5501000e+00   3.6624000e+00
   1.7737000e+00   1.8866000e+00   1.8351000e+00   1.7618000e+00   3.5336000e+00   3.7334000e+00
   1.9542000e+00   2.0387000e+00   2.0109000e+00   1.9294000e+00   3.5344000e+00   3.6893000e+00
   2.1140000e+00   2.2207000e+00   2.1767000e+00   2.1030000e+00   3.7597000e+00   3.8909000e+00
   2.1429000e+00   2.3347000e+00   2.2512000e+00   2.2044000e+00   4.5036000e+00   4.4847000e+00
   2.1992000e+00   2.3800000e+00   2.2911000e+00   2.2426000e+00   5.0940000e+00   4.9672000e+00
   2.2843000e+00   2.3633000e+00   2.3159000e+00   2.2509000e+00   5.3519000e+00   5.2899000e+00
   2.3686000e+00   2.4392000e+00   2.3968000e+00   2.3384000e+00   5.7416000e+00   5.8098000e+00
   2.4546000e+00   2.4157000e+00   2.4616000e+00   2.4280000e+00   6.2156000e+00   6.3524000e+00
   2.4854000e+00   2.3962000e+00   2.4437000e+00   2.3874000e+00   6.5545000e+00   6.7337000e+00
   2.4425000e+00   2.2592000e+00   2.3538000e+00   2.3333000e+00   6.6539000e+00   6.8779000e+00
   2.2461000e+00   2.1158000e+00   2.2020000e+00   2.2036000e+00   6.6266000e+00   6.8447000e+00
   2.2015000e+00   2.1726000e+00   2.3037000e+00   2.3212000e+00   6.5330000e+00   6.7391000e+00
   2.2925000e+00   2.2626000e+00   2.3861000e+00   2.4351000e+00   6.4119000e+00   6.6999000e+00
   2.4829000e+00   2.6283000e+00   2.6288000e+00   2.6790000e+00   6.3492000e+00   6.7470000e+00
   2.7575000e+00   2.9439000e+00   2.8855000e+00   2.9402000e+00   6.3437000e+00   6.7019000e+00
   3.0576000e+00   3.2117000e+00   3.1619000e+00   3.2183000e+00   6.2570000e+00   6.5906000e+00
   3.3514000e+00   3.4849000e+00   3.4161000e+00   3.4984000e+00   6.1605000e+00   6.4175000e+00
   3.5708000e+00   3.7396000e+00   3.6395000e+00   3.8077000e+00   5.9751000e+00   6.1586000e+00
   3.7157000e+00   3.8262000e+00   3.7620000e+00   3.9826000e+00   5.7024000e+00   5.8837000e+00
   3.7561000e+00   3.8850000e+00   3.8006000e+00   4.0702000e+00   5.4824000e+00   5.7112000e+00
   3.7020000e+00   3.8581000e+00   3.7795000e+00   4.0580000e+00   5.4596000e+00   5.6517000e+00
   3.6456000e+00   3.8029000e+00   3.6718000e+00   3.9169000e+00   5.5243000e+00   5.6550000e+00
   3.5257000e+00   3.8275000e+00   3.6668000e+00   3.9139000e+00   5.4554000e+00   5.5543000e+00
   3.4830000e+00   3.8645000e+00   3.6819000e+00   3.8781000e+00   5.3878000e+00   5.4250000e+00
   3.4820000e+00   3.8455000e+00   3.6621000e+00   3.8441000e+00   5.3091000e+00   5.1788000e+00
   3.4717000e+00   3.8307000e+00   3.6577000e+00   3.8287000e+00   5.1690000e+00   5.0059000e+00
   3.5158000e+00   3.8716000e+00   3.7066000e+00   3.8677000e+00   4.9836000e+00   4.9291000e+00
   3.5993000e+00   3.9687000e+00   3.8091000e+00   3.9845000e+00   4.7759000e+00   5.0093000e+00
   3.7144000e+00   4.0330000e+00   3.8999000e+00   4.0382000e+00   4.9014000e+00   5.2594000e+00
   3.7663000e+00   3.8902000e+00   3.8476000e+00   3.9367000e+00   5.2516000e+00   5.5231000e+00
   3.9819000e+00   4.1049000e+00   4.0892000e+00   4.1565000e+00   5.5824000e+00   5.8597000e+00
   4.2988000e+00   4.3824000e+00   4.3780000e+00   4.4473000e+00   5.9470000e+00   6.1059000e+00
   4.7227000e+00   4.7926000e+00   4.7949000e+00   4.8587000e+00   6.2898000e+00   6.0300000e+00
   5.1659000e+00   5.2150000e+00   5.2144000e+00   5.2801000e+00   6.4127000e+00   5.8765000e+00
   5.4426000e+00   5.6048000e+00   5.5546000e+00   5.6897000e+00   6.3262000e+00   5.8389000e+00
   5.7708000e+00   5.8756000e+00   5.8155000e+00   5.9134000e+00   5.6585000e+00   5.7883000e+00
   5.9305000e+00   6.2023000e+00   6.0805000e+00   6.1770000e+00   4.8665000e+00   5.9233000e+00
   6.1402000e+00   6.4151000e+00   6.2535000e+00   6.2956000e+00   4.4563000e+00   6.1088000e+00
   6.1999000e+00   6.4589000e+00   6.3187000e+00   6.3779000e+00   4.5322000e+00   6.2919000e+00
   6.3180000e+00   6.5195000e+00   6.3702000e+00   6.3904000e+00   4.8701000e+00   6.2661000e+00
   6.3412000e+00   6.4737000e+00   6.3502000e+00   6.3376000e+00   5.3677000e+00   6.0586000e+00
   6.3398000e+00   6.3826000e+00   6.2930000e+00   6.2642000e+00   5.7108000e+00   5.9812000e+00
   6.4170000e+00   6.4067000e+00   6.3208000e+00   6.2531000e+00   5.8132000e+00   5.8150000e+00
   6.4210000e+00   6.4725000e+00   6.3748000e+00   6.3505000e+00   5.6825000e+00   5.7730000e+00
   6.3296000e+00   6.4527000e+00   6.3429000e+00   6.3500000e+00   5.5770000e+00   5.8704000e+00
   6.1998000e+00   6.3521000e+00   6.2532000e+00   6.2693000e+00   5.6423000e+00   5.9920000e+00
   6.1166000e+00   6.2317000e+00   6.1671000e+00   6.1752000e+00   5.8277000e+00   6.1732000e+00
   6.1604000e+00   6.2747000e+00   6.2285000e+00   6.2484000e+00   6.0950000e+00   6.2884000e+00
   6.2098000e+00   6.3268000e+00   6.2723000e+00   6.2841000e+00   6.2856000e+00   6.3437000e+00
   6.2397000e+00   6.3409000e+00   6.2747000e+00   6.2670000e+00   6.3919000e+00   6.3232000e+00
   6.2969000e+00   6.3876000e+00   6.3198000e+00   6.3024000e+00   6.3960000e+00   6.3363000e+00
   6.3983000e+00   6.4858000e+00   6.4312000e+00   6.4148000e+00   6.4680000e+00   6.4503000e+00
   6.5258000e+00   6.6338000e+00   6.5657000e+00   6.5562000e+00   6.5511000e+00   6.5726000e+00
   6.6661000e+00   6.7430000e+00   6.6897000e+00   6.6728000e+00   6.6240000e+00   6.6470000e+00
   6.8306000e+00   6.8543000e+00   6.8353000e+00   6.8150000e+00   6.6667000e+00   6.6752000e+00
   6.9759000e+00   6.9530000e+00   6.9704000e+00   6.9424000e+00   6.6147000e+00   6.6795000e+00
   7.0497000e+00   7.0784000e+00   7.0891000e+00   7.0806000e+00   6.6370000e+00   6.7590000e+00
   7.0818000e+00   7.0962000e+00   7.1292000e+00   7.1160000e+00   6.6379000e+00   6.8705000e+00
   7.2446000e+00   7.2839000e+00   7.2981000e+00   7.2477000e+00   6.6721000e+00   7.0238000e+00
   7.4651000e+00   7.4776000e+00   7.4903000e+00   7.4279000e+00   6.7594000e+00   7.1955000e+00
   7.6568000e+00   7.5776000e+00   7.6560000e+00   7.6079000e+00   6.8254000e+00   7.3683000e+00
   7.8259000e+00   7.8480000e+00   7.8888000e+00   7.8999000e+00   6.8580000e+00   7.4879000e+00
