   5.0372000e+00   5.1958000e+00   5.1658000e+00   5.2407000e+00   4.5939000e+00   4.4828000e+00
   5.4936000e+00   5.6295000e+00   5.5934000e+00   5.6520000e+00   4.7044000e+00   4.5978000e+00
   5.7841000e+00   5.9428000e+00   5.8973000e+00   5.9656000e+00   4.9217000e+00   4.8772000e+00
   6.4307000e+00   6.5868000e+00   6.5397000e+00   6.6019000e+00   5.2820000e+00   5.2079000e+00
   6.8792000e+00   7.0403000e+00   6.9948000e+00   7.0664000e+00   5.5619000e+00   5.4648000e+00
   7.3195000e+00   7.4821000e+00   7.4271000e+00   7.4946000e+00   5.9474000e+00   5.8916000e+00
   7.6915000e+00   7.8393000e+00   7.7824000e+00   7.8397000e+00   6.4091000e+00   6.3175000e+00
   8.0857000e+00   8.1972000e+00   8.1488000e+00   8.1842000e+00   6.8787000e+00   6.7689000e+00
   8.2323000e+00   8.2986000e+00   8.2770000e+00   8.3003000e+00   7.2100000e+00   7.1553000e+00
   8.4282000e+00   8.4456000e+00   8.4371000e+00   8.4376000e+00   7.6042000e+00   7.6132000e+00
   8.5347000e+00   8.4997000e+00   8.5081000e+00   8.4830000e+00   8.0922000e+00   8.0928000e+00
   8.6038000e+00   8.5478000e+00   8.5667000e+00   8.5333000e+00   8.5091000e+00   8.4801000e+00
   8.7339000e+00   8.6819000e+00   8.7008000e+00   8.6700000e+00   8.8535000e+00   8.8772000e+00
   8.8657000e+00   8.8301000e+00   8.8396000e+00   8.8144000e+00   9.1189000e+00   9.1167000e+00
   9.0208000e+00   8.9979000e+00   9.0218000e+00   9.0134000e+00   9.4162000e+00   9.3683000e+00
   9.1645000e+00   9.1570000e+00   9.1738000e+00   9.1739000e+00   9.6400000e+00   9.5506000e+00
   9.2160000e+00   9.1962000e+00   9.2194000e+00   9.2163000e+00   9.8778000e+00   9.7893000e+00
   9.2321000e+00   9.2146000e+00   9.2344000e+00   9.2270000e+00   9.9760000e+00   9.8390000e+00
   9.1552000e+00   9.1306000e+00   9.1570000e+00   9.1464000e+00   9.8707000e+00   9.7931000e+00
   8.9738000e+00   8.9772000e+00   9.0016000e+00   9.0076000e+00   9.4416000e+00   9.4132000e+00
   8.8871000e+00   9.0249000e+00   8.9777000e+00   9.0403000e+00   9.0073000e+00   9.0233000e+00
   8.8271000e+00   8.9605000e+00   8.8658000e+00   8.8469000e+00   8.8721000e+00   8.9662000e+00
   8.5957000e+00   8.6661000e+00   8.6303000e+00   8.6288000e+00   7.9357000e+00   7.9529000e+00
   8.2719000e+00   8.4087000e+00   8.3746000e+00   8.4007000e+00   7.2426000e+00   7.3625000e+00
   8.1213000e+00   8.2698000e+00   8.1910000e+00   8.1929000e+00   7.4279000e+00   7.6075000e+00
   7.9774000e+00   8.0469000e+00   7.9764000e+00   7.9617000e+00   7.6812000e+00   7.8220000e+00
   7.8372000e+00   7.9262000e+00   7.8512000e+00   7.8367000e+00   7.5915000e+00   7.6887000e+00
   7.7587000e+00   7.7684000e+00   7.6542000e+00   7.5667000e+00   7.2263000e+00   7.1941000e+00
   7.7078000e+00   7.6641000e+00   7.5513000e+00   7.4295000e+00   7.0128000e+00   6.9528000e+00
   7.5729000e+00   7.5065000e+00   7.4088000e+00   7.2838000e+00   7.1128000e+00   7.0677000e+00
   7.3953000e+00   7.2388000e+00   7.1937000e+00   7.0613000e+00   7.2934000e+00   7.1942000e+00
   7.3140000e+00   7.1041000e+00   7.0925000e+00   7.0169000e+00   7.3088000e+00   7.1263000e+00
   7.3267000e+00   7.2090000e+00   7.1630000e+00   7.1327000e+00   7.2385000e+00   6.9124000e+00
   7.3639000e+00   7.2302000e+00   7.1950000e+00   7.1753000e+00   7.1852000e+00   6.7952000e+00
   7.4794000e+00   7.3941000e+00   7.3389000e+00   7.3491000e+00   7.1713000e+00   6.8413000e+00
   7.4780000e+00   7.4649000e+00   7.3779000e+00   7.4150000e+00   7.2325000e+00   6.9016000e+00
   7.3991000e+00   7.4027000e+00   7.3111000e+00   7.3534000e+00   7.2591000e+00   6.9416000e+00
   7.3868000e+00   7.4186000e+00   7.3192000e+00   7.3674000e+00   7.2871000e+00   7.0189000e+00
   7.2516000e+00   7.3193000e+00   7.2037000e+00   7.2484000e+00   7.3278000e+00   7.0746000e+00
   7.1931000e+00   7.2138000e+00   7.1342000e+00   7.1533000e+00   7.3501000e+00   7.1613000e+00
   7.2000000e+00   7.2168000e+00   7.1553000e+00   7.1753000e+00   7.3281000e+00   7.1833000e+00
   7.3416000e+00   7.3192000e+00   7.2697000e+00   7.2713000e+00   7.3410000e+00   7.2107000e+00
   7.5121000e+00   7.5481000e+00   7.4726000e+00   7.4856000e+00   7.3227000e+00   7.2332000e+00
   7.5386000e+00   7.5905000e+00   7.5427000e+00   7.5751000e+00   7.3243000e+00   7.1963000e+00
   7.5322000e+00   7.5686000e+00   7.5537000e+00   7.5936000e+00   7.3368000e+00   7.2021000e+00
   7.5787000e+00   7.5485000e+00   7.5717000e+00   7.5821000e+00   7.4332000e+00   7.3407000e+00
   7.6676000e+00   7.5534000e+00   7.6355000e+00   7.6361000e+00   7.6066000e+00   7.5708000e+00
   7.7951000e+00   7.6260000e+00   7.7457000e+00   7.7349000e+00   7.7589000e+00   7.7134000e+00
   7.8777000e+00   7.7146000e+00   7.8200000e+00   7.8054000e+00   7.9018000e+00   7.7960000e+00
   8.0427000e+00   7.8381000e+00   7.9598000e+00   7.9228000e+00   7.9669000e+00   7.8824000e+00
   7.9433000e+00   7.9457000e+00   7.9607000e+00   7.9958000e+00   8.0856000e+00   8.0553000e+00
   7.7406000e+00   7.7299000e+00   7.7785000e+00   7.8087000e+00   8.2727000e+00   8.2806000e+00
   7.8223000e+00   7.6329000e+00   7.6848000e+00   7.6051000e+00   8.4375000e+00   8.4609000e+00
   7.6273000e+00   7.4615000e+00   7.6266000e+00   7.6847000e+00   8.5774000e+00   8.5570000e+00
   7.8607000e+00   7.7590000e+00   7.7156000e+00   7.6475000e+00   8.7624000e+00   8.6886000e+00
   7.7593000e+00   7.6528000e+00   7.6157000e+00   7.5591000e+00   8.9997000e+00   8.8478000e+00
   7.6884000e+00   7.6015000e+00   7.5920000e+00   7.5418000e+00   9.3269000e+00   9.0093000e+00
   7.5227000e+00   7.3692000e+00   7.4748000e+00   7.4474000e+00   9.6602000e+00   9.1841000e+00
   7.2595000e+00   7.1728000e+00   7.2750000e+00   7.2688000e+00   9.9218000e+00   9.3774000e+00
   6.9790000e+00   6.8796000e+00   7.0204000e+00   7.0292000e+00   1.0159500e+01   9.6655000e+00
   6.9788000e+00   6.7941000e+00   6.9682000e+00   6.9354000e+00   1.0175700e+01   9.8537000e+00
   6.9867000e+00   6.9621000e+00   6.9989000e+00   6.9693000e+00   9.9318000e+00   1.0080200e+01
   6.8124000e+00   6.9490000e+00   6.8657000e+00   6.8524000e+00   9.9103000e+00   1.0162700e+01
   6.7338000e+00   6.8543000e+00   6.7578000e+00   6.7217000e+00   9.3867000e+00   1.0088200e+01
   6.7838000e+00   6.7916000e+00   6.6902000e+00   6.5986000e+00   9.2967000e+00   1.0157700e+01
   6.6229000e+00   6.6471000e+00   6.5879000e+00   6.4755000e+00   9.3497000e+00   1.0238700e+01
   6.4603000e+00   6.3885000e+00   6.4296000e+00   6.3435000e+00   9.6799000e+00   1.0196500e+01
   6.8872000e+00   6.7077000e+00   6.7872000e+00   6.6557000e+00   1.0339800e+01   1.0225200e+01
   7.2323000e+00   6.9730000e+00   7.2708000e+00   7.2373000e+00   1.0924700e+01   1.0267700e+01
   7.2902000e+00   7.0747000e+00   7.3514000e+00   7.3680000e+00   1.0701200e+01   1.0349400e+01
   7.5072000e+00   7.4003000e+00   7.4729000e+00   7.4320000e+00   1.0711000e+01   9.8472000e+00
   7.6020000e+00   7.4434000e+00   7.7109000e+00   7.7449000e+00   1.0977200e+01   9.8601000e+00
   7.5627000e+00   7.4106000e+00   7.7871000e+00   7.9382000e+00   1.0893900e+01   1.0499700e+01
   7.8411000e+00   7.5841000e+00   7.9752000e+00   8.0421000e+00   1.0680500e+01   1.1065200e+01
   7.4532000e+00   7.3375000e+00   7.6797000e+00   7.7865000e+00   1.0892100e+01   1.1136100e+01
   7.2482000e+00   7.2124000e+00   7.4307000e+00   7.5167000e+00   1.1085400e+01   1.0972300e+01
   7.2660000e+00   7.3925000e+00   7.4349000e+00   7.4353000e+00   1.1089100e+01   1.1432600e+01
   7.5785000e+00   7.6657000e+00   7.7531000e+00   7.7802000e+00   1.0936400e+01   1.1585100e+01
   6.8746000e+00   7.0628000e+00   7.3627000e+00   7.6129000e+00   1.0857400e+01   1.1492700e+01
   7.2827000e+00   6.6860000e+00   7.0340000e+00   6.9430000e+00   1.0910100e+01   1.1578500e+01
   8.2353000e+00   7.9255000e+00   7.9641000e+00   7.7457000e+00   1.1211100e+01   1.1596900e+01
   7.9840000e+00   8.0775000e+00   8.1061000e+00   8.1727000e+00   1.0933700e+01   1.1042400e+01
   7.7746000e+00   7.7268000e+00   7.8366000e+00   7.8726000e+00   1.0496000e+01   1.0624200e+01
   8.3684000e+00   8.3028000e+00   8.3247000e+00   8.1862000e+00   1.0356600e+01   1.0229600e+01
   8.6688000e+00   8.3309000e+00   8.4775000e+00   8.2660000e+00   1.0283100e+01   9.9435000e+00
   9.4738000e+00   8.8112000e+00   9.1520000e+00   8.8669000e+00   1.0274500e+01   9.7638000e+00
   9.9860000e+00   9.5489000e+00   9.7910000e+00   9.5694000e+00   1.0387300e+01   9.4394000e+00
   1.0042700e+01   9.7133000e+00   9.9341000e+00   9.7380000e+00   1.0381900e+01   9.3215000e+00
   1.0165400e+01   9.7943000e+00   9.9885000e+00   9.7714000e+00   1.0124400e+01   9.3549000e+00
   1.0186100e+01   1.0023900e+01   1.0163800e+01   1.0105100e+01   9.8728000e+00   9.4746000e+00
   1.0229600e+01   1.0101800e+01   1.0304600e+01   1.0326600e+01   9.5545000e+00   9.4715000e+00
   1.0879800e+01   1.0293200e+01   1.0513000e+01   1.0232500e+01   9.3376000e+00   9.3729000e+00
   1.0841500e+01   1.0707900e+01   1.0731900e+01   1.0751200e+01   9.2868000e+00   9.4073000e+00
   1.0704500e+01   1.0995500e+01   1.0865300e+01   1.0965600e+01   9.4127000e+00   9.6178000e+00
   9.9265000e+00   1.0297600e+01   1.0232300e+01   1.0434100e+01   9.6220000e+00   9.9392000e+00
   1.0122800e+01   9.8028000e+00   9.6871000e+00   9.5544000e+00   9.9176000e+00   1.0202300e+01
   1.1644800e+01   1.1297600e+01   1.1047900e+01   1.0493100e+01   1.0152200e+01   1.0280600e+01
   1.1546100e+01   1.1595000e+01   1.1544100e+01   1.1566100e+01   1.0233500e+01   1.0088900e+01
   1.1174500e+01   1.1506900e+01   1.1460500e+01   1.1688700e+01   1.0094100e+01   9.7085000e+00
   1.0721400e+01   1.1015600e+01   1.0964700e+01   1.1144800e+01   9.8478000e+00   9.3633000e+00
   1.0172400e+01   1.0589200e+01   1.0478700e+01   1.0690000e+01   9.6170000e+00   9.2023000e+00
   9.8744000e+00   1.0162000e+01   1.0134800e+01   1.0276800e+01   9.5888000e+00   9.2135000e+00
   9.5365000e+00   9.7268000e+00   9.8307000e+00   9.9538000e+00   9.6939000e+00   9.3103000e+00
   9.0848000e+00   9.1870000e+00   9.4524000e+00   9.6543000e+00   9.8483000e+00   9.3780000e+00
   9.1261000e+00   9.0771000e+00   9.3324000e+00   9.4083000e+00   9.9234000e+00   9.5599000e+00
   9.6474000e+00   9.4492000e+00   9.6742000e+00   9.6346000e+00   9.9714000e+00   9.8511000e+00
   1.0214000e+01   9.9784000e+00   1.0202600e+01   1.0156100e+01   9.9051000e+00   1.0076500e+01
   1.0493400e+01   1.0350700e+01   1.0579100e+01   1.0593500e+01   9.7465000e+00   1.0190200e+01
   1.0736400e+01   1.0697200e+01   1.0875300e+01   1.0937900e+01   9.5141000e+00   1.0126900e+01
   1.0696300e+01   1.0789500e+01   1.0902300e+01   1.1006200e+01   9.3729000e+00   9.8709000e+00
   1.0590700e+01   1.0622600e+01   1.0706500e+01   1.0766900e+01   9.2582000e+00   9.7127000e+00
   1.0647500e+01   1.0498900e+01   1.0612700e+01   1.0589500e+01   9.1906000e+00   9.6733000e+00
   1.0818400e+01   1.0571400e+01   1.0688100e+01   1.0592700e+01   9.3821000e+00   9.7950000e+00
   1.0998500e+01   1.0766800e+01   1.0873400e+01   1.0791600e+01   9.6122000e+00   9.8694000e+00
   1.1029500e+01   1.0968600e+01   1.1025000e+01   1.1000600e+01   9.7547000e+00   9.8171000e+00
   1.1032500e+01   1.1044000e+01   1.1060000e+01   1.1076600e+01   1.0140100e+01   9.9137000e+00
   1.1020500e+01   1.1191700e+01   1.1134600e+01   1.1164400e+01   1.0506700e+01   1.0025600e+01
   1.0552700e+01   1.0961300e+01   1.0874500e+01   1.1124700e+01   9.8988000e+00   9.5471000e+00
   1.0237100e+01   1.0565400e+01   1.0453400e+01   1.0607000e+01   9.2768000e+00   9.0395000e+00
   1.0132900e+01   1.0472300e+01   1.0384800e+01   1.0517800e+01   9.2902000e+00   9.4301000e+00
   9.6451000e+00   1.0269300e+01   1.0089500e+01   1.0275400e+01   9.4560000e+00   9.9677000e+00
   9.6234000e+00   9.8410000e+00   9.8693000e+00   1.0022200e+01   9.6909000e+00   1.0225800e+01
   1.0319400e+01   1.0362800e+01   1.0373000e+01   1.0337500e+01   1.0234900e+01   1.0635800e+01
   1.0769100e+01   1.0940600e+01   1.0893700e+01   1.0839900e+01   1.0812500e+01   1.1113700e+01
   1.0825800e+01   1.1047500e+01   1.1234900e+01   1.1396800e+01   1.1121300e+01   1.1325400e+01
   1.0919000e+01   1.1041000e+01   1.1257500e+01   1.1419800e+01   1.1038600e+01   1.1377700e+01
   1.1010600e+01   1.1123100e+01   1.1217400e+01   1.1287300e+01   1.0862500e+01   1.1421400e+01
   1.1067800e+01   1.1430500e+01   1.1404300e+01   1.1529500e+01   1.0716700e+01   1.1411500e+01
   1.0911800e+01   1.1354400e+01   1.1391100e+01   1.1693700e+01   1.0507000e+01   1.1320100e+01
   1.0993200e+01   1.1118800e+01   1.1344200e+01   1.1664100e+01   1.0223200e+01   1.1159900e+01
   1.1462700e+01   1.1202400e+01   1.1607300e+01   1.1897400e+01   9.9507000e+00   1.0892900e+01
   1.1948500e+01   1.1653200e+01   1.1928300e+01   1.2200200e+01   9.6993000e+00   1.0534700e+01
   1.2363700e+01   1.1857600e+01   1.2099100e+01   1.2402200e+01   9.4551000e+00   1.0127300e+01
   1.2799400e+01   1.1914700e+01   1.2316300e+01   1.2513200e+01   9.1425000e+00   9.7175000e+00
   1.3095400e+01   1.2191400e+01   1.2600300e+01   1.2670600e+01   8.7715000e+00   9.3315000e+00
   1.3048000e+01   1.2452700e+01   1.2689000e+01   1.2759900e+01   8.3625000e+00   8.9351000e+00
   1.2826800e+01   1.2448000e+01   1.2616000e+01   1.2777100e+01   7.9331000e+00   8.5302000e+00
   1.2652800e+01   1.2363600e+01   1.2538600e+01   1.2733900e+01   7.5650000e+00   8.1594000e+00
   1.2541500e+01   1.2314900e+01   1.2469400e+01   1.2655500e+01   7.2305000e+00   7.7666000e+00
   1.2409200e+01   1.2241500e+01   1.2412900e+01   1.2662500e+01   6.8818000e+00   7.4129000e+00
   1.2375000e+01   1.2278000e+01   1.2422900e+01   1.2703300e+01   6.7373000e+00   7.1256000e+00
   1.2531700e+01   1.2354100e+01   1.2511400e+01   1.2787400e+01   6.5877000e+00   6.9902000e+00
   1.2740900e+01   1.2598800e+01   1.2707700e+01   1.2973800e+01   6.3351000e+00   6.8464000e+00
   1.2925000e+01   1.2841800e+01   1.2853800e+01   1.3103700e+01   6.1328000e+00   6.8866000e+00
   1.3013000e+01   1.2981000e+01   1.2983800e+01   1.3268100e+01   6.1728000e+00   7.0068000e+00
   1.3099800e+01   1.3126800e+01   1.3110200e+01   1.3397600e+01   5.9957000e+00   7.2491000e+00
   1.3104400e+01   1.3117100e+01   1.3078900e+01   1.3331700e+01   5.8641000e+00   7.2832000e+00
   1.2975500e+01   1.2965900e+01   1.2897500e+01   1.3134100e+01   5.6743000e+00   7.0791000e+00
   1.2813400e+01   1.2746800e+01   1.2660300e+01   1.2885800e+01   5.3429000e+00   6.8692000e+00
   1.2719100e+01   1.2703900e+01   1.2524500e+01   1.2747700e+01   5.9913000e+00   6.7853000e+00
   1.2491500e+01   1.2789400e+01   1.2512300e+01   1.2787700e+01   4.4110000e+00   6.6179000e+00
   1.2364800e+01   1.2797200e+01   1.2455000e+01   1.2828300e+01   3.5648000e+00   6.2401000e+00
   1.2229800e+01   1.2782300e+01   1.2408200e+01   1.2808700e+01   4.0915000e+00   6.1492000e+00
   1.2075100e+01   1.2416100e+01   1.2147100e+01   1.2484000e+01   5.2447000e+00   5.9733000e+00
   1.1832900e+01   1.2310000e+01   1.2050400e+01   1.2378400e+01   3.9921000e+00   5.8555000e+00
   1.1515600e+01   1.2099300e+01   1.1904000e+01   1.2325900e+01   4.1966000e+00   5.6380000e+00
   1.1200500e+01   1.1860200e+01   1.1500600e+01   1.1811300e+01   3.8789000e+00   5.4965000e+00
   1.0828200e+01   1.1668800e+01   1.1257300e+01   1.1553600e+01   4.7592000e+00   5.5428000e+00
   1.0690100e+01   1.1542000e+01   1.1167800e+01   1.1568600e+01   4.7475000e+00   5.7142000e+00
   1.0560000e+01   1.1624400e+01   1.1191000e+01   1.1620200e+01   4.9368000e+00   5.7897000e+00
   1.0456100e+01   1.1554200e+01   1.1197500e+01   1.1682400e+01   4.9881000e+00   6.0231000e+00
   1.0643600e+01   1.1612700e+01   1.1228000e+01   1.1595900e+01   5.7001000e+00   6.3218000e+00
   1.0817100e+01   1.1655200e+01   1.1356500e+01   1.1742200e+01   6.2477000e+00   6.6601000e+00
   1.1155100e+01   1.1741900e+01   1.1594600e+01   1.1910600e+01   6.6462000e+00   6.9522000e+00
   1.1588100e+01   1.1983500e+01   1.1822300e+01   1.2043400e+01   6.9759000e+00   7.1563000e+00
   1.1834300e+01   1.2225500e+01   1.2005400e+01   1.2194800e+01   7.2129000e+00   7.3881000e+00
   1.1823200e+01   1.2106300e+01   1.1953800e+01   1.2163400e+01   7.6242000e+00   7.9364000e+00
   1.1724600e+01   1.1925300e+01   1.1755100e+01   1.1961400e+01   7.8273000e+00   9.6633000e+00
   1.1416500e+01   1.1581200e+01   1.1412900e+01   1.1606400e+01   8.2119000e+00   9.5351000e+00
   1.1067700e+01   1.1186400e+01   1.1089500e+01   1.1279700e+01   9.7220000e+00   9.1602000e+00
   1.0919700e+01   1.1090700e+01   1.1012700e+01   1.1210600e+01   9.5218000e+00   8.8049000e+00
   1.0860900e+01   1.1014900e+01   1.1003800e+01   1.1203000e+01   9.2306000e+00   8.6850000e+00
   1.0882100e+01   1.0960500e+01   1.0970900e+01   1.1111600e+01   8.8673000e+00   8.5733000e+00
   1.0959300e+01   1.0886800e+01   1.1010600e+01   1.1105100e+01   8.5667000e+00   8.5470000e+00
   1.0865300e+01   1.0633600e+01   1.0934000e+01   1.1040400e+01   8.4724000e+00   8.6223000e+00
   1.0803800e+01   1.0558600e+01   1.0902700e+01   1.1047400e+01   8.6529000e+00   8.6735000e+00
   1.0868400e+01   1.0526000e+01   1.0941400e+01   1.1078900e+01   8.5333000e+00   8.4340000e+00
   1.1073500e+01   1.0747500e+01   1.1171400e+01   1.1317200e+01   8.1469000e+00   8.2675000e+00
   1.1014800e+01   1.0941000e+01   1.1213700e+01   1.1413300e+01   8.0422000e+00   8.1445000e+00
   1.0643800e+01   1.0675000e+01   1.0857100e+01   1.1066800e+01   8.2938000e+00   8.4040000e+00
   1.0468900e+01   1.0513900e+01   1.0670200e+01   1.0875200e+01   8.8138000e+00   8.7043000e+00
   1.0213400e+01   1.0272000e+01   1.0413700e+01   1.0611800e+01   8.7857000e+00   8.6422000e+00
   1.0470200e+01   1.0513700e+01   1.0699900e+01   1.0903600e+01   8.6406000e+00   8.2281000e+00
   1.0732200e+01   1.0763100e+01   1.1000100e+01   1.1228300e+01   8.3056000e+00   7.5623000e+00
   1.0457300e+01   1.0493900e+01   1.0777000e+01   1.1023300e+01   7.6363000e+00   7.6522000e+00
   1.0266000e+01   1.0225900e+01   1.0580200e+01   1.0817100e+01   6.9879000e+00   7.6655000e+00
   1.0502800e+01   1.0485100e+01   1.0803100e+01   1.1044900e+01   6.8713000e+00   8.0807000e+00
   1.0682500e+01   1.0747500e+01   1.0938300e+01   1.1147500e+01   7.2980000e+00   8.7856000e+00
   1.0785500e+01   1.0881200e+01   1.0955500e+01   1.1091800e+01   7.6707000e+00   9.3381000e+00
   1.0919300e+01   1.0981100e+01   1.1061500e+01   1.1182400e+01   8.5900000e+00   9.1993000e+00
   1.0972800e+01   1.1058200e+01   1.1067400e+01   1.1148100e+01   8.7449000e+00   9.3307000e+00
   1.1049900e+01   1.1105800e+01   1.1100900e+01   1.1145600e+01   8.5800000e+00   9.1764000e+00
   1.0856800e+01   1.0912400e+01   1.0953800e+01   1.1006200e+01   8.4079000e+00   8.7736000e+00
   1.0652400e+01   1.0679900e+01   1.0713200e+01   1.0737200e+01   8.1118000e+00   8.6602000e+00
   1.0308000e+01   1.0385900e+01   1.0437000e+01   1.0451300e+01   7.7005000e+00   8.6846000e+00
   9.8930000e+00   9.7608000e+00   9.8949000e+00   9.9702000e+00   7.2778000e+00   8.3872000e+00
   9.6401000e+00   9.4639000e+00   9.6412000e+00   9.6941000e+00   6.7778000e+00   7.3634000e+00
   9.5572000e+00   9.3106000e+00   9.5398000e+00   9.6031000e+00   6.3675000e+00   6.3250000e+00
   9.4820000e+00   9.2114000e+00   9.5015000e+00   9.5955000e+00   5.6390000e+00   5.7685000e+00
   9.3433000e+00   9.0524000e+00   9.3295000e+00   9.4025000e+00   5.0447000e+00   5.4635000e+00
   9.0985000e+00   8.7750000e+00   9.0519000e+00   9.0997000e+00   4.9021000e+00   5.5460000e+00
   8.8896000e+00   8.5647000e+00   8.8549000e+00   8.8927000e+00   4.9749000e+00   5.7359000e+00
   8.7375000e+00   8.4063000e+00   8.7053000e+00   8.7252000e+00   4.9770000e+00   5.6230000e+00
   8.3446000e+00   8.0920000e+00   8.3394000e+00   8.3600000e+00   4.9526000e+00   5.2076000e+00
   7.6421000e+00   7.4285000e+00   7.6373000e+00   7.6430000e+00   4.6573000e+00   4.7814000e+00
   7.1082000e+00   6.9046000e+00   7.0660000e+00   7.0348000e+00   4.0398000e+00   4.4877000e+00
   7.1427000e+00   6.7900000e+00   6.9737000e+00   6.8633000e+00   3.2659000e+00   4.4796000e+00
   7.8436000e+00   7.2176000e+00   7.4536000e+00   7.2560000e+00   2.6954000e+00   4.5972000e+00
   8.1641000e+00   7.7041000e+00   7.8338000e+00   7.7408000e+00   2.2337000e+00   4.1860000e+00
   8.1336000e+00   7.5887000e+00   7.7181000e+00   7.6354000e+00   1.7928000e+00   3.4604000e+00
   7.8773000e+00   7.4178000e+00   7.4486000e+00   7.3400000e+00   1.7625000e+00   3.0939000e+00
   7.2481000e+00   6.8363000e+00   6.8090000e+00   6.7038000e+00   1.8364000e+00   2.4424000e+00
   6.4557000e+00   6.0909000e+00   6.0440000e+00   5.9283000e+00   1.8796000e+00   1.6755000e+00
   5.3489000e+00   5.1934000e+00   5.1648000e+00   5.0919000e+00   1.6300000e+00   1.3417000e+00
   3.8737000e+00   3.9848000e+00   3.9636000e+00   3.9372000e+00   1.1503000e+00   1.2113000e+00
   2.5679000e+00   2.9424000e+00   2.8308000e+00   2.8208000e+00   8.3780000e-01   1.2961000e+00
   1.8448000e+00   2.2406000e+00   2.1614000e+00   2.2162000e+00   7.3640000e-01   1.5339000e+00
   1.6443000e+00   1.8994000e+00   1.7454000e+00   1.7805000e+00   1.2874000e+00   1.8889000e+00
   1.9508000e+00   2.0689000e+00   1.8667000e+00   1.8198000e+00   1.6916000e+00   2.3178000e+00
   2.1267000e+00   2.2540000e+00   2.0589000e+00   1.9450000e+00   1.9685000e+00   2.9875000e+00
   2.1656000e+00   2.2727000e+00   2.1910000e+00   2.0733000e+00   2.4336000e+00   3.6146000e+00
   2.1903000e+00   2.3106000e+00   2.2539000e+00   2.1836000e+00   2.8053000e+00   3.7366000e+00
   2.4772000e+00   2.6796000e+00   2.4918000e+00   2.4052000e+00   3.0746000e+00   3.8018000e+00
   2.8680000e+00   3.1255000e+00   2.9048000e+00   2.8471000e+00   3.3368000e+00   3.8940000e+00
   3.2081000e+00   3.5453000e+00   3.3513000e+00   3.3912000e+00   3.4864000e+00   4.0031000e+00
   3.6662000e+00   4.0629000e+00   3.8521000e+00   3.9549000e+00   3.7183000e+00   4.1122000e+00
   4.3752000e+00   4.6961000e+00   4.4729000e+00   4.5624000e+00   3.9156000e+00   4.1628000e+00
   4.9685000e+00   5.0494000e+00   4.9356000e+00   4.9955000e+00   3.9975000e+00   4.1435000e+00
   5.4277000e+00   5.3637000e+00   5.2517000e+00   5.2438000e+00   4.0818000e+00   4.0764000e+00
   5.8721000e+00   5.5241000e+00   5.5254000e+00   5.4558000e+00   4.2704000e+00   4.0096000e+00
   6.0842000e+00   5.7706000e+00   5.6725000e+00   5.5762000e+00   4.3600000e+00   3.9491000e+00
   6.5706000e+00   6.2420000e+00   6.0262000e+00   5.9147000e+00   4.4268000e+00   3.9800000e+00
   6.7658000e+00   6.3966000e+00   6.2830000e+00   6.2488000e+00   4.5497000e+00   4.1163000e+00
   7.0592000e+00   6.6209000e+00   6.5484000e+00   6.4910000e+00   4.8006000e+00   4.3859000e+00
   7.3036000e+00   6.7795000e+00   6.8016000e+00   6.7569000e+00   5.0489000e+00   4.8353000e+00
   7.4784000e+00   6.9051000e+00   6.9712000e+00   6.9270000e+00   5.3448000e+00   5.2153000e+00
   7.7608000e+00   7.1445000e+00   7.2155000e+00   7.1793000e+00   5.6050000e+00   5.5183000e+00
   7.9589000e+00   7.3786000e+00   7.4576000e+00   7.4878000e+00   5.8232000e+00   5.8583000e+00
   8.0421000e+00   7.4565000e+00   7.5364000e+00   7.5908000e+00   6.0442000e+00   6.1227000e+00
   8.1122000e+00   7.5296000e+00   7.6005000e+00   7.6593000e+00   6.2671000e+00   6.2661000e+00
   8.0090000e+00   7.4772000e+00   7.5371000e+00   7.6324000e+00   6.5026000e+00   6.3245000e+00
   7.8731000e+00   7.3988000e+00   7.4054000e+00   7.5262000e+00   6.7112000e+00   6.3742000e+00
   7.5941000e+00   7.1452000e+00   7.1118000e+00   7.2405000e+00   6.6497000e+00   6.3864000e+00
   7.2683000e+00   6.8248000e+00   6.8256000e+00   6.9944000e+00   6.4132000e+00   6.3668000e+00
   7.0523000e+00   6.6147000e+00   6.6026000e+00   6.7835000e+00   6.2799000e+00   6.2319000e+00
   6.8697000e+00   6.4722000e+00   6.4555000e+00   6.6429000e+00   6.2517000e+00   6.0976000e+00
   6.6815000e+00   6.3659000e+00   6.3576000e+00   6.5672000e+00   6.1736000e+00   5.9915000e+00
   6.5002000e+00   6.2314000e+00   6.2165000e+00   6.4183000e+00   6.0557000e+00   5.9875000e+00
   6.2928000e+00   6.0488000e+00   6.0210000e+00   6.2058000e+00   5.8463000e+00   5.9694000e+00
   6.1080000e+00   5.8582000e+00   5.8475000e+00   6.0354000e+00   5.5724000e+00   5.8097000e+00
   5.9877000e+00   5.7280000e+00   5.7294000e+00   5.9049000e+00   5.4103000e+00   5.5977000e+00
   5.8939000e+00   5.6677000e+00   5.6851000e+00   5.8535000e+00   5.2217000e+00   5.3496000e+00
   5.7092000e+00   5.5238000e+00   5.5405000e+00   5.6904000e+00   4.9081000e+00   5.0588000e+00
   5.5488000e+00   5.3894000e+00   5.4237000e+00   5.5682000e+00   4.7330000e+00   4.7859000e+00
   5.4123000e+00   5.3150000e+00   5.3396000e+00   5.4726000e+00   4.7049000e+00   4.6775000e+00
   5.2141000e+00   5.1858000e+00   5.2142000e+00   5.3062000e+00   4.7243000e+00   4.9783000e+00
   5.0228000e+00   5.0821000e+00   5.0867000e+00   5.1295000e+00   4.7929000e+00   5.2339000e+00
   4.9356000e+00   4.9766000e+00   4.9823000e+00   5.0048000e+00   4.9088000e+00   5.2528000e+00
   4.8687000e+00   4.8816000e+00   4.8872000e+00   4.9184000e+00   5.0977000e+00   5.2111000e+00
   4.7604000e+00   4.7747000e+00   4.7981000e+00   4.8296000e+00   5.1527000e+00   5.2889000e+00
   4.6653000e+00   4.6508000e+00   4.6767000e+00   4.6826000e+00   5.0655000e+00   5.3446000e+00
   4.5041000e+00   4.4307000e+00   4.4576000e+00   4.4347000e+00   5.0487000e+00   5.2811000e+00
   4.2557000e+00   4.1822000e+00   4.2067000e+00   4.1872000e+00   4.9890000e+00   5.1955000e+00
   4.0502000e+00   3.9934000e+00   4.0296000e+00   4.0177000e+00   4.9100000e+00   5.0327000e+00
   3.9024000e+00   3.8617000e+00   3.9105000e+00   3.9107000e+00   4.7903000e+00   4.8334000e+00
   3.7933000e+00   3.7650000e+00   3.8130000e+00   3.8185000e+00   4.6360000e+00   4.4953000e+00
   3.7194000e+00   3.6852000e+00   3.7232000e+00   3.7206000e+00   4.4200000e+00   3.5902000e+00
   3.6185000e+00   3.5737000e+00   3.5991000e+00   3.5852000e+00   4.1287000e+00   3.9927000e+00
   3.4962000e+00   3.4492000e+00   3.4666000e+00   3.4492000e+00   3.6115000e+00   4.3212000e+00
   3.3461000e+00   3.3108000e+00   3.3185000e+00   3.2981000e+00   3.9716000e+00   5.3262000e+00
   3.1485000e+00   3.1294000e+00   3.1503000e+00   3.1518000e+00   4.5690000e+00   5.7082000e+00
   3.0386000e+00   3.0341000e+00   3.0596000e+00   3.0753000e+00   5.8640000e+00   5.6486000e+00
   2.9935000e+00   2.9703000e+00   3.0068000e+00   3.0180000e+00   5.8507000e+00   5.6621000e+00
   2.8764000e+00   2.8406000e+00   2.8917000e+00   2.9032000e+00   4.4751000e+00   5.7131000e+00
   2.7734000e+00   2.7224000e+00   2.7996000e+00   2.8209000e+00   4.1414000e+00   5.6181000e+00
   2.7036000e+00   2.6724000e+00   2.7564000e+00   2.7932000e+00   5.0706000e+00   5.4980000e+00
   2.6719000e+00   2.6610000e+00   2.7270000e+00   2.7561000e+00   5.8366000e+00   4.7969000e+00
   2.6484000e+00   2.6378000e+00   2.6861000e+00   2.7035000e+00   5.8223000e+00   4.3518000e+00
   2.6143000e+00   2.6013000e+00   2.6463000e+00   2.6682000e+00   4.9337000e+00   4.1377000e+00
   2.6215000e+00   2.6107000e+00   2.6550000e+00   2.6801000e+00   4.5419000e+00   4.1558000e+00
   2.6369000e+00   2.6048000e+00   2.6562000e+00   2.6789000e+00   4.2481000e+00   4.7591000e+00
   2.5937000e+00   2.5326000e+00   2.5727000e+00   2.5827000e+00   3.9779000e+00   5.9213000e+00
   2.5362000e+00   2.4583000e+00   2.4805000e+00   2.4570000e+00   4.0968000e+00   6.5550000e+00
   2.3213000e+00   2.3222000e+00   2.3675000e+00   2.3691000e+00   4.4081000e+00   6.4141000e+00
   2.1429000e+00   2.1182000e+00   2.1669000e+00   2.1931000e+00   4.9108000e+00   6.2460000e+00
   2.2717000e+00   2.1578000e+00   2.1297000e+00   2.0457000e+00   5.9133000e+00   6.2891000e+00
   2.4000000e+00   2.2964000e+00   2.2529000e+00   2.1526000e+00   6.7396000e+00   6.5679000e+00
   2.5164000e+00   2.4250000e+00   2.3975000e+00   2.3198000e+00   6.6411000e+00   6.8574000e+00
   2.6782000e+00   2.5810000e+00   2.5568000e+00   2.4799000e+00   6.3740000e+00   6.9018000e+00
   2.8545000e+00   2.7543000e+00   2.7236000e+00   2.6417000e+00   6.1757000e+00   6.7113000e+00
   3.0429000e+00   2.9257000e+00   2.9238000e+00   2.8495000e+00   6.0309000e+00   6.3621000e+00
   3.2021000e+00   3.0799000e+00   3.0896000e+00   3.0182000e+00   5.8601000e+00   5.9211000e+00
   3.3346000e+00   3.2191000e+00   3.2244000e+00   3.1581000e+00   5.6267000e+00   5.4933000e+00
   3.4137000e+00   3.3269000e+00   3.3066000e+00   3.2480000e+00   5.4171000e+00   5.1570000e+00
   3.4986000e+00   3.4142000e+00   3.3816000e+00   3.3182000e+00   5.0754000e+00   4.8869000e+00
   3.4919000e+00   3.4007000e+00   3.3667000e+00   3.2918000e+00   4.8095000e+00   4.7248000e+00
   3.3847000e+00   3.2863000e+00   3.2568000e+00   3.1757000e+00   4.7394000e+00   4.6885000e+00
   3.2967000e+00   3.1384000e+00   3.1200000e+00   3.0063000e+00   4.7633000e+00   4.7301000e+00
   3.2144000e+00   3.0265000e+00   2.9951000e+00   2.8503000e+00   4.8177000e+00   4.7338000e+00
   3.0984000e+00   2.8422000e+00   2.8176000e+00   2.6404000e+00   4.8900000e+00   4.6594000e+00
   2.9704000e+00   2.6987000e+00   2.6723000e+00   2.4911000e+00   4.9308000e+00   4.5827000e+00
   2.8187000e+00   2.5779000e+00   2.5541000e+00   2.3958000e+00   4.8911000e+00   4.5585000e+00
   2.7045000e+00   2.4634000e+00   2.4623000e+00   2.3209000e+00   4.8586000e+00   4.6170000e+00
   2.5232000e+00   2.3171000e+00   2.3259000e+00   2.2058000e+00   4.8772000e+00   4.7289000e+00
   2.2886000e+00   2.1342000e+00   2.1350000e+00   2.0402000e+00   4.9060000e+00   4.7996000e+00
   2.0919000e+00   1.9702000e+00   1.9478000e+00   1.8597000e+00   4.9802000e+00   4.8621000e+00
   1.9605000e+00   1.8444000e+00   1.8050000e+00   1.7050000e+00   4.9476000e+00   4.8283000e+00
   1.8419000e+00   1.7347000e+00   1.6818000e+00   1.5790000e+00   4.8485000e+00   4.7713000e+00
   1.6839000e+00   1.5838000e+00   1.5195000e+00   1.4154000e+00   4.6890000e+00   4.7000000e+00
   1.4508000e+00   1.3422000e+00   1.2733000e+00   1.1605000e+00   4.5306000e+00   4.6473000e+00
   1.1800000e+00   1.0708000e+00   9.9050000e-01   8.7030000e-01   4.4265000e+00   4.6024000e+00
   9.3150000e-01   8.5160000e-01   7.6380000e-01   6.6310000e-01   4.3619000e+00   4.5380000e+00
   8.0720000e-01   7.7950000e-01   7.2830000e-01   7.0180000e-01   4.1315000e+00   4.2749000e+00
   9.5760000e-01   9.9330000e-01   1.0019000e+00   1.0496000e+00   3.5402000e+00   3.6862000e+00
   1.3615000e+00   1.4365000e+00   1.4606000e+00   1.5331000e+00   3.0791000e+00   3.2796000e+00
   1.8594000e+00   1.9247000e+00   1.9356000e+00   1.9961000e+00   2.8684000e+00   3.0970000e+00
   2.2613000e+00   2.2812000e+00   2.2763000e+00   2.3095000e+00   2.8156000e+00   3.1688000e+00
   2.4766000e+00   2.4559000e+00   2.4333000e+00   2.4453000e+00   3.1052000e+00   3.2978000e+00
   2.5360000e+00   2.5010000e+00   2.4622000e+00   2.4610000e+00   3.2115000e+00   3.3085000e+00
   2.4924000e+00   2.4668000e+00   2.4196000e+00   2.4180000e+00   3.3341000e+00   3.3675000e+00
   2.4305000e+00   2.4125000e+00   2.3717000e+00   2.3787000e+00   3.5015000e+00   3.4397000e+00
   2.4362000e+00   2.4155000e+00   2.3919000e+00   2.4154000e+00   3.6316000e+00   3.5278000e+00
   2.5518000e+00   2.5254000e+00   2.5132000e+00   2.5545000e+00   3.7625000e+00   3.6734000e+00
   2.7066000e+00   2.6752000e+00   2.6700000e+00   2.7129000e+00   3.9161000e+00   3.8990000e+00
   2.8554000e+00   2.8027000e+00   2.8038000e+00   2.8267000e+00   4.0690000e+00   4.1295000e+00
   3.0274000e+00   2.9397000e+00   2.9477000e+00   2.9358000e+00   4.2337000e+00   4.3590000e+00
   3.2343000e+00   3.0971000e+00   3.1058000e+00   3.0495000e+00   4.3651000e+00   4.5255000e+00
   3.4197000e+00   3.2246000e+00   3.2229000e+00   3.1287000e+00   4.4655000e+00   4.6283000e+00
   3.5483000e+00   3.3057000e+00   3.2879000e+00   3.1681000e+00   4.5592000e+00   4.6872000e+00
   3.6303000e+00   3.3518000e+00   3.3452000e+00   3.2303000e+00   4.7059000e+00   4.7516000e+00
   3.6867000e+00   3.4286000e+00   3.4415000e+00   3.3517000e+00   4.8569000e+00   4.8222000e+00
   3.7749000e+00   3.5546000e+00   3.6044000e+00   3.5444000e+00   4.9548000e+00   4.8739000e+00
   3.9548000e+00   3.7645000e+00   3.8682000e+00   3.8360000e+00   5.0232000e+00   4.9413000e+00
   4.2513000e+00   4.0790000e+00   4.2295000e+00   4.2035000e+00   5.1181000e+00   5.0555000e+00
   4.6792000e+00   4.5233000e+00   4.6951000e+00   4.6684000e+00   5.2119000e+00   5.2006000e+00
   5.2189000e+00   5.0682000e+00   5.2577000e+00   5.2348000e+00   5.2910000e+00   5.3627000e+00
   5.8271000e+00   5.6657000e+00   5.8564000e+00   5.8297000e+00   5.4011000e+00   5.4640000e+00
   6.5010000e+00   6.3247000e+00   6.4908000e+00   6.4491000e+00   5.6300000e+00   5.6149000e+00
   7.2409000e+00   7.0528000e+00   7.1569000e+00   7.0926000e+00   5.9538000e+00   5.9137000e+00
   7.9917000e+00   7.7688000e+00   7.7993000e+00   7.6915000e+00   6.5293000e+00   7.2564000e+00
   8.5881000e+00   8.2612000e+00   8.2701000e+00   8.1010000e+00   6.2988000e+00   7.0703000e+00
   8.8994000e+00   8.4766000e+00   8.5053000e+00   8.2959000e+00   7.4087000e+00   5.9901000e+00
   8.9818000e+00   8.5524000e+00   8.5855000e+00   8.3717000e+00   8.0113000e+00   5.9903000e+00
   8.9559000e+00   8.6038000e+00   8.6176000e+00   8.4301000e+00   7.1290000e+00   6.8923000e+00
   9.0244000e+00   8.7635000e+00   8.7534000e+00   8.5943000e+00   7.2885000e+00   7.0964000e+00
   9.2432000e+00   9.0575000e+00   9.0255000e+00   8.8906000e+00   6.6073000e+00   7.1540000e+00
   9.5333000e+00   9.3825000e+00   9.3372000e+00   9.2116000e+00   7.5995000e+00   7.0631000e+00
   9.6251000e+00   9.5027000e+00   9.4558000e+00   9.3477000e+00   7.4001000e+00   6.9280000e+00
   9.6227000e+00   9.5328000e+00   9.4731000e+00   9.3717000e+00   7.2342000e+00   7.4899000e+00
   9.5619000e+00   9.4986000e+00   9.4203000e+00   9.3422000e+00   7.1473000e+00   8.2303000e+00
   9.6816000e+00   9.5439000e+00   9.4993000e+00   9.4010000e+00   8.0906000e+00   8.2623000e+00
   9.8112000e+00   9.7395000e+00   9.6993000e+00   9.6316000e+00   9.1478000e+00   8.3250000e+00
   1.0045400e+01   9.9960000e+00   9.9456000e+00   9.8901000e+00   1.0075200e+01   8.9951000e+00
   1.0226400e+01   1.0223700e+01   1.0156900e+01   1.0106600e+01   1.0364400e+01   1.0197100e+01
   1.0386200e+01   1.0329500e+01   1.0289600e+01   1.0254300e+01   1.0690500e+01   1.0824000e+01
   1.0497800e+01   1.0400300e+01   1.0392900e+01   1.0333800e+01   1.1153700e+01   1.1185100e+01
   1.0572000e+01   1.0522200e+01   1.0504300e+01   1.0457900e+01   1.1565300e+01   1.1539900e+01
   1.0650900e+01   1.0635900e+01   1.0585700e+01   1.0570700e+01   1.1844600e+01   1.1933000e+01
   1.0730700e+01   1.0674000e+01   1.0634600e+01   1.0613400e+01   1.1925000e+01   1.1902500e+01
   1.0661900e+01   1.0625200e+01   1.0578800e+01   1.0575100e+01   1.1999800e+01   1.1955800e+01
   1.0688500e+01   1.0595700e+01   1.0599100e+01   1.0585500e+01   1.2276000e+01   1.2128200e+01
   1.0770500e+01   1.0649300e+01   1.0653900e+01   1.0627500e+01   1.2419300e+01   1.2193900e+01
   1.0901100e+01   1.0789300e+01   1.0797300e+01   1.0771600e+01   1.2237900e+01   1.2097400e+01
   1.0942400e+01   1.0914700e+01   1.0886000e+01   1.0873600e+01   1.2041600e+01   1.1943500e+01
   1.0855500e+01   1.0973100e+01   1.0870100e+01   1.0901000e+01   1.1828300e+01   1.1681000e+01
   1.0656000e+01   1.0892000e+01   1.0743100e+01   1.0833100e+01   1.1455000e+01   1.1422600e+01
   1.0435800e+01   1.0698000e+01   1.0544100e+01   1.0644100e+01   1.1127500e+01   1.1000300e+01
   1.0334000e+01   1.0653100e+01   1.0491800e+01   1.0602700e+01   1.1418500e+01   1.1107900e+01
   1.0387500e+01   1.0733500e+01   1.0599200e+01   1.0735600e+01   1.1612900e+01   1.2008100e+01
   1.0471200e+01   1.0801000e+01   1.0736200e+01   1.0902600e+01   1.0951200e+01   1.1771500e+01
   1.0573400e+01   1.0925500e+01   1.0837600e+01   1.1002800e+01   1.0773100e+01   1.1256200e+01
   1.0764000e+01   1.1132700e+01   1.0957600e+01   1.1073100e+01   1.1288800e+01   1.0924400e+01
   1.0906100e+01   1.1264600e+01   1.1036900e+01   1.1115900e+01   1.1468700e+01   1.0672900e+01
   1.0868400e+01   1.1235900e+01   1.0978100e+01   1.1045400e+01   1.1652600e+01   1.1171100e+01
   1.0926700e+01   1.1171400e+01   1.0980400e+01   1.1001900e+01   1.1754700e+01   1.1655400e+01
   1.1096500e+01   1.1163200e+01   1.1085000e+01   1.1063200e+01   1.1926700e+01   1.2292000e+01
   1.1477000e+01   1.1457500e+01   1.1450800e+01   1.1426000e+01   1.1636800e+01   1.3611100e+01
