  -6.3438000e+00  -6.3858000e+00  -6.3820000e+00  -6.4104000e+00  -3.0442000e+00  -3.4191000e+00
  -6.3527000e+00  -6.3990000e+00  -6.3878000e+00  -6.4135000e+00  -3.0525000e+00  -3.4509000e+00
  -6.3551000e+00  -6.3967000e+00  -6.3844000e+00  -6.4057000e+00  -3.0682000e+00  -3.4968000e+00
  -6.3546000e+00  -6.3894000e+00  -6.3777000e+00  -6.3951000e+00  -3.1018000e+00  -3.5476000e+00
  -6.3502000e+00  -6.3780000e+00  -6.3684000e+00  -6.3823000e+00  -3.1532000e+00  -3.6071000e+00
  -6.3595000e+00  -6.3838000e+00  -6.3806000e+00  -6.4005000e+00  -3.2385000e+00  -3.6669000e+00
  -6.3873000e+00  -6.4155000e+00  -6.4209000e+00  -6.4496000e+00  -3.3418000e+00  -3.7185000e+00
  -6.4356000e+00  -6.4684000e+00  -6.4751000e+00  -6.5076000e+00  -3.4469000e+00  -3.7597000e+00
  -6.5105000e+00  -6.5386000e+00  -6.5435000e+00  -6.5803000e+00  -3.5569000e+00  -3.7921000e+00
  -6.5697000e+00  -6.5987000e+00  -6.6048000e+00  -6.6422000e+00  -3.6510000e+00  -3.8399000e+00
  -6.6089000e+00  -6.6537000e+00  -6.6490000e+00  -6.6918000e+00  -3.7567000e+00  -3.9136000e+00
  -6.6488000e+00  -6.7137000e+00  -6.6964000e+00  -6.7419000e+00  -3.8767000e+00  -4.0423000e+00
  -6.7095000e+00  -6.7730000e+00  -6.7438000e+00  -6.7827000e+00  -4.0014000e+00  -4.1739000e+00
  -6.7029000e+00  -6.7837000e+00  -6.7390000e+00  -6.7751000e+00  -4.1782000e+00  -4.2624000e+00
  -6.6742000e+00  -6.7782000e+00  -6.7329000e+00  -6.7780000e+00  -4.4081000e+00  -4.3540000e+00
  -6.6819000e+00  -6.8012000e+00  -6.7554000e+00  -6.8033000e+00  -4.7990000e+00  -4.6770000e+00
  -6.6923000e+00  -6.8186000e+00  -6.7672000e+00  -6.8133000e+00  -5.2207000e+00  -5.2544000e+00
  -6.7194000e+00  -6.8287000e+00  -6.7870000e+00  -6.8299000e+00  -5.7203000e+00  -5.5980000e+00
  -6.7880000e+00  -6.8759000e+00  -6.8476000e+00  -6.8766000e+00  -5.7231000e+00  -5.7609000e+00
  -6.8488000e+00  -6.9213000e+00  -6.8914000e+00  -6.9090000e+00  -5.7665000e+00  -5.6979000e+00
  -6.9078000e+00  -6.9594000e+00  -6.9190000e+00  -6.9446000e+00  -5.5320000e+00  -5.4843000e+00
  -6.8810000e+00  -6.9582000e+00  -6.8719000e+00  -6.9034000e+00  -5.2629000e+00  -5.2580000e+00
  -6.7620000e+00  -6.9393000e+00  -6.7814000e+00  -6.8189000e+00  -5.0159000e+00  -5.0866000e+00
  -6.5183000e+00  -6.8541000e+00  -6.6870000e+00  -6.7391000e+00  -4.7490000e+00  -4.8452000e+00
  -6.0874000e+00  -6.7065000e+00  -6.4835000e+00  -6.5890000e+00  -4.5454000e+00  -4.5641000e+00
  -5.6826000e+00  -6.4133000e+00  -6.1895000e+00  -6.3854000e+00  -4.2712000e+00  -4.2566000e+00
  -5.3677000e+00  -5.9822000e+00  -5.8232000e+00  -6.0803000e+00  -3.9892000e+00  -3.9183000e+00
  -5.1573000e+00  -5.7393000e+00  -5.6182000e+00  -5.8926000e+00  -3.7289000e+00  -3.5746000e+00
  -4.8589000e+00  -5.4148000e+00  -5.3062000e+00  -5.5825000e+00  -3.4298000e+00  -3.2949000e+00
  -4.6374000e+00  -5.1712000e+00  -5.0561000e+00  -5.3144000e+00  -3.3076000e+00  -3.0546000e+00
  -4.4345000e+00  -5.0056000e+00  -4.8708000e+00  -5.0769000e+00  -3.2455000e+00  -2.7415000e+00
  -4.3047000e+00  -5.0005000e+00  -4.7886000e+00  -4.9247000e+00  -3.0383000e+00  -2.5974000e+00
  -4.3061000e+00  -5.0307000e+00  -4.7728000e+00  -4.8625000e+00  -2.7840000e+00  -2.5918000e+00
  -4.3628000e+00  -4.9398000e+00  -4.7422000e+00  -4.8091000e+00  -2.5340000e+00  -2.4990000e+00
  -4.4499000e+00  -4.9061000e+00  -4.7051000e+00  -4.7472000e+00  -2.1048000e+00  -2.2531000e+00
  -4.4818000e+00  -4.8202000e+00  -4.6236000e+00  -4.6700000e+00  -1.6347000e+00  -1.9489000e+00
  -4.4548000e+00  -4.6627000e+00  -4.4473000e+00  -4.4809000e+00  -1.2259000e+00  -1.5970000e+00
  -4.5444000e+00  -4.6004000e+00  -4.3606000e+00  -4.4355000e+00  -7.9890000e-01  -1.2241000e+00
  -4.3995000e+00  -4.7256000e+00  -4.4615000e+00  -4.4883000e+00  -4.4970000e-01  -8.6650000e-01
  -4.7863000e+00  -4.7484000e+00  -4.5374000e+00  -4.6375000e+00  -2.5130000e-01  -5.4650000e-01
  -4.6388000e+00  -4.8190000e+00  -4.5548000e+00  -4.5988000e+00  -8.5600000e-02  -2.6440000e-01
  -4.9564000e+00  -5.1431000e+00  -4.8581000e+00  -4.9313000e+00   1.0920000e-01   9.4000000e-03
  -4.8914000e+00  -5.1624000e+00  -4.9869000e+00  -5.0498000e+00   2.5670000e-01   2.2650000e-01
  -5.0554000e+00  -5.0615000e+00  -4.9613000e+00  -5.1096000e+00   3.6590000e-01   2.8340000e-01
  -5.1957000e+00  -5.1352000e+00  -5.0925000e+00  -5.2059000e+00   4.8760000e-01   2.8950000e-01
  -5.1446000e+00  -5.2916000e+00  -5.0812000e+00  -5.0593000e+00  -3.0340000e-01   4.1220000e-01
  -5.2839000e+00  -5.4225000e+00  -5.1550000e+00  -5.1031000e+00  -3.3000000e-03   5.3630000e-01
  -5.4980000e+00  -5.5595000e+00  -5.3083000e+00  -5.2587000e+00   5.6070000e-01   6.6230000e-01
  -5.5331000e+00  -5.4103000e+00  -5.4100000e+00  -5.4299000e+00   1.1131000e+00   6.8640000e-01
  -5.4580000e+00  -5.2884000e+00  -5.4270000e+00  -5.5121000e+00   1.0881000e+00   7.1540000e-01
  -5.5046000e+00  -5.2997000e+00  -5.4704000e+00  -5.6278000e+00   7.6600000e-01   9.8840000e-01
  -5.6095000e+00  -5.3494000e+00  -5.5596000e+00  -5.7620000e+00   9.0340000e-01   1.2591000e+00
  -5.7063000e+00  -5.5917000e+00  -5.5918000e+00  -5.7356000e+00   1.1001000e+00   1.2143000e+00
  -5.8310000e+00  -5.8827000e+00  -5.7810000e+00  -5.9401000e+00   1.2839000e+00   1.1019000e+00
  -6.0206000e+00  -6.1175000e+00  -6.0004000e+00  -6.1932000e+00   1.3276000e+00   1.1362000e+00
  -6.3399000e+00  -6.4498000e+00  -6.3770000e+00  -6.6179000e+00   1.2231000e+00   1.1845000e+00
  -6.6007000e+00  -6.6323000e+00  -6.5740000e+00  -6.7254000e+00   1.1665000e+00   1.2549000e+00
  -6.6788000e+00  -6.6117000e+00  -6.6393000e+00  -6.8070000e+00   1.1638000e+00   1.0226000e+00
  -6.9061000e+00  -6.8047000e+00  -6.8459000e+00  -6.9853000e+00   1.1261000e+00   8.4450000e-01
  -7.0066000e+00  -7.0133000e+00  -6.9414000e+00  -7.0209000e+00   1.1327000e+00   8.3810000e-01
  -7.0193000e+00  -7.0236000e+00  -6.9587000e+00  -7.0294000e+00   1.1036000e+00   8.9170000e-01
  -7.0320000e+00  -7.0211000e+00  -6.9838000e+00  -7.0574000e+00   1.0110000e+00   8.9490000e-01
  -7.0557000e+00  -7.0389000e+00  -7.0282000e+00  -7.1048000e+00   1.0057000e+00   7.7500000e-01
  -7.1216000e+00  -7.1338000e+00  -7.0944000e+00  -7.1481000e+00   1.0648000e+00   6.1240000e-01
  -7.1862000e+00  -7.1966000e+00  -7.1642000e+00  -7.2119000e+00   7.8620000e-01   3.1160000e-01
  -7.2439000e+00  -7.2598000e+00  -7.2365000e+00  -7.2809000e+00   3.7190000e-01  -5.9190000e-01
  -7.2910000e+00  -7.3245000e+00  -7.2926000e+00  -7.3293000e+00  -7.5250000e-01  -1.3357000e+00
  -7.3207000e+00  -7.3715000e+00  -7.3388000e+00  -7.3775000e+00  -1.4058000e+00  -1.6867000e+00
  -7.3733000e+00  -7.4336000e+00  -7.3860000e+00  -7.4110000e+00  -1.9014000e+00  -2.0029000e+00
  -7.4032000e+00  -7.4558000e+00  -7.4116000e+00  -7.4373000e+00  -2.2655000e+00  -2.2276000e+00
  -7.4187000e+00  -7.4797000e+00  -7.4361000e+00  -7.4610000e+00  -2.4952000e+00  -2.4428000e+00
  -7.4470000e+00  -7.5025000e+00  -7.4640000e+00  -7.4871000e+00  -2.5651000e+00  -2.6271000e+00
  -7.4716000e+00  -7.5250000e+00  -7.4908000e+00  -7.5122000e+00  -2.7733000e+00  -2.8581000e+00
  -7.4967000e+00  -7.5497000e+00  -7.5185000e+00  -7.5380000e+00  -3.1872000e+00  -3.0982000e+00
  -7.5262000e+00  -7.5771000e+00  -7.5447000e+00  -7.5634000e+00  -3.2414000e+00  -3.3489000e+00
  -7.5554000e+00  -7.6050000e+00  -7.5741000e+00  -7.5915000e+00  -3.4989000e+00  -3.5990000e+00
  -7.5816000e+00  -7.6291000e+00  -7.5997000e+00  -7.6147000e+00  -3.8319000e+00  -3.7686000e+00
  -7.5974000e+00  -7.6445000e+00  -7.6177000e+00  -7.6360000e+00  -4.1195000e+00  -4.0607000e+00
  -7.6199000e+00  -7.6718000e+00  -7.6421000e+00  -7.6610000e+00  -4.3201000e+00  -4.3189000e+00
  -7.6390000e+00  -7.6875000e+00  -7.6593000e+00  -7.6747000e+00  -4.5281000e+00  -4.6080000e+00
  -7.6604000e+00  -7.6967000e+00  -7.6768000e+00  -7.6914000e+00  -4.7758000e+00  -4.8553000e+00
  -7.6820000e+00  -7.7162000e+00  -7.6987000e+00  -7.7123000e+00  -5.0694000e+00  -5.0737000e+00
  -7.6997000e+00  -7.7373000e+00  -7.7168000e+00  -7.7316000e+00  -5.3373000e+00  -5.3085000e+00
  -7.7066000e+00  -7.7484000e+00  -7.7257000e+00  -7.7403000e+00  -5.5016000e+00  -5.4875000e+00
  -7.7022000e+00  -7.7472000e+00  -7.7216000e+00  -7.7360000e+00  -5.6673000e+00  -5.7016000e+00
  -7.6913000e+00  -7.7376000e+00  -7.7138000e+00  -7.7300000e+00  -5.8342000e+00  -5.9112000e+00
  -7.6691000e+00  -7.7135000e+00  -7.6979000e+00  -7.7205000e+00  -6.0154000e+00  -6.0975000e+00
  -7.6431000e+00  -7.6759000e+00  -7.6675000e+00  -7.6884000e+00  -6.2131000e+00  -6.2687000e+00
  -7.6337000e+00  -7.6784000e+00  -7.6579000e+00  -7.6757000e+00  -6.3338000e+00  -6.4130000e+00
  -7.6277000e+00  -7.6773000e+00  -7.6485000e+00  -7.6640000e+00  -6.4293000e+00  -6.4989000e+00
  -7.6345000e+00  -7.6758000e+00  -7.6523000e+00  -7.6642000e+00  -6.5067000e+00  -6.5830000e+00
  -7.6367000e+00  -7.6779000e+00  -7.6556000e+00  -7.6694000e+00  -6.6039000e+00  -6.6440000e+00
  -7.6324000e+00  -7.6681000e+00  -7.6505000e+00  -7.6636000e+00  -6.6499000e+00  -6.6882000e+00
  -7.6333000e+00  -7.6664000e+00  -7.6511000e+00  -7.6654000e+00  -6.6540000e+00  -6.6899000e+00
  -7.6168000e+00  -7.6580000e+00  -7.6357000e+00  -7.6503000e+00  -6.6910000e+00  -6.6686000e+00
  -7.6344000e+00  -7.6681000e+00  -7.6448000e+00  -7.6543000e+00  -6.7624000e+00  -6.6820000e+00
  -7.6338000e+00  -7.6651000e+00  -7.6413000e+00  -7.6523000e+00  -6.8549000e+00  -6.7319000e+00
  -7.6244000e+00  -7.6891000e+00  -7.6406000e+00  -7.6557000e+00  -6.9933000e+00  -6.8247000e+00
  -7.6799000e+00  -7.7210000e+00  -7.6904000e+00  -7.7000000e+00  -7.0536000e+00  -6.9486000e+00
  -7.6900000e+00  -7.7276000e+00  -7.7065000e+00  -7.7246000e+00  -7.0485000e+00  -7.0412000e+00
  -7.7025000e+00  -7.7419000e+00  -7.7149000e+00  -7.7289000e+00  -7.0528000e+00  -7.1166000e+00
  -7.7121000e+00  -7.7607000e+00  -7.7273000e+00  -7.7425000e+00  -6.9106000e+00  -7.1079000e+00
  -7.7270000e+00  -7.7799000e+00  -7.7376000e+00  -7.7511000e+00  -6.9072000e+00  -7.1234000e+00
  -7.7655000e+00  -7.8049000e+00  -7.7758000e+00  -7.7801000e+00  -7.0895000e+00  -7.1707000e+00
  -7.7856000e+00  -7.8248000e+00  -7.7993000e+00  -7.8051000e+00  -7.2541000e+00  -7.2006000e+00
  -7.8188000e+00  -7.8608000e+00  -7.8378000e+00  -7.8468000e+00  -7.4102000e+00  -7.2375000e+00
  -7.8381000e+00  -7.8786000e+00  -7.8593000e+00  -7.8700000e+00  -7.4946000e+00  -7.2852000e+00
  -7.8434000e+00  -7.8869000e+00  -7.8664000e+00  -7.8781000e+00  -7.5181000e+00  -7.4046000e+00
  -7.8344000e+00  -7.8816000e+00  -7.8586000e+00  -7.8723000e+00  -7.4746000e+00  -7.5332000e+00
  -7.8443000e+00  -7.8964000e+00  -7.8686000e+00  -7.8835000e+00  -7.4007000e+00  -7.5878000e+00
  -7.8598000e+00  -7.9064000e+00  -7.8812000e+00  -7.8924000e+00  -7.4198000e+00  -7.6009000e+00
  -7.8529000e+00  -7.8676000e+00  -7.8855000e+00  -7.9101000e+00  -7.4853000e+00  -7.6055000e+00
  -7.8594000e+00  -7.8379000e+00  -7.8731000e+00  -7.8925000e+00  -7.6247000e+00  -7.6335000e+00
  -7.8814000e+00  -7.8377000e+00  -7.8886000e+00  -7.9113000e+00  -7.6395000e+00  -7.6686000e+00
  -7.8822000e+00  -7.8899000e+00  -7.8876000e+00  -7.9105000e+00  -7.7005000e+00  -7.7033000e+00
  -7.8930000e+00  -7.8954000e+00  -7.8955000e+00  -7.9290000e+00  -7.5842000e+00  -7.5210000e+00
  -7.9239000e+00  -7.9174000e+00  -7.9203000e+00  -7.9597000e+00  -7.2673000e+00  -7.2084000e+00
  -7.9545000e+00  -7.9661000e+00  -7.9433000e+00  -7.9901000e+00  -6.8698000e+00  -6.8011000e+00
  -7.9826000e+00  -7.9848000e+00  -7.9640000e+00  -8.0180000e+00  -6.5156000e+00  -6.4331000e+00
  -7.9894000e+00  -7.9997000e+00  -7.9733000e+00  -8.0262000e+00  -6.1531000e+00  -6.1077000e+00
  -7.9992000e+00  -8.0261000e+00  -7.9904000e+00  -8.0421000e+00  -5.8595000e+00  -5.8358000e+00
  -8.0264000e+00  -8.0647000e+00  -8.0232000e+00  -8.0803000e+00  -5.5862000e+00  -5.5905000e+00
  -8.0648000e+00  -8.1064000e+00  -8.0603000e+00  -8.1221000e+00  -5.3439000e+00  -5.4077000e+00
  -8.1027000e+00  -8.1534000e+00  -8.0915000e+00  -8.1588000e+00  -5.1741000e+00  -5.2792000e+00
  -8.1494000e+00  -8.1887000e+00  -8.1392000e+00  -8.2117000e+00  -5.1013000e+00  -5.1599000e+00
  -8.1909000e+00  -8.2114000e+00  -8.1726000e+00  -8.2500000e+00  -4.8637000e+00  -5.0398000e+00
  -8.2467000e+00  -8.2875000e+00  -8.2215000e+00  -8.3160000e+00  -4.6925000e+00  -4.8458000e+00
  -8.3115000e+00  -8.3842000e+00  -8.3017000e+00  -8.3932000e+00  -4.5527000e+00  -4.7520000e+00
  -8.4069000e+00  -8.4397000e+00  -8.3809000e+00  -8.4734000e+00  -4.4334000e+00  -4.6036000e+00
  -8.4900000e+00  -8.5270000e+00  -8.4607000e+00  -8.5560000e+00  -4.3535000e+00  -4.4173000e+00
  -8.5892000e+00  -8.6190000e+00  -8.5497000e+00  -8.6416000e+00  -4.2587000e+00  -4.2333000e+00
  -8.7201000e+00  -8.7435000e+00  -8.6710000e+00  -8.7658000e+00  -4.1620000e+00  -4.0110000e+00
  -8.7908000e+00  -8.8056000e+00  -8.7357000e+00  -8.8422000e+00  -4.0529000e+00  -3.8242000e+00
  -8.8255000e+00  -8.8325000e+00  -8.7711000e+00  -8.8787000e+00  -3.8845000e+00  -3.6287000e+00
  -8.8570000e+00  -8.8523000e+00  -8.7966000e+00  -8.9016000e+00  -3.6344000e+00  -3.3631000e+00
  -8.8781000e+00  -8.8664000e+00  -8.8139000e+00  -8.9161000e+00  -3.3436000e+00  -3.0878000e+00
  -8.8896000e+00  -8.8842000e+00  -8.8226000e+00  -8.9258000e+00  -3.0742000e+00  -2.8730000e+00
  -8.8912000e+00  -8.8745000e+00  -8.8201000e+00  -8.9240000e+00  -2.8871000e+00  -2.6149000e+00
  -8.8841000e+00  -8.8665000e+00  -8.8136000e+00  -8.9205000e+00  -2.8067000e+00  -2.4764000e+00
  -8.8831000e+00  -8.8581000e+00  -8.8086000e+00  -8.9128000e+00  -2.7373000e+00  -2.5283000e+00
  -8.8677000e+00  -8.8445000e+00  -8.7923000e+00  -8.8979000e+00  -2.7286000e+00  -2.5640000e+00
  -8.8494000e+00  -8.8289000e+00  -8.7727000e+00  -8.8793000e+00  -2.6626000e+00  -2.5803000e+00
  -8.8282000e+00  -8.8148000e+00  -8.7615000e+00  -8.8649000e+00  -2.5244000e+00  -2.6205000e+00
  -8.8227000e+00  -8.8100000e+00  -8.7604000e+00  -8.8588000e+00  -2.3552000e+00  -2.6560000e+00
  -8.8278000e+00  -8.8068000e+00  -8.7618000e+00  -8.8578000e+00  -2.3972000e+00  -2.7238000e+00
  -8.8254000e+00  -8.8045000e+00  -8.7579000e+00  -8.8525000e+00  -2.5131000e+00  -2.7736000e+00
  -8.8177000e+00  -8.8003000e+00  -8.7525000e+00  -8.8412000e+00  -2.5651000e+00  -2.3338000e+00
  -8.8097000e+00  -8.7912000e+00  -8.7443000e+00  -8.8279000e+00  -2.6417000e+00  -2.1301000e+00
  -8.7931000e+00  -8.7763000e+00  -8.7331000e+00  -8.8158000e+00  -2.7781000e+00  -2.0130000e+00
  -8.7782000e+00  -8.7672000e+00  -8.7231000e+00  -8.8030000e+00  -2.6717000e+00  -2.0074000e+00
  -8.7647000e+00  -8.7539000e+00  -8.7125000e+00  -8.7890000e+00  -2.5225000e+00  -2.0107000e+00
  -8.7456000e+00  -8.7350000e+00  -8.6965000e+00  -8.7701000e+00  -2.4116000e+00  -2.1205000e+00
  -8.7260000e+00  -8.7143000e+00  -8.6800000e+00  -8.7492000e+00  -2.3452000e+00  -2.2691000e+00
  -8.7044000e+00  -8.6967000e+00  -8.6629000e+00  -8.7268000e+00  -2.2104000e+00  -2.4197000e+00
  -8.6820000e+00  -8.6791000e+00  -8.6465000e+00  -8.7050000e+00  -2.3242000e+00  -2.5766000e+00
  -8.6568000e+00  -8.6586000e+00  -8.6273000e+00  -8.6806000e+00  -2.4310000e+00  -2.7734000e+00
  -8.6326000e+00  -8.6378000e+00  -8.6091000e+00  -8.6571000e+00  -2.7185000e+00  -3.0293000e+00
  -8.6113000e+00  -8.6153000e+00  -8.5929000e+00  -8.6355000e+00  -2.9229000e+00  -3.2253000e+00
  -8.5897000e+00  -8.5967000e+00  -8.5772000e+00  -8.6136000e+00  -3.2507000e+00  -3.4272000e+00
  -8.5698000e+00  -8.5822000e+00  -8.5642000e+00  -8.5946000e+00  -3.4547000e+00  -3.6867000e+00
  -8.5530000e+00  -8.5693000e+00  -8.5538000e+00  -8.5793000e+00  -3.6623000e+00  -3.9553000e+00
  -8.5409000e+00  -8.5592000e+00  -8.5463000e+00  -8.5663000e+00  -3.9706000e+00  -4.2642000e+00
  -8.5261000e+00  -8.5484000e+00  -8.5370000e+00  -8.5516000e+00  -4.3445000e+00  -4.6365000e+00
  -8.5154000e+00  -8.5497000e+00  -8.5350000e+00  -8.5428000e+00  -4.6298000e+00  -4.9839000e+00
  -8.5159000e+00  -8.5533000e+00  -8.5333000e+00  -8.5384000e+00  -4.9133000e+00  -5.2820000e+00
  -8.5164000e+00  -8.5598000e+00  -8.5349000e+00  -8.5371000e+00  -5.1667000e+00  -5.5477000e+00
  -8.5184000e+00  -8.5673000e+00  -8.5382000e+00  -8.5403000e+00  -5.4480000e+00  -5.7915000e+00
  -8.5272000e+00  -8.5784000e+00  -8.5483000e+00  -8.5505000e+00  -5.6980000e+00  -6.0463000e+00
  -8.5388000e+00  -8.5884000e+00  -8.5601000e+00  -8.5615000e+00  -5.9261000e+00  -6.2847000e+00
  -8.5465000e+00  -8.5980000e+00  -8.5688000e+00  -8.5702000e+00  -6.1617000e+00  -6.4940000e+00
  -8.5502000e+00  -8.6068000e+00  -8.5750000e+00  -8.5759000e+00  -6.4432000e+00  -6.6815000e+00
  -8.5568000e+00  -8.6191000e+00  -8.5848000e+00  -8.5859000e+00  -6.7808000e+00  -6.8561000e+00
  -8.5800000e+00  -8.6469000e+00  -8.6091000e+00  -8.6088000e+00  -7.0663000e+00  -7.0215000e+00
  -8.6073000e+00  -8.6786000e+00  -8.6394000e+00  -8.6409000e+00  -7.3143000e+00  -7.1793000e+00
  -8.6344000e+00  -8.7114000e+00  -8.6707000e+00  -8.6742000e+00  -7.5302000e+00  -7.3299000e+00
  -8.6646000e+00  -8.7457000e+00  -8.7018000e+00  -8.7059000e+00  -7.6970000e+00  -7.4842000e+00
  -8.6955000e+00  -8.7788000e+00  -8.7350000e+00  -8.7419000e+00  -7.8305000e+00  -7.6349000e+00
  -8.7200000e+00  -8.7880000e+00  -8.7580000e+00  -8.7666000e+00  -7.9598000e+00  -7.7815000e+00
  -8.7258000e+00  -8.7931000e+00  -8.7676000e+00  -8.7777000e+00  -8.0746000e+00  -7.9190000e+00
  -8.7277000e+00  -8.7844000e+00  -8.7704000e+00  -8.7814000e+00  -8.1518000e+00  -8.0433000e+00
  -8.7280000e+00  -8.7833000e+00  -8.7753000e+00  -8.7869000e+00  -8.2479000e+00  -8.1778000e+00
  -8.7305000e+00  -8.7841000e+00  -8.7765000e+00  -8.7868000e+00  -8.3579000e+00  -8.3019000e+00
  -8.7412000e+00  -8.8068000e+00  -8.7875000e+00  -8.7955000e+00  -8.4605000e+00  -8.4042000e+00
  -8.7575000e+00  -8.8215000e+00  -8.7996000e+00  -8.8055000e+00  -8.5324000e+00  -8.4826000e+00
  -8.7639000e+00  -8.8338000e+00  -8.8089000e+00  -8.8176000e+00  -8.5625000e+00  -8.5415000e+00
  -8.7697000e+00  -8.8366000e+00  -8.8155000e+00  -8.8252000e+00  -8.5690000e+00  -8.5884000e+00
  -8.7713000e+00  -8.8376000e+00  -8.8161000e+00  -8.8250000e+00  -8.5621000e+00  -8.6174000e+00
  -8.7696000e+00  -8.8329000e+00  -8.8129000e+00  -8.8211000e+00  -8.5432000e+00  -8.6347000e+00
  -8.7643000e+00  -8.8325000e+00  -8.8080000e+00  -8.8148000e+00  -8.5256000e+00  -8.6454000e+00
  -8.7559000e+00  -8.8252000e+00  -8.8017000e+00  -8.8097000e+00  -8.5156000e+00  -8.6527000e+00
  -8.7398000e+00  -8.8113000e+00  -8.7878000e+00  -8.7968000e+00  -8.5117000e+00  -8.6427000e+00
  -8.7198000e+00  -8.7858000e+00  -8.7668000e+00  -8.7755000e+00  -8.5018000e+00  -8.6365000e+00
  -8.6914000e+00  -8.7560000e+00  -8.7396000e+00  -8.7483000e+00  -8.5078000e+00  -8.6397000e+00
  -8.6624000e+00  -8.7314000e+00  -8.7132000e+00  -8.7217000e+00  -8.5201000e+00  -8.6485000e+00
  -8.6418000e+00  -8.7108000e+00  -8.6897000e+00  -8.6965000e+00  -8.5496000e+00  -8.6519000e+00
  -8.6319000e+00  -8.6938000e+00  -8.6781000e+00  -8.6842000e+00  -8.5818000e+00  -8.6652000e+00
  -8.6215000e+00  -8.6761000e+00  -8.6669000e+00  -8.6735000e+00  -8.5828000e+00  -8.6718000e+00
  -8.5931000e+00  -8.6588000e+00  -8.6436000e+00  -8.6521000e+00  -8.5814000e+00  -8.6677000e+00
  -8.5581000e+00  -8.6334000e+00  -8.6099000e+00  -8.6167000e+00  -8.5913000e+00  -8.6512000e+00
  -8.5357000e+00  -8.6099000e+00  -8.5885000e+00  -8.5972000e+00  -8.6124000e+00  -8.6350000e+00
  -8.5064000e+00  -8.5859000e+00  -8.5626000e+00  -8.5730000e+00  -8.6271000e+00  -8.6246000e+00
  -8.4574000e+00  -8.5384000e+00  -8.5079000e+00  -8.5114000e+00  -8.6323000e+00  -8.6146000e+00
  -8.4061000e+00  -8.4852000e+00  -8.4582000e+00  -8.4624000e+00  -8.6450000e+00  -8.6034000e+00
  -8.3721000e+00  -8.4426000e+00  -8.4215000e+00  -8.4232000e+00  -8.6491000e+00  -8.5784000e+00
  -8.3412000e+00  -8.3984000e+00  -8.3875000e+00  -8.3845000e+00  -8.6244000e+00  -8.5565000e+00
  -8.3026000e+00  -8.3488000e+00  -8.3460000e+00  -8.3366000e+00  -8.6056000e+00  -8.5297000e+00
  -8.2824000e+00  -8.3084000e+00  -8.3178000e+00  -8.3050000e+00  -8.5943000e+00  -8.4862000e+00
  -8.2624000e+00  -8.2613000e+00  -8.2826000e+00  -8.2689000e+00  -8.5564000e+00  -8.4418000e+00
  -8.2539000e+00  -8.2190000e+00  -8.2485000e+00  -8.2452000e+00  -8.4466000e+00  -8.3761000e+00
  -8.2158000e+00  -8.1891000e+00  -8.2164000e+00  -8.2172000e+00  -8.3757000e+00  -8.2808000e+00
  -8.1837000e+00  -8.1613000e+00  -8.1765000e+00  -8.1801000e+00  -8.1738000e+00  -8.0931000e+00
  -8.1371000e+00  -8.1247000e+00  -8.1303000e+00  -8.1460000e+00  -7.8990000e+00  -7.8070000e+00
  -8.1031000e+00  -8.0935000e+00  -8.0892000e+00  -8.1105000e+00  -7.5652000e+00  -7.4636000e+00
  -8.0649000e+00  -8.0648000e+00  -8.0466000e+00  -8.0821000e+00  -7.2453000e+00  -7.1128000e+00
  -8.0111000e+00  -8.0377000e+00  -7.9951000e+00  -8.0522000e+00  -6.9164000e+00  -6.7673000e+00
  -8.0185000e+00  -8.0202000e+00  -7.9998000e+00  -8.0430000e+00  -6.5240000e+00  -6.3919000e+00
  -8.0394000e+00  -8.0142000e+00  -7.9630000e+00  -8.0122000e+00  -6.1184000e+00  -5.9767000e+00
  -8.0344000e+00  -8.0266000e+00  -7.9960000e+00  -8.0749000e+00  -5.8092000e+00  -5.6255000e+00
  -8.0486000e+00  -8.0252000e+00  -7.9859000e+00  -8.0575000e+00  -5.4932000e+00  -5.3411000e+00
  -8.0378000e+00  -8.0374000e+00  -7.9783000e+00  -8.0582000e+00  -5.1528000e+00  -5.0255000e+00
  -8.0481000e+00  -8.1260000e+00  -8.0221000e+00  -8.1247000e+00  -4.7984000e+00  -4.6783000e+00
  -8.1006000e+00  -8.1136000e+00  -8.0329000e+00  -8.1129000e+00  -4.4883000e+00  -4.2831000e+00
  -8.0665000e+00  -8.1211000e+00  -8.0289000e+00  -8.1227000e+00  -4.1115000e+00  -3.8349000e+00
  -8.0718000e+00  -8.1302000e+00  -8.0308000e+00  -8.1219000e+00  -3.6718000e+00  -3.3915000e+00
  -8.1170000e+00  -8.1448000e+00  -8.0320000e+00  -8.1252000e+00  -3.2058000e+00  -2.9339000e+00
  -8.1775000e+00  -8.2259000e+00  -8.1008000e+00  -8.1869000e+00  -2.7735000e+00  -2.4283000e+00
  -8.1939000e+00  -8.2157000e+00  -8.1148000e+00  -8.2361000e+00  -2.3797000e+00  -1.9322000e+00
  -8.1902000e+00  -8.2026000e+00  -8.1159000e+00  -8.2360000e+00  -1.9346000e+00  -1.4919000e+00
  -8.1884000e+00  -8.1785000e+00  -8.1081000e+00  -8.2230000e+00  -1.5142000e+00  -1.0915000e+00
  -8.1843000e+00  -8.1461000e+00  -8.0912000e+00  -8.2043000e+00  -1.1128000e+00  -6.9340000e-01
  -8.1866000e+00  -8.1457000e+00  -8.0899000e+00  -8.1992000e+00  -9.0000000e-01  -3.0340000e-01
  -8.1667000e+00  -8.1567000e+00  -8.0804000e+00  -8.1956000e+00  -6.5800000e-01   3.8000000e-02
  -8.1516000e+00  -8.1497000e+00  -8.0620000e+00  -8.1751000e+00  -2.7180000e-01   3.6710000e-01
  -8.1285000e+00  -8.1428000e+00  -8.0443000e+00  -8.1568000e+00   9.5300000e-02   6.7340000e-01
  -8.0998000e+00  -8.1130000e+00  -8.0125000e+00  -8.1252000e+00   4.1760000e-01   9.7980000e-01
  -8.0656000e+00  -8.0807000e+00  -7.9824000e+00  -8.0952000e+00   7.0620000e-01   1.2563000e+00
  -8.0564000e+00  -8.0620000e+00  -7.9663000e+00  -8.0764000e+00   8.9710000e-01   1.3240000e+00
  -8.0691000e+00  -8.0661000e+00  -7.9752000e+00  -8.0883000e+00   1.0885000e+00   1.0706000e+00
  -8.0691000e+00  -8.0682000e+00  -7.9806000e+00  -8.0968000e+00   1.2271000e+00   9.6450000e-01
  -8.0608000e+00  -8.0620000e+00  -7.9725000e+00  -8.0857000e+00   1.3369000e+00   1.3491000e+00
  -8.0496000e+00  -8.0514000e+00  -7.9557000e+00  -8.0650000e+00   1.3954000e+00   1.6537000e+00
  -8.0184000e+00  -8.0281000e+00  -7.9322000e+00  -8.0388000e+00   1.5380000e+00   1.7621000e+00
  -7.9978000e+00  -7.9985000e+00  -7.9098000e+00  -8.0120000e+00   1.7279000e+00   1.6836000e+00
  -7.9665000e+00  -7.9652000e+00  -7.8783000e+00  -7.9806000e+00   1.8819000e+00   8.9270000e-01
  -7.9238000e+00  -7.9307000e+00  -7.8490000e+00  -7.9437000e+00   1.9575000e+00   9.2070000e-01
  -7.8797000e+00  -7.8853000e+00  -7.8063000e+00  -7.8938000e+00   2.0475000e+00   1.2635000e+00
  -7.8505000e+00  -7.8496000e+00  -7.7712000e+00  -7.8537000e+00   2.1588000e+00   1.4414000e+00
  -7.8199000e+00  -7.8212000e+00  -7.7463000e+00  -7.8276000e+00   2.2428000e+00   1.4744000e+00
  -7.7899000e+00  -7.7975000e+00  -7.7283000e+00  -7.8075000e+00   2.2973000e+00   1.5805000e+00
  -7.7580000e+00  -7.7712000e+00  -7.7035000e+00  -7.7784000e+00   2.3260000e+00   1.5674000e+00
  -7.7227000e+00  -7.7284000e+00  -7.6626000e+00  -7.7343000e+00   2.3087000e+00   1.4176000e+00
  -7.6936000e+00  -7.7004000e+00  -7.6376000e+00  -7.7077000e+00   2.1872000e+00   1.2042000e+00
  -7.6726000e+00  -7.6846000e+00  -7.6255000e+00  -7.6865000e+00   1.4966000e+00   1.0617000e+00
  -7.6516000e+00  -7.6727000e+00  -7.6169000e+00  -7.6682000e+00   8.8070000e-01   9.4980000e-01
  -7.6307000e+00  -7.6604000e+00  -7.6050000e+00  -7.6531000e+00   6.5920000e-01   7.4120000e-01
  -7.6330000e+00  -7.6458000e+00  -7.6090000e+00  -7.6500000e+00   4.5570000e-01   4.7910000e-01
  -7.6284000e+00  -7.6423000e+00  -7.6004000e+00  -7.6430000e+00   3.1770000e-01   1.7850000e-01
  -7.6187000e+00  -7.6215000e+00  -7.5800000e+00  -7.6188000e+00   6.5700000e-02  -2.2270000e-01
  -7.5728000e+00  -7.5765000e+00  -7.5383000e+00  -7.5639000e+00  -3.2130000e-01  -6.0650000e-01
  -7.5096000e+00  -7.5479000e+00  -7.4928000e+00  -7.5205000e+00  -7.1990000e-01  -8.5610000e-01
  -7.4451000e+00  -7.5240000e+00  -7.4645000e+00  -7.5014000e+00  -1.1905000e+00  -1.0431000e+00
  -7.4232000e+00  -7.4977000e+00  -7.4621000e+00  -7.4990000e+00  -1.5508000e+00  -1.2353000e+00
  -7.4267000e+00  -7.5022000e+00  -7.4594000e+00  -7.4774000e+00  -1.8963000e+00  -1.4792000e+00
  -7.4058000e+00  -7.4758000e+00  -7.4326000e+00  -7.4415000e+00  -2.2428000e+00  -1.7856000e+00
  -7.4079000e+00  -7.4670000e+00  -7.4296000e+00  -7.4410000e+00  -2.5192000e+00  -2.1044000e+00
  -7.3923000e+00  -7.4399000e+00  -7.4186000e+00  -7.4381000e+00  -2.7408000e+00  -2.4286000e+00
  -7.3846000e+00  -7.4293000e+00  -7.4064000e+00  -7.4174000e+00  -2.9927000e+00  -2.6901000e+00
  -7.3890000e+00  -7.4037000e+00  -7.3953000e+00  -7.4014000e+00  -3.2127000e+00  -2.9146000e+00
  -7.3719000e+00  -7.3827000e+00  -7.3758000e+00  -7.3790000e+00  -3.3765000e+00  -3.1771000e+00
  -7.3458000e+00  -7.3544000e+00  -7.3426000e+00  -7.3472000e+00  -3.5253000e+00  -3.4251000e+00
  -7.3242000e+00  -7.3326000e+00  -7.3232000e+00  -7.3279000e+00  -3.7362000e+00  -3.6323000e+00
  -7.3071000e+00  -7.3153000e+00  -7.3015000e+00  -7.3027000e+00  -3.8212000e+00  -3.7959000e+00
  -7.2714000e+00  -7.2968000e+00  -7.2568000e+00  -7.2522000e+00  -4.0018000e+00  -3.9064000e+00
  -7.1523000e+00  -7.2519000e+00  -7.1786000e+00  -7.1735000e+00  -4.2983000e+00  -4.0342000e+00
  -7.0906000e+00  -7.1988000e+00  -7.0988000e+00  -7.1070000e+00  -4.3709000e+00  -4.3393000e+00
  -7.0257000e+00  -7.1340000e+00  -7.0910000e+00  -7.1166000e+00  -4.5340000e+00  -4.5772000e+00
  -7.0431000e+00  -7.1010000e+00  -7.0727000e+00  -7.0996000e+00  -4.6741000e+00  -4.7293000e+00
  -7.1079000e+00  -7.1185000e+00  -7.0900000e+00  -7.0898000e+00  -4.9015000e+00  -4.6890000e+00
  -7.1038000e+00  -7.1393000e+00  -7.0893000e+00  -7.1052000e+00  -4.9796000e+00  -4.9556000e+00
  -7.0405000e+00  -7.1305000e+00  -7.0502000e+00  -7.0608000e+00  -5.0155000e+00  -4.9835000e+00
  -6.9672000e+00  -7.0772000e+00  -6.9970000e+00  -7.0092000e+00  -5.1476000e+00  -4.8430000e+00
  -6.9382000e+00  -7.0362000e+00  -6.9468000e+00  -6.9485000e+00  -5.1271000e+00  -4.6342000e+00
  -6.9342000e+00  -7.0367000e+00  -6.9335000e+00  -6.9419000e+00  -5.1420000e+00  -4.6202000e+00
  -6.9257000e+00  -7.0493000e+00  -6.9466000e+00  -6.9601000e+00  -5.2734000e+00  -4.5850000e+00
  -6.8693000e+00  -6.9962000e+00  -6.9009000e+00  -6.9393000e+00  -5.2231000e+00  -4.5465000e+00
  -6.8302000e+00  -6.9642000e+00  -6.8406000e+00  -6.8249000e+00  -5.0544000e+00  -4.5734000e+00
  -6.8408000e+00  -6.9399000e+00  -6.8078000e+00  -6.8077000e+00  -5.0653000e+00  -4.6239000e+00
  -6.7829000e+00  -6.9308000e+00  -6.8169000e+00  -6.8149000e+00  -5.1095000e+00  -4.6678000e+00
  -6.7772000e+00  -6.8297000e+00  -6.7837000e+00  -6.7963000e+00  -5.0960000e+00  -4.7626000e+00
  -6.7618000e+00  -6.7925000e+00  -6.7061000e+00  -6.7004000e+00  -5.1392000e+00  -4.8384000e+00
  -6.7301000e+00  -6.8098000e+00  -6.7363000e+00  -6.7413000e+00  -5.2261000e+00  -4.8575000e+00
  -6.7253000e+00  -6.7391000e+00  -6.7285000e+00  -6.7051000e+00  -5.3083000e+00  -4.8879000e+00
  -6.7205000e+00  -6.6181000e+00  -6.7382000e+00  -6.7729000e+00  -5.3756000e+00  -4.8856000e+00
  -6.7513000e+00  -6.7814000e+00  -6.7548000e+00  -6.7650000e+00  -5.4365000e+00  -4.9638000e+00
  -6.8487000e+00  -6.8768000e+00  -6.8340000e+00  -6.8289000e+00  -5.5893000e+00  -5.0620000e+00
  -6.8456000e+00  -6.9372000e+00  -6.8373000e+00  -6.8445000e+00  -5.7961000e+00  -5.2549000e+00
  -6.8948000e+00  -6.8887000e+00  -6.8794000e+00  -6.8866000e+00  -5.9804000e+00  -5.3442000e+00
  -6.8659000e+00  -6.7425000e+00  -6.8808000e+00  -6.9115000e+00  -6.0839000e+00  -5.4532000e+00
  -6.7894000e+00  -6.7651000e+00  -6.8269000e+00  -6.8841000e+00  -6.1687000e+00  -5.6783000e+00
  -6.8187000e+00  -6.9292000e+00  -6.8275000e+00  -6.8068000e+00  -6.2456000e+00  -5.8400000e+00
  -6.8079000e+00  -6.9343000e+00  -6.8113000e+00  -6.8051000e+00  -6.3999000e+00  -5.9910000e+00
  -6.7475000e+00  -6.9121000e+00  -6.8094000e+00  -6.8422000e+00  -6.5620000e+00  -6.1491000e+00
  -6.8629000e+00  -6.9813000e+00  -6.8786000e+00  -6.9048000e+00  -6.7010000e+00  -6.3722000e+00
  -7.0055000e+00  -7.1005000e+00  -7.0180000e+00  -7.0459000e+00  -6.8766000e+00  -6.5956000e+00
  -7.1132000e+00  -7.1858000e+00  -7.1360000e+00  -7.1680000e+00  -7.0384000e+00  -6.7069000e+00
  -7.2119000e+00  -7.2901000e+00  -7.2391000e+00  -7.2554000e+00  -7.1523000e+00  -6.8153000e+00
  -7.2827000e+00  -7.3498000e+00  -7.2872000e+00  -7.3137000e+00  -7.1563000e+00  -6.8347000e+00
  -7.3562000e+00  -7.3893000e+00  -7.3281000e+00  -7.3654000e+00  -7.0136000e+00  -6.6306000e+00
  -7.4404000e+00  -7.4441000e+00  -7.3920000e+00  -7.4340000e+00  -6.6871000e+00  -6.2939000e+00
  -7.5116000e+00  -7.4865000e+00  -7.4390000e+00  -7.4933000e+00  -6.3253000e+00  -5.9564000e+00
  -7.5727000e+00  -7.5324000e+00  -7.4819000e+00  -7.5493000e+00  -5.9810000e+00  -5.6631000e+00
  -7.6232000e+00  -7.5782000e+00  -7.5234000e+00  -7.5995000e+00  -5.5970000e+00  -5.3200000e+00
  -7.6581000e+00  -7.6149000e+00  -7.5541000e+00  -7.6372000e+00  -5.1687000e+00  -4.9317000e+00
  -7.7083000e+00  -7.6518000e+00  -7.5867000e+00  -7.6763000e+00  -4.7186000e+00  -4.5170000e+00
  -7.7605000e+00  -7.6850000e+00  -7.6231000e+00  -7.7222000e+00  -4.3088000e+00  -4.1551000e+00
  -7.7954000e+00  -7.7045000e+00  -7.6479000e+00  -7.7614000e+00  -3.9336000e+00  -3.8012000e+00
  -7.8448000e+00  -7.7387000e+00  -7.6820000e+00  -7.8105000e+00  -3.5605000e+00  -3.3771000e+00
  -7.8973000e+00  -7.7753000e+00  -7.7187000e+00  -7.8554000e+00  -3.1935000e+00  -2.9203000e+00
  -7.9533000e+00  -7.8254000e+00  -7.7607000e+00  -7.9083000e+00  -2.8426000e+00  -2.5977000e+00
  -8.0167000e+00  -7.8702000e+00  -7.8098000e+00  -7.9640000e+00  -2.4799000e+00  -2.3538000e+00
  -8.0699000e+00  -7.8969000e+00  -7.8486000e+00  -8.0061000e+00  -2.1339000e+00  -2.0443000e+00
  -8.1042000e+00  -7.9150000e+00  -7.8747000e+00  -8.0352000e+00  -1.8019000e+00  -1.7140000e+00
  -8.1262000e+00  -7.9348000e+00  -7.8967000e+00  -8.0630000e+00  -1.4554000e+00  -1.4137000e+00
  -8.1527000e+00  -7.9591000e+00  -7.9242000e+00  -8.0921000e+00  -1.1920000e+00  -1.0880000e+00
  -8.1798000e+00  -7.9896000e+00  -7.9522000e+00  -8.1214000e+00  -9.9820000e-01  -7.7420000e-01
  -8.2087000e+00  -8.0240000e+00  -7.9799000e+00  -8.1492000e+00  -7.6530000e-01  -5.3590000e-01
  -8.2382000e+00  -8.0527000e+00  -8.0092000e+00  -8.1775000e+00  -5.5050000e-01  -3.4810000e-01
  -8.2587000e+00  -8.0702000e+00  -8.0267000e+00  -8.1954000e+00  -4.6230000e-01  -1.2830000e-01
  -8.2808000e+00  -8.0880000e+00  -8.0447000e+00  -8.2146000e+00  -2.4220000e-01   6.4500000e-02
  -8.3074000e+00  -8.1064000e+00  -8.0672000e+00  -8.2414000e+00  -3.9000000e-02   2.0450000e-01
  -8.3295000e+00  -8.1254000e+00  -8.0873000e+00  -8.2686000e+00  -6.0100000e-02   3.6270000e-01
  -8.3540000e+00  -8.1538000e+00  -8.1107000e+00  -8.2941000e+00   2.2740000e-01   5.4470000e-01
  -8.3732000e+00  -8.1841000e+00  -8.1360000e+00  -8.3162000e+00   5.8070000e-01   6.7440000e-01
  -8.3944000e+00  -8.2156000e+00  -8.1660000e+00  -8.3445000e+00   6.8140000e-01   7.5370000e-01
  -8.4099000e+00  -8.2381000e+00  -8.1946000e+00  -8.3729000e+00   8.1520000e-01   9.4400000e-01
  -8.4283000e+00  -8.2665000e+00  -8.2225000e+00  -8.4013000e+00   9.3180000e-01   1.1092000e+00
  -8.4590000e+00  -8.3056000e+00  -8.2576000e+00  -8.4356000e+00   1.0226000e+00   1.2074000e+00
  -8.4970000e+00  -8.3494000e+00  -8.2992000e+00  -8.4699000e+00   1.1263000e+00   1.2863000e+00
  -8.5273000e+00  -8.3869000e+00  -8.3387000e+00  -8.4981000e+00   1.1858000e+00   1.3122000e+00
  -8.5555000e+00  -8.4196000e+00  -8.3771000e+00  -8.5354000e+00   1.2345000e+00   1.2736000e+00
  -8.5803000e+00  -8.4473000e+00  -8.4119000e+00  -8.5762000e+00   1.2575000e+00   1.3002000e+00
  -8.5976000e+00  -8.4699000e+00  -8.4393000e+00  -8.6062000e+00   1.2353000e+00   1.3460000e+00
  -8.6138000e+00  -8.4918000e+00  -8.4638000e+00  -8.6311000e+00   1.2268000e+00   1.3810000e+00
  -8.6284000e+00  -8.5135000e+00  -8.4873000e+00  -8.6536000e+00   1.2419000e+00   1.3646000e+00
  -8.6458000e+00  -8.5107000e+00  -8.4933000e+00  -8.6386000e+00   1.2423000e+00   1.3116000e+00
  -8.6562000e+00  -8.5026000e+00  -8.4863000e+00  -8.6226000e+00   1.1770000e+00   1.2677000e+00
  -8.6670000e+00  -8.5085000e+00  -8.4902000e+00  -8.6181000e+00   1.1135000e+00   1.2412000e+00
  -8.6470000e+00  -8.5180000e+00  -8.4977000e+00  -8.6116000e+00   1.0596000e+00   1.1320000e+00
  -8.6349000e+00  -8.5342000e+00  -8.5112000e+00  -8.6118000e+00   9.8040000e-01   9.1180000e-01
  -8.6315000e+00  -8.5558000e+00  -8.5286000e+00  -8.6156000e+00   7.8270000e-01   5.5780000e-01
  -8.6265000e+00  -8.5812000e+00  -8.5483000e+00  -8.6218000e+00  -2.7140000e-01  -4.2100000e-02
  -8.6243000e+00  -8.6086000e+00  -8.5714000e+00  -8.6297000e+00  -4.5150000e-01  -7.6190000e-01
  -8.6289000e+00  -8.6331000e+00  -8.5940000e+00  -8.6379000e+00  -4.9060000e-01  -1.0137000e+00
  -8.6329000e+00  -8.6532000e+00  -8.6145000e+00  -8.6454000e+00  -9.1190000e-01  -1.1479000e+00
  -8.6333000e+00  -8.6673000e+00  -8.6281000e+00  -8.6470000e+00  -1.5275000e+00  -1.5020000e+00
  -8.6318000e+00  -8.6798000e+00  -8.6412000e+00  -8.6487000e+00  -1.9168000e+00  -2.0115000e+00
  -8.6291000e+00  -8.6898000e+00  -8.6511000e+00  -8.6499000e+00  -2.3011000e+00  -2.5052000e+00
  -8.6310000e+00  -8.6916000e+00  -8.6563000e+00  -8.6496000e+00  -2.7809000e+00  -2.8953000e+00
  -8.6308000e+00  -8.6910000e+00  -8.6576000e+00  -8.6494000e+00  -3.3388000e+00  -3.3438000e+00
  -8.6308000e+00  -8.6941000e+00  -8.6609000e+00  -8.6554000e+00  -3.8325000e+00  -3.8780000e+00
  -8.6380000e+00  -8.6981000e+00  -8.6675000e+00  -8.6590000e+00  -4.2457000e+00  -4.4011000e+00
  -8.6457000e+00  -8.7072000e+00  -8.6758000e+00  -8.6691000e+00  -4.6341000e+00  -4.8037000e+00
  -8.6607000e+00  -8.7251000e+00  -8.6939000e+00  -8.6881000e+00  -5.1075000e+00  -5.1610000e+00
  -8.6745000e+00  -8.7394000e+00  -8.7094000e+00  -8.7048000e+00  -5.4810000e+00  -5.5402000e+00
  -8.6887000e+00  -8.7514000e+00  -8.7243000e+00  -8.7198000e+00  -5.7867000e+00  -5.8620000e+00
  -8.7032000e+00  -8.7615000e+00  -8.7372000e+00  -8.7317000e+00  -6.0915000e+00  -6.1847000e+00
  -8.7085000e+00  -8.7641000e+00  -8.7414000e+00  -8.7347000e+00  -6.3545000e+00  -6.5108000e+00
  -8.7048000e+00  -8.7625000e+00  -8.7404000e+00  -8.7323000e+00  -6.6431000e+00  -6.7824000e+00
  -8.7028000e+00  -8.7617000e+00  -8.7398000e+00  -8.7311000e+00  -6.9620000e+00  -7.0340000e+00
  -8.7028000e+00  -8.7599000e+00  -8.7394000e+00  -8.7317000e+00  -7.1642000e+00  -7.2608000e+00
  -8.7044000e+00  -8.7610000e+00  -8.7408000e+00  -8.7341000e+00  -7.4157000e+00  -7.4610000e+00
  -8.7036000e+00  -8.7605000e+00  -8.7410000e+00  -8.7338000e+00  -7.6212000e+00  -7.6298000e+00
  -8.7040000e+00  -8.7612000e+00  -8.7415000e+00  -8.7332000e+00  -7.8559000e+00  -7.8127000e+00
  -8.7049000e+00  -8.7606000e+00  -8.7428000e+00  -8.7346000e+00  -8.0147000e+00  -8.0101000e+00
  -8.7088000e+00  -8.7623000e+00  -8.7464000e+00  -8.7389000e+00  -8.1394000e+00  -8.1702000e+00
  -8.7153000e+00  -8.7680000e+00  -8.7538000e+00  -8.7471000e+00  -8.2723000e+00  -8.3069000e+00
  -8.7218000e+00  -8.7741000e+00  -8.7614000e+00  -8.7547000e+00  -8.4247000e+00  -8.4260000e+00
