   6.7766000e+02   6.7987000e+02   6.7920000e+02   6.7988000e+02   5.9848000e+02   6.0564000e+02
   7.1643000e+02   7.2215000e+02   7.1911000e+02   7.2194000e+02   5.9784000e+02   5.9922000e+02
   6.9345000e+02   6.9328000e+02   6.9183000e+02   6.9196000e+02   6.3578000e+02   6.3286000e+02
   6.9953000e+02   7.0158000e+02   7.0037000e+02   7.0126000e+02   6.1249000e+02   6.1041000e+02
   6.9465000e+02   6.9642000e+02   6.9650000e+02   6.9735000e+02   6.1976000e+02   6.2129000e+02
   7.0690000e+02   7.0789000e+02   7.0765000e+02   7.0834000e+02   6.1497000e+02   6.1353000e+02
   7.2131000e+02   7.2286000e+02   7.2275000e+02   7.2256000e+02   6.1947000e+02   6.1636000e+02
   7.1947000e+02   7.2045000e+02   7.2040000e+02   7.2121000e+02   6.1430000e+02   6.1481000e+02
   7.3097000e+02   7.3450000e+02   7.3409000e+02   7.3612000e+02   6.2748000e+02   6.2233000e+02
   7.2921000e+02   7.3276000e+02   7.3302000e+02   7.3297000e+02   6.4761000e+02   6.4290000e+02
   7.3043000e+02   7.3415000e+02   7.3227000e+02   7.3379000e+02   6.4957000e+02   6.4700000e+02
   7.6262000e+02   7.6707000e+02   7.6595000e+02   7.6648000e+02   6.6202000e+02   6.6018000e+02
   7.6223000e+02   7.6580000e+02   7.6469000e+02   7.6506000e+02   6.6590000e+02   6.6163000e+02
   7.5522000e+02   7.6047000e+02   7.5910000e+02   7.6049000e+02   6.5979000e+02   6.5640000e+02
   7.6592000e+02   7.6901000e+02   7.6758000e+02   7.6879000e+02   6.5685000e+02   6.5699000e+02
   7.7299000e+02   7.7724000e+02   7.7514000e+02   7.7542000e+02   6.8787000e+02   6.8714000e+02
   7.8162000e+02   7.8510000e+02   7.8410000e+02   7.8605000e+02   6.8748000e+02   6.8726000e+02
   7.7510000e+02   7.7726000e+02   7.7634000e+02   7.7869000e+02   6.9135000e+02   6.9039000e+02
   7.7567000e+02   7.7873000e+02   7.7750000e+02   7.7910000e+02   6.9020000e+02   6.8905000e+02
   7.7035000e+02   7.7067000e+02   7.7005000e+02   7.7154000e+02   6.8996000e+02   6.8461000e+02
   7.6101000e+02   7.6410000e+02   7.6240000e+02   7.6431000e+02   6.8227000e+02   6.7894000e+02
   7.7578000e+02   7.7838000e+02   7.7625000e+02   7.7892000e+02   6.9160000e+02   6.8917000e+02
   7.7178000e+02   7.7294000e+02   7.7233000e+02   7.7317000e+02   6.9996000e+02   6.9478000e+02
   7.6944000e+02   7.7191000e+02   7.6928000e+02   7.7164000e+02   6.9573000e+02   6.9556000e+02
   7.7007000e+02   7.7142000e+02   7.6933000e+02   7.6969000e+02   7.0181000e+02   6.9769000e+02
   7.6058000e+02   7.6194000e+02   7.5998000e+02   7.5954000e+02   7.0228000e+02   6.9850000e+02
   7.7179000e+02   7.7231000e+02   7.7103000e+02   7.7156000e+02   6.9745000e+02   6.9332000e+02
   7.7412000e+02   7.7472000e+02   7.7375000e+02   7.7527000e+02   7.0140000e+02   6.9882000e+02
   7.7965000e+02   7.8214000e+02   7.7894000e+02   7.8085000e+02   6.9582000e+02   6.9263000e+02
   7.7311000e+02   7.7837000e+02   7.7470000e+02   7.7681000e+02   6.8905000e+02   6.8846000e+02
   7.6603000e+02   7.7471000e+02   7.7058000e+02   7.7398000e+02   6.8222000e+02   6.8194000e+02
   7.4781000e+02   7.6681000e+02   7.5973000e+02   7.6819000e+02   6.7271000e+02   6.7132000e+02
   7.4595000e+02   7.5143000e+02   7.4823000e+02   7.5174000e+02   6.6809000e+02   6.6826000e+02
   7.5184000e+02   7.5774000e+02   7.5579000e+02   7.5742000e+02   6.5896000e+02   6.5642000e+02
   7.4449000e+02   7.4677000e+02   7.4442000e+02   7.5177000e+02   6.4644000e+02   6.4777000e+02
   7.4434000e+02   7.4745000e+02   7.4617000e+02   7.4885000e+02   6.2832000e+02   6.3831000e+02
   7.3607000e+02   7.5224000e+02   7.4298000e+02   7.4812000e+02   6.2172000e+02   6.2801000e+02
   7.3125000e+02   7.3864000e+02   7.4071000e+02   7.4987000e+02   6.2263000e+02   6.2125000e+02
   7.3031000e+02   7.3543000e+02   7.3500000e+02   7.4028000e+02   6.0565000e+02   6.0733000e+02
   7.0614000e+02   7.1919000e+02   7.1250000e+02   7.1661000e+02   5.7219000e+02   5.7598000e+02
   6.9218000e+02   6.9853000e+02   6.9697000e+02   7.0032000e+02   5.5443000e+02   5.5679000e+02
   6.8655000e+02   6.9305000e+02   6.8583000e+02   6.9193000e+02   5.3558000e+02   5.4004000e+02
   6.7047000e+02   6.7770000e+02   6.7225000e+02   6.7162000e+02   5.1907000e+02   5.2326000e+02
   6.6198000e+02   6.6063000e+02   6.6001000e+02   6.6277000e+02   5.0217000e+02   5.0567000e+02
   6.5187000e+02   6.5677000e+02   6.5380000e+02   6.5736000e+02   4.8990000e+02   4.8778000e+02
   6.3548000e+02   6.4269000e+02   6.3994000e+02   6.4349000e+02   4.7331000e+02   4.7674000e+02
   6.3224000e+02   6.4085000e+02   6.3474000e+02   6.3867000e+02   4.4731000e+02   4.5254000e+02
   6.1809000e+02   6.2844000e+02   6.1954000e+02   6.2181000e+02   4.1653000e+02   4.2893000e+02
   6.0795000e+02   6.1360000e+02   6.1075000e+02   6.1618000e+02   4.1218000e+02   4.2161000e+02
   5.8069000e+02   5.8828000e+02   5.8395000e+02   5.8788000e+02   4.0872000e+02   4.1497000e+02
   5.7417000e+02   5.7985000e+02   5.7988000e+02   5.8600000e+02   3.9781000e+02   3.9902000e+02
   5.7429000e+02   5.8636000e+02   5.8040000e+02   5.8844000e+02   3.9000000e+02   3.9603000e+02
   5.5976000e+02   5.6890000e+02   5.6413000e+02   5.6806000e+02   3.7726000e+02   3.8996000e+02
   5.7029000e+02   5.7371000e+02   5.7421000e+02   5.8044000e+02   3.7248000e+02   3.7589000e+02
   5.5559000e+02   5.6717000e+02   5.6277000e+02   5.6700000e+02   3.5093000e+02   3.5946000e+02
   5.4320000e+02   5.5802000e+02   5.5448000e+02   5.6244000e+02   3.4319000e+02   3.5032000e+02
   5.4829000e+02   5.5491000e+02   5.5270000e+02   5.6114000e+02   3.4400000e+02   3.5650000e+02
   5.5819000e+02   5.6374000e+02   5.6126000e+02   5.6576000e+02   3.4311000e+02   3.4800000e+02
   5.5528000e+02   5.6250000e+02   5.5836000e+02   5.6077000e+02   3.4734000e+02   3.5852000e+02
   5.5763000e+02   5.6544000e+02   5.6189000e+02   5.6608000e+02   3.5642000e+02   3.5906000e+02
   5.6598000e+02   5.7393000e+02   5.7125000e+02   5.7649000e+02   3.5768000e+02   3.5747000e+02
   5.7005000e+02   5.7710000e+02   5.7447000e+02   5.7653000e+02   3.6229000e+02   3.6148000e+02
   5.7569000e+02   5.8271000e+02   5.7714000e+02   5.8035000e+02   3.6203000e+02   3.5589000e+02
   5.8033000e+02   5.8652000e+02   5.8323000e+02   5.8715000e+02   3.8625000e+02   3.8725000e+02
   5.8807000e+02   5.9516000e+02   5.9260000e+02   5.9685000e+02   3.8897000e+02   3.9557000e+02
   5.8759000e+02   5.9613000e+02   5.9077000e+02   5.9336000e+02   3.7743000e+02   3.8535000e+02
   5.8364000e+02   5.8699000e+02   5.8610000e+02   5.8727000e+02   3.8943000e+02   3.8831000e+02
   5.9509000e+02   6.0107000e+02   5.9790000e+02   5.9984000e+02   3.9744000e+02   3.9609000e+02
   5.9108000e+02   5.9740000e+02   5.9544000e+02   5.9855000e+02   4.1670000e+02   4.0902000e+02
   5.9604000e+02   6.0084000e+02   5.9945000e+02   6.0158000e+02   4.3335000e+02   4.2367000e+02
   6.0287000e+02   6.0753000e+02   6.0573000e+02   6.0833000e+02   4.2708000e+02   4.2357000e+02
   6.0645000e+02   6.1119000e+02   6.0995000e+02   6.1160000e+02   4.3366000e+02   4.4097000e+02
   6.2219000e+02   6.2627000e+02   6.2555000e+02   6.2778000e+02   4.3749000e+02   4.4131000e+02
   6.1816000e+02   6.2558000e+02   6.2339000e+02   6.2482000e+02   4.5584000e+02   4.5757000e+02
   6.2660000e+02   6.2932000e+02   6.2844000e+02   6.2972000e+02   4.5604000e+02   4.5749000e+02
   6.3362000e+02   6.3777000e+02   6.3757000e+02   6.3892000e+02   4.6074000e+02   4.6111000e+02
   6.4915000e+02   6.5351000e+02   6.5104000e+02   6.5354000e+02   4.7489000e+02   4.7261000e+02
   6.4093000e+02   6.4660000e+02   6.4499000e+02   6.4788000e+02   4.7854000e+02   4.8180000e+02
   6.4470000e+02   6.4620000e+02   6.4460000e+02   6.4481000e+02   4.8485000e+02   4.8668000e+02
   6.5601000e+02   6.5975000e+02   6.5913000e+02   6.6067000e+02   4.9578000e+02   4.9361000e+02
   6.7017000e+02   6.7434000e+02   6.7328000e+02   6.7567000e+02   5.0156000e+02   4.9877000e+02
   6.6742000e+02   6.7085000e+02   6.6972000e+02   6.7229000e+02   5.0458000e+02   5.0807000e+02
   6.6843000e+02   6.7145000e+02   6.7119000e+02   6.7313000e+02   5.0630000e+02   5.0871000e+02
   6.6904000e+02   6.7327000e+02   6.7303000e+02   6.7670000e+02   5.1279000e+02   5.1434000e+02
   6.6930000e+02   6.7267000e+02   6.7193000e+02   6.7407000e+02   5.2205000e+02   5.2128000e+02
   6.7121000e+02   6.7528000e+02   6.7462000e+02   6.7610000e+02   5.2722000e+02   5.2675000e+02
   6.7314000e+02   6.7501000e+02   6.7558000e+02   6.7619000e+02   5.3370000e+02   5.2919000e+02
   6.5173000e+02   6.5475000e+02   6.5400000e+02   6.5559000e+02   5.0108000e+02   5.0113000e+02
   6.2850000e+02   6.3270000e+02   6.3148000e+02   6.3371000e+02   4.8575000e+02   4.8298000e+02
   6.1500000e+02   6.1762000e+02   6.1709000e+02   6.1822000e+02   4.7901000e+02   4.7245000e+02
   6.1414000e+02   6.1693000e+02   6.1645000e+02   6.1735000e+02   4.6871000e+02   4.6718000e+02
   6.2006000e+02   6.2526000e+02   6.2259000e+02   6.2356000e+02   4.6434000e+02   4.6481000e+02
   6.1036000e+02   6.1489000e+02   6.1370000e+02   6.1593000e+02   4.5621000e+02   4.5518000e+02
   5.9760000e+02   6.0295000e+02   6.0195000e+02   6.0420000e+02   4.4687000e+02   4.4675000e+02
   5.7779000e+02   5.8182000e+02   5.8082000e+02   5.8225000e+02   4.3267000e+02   4.2962000e+02
   5.7128000e+02   5.7270000e+02   5.7343000e+02   5.7475000e+02   4.1881000e+02   4.1638000e+02
   5.6579000e+02   5.7064000e+02   5.7051000e+02   5.7289000e+02   4.1201000e+02   4.0914000e+02
   5.5657000e+02   5.6145000e+02   5.6065000e+02   5.6409000e+02   4.1139000e+02   4.1072000e+02
   5.5168000e+02   5.5494000e+02   5.5453000e+02   5.5683000e+02   4.1180000e+02   4.1045000e+02
   5.5352000e+02   5.5671000e+02   5.5668000e+02   5.5906000e+02   4.1329000e+02   4.1537000e+02
   5.4981000e+02   5.5342000e+02   5.5182000e+02   5.5373000e+02   4.1055000e+02   4.0903000e+02
   5.4526000e+02   5.4790000e+02   5.4769000e+02   5.5017000e+02   4.0594000e+02   4.0307000e+02
   5.4558000e+02   5.4720000e+02   5.4772000e+02   5.4962000e+02   4.0424000e+02   4.0291000e+02
   5.4362000e+02   5.4517000e+02   5.4589000e+02   5.4784000e+02   4.0378000e+02   4.0226000e+02
   5.4632000e+02   5.4795000e+02   5.4817000e+02   5.4915000e+02   4.0053000e+02   4.0003000e+02
   5.4869000e+02   5.5189000e+02   5.5137000e+02   5.5442000e+02   4.0145000e+02   3.9939000e+02
   5.4919000e+02   5.5334000e+02   5.5309000e+02   5.5565000e+02   3.9969000e+02   3.9770000e+02
   5.4573000e+02   5.4969000e+02   5.4955000e+02   5.5306000e+02   3.9447000e+02   3.9423000e+02
   5.4445000e+02   5.4865000e+02   5.4814000e+02   5.5047000e+02   3.9534000e+02   3.9610000e+02
   5.4076000e+02   5.4547000e+02   5.4536000e+02   5.4817000e+02   4.0051000e+02   4.0062000e+02
   5.3965000e+02   5.4370000e+02   5.4332000e+02   5.4545000e+02   4.0292000e+02   4.0442000e+02
   5.6344000e+02   5.6687000e+02   5.6793000e+02   5.6988000e+02   4.2529000e+02   4.2622000e+02
   5.8584000e+02   5.9109000e+02   5.8991000e+02   5.9172000e+02   4.4202000e+02   4.4583000e+02
   5.9219000e+02   5.9544000e+02   5.9387000e+02   5.9665000e+02   4.4092000e+02   4.4627000e+02
   5.9369000e+02   5.9747000e+02   5.9798000e+02   6.0002000e+02   4.4158000e+02   4.4393000e+02
   5.8744000e+02   5.9125000e+02   5.9074000e+02   5.9371000e+02   4.3625000e+02   4.3854000e+02
   5.8733000e+02   5.9007000e+02   5.8995000e+02   5.9189000e+02   4.4294000e+02   4.4772000e+02
   5.8999000e+02   5.9357000e+02   5.9358000e+02   5.9643000e+02   4.4506000e+02   4.5269000e+02
   5.9986000e+02   6.0334000e+02   6.0295000e+02   6.0544000e+02   4.5301000e+02   4.5849000e+02
   6.0217000e+02   6.0475000e+02   6.0564000e+02   6.0830000e+02   4.5650000e+02   4.6083000e+02
   5.9630000e+02   6.0075000e+02   6.0010000e+02   6.0311000e+02   4.5462000e+02   4.5898000e+02
   5.9584000e+02   6.0079000e+02   5.9856000e+02   6.0187000e+02   4.5257000e+02   4.5710000e+02
   5.8852000e+02   5.9520000e+02   5.9390000e+02   5.9808000e+02   4.4972000e+02   4.5395000e+02
   5.8463000e+02   5.9065000e+02   5.8915000e+02   5.9290000e+02   4.5133000e+02   4.5809000e+02
   5.8945000e+02   5.9765000e+02   5.9560000e+02   5.9923000e+02   4.5736000e+02   4.6229000e+02
   5.8715000e+02   5.9346000e+02   5.9233000e+02   5.9652000e+02   4.5789000e+02   4.6384000e+02
   5.8527000e+02   5.8957000e+02   5.9030000e+02   5.9380000e+02   4.6026000e+02   4.6527000e+02
   5.8662000e+02   5.9099000e+02   5.9077000e+02   5.9351000e+02   4.5447000e+02   4.5994000e+02
   5.8636000e+02   5.9184000e+02   5.9068000e+02   5.9408000e+02   4.5475000e+02   4.5905000e+02
   5.8579000e+02   5.9093000e+02   5.9023000e+02   5.9573000e+02   4.5386000e+02   4.6146000e+02
   5.8710000e+02   5.9287000e+02   5.9159000e+02   5.9588000e+02   4.5011000e+02   4.6214000e+02
   5.8649000e+02   5.9226000e+02   5.9084000e+02   5.9374000e+02   4.5117000e+02   4.6037000e+02
   5.8109000e+02   5.8728000e+02   5.8707000e+02   5.9160000e+02   4.4003000e+02   4.5131000e+02
   5.7148000e+02   5.7614000e+02   5.7778000e+02   5.8118000e+02   4.2455000e+02   4.3816000e+02
   5.6194000e+02   5.6837000e+02   5.6740000e+02   5.7221000e+02   4.1073000e+02   4.2126000e+02
   5.3946000e+02   5.4686000e+02   5.4619000e+02   5.5162000e+02   3.8151000e+02   3.9377000e+02
   5.1373000e+02   5.2103000e+02   5.2082000e+02   5.2578000e+02   3.5960000e+02   3.6963000e+02
   5.0126000e+02   5.0831000e+02   5.0823000e+02   5.1321000e+02   3.4073000e+02   3.4412000e+02
   4.8933000e+02   4.9743000e+02   4.9619000e+02   5.0170000e+02   3.1746000e+02   3.1109000e+02
   4.8036000e+02   4.8698000e+02   4.8712000e+02   4.9271000e+02   2.9565000e+02   3.0648000e+02
   4.6517000e+02   4.7572000e+02   4.7324000e+02   4.8039000e+02   2.9081000e+02   3.2529000e+02
   4.4590000e+02   4.5756000e+02   4.5516000e+02   4.6142000e+02   2.8471000e+02   2.9773000e+02
   4.2566000e+02   4.3812000e+02   4.3727000e+02   4.4426000e+02   2.5426000e+02   2.6624000e+02
   4.1429000e+02   4.2560000e+02   4.2578000e+02   4.3354000e+02   2.2995000e+02   2.4354000e+02
   4.0136000e+02   4.1361000e+02   4.1313000e+02   4.2120000e+02   2.2084000e+02   2.3573000e+02
   3.9302000e+02   4.0688000e+02   4.0584000e+02   4.1286000e+02   2.0866000e+02   2.3208000e+02
   3.9078000e+02   4.0179000e+02   4.0194000e+02   4.0868000e+02   2.1798000e+02   2.3751000e+02
   3.7817000e+02   3.8921000e+02   3.8975000e+02   3.9694000e+02   1.7786000e+02   1.9748000e+02
   3.5539000e+02   3.6518000e+02   3.6638000e+02   3.7037000e+02   1.3555000e+02   1.5284000e+02
   3.3975000e+02   3.5158000e+02   3.5308000e+02   3.6215000e+02   1.5787000e+02   2.0214000e+02
   3.3856000e+02   3.4708000e+02   3.4580000e+02   3.5258000e+02   1.5110000e+02   1.7997000e+02
   3.4659000e+02   3.5689000e+02   3.5168000e+02   3.5517000e+02   1.6449000e+02   2.0147000e+02
   3.2649000e+02   3.3866000e+02   3.3688000e+02   3.4327000e+02   1.9390000e+02   2.6262000e+02
   3.3013000e+02   3.3122000e+02   3.3248000e+02   3.3475000e+02   1.4226000e+02   2.0472000e+02
   3.1772000e+02   3.1997000e+02   3.2291000e+02   3.2535000e+02   1.4757000e+02   1.7258000e+02
   2.8394000e+02   2.9710000e+02   2.9387000e+02   2.9913000e+02   1.5770000e+02   1.5522000e+02
   2.6587000e+02   2.7555000e+02   2.7485000e+02   2.8111000e+02   1.2260000e+02   1.6222000e+02
   2.9089000e+02   2.9032000e+02   2.9345000e+02   2.9705000e+02   1.3481000e+02   1.5028000e+02
   2.9508000e+02   3.0055000e+02   3.0275000e+02   3.0596000e+02   1.5173000e+02   1.5505000e+02
   3.2642000e+02   3.3440000e+02   3.3511000e+02   3.3990000e+02   1.3695000e+02   1.5108000e+02
   3.3295000e+02   3.4099000e+02   3.4237000e+02   3.4887000e+02   1.4019000e+02   1.5119000e+02
   3.7208000e+02   3.7261000e+02   3.7393000e+02   3.7483000e+02   1.5450000e+02   1.7342000e+02
   3.4070000e+02   3.4633000e+02   3.4723000e+02   3.5185000e+02   1.4150000e+02   1.6668000e+02
   3.7142000e+02   3.8278000e+02   3.8448000e+02   3.9302000e+02   1.5317000e+02   1.6990000e+02
   3.6812000e+02   3.7895000e+02   3.8066000e+02   3.8685000e+02   1.6770000e+02   1.8486000e+02
   3.8730000e+02   3.9446000e+02   3.9347000e+02   3.9586000e+02   2.0748000e+02   2.0736000e+02
   4.2232000e+02   4.2793000e+02   4.2717000e+02   4.2967000e+02   2.3375000e+02   2.4577000e+02
   4.2990000e+02   4.3373000e+02   4.3326000e+02   4.3602000e+02   2.3414000e+02   2.3187000e+02
   4.3827000e+02   4.4326000e+02   4.4457000e+02   4.4810000e+02   2.3856000e+02   2.2530000e+02
   4.2519000e+02   4.2877000e+02   4.3075000e+02   4.3663000e+02   2.3750000e+02   2.3433000e+02
   4.3692000e+02   4.3868000e+02   4.3918000e+02   4.4210000e+02   2.4535000e+02   2.3080000e+02
   4.4904000e+02   4.5449000e+02   4.5477000e+02   4.5667000e+02   2.3772000e+02   2.4080000e+02
   4.6207000e+02   4.6572000e+02   4.6582000e+02   4.7034000e+02   2.1861000e+02   2.2349000e+02
   4.5347000e+02   4.5894000e+02   4.5989000e+02   4.6561000e+02   2.1680000e+02   2.3654000e+02
   4.4056000e+02   4.4544000e+02   4.4744000e+02   4.5266000e+02   2.6343000e+02   2.5394000e+02
   4.3672000e+02   4.4347000e+02   4.4896000e+02   4.5749000e+02   2.4696000e+02   2.5177000e+02
   4.3342000e+02   4.3993000e+02   4.4096000e+02   4.4604000e+02   2.6003000e+02   2.8954000e+02
   4.3065000e+02   4.3366000e+02   4.3396000e+02   4.3672000e+02   2.9670000e+02   3.0344000e+02
   4.7106000e+02   4.7307000e+02   4.7349000e+02   4.7595000e+02   3.2392000e+02   3.3612000e+02
   4.9993000e+02   5.0476000e+02   5.0509000e+02   5.0836000e+02   3.3394000e+02   3.5317000e+02
   5.1464000e+02   5.1465000e+02   5.1591000e+02   5.1735000e+02   3.4394000e+02   3.6225000e+02
   5.3611000e+02   5.3520000e+02   5.3498000e+02   5.3449000e+02   3.7766000e+02   3.8722000e+02
   5.5155000e+02   5.5506000e+02   5.5559000e+02   5.5871000e+02   3.7832000e+02   4.0033000e+02
   5.1875000e+02   5.2317000e+02   5.2418000e+02   5.2848000e+02   3.6598000e+02   3.7024000e+02
   4.9517000e+02   5.0017000e+02   4.9942000e+02   5.0245000e+02   3.4547000e+02   3.6070000e+02
   4.8145000e+02   4.8316000e+02   4.8753000e+02   4.9085000e+02   3.3618000e+02   3.4818000e+02
   4.5633000e+02   4.5677000e+02   4.6157000e+02   4.6465000e+02   3.3966000e+02   3.5442000e+02
   4.5558000e+02   4.5563000e+02   4.5819000e+02   4.5979000e+02   3.4780000e+02   3.6838000e+02
   4.6568000e+02   4.6845000e+02   4.6789000e+02   4.6966000e+02   3.4369000e+02   3.5739000e+02
   4.6835000e+02   4.6827000e+02   4.6921000e+02   4.6972000e+02   3.3624000e+02   3.4918000e+02
   4.5266000e+02   4.5251000e+02   4.5415000e+02   4.5507000e+02   3.1870000e+02   3.2528000e+02
   4.3229000e+02   4.3466000e+02   4.3492000e+02   4.3750000e+02   3.1433000e+02   3.2856000e+02
   4.3780000e+02   4.3912000e+02   4.3998000e+02   4.4221000e+02   3.0860000e+02   3.3279000e+02
   4.4230000e+02   4.4260000e+02   4.4537000e+02   4.4767000e+02   3.1142000e+02   3.3004000e+02
   4.3999000e+02   4.4015000e+02   4.4299000e+02   4.4463000e+02   3.2796000e+02   3.3927000e+02
   4.5316000e+02   4.5486000e+02   4.5693000e+02   4.5941000e+02   3.4041000e+02   3.4881000e+02
   4.5112000e+02   4.5249000e+02   4.5385000e+02   4.5692000e+02   3.4001000e+02   3.5368000e+02
   4.4578000e+02   4.4304000e+02   4.4872000e+02   4.5158000e+02   3.3526000e+02   3.5050000e+02
   4.2557000e+02   4.2638000e+02   4.2939000e+02   4.3059000e+02   3.3311000e+02   3.4664000e+02
   4.4450000e+02   4.4157000e+02   4.4304000e+02   4.4486000e+02   3.4028000e+02   3.5657000e+02
   4.4687000e+02   4.4703000e+02   4.4828000e+02   4.5041000e+02   3.3599000e+02   3.5590000e+02
   4.4463000e+02   4.4601000e+02   4.4764000e+02   4.4924000e+02   3.3482000e+02   3.5413000e+02
   4.4735000e+02   4.4766000e+02   4.4903000e+02   4.5020000e+02   3.3135000e+02   3.5321000e+02
   4.4155000e+02   4.4172000e+02   4.4491000e+02   4.4704000e+02   3.3137000e+02   3.4498000e+02
   4.3551000e+02   4.3549000e+02   4.3876000e+02   4.4090000e+02   3.3380000e+02   3.4523000e+02
   4.3755000e+02   4.3663000e+02   4.3904000e+02   4.3906000e+02   3.4024000e+02   3.5355000e+02
   4.4170000e+02   4.4143000e+02   4.4335000e+02   4.4494000e+02   3.3983000e+02   3.5803000e+02
   4.7053000e+02   4.7095000e+02   4.7369000e+02   4.7617000e+02   3.7095000e+02   3.8852000e+02
   4.9390000e+02   4.9438000e+02   4.9656000e+02   4.9850000e+02   3.9751000e+02   4.1421000e+02
   4.9989000e+02   4.9833000e+02   5.0056000e+02   5.0178000e+02   4.0786000e+02   4.2512000e+02
   5.0928000e+02   5.1108000e+02   5.1143000e+02   5.1230000e+02   4.1628000e+02   4.3221000e+02
   5.0907000e+02   5.0858000e+02   5.1034000e+02   5.1096000e+02   4.1620000e+02   4.3219000e+02
   5.1415000e+02   5.1261000e+02   5.1645000e+02   5.1732000e+02   4.2723000e+02   4.4151000e+02
   5.2421000e+02   5.2492000e+02   5.2549000e+02   5.2724000e+02   4.4471000e+02   4.6013000e+02
   5.4223000e+02   5.4141000e+02   5.4427000e+02   5.4591000e+02   4.6574000e+02   4.8155000e+02
   5.4669000e+02   5.4671000e+02   5.4888000e+02   5.4980000e+02   4.7581000e+02   4.9199000e+02
   5.4254000e+02   5.4292000e+02   5.4429000e+02   5.4472000e+02   4.7630000e+02   4.9297000e+02
   5.4563000e+02   5.4600000e+02   5.4642000e+02   5.4727000e+02   4.7450000e+02   4.9424000e+02
   5.5080000e+02   5.5271000e+02   5.5369000e+02   5.5480000e+02   4.7198000e+02   4.9270000e+02
   5.4557000e+02   5.4722000e+02   5.4891000e+02   5.5018000e+02   4.7042000e+02   4.9192000e+02
   5.4922000e+02   5.5080000e+02   5.5326000e+02   5.5469000e+02   4.7646000e+02   4.9675000e+02
   5.5112000e+02   5.5246000e+02   5.5465000e+02   5.5595000e+02   4.7594000e+02   4.9533000e+02
   5.5351000e+02   5.5515000e+02   5.5765000e+02   5.5918000e+02   4.7296000e+02   4.9245000e+02
   5.4829000e+02   5.5082000e+02   5.5459000e+02   5.5594000e+02   4.7044000e+02   4.8450000e+02
   5.4599000e+02   5.4721000e+02   5.4970000e+02   5.5126000e+02   4.7188000e+02   4.8338000e+02
   5.4624000e+02   5.4904000e+02   5.5065000e+02   5.5188000e+02   4.6819000e+02   4.8205000e+02
   5.4483000e+02   5.4668000e+02   5.4928000e+02   5.5113000e+02   4.6743000e+02   4.8236000e+02
   5.4457000e+02   5.4635000e+02   5.5008000e+02   5.5297000e+02   4.6815000e+02   4.8551000e+02
   5.4329000e+02   5.4386000e+02   5.4865000e+02   5.5093000e+02   4.7257000e+02   4.8791000e+02
   5.4007000e+02   5.4371000e+02   5.4593000e+02   5.4909000e+02   4.6811000e+02   4.8494000e+02
   5.3864000e+02   5.4033000e+02   5.4360000e+02   5.4573000e+02   4.6090000e+02   4.7780000e+02
   5.1418000e+02   5.1651000e+02   5.1834000e+02   5.2207000e+02   4.3457000e+02   4.5306000e+02
   4.9397000e+02   4.9579000e+02   4.9867000e+02   5.0139000e+02   4.0646000e+02   4.2685000e+02
   4.8743000e+02   4.9046000e+02   4.9252000e+02   4.9652000e+02   3.9129000e+02   4.1047000e+02
   4.7734000e+02   4.7876000e+02   4.8293000e+02   4.8559000e+02   3.8405000e+02   4.0168000e+02
   4.7003000e+02   4.7123000e+02   4.7572000e+02   4.7965000e+02   3.7650000e+02   3.9446000e+02
   4.5522000e+02   4.5745000e+02   4.6145000e+02   4.6359000e+02   3.6726000e+02   3.8086000e+02
   4.4296000e+02   4.4430000e+02   4.4705000e+02   4.4967000e+02   3.5134000e+02   3.6503000e+02
   4.2177000e+02   4.2352000e+02   4.2651000e+02   4.2978000e+02   3.2863000e+02   3.3886000e+02
   4.0891000e+02   4.1092000e+02   4.1457000e+02   4.1757000e+02   3.0964000e+02   3.2374000e+02
   4.0632000e+02   4.0884000e+02   4.1245000e+02   4.1528000e+02   2.9188000e+02   3.1048000e+02
   3.9230000e+02   3.9480000e+02   3.9861000e+02   4.0081000e+02   2.7834000e+02   2.9339000e+02
   3.8214000e+02   3.8419000e+02   3.8715000e+02   3.8979000e+02   2.6700000e+02   2.8432000e+02
   3.7008000e+02   3.7212000e+02   3.7459000e+02   3.7759000e+02   2.5282000e+02   2.7280000e+02
   3.5661000e+02   3.5908000e+02   3.6018000e+02   3.6258000e+02   2.4134000e+02   2.6099000e+02
   3.4453000e+02   3.4729000e+02   3.5057000e+02   3.5382000e+02   2.2649000e+02   2.4579000e+02
   3.2972000e+02   3.2957000e+02   3.3360000e+02   3.3758000e+02   2.1247000e+02   2.3260000e+02
   3.2041000e+02   3.2168000e+02   3.2443000e+02   3.2763000e+02   1.9999000e+02   2.1005000e+02
   3.1893000e+02   3.2096000e+02   3.2327000e+02   3.2506000e+02   1.9294000e+02   2.0618000e+02
   3.0143000e+02   3.0297000e+02   3.0371000e+02   3.0586000e+02   1.8021000e+02   1.9530000e+02
   2.9206000e+02   2.9329000e+02   2.9494000e+02   2.9729000e+02   1.6361000e+02   1.7908000e+02
   2.7618000e+02   2.7693000e+02   2.8042000e+02   2.8387000e+02   1.4830000e+02   1.5972000e+02
   2.7198000e+02   2.7326000e+02   2.7610000e+02   2.7669000e+02   1.5974000e+02   1.6587000e+02
   2.6400000e+02   2.6376000e+02   2.6685000e+02   2.6929000e+02   1.5040000e+02   1.6758000e+02
   2.5140000e+02   2.5206000e+02   2.5500000e+02   2.5829000e+02   1.4739000e+02   1.6198000e+02
   2.8188000e+02   2.8557000e+02   2.8869000e+02   2.9296000e+02   1.5051000e+02   1.6566000e+02
   2.8539000e+02   2.8936000e+02   2.9412000e+02   2.9954000e+02   1.7686000e+02   1.8422000e+02
   3.0705000e+02   3.1134000e+02   3.1467000e+02   3.1533000e+02   1.8683000e+02   1.9786000e+02
   3.1452000e+02   3.1734000e+02   3.2254000e+02   3.2754000e+02   1.6997000e+02   1.9804000e+02
   3.2182000e+02   3.2413000e+02   3.2808000e+02   3.3266000e+02   1.7280000e+02   1.7804000e+02
   3.2369000e+02   3.2602000e+02   3.3104000e+02   3.3632000e+02   1.8819000e+02   2.0067000e+02
   3.3974000e+02   3.4195000e+02   3.4585000e+02   3.5083000e+02   2.0717000e+02   2.1600000e+02
   3.6177000e+02   3.6214000e+02   3.6782000e+02   3.7208000e+02   2.6642000e+02   2.6078000e+02
   3.7152000e+02   3.7119000e+02   3.7615000e+02   3.8194000e+02   2.7252000e+02   2.9744000e+02
   3.6946000e+02   3.7189000e+02   3.7507000e+02   3.7981000e+02   2.8018000e+02   2.9136000e+02
   3.6618000e+02   3.6711000e+02   3.7202000e+02   3.7511000e+02   2.9704000e+02   3.1008000e+02
   3.9266000e+02   3.9095000e+02   3.9215000e+02   3.9307000e+02   3.0337000e+02   3.1965000e+02
   3.9563000e+02   3.9538000e+02   3.9923000e+02   4.0220000e+02   3.0813000e+02   3.2348000e+02
   3.9702000e+02   3.9679000e+02   4.0112000e+02   4.0363000e+02   3.1739000e+02   3.3200000e+02
   4.0265000e+02   4.0483000e+02   4.0794000e+02   4.1102000e+02   3.3585000e+02   3.5313000e+02
   4.1463000e+02   4.1461000e+02   4.1809000e+02   4.1984000e+02   3.4964000e+02   3.6645000e+02
   4.1699000e+02   4.1738000e+02   4.2231000e+02   4.2605000e+02   3.6100000e+02   3.7615000e+02
   4.2138000e+02   4.1808000e+02   4.2069000e+02   4.2101000e+02   3.6649000e+02   3.8868000e+02
   4.3745000e+02   4.3619000e+02   4.3883000e+02   4.3966000e+02   3.7178000e+02   3.9319000e+02
   4.4149000e+02   4.4125000e+02   4.4480000e+02   4.4729000e+02   3.8477000e+02   4.0506000e+02
   4.3950000e+02   4.3759000e+02   4.4343000e+02   4.4461000e+02   3.9456000e+02   4.1504000e+02
   4.5294000e+02   4.5057000e+02   4.5310000e+02   4.5391000e+02   4.0579000e+02   4.2100000e+02
   4.6182000e+02   4.5982000e+02   4.6057000e+02   4.6037000e+02   4.1325000e+02   4.2902000e+02
   4.6625000e+02   4.6157000e+02   4.6458000e+02   4.6269000e+02   4.1747000e+02   4.3759000e+02
   4.3964000e+02   4.3664000e+02   4.3954000e+02   4.3983000e+02   3.9882000e+02   4.1617000e+02
   4.2456000e+02   4.2054000e+02   4.2390000e+02   4.2397000e+02   3.8227000e+02   3.9924000e+02
   4.1848000e+02   4.1697000e+02   4.2055000e+02   4.2036000e+02   3.7486000e+02   3.9094000e+02
   4.2226000e+02   4.2025000e+02   4.2320000e+02   4.2318000e+02   3.7982000e+02   3.9772000e+02
   4.2801000e+02   4.2439000e+02   4.2737000e+02   4.2719000e+02   3.9297000e+02   4.0963000e+02
   4.2839000e+02   4.2693000e+02   4.2991000e+02   4.3051000e+02   3.9315000e+02   4.0792000e+02
   4.2846000e+02   4.2729000e+02   4.2872000e+02   4.2803000e+02   3.9105000e+02   4.0623000e+02
   4.1934000e+02   4.1495000e+02   4.1964000e+02   4.2020000e+02   3.7574000e+02   3.9205000e+02
   4.1181000e+02   4.0928000e+02   4.1166000e+02   4.1255000e+02   3.7385000e+02   3.8888000e+02
   4.1514000e+02   4.1427000e+02   4.1622000e+02   4.1634000e+02   3.7843000e+02   3.9516000e+02
   4.2163000e+02   4.1984000e+02   4.2318000e+02   4.2382000e+02   3.8709000e+02   4.0339000e+02
   4.2881000e+02   4.2529000e+02   4.3021000e+02   4.3173000e+02   3.9795000e+02   4.1187000e+02
   4.5022000e+02   4.4725000e+02   4.5133000e+02   4.5199000e+02   4.1669000e+02   4.3145000e+02
   4.5073000e+02   4.4798000e+02   4.5213000e+02   4.5247000e+02   4.2814000e+02   4.4192000e+02
   4.5566000e+02   4.5425000e+02   4.5618000e+02   4.5659000e+02   4.2916000e+02   4.4233000e+02
   4.5863000e+02   4.5584000e+02   4.5950000e+02   4.5992000e+02   4.3098000e+02   4.4258000e+02
   4.5688000e+02   4.5304000e+02   4.5786000e+02   4.5860000e+02   4.3458000e+02   4.4666000e+02
   4.6283000e+02   4.5967000e+02   4.6362000e+02   4.6381000e+02   4.3768000e+02   4.5221000e+02
   4.7171000e+02   4.6871000e+02   4.7172000e+02   4.7287000e+02   4.4599000e+02   4.5953000e+02
   4.8365000e+02   4.8097000e+02   4.8420000e+02   4.8444000e+02   4.5307000e+02   4.6775000e+02
   4.8148000e+02   4.7951000e+02   4.8313000e+02   4.8238000e+02   4.5700000e+02   4.7456000e+02
   4.8546000e+02   4.8136000e+02   4.8575000e+02   4.8524000e+02   4.5541000e+02   4.7308000e+02
   4.8891000e+02   4.8554000e+02   4.8909000e+02   4.8935000e+02   4.6046000e+02   4.7486000e+02
   4.9495000e+02   4.9194000e+02   4.9509000e+02   4.9509000e+02   4.6747000e+02   4.8155000e+02
   5.2736000e+02   5.2497000e+02   5.2787000e+02   5.2754000e+02   5.0143000e+02   5.1385000e+02
   5.5743000e+02   5.5504000e+02   5.5722000e+02   5.5584000e+02   5.3099000e+02   5.4474000e+02
   5.7231000e+02   5.6939000e+02   5.6960000e+02   5.6930000e+02   5.4100000e+02   5.5421000e+02
   5.7991000e+02   5.7696000e+02   5.7918000e+02   5.7955000e+02   5.4531000e+02   5.5714000e+02
   5.7681000e+02   5.7241000e+02   5.7612000e+02   5.7639000e+02   5.4155000e+02   5.5400000e+02
   5.8375000e+02   5.8090000e+02   5.8390000e+02   5.8529000e+02   5.4867000e+02   5.6049000e+02
   5.9801000e+02   5.9616000e+02   5.9912000e+02   5.9984000e+02   5.6098000e+02   5.7475000e+02
   6.1924000e+02   6.1920000e+02   6.2084000e+02   6.2147000e+02   5.7988000e+02   5.9577000e+02
   6.3052000e+02   6.3061000e+02   6.3304000e+02   6.3409000e+02   5.8542000e+02   6.0056000e+02
   6.3004000e+02   6.2888000e+02   6.3194000e+02   6.3267000e+02   5.7884000e+02   5.9583000e+02
   6.2899000e+02   6.2841000e+02   6.3193000e+02   6.3304000e+02   5.7496000e+02   5.9440000e+02
   6.2535000e+02   6.2466000e+02   6.2809000e+02   6.2997000e+02   5.7290000e+02   5.9157000e+02
   6.1136000e+02   6.1107000e+02   6.1343000e+02   6.1502000e+02   5.6163000e+02   5.8052000e+02
   6.0880000e+02   6.0871000e+02   6.1217000e+02   6.1414000e+02   5.5639000e+02   5.7374000e+02
   6.0565000e+02   6.0540000e+02   6.0895000e+02   6.1106000e+02   5.5433000e+02   5.7128000e+02
   5.9814000e+02   5.9888000e+02   6.0296000e+02   6.0506000e+02   5.5332000e+02   5.6788000e+02
   5.9245000e+02   5.9316000e+02   5.9723000e+02   5.9942000e+02   5.5160000e+02   5.6633000e+02
   5.8406000e+02   5.8387000e+02   5.8795000e+02   5.8996000e+02   5.4651000e+02   5.6148000e+02
   5.7783000e+02   5.7790000e+02   5.8191000e+02   5.8452000e+02   5.3986000e+02   5.5440000e+02
   5.6570000e+02   5.6680000e+02   5.7114000e+02   5.7340000e+02   5.2824000e+02   5.4184000e+02
   5.6165000e+02   5.6149000e+02   5.6459000e+02   5.6684000e+02   5.2059000e+02   5.3538000e+02
   5.5531000e+02   5.5620000e+02   5.5927000e+02   5.6177000e+02   5.0602000e+02   5.2278000e+02
   5.4640000e+02   5.4725000e+02   5.5147000e+02   5.5500000e+02   4.9067000e+02   5.0992000e+02
   5.3665000e+02   5.3828000e+02   5.4228000e+02   5.4518000e+02   4.7302000e+02   4.9130000e+02
   5.0562000e+02   5.0768000e+02   5.1129000e+02   5.1534000e+02   4.4089000e+02   4.5988000e+02
   4.7788000e+02   4.7914000e+02   4.8343000e+02   4.8712000e+02   4.1365000e+02   4.3487000e+02
   4.6186000e+02   4.6304000e+02   4.6844000e+02   4.7104000e+02   3.9901000e+02   4.1864000e+02
   4.4907000e+02   4.5045000e+02   4.5535000e+02   4.5871000e+02   3.8869000e+02   4.0406000e+02
   4.4580000e+02   4.4864000e+02   4.5298000e+02   4.5609000e+02   3.7767000e+02   3.9450000e+02
   4.3244000e+02   4.3362000e+02   4.3647000e+02   4.3859000e+02   3.6443000e+02   3.8074000e+02
   4.1946000e+02   4.2043000e+02   4.2546000e+02   4.2760000e+02   3.4445000e+02   3.6557000e+02
   4.0047000e+02   3.9854000e+02   4.0377000e+02   4.0518000e+02   3.2102000e+02   3.3984000e+02
   3.8750000e+02   3.8907000e+02   3.9219000e+02   3.9315000e+02   3.0024000e+02   3.2620000e+02
   3.8083000e+02   3.8123000e+02   3.8255000e+02   3.8621000e+02   2.9161000e+02   3.1567000e+02
   3.6504000e+02   3.6576000e+02   3.6869000e+02   3.7064000e+02   2.8328000e+02   3.0788000e+02
   3.5653000e+02   3.5722000e+02   3.6063000e+02   3.6264000e+02   2.7539000e+02   2.9808000e+02
   3.6186000e+02   3.6078000e+02   3.6271000e+02   3.6402000e+02   2.6845000e+02   2.9190000e+02
   3.4695000e+02   3.4857000e+02   3.5252000e+02   3.5581000e+02   2.6270000e+02   2.8327000e+02
   3.3707000e+02   3.3843000e+02   3.4250000e+02   3.4334000e+02   2.5395000e+02   2.7491000e+02
   3.2428000e+02   3.2364000e+02   3.3060000e+02   3.3364000e+02   2.4865000e+02   2.6624000e+02
   3.1569000e+02   3.1686000e+02   3.2128000e+02   3.2407000e+02   2.3588000e+02   2.5611000e+02
   3.1390000e+02   3.1494000e+02   3.1881000e+02   3.2102000e+02   2.2656000e+02   2.4859000e+02
   3.0959000e+02   3.1048000e+02   3.1418000e+02   3.1555000e+02   2.2849000e+02   2.4178000e+02
   3.1119000e+02   3.1117000e+02   3.1449000e+02   3.1546000e+02   2.3504000e+02   2.5487000e+02
   3.0670000e+02   3.0756000e+02   3.1096000e+02   3.1348000e+02   2.2935000e+02   2.4957000e+02
   2.9123000e+02   2.9118000e+02   2.9514000e+02   2.9688000e+02   2.2285000e+02   2.4222000e+02
   2.8140000e+02   2.8353000e+02   2.8541000e+02   2.8479000e+02   2.2341000e+02   2.4024000e+02
   2.7804000e+02   2.7971000e+02   2.8334000e+02   2.8625000e+02   2.2248000e+02   2.4282000e+02
   2.7708000e+02   2.7979000e+02   2.7876000e+02   2.7965000e+02   2.2211000e+02   2.4445000e+02
   2.9049000e+02   2.9004000e+02   2.9204000e+02   2.9460000e+02   2.3748000e+02   2.5492000e+02
   2.8825000e+02   2.8756000e+02   2.9196000e+02   2.9215000e+02   2.4231000e+02   2.5782000e+02
   2.9688000e+02   2.9779000e+02   2.9961000e+02   3.0180000e+02   2.5237000e+02   2.7078000e+02
   2.9717000e+02   2.9577000e+02   3.0152000e+02   3.0382000e+02   2.6169000e+02   2.7480000e+02
   3.0887000e+02   3.0809000e+02   3.1264000e+02   3.1381000e+02   2.7277000e+02   2.8566000e+02
   3.3043000e+02   3.3013000e+02   3.3271000e+02   3.3416000e+02   2.9003000e+02   2.9615000e+02
   3.4859000e+02   3.4653000e+02   3.5077000e+02   3.5282000e+02   3.0399000e+02   3.1303000e+02
   3.5745000e+02   3.5383000e+02   3.6406000e+02   3.6923000e+02   3.2557000e+02   3.3125000e+02
   3.8258000e+02   3.8102000e+02   3.8226000e+02   3.8148000e+02   3.4345000e+02   3.4428000e+02
   3.9019000e+02   3.8638000e+02   3.9104000e+02   3.9259000e+02   3.4686000e+02   3.5587000e+02
   3.8894000e+02   3.8518000e+02   3.9112000e+02   3.9120000e+02   3.5565000e+02   3.5895000e+02
   3.8438000e+02   3.8198000e+02   3.8508000e+02   3.8509000e+02   3.6045000e+02   3.6513000e+02
   3.8509000e+02   3.7986000e+02   3.8567000e+02   3.8614000e+02   3.5086000e+02   3.6059000e+02
   3.7984000e+02   3.7476000e+02   3.8122000e+02   3.8179000e+02   3.5582000e+02   3.6362000e+02
   3.9395000e+02   3.9182000e+02   3.9264000e+02   3.9262000e+02   3.5532000e+02   3.6563000e+02
   3.9512000e+02   3.9238000e+02   3.9586000e+02   3.9587000e+02   3.6114000e+02   3.7495000e+02
   4.0510000e+02   4.0281000e+02   4.0693000e+02   4.0906000e+02   3.6417000e+02   3.7671000e+02
   4.0688000e+02   4.0509000e+02   4.0866000e+02   4.0850000e+02   3.6966000e+02   3.7873000e+02
   4.0880000e+02   4.0712000e+02   4.0975000e+02   4.1080000e+02   3.7073000e+02   3.8112000e+02
   4.1393000e+02   4.1216000e+02   4.1421000e+02   4.1519000e+02   3.8162000e+02   3.8464000e+02
   4.2629000e+02   4.2236000e+02   4.2656000e+02   4.2784000e+02   3.9781000e+02   4.0410000e+02
   4.3686000e+02   4.3325000e+02   4.3684000e+02   4.3780000e+02   4.1159000e+02   4.2035000e+02
   4.4559000e+02   4.4178000e+02   4.4648000e+02   4.4747000e+02   4.1636000e+02   4.2413000e+02
   4.1615000e+02   4.1303000e+02   4.1709000e+02   4.1760000e+02   3.8832000e+02   3.9891000e+02
   3.9367000e+02   3.9020000e+02   3.9530000e+02   3.9523000e+02   3.6405000e+02   3.7264000e+02
