  -5.4726000e+00  -5.6308000e+00  -5.6258000e+00  -5.7197000e+00  -4.8280000e+00  -4.6424000e+00
  -5.6272000e+00  -5.7516000e+00  -5.7553000e+00  -5.8320000e+00  -4.8244000e+00  -4.6891000e+00
  -5.7275000e+00  -5.8547000e+00  -5.8886000e+00  -5.9911000e+00  -4.9300000e+00  -4.8162000e+00
  -5.9370000e+00  -6.0916000e+00  -6.1447000e+00  -6.2748000e+00  -4.9639000e+00  -4.8220000e+00
  -6.1874000e+00  -6.3689000e+00  -6.4000000e+00  -6.5062000e+00  -5.1054000e+00  -4.9918000e+00
  -6.2820000e+00  -6.4144000e+00  -6.4547000e+00  -6.5492000e+00  -5.2861000e+00  -5.2566000e+00
  -6.2671000e+00  -6.4070000e+00  -6.4703000e+00  -6.5803000e+00  -5.5316000e+00  -5.2731000e+00
  -6.4241000e+00  -6.5530000e+00  -6.6288000e+00  -6.7367000e+00  -5.8650000e+00  -5.3654000e+00
  -6.7761000e+00  -6.8776000e+00  -6.9564000e+00  -7.0499000e+00  -5.9373000e+00  -5.5269000e+00
  -7.1082000e+00  -7.2018000e+00  -7.2594000e+00  -7.3394000e+00  -5.8607000e+00  -5.7739000e+00
  -7.3067000e+00  -7.4089000e+00  -7.4571000e+00  -7.5377000e+00  -5.9240000e+00  -6.0579000e+00
  -7.3092000e+00  -7.3744000e+00  -7.4296000e+00  -7.5002000e+00  -6.1189000e+00  -6.3173000e+00
  -7.3835000e+00  -7.4301000e+00  -7.4735000e+00  -7.5280000e+00  -6.4219000e+00  -6.5539000e+00
  -7.4942000e+00  -7.4531000e+00  -7.5018000e+00  -7.5401000e+00  -6.6980000e+00  -6.7151000e+00
  -7.4809000e+00  -7.4402000e+00  -7.5273000e+00  -7.6061000e+00  -6.8236000e+00  -6.8703000e+00
  -7.4545000e+00  -7.4618000e+00  -7.5963000e+00  -7.6143000e+00  -6.8766000e+00  -7.0214000e+00
  -7.6196000e+00  -7.5690000e+00  -7.6003000e+00  -7.5032000e+00  -6.7759000e+00  -6.8702000e+00
  -7.6371000e+00  -7.5379000e+00  -7.5258000e+00  -7.4777000e+00  -6.3229000e+00  -6.3993000e+00
  -7.3603000e+00  -7.4462000e+00  -7.4345000e+00  -7.4207000e+00  -5.9318000e+00  -6.0040000e+00
  -7.2662000e+00  -7.5078000e+00  -7.4220000e+00  -7.3441000e+00  -5.1462000e+00  -5.1852000e+00
  -7.2774000e+00  -7.6004000e+00  -7.3509000e+00  -7.2343000e+00  -4.6428000e+00  -4.6362000e+00
  -7.0130000e+00  -7.4315000e+00  -7.1397000e+00  -7.0557000e+00  -4.6789000e+00  -4.6832000e+00
  -6.8073000e+00  -7.3026000e+00  -7.0115000e+00  -7.0393000e+00  -4.6207000e+00  -4.6994000e+00
  -6.7876000e+00  -7.2077000e+00  -6.9439000e+00  -7.0312000e+00  -4.4550000e+00  -4.5361000e+00
  -6.8575000e+00  -7.0688000e+00  -6.9569000e+00  -7.1149000e+00  -4.2370000e+00  -4.2493000e+00
  -6.8596000e+00  -7.0741000e+00  -7.0433000e+00  -7.2350000e+00  -4.0578000e+00  -3.9934000e+00
  -6.9282000e+00  -7.1215000e+00  -7.1049000e+00  -7.2444000e+00  -3.8228000e+00  -3.6748000e+00
  -7.0000000e+00  -7.1148000e+00  -7.1360000e+00  -7.2171000e+00  -3.4893000e+00  -3.3631000e+00
  -7.1085000e+00  -7.1457000e+00  -7.2481000e+00  -7.3511000e+00  -3.2760000e+00  -2.9968000e+00
  -7.4193000e+00  -7.3800000e+00  -7.5087000e+00  -7.5908000e+00  -3.1489000e+00  -2.7718000e+00
  -7.8843000e+00  -7.6893000e+00  -7.7766000e+00  -7.7691000e+00  -2.8591000e+00  -2.5194000e+00
  -8.7634000e+00  -8.1907000e+00  -8.4029000e+00  -8.1883000e+00  -2.6270000e+00  -2.2418000e+00
  -8.9244000e+00  -8.9906000e+00  -8.9891000e+00  -8.9368000e+00  -2.3514000e+00  -2.1673000e+00
  -8.8341000e+00  -8.7478000e+00  -8.7726000e+00  -8.8404000e+00  -1.9972000e+00  -1.7240000e+00
  -8.7695000e+00  -8.7010000e+00  -8.7721000e+00  -8.5724000e+00  -1.7422000e+00  -1.6927000e+00
  -8.9986000e+00  -8.6138000e+00  -8.6976000e+00  -8.6388000e+00  -1.5429000e+00  -1.8221000e+00
  -9.5055000e+00  -8.8887000e+00  -8.7894000e+00  -8.5503000e+00  -2.3687000e+00  -2.0865000e+00
  -9.5584000e+00  -9.1105000e+00  -9.1891000e+00  -9.0899000e+00  -2.3269000e+00  -1.9485000e+00
  -9.6371000e+00  -9.6040000e+00  -9.5446000e+00  -9.5811000e+00  -1.9595000e+00  -1.4400000e+00
  -9.7879000e+00  -9.6156000e+00  -9.5441000e+00  -9.5924000e+00  -2.3908000e+00  -1.4915000e+00
  -9.9526000e+00  -9.8361000e+00  -9.9764000e+00  -9.9023000e+00  -1.7577000e+00  -1.6794000e+00
  -9.9209000e+00  -9.9615000e+00  -9.8594000e+00  -9.8259000e+00  -1.6948000e+00  -1.7255000e+00
  -9.6521000e+00  -9.7337000e+00  -9.7789000e+00  -9.9433000e+00  -1.7539000e+00  -1.8360000e+00
  -1.0167500e+01  -1.0218200e+01  -1.0133300e+01  -1.0143800e+01  -1.6111000e+00  -1.9248000e+00
  -9.8425000e+00  -9.8682000e+00  -9.8234000e+00  -9.7998000e+00  -1.9805000e+00  -1.9353000e+00
  -1.0110000e+01  -9.8629000e+00  -1.0032600e+01  -1.0004700e+01  -2.1370000e+00  -1.7923000e+00
  -1.0014600e+01  -9.9048000e+00  -9.9163000e+00  -9.8061000e+00  -2.1893000e+00  -2.1294000e+00
  -1.0073700e+01  -9.8433000e+00  -1.0018100e+01  -1.0064700e+01  -2.4655000e+00  -2.6431000e+00
  -1.0178200e+01  -1.0069200e+01  -1.0126700e+01  -1.0077200e+01  -2.7844000e+00  -2.9286000e+00
  -1.0474200e+01  -1.0310500e+01  -1.0283300e+01  -1.0177400e+01  -3.2411000e+00  -3.0688000e+00
  -1.0596900e+01  -1.0487800e+01  -1.0423800e+01  -1.0316600e+01  -3.5382000e+00  -3.2738000e+00
  -1.0592100e+01  -1.0344900e+01  -1.0283300e+01  -1.0118100e+01  -3.6181000e+00  -3.5722000e+00
  -1.0459900e+01  -1.0256500e+01  -1.0218700e+01  -1.0083200e+01  -3.8499000e+00  -3.7532000e+00
  -1.0303600e+01  -1.0267000e+01  -1.0061000e+01  -9.9366000e+00  -3.8684000e+00  -3.7767000e+00
  -9.9917000e+00  -9.7059000e+00  -9.6515000e+00  -9.4542000e+00  -3.8754000e+00  -3.6979000e+00
  -1.0338500e+01  -9.6488000e+00  -9.8275000e+00  -9.4455000e+00  -4.2748000e+00  -3.7050000e+00
  -1.0308600e+01  -9.9430000e+00  -9.9840000e+00  -9.6261000e+00  -4.0610000e+00  -3.6814000e+00
  -1.0063500e+01  -9.7953000e+00  -9.8456000e+00  -9.5862000e+00  -4.2145000e+00  -3.7337000e+00
  -1.0078700e+01  -9.7459000e+00  -9.7929000e+00  -9.5393000e+00  -4.5579000e+00  -3.7031000e+00
  -1.0079000e+01  -9.7247000e+00  -9.7333000e+00  -9.4748000e+00  -4.3962000e+00  -3.4262000e+00
  -9.8698000e+00  -9.4849000e+00  -9.5028000e+00  -9.2255000e+00  -3.7779000e+00  -3.2417000e+00
  -9.5929000e+00  -9.2024000e+00  -9.2834000e+00  -9.0818000e+00  -3.1619000e+00  -3.4864000e+00
  -9.2754000e+00  -8.8677000e+00  -9.0300000e+00  -8.9333000e+00  -3.0441000e+00  -5.4663000e+00
  -9.2091000e+00  -8.9751000e+00  -8.9609000e+00  -8.8789000e+00  -3.6789000e+00  -5.5169000e+00
  -8.8098000e+00  -8.6927000e+00  -8.5845000e+00  -8.5116000e+00  -5.4282000e+00  -3.7407000e+00
  -8.4418000e+00  -8.4141000e+00  -8.2505000e+00  -8.2225000e+00  -5.5316000e+00  -4.5827000e+00
  -7.9413000e+00  -8.0792000e+00  -7.8644000e+00  -7.8755000e+00  -3.5233000e+00  -5.1907000e+00
  -7.2424000e+00  -7.4612000e+00  -7.2429000e+00  -7.2658000e+00  -3.4782000e+00  -6.2427000e+00
  -7.1987000e+00  -7.4917000e+00  -7.2970000e+00  -7.3261000e+00  -4.9078000e+00  -7.1437000e+00
  -6.9542000e+00  -7.2674000e+00  -7.0699000e+00  -7.1326000e+00  -6.4245000e+00  -6.8952000e+00
  -6.9805000e+00  -7.2382000e+00  -7.0894000e+00  -7.1394000e+00  -7.5660000e+00  -6.6813000e+00
  -7.0839000e+00  -7.2726000e+00  -7.1523000e+00  -7.1910000e+00  -8.0581000e+00  -6.6053000e+00
  -7.0584000e+00  -7.2493000e+00  -7.1346000e+00  -7.1700000e+00  -8.0819000e+00  -6.8521000e+00
  -7.3229000e+00  -7.4829000e+00  -7.4138000e+00  -7.4657000e+00  -7.6957000e+00  -6.8225000e+00
  -7.4527000e+00  -7.6687000e+00  -7.6226000e+00  -7.7138000e+00  -7.5133000e+00  -7.1407000e+00
  -7.5846000e+00  -7.7035000e+00  -7.6718000e+00  -7.7269000e+00  -7.4495000e+00  -7.4116000e+00
  -7.7246000e+00  -7.8236000e+00  -7.7859000e+00  -7.8227000e+00  -7.1808000e+00  -7.6219000e+00
  -8.1490000e+00  -8.2445000e+00  -8.1775000e+00  -8.1980000e+00  -7.5106000e+00  -8.1315000e+00
  -8.2200000e+00  -8.4889000e+00  -8.3795000e+00  -8.4974000e+00  -7.9553000e+00  -8.3962000e+00
  -8.1272000e+00  -8.3561000e+00  -8.2318000e+00  -8.2960000e+00  -7.7968000e+00  -8.2127000e+00
  -8.0044000e+00  -8.2869000e+00  -8.1634000e+00  -8.2571000e+00  -7.6053000e+00  -8.0988000e+00
  -8.0349000e+00  -8.3285000e+00  -8.2101000e+00  -8.3267000e+00  -7.7641000e+00  -8.1159000e+00
  -8.1970000e+00  -8.4949000e+00  -8.3736000e+00  -8.4749000e+00  -8.0589000e+00  -8.0812000e+00
  -8.2218000e+00  -8.5257000e+00  -8.4012000e+00  -8.5047000e+00  -7.9515000e+00  -7.8039000e+00
  -8.3539000e+00  -8.7001000e+00  -8.5587000e+00  -8.6898000e+00  -7.6742000e+00  -7.5302000e+00
  -8.3286000e+00  -8.6825000e+00  -8.5309000e+00  -8.6517000e+00  -7.4025000e+00  -7.4570000e+00
  -8.2340000e+00  -8.6540000e+00  -8.4884000e+00  -8.6444000e+00  -7.2686000e+00  -7.4092000e+00
  -7.9692000e+00  -8.3680000e+00  -8.2203000e+00  -8.3697000e+00  -7.4752000e+00  -7.4722000e+00
  -7.9563000e+00  -8.2851000e+00  -8.1386000e+00  -8.2381000e+00  -7.3979000e+00  -7.3242000e+00
  -7.8806000e+00  -8.2732000e+00  -8.1104000e+00  -8.2536000e+00  -7.4327000e+00  -7.3705000e+00
  -7.5915000e+00  -7.9744000e+00  -7.7867000e+00  -7.8986000e+00  -7.5507000e+00  -7.5091000e+00
  -7.2740000e+00  -7.6072000e+00  -7.4490000e+00  -7.5446000e+00  -7.6930000e+00  -7.6333000e+00
  -7.2075000e+00  -7.4730000e+00  -7.3653000e+00  -7.4337000e+00  -7.7217000e+00  -7.6259000e+00
  -7.1228000e+00  -7.3685000e+00  -7.3061000e+00  -7.3968000e+00  -7.4851000e+00  -7.3767000e+00
  -7.0194000e+00  -7.3128000e+00  -7.2427000e+00  -7.3646000e+00  -7.2171000e+00  -7.0996000e+00
  -6.9068000e+00  -7.1653000e+00  -7.0894000e+00  -7.1880000e+00  -7.0780000e+00  -6.9970000e+00
  -7.0906000e+00  -7.1043000e+00  -7.0974000e+00  -7.0778000e+00  -7.1216000e+00  -6.9399000e+00
  -7.2165000e+00  -7.3480000e+00  -7.2880000e+00  -7.2765000e+00  -6.9618000e+00  -6.7054000e+00
  -6.8887000e+00  -7.4082000e+00  -7.2172000e+00  -7.3700000e+00  -6.7621000e+00  -6.4146000e+00
  -6.8292000e+00  -7.4807000e+00  -7.2468000e+00  -7.4562000e+00  -6.7010000e+00  -6.2796000e+00
  -6.6408000e+00  -7.3204000e+00  -7.0673000e+00  -7.2852000e+00  -6.5982000e+00  -6.2691000e+00
  -6.2876000e+00  -7.0964000e+00  -6.8308000e+00  -7.1149000e+00  -6.5596000e+00  -6.2764000e+00
  -6.0940000e+00  -7.0214000e+00  -6.7077000e+00  -7.0514000e+00  -6.3779000e+00  -6.1909000e+00
  -6.0256000e+00  -6.9330000e+00  -6.5769000e+00  -6.9488000e+00  -6.3197000e+00  -6.1748000e+00
  -5.9605000e+00  -6.7398000e+00  -6.4505000e+00  -6.8953000e+00  -6.3134000e+00  -6.3063000e+00
  -6.1118000e+00  -6.6597000e+00  -6.3656000e+00  -6.5923000e+00  -6.3282000e+00  -6.5251000e+00
  -6.1943000e+00  -6.4178000e+00  -6.2949000e+00  -6.3893000e+00  -6.4406000e+00  -6.5335000e+00
  -6.1391000e+00  -6.3918000e+00  -6.2378000e+00  -6.2957000e+00  -6.5566000e+00  -6.3817000e+00
  -6.1431000e+00  -6.2971000e+00  -6.1685000e+00  -6.1836000e+00  -6.3953000e+00  -6.0579000e+00
  -6.2504000e+00  -6.3582000e+00  -6.2536000e+00  -6.2616000e+00  -6.1984000e+00  -5.7049000e+00
  -6.2540000e+00  -6.4045000e+00  -6.3010000e+00  -6.3303000e+00  -5.9920000e+00  -5.4877000e+00
  -6.0352000e+00  -6.2200000e+00  -6.1259000e+00  -6.1794000e+00  -5.7417000e+00  -5.2071000e+00
  -5.8282000e+00  -6.0238000e+00  -5.9160000e+00  -5.9595000e+00  -5.3862000e+00  -4.8436000e+00
  -5.6704000e+00  -5.9841000e+00  -5.8397000e+00  -5.9267000e+00  -4.9121000e+00  -4.4002000e+00
  -5.3209000e+00  -5.7846000e+00  -5.6167000e+00  -5.7562000e+00  -4.4537000e+00  -4.0111000e+00
  -5.1469000e+00  -5.6317000e+00  -5.4373000e+00  -5.5471000e+00  -3.5646000e+00  -3.2617000e+00
  -4.9268000e+00  -5.4912000e+00  -5.2994000e+00  -5.4851000e+00  -2.9773000e+00  -2.7310000e+00
  -4.8253000e+00  -5.4342000e+00  -5.1875000e+00  -5.3418000e+00  -2.9943000e+00  -2.6608000e+00
  -4.8028000e+00  -5.3490000e+00  -5.1186000e+00  -5.2582000e+00  -3.0695000e+00  -2.6641000e+00
  -4.5895000e+00  -5.1386000e+00  -4.8836000e+00  -5.0120000e+00  -2.7874000e+00  -2.5033000e+00
  -4.2162000e+00  -4.7915000e+00  -4.5608000e+00  -4.6846000e+00  -2.3441000e+00  -2.0796000e+00
  -4.0089000e+00  -4.5791000e+00  -4.3412000e+00  -4.4735000e+00  -1.9010000e+00  -1.6504000e+00
  -3.7121000e+00  -4.3318000e+00  -4.0717000e+00  -4.2269000e+00  -1.5906000e+00  -1.3274000e+00
  -3.6757000e+00  -4.2532000e+00  -4.0296000e+00  -4.1939000e+00  -1.2890000e+00  -1.0110000e+00
  -3.7672000e+00  -4.3633000e+00  -4.1042000e+00  -4.2484000e+00  -9.5190000e-01  -6.2520000e-01
  -3.8533000e+00  -4.4817000e+00  -4.2033000e+00  -4.3620000e+00  -6.0920000e-01  -3.0880000e-01
  -3.8710000e+00  -4.5591000e+00  -4.2782000e+00  -4.4796000e+00  -1.5150000e-01   5.0000000e-04
  -3.7534000e+00  -4.5807000e+00  -4.2769000e+00  -4.5441000e+00   2.4440000e-01   3.4210000e-01
  -3.6232000e+00  -4.6226000e+00  -4.2369000e+00  -4.5532000e+00   5.2860000e-01   7.3980000e-01
  -3.4819000e+00  -4.6338000e+00  -4.1776000e+00  -4.5775000e+00   7.1230000e-01   9.9140000e-01
  -3.3143000e+00  -4.5361000e+00  -4.0644000e+00  -4.5418000e+00   7.3460000e-01   1.0326000e+00
  -3.3005000e+00  -4.5006000e+00  -4.0538000e+00  -4.5952000e+00   7.0070000e-01   8.9940000e-01
  -3.3471000e+00  -4.5145000e+00  -4.1031000e+00  -4.6744000e+00   6.5800000e-01   7.6860000e-01
  -3.5513000e+00  -4.8660000e+00  -4.3977000e+00  -5.0150000e+00   7.4570000e-01   5.7100000e-01
  -3.9124000e+00  -5.3408000e+00  -4.8003000e+00  -5.3783000e+00   8.9520000e-01   5.6640000e-01
  -4.1609000e+00  -5.7616000e+00  -5.1505000e+00  -5.6935000e+00   8.9600000e-01   4.7560000e-01
  -4.3844000e+00  -6.1519000e+00  -5.4913000e+00  -6.0093000e+00   1.0489000e+00   4.4540000e-01
  -4.5556000e+00  -6.4508000e+00  -5.7627000e+00  -6.2239000e+00   1.1551000e+00   6.8240000e-01
  -4.7752000e+00  -6.7348000e+00  -6.0386000e+00  -6.4371000e+00   1.1720000e+00   7.5050000e-01
  -5.0547000e+00  -6.9726000e+00  -6.2758000e+00  -6.5708000e+00   2.1001000e+00   6.1510000e-01
  -5.4457000e+00  -7.2245000e+00  -6.5703000e+00  -6.7607000e+00   1.7643000e+00   2.2690000e+00
  -5.9452000e+00  -7.4138000e+00  -6.8010000e+00  -6.8639000e+00  -1.4910000e-01   1.8418000e+00
  -6.3430000e+00  -7.5874000e+00  -6.9537000e+00  -6.9376000e+00  -1.0285000e+00   6.3260000e-01
  -6.5478000e+00  -7.5584000e+00  -6.9279000e+00  -6.8897000e+00  -4.0640000e-01  -4.7100000e-02
  -6.7031000e+00  -7.6281000e+00  -6.9874000e+00  -6.9225000e+00   3.9600000e-02  -5.9980000e-01
  -6.8359000e+00  -7.6261000e+00  -6.9796000e+00  -6.9419000e+00   2.4990000e-01  -1.6122000e+00
  -6.9373000e+00  -7.6667000e+00  -6.9826000e+00  -6.9989000e+00   2.2530000e-01  -2.2812000e+00
  -6.8672000e+00  -7.6005000e+00  -6.9143000e+00  -6.9340000e+00  -7.5620000e-01  -2.4912000e+00
  -6.7476000e+00  -7.4699000e+00  -6.8453000e+00  -6.9731000e+00  -2.1397000e+00  -2.5572000e+00
  -6.7364000e+00  -7.4353000e+00  -6.7918000e+00  -6.7889000e+00  -2.0877000e+00  -2.0270000e+00
  -6.3488000e+00  -7.1430000e+00  -6.7229000e+00  -6.8039000e+00  -1.6672000e+00  -2.6380000e+00
  -6.2154000e+00  -6.7519000e+00  -6.4787000e+00  -6.5376000e+00  -1.2198000e+00  -9.2660000e-01
  -6.5724000e+00  -6.8071000e+00  -6.6535000e+00  -6.5955000e+00  -1.3773000e+00   8.9079000e+00
  -6.4492000e+00  -6.9166000e+00  -6.6804000e+00  -6.6828000e+00  -4.0655000e+00   4.3678000e+00
  -6.0150000e+00  -6.5664000e+00  -6.2879000e+00  -6.3355000e+00  -4.4252000e+00   1.3037000e+00
  -6.2345000e+00  -6.6619000e+00  -6.4948000e+00  -6.5407000e+00  -4.2480000e+00  -2.3738000e+00
  -6.5208000e+00  -7.0480000e+00  -6.8761000e+00  -6.9955000e+00  -4.2920000e+00  -2.7248000e+00
  -6.3144000e+00  -6.9338000e+00  -6.7358000e+00  -6.8804000e+00  -4.0539000e+00  -2.9066000e+00
  -6.1565000e+00  -6.7095000e+00  -6.4559000e+00  -6.5904000e+00  -3.7241000e+00  -3.4059000e+00
  -5.7159000e+00  -6.3434000e+00  -6.0588000e+00  -6.2467000e+00  -4.3800000e+00  -3.8318000e+00
  -6.4972000e+00  -6.7365000e+00  -6.4500000e+00  -6.3777000e+00  -4.3749000e+00  -3.7949000e+00
  -5.4696000e+00  -6.0207000e+00  -5.8066000e+00  -5.9238000e+00  -3.8374000e+00  -4.1356000e+00
  -6.2403000e+00  -6.6006000e+00  -6.4750000e+00  -6.5289000e+00  -3.9866000e+00  -4.3478000e+00
  -5.8860000e+00  -6.2136000e+00  -6.0528000e+00  -6.0906000e+00  -4.3194000e+00  -4.0045000e+00
  -5.9446000e+00  -6.2517000e+00  -5.9884000e+00  -6.0069000e+00  -4.2870000e+00  -4.1255000e+00
  -5.9167000e+00  -6.1985000e+00  -6.1282000e+00  -6.2553000e+00  -4.1155000e+00  -4.5171000e+00
  -5.6279000e+00  -6.0233000e+00  -5.8677000e+00  -5.9696000e+00  -4.5457000e+00  -4.7039000e+00
  -5.6615000e+00  -6.0495000e+00  -5.9422000e+00  -6.0497000e+00  -4.6822000e+00  -5.4115000e+00
  -5.5402000e+00  -5.9632000e+00  -5.7955000e+00  -5.9000000e+00  -4.8549000e+00  -5.9888000e+00
  -5.8846000e+00  -6.2077000e+00  -6.0734000e+00  -6.0507000e+00  -5.3055000e+00  -6.1724000e+00
  -5.9558000e+00  -6.2956000e+00  -6.1994000e+00  -6.2334000e+00  -5.4021000e+00  -6.2479000e+00
  -5.5895000e+00  -6.0812000e+00  -5.9609000e+00  -6.1260000e+00  -5.4404000e+00  -5.9489000e+00
  -5.7025000e+00  -6.0391000e+00  -5.9640000e+00  -6.0304000e+00  -5.6865000e+00  -5.8422000e+00
  -5.9277000e+00  -6.1603000e+00  -6.0804000e+00  -6.0816000e+00  -5.8164000e+00  -5.6802000e+00
  -6.2367000e+00  -6.5781000e+00  -6.4151000e+00  -6.4551000e+00  -5.0453000e+00  -5.3541000e+00
  -6.5064000e+00  -6.8581000e+00  -6.5565000e+00  -6.5398000e+00  -5.0384000e+00  -5.0716000e+00
  -6.6565000e+00  -7.0801000e+00  -6.8463000e+00  -6.8904000e+00  -4.8556000e+00  -4.5245000e+00
  -6.6058000e+00  -7.0467000e+00  -6.9081000e+00  -7.0246000e+00  -4.3602000e+00  -4.2631000e+00
  -5.8679000e+00  -6.3951000e+00  -6.2595000e+00  -6.4159000e+00  -3.9464000e+00  -3.7631000e+00
  -5.1860000e+00  -5.7969000e+00  -5.6281000e+00  -5.8282000e+00  -3.7067000e+00  -3.4848000e+00
  -4.7361000e+00  -5.2995000e+00  -5.1859000e+00  -5.4061000e+00  -3.5391000e+00  -3.2527000e+00
  -4.0285000e+00  -4.3288000e+00  -4.3870000e+00  -4.5711000e+00  -3.1567000e+00  -2.8054000e+00
  -3.9896000e+00  -4.0513000e+00  -4.1005000e+00  -4.1263000e+00  -2.9607000e+00  -2.5173000e+00
  -4.3334000e+00  -4.3930000e+00  -4.3841000e+00  -4.3824000e+00  -2.4356000e+00  -2.2772000e+00
  -4.4133000e+00  -4.5066000e+00  -4.4841000e+00  -4.4882000e+00  -2.0770000e+00  -1.6831000e+00
  -4.4857000e+00  -4.6870000e+00  -4.5775000e+00  -4.5965000e+00  -1.7772000e+00  -1.3712000e+00
  -4.4852000e+00  -4.7365000e+00  -4.6340000e+00  -4.7012000e+00  -1.1129000e+00  -7.2660000e-01
  -4.1954000e+00  -4.5151000e+00  -4.4582000e+00  -4.5708000e+00  -5.3670000e-01  -6.3000000e-03
  -3.6405000e+00  -3.9748000e+00  -3.9476000e+00  -4.0892000e+00   1.1020000e-01   6.6700000e-01
  -3.2041000e+00  -3.5503000e+00  -3.5528000e+00  -3.7324000e+00   8.3540000e-01   1.2781000e+00
  -2.8962000e+00  -3.2249000e+00  -3.2418000e+00  -3.4355000e+00   1.7712000e+00   1.7583000e+00
  -2.7875000e+00  -3.0138000e+00  -3.0390000e+00  -3.1975000e+00   2.4104000e+00   1.9945000e+00
  -2.6403000e+00  -2.8341000e+00  -2.8386000e+00  -2.9507000e+00   2.4301000e+00   1.8469000e+00
  -2.3427000e+00  -2.5997000e+00  -2.5612000e+00  -2.6884000e+00   2.1839000e+00   1.7176000e+00
  -2.0677000e+00  -2.2044000e+00  -2.1752000e+00  -2.2575000e+00   1.8787000e+00   1.8621000e+00
  -1.7965000e+00  -1.8693000e+00  -1.8453000e+00  -1.8547000e+00   1.8415000e+00   2.2335000e+00
  -1.4368000e+00  -1.6499000e+00  -1.5915000e+00  -1.6472000e+00   1.9096000e+00   2.4378000e+00
  -1.1901000e+00  -1.3745000e+00  -1.3357000e+00  -1.4047000e+00   1.9393000e+00   2.2639000e+00
  -1.0133000e+00  -1.1518000e+00  -1.1453000e+00  -1.2002000e+00   2.0095000e+00   2.0046000e+00
  -4.3610000e-01  -6.0090000e-01  -6.2690000e-01  -7.0300000e-01   1.8907000e+00   1.7886000e+00
  -3.7900000e-02  -2.3950000e-01  -2.7040000e-01  -3.9860000e-01   1.6576000e+00   1.6180000e+00
   2.5600000e-02  -1.3390000e-01  -1.9800000e-01  -3.4690000e-01   1.3953000e+00   1.5334000e+00
   1.0010000e-01  -3.0000000e-04  -7.9900000e-02  -2.0550000e-01   1.1047000e+00   1.3800000e+00
   1.8740000e-01   7.0300000e-02   2.8000000e-02  -8.2100000e-02   1.1237000e+00   1.1807000e+00
   1.4880000e-01   3.0400000e-02   2.6600000e-02  -5.9800000e-02   1.2077000e+00   9.7110000e-01
   3.7020000e-01   2.1990000e-01   2.2620000e-01   1.1050000e-01   1.1769000e+00   8.7300000e-01
   6.0950000e-01   5.2340000e-01   4.8760000e-01   3.6700000e-01   1.0753000e+00   8.2850000e-01
   6.8690000e-01   5.8280000e-01   5.8590000e-01   4.8580000e-01   1.0467000e+00   8.2930000e-01
   7.8640000e-01   6.4600000e-01   6.5530000e-01   5.3250000e-01   1.1312000e+00   9.8690000e-01
   8.8740000e-01   8.1540000e-01   7.6740000e-01   6.8950000e-01   1.4956000e+00   1.3791000e+00
   1.2279000e+00   1.0841000e+00   1.1295000e+00   1.0801000e+00   2.1287000e+00   1.9234000e+00
   1.4910000e+00   1.5114000e+00   1.5283000e+00   1.5183000e+00   2.9654000e+00   2.8085000e+00
   1.5521000e+00   1.8555000e+00   1.7105000e+00   1.7779000e+00   3.0671000e+00   2.7985000e+00
   1.5334000e+00   1.8192000e+00   1.6889000e+00   1.7515000e+00   2.8746000e+00   2.5486000e+00
   1.5662000e+00   1.8361000e+00   1.7079000e+00   1.7531000e+00   2.6494000e+00   2.4209000e+00
   1.7379000e+00   1.8922000e+00   1.7868000e+00   1.8183000e+00   3.0256000e+00   2.7548000e+00
   2.0083000e+00   2.0032000e+00   1.9581000e+00   1.9255000e+00   3.2028000e+00   2.9602000e+00
   2.2874000e+00   2.2947000e+00   2.2314000e+00   2.1654000e+00   3.4688000e+00   3.1665000e+00
   2.3819000e+00   2.4597000e+00   2.4034000e+00   2.3739000e+00   3.9752000e+00   3.6607000e+00
   2.3611000e+00   2.4206000e+00   2.3902000e+00   2.3749000e+00   4.3401000e+00   4.0648000e+00
   2.5628000e+00   2.4077000e+00   2.4443000e+00   2.3695000e+00   4.8758000e+00   4.5736000e+00
   2.9285000e+00   2.5499000e+00   2.7078000e+00   2.5898000e+00   5.4336000e+00   5.1381000e+00
   3.3787000e+00   2.9654000e+00   3.1479000e+00   3.0585000e+00   5.7187000e+00   5.4621000e+00
   3.7094000e+00   3.2639000e+00   3.4219000e+00   3.3334000e+00   5.9281000e+00   5.5198000e+00
   4.0630000e+00   3.6679000e+00   3.7929000e+00   3.6812000e+00   6.1741000e+00   5.6282000e+00
   4.1926000e+00   3.9732000e+00   4.1066000e+00   4.1008000e+00   6.3167000e+00   5.8010000e+00
   4.2349000e+00   4.0182000e+00   4.2218000e+00   4.3264000e+00   6.4593000e+00   5.9556000e+00
   4.3146000e+00   3.9878000e+00   4.2602000e+00   4.4274000e+00   6.6743000e+00   6.1715000e+00
   4.3356000e+00   3.9743000e+00   4.2370000e+00   4.4227000e+00   6.9189000e+00   6.4606000e+00
   4.3569000e+00   4.0041000e+00   4.2136000e+00   4.3767000e+00   6.9885000e+00   6.6305000e+00
   4.3304000e+00   3.9731000e+00   4.1273000e+00   4.2526000e+00   6.9143000e+00   6.5604000e+00
   4.3781000e+00   4.0222000e+00   4.1311000e+00   4.2373000e+00   6.7744000e+00   6.3882000e+00
   4.4234000e+00   4.0457000e+00   4.1426000e+00   4.2276000e+00   6.6373000e+00   6.2058000e+00
   4.3664000e+00   4.0251000e+00   4.1150000e+00   4.1921000e+00   6.5142000e+00   6.1070000e+00
   4.1734000e+00   3.8678000e+00   3.9864000e+00   4.0685000e+00   6.3631000e+00   6.1183000e+00
   4.0023000e+00   3.6768000e+00   3.8397000e+00   3.9224000e+00   6.2438000e+00   6.0714000e+00
   4.0093000e+00   3.6668000e+00   3.8449000e+00   3.9159000e+00   6.3131000e+00   5.9936000e+00
   4.0815000e+00   3.7285000e+00   3.9197000e+00   3.9787000e+00   6.2920000e+00   5.9684000e+00
   4.0745000e+00   3.7548000e+00   3.9391000e+00   4.0024000e+00   6.0868000e+00   5.9535000e+00
   4.0621000e+00   3.7428000e+00   3.9329000e+00   3.9910000e+00   5.7522000e+00   5.8055000e+00
   3.9951000e+00   3.6994000e+00   3.9006000e+00   3.9555000e+00   5.3889000e+00   5.6766000e+00
   3.8579000e+00   3.5892000e+00   3.7912000e+00   3.8423000e+00   5.1393000e+00   5.5729000e+00
   3.6396000e+00   3.4358000e+00   3.6106000e+00   3.6846000e+00   5.0451000e+00   5.5677000e+00
   3.2954000e+00   3.1502000e+00   3.2972000e+00   3.4194000e+00   4.7898000e+00   5.4971000e+00
   2.9919000e+00   2.8374000e+00   2.9798000e+00   3.1189000e+00   4.5960000e+00   5.4808000e+00
   2.7093000e+00   2.5334000e+00   2.7187000e+00   2.8988000e+00   4.3823000e+00   5.4704000e+00
   2.3684000e+00   2.1737000e+00   2.4065000e+00   2.6250000e+00   4.2681000e+00   5.3532000e+00
   2.2077000e+00   2.0756000e+00   2.3546000e+00   2.5978000e+00   4.2488000e+00   5.1054000e+00
   2.2415000e+00   2.2654000e+00   2.4727000e+00   2.6288000e+00   4.2540000e+00   4.8142000e+00
   2.2558000e+00   2.4155000e+00   2.1793000e+00   2.0114000e+00   4.1297000e+00   4.3844000e+00
   1.6412000e+00   1.8487000e+00   1.1601000e+00   7.8320000e-01   3.7121000e+00   3.9848000e+00
   1.7570000e-01   3.4160000e-01   2.5210000e-01   4.4100000e-02   3.4404000e+00   3.3285000e+00
   4.3250000e-01   3.1300000e-01  -2.5100000e-02  -5.5780000e-01   3.5704000e+00   3.2630000e+00
   4.5500000e-02  -4.5240000e-01  -5.6780000e-01  -5.3020000e-01   3.3513000e+00   2.9089000e+00
  -4.8820000e-01  -7.0320000e-01  -4.2380000e-01  -7.3800000e-02   3.5524000e+00   2.4936000e+00
  -4.4500000e-02   3.4800000e-02  -1.4240000e-01  -3.3290000e-01   3.4609000e+00   1.9878000e+00
  -1.8950000e-01  -8.6250000e-01  -1.4841000e+00  -2.7518000e+00   3.2962000e+00   1.7922000e+00
  -1.9929000e+00  -3.5826000e+00  -3.5907000e+00  -3.9614000e+00   3.0645000e+00   1.7014000e+00
  -3.6436000e+00  -3.7474000e+00  -3.5589000e+00  -3.6583000e+00   2.3675000e+00   1.0140000e+00
  -3.3314000e+00  -3.3844000e+00  -3.3132000e+00  -3.3299000e+00   2.3884000e+00   8.8000000e-02
  -3.5951000e+00  -3.6721000e+00  -3.3424000e+00  -3.2161000e+00   2.1000000e+00   3.2370000e-01
  -2.8210000e+00  -2.8927000e+00  -2.8305000e+00  -2.8053000e+00   1.8049000e+00   6.3430000e-01
  -2.8473000e+00  -2.9425000e+00  -2.8478000e+00  -2.8200000e+00   2.3280000e+00   1.5884000e+00
  -2.8165000e+00  -2.8840000e+00  -2.7935000e+00  -2.7480000e+00   2.3234000e+00   2.5280000e+00
  -2.8457000e+00  -2.8916000e+00  -2.8362000e+00  -2.7802000e+00   3.0438000e+00   2.8127000e+00
  -2.8695000e+00  -2.9581000e+00  -2.9202000e+00  -2.9114000e+00   4.0192000e+00   3.6493000e+00
  -2.2263000e+00  -2.3693000e+00  -2.3829000e+00  -2.4465000e+00   4.6295000e+00   4.2566000e+00
  -1.8769000e+00  -1.9824000e+00  -1.9564000e+00  -1.9732000e+00   4.7043000e+00   4.5807000e+00
  -1.8603000e+00  -1.9456000e+00  -1.9116000e+00  -1.9055000e+00   4.7128000e+00   5.2411000e+00
  -1.7510000e+00  -1.8243000e+00  -1.7924000e+00  -1.7767000e+00   4.9858000e+00   5.8652000e+00
  -1.6466000e+00  -1.7519000e+00  -1.7303000e+00  -1.7168000e+00   5.2346000e+00   6.3261000e+00
  -1.5320000e+00  -1.6390000e+00  -1.5941000e+00  -1.5551000e+00   5.6677000e+00   6.5757000e+00
  -1.0943000e+00  -1.3881000e+00  -1.4058000e+00  -1.5048000e+00   5.8125000e+00   6.6413000e+00
  -5.6490000e-01  -7.4070000e-01  -7.6740000e-01  -9.1680000e-01   5.8464000e+00   6.4909000e+00
  -3.9520000e-01  -5.0590000e-01  -4.8660000e-01  -4.9840000e-01   5.9948000e+00   6.3949000e+00
  -9.1000000e-03  -2.1210000e-01  -1.6340000e-01  -2.5920000e-01   6.0611000e+00   6.2462000e+00
   5.6190000e-01   4.1470000e-01   4.1220000e-01   3.4200000e-01   6.0805000e+00   6.1515000e+00
   1.1714000e+00   1.0086000e+00   9.5170000e-01   8.5100000e-01   6.0365000e+00   6.2898000e+00
   1.9003000e+00   1.7256000e+00   1.6191000e+00   1.4600000e+00   6.1235000e+00   6.4888000e+00
   2.3812000e+00   2.2768000e+00   2.1869000e+00   2.0665000e+00   6.3453000e+00   6.6731000e+00
   2.9081000e+00   2.8642000e+00   2.8117000e+00   2.7657000e+00   6.6048000e+00   6.8941000e+00
   3.3409000e+00   3.3073000e+00   3.2969000e+00   3.2946000e+00   6.9531000e+00   7.0720000e+00
   3.7299000e+00   3.7217000e+00   3.7365000e+00   3.7713000e+00   7.2297000e+00   7.3329000e+00
   4.1115000e+00   4.0344000e+00   4.0419000e+00   4.0562000e+00   7.3910000e+00   7.5919000e+00
   4.4543000e+00   4.4236000e+00   4.4705000e+00   4.5182000e+00   7.5202000e+00   7.7565000e+00
   4.9599000e+00   4.9273000e+00   4.9387000e+00   4.9556000e+00   7.6509000e+00   7.8459000e+00
   5.3008000e+00   5.3339000e+00   5.3969000e+00   5.4794000e+00   7.6418000e+00   7.9079000e+00
   5.6679000e+00   5.7702000e+00   5.8363000e+00   5.9425000e+00   7.5168000e+00   7.9178000e+00
   5.9703000e+00   6.1069000e+00   6.1485000e+00   6.2662000e+00   7.5115000e+00   7.8911000e+00
   6.2532000e+00   6.3614000e+00   6.3573000e+00   6.4425000e+00   7.4725000e+00   7.7112000e+00
   6.4642000e+00   6.5187000e+00   6.4552000e+00   6.4751000e+00   7.4288000e+00   7.5039000e+00
   6.5481000e+00   6.5606000e+00   6.4873000e+00   6.4706000e+00   7.3374000e+00   7.3432000e+00
   6.5615000e+00   6.5409000e+00   6.4773000e+00   6.4470000e+00   7.1637000e+00   7.1655000e+00
   6.5621000e+00   6.5443000e+00   6.4948000e+00   6.4720000e+00   7.0613000e+00   7.0650000e+00
   6.5814000e+00   6.5750000e+00   6.5543000e+00   6.5634000e+00   7.0265000e+00   6.9279000e+00
   6.5933000e+00   6.6230000e+00   6.6171000e+00   6.6646000e+00   7.0116000e+00   6.7359000e+00
   6.6479000e+00   6.7053000e+00   6.6936000e+00   6.7553000e+00   7.0413000e+00   6.5513000e+00
   6.7104000e+00   6.7791000e+00   6.7769000e+00   6.8469000e+00   7.0881000e+00   6.4650000e+00
   6.8284000e+00   6.8999000e+00   6.8953000e+00   6.9662000e+00   6.9879000e+00   6.4039000e+00
   6.9152000e+00   6.9794000e+00   6.9785000e+00   7.0486000e+00   6.7750000e+00   6.3837000e+00
   7.0189000e+00   7.0647000e+00   7.0643000e+00   7.1225000e+00   6.5503000e+00   6.4666000e+00
   7.0385000e+00   7.0665000e+00   7.0749000e+00   7.1354000e+00   6.3691000e+00   6.5572000e+00
   7.0550000e+00   7.0611000e+00   7.0799000e+00   7.1379000e+00   6.2794000e+00   6.6546000e+00
   7.0849000e+00   7.1131000e+00   7.1212000e+00   7.1768000e+00   6.1844000e+00   6.7664000e+00
   7.1260000e+00   7.2022000e+00   7.2118000e+00   7.2742000e+00   5.9829000e+00   6.6843000e+00
   7.2014000e+00   7.3183000e+00   7.3308000e+00   7.4105000e+00   5.8891000e+00   6.5470000e+00
   7.4332000e+00   7.4803000e+00   7.4792000e+00   7.5350000e+00   6.2725000e+00   6.7860000e+00
   7.4471000e+00   7.6201000e+00   7.6579000e+00   7.7556000e+00   6.0653000e+00   6.6357000e+00
   6.9137000e+00   7.4069000e+00   7.4768000e+00   7.7802000e+00   5.3559000e+00   6.1181000e+00
   6.1408000e+00   6.7260000e+00   6.8153000e+00   7.2614000e+00   4.7728000e+00   5.3630000e+00
   5.9875000e+00   6.2195000e+00   6.3112000e+00   6.6361000e+00   4.8251000e+00   5.2100000e+00
   6.0500000e+00   6.0896000e+00   6.1194000e+00   6.2385000e+00   5.1664000e+00   5.5429000e+00
   5.9962000e+00   6.0194000e+00   6.0533000e+00   6.1179000e+00   5.1925000e+00   5.5001000e+00
   6.1994000e+00   6.0422000e+00   6.0820000e+00   6.0653000e+00   5.2169000e+00   5.4188000e+00
   6.3830000e+00   6.2034000e+00   6.2242000e+00   6.1682000e+00   5.6114000e+00   5.6998000e+00
   6.3511000e+00   6.3023000e+00   6.2755000e+00   6.2588000e+00   5.8414000e+00   6.0619000e+00
   6.2333000e+00   6.1629000e+00   6.1764000e+00   6.1712000e+00   5.9596000e+00   6.1293000e+00
   6.3379000e+00   6.1273000e+00   6.1719000e+00   6.1273000e+00   6.1844000e+00   6.1886000e+00
   6.5308000e+00   6.2804000e+00   6.3232000e+00   6.2218000e+00   6.4314000e+00   6.3944000e+00
   6.5877000e+00   6.3952000e+00   6.4474000e+00   6.3806000e+00   6.5967000e+00   6.6550000e+00
   6.5414000e+00   6.4000000e+00   6.4379000e+00   6.4158000e+00   6.6387000e+00   6.7920000e+00
   6.4967000e+00   6.3595000e+00   6.3506000e+00   6.3175000e+00   6.6327000e+00   6.7752000e+00
   6.4706000e+00   6.3194000e+00   6.2699000e+00   6.2061000e+00   6.6006000e+00   6.7452000e+00
   6.4382000e+00   6.2786000e+00   6.1823000e+00   6.0885000e+00   6.6558000e+00   6.7975000e+00
   6.4137000e+00   6.2245000e+00   6.1139000e+00   5.9971000e+00   6.6984000e+00   6.8741000e+00
   6.3126000e+00   6.1380000e+00   6.0140000e+00   5.9065000e+00   6.7386000e+00   6.9186000e+00
   6.1008000e+00   5.9424000e+00   5.8243000e+00   5.7429000e+00   6.6992000e+00   6.8600000e+00
   5.8916000e+00   5.6228000e+00   5.5929000e+00   5.5290000e+00   6.6480000e+00   6.7781000e+00
   5.7119000e+00   5.3961000e+00   5.3999000e+00   5.3391000e+00   6.6326000e+00   6.7150000e+00
   5.4770000e+00   5.1937000e+00   5.1802000e+00   5.1277000e+00   6.6622000e+00   6.6624000e+00
   5.2924000e+00   5.0097000e+00   5.0462000e+00   5.0356000e+00   6.6291000e+00   6.6549000e+00
   5.1812000e+00   4.8997000e+00   5.0110000e+00   5.0636000e+00   6.6198000e+00   6.6046000e+00
   5.0436000e+00   4.7723000e+00   4.9453000e+00   5.0521000e+00   6.6410000e+00   6.5831000e+00
   5.0220000e+00   4.7401000e+00   5.0033000e+00   5.1552000e+00   6.6371000e+00   6.5969000e+00
   4.9890000e+00   4.7480000e+00   5.0369000e+00   5.2111000e+00   6.5765000e+00   6.6082000e+00
   5.0032000e+00   4.8114000e+00   5.0426000e+00   5.1823000e+00   6.4034000e+00   6.5772000e+00
   4.9831000e+00   4.8271000e+00   5.0254000e+00   5.1375000e+00   6.3377000e+00   6.5439000e+00
   4.9189000e+00   4.8171000e+00   4.9211000e+00   4.9806000e+00   6.3090000e+00   6.5224000e+00
   4.9238000e+00   4.8233000e+00   4.7956000e+00   4.7573000e+00   6.3568000e+00   6.5873000e+00
   4.8700000e+00   4.7857000e+00   4.6030000e+00   4.4990000e+00   6.2930000e+00   6.6087000e+00
   4.5223000e+00   4.4117000e+00   4.2387000e+00   4.1730000e+00   6.2411000e+00   6.6024000e+00
   4.1451000e+00   3.9720000e+00   3.9334000e+00   3.9518000e+00   6.1165000e+00   6.5858000e+00
   3.7174000e+00   3.5556000e+00   3.7190000e+00   3.8353000e+00   5.9754000e+00   6.4540000e+00
   3.5806000e+00   3.4964000e+00   3.6510000e+00   3.7740000e+00   5.7576000e+00   6.2912000e+00
   3.5869000e+00   3.5976000e+00   3.6389000e+00   3.7386000e+00   5.4259000e+00   5.8892000e+00
   3.4308000e+00   3.5573000e+00   3.5856000e+00   3.7376000e+00   4.8731000e+00   5.5818000e+00
   3.1830000e+00   3.4432000e+00   3.5397000e+00   3.7138000e+00   4.2680000e+00   5.2760000e+00
   3.1697000e+00   3.4836000e+00   3.4696000e+00   3.5391000e+00   3.8638000e+00   5.1195000e+00
   3.0899000e+00   3.3824000e+00   3.1020000e+00   3.0188000e+00   3.7139000e+00   4.9763000e+00
   2.8762000e+00   3.0829000e+00   2.6917000e+00   2.4969000e+00   3.7881000e+00   4.9356000e+00
   2.4069000e+00   2.5866000e+00   1.9131000e+00   1.3528000e+00   4.1578000e+00   4.9940000e+00
   1.6027000e+00   1.4192000e+00   1.0986000e+00   9.5120000e-01   4.8711000e+00   5.2881000e+00
   1.5680000e+00   1.2768000e+00   1.5053000e+00   1.6697000e+00   4.7614000e+00   4.9588000e+00
   1.4934000e+00   1.4572000e+00   1.5281000e+00   1.6664000e+00   5.2922000e+00   4.8743000e+00
   2.0027000e+00   1.9746000e+00   2.2141000e+00   2.3409000e+00   5.5875000e+00   4.7803000e+00
   2.1779000e+00   2.3073000e+00   2.1800000e+00   2.2089000e+00   5.8524000e+00   4.5914000e+00
   2.4458000e+00   2.4478000e+00   2.3994000e+00   2.3916000e+00   5.9807000e+00   4.6118000e+00
   2.7244000e+00   2.7349000e+00   2.6857000e+00   2.7375000e+00   6.2043000e+00   4.4487000e+00
   3.2571000e+00   3.1717000e+00   2.8998000e+00   2.6690000e+00   6.1088000e+00   4.3320000e+00
   2.3363000e+00   2.3327000e+00   1.5270000e+00   1.0146000e+00   5.9996000e+00   4.3072000e+00
   9.7430000e-01   9.3800000e-01   6.2880000e-01   4.1640000e-01   5.8453000e+00   4.2729000e+00
   7.3820000e-01   6.8360000e-01   4.6520000e-01   2.6350000e-01   5.6567000e+00   4.3345000e+00
   7.8040000e-01   7.2430000e-01   6.8660000e-01   6.5280000e-01   5.5288000e+00   4.4377000e+00
   1.1396000e+00   1.2291000e+00   1.0695000e+00   1.0487000e+00   5.5722000e+00   4.6592000e+00
   1.2237000e+00   1.3190000e+00   1.1545000e+00   1.1309000e+00   5.6411000e+00   4.8807000e+00
   1.4085000e+00   1.4510000e+00   1.3018000e+00   1.2796000e+00   5.9244000e+00   5.0473000e+00
   1.6899000e+00   1.7816000e+00   1.5804000e+00   1.5359000e+00   6.1403000e+00   5.1646000e+00
   1.8384000e+00   1.9266000e+00   1.7455000e+00   1.7055000e+00   6.3455000e+00   5.1186000e+00
   1.8913000e+00   1.9721000e+00   1.8234000e+00   1.7795000e+00   6.5763000e+00   5.0834000e+00
   2.0164000e+00   2.0422000e+00   1.9340000e+00   1.8936000e+00   6.5013000e+00   5.1794000e+00
   2.2684000e+00   2.2994000e+00   2.1740000e+00   2.1357000e+00   6.4673000e+00   5.3926000e+00
   2.4469000e+00   2.5482000e+00   2.4524000e+00   2.4597000e+00   6.5285000e+00   5.7158000e+00
   2.7016000e+00   2.8057000e+00   2.6908000e+00   2.7023000e+00   6.7420000e+00   5.9741000e+00
   3.0708000e+00   3.1679000e+00   3.0595000e+00   3.0525000e+00   7.0663000e+00   6.3144000e+00
   3.3930000e+00   3.5290000e+00   3.4089000e+00   3.4000000e+00   7.0921000e+00   6.7031000e+00
   3.6891000e+00   3.8209000e+00   3.7085000e+00   3.7059000e+00   7.0151000e+00   6.8503000e+00
   3.8889000e+00   4.0071000e+00   3.8738000e+00   3.8480000e+00   7.1241000e+00   6.9328000e+00
