   1.3349000e+03   1.3372000e+03   1.3350000e+03   1.3354000e+03   1.2757000e+03   1.2643000e+03
   1.3271000e+03   1.3296000e+03   1.3271000e+03   1.3275000e+03   1.2750000e+03   1.2660000e+03
   1.3397000e+03   1.3421000e+03   1.3406000e+03   1.3398000e+03   1.2801000e+03   1.2673000e+03
   1.3704000e+03   1.3721000e+03   1.3713000e+03   1.3706000e+03   1.3367000e+03   1.3273000e+03
   1.3786000e+03   1.3805000e+03   1.3796000e+03   1.3781000e+03   1.3619000e+03   1.3448000e+03
   1.4033000e+03   1.4076000e+03   1.4037000e+03   1.4051000e+03   1.3569000e+03   1.3458000e+03
   1.3819000e+03   1.3865000e+03   1.3838000e+03   1.3856000e+03   1.3278000e+03   1.3159000e+03
   1.4135000e+03   1.4162000e+03   1.4127000e+03   1.4134000e+03   1.3427000e+03   1.3308000e+03
   1.3947000e+03   1.3980000e+03   1.3946000e+03   1.3966000e+03   1.3238000e+03   1.3188000e+03
   1.3986000e+03   1.4026000e+03   1.3997000e+03   1.4020000e+03   1.3343000e+03   1.3209000e+03
   1.4344000e+03   1.4390000e+03   1.4363000e+03   1.4376000e+03   1.3588000e+03   1.3468000e+03
   1.4309000e+03   1.4355000e+03   1.4320000e+03   1.4328000e+03   1.3392000e+03   1.3251000e+03
   1.4158000e+03   1.4213000e+03   1.4183000e+03   1.4200000e+03   1.3133000e+03   1.3021000e+03
   1.4106000e+03   1.4143000e+03   1.4123000e+03   1.4131000e+03   1.3285000e+03   1.3203000e+03
   1.4165000e+03   1.4203000e+03   1.4167000e+03   1.4172000e+03   1.3244000e+03   1.3208000e+03
   1.4426000e+03   1.4463000e+03   1.4431000e+03   1.4446000e+03   1.3526000e+03   1.3466000e+03
   1.4716000e+03   1.4756000e+03   1.4722000e+03   1.4718000e+03   1.3649000e+03   1.3607000e+03
   1.4842000e+03   1.4900000e+03   1.4869000e+03   1.4860000e+03   1.3896000e+03   1.3819000e+03
   1.4858000e+03   1.4888000e+03   1.4884000e+03   1.4883000e+03   1.3950000e+03   1.3848000e+03
   1.4952000e+03   1.4971000e+03   1.4952000e+03   1.4945000e+03   1.4029000e+03   1.3916000e+03
   1.5085000e+03   1.5124000e+03   1.5106000e+03   1.5120000e+03   1.4223000e+03   1.4111000e+03
   1.5276000e+03   1.5297000e+03   1.5290000e+03   1.5299000e+03   1.4333000e+03   1.4200000e+03
   1.5486000e+03   1.5511000e+03   1.5486000e+03   1.5492000e+03   1.4602000e+03   1.4428000e+03
   1.5713000e+03   1.5742000e+03   1.5713000e+03   1.5714000e+03   1.4735000e+03   1.4533000e+03
   1.5902000e+03   1.5928000e+03   1.5896000e+03   1.5901000e+03   1.4798000e+03   1.4569000e+03
   1.5977000e+03   1.5986000e+03   1.5965000e+03   1.5976000e+03   1.4775000e+03   1.4535000e+03
   1.6059000e+03   1.6085000e+03   1.6070000e+03   1.6073000e+03   1.4842000e+03   1.4623000e+03
   1.6189000e+03   1.6221000e+03   1.6179000e+03   1.6206000e+03   1.4942000e+03   1.4767000e+03
   1.6317000e+03   1.6371000e+03   1.6318000e+03   1.6333000e+03   1.5096000e+03   1.4960000e+03
   1.6434000e+03   1.6468000e+03   1.6419000e+03   1.6427000e+03   1.5185000e+03   1.5096000e+03
   1.6526000e+03   1.6573000e+03   1.6531000e+03   1.6533000e+03   1.5245000e+03   1.5164000e+03
   1.6574000e+03   1.6611000e+03   1.6567000e+03   1.6598000e+03   1.5181000e+03   1.5112000e+03
   1.6666000e+03   1.6679000e+03   1.6647000e+03   1.6651000e+03   1.5209000e+03   1.5155000e+03
   1.6748000e+03   1.6785000e+03   1.6744000e+03   1.6762000e+03   1.5241000e+03   1.5192000e+03
   1.6785000e+03   1.6853000e+03   1.6793000e+03   1.6812000e+03   1.5324000e+03   1.5283000e+03
   1.6849000e+03   1.6893000e+03   1.6845000e+03   1.6855000e+03   1.5435000e+03   1.5376000e+03
   1.6955000e+03   1.6954000e+03   1.6945000e+03   1.6945000e+03   1.5554000e+03   1.5487000e+03
   1.7100000e+03   1.7079000e+03   1.7084000e+03   1.7087000e+03   1.5578000e+03   1.5491000e+03
   1.7275000e+03   1.7258000e+03   1.7263000e+03   1.7265000e+03   1.5576000e+03   1.5518000e+03
   1.7125000e+03   1.7134000e+03   1.7107000e+03   1.7107000e+03   1.5353000e+03   1.5337000e+03
   1.6978000e+03   1.6978000e+03   1.6954000e+03   1.6971000e+03   1.5184000e+03   1.5191000e+03
   1.6972000e+03   1.6998000e+03   1.6970000e+03   1.6978000e+03   1.5138000e+03   1.5158000e+03
   1.6966000e+03   1.6975000e+03   1.6960000e+03   1.6958000e+03   1.5107000e+03   1.5120000e+03
   1.6978000e+03   1.7008000e+03   1.6991000e+03   1.7003000e+03   1.5073000e+03   1.5089000e+03
   1.6928000e+03   1.6953000e+03   1.6921000e+03   1.6924000e+03   1.4952000e+03   1.5021000e+03
   1.6814000e+03   1.6846000e+03   1.6811000e+03   1.6829000e+03   1.4908000e+03   1.4948000e+03
   1.6678000e+03   1.6693000e+03   1.6664000e+03   1.6678000e+03   1.4755000e+03   1.4782000e+03
   1.6539000e+03   1.6586000e+03   1.6543000e+03   1.6560000e+03   1.4670000e+03   1.4738000e+03
   1.6473000e+03   1.6514000e+03   1.6482000e+03   1.6489000e+03   1.4627000e+03   1.4720000e+03
   1.6449000e+03   1.6484000e+03   1.6459000e+03   1.6468000e+03   1.4530000e+03   1.4645000e+03
   1.6416000e+03   1.6442000e+03   1.6432000e+03   1.6439000e+03   1.4447000e+03   1.4526000e+03
   1.6361000e+03   1.6429000e+03   1.6372000e+03   1.6388000e+03   1.4343000e+03   1.4374000e+03
   1.6226000e+03   1.6264000e+03   1.6227000e+03   1.6237000e+03   1.4341000e+03   1.4280000e+03
   1.6089000e+03   1.6113000e+03   1.6101000e+03   1.6104000e+03   1.4395000e+03   1.4459000e+03
   1.5976000e+03   1.5999000e+03   1.5974000e+03   1.5979000e+03   1.4537000e+03   1.4572000e+03
   1.5976000e+03   1.5993000e+03   1.5974000e+03   1.5975000e+03   1.4472000e+03   1.4460000e+03
   1.6008000e+03   1.6019000e+03   1.5976000e+03   1.5977000e+03   1.4528000e+03   1.4468000e+03
   1.6075000e+03   1.6068000e+03   1.6048000e+03   1.6038000e+03   1.4761000e+03   1.4668000e+03
   1.6115000e+03   1.6124000e+03   1.6106000e+03   1.6105000e+03   1.5126000e+03   1.5018000e+03
   1.6048000e+03   1.6083000e+03   1.6063000e+03   1.6075000e+03   1.4913000e+03   1.4989000e+03
   1.6011000e+03   1.6056000e+03   1.6031000e+03   1.6034000e+03   1.4828000e+03   1.4847000e+03
   1.6108000e+03   1.6122000e+03   1.6099000e+03   1.6096000e+03   1.4869000e+03   1.4851000e+03
   1.6160000e+03   1.6187000e+03   1.6162000e+03   1.6144000e+03   1.4999000e+03   1.4908000e+03
   1.6403000e+03   1.6422000e+03   1.6371000e+03   1.6361000e+03   1.5271000e+03   1.5101000e+03
   1.6528000e+03   1.6562000e+03   1.6542000e+03   1.6542000e+03   1.5654000e+03   1.5403000e+03
   1.6520000e+03   1.6580000e+03   1.6543000e+03   1.6542000e+03   1.5774000e+03   1.5564000e+03
   1.6538000e+03   1.6547000e+03   1.6544000e+03   1.6558000e+03   1.5829000e+03   1.5783000e+03
   1.6611000e+03   1.6659000e+03   1.6641000e+03   1.6634000e+03   1.5890000e+03   1.5910000e+03
   1.6738000e+03   1.6780000e+03   1.6763000e+03   1.6771000e+03   1.6064000e+03   1.6184000e+03
   1.6899000e+03   1.6872000e+03   1.6864000e+03   1.6844000e+03   1.6152000e+03   1.6282000e+03
   1.6983000e+03   1.7042000e+03   1.7006000e+03   1.6974000e+03   1.6254000e+03   1.6326000e+03
   1.7054000e+03   1.7037000e+03   1.7063000e+03   1.7073000e+03   1.6303000e+03   1.6324000e+03
   1.6860000e+03   1.6949000e+03   1.6904000e+03   1.6960000e+03   1.6214000e+03   1.6218000e+03
   1.6916000e+03   1.6861000e+03   1.6967000e+03   1.7002000e+03   1.6290000e+03   1.6344000e+03
   1.6837000e+03   1.6825000e+03   1.6871000e+03   1.6873000e+03   1.6402000e+03   1.6393000e+03
   1.6779000e+03   1.6767000e+03   1.6771000e+03   1.6802000e+03   1.6518000e+03   1.6471000e+03
   1.6832000e+03   1.6789000e+03   1.6835000e+03   1.6830000e+03   1.6407000e+03   1.6466000e+03
   1.6998000e+03   1.7013000e+03   1.7029000e+03   1.7047000e+03   1.6407000e+03   1.6488000e+03
   1.7022000e+03   1.7024000e+03   1.7063000e+03   1.7045000e+03   1.6508000e+03   1.6599000e+03
   1.7056000e+03   1.7062000e+03   1.7059000e+03   1.7086000e+03   1.6666000e+03   1.6658000e+03
   1.7088000e+03   1.7088000e+03   1.7088000e+03   1.7098000e+03   1.6766000e+03   1.6771000e+03
   1.7104000e+03   1.7141000e+03   1.7109000e+03   1.7116000e+03   1.6805000e+03   1.6780000e+03
   1.7140000e+03   1.7140000e+03   1.7144000e+03   1.7155000e+03   1.6817000e+03   1.6756000e+03
   1.7166000e+03   1.7191000e+03   1.7164000e+03   1.7155000e+03   1.6890000e+03   1.6896000e+03
   1.7174000e+03   1.7186000e+03   1.7166000e+03   1.7154000e+03   1.6970000e+03   1.6925000e+03
   1.7191000e+03   1.7199000e+03   1.7208000e+03   1.7211000e+03   1.7040000e+03   1.6965000e+03
   1.7242000e+03   1.7271000e+03   1.7264000e+03   1.7264000e+03   1.7070000e+03   1.7040000e+03
   1.6936000e+03   1.6978000e+03   1.6950000e+03   1.6948000e+03   1.6735000e+03   1.6709000e+03
   1.6690000e+03   1.6681000e+03   1.6700000e+03   1.6696000e+03   1.6435000e+03   1.6410000e+03
   1.6582000e+03   1.6595000e+03   1.6595000e+03   1.6594000e+03   1.6309000e+03   1.6280000e+03
   1.6561000e+03   1.6566000e+03   1.6574000e+03   1.6586000e+03   1.6198000e+03   1.6187000e+03
   1.6664000e+03   1.6668000e+03   1.6684000e+03   1.6689000e+03   1.6275000e+03   1.6264000e+03
   1.6618000e+03   1.6632000e+03   1.6641000e+03   1.6649000e+03   1.6270000e+03   1.6241000e+03
   1.6480000e+03   1.6504000e+03   1.6513000e+03   1.6519000e+03   1.6212000e+03   1.6177000e+03
   1.6199000e+03   1.6232000e+03   1.6232000e+03   1.6238000e+03   1.5969000e+03   1.5913000e+03
   1.6054000e+03   1.6048000e+03   1.6070000e+03   1.6064000e+03   1.5813000e+03   1.5723000e+03
   1.6028000e+03   1.6032000e+03   1.6036000e+03   1.6034000e+03   1.5785000e+03   1.5730000e+03
   1.6021000e+03   1.6029000e+03   1.6036000e+03   1.6037000e+03   1.5779000e+03   1.5706000e+03
   1.6073000e+03   1.6061000e+03   1.6064000e+03   1.6060000e+03   1.5718000e+03   1.5671000e+03
   1.6083000e+03   1.6137000e+03   1.6107000e+03   1.6116000e+03   1.5694000e+03   1.5626000e+03
   1.5956000e+03   1.5980000e+03   1.5968000e+03   1.5976000e+03   1.5585000e+03   1.5493000e+03
   1.5840000e+03   1.5874000e+03   1.5852000e+03   1.5869000e+03   1.5518000e+03   1.5403000e+03
   1.5699000e+03   1.5732000e+03   1.5710000e+03   1.5718000e+03   1.5491000e+03   1.5340000e+03
   1.5665000e+03   1.5687000e+03   1.5659000e+03   1.5672000e+03   1.5469000e+03   1.5321000e+03
   1.5642000e+03   1.5677000e+03   1.5646000e+03   1.5643000e+03   1.5437000e+03   1.5288000e+03
   1.5559000e+03   1.5567000e+03   1.5557000e+03   1.5567000e+03   1.5417000e+03   1.5293000e+03
   1.5484000e+03   1.5510000e+03   1.5482000e+03   1.5480000e+03   1.5335000e+03   1.5236000e+03
   1.5378000e+03   1.5412000e+03   1.5383000e+03   1.5389000e+03   1.5248000e+03   1.5157000e+03
   1.5322000e+03   1.5371000e+03   1.5343000e+03   1.5333000e+03   1.5205000e+03   1.5112000e+03
   1.5292000e+03   1.5320000e+03   1.5297000e+03   1.5300000e+03   1.5237000e+03   1.5133000e+03
   1.5281000e+03   1.5313000e+03   1.5272000e+03   1.5275000e+03   1.5257000e+03   1.5178000e+03
   1.5609000e+03   1.5657000e+03   1.5599000e+03   1.5595000e+03   1.5621000e+03   1.5505000e+03
   1.5933000e+03   1.5952000e+03   1.5920000e+03   1.5909000e+03   1.5890000e+03   1.5808000e+03
   1.6005000e+03   1.6021000e+03   1.5997000e+03   1.5994000e+03   1.5999000e+03   1.5907000e+03
   1.6021000e+03   1.6039000e+03   1.6011000e+03   1.5998000e+03   1.6023000e+03   1.5924000e+03
   1.5904000e+03   1.5924000e+03   1.5899000e+03   1.5896000e+03   1.5935000e+03   1.5856000e+03
   1.5984000e+03   1.5986000e+03   1.5974000e+03   1.5978000e+03   1.6001000e+03   1.5915000e+03
   1.6179000e+03   1.6162000e+03   1.6147000e+03   1.6140000e+03   1.6083000e+03   1.6018000e+03
   1.6440000e+03   1.6440000e+03   1.6405000e+03   1.6385000e+03   1.6286000e+03   1.6230000e+03
   1.6642000e+03   1.6661000e+03   1.6645000e+03   1.6641000e+03   1.6414000e+03   1.6363000e+03
   1.6696000e+03   1.6716000e+03   1.6682000e+03   1.6686000e+03   1.6380000e+03   1.6342000e+03
   1.6705000e+03   1.6728000e+03   1.6705000e+03   1.6714000e+03   1.6356000e+03   1.6298000e+03
   1.6707000e+03   1.6737000e+03   1.6733000e+03   1.6760000e+03   1.6354000e+03   1.6298000e+03
   1.6651000e+03   1.6662000e+03   1.6659000e+03   1.6679000e+03   1.6382000e+03   1.6314000e+03
   1.6734000e+03   1.6727000e+03   1.6731000e+03   1.6726000e+03   1.6403000e+03   1.6325000e+03
   1.6806000e+03   1.6805000e+03   1.6802000e+03   1.6793000e+03   1.6394000e+03   1.6307000e+03
   1.6826000e+03   1.6831000e+03   1.6824000e+03   1.6832000e+03   1.6344000e+03   1.6261000e+03
   1.6773000e+03   1.6777000e+03   1.6767000e+03   1.6773000e+03   1.6248000e+03   1.6165000e+03
   1.6706000e+03   1.6719000e+03   1.6700000e+03   1.6709000e+03   1.6164000e+03   1.6083000e+03
   1.6740000e+03   1.6750000e+03   1.6731000e+03   1.6742000e+03   1.6077000e+03   1.6009000e+03
   1.6726000e+03   1.6733000e+03   1.6712000e+03   1.6726000e+03   1.6028000e+03   1.5969000e+03
   1.6752000e+03   1.6753000e+03   1.6739000e+03   1.6749000e+03   1.6017000e+03   1.5966000e+03
   1.6756000e+03   1.6756000e+03   1.6735000e+03   1.6739000e+03   1.5953000e+03   1.5927000e+03
   1.6751000e+03   1.6757000e+03   1.6726000e+03   1.6729000e+03   1.5822000e+03   1.5820000e+03
   1.6755000e+03   1.6764000e+03   1.6734000e+03   1.6751000e+03   1.5667000e+03   1.5661000e+03
   1.6447000e+03   1.6466000e+03   1.6434000e+03   1.6456000e+03   1.5285000e+03   1.5270000e+03
   1.6145000e+03   1.6172000e+03   1.6137000e+03   1.6162000e+03   1.4925000e+03   1.4906000e+03
   1.6022000e+03   1.6058000e+03   1.6000000e+03   1.6018000e+03   1.4705000e+03   1.4667000e+03
   1.5924000e+03   1.5957000e+03   1.5918000e+03   1.5938000e+03   1.4553000e+03   1.4540000e+03
   1.5885000e+03   1.5906000e+03   1.5884000e+03   1.5912000e+03   1.4430000e+03   1.4433000e+03
   1.5705000e+03   1.5754000e+03   1.5708000e+03   1.5735000e+03   1.4266000e+03   1.4240000e+03
   1.5542000e+03   1.5574000e+03   1.5537000e+03   1.5556000e+03   1.4027000e+03   1.4034000e+03
   1.5287000e+03   1.5315000e+03   1.5284000e+03   1.5300000e+03   1.3700000e+03   1.3682000e+03
   1.5023000e+03   1.5058000e+03   1.5026000e+03   1.5043000e+03   1.3456000e+03   1.3428000e+03
   1.4900000e+03   1.4941000e+03   1.4893000e+03   1.4907000e+03   1.3350000e+03   1.3317000e+03
   1.4811000e+03   1.4846000e+03   1.4811000e+03   1.4831000e+03   1.3293000e+03   1.3252000e+03
   1.4632000e+03   1.4668000e+03   1.4630000e+03   1.4647000e+03   1.3183000e+03   1.3085000e+03
   1.4526000e+03   1.4556000e+03   1.4509000e+03   1.4525000e+03   1.2928000e+03   1.2860000e+03
   1.4345000e+03   1.4384000e+03   1.4340000e+03   1.4356000e+03   1.2693000e+03   1.2603000e+03
   1.4062000e+03   1.4126000e+03   1.4082000e+03   1.4099000e+03   1.2471000e+03   1.2413000e+03
   1.3955000e+03   1.3964000e+03   1.3945000e+03   1.3947000e+03   1.2300000e+03   1.2259000e+03
   1.3939000e+03   1.3973000e+03   1.3928000e+03   1.3953000e+03   1.2202000e+03   1.2209000e+03
   1.3787000e+03   1.3799000e+03   1.3783000e+03   1.3805000e+03   1.2152000e+03   1.2075000e+03
   1.3693000e+03   1.3716000e+03   1.3701000e+03   1.3729000e+03   1.1946000e+03   1.1923000e+03
   1.3401000e+03   1.3455000e+03   1.3410000e+03   1.3422000e+03   1.1850000e+03   1.1801000e+03
   1.3248000e+03   1.3290000e+03   1.3267000e+03   1.3285000e+03   1.1641000e+03   1.1693000e+03
   1.3182000e+03   1.3213000e+03   1.3184000e+03   1.3205000e+03   1.1599000e+03   1.1613000e+03
   1.3178000e+03   1.3190000e+03   1.3177000e+03   1.3192000e+03   1.1607000e+03   1.1623000e+03
   1.3179000e+03   1.3200000e+03   1.3183000e+03   1.3198000e+03   1.1644000e+03   1.1680000e+03
   1.3612000e+03   1.3608000e+03   1.3596000e+03   1.3587000e+03   1.1982000e+03   1.1989000e+03
   1.3968000e+03   1.3963000e+03   1.3940000e+03   1.3921000e+03   1.2294000e+03   1.2306000e+03
   1.3988000e+03   1.4029000e+03   1.3994000e+03   1.3991000e+03   1.2514000e+03   1.2498000e+03
   1.3978000e+03   1.4012000e+03   1.3988000e+03   1.3995000e+03   1.2694000e+03   1.2659000e+03
   1.3919000e+03   1.3965000e+03   1.3933000e+03   1.3941000e+03   1.2777000e+03   1.2704000e+03
   1.4015000e+03   1.4023000e+03   1.4005000e+03   1.4012000e+03   1.2913000e+03   1.2864000e+03
   1.4163000e+03   1.4175000e+03   1.4158000e+03   1.4173000e+03   1.3036000e+03   1.3041000e+03
   1.4302000e+03   1.4335000e+03   1.4311000e+03   1.4338000e+03   1.3310000e+03   1.3302000e+03
   1.4291000e+03   1.4323000e+03   1.4299000e+03   1.4306000e+03   1.3426000e+03   1.3380000e+03
   1.4315000e+03   1.4343000e+03   1.4319000e+03   1.4313000e+03   1.3444000e+03   1.3407000e+03
   1.4297000e+03   1.4335000e+03   1.4317000e+03   1.4325000e+03   1.3444000e+03   1.3420000e+03
   1.4282000e+03   1.4314000e+03   1.4295000e+03   1.4302000e+03   1.3483000e+03   1.3462000e+03
   1.4175000e+03   1.4219000e+03   1.4207000e+03   1.4211000e+03   1.3452000e+03   1.3400000e+03
   1.4149000e+03   1.4171000e+03   1.4160000e+03   1.4167000e+03   1.3435000e+03   1.3427000e+03
   1.4188000e+03   1.4196000e+03   1.4183000e+03   1.4173000e+03   1.3518000e+03   1.3485000e+03
   1.4312000e+03   1.4316000e+03   1.4308000e+03   1.4299000e+03   1.3607000e+03   1.3627000e+03
   1.4348000e+03   1.4354000e+03   1.4337000e+03   1.4340000e+03   1.3791000e+03   1.3792000e+03
   1.4399000e+03   1.4418000e+03   1.4403000e+03   1.4406000e+03   1.3900000e+03   1.3894000e+03
   1.4452000e+03   1.4471000e+03   1.4460000e+03   1.4455000e+03   1.3976000e+03   1.3962000e+03
   1.4349000e+03   1.4364000e+03   1.4360000e+03   1.4361000e+03   1.4013000e+03   1.3946000e+03
   1.4418000e+03   1.4438000e+03   1.4432000e+03   1.4428000e+03   1.4052000e+03   1.3991000e+03
   1.4435000e+03   1.4447000e+03   1.4444000e+03   1.4449000e+03   1.4091000e+03   1.4080000e+03
   1.4407000e+03   1.4409000e+03   1.4408000e+03   1.4401000e+03   1.4075000e+03   1.4100000e+03
   1.4476000e+03   1.4475000e+03   1.4470000e+03   1.4479000e+03   1.4083000e+03   1.4060000e+03
   1.4093000e+03   1.4108000e+03   1.4101000e+03   1.4112000e+03   1.3704000e+03   1.3663000e+03
   1.3668000e+03   1.3679000e+03   1.3682000e+03   1.3693000e+03   1.3331000e+03   1.3272000e+03
   1.3507000e+03   1.3522000e+03   1.3514000e+03   1.3513000e+03   1.3124000e+03   1.3052000e+03
   1.3439000e+03   1.3453000e+03   1.3442000e+03   1.3442000e+03   1.3002000e+03   1.2943000e+03
   1.3515000e+03   1.3523000e+03   1.3519000e+03   1.3520000e+03   1.3055000e+03   1.3033000e+03
   1.3455000e+03   1.3459000e+03   1.3459000e+03   1.3461000e+03   1.2992000e+03   1.2980000e+03
   1.3258000e+03   1.3275000e+03   1.3281000e+03   1.3284000e+03   1.2820000e+03   1.2823000e+03
   1.3002000e+03   1.3003000e+03   1.3019000e+03   1.3026000e+03   1.2516000e+03   1.2537000e+03
   1.2786000e+03   1.2787000e+03   1.2796000e+03   1.2799000e+03   1.2322000e+03   1.2330000e+03
   1.2805000e+03   1.2805000e+03   1.2819000e+03   1.2823000e+03   1.2270000e+03   1.2312000e+03
   1.2793000e+03   1.2841000e+03   1.2822000e+03   1.2835000e+03   1.2285000e+03   1.2266000e+03
   1.2785000e+03   1.2814000e+03   1.2812000e+03   1.2825000e+03   1.2206000e+03   1.2186000e+03
   1.2953000e+03   1.2988000e+03   1.2975000e+03   1.2984000e+03   1.2271000e+03   1.2259000e+03
   1.2934000e+03   1.2957000e+03   1.2957000e+03   1.2944000e+03   1.2239000e+03   1.2259000e+03
   1.2862000e+03   1.2877000e+03   1.2869000e+03   1.2879000e+03   1.2155000e+03   1.2175000e+03
   1.2794000e+03   1.2814000e+03   1.2813000e+03   1.2825000e+03   1.2065000e+03   1.2083000e+03
   1.2689000e+03   1.2727000e+03   1.2711000e+03   1.2721000e+03   1.1996000e+03   1.1998000e+03
   1.2651000e+03   1.2675000e+03   1.2670000e+03   1.2679000e+03   1.1980000e+03   1.1959000e+03
   1.2620000e+03   1.2650000e+03   1.2640000e+03   1.2641000e+03   1.1956000e+03   1.1962000e+03
   1.2632000e+03   1.2661000e+03   1.2654000e+03   1.2659000e+03   1.1959000e+03   1.1943000e+03
   1.2565000e+03   1.2569000e+03   1.2578000e+03   1.2595000e+03   1.1878000e+03   1.1863000e+03
   1.2482000e+03   1.2496000e+03   1.2503000e+03   1.2526000e+03   1.1793000e+03   1.1786000e+03
   1.2430000e+03   1.2450000e+03   1.2434000e+03   1.2438000e+03   1.1792000e+03   1.1789000e+03
   1.2396000e+03   1.2417000e+03   1.2423000e+03   1.2425000e+03   1.1815000e+03   1.1809000e+03
   1.2721000e+03   1.2736000e+03   1.2725000e+03   1.2734000e+03   1.2109000e+03   1.2116000e+03
   1.3048000e+03   1.3080000e+03   1.3069000e+03   1.3062000e+03   1.2405000e+03   1.2419000e+03
   1.3143000e+03   1.3186000e+03   1.3178000e+03   1.3173000e+03   1.2516000e+03   1.2515000e+03
   1.3073000e+03   1.3119000e+03   1.3098000e+03   1.3122000e+03   1.2567000e+03   1.2538000e+03
   1.2909000e+03   1.2925000e+03   1.2917000e+03   1.2914000e+03   1.2513000e+03   1.2504000e+03
   1.2980000e+03   1.2988000e+03   1.2967000e+03   1.2967000e+03   1.2555000e+03   1.2557000e+03
   1.3073000e+03   1.3105000e+03   1.3084000e+03   1.3091000e+03   1.2634000e+03   1.2641000e+03
   1.3244000e+03   1.3245000e+03   1.3264000e+03   1.3261000e+03   1.2837000e+03   1.2847000e+03
   1.3404000e+03   1.3439000e+03   1.3432000e+03   1.3446000e+03   1.2971000e+03   1.2961000e+03
   1.3440000e+03   1.3462000e+03   1.3471000e+03   1.3506000e+03   1.2953000e+03   1.2927000e+03
   1.3513000e+03   1.3533000e+03   1.3526000e+03   1.3543000e+03   1.2890000e+03   1.2899000e+03
   1.3662000e+03   1.3671000e+03   1.3652000e+03   1.3653000e+03   1.2846000e+03   1.2886000e+03
   1.3614000e+03   1.3609000e+03   1.3605000e+03   1.3612000e+03   1.2676000e+03   1.2723000e+03
   1.3615000e+03   1.3625000e+03   1.3612000e+03   1.3626000e+03   1.2568000e+03   1.2605000e+03
   1.3666000e+03   1.3688000e+03   1.3674000e+03   1.3698000e+03   1.2556000e+03   1.2579000e+03
   1.3655000e+03   1.3698000e+03   1.3666000e+03   1.3698000e+03   1.2453000e+03   1.2497000e+03
   1.3637000e+03   1.3701000e+03   1.3662000e+03   1.3702000e+03   1.2403000e+03   1.2411000e+03
   1.3533000e+03   1.3616000e+03   1.3576000e+03   1.3621000e+03   1.2279000e+03   1.2289000e+03
   1.3469000e+03   1.3539000e+03   1.3502000e+03   1.3529000e+03   1.2153000e+03   1.2162000e+03
   1.3332000e+03   1.3402000e+03   1.3344000e+03   1.3394000e+03   1.2006000e+03   1.2003000e+03
   1.3289000e+03   1.3362000e+03   1.3307000e+03   1.3355000e+03   1.1889000e+03   1.1878000e+03
   1.3245000e+03   1.3339000e+03   1.3274000e+03   1.3324000e+03   1.1810000e+03   1.1789000e+03
   1.3192000e+03   1.3258000e+03   1.3216000e+03   1.3250000e+03   1.1687000e+03   1.1668000e+03
   1.3102000e+03   1.3151000e+03   1.3125000e+03   1.3174000e+03   1.1550000e+03   1.1523000e+03
   1.2805000e+03   1.2853000e+03   1.2820000e+03   1.2868000e+03   1.1203000e+03   1.1163000e+03
   1.2497000e+03   1.2524000e+03   1.2491000e+03   1.2532000e+03   1.0807000e+03   1.0761000e+03
   1.2285000e+03   1.2335000e+03   1.2301000e+03   1.2335000e+03   1.0555000e+03   1.0527000e+03
   1.2085000e+03   1.2160000e+03   1.2106000e+03   1.2157000e+03   1.0312000e+03   1.0292000e+03
   1.1978000e+03   1.2045000e+03   1.2013000e+03   1.2056000e+03   1.0185000e+03   1.0148000e+03
   1.1786000e+03   1.1862000e+03   1.1803000e+03   1.1845000e+03   9.9446000e+02   9.8928000e+02
   1.1575000e+03   1.1628000e+03   1.1595000e+03   1.1632000e+03   9.7155000e+02   9.6188000e+02
   1.1297000e+03   1.1318000e+03   1.1304000e+03   1.1335000e+03   9.3259000e+02   9.2344000e+02
   1.1017000e+03   1.1049000e+03   1.1022000e+03   1.1049000e+03   8.9982000e+02   8.9290000e+02
   1.0821000e+03   1.0883000e+03   1.0848000e+03   1.0884000e+03   8.7483000e+02   8.7176000e+02
   1.0693000e+03   1.0744000e+03   1.0698000e+03   1.0722000e+03   8.5989000e+02   8.5258000e+02
   1.0605000e+03   1.0638000e+03   1.0605000e+03   1.0633000e+03   8.3771000e+02   8.2836000e+02
   1.0537000e+03   1.0579000e+03   1.0550000e+03   1.0560000e+03   8.2080000e+02   8.0894000e+02
   1.0344000e+03   1.0396000e+03   1.0355000e+03   1.0383000e+03   8.0079000e+02   7.9157000e+02
   1.0175000e+03   1.0220000e+03   1.0195000e+03   1.0237000e+03   7.8345000e+02   7.7787000e+02
   9.9741000e+02   1.0014000e+03   9.9847000e+02   1.0014000e+03   7.6740000e+02   7.6618000e+02
   9.8201000e+02   9.8641000e+02   9.8370000e+02   9.8684000e+02   7.4708000e+02   7.5128000e+02
   9.7652000e+02   9.8065000e+02   9.7601000e+02   9.7917000e+02   7.3394000e+02   7.3540000e+02
   9.5977000e+02   9.6295000e+02   9.5915000e+02   9.6164000e+02   7.3050000e+02   7.2992000e+02
   9.5140000e+02   9.5363000e+02   9.5267000e+02   9.5456000e+02   7.1686000e+02   7.2076000e+02
   9.4160000e+02   9.4553000e+02   9.4292000e+02   9.4494000e+02   7.1415000e+02   7.1884000e+02
   9.3242000e+02   9.3576000e+02   9.3361000e+02   9.3501000e+02   7.1680000e+02   7.1415000e+02
   9.3462000e+02   9.3929000e+02   9.3579000e+02   9.3875000e+02   7.1450000e+02   7.1975000e+02
   9.4175000e+02   9.4470000e+02   9.4138000e+02   9.4251000e+02   7.2198000e+02   7.2390000e+02
   9.6232000e+02   9.6812000e+02   9.6369000e+02   9.6634000e+02   7.4398000e+02   7.4546000e+02
   9.8759000e+02   9.9207000e+02   9.8887000e+02   9.8937000e+02   7.7266000e+02   7.7080000e+02
   1.0150000e+03   1.0158000e+03   1.0148000e+03   1.0156000e+03   7.8023000e+02   7.8551000e+02
   1.0169000e+03   1.0189000e+03   1.0182000e+03   1.0196000e+03   7.9361000e+02   8.0167000e+02
   1.0170000e+03   1.0197000e+03   1.0175000e+03   1.0187000e+03   7.9670000e+02   8.0215000e+02
   1.0172000e+03   1.0204000e+03   1.0185000e+03   1.0197000e+03   8.0849000e+02   8.1506000e+02
   1.0180000e+03   1.0191000e+03   1.0191000e+03   1.0198000e+03   8.2384000e+02   8.3054000e+02
   1.0322000e+03   1.0350000e+03   1.0352000e+03   1.0366000e+03   8.6001000e+02   8.6611000e+02
   1.0481000e+03   1.0502000e+03   1.0503000e+03   1.0519000e+03   8.8189000e+02   8.8426000e+02
   1.0464000e+03   1.0477000e+03   1.0484000e+03   1.0493000e+03   8.8631000e+02   8.9543000e+02
   1.0561000e+03   1.0586000e+03   1.0587000e+03   1.0603000e+03   9.0539000e+02   9.0499000e+02
   1.0606000e+03   1.0644000e+03   1.0629000e+03   1.0643000e+03   9.1821000e+02   9.1925000e+02
   1.0504000e+03   1.0523000e+03   1.0513000e+03   1.0516000e+03   9.2427000e+02   9.2506000e+02
   1.0535000e+03   1.0557000e+03   1.0557000e+03   1.0552000e+03   9.3728000e+02   9.3297000e+02
   1.0694000e+03   1.0721000e+03   1.0702000e+03   1.0724000e+03   9.4393000e+02   9.4315000e+02
   1.0712000e+03   1.0714000e+03   1.0720000e+03   1.0738000e+03   9.5272000e+02   9.5141000e+02
   1.0800000e+03   1.0809000e+03   1.0803000e+03   1.0821000e+03   9.6567000e+02   9.6358000e+02
   1.0740000e+03   1.0784000e+03   1.0726000e+03   1.0731000e+03   9.8051000e+02   9.7501000e+02
   1.0701000e+03   1.0722000e+03   1.0704000e+03   1.0710000e+03   9.8352000e+02   9.8042000e+02
   1.0630000e+03   1.0638000e+03   1.0649000e+03   1.0670000e+03   9.8620000e+02   9.8418000e+02
   1.0765000e+03   1.0778000e+03   1.0750000e+03   1.0748000e+03   9.8553000e+02   9.8466000e+02
   1.0813000e+03   1.0838000e+03   1.0834000e+03   1.0830000e+03   9.9182000e+02   9.8498000e+02
   1.0843000e+03   1.0858000e+03   1.0853000e+03   1.0869000e+03   9.8327000e+02   9.8253000e+02
   1.0781000e+03   1.0822000e+03   1.0801000e+03   1.0810000e+03   9.7975000e+02   9.8164000e+02
   1.0308000e+03   1.0350000e+03   1.0331000e+03   1.0344000e+03   9.5434000e+02   9.5955000e+02
   9.9163000e+02   9.9625000e+02   9.9404000e+02   9.9582000e+02   9.2070000e+02   9.1700000e+02
   9.8007000e+02   9.8697000e+02   9.8290000e+02   9.8343000e+02   9.0305000e+02   8.9056000e+02
   9.6874000e+02   9.7197000e+02   9.7135000e+02   9.7166000e+02   8.9923000e+02   8.8465000e+02
   9.7394000e+02   9.7741000e+02   9.7528000e+02   9.7674000e+02   9.1474000e+02   9.0188000e+02
   9.6232000e+02   9.6426000e+02   9.6298000e+02   9.6231000e+02   9.1231000e+02   8.9836000e+02
   9.3915000e+02   9.4171000e+02   9.3896000e+02   9.4008000e+02   8.9689000e+02   8.9140000e+02
   9.0425000e+02   9.0649000e+02   9.0604000e+02   9.0604000e+02   8.6411000e+02   8.5281000e+02
   8.8654000e+02   8.8828000e+02   8.8976000e+02   8.9159000e+02   8.3387000e+02   8.2905000e+02
   8.8800000e+02   8.8826000e+02   8.8794000e+02   8.8770000e+02   8.6166000e+02   8.5033000e+02
   8.9341000e+02   8.9236000e+02   8.9271000e+02   8.9198000e+02   8.3961000e+02   8.3168000e+02
   8.8585000e+02   8.8986000e+02   8.8741000e+02   8.8831000e+02   8.2382000e+02   8.2364000e+02
   8.8318000e+02   8.9008000e+02   8.8762000e+02   8.9057000e+02   8.6082000e+02   8.4482000e+02
   8.7508000e+02   8.8245000e+02   8.7749000e+02   8.8059000e+02   8.7450000e+02   8.8489000e+02
   8.5086000e+02   8.5497000e+02   8.5161000e+02   8.5009000e+02   8.3719000e+02   8.2473000e+02
   8.6234000e+02   8.5854000e+02   8.5538000e+02   8.5238000e+02   8.4852000e+02   8.2960000e+02
   8.3777000e+02   8.4338000e+02   8.4133000e+02   8.4411000e+02   8.1205000e+02   8.2216000e+02
   8.4745000e+02   8.4927000e+02   8.4557000e+02   8.4533000e+02   7.9832000e+02   8.0574000e+02
   8.5715000e+02   8.5844000e+02   8.5634000e+02   8.5561000e+02   8.0233000e+02   7.9473000e+02
   8.3711000e+02   8.3518000e+02   8.4036000e+02   8.4251000e+02   8.0137000e+02   7.8062000e+02
   8.7191000e+02   8.8285000e+02   8.6857000e+02   8.6411000e+02   8.1022000e+02   7.8923000e+02
   8.6733000e+02   8.7102000e+02   8.7233000e+02   8.7736000e+02   8.2099000e+02   7.9559000e+02
   8.5608000e+02   8.6004000e+02   8.5634000e+02   8.5802000e+02   8.3034000e+02   8.1381000e+02
   8.5859000e+02   8.6336000e+02   8.6195000e+02   8.6540000e+02   8.4320000e+02   8.3117000e+02
   8.7434000e+02   8.7126000e+02   8.6945000e+02   8.6708000e+02   8.7432000e+02   8.6246000e+02
   8.9730000e+02   9.0418000e+02   9.0151000e+02   9.0324000e+02   8.9044000e+02   8.8516000e+02
   8.8350000e+02   8.8599000e+02   8.8254000e+02   8.8137000e+02   8.9951000e+02   8.9619000e+02
   9.1459000e+02   9.1521000e+02   9.1573000e+02   9.1559000e+02   9.0649000e+02   9.0250000e+02
   9.2068000e+02   9.2457000e+02   9.2563000e+02   9.2935000e+02   9.0769000e+02   9.0340000e+02
   9.0474000e+02   9.1360000e+02   9.0639000e+02   9.0729000e+02   9.1628000e+02   9.1059000e+02
   9.0949000e+02   9.0972000e+02   9.0524000e+02   9.0274000e+02   9.2759000e+02   9.2198000e+02
   9.2856000e+02   9.3131000e+02   9.2690000e+02   9.2323000e+02   9.4957000e+02   9.4509000e+02
   9.4866000e+02   9.4734000e+02   9.4507000e+02   9.4341000e+02   9.7233000e+02   9.6711000e+02
   9.5629000e+02   9.5742000e+02   9.5482000e+02   9.5519000e+02   9.8711000e+02   9.7838000e+02
   9.6938000e+02   9.6859000e+02   9.6604000e+02   9.6556000e+02   9.9838000e+02   9.8782000e+02
   9.9614000e+02   9.9458000e+02   9.9001000e+02   9.8913000e+02   1.0028000e+03   9.9453000e+02
   9.9755000e+02   9.9694000e+02   9.9401000e+02   9.9499000e+02   9.9930000e+02   9.9345000e+02
   9.9649000e+02   9.9873000e+02   9.9522000e+02   9.9566000e+02   9.9317000e+02   9.9126000e+02
   1.0081000e+03   1.0092000e+03   1.0054000e+03   1.0049000e+03   9.9719000e+02   9.9584000e+02
   1.0225000e+03   1.0233000e+03   1.0213000e+03   1.0223000e+03   1.0003000e+03   9.9625000e+02
   1.0328000e+03   1.0338000e+03   1.0308000e+03   1.0319000e+03   1.0041000e+03   9.9912000e+02
   1.0396000e+03   1.0397000e+03   1.0361000e+03   1.0359000e+03   1.0045000e+03   9.9831000e+02
   1.0471000e+03   1.0489000e+03   1.0447000e+03   1.0447000e+03   1.0002000e+03   9.9502000e+02
   1.0463000e+03   1.0458000e+03   1.0429000e+03   1.0433000e+03   9.9245000e+02   9.8830000e+02
   1.0524000e+03   1.0513000e+03   1.0484000e+03   1.0487000e+03   9.9286000e+02   9.8805000e+02
   1.0636000e+03   1.0635000e+03   1.0603000e+03   1.0608000e+03   9.9648000e+02   9.9405000e+02
   1.0687000e+03   1.0686000e+03   1.0650000e+03   1.0669000e+03   9.9470000e+02   9.9219000e+02
   1.0749000e+03   1.0741000e+03   1.0715000e+03   1.0727000e+03   9.9073000e+02   9.8677000e+02
   1.0603000e+03   1.0586000e+03   1.0561000e+03   1.0575000e+03   9.6410000e+02   9.5984000e+02
   1.0372000e+03   1.0373000e+03   1.0350000e+03   1.0366000e+03   9.3569000e+02   9.3255000e+02
   1.0269000e+03   1.0270000e+03   1.0249000e+03   1.0254000e+03   9.1703000e+02   9.1377000e+02
   1.0226000e+03   1.0232000e+03   1.0206000e+03   1.0219000e+03   9.0752000e+02   9.0067000e+02
   1.0248000e+03   1.0255000e+03   1.0234000e+03   1.0253000e+03   8.9536000e+02   8.9142000e+02
   1.0184000e+03   1.0201000e+03   1.0169000e+03   1.0188000e+03   8.8387000e+02   8.8165000e+02
   1.0028000e+03   1.0029000e+03   1.0020000e+03   1.0040000e+03   8.7440000e+02   8.6818000e+02
   9.8368000e+02   9.8521000e+02   9.8310000e+02   9.8451000e+02   8.5203000e+02   8.4028000e+02
   9.7102000e+02   9.7242000e+02   9.6998000e+02   9.7193000e+02   8.2683000e+02   8.1585000e+02
   9.6582000e+02   9.6782000e+02   9.6507000e+02   9.6753000e+02   8.1489000e+02   8.0423000e+02
   9.6412000e+02   9.6573000e+02   9.6352000e+02   9.6537000e+02   8.1245000e+02   8.0198000e+02
   9.5747000e+02   9.5734000e+02   9.5581000e+02   9.5774000e+02   8.0361000e+02   7.9405000e+02
   9.6664000e+02   9.6839000e+02   9.6631000e+02   9.6847000e+02   8.0702000e+02   7.9842000e+02
   9.6572000e+02   9.6672000e+02   9.6527000e+02   9.6751000e+02   8.0950000e+02   8.0136000e+02
   9.5763000e+02   9.5861000e+02   9.5652000e+02   9.5821000e+02   8.0194000e+02   7.9572000e+02
   9.5524000e+02   9.5518000e+02   9.5440000e+02   9.5516000e+02   7.9743000e+02   7.9021000e+02
   9.4904000e+02   9.5005000e+02   9.4824000e+02   9.4985000e+02   7.9069000e+02   7.8868000e+02
   9.4665000e+02   9.4609000e+02   9.4484000e+02   9.4634000e+02   7.8878000e+02   7.8572000e+02
   9.4707000e+02   9.4533000e+02   9.4506000e+02   9.4623000e+02   7.8510000e+02   7.8305000e+02
   9.4734000e+02   9.4973000e+02   9.4756000e+02   9.4970000e+02   7.8863000e+02   7.8566000e+02
   9.4787000e+02   9.4891000e+02   9.4727000e+02   9.4858000e+02   7.8556000e+02   7.8378000e+02
   9.4248000e+02   9.4503000e+02   9.4376000e+02   9.4498000e+02   7.8445000e+02   7.8211000e+02
   9.4388000e+02   9.4560000e+02   9.4551000e+02   9.4581000e+02   7.8583000e+02   7.8370000e+02
   9.4573000e+02   9.4682000e+02   9.4572000e+02   9.4658000e+02   7.9050000e+02   7.9091000e+02
   9.6429000e+02   9.6360000e+02   9.6355000e+02   9.6366000e+02   8.0828000e+02   8.1067000e+02
   9.8117000e+02   9.8205000e+02   9.8008000e+02   9.8127000e+02   8.3249000e+02   8.3747000e+02
   9.8919000e+02   9.9034000e+02   9.8938000e+02   9.8975000e+02   8.4658000e+02   8.5317000e+02
   9.9902000e+02   9.9969000e+02   9.9918000e+02   9.9938000e+02   8.6471000e+02   8.7256000e+02
   1.0043000e+03   1.0072000e+03   1.0063000e+03   1.0068000e+03   8.7780000e+02   8.8430000e+02
   1.0154000e+03   1.0168000e+03   1.0163000e+03   1.0168000e+03   8.9615000e+02   9.0165000e+02
   1.0269000e+03   1.0283000e+03   1.0282000e+03   1.0290000e+03   9.1631000e+02   9.1899000e+02
   1.0413000e+03   1.0428000e+03   1.0416000e+03   1.0438000e+03   9.3789000e+02   9.4261000e+02
   1.0533000e+03   1.0552000e+03   1.0561000e+03   1.0563000e+03   9.5547000e+02   9.6057000e+02
   1.0624000e+03   1.0633000e+03   1.0641000e+03   1.0648000e+03   9.6347000e+02   9.7034000e+02
   1.0654000e+03   1.0687000e+03   1.0687000e+03   1.0704000e+03   9.6877000e+02   9.7644000e+02
   1.0767000e+03   1.0786000e+03   1.0788000e+03   1.0801000e+03   9.7860000e+02   9.8647000e+02
   1.0753000e+03   1.0778000e+03   1.0771000e+03   1.0778000e+03   9.8158000e+02   9.8914000e+02
   1.0863000e+03   1.0869000e+03   1.0876000e+03   1.0882000e+03   9.8821000e+02   9.9437000e+02
   1.1017000e+03   1.1044000e+03   1.1031000e+03   1.1039000e+03   1.0017000e+03   1.0078000e+03
   1.1179000e+03   1.1192000e+03   1.1196000e+03   1.1202000e+03   1.0195000e+03   1.0257000e+03
   1.1349000e+03   1.1352000e+03   1.1358000e+03   1.1361000e+03   1.0397000e+03   1.0460000e+03
   1.1436000e+03   1.1433000e+03   1.1439000e+03   1.1440000e+03   1.0580000e+03   1.0612000e+03
   1.1479000e+03   1.1474000e+03   1.1481000e+03   1.1482000e+03   1.0694000e+03   1.0728000e+03
   1.1436000e+03   1.1443000e+03   1.1445000e+03   1.1445000e+03   1.0755000e+03   1.0813000e+03
   1.1450000e+03   1.1441000e+03   1.1447000e+03   1.1453000e+03   1.0894000e+03   1.0942000e+03
   1.1520000e+03   1.1499000e+03   1.1517000e+03   1.1517000e+03   1.1037000e+03   1.1082000e+03
   1.1530000e+03   1.1519000e+03   1.1539000e+03   1.1545000e+03   1.1158000e+03   1.1198000e+03
   1.1550000e+03   1.1537000e+03   1.1556000e+03   1.1559000e+03   1.1230000e+03   1.1286000e+03
   1.1286000e+03   1.1286000e+03   1.1293000e+03   1.1297000e+03   1.0971000e+03   1.1043000e+03
   1.1051000e+03   1.1034000e+03   1.1050000e+03   1.1052000e+03   1.0779000e+03   1.0828000e+03
