  -1.0956800e+01  -1.0938400e+01  -1.0917200e+01  -1.0899500e+01  -9.7759000e+00  -9.8767000e+00
  -1.0869900e+01  -1.0857100e+01  -1.0842900e+01  -1.0815100e+01  -9.8869000e+00  -9.9585000e+00
  -1.0776700e+01  -1.0814800e+01  -1.0797900e+01  -1.0783000e+01  -1.0021500e+01  -1.0091800e+01
  -1.0769500e+01  -1.0825200e+01  -1.0805100e+01  -1.0801400e+01  -1.0180700e+01  -1.0273200e+01
  -1.0792800e+01  -1.0862800e+01  -1.0838900e+01  -1.0837300e+01  -1.0389500e+01  -1.0484400e+01
  -1.0832000e+01  -1.0906200e+01  -1.0880600e+01  -1.0881800e+01  -1.0618200e+01  -1.0695000e+01
  -1.0873000e+01  -1.0951700e+01  -1.0924700e+01  -1.0926100e+01  -1.0837900e+01  -1.0873300e+01
  -1.0911600e+01  -1.0988500e+01  -1.0961600e+01  -1.0961000e+01  -1.1032300e+01  -1.1030300e+01
  -1.0939700e+01  -1.1011300e+01  -1.0986200e+01  -1.0982800e+01  -1.1208000e+01  -1.1188600e+01
  -1.0952200e+01  -1.1018100e+01  -1.0996000e+01  -1.0988700e+01  -1.1362400e+01  -1.1321900e+01
  -1.0948700e+01  -1.1010900e+01  -1.0992000e+01  -1.0982200e+01  -1.1502500e+01  -1.1448000e+01
  -1.0935000e+01  -1.0996600e+01  -1.0979900e+01  -1.0967700e+01  -1.1640800e+01  -1.1574200e+01
  -1.0911800e+01  -1.0971400e+01  -1.0957400e+01  -1.0942000e+01  -1.1782500e+01  -1.1712300e+01
  -1.0873700e+01  -1.0932800e+01  -1.0925400e+01  -1.0913600e+01  -1.1925300e+01  -1.1861200e+01
  -1.0839900e+01  -1.0939400e+01  -1.0935400e+01  -1.0953500e+01  -1.2074900e+01  -1.2003400e+01
  -1.0885700e+01  -1.0986700e+01  -1.0976100e+01  -1.0977200e+01  -1.2203700e+01  -1.2115200e+01
  -1.0903200e+01  -1.0979400e+01  -1.0970900e+01  -1.0966500e+01  -1.2260600e+01  -1.2156800e+01
  -1.0897200e+01  -1.0967100e+01  -1.0959400e+01  -1.0957000e+01  -1.2172200e+01  -1.2028800e+01
  -1.0895400e+01  -1.0966500e+01  -1.0957700e+01  -1.0962000e+01  -1.2176500e+01  -1.2034000e+01
  -1.0905100e+01  -1.0974000e+01  -1.0964500e+01  -1.0975700e+01  -1.2024300e+01  -1.1893300e+01
  -1.0924900e+01  -1.0992600e+01  -1.0979000e+01  -1.0992500e+01  -1.1836100e+01  -1.1679900e+01
  -1.0954300e+01  -1.1013700e+01  -1.0997600e+01  -1.1018900e+01  -1.1613700e+01  -1.1369800e+01
  -1.0989500e+01  -1.1048500e+01  -1.1028300e+01  -1.1055200e+01  -1.1315900e+01  -1.1009500e+01
  -1.1032600e+01  -1.1091500e+01  -1.1067000e+01  -1.1100200e+01  -1.0955100e+01  -1.0694500e+01
  -1.1084800e+01  -1.1140600e+01  -1.1113000e+01  -1.1151200e+01  -1.0632000e+01  -1.0385300e+01
  -1.1140300e+01  -1.1188800e+01  -1.1159300e+01  -1.1201700e+01  -1.0282900e+01  -1.0038700e+01
  -1.1189100e+01  -1.1228200e+01  -1.1199700e+01  -1.1247600e+01  -9.8926000e+00  -9.7236000e+00
  -1.1234900e+01  -1.1269700e+01  -1.1241000e+01  -1.1292500e+01  -9.5405000e+00  -9.4419000e+00
  -1.1276800e+01  -1.1302700e+01  -1.1274400e+01  -1.1329900e+01  -9.2392000e+00  -9.1998000e+00
  -1.1309400e+01  -1.1330300e+01  -1.1302000e+01  -1.1360300e+01  -8.9395000e+00  -8.9965000e+00
  -1.1338200e+01  -1.1350900e+01  -1.1323500e+01  -1.1383400e+01  -8.6205000e+00  -8.7854000e+00
  -1.1361100e+01  -1.1366100e+01  -1.1340200e+01  -1.1402400e+01  -8.3071000e+00  -8.5183000e+00
  -1.1381200e+01  -1.1385900e+01  -1.1359300e+01  -1.1424700e+01  -8.0494000e+00  -8.2457000e+00
  -1.1403700e+01  -1.1403700e+01  -1.1376300e+01  -1.1443200e+01  -7.8256000e+00  -8.0163000e+00
  -1.1422300e+01  -1.1416800e+01  -1.1388800e+01  -1.1456100e+01  -7.6276000e+00  -7.8197000e+00
  -1.1428700e+01  -1.1422100e+01  -1.1393500e+01  -1.1462400e+01  -7.4443000e+00  -7.6409000e+00
  -1.1429900e+01  -1.1421300e+01  -1.1392100e+01  -1.1459800e+01  -7.2542000e+00  -7.4736000e+00
  -1.1423600e+01  -1.1407000e+01  -1.1382300e+01  -1.1448200e+01  -7.0688000e+00  -7.3222000e+00
  -1.1417400e+01  -1.1397500e+01  -1.1376800e+01  -1.1442900e+01  -6.8929000e+00  -7.1904000e+00
  -1.1420600e+01  -1.1404300e+01  -1.1381800e+01  -1.1450300e+01  -6.7322000e+00  -7.0819000e+00
  -1.1426200e+01  -1.1406900e+01  -1.1384500e+01  -1.1452400e+01  -6.5960000e+00  -6.9964000e+00
  -1.1423300e+01  -1.1399100e+01  -1.1380400e+01  -1.1447600e+01  -6.4791000e+00  -6.9292000e+00
  -1.1417900e+01  -1.1396200e+01  -1.1377400e+01  -1.1444700e+01  -6.3749000e+00  -6.8787000e+00
  -1.1413300e+01  -1.1391500e+01  -1.1375300e+01  -1.1442700e+01  -6.2882000e+00  -6.8423000e+00
  -1.1413100e+01  -1.1395000e+01  -1.1381400e+01  -1.1451200e+01  -6.2416000e+00  -6.8200000e+00
  -1.1420400e+01  -1.1403400e+01  -1.1389600e+01  -1.1457800e+01  -6.2570000e+00  -6.8163000e+00
  -1.1423300e+01  -1.1407000e+01  -1.1389600e+01  -1.1455500e+01  -6.2842000e+00  -6.8308000e+00
  -1.1417400e+01  -1.1402600e+01  -1.1383000e+01  -1.1446700e+01  -6.3007000e+00  -6.8509000e+00
  -1.1401000e+01  -1.1387700e+01  -1.1368200e+01  -1.1428500e+01  -6.3103000e+00  -6.8890000e+00
  -1.1378000e+01  -1.1365800e+01  -1.1349600e+01  -1.1406500e+01  -6.3333000e+00  -6.9524000e+00
  -1.1352800e+01  -1.1340000e+01  -1.1326700e+01  -1.1379000e+01  -6.4026000e+00  -7.0320000e+00
  -1.1323100e+01  -1.1313800e+01  -1.1302800e+01  -1.1353900e+01  -6.5540000e+00  -7.1118000e+00
  -1.1300100e+01  -1.1300100e+01  -1.1288400e+01  -1.1338100e+01  -6.7311000e+00  -7.2133000e+00
  -1.1284300e+01  -1.1286700e+01  -1.1273300e+01  -1.1317000e+01  -6.9083000e+00  -7.3203000e+00
  -1.1260900e+01  -1.1271800e+01  -1.1255800e+01  -1.1296400e+01  -7.1080000e+00  -7.4535000e+00
  -1.1245800e+01  -1.1261800e+01  -1.1249200e+01  -1.1289600e+01  -7.3456000e+00  -7.5957000e+00
  -1.1242700e+01  -1.1257600e+01  -1.1249800e+01  -1.1286600e+01  -7.5607000e+00  -7.7816000e+00
  -1.1240700e+01  -1.1261200e+01  -1.1250000e+01  -1.1283100e+01  -7.7509000e+00  -8.0511000e+00
  -1.1239900e+01  -1.1276800e+01  -1.1257600e+01  -1.1290800e+01  -7.9588000e+00  -8.4136000e+00
  -1.1251100e+01  -1.1293400e+01  -1.1273300e+01  -1.1303800e+01  -8.2197000e+00  -8.7567000e+00
  -1.1254600e+01  -1.1297100e+01  -1.1281100e+01  -1.1308000e+01  -8.6183000e+00  -9.0344000e+00
  -1.1248600e+01  -1.1298000e+01  -1.1284600e+01  -1.1308900e+01  -8.9887000e+00  -9.2295000e+00
  -1.1250900e+01  -1.1303700e+01  -1.1288500e+01  -1.1303800e+01  -9.2781000e+00  -9.3454000e+00
  -1.1254000e+01  -1.1308000e+01  -1.1295700e+01  -1.1306500e+01  -9.5691000e+00  -9.4369000e+00
  -1.1264500e+01  -1.1316500e+01  -1.1310700e+01  -1.1321000e+01  -9.7493000e+00  -9.4694000e+00
  -1.1275300e+01  -1.1335200e+01  -1.1333000e+01  -1.1340600e+01  -9.8735000e+00  -9.7497000e+00
  -1.1295000e+01  -1.1354700e+01  -1.1354400e+01  -1.1359100e+01  -9.9887000e+00  -1.0214500e+01
  -1.1312600e+01  -1.1374000e+01  -1.1374300e+01  -1.1377100e+01  -1.0197800e+01  -1.0757600e+01
  -1.1331300e+01  -1.1389000e+01  -1.1393900e+01  -1.1395800e+01  -1.0541400e+01  -1.1222100e+01
  -1.1345800e+01  -1.1400300e+01  -1.1408100e+01  -1.1409600e+01  -1.0856900e+01  -1.1631000e+01
  -1.1346700e+01  -1.1400300e+01  -1.1410300e+01  -1.1410100e+01  -1.1130100e+01  -1.1863200e+01
  -1.1341800e+01  -1.1391800e+01  -1.1406000e+01  -1.1403500e+01  -1.1393900e+01  -1.1950900e+01
  -1.1321200e+01  -1.1369900e+01  -1.1386800e+01  -1.1379000e+01  -1.1662800e+01  -1.2089400e+01
  -1.1292900e+01  -1.1331400e+01  -1.1348400e+01  -1.1333400e+01  -1.1955000e+01  -1.2446500e+01
  -1.1251100e+01  -1.1289800e+01  -1.1300700e+01  -1.1282500e+01  -1.2240500e+01  -1.2876800e+01
  -1.1168500e+01  -1.1232200e+01  -1.1265000e+01  -1.1279100e+01  -1.2497800e+01  -1.3168400e+01
  -1.1215400e+01  -1.1295900e+01  -1.1328200e+01  -1.1337300e+01  -1.2591800e+01  -1.3401000e+01
  -1.1261500e+01  -1.1337600e+01  -1.1351000e+01  -1.1349800e+01  -1.2674300e+01  -1.3650000e+01
  -1.1246300e+01  -1.1327800e+01  -1.1335900e+01  -1.1331800e+01  -1.2869900e+01  -1.3890900e+01
  -1.1222700e+01  -1.1297200e+01  -1.1312100e+01  -1.1306400e+01  -1.3169800e+01  -1.4069400e+01
  -1.1213200e+01  -1.1267400e+01  -1.1297400e+01  -1.1287200e+01  -1.3462000e+01  -1.4163600e+01
  -1.1209700e+01  -1.1250000e+01  -1.1290300e+01  -1.1276500e+01  -1.3707100e+01  -1.4165600e+01
  -1.1218200e+01  -1.1245800e+01  -1.1296300e+01  -1.1278900e+01  -1.3886300e+01  -1.4119000e+01
  -1.1250200e+01  -1.1256200e+01  -1.1324400e+01  -1.1304300e+01  -1.3991500e+01  -1.4128900e+01
  -1.1294400e+01  -1.1283500e+01  -1.1358800e+01  -1.1331900e+01  -1.4047400e+01  -1.4140100e+01
  -1.1319900e+01  -1.1304300e+01  -1.1381500e+01  -1.1352900e+01  -1.4015600e+01  -1.4129100e+01
  -1.1330300e+01  -1.1323900e+01  -1.1395700e+01  -1.1365800e+01  -1.3943600e+01  -1.4170000e+01
  -1.1330300e+01  -1.1341100e+01  -1.1405300e+01  -1.1377800e+01  -1.3902700e+01  -1.4252800e+01
  -1.1338500e+01  -1.1353400e+01  -1.1421400e+01  -1.1390200e+01  -1.3744700e+01  -1.4361900e+01
  -1.1366300e+01  -1.1363200e+01  -1.1444000e+01  -1.1399100e+01  -1.3716300e+01  -1.4476500e+01
  -1.1418700e+01  -1.1370000e+01  -1.1497700e+01  -1.1440900e+01  -1.3916200e+01  -1.4591800e+01
  -1.1575300e+01  -1.1434300e+01  -1.1653800e+01  -1.1599000e+01  -1.4126800e+01  -1.4681700e+01
  -1.1785100e+01  -1.1609600e+01  -1.1844400e+01  -1.1786600e+01  -1.4316200e+01  -1.4745200e+01
  -1.1968700e+01  -1.1794500e+01  -1.2027700e+01  -1.1973300e+01  -1.4475900e+01  -1.4800600e+01
  -1.2165600e+01  -1.1984800e+01  -1.2231800e+01  -1.2185800e+01  -1.4569400e+01  -1.4850700e+01
  -1.2388700e+01  -1.2195500e+01  -1.2447200e+01  -1.2414400e+01  -1.4627500e+01  -1.4891500e+01
  -1.2620100e+01  -1.2424600e+01  -1.2678000e+01  -1.2653300e+01  -1.4665200e+01  -1.4909600e+01
  -1.2835100e+01  -1.2640600e+01  -1.2878700e+01  -1.2854900e+01  -1.4643100e+01  -1.4914700e+01
  -1.2999000e+01  -1.2839600e+01  -1.3048400e+01  -1.3036800e+01  -1.4571100e+01  -1.4925200e+01
  -1.3121700e+01  -1.3002600e+01  -1.3162300e+01  -1.3154900e+01  -1.4544600e+01  -1.4936300e+01
  -1.3176100e+01  -1.3100600e+01  -1.3224700e+01  -1.3227000e+01  -1.4554400e+01  -1.4941500e+01
  -1.3212100e+01  -1.3164900e+01  -1.3262500e+01  -1.3265600e+01  -1.4560300e+01  -1.4926500e+01
  -1.3205900e+01  -1.3182800e+01  -1.3255400e+01  -1.3257100e+01  -1.4523200e+01  -1.4886400e+01
  -1.3169600e+01  -1.3167000e+01  -1.3223400e+01  -1.3221900e+01  -1.4571500e+01  -1.4832500e+01
  -1.3111000e+01  -1.3110200e+01  -1.3165600e+01  -1.3159800e+01  -1.4580800e+01  -1.4779000e+01
  -1.3048700e+01  -1.3054300e+01  -1.3116500e+01  -1.3113600e+01  -1.4565200e+01  -1.4696700e+01
  -1.3013800e+01  -1.3025300e+01  -1.3086700e+01  -1.3083900e+01  -1.4538000e+01  -1.4637100e+01
  -1.2998300e+01  -1.3025100e+01  -1.3078100e+01  -1.3078700e+01  -1.4559000e+01  -1.4624600e+01
  -1.3019000e+01  -1.3052900e+01  -1.3095600e+01  -1.3094100e+01  -1.4590600e+01  -1.4639300e+01
  -1.3061800e+01  -1.3105800e+01  -1.3133200e+01  -1.3130300e+01  -1.4623800e+01  -1.4670900e+01
  -1.3112000e+01  -1.3162400e+01  -1.3181800e+01  -1.3180500e+01  -1.4655400e+01  -1.4701700e+01
  -1.3161300e+01  -1.3213200e+01  -1.3233700e+01  -1.3238600e+01  -1.4712600e+01  -1.4724900e+01
  -1.3205600e+01  -1.3242000e+01  -1.3272800e+01  -1.3280800e+01  -1.4690800e+01  -1.4678600e+01
  -1.3231800e+01  -1.3241300e+01  -1.3289200e+01  -1.3296100e+01  -1.4642800e+01  -1.4652100e+01
  -1.3230100e+01  -1.3228600e+01  -1.3283400e+01  -1.3296000e+01  -1.4518900e+01  -1.4538100e+01
  -1.3209500e+01  -1.3232900e+01  -1.3267700e+01  -1.3288300e+01  -1.4306300e+01  -1.4363900e+01
  -1.3195800e+01  -1.3235900e+01  -1.3252200e+01  -1.3283700e+01  -1.4047700e+01  -1.4138100e+01
  -1.3187200e+01  -1.3204000e+01  -1.3239000e+01  -1.3282000e+01  -1.3762300e+01  -1.3867000e+01
  -1.3175600e+01  -1.3141500e+01  -1.3207600e+01  -1.3249400e+01  -1.3432100e+01  -1.3573800e+01
  -1.3143600e+01  -1.3095500e+01  -1.3168700e+01  -1.3217500e+01  -1.3112200e+01  -1.3257900e+01
  -1.3126500e+01  -1.3059900e+01  -1.3144100e+01  -1.3197000e+01  -1.2791700e+01  -1.2899500e+01
  -1.3127200e+01  -1.3045400e+01  -1.3134300e+01  -1.3192900e+01  -1.2433400e+01  -1.2543900e+01
  -1.3110600e+01  -1.3029900e+01  -1.3116300e+01  -1.3185000e+01  -1.2085200e+01  -1.2206900e+01
  -1.3083000e+01  -1.3007600e+01  -1.3091700e+01  -1.3169300e+01  -1.1770800e+01  -1.1876300e+01
  -1.3057300e+01  -1.2979600e+01  -1.3061600e+01  -1.3145500e+01  -1.1457800e+01  -1.1537800e+01
  -1.3033800e+01  -1.2944400e+01  -1.3025700e+01  -1.3110500e+01  -1.1124100e+01  -1.1192300e+01
  -1.3002800e+01  -1.2907100e+01  -1.2988100e+01  -1.3078300e+01  -1.0797200e+01  -1.0854700e+01
  -1.2975600e+01  -1.2882100e+01  -1.2957700e+01  -1.3051500e+01  -1.0485900e+01  -1.0532700e+01
  -1.2951500e+01  -1.2860100e+01  -1.2928700e+01  -1.3027000e+01  -1.0176000e+01  -1.0233300e+01
  -1.2925800e+01  -1.2839500e+01  -1.2901300e+01  -1.3004100e+01  -9.8504000e+00  -9.9496000e+00
  -1.2898300e+01  -1.2815800e+01  -1.2866500e+01  -1.2970400e+01  -9.5171000e+00  -9.6663000e+00
  -1.2867800e+01  -1.2787000e+01  -1.2826500e+01  -1.2930600e+01  -9.2101000e+00  -9.3905000e+00
  -1.2832800e+01  -1.2752400e+01  -1.2781600e+01  -1.2884800e+01  -8.9208000e+00  -9.1310000e+00
  -1.2796900e+01  -1.2712700e+01  -1.2734200e+01  -1.2836700e+01  -8.6553000e+00  -8.8897000e+00
  -1.2760800e+01  -1.2675000e+01  -1.2688700e+01  -1.2792100e+01  -8.4075000e+00  -8.6721000e+00
  -1.2718800e+01  -1.2638900e+01  -1.2643600e+01  -1.2749300e+01  -8.1741000e+00  -8.4759000e+00
  -1.2674000e+01  -1.2598900e+01  -1.2597000e+01  -1.2704100e+01  -7.9335000e+00  -8.2294000e+00
  -1.2631900e+01  -1.2559500e+01  -1.2553800e+01  -1.2660200e+01  -7.6798000e+00  -8.0048000e+00
  -1.2587000e+01  -1.2517800e+01  -1.2508500e+01  -1.2612900e+01  -7.4371000e+00  -7.7703000e+00
  -1.2541300e+01  -1.2474900e+01  -1.2463100e+01  -1.2566500e+01  -7.2006000e+00  -7.5113000e+00
  -1.2493300e+01  -1.2433800e+01  -1.2419900e+01  -1.2524000e+01  -6.9731000e+00  -7.2726000e+00
  -1.2449000e+01  -1.2398000e+01  -1.2382200e+01  -1.2484700e+01  -6.7765000e+00  -7.0579000e+00
  -1.2410500e+01  -1.2367700e+01  -1.2349000e+01  -1.2450500e+01  -6.6070000e+00  -6.8578000e+00
  -1.2375500e+01  -1.2340900e+01  -1.2320000e+01  -1.2419600e+01  -6.4465000e+00  -6.6733000e+00
  -1.2343300e+01  -1.2318200e+01  -1.2295400e+01  -1.2392700e+01  -6.3088000e+00  -6.5072000e+00
  -1.2318700e+01  -1.2299000e+01  -1.2275600e+01  -1.2370200e+01  -6.1885000e+00  -6.3572000e+00
  -1.2296300e+01  -1.2281900e+01  -1.2259600e+01  -1.2350700e+01  -6.0847000e+00  -6.2341000e+00
  -1.2279100e+01  -1.2274900e+01  -1.2249900e+01  -1.2339500e+01  -5.9942000e+00  -6.1382000e+00
  -1.2272800e+01  -1.2279600e+01  -1.2249600e+01  -1.2337500e+01  -5.9074000e+00  -6.0540000e+00
  -1.2274600e+01  -1.2285200e+01  -1.2251600e+01  -1.2335900e+01  -5.8346000e+00  -5.9876000e+00
  -1.2273300e+01  -1.2287900e+01  -1.2251300e+01  -1.2332100e+01  -5.7869000e+00  -5.9379000e+00
  -1.2267400e+01  -1.2286600e+01  -1.2248500e+01  -1.2325700e+01  -5.7745000e+00  -5.9115000e+00
  -1.2258800e+01  -1.2281100e+01  -1.2244300e+01  -1.2317600e+01  -5.7924000e+00  -5.9102000e+00
  -1.2244000e+01  -1.2272600e+01  -1.2239500e+01  -1.2310300e+01  -5.8263000e+00  -5.9472000e+00
  -1.2229400e+01  -1.2263300e+01  -1.2231400e+01  -1.2291700e+01  -5.8779000e+00  -6.0208000e+00
  -1.2206500e+01  -1.2242800e+01  -1.2211700e+01  -1.2264700e+01  -5.9622000e+00  -6.1168000e+00
  -1.2182400e+01  -1.2225700e+01  -1.2195800e+01  -1.2246600e+01  -6.0813000e+00  -6.2229000e+00
  -1.2164800e+01  -1.2214200e+01  -1.2185400e+01  -1.2232000e+01  -6.2255000e+00  -6.3431000e+00
  -1.2148500e+01  -1.2196800e+01  -1.2172700e+01  -1.2213500e+01  -6.3796000e+00  -6.4936000e+00
  -1.2132500e+01  -1.2179500e+01  -1.2158700e+01  -1.2193900e+01  -6.5449000e+00  -6.6975000e+00
  -1.2120100e+01  -1.2168600e+01  -1.2147900e+01  -1.2177800e+01  -6.7323000e+00  -6.9325000e+00
  -1.2108000e+01  -1.2161400e+01  -1.2137300e+01  -1.2160800e+01  -7.0376000e+00  -7.1944000e+00
  -1.2091900e+01  -1.2153000e+01  -1.2122600e+01  -1.2138700e+01  -7.3915000e+00  -7.4586000e+00
  -1.2072100e+01  -1.2142100e+01  -1.2100000e+01  -1.2111000e+01  -7.7098000e+00  -7.7201000e+00
  -1.2045200e+01  -1.2120100e+01  -1.2071900e+01  -1.2078000e+01  -8.0502000e+00  -7.9749000e+00
  -1.2011400e+01  -1.2093600e+01  -1.2037500e+01  -1.2042500e+01  -8.3994000e+00  -8.2862000e+00
  -1.1972700e+01  -1.2071500e+01  -1.2010000e+01  -1.2022400e+01  -8.7252000e+00  -8.6065000e+00
  -1.1944900e+01  -1.2061600e+01  -1.1999700e+01  -1.2022400e+01  -9.0484000e+00  -8.8948000e+00
  -1.1937700e+01  -1.2065600e+01  -1.2002600e+01  -1.2028500e+01  -9.3129000e+00  -9.1539000e+00
  -1.1938600e+01  -1.2068800e+01  -1.1991000e+01  -1.2000900e+01  -9.5359000e+00  -9.4190000e+00
  -1.1915500e+01  -1.2037800e+01  -1.1953300e+01  -1.1951800e+01  -9.7603000e+00  -9.6602000e+00
  -1.1868600e+01  -1.1981000e+01  -1.1909300e+01  -1.1905300e+01  -9.9704000e+00  -9.8741000e+00
  -1.1821100e+01  -1.1915000e+01  -1.1863200e+01  -1.1860400e+01  -1.0170500e+01  -1.0064600e+01
  -1.1772800e+01  -1.1869000e+01  -1.1821900e+01  -1.1824200e+01  -1.0364200e+01  -1.0244000e+01
  -1.1728600e+01  -1.1842600e+01  -1.1786500e+01  -1.1790200e+01  -1.0554800e+01  -1.0430100e+01
  -1.1690100e+01  -1.1821700e+01  -1.1750100e+01  -1.1749100e+01  -1.0733000e+01  -1.0610400e+01
  -1.1653900e+01  -1.1795100e+01  -1.1711700e+01  -1.1705700e+01  -1.0895400e+01  -1.0775300e+01
  -1.1618700e+01  -1.1754400e+01  -1.1672900e+01  -1.1663800e+01  -1.1055100e+01  -1.0924200e+01
  -1.1583700e+01  -1.1702300e+01  -1.1638500e+01  -1.1629600e+01  -1.1207900e+01  -1.1071400e+01
  -1.1553800e+01  -1.1648900e+01  -1.1611600e+01  -1.1601100e+01  -1.1342300e+01  -1.1216100e+01
  -1.1538900e+01  -1.1603500e+01  -1.1587900e+01  -1.1578100e+01  -1.1462700e+01  -1.1344900e+01
  -1.1520300e+01  -1.1569500e+01  -1.1568000e+01  -1.1561300e+01  -1.1581600e+01  -1.1452300e+01
  -1.1498400e+01  -1.1543900e+01  -1.1554000e+01  -1.1548900e+01  -1.1701300e+01  -1.1543400e+01
  -1.1483400e+01  -1.1531300e+01  -1.1547100e+01  -1.1543300e+01  -1.1805800e+01  -1.1630900e+01
  -1.1477500e+01  -1.1523600e+01  -1.1545100e+01  -1.1542400e+01  -1.1894600e+01  -1.1710000e+01
  -1.1482900e+01  -1.1523000e+01  -1.1548900e+01  -1.1546700e+01  -1.1969000e+01  -1.1783700e+01
  -1.1490500e+01  -1.1529700e+01  -1.1551600e+01  -1.1554400e+01  -1.2032900e+01  -1.1876900e+01
  -1.1492900e+01  -1.1545600e+01  -1.1556800e+01  -1.1572300e+01  -1.2091700e+01  -1.1974200e+01
  -1.1486900e+01  -1.1572700e+01  -1.1570500e+01  -1.1605900e+01  -1.2153700e+01  -1.2060200e+01
  -1.1484200e+01  -1.1592600e+01  -1.1599200e+01  -1.1646600e+01  -1.2213500e+01  -1.2130200e+01
  -1.1507200e+01  -1.1628100e+01  -1.1634600e+01  -1.1678500e+01  -1.2279400e+01  -1.2183700e+01
  -1.1530800e+01  -1.1678000e+01  -1.1667300e+01  -1.1703100e+01  -1.2338900e+01  -1.2225200e+01
  -1.1565300e+01  -1.1715800e+01  -1.1690700e+01  -1.1732900e+01  -1.2380900e+01  -1.2262400e+01
  -1.1598700e+01  -1.1725700e+01  -1.1713200e+01  -1.1745300e+01  -1.2422900e+01  -1.2289100e+01
  -1.1627900e+01  -1.1720200e+01  -1.1718800e+01  -1.1729300e+01  -1.2455400e+01  -1.2326900e+01
  -1.1640900e+01  -1.1703100e+01  -1.1700600e+01  -1.1689800e+01  -1.2466300e+01  -1.2384000e+01
  -1.1631200e+01  -1.1661300e+01  -1.1665300e+01  -1.1645900e+01  -1.2476200e+01  -1.2455200e+01
  -1.1597200e+01  -1.1604400e+01  -1.1629300e+01  -1.1618400e+01  -1.2495200e+01  -1.2486500e+01
  -1.1574900e+01  -1.1571800e+01  -1.1611400e+01  -1.1607600e+01  -1.2520000e+01  -1.2504200e+01
  -1.1570500e+01  -1.1563100e+01  -1.1600400e+01  -1.1596300e+01  -1.2539700e+01  -1.2513400e+01
  -1.1549400e+01  -1.1552000e+01  -1.1584800e+01  -1.1580700e+01  -1.2549000e+01  -1.2520600e+01
  -1.1527900e+01  -1.1533500e+01  -1.1571000e+01  -1.1565800e+01  -1.2552600e+01  -1.2527500e+01
  -1.1515200e+01  -1.1523300e+01  -1.1559200e+01  -1.1557900e+01  -1.2561700e+01  -1.2528200e+01
  -1.1507800e+01  -1.1523500e+01  -1.1556300e+01  -1.1554800e+01  -1.2566800e+01  -1.2518800e+01
  -1.1509900e+01  -1.1528100e+01  -1.1549200e+01  -1.1551400e+01  -1.2565400e+01  -1.2512100e+01
  -1.1494300e+01  -1.1539400e+01  -1.1552100e+01  -1.1570800e+01  -1.2563800e+01  -1.2507400e+01
  -1.1487900e+01  -1.1565100e+01  -1.1572100e+01  -1.1587600e+01  -1.2570100e+01  -1.2504100e+01
  -1.1505600e+01  -1.1573700e+01  -1.1583000e+01  -1.1593400e+01  -1.2584500e+01  -1.2516700e+01
  -1.1518800e+01  -1.1549200e+01  -1.1595100e+01  -1.1601300e+01  -1.2590400e+01  -1.2503000e+01
  -1.1532700e+01  -1.1564600e+01  -1.1599200e+01  -1.1606300e+01  -1.2569700e+01  -1.2451900e+01
  -1.1527600e+01  -1.1614800e+01  -1.1608600e+01  -1.1645600e+01  -1.2485700e+01  -1.2357200e+01
  -1.1566600e+01  -1.1673600e+01  -1.1662800e+01  -1.1706300e+01  -1.2229000e+01  -1.2178900e+01
  -1.1634300e+01  -1.1666000e+01  -1.1667700e+01  -1.1691600e+01  -1.1891600e+01  -1.1848500e+01
  -1.1632700e+01  -1.1647400e+01  -1.1648300e+01  -1.1685100e+01  -1.1552300e+01  -1.1527000e+01
  -1.1625500e+01  -1.1640200e+01  -1.1635400e+01  -1.1673400e+01  -1.1175600e+01  -1.1115600e+01
  -1.1611300e+01  -1.1618500e+01  -1.1611400e+01  -1.1654600e+01  -1.0774600e+01  -1.0698200e+01
  -1.1597700e+01  -1.1597000e+01  -1.1595400e+01  -1.1646700e+01  -1.0415600e+01  -1.0318900e+01
  -1.1604900e+01  -1.1587100e+01  -1.1604400e+01  -1.1669100e+01  -1.0039000e+01  -9.9482000e+00
  -1.1626700e+01  -1.1609000e+01  -1.1603500e+01  -1.1665500e+01  -9.5981000e+00  -9.5279000e+00
  -1.1620800e+01  -1.1596500e+01  -1.1584600e+01  -1.1657900e+01  -9.1681000e+00  -9.1485000e+00
  -1.1622000e+01  -1.1579200e+01  -1.1576600e+01  -1.1664600e+01  -8.7747000e+00  -8.8027000e+00
  -1.1623200e+01  -1.1581600e+01  -1.1567300e+01  -1.1671000e+01  -8.4178000e+00  -8.4686000e+00
  -1.1606400e+01  -1.1588700e+01  -1.1555300e+01  -1.1676600e+01  -8.0455000e+00  -8.1258000e+00
  -1.1600800e+01  -1.1589300e+01  -1.1544300e+01  -1.1675200e+01  -7.6599000e+00  -7.7379000e+00
  -1.1588600e+01  -1.1571500e+01  -1.1517500e+01  -1.1646300e+01  -7.2935000e+00  -7.3519000e+00
  -1.1555200e+01  -1.1531200e+01  -1.1464700e+01  -1.1591700e+01  -6.9367000e+00  -6.9807000e+00
  -1.1494700e+01  -1.1473000e+01  -1.1390200e+01  -1.1521300e+01  -6.5986000e+00  -6.6340000e+00
  -1.1426700e+01  -1.1413200e+01  -1.1328100e+01  -1.1471000e+01  -6.2915000e+00  -6.3165000e+00
  -1.1379100e+01  -1.1370900e+01  -1.1283800e+01  -1.1432200e+01  -6.0037000e+00  -6.0120000e+00
  -1.1341600e+01  -1.1324300e+01  -1.1241000e+01  -1.1390700e+01  -5.7227000e+00  -5.7160000e+00
  -1.1300600e+01  -1.1272700e+01  -1.1194100e+01  -1.1343400e+01  -5.4486000e+00  -5.4260000e+00
  -1.1258600e+01  -1.1236400e+01  -1.1159200e+01  -1.1308900e+01  -5.1785000e+00  -5.1376000e+00
  -1.1226500e+01  -1.1205100e+01  -1.1138000e+01  -1.1285800e+01  -4.9117000e+00  -4.8598000e+00
  -1.1196100e+01  -1.1177500e+01  -1.1105500e+01  -1.1250900e+01  -4.6576000e+00  -4.5948000e+00
  -1.1162300e+01  -1.1146600e+01  -1.1072300e+01  -1.1218600e+01  -4.4271000e+00  -4.3470000e+00
  -1.1123400e+01  -1.1109300e+01  -1.1030500e+01  -1.1175400e+01  -4.2116000e+00  -4.1119000e+00
  -1.1083100e+01  -1.1064900e+01  -1.0996700e+01  -1.1148300e+01  -4.0039000e+00  -3.8728000e+00
  -1.1059600e+01  -1.1031400e+01  -1.0976800e+01  -1.1127600e+01  -3.7942000e+00  -3.6240000e+00
  -1.1039000e+01  -1.1009600e+01  -1.0959400e+01  -1.1106400e+01  -3.5866000e+00  -3.3882000e+00
  -1.1020600e+01  -1.0989300e+01  -1.0943200e+01  -1.1089800e+01  -3.3629000e+00  -3.1820000e+00
  -1.1005700e+01  -1.0985800e+01  -1.0935100e+01  -1.1081200e+01  -3.1261000e+00  -2.9986000e+00
  -1.0992400e+01  -1.0977500e+01  -1.0924800e+01  -1.1064100e+01  -2.9271000e+00  -2.8144000e+00
  -1.0974900e+01  -1.0966800e+01  -1.0910700e+01  -1.1044600e+01  -2.8073000e+00  -2.6495000e+00
  -1.0960800e+01  -1.0960300e+01  -1.0903800e+01  -1.1033400e+01  -2.7239000e+00  -2.5422000e+00
  -1.0954900e+01  -1.0947100e+01  -1.0901200e+01  -1.1025400e+01  -2.6198000e+00  -2.4508000e+00
  -1.0941800e+01  -1.0934300e+01  -1.0890000e+01  -1.1010400e+01  -2.4878000e+00  -2.3419000e+00
  -1.0927100e+01  -1.0921000e+01  -1.0882500e+01  -1.0996100e+01  -2.3979000e+00  -2.3310000e+00
  -1.0913100e+01  -1.0914900e+01  -1.0870700e+01  -1.0975500e+01  -2.3658000e+00  -2.4023000e+00
  -1.0895700e+01  -1.0899700e+01  -1.0856500e+01  -1.0953300e+01  -2.4103000e+00  -2.4047000e+00
  -1.0882600e+01  -1.0877600e+01  -1.0844200e+01  -1.0932500e+01  -2.4498000e+00  -2.4258000e+00
  -1.0870200e+01  -1.0865900e+01  -1.0838700e+01  -1.0920700e+01  -2.4941000e+00  -2.5279000e+00
  -1.0859600e+01  -1.0854600e+01  -1.0835000e+01  -1.0909700e+01  -2.4999000e+00  -2.5951000e+00
  -1.0847400e+01  -1.0847100e+01  -1.0831300e+01  -1.0898100e+01  -2.5127000e+00  -2.6729000e+00
  -1.0836600e+01  -1.0850500e+01  -1.0831500e+01  -1.0890900e+01  -2.5706000e+00  -2.7679000e+00
  -1.0831500e+01  -1.0855000e+01  -1.0840500e+01  -1.0894400e+01  -2.6684000e+00  -2.8897000e+00
  -1.0834800e+01  -1.0862800e+01  -1.0852200e+01  -1.0898800e+01  -2.7730000e+00  -3.0395000e+00
  -1.0824900e+01  -1.0868600e+01  -1.0858000e+01  -1.0897600e+01  -2.8772000e+00  -3.2025000e+00
  -1.0826400e+01  -1.0879400e+01  -1.0868100e+01  -1.0901500e+01  -3.0909000e+00  -3.4729000e+00
  -1.0833000e+01  -1.0895900e+01  -1.0886100e+01  -1.0912700e+01  -3.2868000e+00  -3.8463000e+00
  -1.0848100e+01  -1.0908700e+01  -1.0903200e+01  -1.0927000e+01  -3.9313000e+00  -4.2453000e+00
  -1.0858700e+01  -1.0919200e+01  -1.0921000e+01  -1.0945500e+01  -4.7994000e+00  -4.7210000e+00
  -1.0871200e+01  -1.0934600e+01  -1.0941700e+01  -1.0966200e+01  -5.1550000e+00  -5.2861000e+00
  -1.0893600e+01  -1.0958700e+01  -1.0958800e+01  -1.0974100e+01  -5.5390000e+00  -5.7659000e+00
  -1.0896400e+01  -1.0962900e+01  -1.0958800e+01  -1.0975700e+01  -5.9958000e+00  -6.2277000e+00
  -1.0889000e+01  -1.0955700e+01  -1.0955000e+01  -1.0968700e+01  -6.4601000e+00  -6.6404000e+00
  -1.0887000e+01  -1.0948000e+01  -1.0952200e+01  -1.0962400e+01  -6.9035000e+00  -6.9770000e+00
  -1.0891700e+01  -1.0940700e+01  -1.0952200e+01  -1.0959200e+01  -7.1963000e+00  -7.2900000e+00
  -1.0891900e+01  -1.0937900e+01  -1.0948800e+01  -1.0953500e+01  -7.5079000e+00  -7.6020000e+00
  -1.0881300e+01  -1.0930600e+01  -1.0937300e+01  -1.0938200e+01  -7.8542000e+00  -7.9302000e+00
  -1.0871800e+01  -1.0913500e+01  -1.0926400e+01  -1.0924400e+01  -8.1118000e+00  -8.2202000e+00
  -1.0866800e+01  -1.0901400e+01  -1.0919400e+01  -1.0914300e+01  -8.3267000e+00  -8.4281000e+00
  -1.0859100e+01  -1.0884000e+01  -1.0909500e+01  -1.0899700e+01  -8.5621000e+00  -8.6287000e+00
  -1.0863300e+01  -1.0868500e+01  -1.0904700e+01  -1.0891600e+01  -8.7702000e+00  -8.8312000e+00
  -1.0861600e+01  -1.0862700e+01  -1.0902200e+01  -1.0888100e+01  -8.9569000e+00  -9.0207000e+00
  -1.0867100e+01  -1.0859200e+01  -1.0901800e+01  -1.0882800e+01  -9.1281000e+00  -9.1749000e+00
  -1.0874000e+01  -1.0850800e+01  -1.0901400e+01  -1.0882700e+01  -9.2861000e+00  -9.3234000e+00
  -1.0874300e+01  -1.0854000e+01  -1.0902200e+01  -1.0887600e+01  -9.4321000e+00  -9.4792000e+00
  -1.0866000e+01  -1.0854400e+01  -1.0896400e+01  -1.0886400e+01  -9.5486000e+00  -9.6232000e+00
  -1.0854400e+01  -1.0853900e+01  -1.0885500e+01  -1.0876900e+01  -9.6690000e+00  -9.7733000e+00
  -1.0826200e+01  -1.0845600e+01  -1.0860900e+01  -1.0854600e+01  -9.8113000e+00  -9.9167000e+00
  -1.0787900e+01  -1.0821600e+01  -1.0824700e+01  -1.0819000e+01  -9.9679000e+00  -1.0049200e+01
  -1.0754500e+01  -1.0794600e+01  -1.0792800e+01  -1.0787600e+01  -1.0127200e+01  -1.0179400e+01
  -1.0731200e+01  -1.0768200e+01  -1.0768300e+01  -1.0762900e+01  -1.0270500e+01  -1.0299500e+01
  -1.0713900e+01  -1.0747800e+01  -1.0749300e+01  -1.0745600e+01  -1.0377400e+01  -1.0415700e+01
  -1.0699600e+01  -1.0736800e+01  -1.0735500e+01  -1.0734000e+01  -1.0462600e+01  -1.0512900e+01
  -1.0687700e+01  -1.0729400e+01  -1.0726200e+01  -1.0726800e+01  -1.0529400e+01  -1.0566600e+01
  -1.0679100e+01  -1.0721700e+01  -1.0720100e+01  -1.0722200e+01  -1.0546300e+01  -1.0593200e+01
  -1.0664700e+01  -1.0706400e+01  -1.0708100e+01  -1.0711400e+01  -1.0556300e+01  -1.0632600e+01
  -1.0657400e+01  -1.0698600e+01  -1.0702200e+01  -1.0706100e+01  -1.0612600e+01  -1.0677800e+01
  -1.0653200e+01  -1.0696700e+01  -1.0697900e+01  -1.0701300e+01  -1.0644600e+01  -1.0692700e+01
  -1.0653600e+01  -1.0697800e+01  -1.0695700e+01  -1.0698400e+01  -1.0684200e+01  -1.0730100e+01
  -1.0641600e+01  -1.0699500e+01  -1.0690600e+01  -1.0693800e+01  -1.0738500e+01  -1.0769900e+01
  -1.0617900e+01  -1.0688800e+01  -1.0670600e+01  -1.0672700e+01  -1.0773400e+01  -1.0813700e+01
  -1.0597400e+01  -1.0676800e+01  -1.0654700e+01  -1.0660100e+01  -1.0787200e+01  -1.0710200e+01
  -1.0595400e+01  -1.0654000e+01  -1.0643600e+01  -1.0643800e+01  -1.0928700e+01  -1.0771300e+01
  -1.0585000e+01  -1.0623600e+01  -1.0623000e+01  -1.0619200e+01  -1.0947300e+01  -1.0876900e+01
  -1.0555900e+01  -1.0600500e+01  -1.0601500e+01  -1.0596700e+01  -1.1127800e+01  -1.1031200e+01
  -1.0549300e+01  -1.0635900e+01  -1.0607200e+01  -1.0603500e+01  -1.1285800e+01  -1.1090700e+01
  -1.0588700e+01  -1.0696600e+01  -1.0650600e+01  -1.0656400e+01  -1.1284700e+01  -1.1071300e+01
  -1.0626800e+01  -1.0726300e+01  -1.0684000e+01  -1.0690400e+01  -1.1377600e+01  -1.1228800e+01
  -1.0676000e+01  -1.0776800e+01  -1.0730900e+01  -1.0740500e+01  -1.1503300e+01  -1.1355700e+01
  -1.0716000e+01  -1.0788900e+01  -1.0767100e+01  -1.0771800e+01  -1.1535700e+01  -1.1440000e+01
  -1.0741300e+01  -1.0816000e+01  -1.0791000e+01  -1.0796900e+01  -1.1584800e+01  -1.1532900e+01
  -1.0761900e+01  -1.0848200e+01  -1.0820200e+01  -1.0828000e+01  -1.1666100e+01  -1.1572300e+01
  -1.0786000e+01  -1.0861500e+01  -1.0829100e+01  -1.0832000e+01  -1.1695300e+01  -1.1583600e+01
  -1.0795100e+01  -1.0862700e+01  -1.0836800e+01  -1.0850100e+01  -1.1671000e+01  -1.1586600e+01
  -1.0790000e+01  -1.0842300e+01  -1.0823400e+01  -1.0844100e+01  -1.1569500e+01  -1.1518900e+01
  -1.0789900e+01  -1.0829600e+01  -1.0811200e+01  -1.0831300e+01  -1.1412400e+01  -1.1349900e+01
  -1.0801300e+01  -1.0836200e+01  -1.0817100e+01  -1.0845800e+01  -1.1062100e+01  -1.0980800e+01
  -1.0797000e+01  -1.0819600e+01  -1.0793000e+01  -1.0823600e+01  -1.0635800e+01  -1.0553000e+01
  -1.0794900e+01  -1.0816200e+01  -1.0781000e+01  -1.0821300e+01  -1.0180900e+01  -1.0125600e+01
  -1.0804300e+01  -1.0825600e+01  -1.0785600e+01  -1.0835200e+01  -9.7709000e+00  -9.7182000e+00
  -1.0814200e+01  -1.0825700e+01  -1.0785200e+01  -1.0842200e+01  -9.3578000e+00  -9.2809000e+00
  -1.0819500e+01  -1.0836100e+01  -1.0785500e+01  -1.0850500e+01  -8.8851000e+00  -8.7885000e+00
  -1.0820300e+01  -1.0831100e+01  -1.0778400e+01  -1.0850500e+01  -8.4549000e+00  -8.3641000e+00
  -1.0820000e+01  -1.0825500e+01  -1.0771600e+01  -1.0854200e+01  -8.0395000e+00  -7.9859000e+00
  -1.0817000e+01  -1.0827800e+01  -1.0771200e+01  -1.0865200e+01  -7.5873000e+00  -7.5771000e+00
  -1.0836400e+01  -1.0837200e+01  -1.0773900e+01  -1.0873400e+01  -7.1383000e+00  -7.2074000e+00
  -1.0859800e+01  -1.0845900e+01  -1.0778000e+01  -1.0884400e+01  -6.7493000e+00  -6.8520000e+00
  -1.0884900e+01  -1.0855100e+01  -1.0785900e+01  -1.0903500e+01  -6.3743000e+00  -6.4652000e+00
  -1.0905100e+01  -1.0854800e+01  -1.0788900e+01  -1.0913800e+01  -5.9989000e+00  -6.0676000e+00
  -1.0922300e+01  -1.0855400e+01  -1.0789700e+01  -1.0921600e+01  -5.6564000e+00  -5.7218000e+00
  -1.0942800e+01  -1.0860000e+01  -1.0794400e+01  -1.0932900e+01  -5.3343000e+00  -5.4387000e+00
  -1.0975400e+01  -1.0861700e+01  -1.0799200e+01  -1.0945400e+01  -5.0637000e+00  -5.1694000e+00
  -1.0994400e+01  -1.0861900e+01  -1.0804700e+01  -1.0961300e+01  -4.7744000e+00  -4.8856000e+00
  -1.1003800e+01  -1.0860800e+01  -1.0810400e+01  -1.0974100e+01  -4.4570000e+00  -4.5730000e+00
  -1.1023000e+01  -1.0861000e+01  -1.0816200e+01  -1.0985000e+01  -4.1462000e+00  -4.2530000e+00
  -1.1035400e+01  -1.0860200e+01  -1.0820800e+01  -1.0991200e+01  -3.8776000e+00  -3.9748000e+00
  -1.1037300e+01  -1.0855200e+01  -1.0820700e+01  -1.0995000e+01  -3.6338000e+00  -3.7531000e+00
  -1.1036700e+01  -1.0851200e+01  -1.0813600e+01  -1.0997900e+01  -3.5552000e+00  -3.5542000e+00
  -1.1041500e+01  -1.0847500e+01  -1.0807200e+01  -1.0997900e+01  -3.2690000e+00  -3.3057000e+00
  -1.1038000e+01  -1.0835000e+01  -1.0801800e+01  -1.0997400e+01  -2.8700000e+00  -3.0163000e+00
  -1.1035000e+01  -1.0823800e+01  -1.0795700e+01  -1.1000000e+01  -2.9409000e+00  -2.9749000e+00
  -1.1034900e+01  -1.0817600e+01  -1.0791600e+01  -1.1002400e+01  -3.0928000e+00  -3.0041000e+00
  -1.1027400e+01  -1.0816900e+01  -1.0787000e+01  -1.0998300e+01  -2.9381000e+00  -2.6400000e+00
  -1.1017800e+01  -1.0810500e+01  -1.0780500e+01  -1.0987200e+01  -2.4964000e+00  -2.2719000e+00
  -1.1018000e+01  -1.0800000e+01  -1.0773300e+01  -1.0978000e+01  -2.1955000e+00  -2.1811000e+00
  -1.1021900e+01  -1.0793600e+01  -1.0768000e+01  -1.0970100e+01  -2.1417000e+00  -2.1689000e+00
  -1.1022600e+01  -1.0792600e+01  -1.0765900e+01  -1.0961700e+01  -2.0859000e+00  -2.0412000e+00
  -1.1013600e+01  -1.0794300e+01  -1.0766100e+01  -1.0953700e+01  -1.9603000e+00  -1.8538000e+00
  -1.0992700e+01  -1.0796500e+01  -1.0765200e+01  -1.0945500e+01  -1.9074000e+00  -1.6814000e+00
  -1.0977500e+01  -1.0799800e+01  -1.0764800e+01  -1.0938700e+01  -1.8509000e+00  -1.5999000e+00
  -1.0967100e+01  -1.0804700e+01  -1.0765400e+01  -1.0931100e+01  -1.7222000e+00  -1.6196000e+00
  -1.0959600e+01  -1.0810500e+01  -1.0766800e+01  -1.0923400e+01  -1.5774000e+00  -1.6309000e+00
  -1.0948900e+01  -1.0815100e+01  -1.0769700e+01  -1.0919100e+01  -1.4776000e+00  -1.5632000e+00
  -1.0934600e+01  -1.0818000e+01  -1.0773000e+01  -1.0913500e+01  -1.4849000e+00  -1.4996000e+00
  -1.0917200e+01  -1.0822900e+01  -1.0778100e+01  -1.0909600e+01  -1.5488000e+00  -1.5392000e+00
  -1.0898600e+01  -1.0833500e+01  -1.0787600e+01  -1.0907700e+01  -1.6216000e+00  -1.6475000e+00
  -1.0882700e+01  -1.0846000e+01  -1.0799500e+01  -1.0905000e+01  -1.6788000e+00  -1.7370000e+00
  -1.0868800e+01  -1.0861500e+01  -1.0814200e+01  -1.0904800e+01  -1.7190000e+00  -1.8090000e+00
  -1.0856300e+01  -1.0878600e+01  -1.0831000e+01  -1.0905700e+01  -1.7849000e+00  -1.9880000e+00
  -1.0852900e+01  -1.0891500e+01  -1.0845400e+01  -1.0904700e+01  -1.9073000e+00  -2.4634000e+00
  -1.0852300e+01  -1.0899500e+01  -1.0857200e+01  -1.0902300e+01  -2.1919000e+00  -3.0088000e+00
  -1.0848200e+01  -1.0905800e+01  -1.0866600e+01  -1.0901900e+01  -2.6875000e+00  -3.4620000e+00
  -1.0841000e+01  -1.0908700e+01  -1.0874700e+01  -1.0900500e+01  -2.8467000e+00  -3.8590000e+00
  -1.0837100e+01  -1.0909100e+01  -1.0881100e+01  -1.0900100e+01  -3.5959000e+00  -4.1314000e+00
  -1.0836600e+01  -1.0908100e+01  -1.0886000e+01  -1.0901900e+01  -4.2642000e+00  -4.4327000e+00
  -1.0836500e+01  -1.0907100e+01  -1.0889200e+01  -1.0904300e+01  -4.7149000e+00  -4.7124000e+00
  -1.0838100e+01  -1.0905900e+01  -1.0890900e+01  -1.0905600e+01  -5.0018000e+00  -4.9768000e+00
  -1.0837500e+01  -1.0903600e+01  -1.0892400e+01  -1.0907200e+01  -5.2434000e+00  -5.3576000e+00
  -1.0836500e+01  -1.0901400e+01  -1.0895700e+01  -1.0910000e+01  -5.4536000e+00  -5.7248000e+00
  -1.0837600e+01  -1.0900900e+01  -1.0901800e+01  -1.0916200e+01  -5.8047000e+00  -6.0842000e+00
  -1.0843800e+01  -1.0905600e+01  -1.0910900e+01  -1.0924600e+01  -6.2383000e+00  -6.4101000e+00
  -1.0853100e+01  -1.0914200e+01  -1.0920400e+01  -1.0932500e+01  -6.5573000e+00  -6.6953000e+00
  -1.0863100e+01  -1.0922600e+01  -1.0930500e+01  -1.0942700e+01  -6.7966000e+00  -6.9221000e+00
  -1.0878800e+01  -1.0933900e+01  -1.0946200e+01  -1.0956500e+01  -7.0967000e+00  -7.2276000e+00
  -1.0899300e+01  -1.0949000e+01  -1.0963100e+01  -1.0971300e+01  -7.4194000e+00  -7.5515000e+00
  -1.0918200e+01  -1.0962500e+01  -1.0977700e+01  -1.0983600e+01  -7.6560000e+00  -7.6962000e+00
  -1.0931300e+01  -1.0971100e+01  -1.0987200e+01  -1.0991400e+01  -7.9534000e+00  -7.9390000e+00
  -1.0937100e+01  -1.0975300e+01  -1.0989600e+01  -1.0991000e+01  -8.0931000e+00  -8.2584000e+00
  -1.0931000e+01  -1.0968100e+01  -1.0983300e+01  -1.0982300e+01  -8.2284000e+00  -8.4411000e+00
  -1.0922000e+01  -1.0956800e+01  -1.0977400e+01  -1.0975600e+01  -8.5262000e+00  -8.7507000e+00
  -1.0916100e+01  -1.0950600e+01  -1.0972800e+01  -1.0969400e+01  -8.6944000e+00  -9.0288000e+00
  -1.0911700e+01  -1.0944700e+01  -1.0970000e+01  -1.0965100e+01  -8.9593000e+00  -9.2859000e+00
  -1.0929900e+01  -1.0940300e+01  -1.0973800e+01  -1.0959700e+01  -9.2725000e+00  -9.5388000e+00
  -1.0995300e+01  -1.0938300e+01  -1.0989800e+01  -1.0956900e+01  -9.5155000e+00  -9.7027000e+00
  -1.1096000e+01  -1.0943000e+01  -1.1025800e+01  -1.0971500e+01  -9.7665000e+00  -9.8218000e+00
