  -6.1711000e+00  -6.3261000e+00  -6.2913000e+00  -6.3638000e+00  -8.7696000e+00  -8.5044000e+00
  -6.4321000e+00  -6.6740000e+00  -6.6245000e+00  -6.7153000e+00  -8.4495000e+00  -8.2026000e+00
  -6.8363000e+00  -6.9600000e+00  -6.9329000e+00  -7.0017000e+00  -8.0810000e+00  -7.9993000e+00
  -7.2713000e+00  -7.3375000e+00  -7.3265000e+00  -7.3684000e+00  -8.0487000e+00  -7.9790000e+00
  -7.4440000e+00  -7.4747000e+00  -7.4635000e+00  -7.4896000e+00  -8.0519000e+00  -7.9374000e+00
  -7.5416000e+00  -7.5576000e+00  -7.5622000e+00  -7.5866000e+00  -8.0309000e+00  -7.9000000e+00
  -7.5833000e+00  -7.5874000e+00  -7.5988000e+00  -7.6186000e+00  -8.1102000e+00  -7.9767000e+00
  -7.6350000e+00  -7.6308000e+00  -7.6414000e+00  -7.6548000e+00  -8.1350000e+00  -8.0107000e+00
  -7.7805000e+00  -7.7453000e+00  -7.7640000e+00  -7.7605000e+00  -8.1816000e+00  -7.9332000e+00
  -7.8900000e+00  -7.8574000e+00  -7.8802000e+00  -7.8805000e+00  -8.1906000e+00  -7.9631000e+00
  -7.9808000e+00  -7.9084000e+00  -7.9442000e+00  -7.9270000e+00  -8.2370000e+00  -8.1228000e+00
  -8.2234000e+00  -8.1458000e+00  -8.1779000e+00  -8.1553000e+00  -8.3743000e+00  -8.3188000e+00
  -8.4168000e+00  -8.3054000e+00  -8.3414000e+00  -8.2980000e+00  -8.5156000e+00  -8.4821000e+00
  -8.5770000e+00  -8.4363000e+00  -8.4632000e+00  -8.3848000e+00  -8.5882000e+00  -8.5317000e+00
  -8.5580000e+00  -8.4029000e+00  -8.4435000e+00  -8.3886000e+00  -8.6645000e+00  -8.5545000e+00
  -8.5900000e+00  -8.4995000e+00  -8.5311000e+00  -8.5000000e+00  -8.6788000e+00  -8.5758000e+00
  -8.7168000e+00  -8.6434000e+00  -8.6748000e+00  -8.6552000e+00  -8.9132000e+00  -8.7306000e+00
  -8.8496000e+00  -8.7542000e+00  -8.7878000e+00  -8.7595000e+00  -8.8303000e+00  -8.8314000e+00
  -8.8791000e+00  -8.7452000e+00  -8.7922000e+00  -8.7474000e+00  -8.6950000e+00  -8.4549000e+00
  -8.9093000e+00  -8.8135000e+00  -8.8579000e+00  -8.8264000e+00  -8.0870000e+00  -7.8274000e+00
  -8.9398000e+00  -8.8512000e+00  -8.8823000e+00  -8.8650000e+00  -7.8200000e+00  -7.8859000e+00
  -9.0211000e+00  -8.9130000e+00  -8.9579000e+00  -8.9312000e+00  -7.8152000e+00  -8.0800000e+00
  -8.9891000e+00  -8.8996000e+00  -8.9479000e+00  -8.9250000e+00  -8.0580000e+00  -8.4972000e+00
  -8.7952000e+00  -8.7192000e+00  -8.7617000e+00  -8.7415000e+00  -8.3781000e+00  -8.8325000e+00
  -8.6534000e+00  -8.5721000e+00  -8.6302000e+00  -8.6140000e+00  -8.6795000e+00  -8.9521000e+00
  -8.5862000e+00  -8.4892000e+00  -8.5545000e+00  -8.5291000e+00  -8.7805000e+00  -9.1354000e+00
  -8.5744000e+00  -8.4912000e+00  -8.5600000e+00  -8.5400000e+00  -9.0149000e+00  -9.3595000e+00
  -8.5058000e+00  -8.3887000e+00  -8.4740000e+00  -8.4378000e+00  -9.1928000e+00  -9.5891000e+00
  -8.5545000e+00  -8.4494000e+00  -8.5354000e+00  -8.5115000e+00  -9.3574000e+00  -9.9194000e+00
  -8.5579000e+00  -8.4588000e+00  -8.5502000e+00  -8.5339000e+00  -9.5980000e+00  -1.0333400e+01
  -8.5038000e+00  -8.4314000e+00  -8.5125000e+00  -8.5063000e+00  -9.9264000e+00  -1.0584400e+01
  -8.5412000e+00  -8.4454000e+00  -8.5327000e+00  -8.5166000e+00  -1.0050100e+01  -1.0665700e+01
  -8.6245000e+00  -8.5831000e+00  -8.6394000e+00  -8.6392000e+00  -1.0030100e+01  -1.0774400e+01
  -8.5873000e+00  -8.5219000e+00  -8.5749000e+00  -8.5565000e+00  -1.0090700e+01  -1.0873700e+01
  -8.7625000e+00  -8.6428000e+00  -8.7246000e+00  -8.6878000e+00  -1.0112300e+01  -1.0869100e+01
  -8.9486000e+00  -8.8570000e+00  -8.9257000e+00  -8.9071000e+00  -1.0101500e+01  -1.0778000e+01
  -8.9809000e+00  -8.9373000e+00  -8.9649000e+00  -8.9496000e+00  -1.0076800e+01  -1.0811600e+01
  -8.9360000e+00  -8.9300000e+00  -8.9431000e+00  -8.9444000e+00  -1.0138200e+01  -1.0876200e+01
  -8.9266000e+00  -8.9154000e+00  -8.9377000e+00  -8.9276000e+00  -1.0209400e+01  -1.0980500e+01
  -8.9393000e+00  -8.8890000e+00  -8.9316000e+00  -8.9146000e+00  -1.0317300e+01  -1.1086100e+01
  -8.9849000e+00  -8.9267000e+00  -8.9721000e+00  -8.9485000e+00  -1.0388900e+01  -1.1191900e+01
  -9.0167000e+00  -8.9729000e+00  -9.0272000e+00  -9.0194000e+00  -1.0393300e+01  -1.1331200e+01
  -9.0729000e+00  -9.0243000e+00  -9.0550000e+00  -9.0308000e+00  -1.0443700e+01  -1.1541100e+01
  -9.1651000e+00  -9.0951000e+00  -9.1364000e+00  -9.1060000e+00  -1.0629300e+01  -1.1794300e+01
  -9.2305000e+00  -9.1858000e+00  -9.2023000e+00  -9.1739000e+00  -1.0941300e+01  -1.1930100e+01
  -9.1937000e+00  -9.1595000e+00  -9.1670000e+00  -9.1341000e+00  -1.1376600e+01  -1.2049000e+01
  -9.2224000e+00  -9.1883000e+00  -9.2065000e+00  -9.1790000e+00  -1.1578600e+01  -1.2060800e+01
  -9.2726000e+00  -9.2078000e+00  -9.2543000e+00  -9.2246000e+00  -1.1505000e+01  -1.2023500e+01
  -9.3525000e+00  -9.2796000e+00  -9.3322000e+00  -9.3067000e+00  -1.1339600e+01  -1.2053000e+01
  -9.4183000e+00  -9.3543000e+00  -9.3826000e+00  -9.3501000e+00  -1.1225500e+01  -1.2176100e+01
  -9.4918000e+00  -9.4392000e+00  -9.4587000e+00  -9.4279000e+00  -1.1384500e+01  -1.2289800e+01
  -9.5165000e+00  -9.4379000e+00  -9.4706000e+00  -9.4328000e+00  -1.1777100e+01  -1.2215000e+01
  -9.5411000e+00  -9.4678000e+00  -9.4980000e+00  -9.4612000e+00  -1.2001600e+01  -1.1970100e+01
  -9.5842000e+00  -9.5145000e+00  -9.5505000e+00  -9.5208000e+00  -1.2036600e+01  -1.1692100e+01
  -9.6557000e+00  -9.5906000e+00  -9.6186000e+00  -9.5867000e+00  -1.2320400e+01  -1.1586400e+01
  -9.6350000e+00  -9.5889000e+00  -9.6003000e+00  -9.5732000e+00  -1.2605600e+01  -1.1738600e+01
  -9.4686000e+00  -9.4587000e+00  -9.4652000e+00  -9.4595000e+00  -1.2549100e+01  -1.1872000e+01
  -9.1962000e+00  -9.1771000e+00  -9.1791000e+00  -9.1562000e+00  -1.2098800e+01  -1.1827000e+01
  -8.9379000e+00  -8.8541000e+00  -8.8953000e+00  -8.8598000e+00  -1.1340800e+01  -1.1165100e+01
  -8.8409000e+00  -8.7213000e+00  -8.7684000e+00  -8.7093000e+00  -1.1478200e+01  -1.0819100e+01
  -8.8142000e+00  -8.6863000e+00  -8.7517000e+00  -8.7000000e+00  -1.1881200e+01  -1.0859900e+01
  -8.7096000e+00  -8.6177000e+00  -8.6889000e+00  -8.6693000e+00  -1.2273800e+01  -1.0374300e+01
  -8.4572000e+00  -8.3948000e+00  -8.4571000e+00  -8.4481000e+00  -1.2692300e+01  -9.6817000e+00
  -8.1791000e+00  -8.1446000e+00  -8.1954000e+00  -8.1928000e+00  -1.3111000e+01  -9.3057000e+00
  -8.0669000e+00  -7.9899000e+00  -8.0518000e+00  -8.0394000e+00  -1.1670300e+01  -9.7394000e+00
  -8.2493000e+00  -8.1456000e+00  -8.1956000e+00  -8.1638000e+00  -1.0570800e+01  -8.9010000e+00
  -8.4424000e+00  -8.3642000e+00  -8.3959000e+00  -8.3663000e+00  -1.0141900e+01  -8.9213000e+00
  -8.5422000e+00  -8.4470000e+00  -8.4666000e+00  -8.4370000e+00  -9.9041000e+00  -8.7568000e+00
  -8.5394000e+00  -8.4879000e+00  -8.4871000e+00  -8.4614000e+00  -9.8363000e+00  -7.9945000e+00
  -8.4961000e+00  -8.4635000e+00  -8.4640000e+00  -8.4530000e+00  -9.6990000e+00  -7.3613000e+00
  -8.3842000e+00  -8.3634000e+00  -8.3754000e+00  -8.3719000e+00  -9.5055000e+00  -7.2989000e+00
  -8.6111000e+00  -8.5277000e+00  -8.5350000e+00  -8.4830000e+00  -9.2591000e+00  -7.4357000e+00
  -8.9531000e+00  -8.9155000e+00  -8.9133000e+00  -8.8830000e+00  -9.0792000e+00  -7.4657000e+00
  -9.1913000e+00  -9.1506000e+00  -9.1596000e+00  -9.1504000e+00  -8.3713000e+00  -7.1580000e+00
  -9.3435000e+00  -9.3011000e+00  -9.2618000e+00  -9.2109000e+00  -7.8138000e+00  -6.1800000e+00
  -9.3370000e+00  -9.2413000e+00  -9.1345000e+00  -9.0436000e+00  -7.2851000e+00  -5.3596000e+00
  -9.0310000e+00  -8.9961000e+00  -9.0057000e+00  -8.9950000e+00  -7.0310000e+00  -5.2280000e+00
  -8.7719000e+00  -8.6802000e+00  -8.7397000e+00  -8.7203000e+00  -6.8223000e+00  -5.7614000e+00
  -8.8356000e+00  -8.7207000e+00  -8.8000000e+00  -8.7865000e+00  -6.3194000e+00  -6.3151000e+00
  -8.8207000e+00  -8.6804000e+00  -8.7656000e+00  -8.7536000e+00  -5.5445000e+00  -6.4916000e+00
  -8.8849000e+00  -8.7233000e+00  -8.8295000e+00  -8.8197000e+00  -4.5879000e+00  -6.3100000e+00
  -8.9232000e+00  -8.8317000e+00  -8.9108000e+00  -8.9406000e+00  -4.1260000e+00  -6.1347000e+00
  -8.7278000e+00  -8.7041000e+00  -8.7442000e+00  -8.8082000e+00  -3.9916000e+00  -6.1292000e+00
  -8.4641000e+00  -8.5351000e+00  -8.4765000e+00  -8.5356000e+00  -3.9541000e+00  -5.9621000e+00
  -8.2329000e+00  -8.3298000e+00  -8.2479000e+00  -8.3016000e+00  -3.9494000e+00  -5.6520000e+00
  -8.0571000e+00  -8.1491000e+00  -8.0594000e+00  -8.0906000e+00  -3.7409000e+00  -5.3769000e+00
  -7.9057000e+00  -7.9590000e+00  -7.8702000e+00  -7.8729000e+00  -3.9557000e+00  -5.0734000e+00
  -7.8631000e+00  -7.8404000e+00  -7.8172000e+00  -7.7965000e+00  -4.5377000e+00  -5.0160000e+00
  -7.7576000e+00  -7.6866000e+00  -7.6876000e+00  -7.6613000e+00  -5.7014000e+00  -5.0919000e+00
  -7.7059000e+00  -7.5436000e+00  -7.6117000e+00  -7.5815000e+00  -6.1361000e+00  -4.9172000e+00
  -7.7517000e+00  -7.5132000e+00  -7.6614000e+00  -7.6494000e+00  -5.9486000e+00  -4.6508000e+00
  -7.8472000e+00  -7.6168000e+00  -7.7707000e+00  -7.7763000e+00  -5.6644000e+00  -4.3338000e+00
  -7.9337000e+00  -7.7179000e+00  -7.8743000e+00  -7.8923000e+00  -5.3182000e+00  -4.0327000e+00
  -8.0180000e+00  -7.7800000e+00  -7.9907000e+00  -8.0206000e+00  -5.1330000e+00  -4.0250000e+00
  -8.3359000e+00  -8.0078000e+00  -8.2811000e+00  -8.3102000e+00  -4.8330000e+00  -4.2909000e+00
  -8.5346000e+00  -8.2752000e+00  -8.5381000e+00  -8.5788000e+00  -4.7301000e+00  -4.4764000e+00
  -8.5356000e+00  -8.3347000e+00  -8.5817000e+00  -8.6542000e+00  -4.4486000e+00  -4.6014000e+00
  -8.6261000e+00  -8.4203000e+00  -8.6695000e+00  -8.7410000e+00  -4.6830000e+00  -4.7961000e+00
  -8.6632000e+00  -8.4566000e+00  -8.7180000e+00  -8.7866000e+00  -4.9496000e+00  -4.8230000e+00
  -8.8446000e+00  -8.5021000e+00  -8.8045000e+00  -8.8156000e+00  -5.0974000e+00  -4.8144000e+00
  -9.1026000e+00  -8.8028000e+00  -9.0851000e+00  -9.1081000e+00  -5.3695000e+00  -4.8391000e+00
  -9.3774000e+00  -9.0576000e+00  -9.3064000e+00  -9.2954000e+00  -5.8180000e+00  -4.7842000e+00
  -9.5175000e+00  -9.2586000e+00  -9.5017000e+00  -9.5274000e+00  -6.3636000e+00  -4.8768000e+00
  -9.5235000e+00  -9.3031000e+00  -9.5331000e+00  -9.5673000e+00  -6.5726000e+00  -5.5018000e+00
  -9.4776000e+00  -9.2687000e+00  -9.4771000e+00  -9.5070000e+00  -6.5609000e+00  -6.5052000e+00
  -9.5112000e+00  -9.3669000e+00  -9.5131000e+00  -9.5339000e+00  -6.6273000e+00  -7.2261000e+00
  -9.4300000e+00  -9.3500000e+00  -9.4561000e+00  -9.4997000e+00  -6.7845000e+00  -7.7598000e+00
  -9.3484000e+00  -9.2593000e+00  -9.3585000e+00  -9.4000000e+00  -6.7443000e+00  -8.1439000e+00
  -9.2934000e+00  -9.1820000e+00  -9.2870000e+00  -9.3113000e+00  -6.6720000e+00  -8.3455000e+00
  -9.1845000e+00  -9.1389000e+00  -9.2445000e+00  -9.3047000e+00  -6.6496000e+00  -8.3326000e+00
  -9.0433000e+00  -9.0169000e+00  -9.1140000e+00  -9.1913000e+00  -6.7881000e+00  -8.1823000e+00
  -8.9177000e+00  -8.8728000e+00  -8.9812000e+00  -9.0359000e+00  -6.8787000e+00  -7.9689000e+00
  -8.6988000e+00  -8.6999000e+00  -8.7797000e+00  -8.8456000e+00  -7.0852000e+00  -7.9758000e+00
  -8.5338000e+00  -8.5918000e+00  -8.6332000e+00  -8.6937000e+00  -7.2909000e+00  -7.8650000e+00
  -8.4271000e+00  -8.4528000e+00  -8.4957000e+00  -8.5556000e+00  -6.8212000e+00  -7.3670000e+00
  -8.2941000e+00  -8.3168000e+00  -8.3404000e+00  -8.3762000e+00  -6.8595000e+00  -7.4826000e+00
  -8.1253000e+00  -8.1242000e+00  -8.1659000e+00  -8.1867000e+00  -7.0352000e+00  -7.5604000e+00
  -7.8644000e+00  -7.9444000e+00  -7.9548000e+00  -7.9770000e+00  -7.1700000e+00  -7.5045000e+00
  -7.3928000e+00  -7.5655000e+00  -7.5744000e+00  -7.6764000e+00  -7.4778000e+00  -7.3033000e+00
  -7.1333000e+00  -7.1851000e+00  -7.2120000e+00  -7.2485000e+00  -7.5511000e+00  -7.1174000e+00
  -6.9413000e+00  -6.9137000e+00  -6.9444000e+00  -6.9225000e+00  -7.4350000e+00  -7.1004000e+00
  -6.9043000e+00  -6.8290000e+00  -6.8425000e+00  -6.8057000e+00  -7.3974000e+00  -7.1960000e+00
  -7.1129000e+00  -7.0158000e+00  -6.9726000e+00  -6.8865000e+00  -7.3797000e+00  -7.2885000e+00
  -7.3346000e+00  -7.2560000e+00  -7.2005000e+00  -7.1082000e+00  -7.2498000e+00  -7.2735000e+00
  -7.3111000e+00  -7.3714000e+00  -7.3166000e+00  -7.3291000e+00  -7.0116000e+00  -7.2333000e+00
  -7.2123000e+00  -7.2549000e+00  -7.2472000e+00  -7.2901000e+00  -6.8544000e+00  -7.2495000e+00
  -7.2119000e+00  -7.2193000e+00  -7.2577000e+00  -7.2947000e+00  -6.7975000e+00  -7.2455000e+00
  -7.2469000e+00  -7.2424000e+00  -7.3134000e+00  -7.3691000e+00  -6.8271000e+00  -7.2090000e+00
  -7.2827000e+00  -7.2476000e+00  -7.3562000e+00  -7.4195000e+00  -6.8212000e+00  -7.1044000e+00
  -7.3273000e+00  -7.1988000e+00  -7.3618000e+00  -7.3967000e+00  -6.6394000e+00  -6.9071000e+00
  -7.2525000e+00  -7.1149000e+00  -7.2795000e+00  -7.3138000e+00  -6.5834000e+00  -6.6600000e+00
  -7.1726000e+00  -7.0724000e+00  -7.1992000e+00  -7.2235000e+00  -6.4879000e+00  -6.4686000e+00
  -6.9443000e+00  -6.8672000e+00  -7.0176000e+00  -7.0666000e+00  -6.4464000e+00  -6.3519000e+00
  -6.7004000e+00  -6.6017000e+00  -6.7880000e+00  -6.8581000e+00  -6.5511000e+00  -6.2984000e+00
  -6.5785000e+00  -6.4627000e+00  -6.6207000e+00  -6.6526000e+00  -6.7606000e+00  -6.3909000e+00
  -6.4832000e+00  -6.3292000e+00  -6.4960000e+00  -6.4974000e+00  -6.9123000e+00  -6.5152000e+00
  -6.4016000e+00  -6.2326000e+00  -6.4085000e+00  -6.4152000e+00  -6.8760000e+00  -6.4573000e+00
  -6.3935000e+00  -6.1872000e+00  -6.3626000e+00  -6.3434000e+00  -6.9055000e+00  -6.6250000e+00
  -6.3751000e+00  -6.1480000e+00  -6.3205000e+00  -6.2891000e+00  -6.8607000e+00  -6.6328000e+00
  -6.4265000e+00  -6.1992000e+00  -6.3617000e+00  -6.3229000e+00  -6.7827000e+00  -6.6472000e+00
  -6.4719000e+00  -6.2560000e+00  -6.4000000e+00  -6.3521000e+00  -6.7457000e+00  -6.6487000e+00
  -6.4950000e+00  -6.2720000e+00  -6.4048000e+00  -6.3449000e+00  -6.8267000e+00  -6.6505000e+00
  -6.5191000e+00  -6.3265000e+00  -6.4379000e+00  -6.3897000e+00  -6.9298000e+00  -6.7338000e+00
  -6.5997000e+00  -6.4072000e+00  -6.5197000e+00  -6.4685000e+00  -7.0141000e+00  -6.7527000e+00
  -6.6386000e+00  -6.4367000e+00  -6.5597000e+00  -6.5149000e+00  -7.0232000e+00  -6.6522000e+00
  -6.6758000e+00  -6.4760000e+00  -6.5848000e+00  -6.5385000e+00  -6.9458000e+00  -6.5737000e+00
  -6.7685000e+00  -6.5725000e+00  -6.6618000e+00  -6.6015000e+00  -6.8755000e+00  -6.4781000e+00
  -6.6735000e+00  -6.5022000e+00  -6.5893000e+00  -6.5375000e+00  -6.8395000e+00  -6.4773000e+00
  -6.5879000e+00  -6.3979000e+00  -6.5124000e+00  -6.4738000e+00  -6.9003000e+00  -6.5111000e+00
  -6.5881000e+00  -6.4173000e+00  -6.5326000e+00  -6.5011000e+00  -6.9328000e+00  -6.4793000e+00
  -6.4919000e+00  -6.3666000e+00  -6.4614000e+00  -6.4502000e+00  -7.0571000e+00  -6.5287000e+00
  -6.4560000e+00  -6.3638000e+00  -6.4429000e+00  -6.4316000e+00  -7.0976000e+00  -6.5739000e+00
  -6.5048000e+00  -6.4383000e+00  -6.4824000e+00  -6.4673000e+00  -7.1159000e+00  -6.6854000e+00
  -6.5970000e+00  -6.5038000e+00  -6.5769000e+00  -6.5505000e+00  -7.1659000e+00  -6.8503000e+00
  -6.8097000e+00  -6.6074000e+00  -6.7301000e+00  -6.6753000e+00  -7.3589000e+00  -7.0235000e+00
  -6.9378000e+00  -6.7613000e+00  -6.8834000e+00  -6.8517000e+00  -7.4555000e+00  -7.2584000e+00
  -7.0332000e+00  -6.9543000e+00  -7.0087000e+00  -6.9976000e+00  -7.7229000e+00  -7.5297000e+00
  -7.0551000e+00  -7.0412000e+00  -7.0657000e+00  -7.0786000e+00  -7.8760000e+00  -7.7214000e+00
  -6.8893000e+00  -6.9013000e+00  -6.9351000e+00  -6.9664000e+00  -7.7214000e+00  -7.7456000e+00
  -6.5719000e+00  -6.6415000e+00  -6.6894000e+00  -6.7584000e+00  -7.6661000e+00  -7.4473000e+00
  -6.1793000e+00  -6.2311000e+00  -6.2987000e+00  -6.3693000e+00  -7.9420000e+00  -7.4049000e+00
  -5.9000000e+00  -5.9148000e+00  -5.9812000e+00  -6.0290000e+00  -7.6762000e+00  -7.0654000e+00
  -5.9067000e+00  -5.8746000e+00  -5.9239000e+00  -5.9430000e+00  -7.9147000e+00  -7.0307000e+00
  -5.9216000e+00  -5.9034000e+00  -5.9242000e+00  -5.9291000e+00  -8.1601000e+00  -7.4459000e+00
  -5.8235000e+00  -5.8031000e+00  -5.8313000e+00  -5.8452000e+00  -8.3399000e+00  -7.7235000e+00
  -5.8701000e+00  -5.8136000e+00  -5.8329000e+00  -5.8403000e+00  -8.4887000e+00  -7.7612000e+00
  -6.0181000e+00  -5.9912000e+00  -5.9791000e+00  -5.9857000e+00  -8.5488000e+00  -7.6879000e+00
  -6.0734000e+00  -6.1118000e+00  -6.1163000e+00  -6.1882000e+00  -8.4167000e+00  -7.6375000e+00
  -6.0406000e+00  -6.0263000e+00  -6.0387000e+00  -6.0945000e+00  -8.2011000e+00  -7.5408000e+00
  -6.0563000e+00  -5.9334000e+00  -5.9230000e+00  -5.9056000e+00  -8.1414000e+00  -7.4863000e+00
  -6.0204000e+00  -5.8755000e+00  -5.8876000e+00  -5.8589000e+00  -8.0337000e+00  -7.4611000e+00
  -5.9460000e+00  -5.8400000e+00  -5.8353000e+00  -5.8042000e+00  -7.6578000e+00  -7.3605000e+00
  -5.8414000e+00  -5.8150000e+00  -5.7793000e+00  -5.8017000e+00  -7.3756000e+00  -7.2286000e+00
  -5.7381000e+00  -5.8002000e+00  -5.7276000e+00  -5.7909000e+00  -7.1585000e+00  -7.0077000e+00
  -5.4642000e+00  -5.5925000e+00  -5.5031000e+00  -5.5936000e+00  -6.9624000e+00  -6.6920000e+00
  -5.3340000e+00  -5.5241000e+00  -5.4109000e+00  -5.5085000e+00  -6.7601000e+00  -6.4522000e+00
  -5.1651000e+00  -5.3947000e+00  -5.2128000e+00  -5.2779000e+00  -6.5633000e+00  -6.2497000e+00
  -5.0059000e+00  -5.2877000e+00  -5.0259000e+00  -5.0677000e+00  -6.3282000e+00  -6.1124000e+00
  -4.8966000e+00  -5.2679000e+00  -4.9739000e+00  -5.0404000e+00  -6.1714000e+00  -5.9966000e+00
  -4.7540000e+00  -5.1401000e+00  -4.8815000e+00  -4.9667000e+00  -6.1295000e+00  -5.8631000e+00
  -4.7221000e+00  -5.0672000e+00  -4.8694000e+00  -4.9589000e+00  -6.1903000e+00  -5.7122000e+00
  -4.6667000e+00  -4.9927000e+00  -4.8148000e+00  -4.9004000e+00  -6.2964000e+00  -5.6320000e+00
  -4.4611000e+00  -4.6858000e+00  -4.5638000e+00  -4.6290000e+00  -6.3175000e+00  -5.6358000e+00
  -4.2628000e+00  -4.4301000e+00  -4.3424000e+00  -4.3846000e+00  -6.2406000e+00  -5.6578000e+00
  -4.2350000e+00  -4.3646000e+00  -4.2925000e+00  -4.3160000e+00  -6.0889000e+00  -5.6590000e+00
  -4.1551000e+00  -4.2905000e+00  -4.2464000e+00  -4.2833000e+00  -6.0267000e+00  -5.7056000e+00
  -4.0375000e+00  -4.1534000e+00  -4.1502000e+00  -4.1999000e+00  -5.9440000e+00  -5.6773000e+00
  -3.9767000e+00  -4.0872000e+00  -4.0711000e+00  -4.1241000e+00  -5.9124000e+00  -5.5783000e+00
  -3.9513000e+00  -4.1286000e+00  -4.0587000e+00  -4.1148000e+00  -5.8879000e+00  -5.5111000e+00
  -3.9108000e+00  -4.2650000e+00  -4.0944000e+00  -4.1952000e+00  -5.9136000e+00  -5.5299000e+00
  -3.9082000e+00  -4.5483000e+00  -4.1646000e+00  -4.3422000e+00  -6.0301000e+00  -5.6123000e+00
  -3.9824000e+00  -4.9059000e+00  -4.3462000e+00  -4.6028000e+00  -6.1403000e+00  -5.7180000e+00
  -4.1716000e+00  -5.0967000e+00  -4.5834000e+00  -4.7860000e+00  -6.2125000e+00  -5.8305000e+00
  -4.4430000e+00  -5.0335000e+00  -4.6948000e+00  -4.6790000e+00  -6.1424000e+00  -5.9240000e+00
  -4.6399000e+00  -4.8066000e+00  -4.6067000e+00  -4.4300000e+00  -6.0192000e+00  -5.8475000e+00
  -4.6519000e+00  -4.4502000e+00  -4.3739000e+00  -4.1967000e+00  -6.0087000e+00  -5.7494000e+00
  -4.4290000e+00  -4.1928000e+00  -4.1999000e+00  -4.1612000e+00  -6.1233000e+00  -5.8184000e+00
  -4.2420000e+00  -4.1319000e+00  -4.2005000e+00  -4.2324000e+00  -6.1738000e+00  -5.8595000e+00
  -4.2569000e+00  -4.2340000e+00  -4.3191000e+00  -4.3261000e+00  -6.1393000e+00  -5.8741000e+00
  -4.4636000e+00  -4.4389000e+00  -4.5265000e+00  -4.5028000e+00  -6.1070000e+00  -5.8795000e+00
  -4.6474000e+00  -4.5801000e+00  -4.6975000e+00  -4.6704000e+00  -6.0811000e+00  -5.8343000e+00
  -4.8249000e+00  -4.7550000e+00  -4.8787000e+00  -4.8860000e+00  -6.1155000e+00  -5.8170000e+00
  -4.9588000e+00  -4.9087000e+00  -5.0249000e+00  -5.0460000e+00  -6.1453000e+00  -5.8563000e+00
  -5.1300000e+00  -5.0863000e+00  -5.1926000e+00  -5.2025000e+00  -6.1689000e+00  -5.9100000e+00
  -5.3531000e+00  -5.3204000e+00  -5.3549000e+00  -5.3944000e+00  -6.2177000e+00  -5.9802000e+00
  -5.5211000e+00  -5.6093000e+00  -5.6705000e+00  -5.7423000e+00  -6.1473000e+00  -5.9944000e+00
  -5.7344000e+00  -5.7894000e+00  -5.8185000e+00  -5.8665000e+00  -6.0320000e+00  -5.9499000e+00
  -5.8168000e+00  -5.8375000e+00  -5.8935000e+00  -5.9798000e+00  -5.8554000e+00  -5.7041000e+00
  -5.8066000e+00  -5.8408000e+00  -5.9447000e+00  -6.0304000e+00  -5.5581000e+00  -5.4154000e+00
  -5.8644000e+00  -5.8948000e+00  -5.9352000e+00  -6.0094000e+00  -5.2108000e+00  -5.2080000e+00
  -6.3881000e+00  -6.4857000e+00  -6.4092000e+00  -6.4249000e+00  -4.5193000e+00  -4.5132000e+00
  -6.5473000e+00  -6.7083000e+00  -6.6645000e+00  -6.7408000e+00  -4.2624000e+00  -4.2161000e+00
  -6.3897000e+00  -6.5034000e+00  -6.4848000e+00  -6.5909000e+00  -4.5053000e+00  -4.3911000e+00
  -6.4204000e+00  -6.5488000e+00  -6.5240000e+00  -6.5942000e+00  -4.4796000e+00  -4.4331000e+00
  -6.5114000e+00  -6.5873000e+00  -6.5008000e+00  -6.5058000e+00  -4.3562000e+00  -4.4794000e+00
  -6.5936000e+00  -6.6354000e+00  -6.5858000e+00  -6.6112000e+00  -4.2716000e+00  -4.4246000e+00
  -6.7095000e+00  -6.6827000e+00  -6.6626000e+00  -6.6215000e+00  -4.1429000e+00  -4.2919000e+00
  -6.6537000e+00  -6.7530000e+00  -6.7360000e+00  -6.8228000e+00  -4.0424000e+00  -4.2008000e+00
  -6.5057000e+00  -6.6066000e+00  -6.6131000e+00  -6.6923000e+00  -4.0794000e+00  -4.0638000e+00
  -6.2881000e+00  -6.4138000e+00  -6.4044000e+00  -6.5040000e+00  -4.1249000e+00  -4.0434000e+00
  -6.1967000e+00  -6.2523000e+00  -6.3022000e+00  -6.3855000e+00  -4.0366000e+00  -4.0007000e+00
  -6.2487000e+00  -6.1957000e+00  -6.2633000e+00  -6.2688000e+00  -3.9454000e+00  -3.8281000e+00
  -6.3355000e+00  -6.1829000e+00  -6.3167000e+00  -6.2783000e+00  -3.9192000e+00  -3.7605000e+00
  -6.5962000e+00  -6.3265000e+00  -6.4837000e+00  -6.3761000e+00  -3.9085000e+00  -3.6903000e+00
  -6.8703000e+00  -6.5629000e+00  -6.6727000e+00  -6.5240000e+00  -3.8570000e+00  -3.6216000e+00
  -6.9977000e+00  -6.7702000e+00  -6.8278000e+00  -6.7095000e+00  -3.7419000e+00  -3.5671000e+00
  -7.0919000e+00  -6.8929000e+00  -6.9632000e+00  -6.8675000e+00  -3.6027000e+00  -3.5406000e+00
  -7.1467000e+00  -6.9312000e+00  -7.0478000e+00  -6.9592000e+00  -3.5954000e+00  -3.6056000e+00
  -7.2190000e+00  -7.0103000e+00  -7.1396000e+00  -7.0599000e+00  -3.6207000e+00  -3.6547000e+00
  -7.3359000e+00  -7.2045000e+00  -7.2982000e+00  -7.2376000e+00  -3.5516000e+00  -3.6063000e+00
  -7.3249000e+00  -7.2545000e+00  -7.3168000e+00  -7.2693000e+00  -3.5106000e+00  -3.5536000e+00
  -7.4703000e+00  -7.3586000e+00  -7.4456000e+00  -7.3893000e+00  -3.4661000e+00  -3.5546000e+00
  -7.5595000e+00  -7.4323000e+00  -7.5080000e+00  -7.4367000e+00  -3.3672000e+00  -3.5059000e+00
  -7.5663000e+00  -7.4207000e+00  -7.5438000e+00  -7.5030000e+00  -3.2815000e+00  -3.3461000e+00
  -7.7141000e+00  -7.5443000e+00  -7.6538000e+00  -7.5684000e+00  -3.2598000e+00  -3.1735000e+00
  -7.8035000e+00  -7.6133000e+00  -7.7214000e+00  -7.6424000e+00  -3.1770000e+00  -3.0801000e+00
  -7.8904000e+00  -7.7358000e+00  -7.8481000e+00  -7.7986000e+00  -2.9334000e+00  -2.9612000e+00
  -7.9238000e+00  -7.7971000e+00  -7.8486000e+00  -7.7875000e+00  -2.7003000e+00  -2.8933000e+00
  -7.9141000e+00  -7.8474000e+00  -7.8716000e+00  -7.8265000e+00  -2.5278000e+00  -2.8967000e+00
  -7.9764000e+00  -7.8557000e+00  -7.9490000e+00  -7.9100000e+00  -2.4808000e+00  -2.9854000e+00
  -7.9770000e+00  -7.8302000e+00  -7.9466000e+00  -7.8917000e+00  -2.7488000e+00  -3.0263000e+00
  -7.9750000e+00  -7.8574000e+00  -7.9721000e+00  -7.9314000e+00  -3.0557000e+00  -3.1763000e+00
  -7.8998000e+00  -7.8310000e+00  -7.9246000e+00  -7.9080000e+00  -3.4804000e+00  -3.5978000e+00
  -7.9182000e+00  -7.8321000e+00  -7.9272000e+00  -7.9075000e+00  -3.6360000e+00  -4.1274000e+00
  -7.8804000e+00  -7.7850000e+00  -7.8780000e+00  -7.8583000e+00  -3.5487000e+00  -4.1306000e+00
  -7.9708000e+00  -7.8528000e+00  -7.9192000e+00  -7.8676000e+00  -3.4446000e+00  -3.9058000e+00
  -7.9629000e+00  -7.8087000e+00  -7.9182000e+00  -7.8709000e+00  -3.7336000e+00  -4.3009000e+00
  -7.9056000e+00  -7.7639000e+00  -7.8590000e+00  -7.8011000e+00  -4.4093000e+00  -5.1121000e+00
  -7.7951000e+00  -7.7020000e+00  -7.7978000e+00  -7.7665000e+00  -5.1413000e+00  -5.3178000e+00
  -7.6743000e+00  -7.6218000e+00  -7.6953000e+00  -7.6899000e+00  -5.5372000e+00  -5.6085000e+00
  -7.5246000e+00  -7.5170000e+00  -7.5471000e+00  -7.5535000e+00  -5.5812000e+00  -6.1185000e+00
  -7.4955000e+00  -7.4555000e+00  -7.4762000e+00  -7.4699000e+00  -5.3492000e+00  -6.2638000e+00
  -7.5124000e+00  -7.4171000e+00  -7.4508000e+00  -7.4311000e+00  -5.1760000e+00  -6.3246000e+00
  -7.4907000e+00  -7.3615000e+00  -7.4011000e+00  -7.3584000e+00  -5.1226000e+00  -6.3955000e+00
  -7.4552000e+00  -7.2963000e+00  -7.3752000e+00  -7.3337000e+00  -5.2599000e+00  -6.2949000e+00
  -7.3899000e+00  -7.2377000e+00  -7.3281000e+00  -7.2928000e+00  -5.1781000e+00  -6.3466000e+00
  -7.1945000e+00  -7.0945000e+00  -7.1741000e+00  -7.1664000e+00  -5.2107000e+00  -6.4167000e+00
  -6.9919000e+00  -6.9381000e+00  -6.9796000e+00  -6.9842000e+00  -5.0646000e+00  -6.1884000e+00
  -6.9273000e+00  -6.8476000e+00  -6.8679000e+00  -6.8540000e+00  -5.7640000e+00  -6.1595000e+00
  -6.8469000e+00  -6.7568000e+00  -6.7770000e+00  -6.7485000e+00  -7.3750000e+00  -6.2763000e+00
  -6.7838000e+00  -6.7178000e+00  -6.7149000e+00  -6.6830000e+00  -8.4790000e+00  -7.2280000e+00
  -6.7789000e+00  -6.7315000e+00  -6.7301000e+00  -6.7125000e+00  -8.8044000e+00  -7.9646000e+00
  -6.8449000e+00  -6.7621000e+00  -6.7747000e+00  -6.7463000e+00  -8.5535000e+00  -8.3009000e+00
  -6.8922000e+00  -6.8228000e+00  -6.8058000e+00  -6.7600000e+00  -8.6845000e+00  -8.3085000e+00
  -6.8828000e+00  -6.8503000e+00  -6.8087000e+00  -6.7661000e+00  -9.0149000e+00  -8.1992000e+00
  -6.8460000e+00  -6.8244000e+00  -6.7527000e+00  -6.7043000e+00  -9.0869000e+00  -8.1184000e+00
  -6.7647000e+00  -6.7525000e+00  -6.6823000e+00  -6.6348000e+00  -8.7231000e+00  -8.0215000e+00
  -6.4892000e+00  -6.4992000e+00  -6.4623000e+00  -6.4530000e+00  -8.2879000e+00  -8.0302000e+00
  -6.3122000e+00  -6.2882000e+00  -6.2975000e+00  -6.2950000e+00  -8.0283000e+00  -7.7982000e+00
  -6.1041000e+00  -6.1083000e+00  -6.0874000e+00  -6.0838000e+00  -7.7421000e+00  -7.5330000e+00
  -5.9368000e+00  -6.0040000e+00  -5.9294000e+00  -5.9170000e+00  -7.3578000e+00  -7.1345000e+00
  -5.6132000e+00  -5.6832000e+00  -5.6412000e+00  -5.6646000e+00  -6.9793000e+00  -6.7723000e+00
  -5.4631000e+00  -5.4783000e+00  -5.4645000e+00  -5.4571000e+00  -6.7039000e+00  -6.4390000e+00
  -5.4786000e+00  -5.4514000e+00  -5.4224000e+00  -5.3775000e+00  -6.5292000e+00  -6.1244000e+00
  -5.4443000e+00  -5.5144000e+00  -5.4686000e+00  -5.4400000e+00  -6.4281000e+00  -6.0433000e+00
  -5.0707000e+00  -5.1017000e+00  -5.1515000e+00  -5.1792000e+00  -6.4857000e+00  -6.1267000e+00
  -4.8783000e+00  -4.8960000e+00  -4.8877000e+00  -4.8562000e+00  -6.5054000e+00  -6.1258000e+00
  -4.7785000e+00  -4.8045000e+00  -4.7772000e+00  -4.7453000e+00  -6.4342000e+00  -5.9653000e+00
  -4.8596000e+00  -4.7641000e+00  -4.7950000e+00  -4.7334000e+00  -6.1233000e+00  -5.7884000e+00
  -4.9302000e+00  -4.8323000e+00  -4.8731000e+00  -4.7943000e+00  -5.7261000e+00  -5.5202000e+00
  -4.9007000e+00  -4.8947000e+00  -4.9346000e+00  -4.9098000e+00  -5.5671000e+00  -5.5412000e+00
  -4.8869000e+00  -4.8914000e+00  -4.9585000e+00  -4.9733000e+00  -5.4146000e+00  -5.5599000e+00
  -5.1041000e+00  -5.0862000e+00  -5.1469000e+00  -5.1704000e+00  -5.1736000e+00  -5.2748000e+00
  -5.1083000e+00  -5.0701000e+00  -5.1403000e+00  -5.1674000e+00  -5.0494000e+00  -4.9799000e+00
  -5.1396000e+00  -5.0893000e+00  -5.1095000e+00  -5.0925000e+00  -4.9337000e+00  -4.7690000e+00
  -5.1369000e+00  -5.0773000e+00  -5.1305000e+00  -5.1037000e+00  -5.1555000e+00  -4.7934000e+00
  -5.2398000e+00  -5.1479000e+00  -5.2350000e+00  -5.2156000e+00  -5.3040000e+00  -5.1421000e+00
  -5.1112000e+00  -5.0399000e+00  -5.1227000e+00  -5.1210000e+00  -5.5815000e+00  -5.4479000e+00
  -5.0513000e+00  -4.9510000e+00  -5.0631000e+00  -5.0514000e+00  -4.7697000e+00  -4.8765000e+00
  -4.7661000e+00  -4.7208000e+00  -4.7891000e+00  -4.7922000e+00  -5.1808000e+00  -5.2089000e+00
  -4.6119000e+00  -4.5261000e+00  -4.5524000e+00  -4.5131000e+00  -5.2424000e+00  -5.0928000e+00
  -5.1012000e+00  -4.9970000e+00  -5.0039000e+00  -4.9200000e+00  -4.8150000e+00  -5.0634000e+00
  -5.2676000e+00  -5.2125000e+00  -5.1899000e+00  -5.1354000e+00  -4.5486000e+00  -4.2820000e+00
  -5.4850000e+00  -5.5206000e+00  -5.5575000e+00  -5.5896000e+00  -5.2341000e+00  -5.8932000e+00
  -4.9523000e+00  -5.1262000e+00  -5.1746000e+00  -5.2863000e+00  -4.7666000e+00  -5.7338000e+00
  -5.1891000e+00  -5.0631000e+00  -5.1015000e+00  -5.0546000e+00  -5.8042000e+00  -5.5310000e+00
  -4.9833000e+00  -4.8803000e+00  -5.0253000e+00  -5.0450000e+00  -6.0790000e+00  -5.5831000e+00
  -4.5589000e+00  -4.5991000e+00  -4.6304000e+00  -4.6571000e+00  -5.7604000e+00  -5.9383000e+00
  -5.3956000e+00  -5.5527000e+00  -5.3536000e+00  -5.3060000e+00  -5.9470000e+00  -6.5520000e+00
  -4.4601000e+00  -4.4506000e+00  -4.7531000e+00  -4.9585000e+00  -5.6904000e+00  -6.1073000e+00
  -4.9729000e+00  -5.0761000e+00  -4.8517000e+00  -4.7599000e+00  -5.0774000e+00  -5.7164000e+00
  -5.5168000e+00  -5.3027000e+00  -5.5665000e+00  -5.5837000e+00  -4.7706000e+00  -5.2624000e+00
  -5.8537000e+00  -5.8171000e+00  -5.8254000e+00  -5.7820000e+00  -4.3938000e+00  -4.7265000e+00
  -6.2609000e+00  -6.4544000e+00  -6.5048000e+00  -6.6311000e+00  -4.0680000e+00  -4.2707000e+00
  -6.5066000e+00  -6.5009000e+00  -6.5370000e+00  -6.5725000e+00  -3.8933000e+00  -3.9106000e+00
  -7.0566000e+00  -7.1617000e+00  -7.1432000e+00  -7.2215000e+00  -3.7149000e+00  -3.5741000e+00
  -6.3659000e+00  -6.3444000e+00  -6.5392000e+00  -6.6504000e+00  -3.2537000e+00  -3.0067000e+00
  -6.5799000e+00  -6.4060000e+00  -6.4130000e+00  -6.2997000e+00  -2.8771000e+00  -2.7711000e+00
  -6.9102000e+00  -6.8905000e+00  -6.8094000e+00  -6.7639000e+00  -2.5571000e+00  -2.7447000e+00
  -6.5866000e+00  -6.6272000e+00  -6.7692000e+00  -6.8745000e+00  -2.4434000e+00  -2.8326000e+00
  -6.0220000e+00  -6.0652000e+00  -6.0689000e+00  -6.1581000e+00  -2.5402000e+00  -2.8484000e+00
  -5.7615000e+00  -5.9538000e+00  -5.8734000e+00  -5.9225000e+00  -2.4517000e+00  -2.6533000e+00
  -5.6416000e+00  -5.8163000e+00  -5.6930000e+00  -5.7453000e+00  -2.2421000e+00  -2.5175000e+00
  -5.3160000e+00  -5.4190000e+00  -5.3579000e+00  -5.4448000e+00  -2.1318000e+00  -2.3949000e+00
  -4.8912000e+00  -5.0596000e+00  -5.1087000e+00  -5.2544000e+00  -2.0540000e+00  -2.1887000e+00
  -4.5565000e+00  -4.6148000e+00  -4.6585000e+00  -4.7267000e+00  -1.9556000e+00  -2.0098000e+00
  -4.4287000e+00  -4.5144000e+00  -4.4524000e+00  -4.4339000e+00  -1.8644000e+00  -1.9335000e+00
  -4.1756000e+00  -4.2605000e+00  -4.1905000e+00  -4.2158000e+00  -1.7752000e+00  -1.9341000e+00
  -4.1083000e+00  -4.1852000e+00  -4.0539000e+00  -4.0220000e+00  -1.7049000e+00  -1.9162000e+00
  -4.0734000e+00  -4.1752000e+00  -4.0751000e+00  -4.0403000e+00  -1.6720000e+00  -1.7894000e+00
  -3.8533000e+00  -3.8928000e+00  -3.9242000e+00  -3.9655000e+00  -1.6602000e+00  -1.6744000e+00
  -3.6397000e+00  -3.6782000e+00  -3.7001000e+00  -3.7485000e+00  -1.6009000e+00  -1.6200000e+00
  -3.4386000e+00  -3.5415000e+00  -3.5276000e+00  -3.5825000e+00  -1.5709000e+00  -1.6199000e+00
  -3.3196000e+00  -3.3770000e+00  -3.3642000e+00  -3.4300000e+00  -1.5296000e+00  -1.6333000e+00
  -3.2498000e+00  -3.2952000e+00  -3.2933000e+00  -3.3546000e+00  -1.4017000e+00  -1.5445000e+00
  -3.2173000e+00  -3.2274000e+00  -3.2103000e+00  -3.2359000e+00  -1.1939000e+00  -1.3983000e+00
  -3.1821000e+00  -3.1602000e+00  -3.1337000e+00  -3.1388000e+00  -1.0471000e+00  -1.2412000e+00
  -3.1559000e+00  -3.1095000e+00  -3.0673000e+00  -3.0603000e+00  -9.3880000e-01  -1.2937000e+00
  -3.1982000e+00  -3.1117000e+00  -3.0693000e+00  -3.0357000e+00  -7.7840000e-01  -1.4278000e+00
  -3.2455000e+00  -3.1007000e+00  -3.0931000e+00  -3.0412000e+00  -4.1910000e-01  -1.5828000e+00
  -3.2751000e+00  -3.1157000e+00  -3.1363000e+00  -3.1042000e+00  -4.2080000e-01  -1.2484000e+00
  -3.3015000e+00  -3.1292000e+00  -3.1766000e+00  -3.1494000e+00  -8.7370000e-01  -7.8830000e-01
  -3.3679000e+00  -3.1644000e+00  -3.2198000e+00  -3.1779000e+00  -1.3042000e+00  -1.1140000e+00
  -3.4256000e+00  -3.2065000e+00  -3.2410000e+00  -3.1706000e+00  -9.7650000e-01  -1.0227000e+00
  -3.4016000e+00  -3.1681000e+00  -3.2245000e+00  -3.1519000e+00  -5.5510000e-01  -7.3930000e-01
  -3.3576000e+00  -3.1024000e+00  -3.1768000e+00  -3.0995000e+00  -2.4980000e-01  -9.0330000e-01
  -3.3655000e+00  -3.1169000e+00  -3.1739000e+00  -3.0881000e+00   9.2500000e-02  -1.7945000e+00
  -3.3811000e+00  -3.1366000e+00  -3.1798000e+00  -3.0843000e+00   9.0100000e-02  -1.5065000e+00
  -3.3908000e+00  -3.1548000e+00  -3.1857000e+00  -3.0835000e+00  -6.4710000e-01  -1.0680000e+00
  -3.4364000e+00  -3.2063000e+00  -3.2263000e+00  -3.1202000e+00  -1.3203000e+00  -1.2379000e+00
  -3.4762000e+00  -3.2503000e+00  -3.2615000e+00  -3.1517000e+00  -1.2510000e+00  -1.1840000e+00
  -3.5329000e+00  -3.3139000e+00  -3.3192000e+00  -3.2032000e+00  -4.8270000e-01  -1.2994000e+00
  -3.5875000e+00  -3.3745000e+00  -3.3998000e+00  -3.2946000e+00  -4.1140000e-01  -1.6114000e+00
  -3.6311000e+00  -3.4326000e+00  -3.4601000e+00  -3.3673000e+00  -9.1920000e-01  -1.6867000e+00
  -3.6249000e+00  -3.4325000e+00  -3.4680000e+00  -3.3819000e+00  -1.3856000e+00  -1.6039000e+00
  -3.6391000e+00  -3.4642000e+00  -3.5101000e+00  -3.4425000e+00  -1.9274000e+00  -1.7586000e+00
  -3.6965000e+00  -3.5549000e+00  -3.5955000e+00  -3.5334000e+00  -2.1645000e+00  -2.2510000e+00
  -3.7609000e+00  -3.6459000e+00  -3.6842000e+00  -3.6233000e+00  -2.0635000e+00  -2.7611000e+00
  -3.8073000e+00  -3.7022000e+00  -3.7413000e+00  -3.6808000e+00  -1.8850000e+00  -2.8912000e+00
  -3.8749000e+00  -3.7820000e+00  -3.8086000e+00  -3.7414000e+00  -1.7917000e+00  -2.7844000e+00
  -3.9156000e+00  -3.8284000e+00  -3.8684000e+00  -3.8058000e+00  -2.0637000e+00  -3.2541000e+00
  -3.8973000e+00  -3.8194000e+00  -3.8741000e+00  -3.8346000e+00  -2.6027000e+00  -4.5519000e+00
  -3.8595000e+00  -3.7901000e+00  -3.8375000e+00  -3.8089000e+00  -3.6061000e+00  -5.7644000e+00
  -3.8228000e+00  -3.7582000e+00  -3.8030000e+00  -3.7783000e+00  -4.9567000e+00  -6.2873000e+00
  -3.8365000e+00  -3.7445000e+00  -3.8082000e+00  -3.7820000e+00  -5.6335000e+00  -6.7286000e+00
  -3.8921000e+00  -3.7952000e+00  -3.8404000e+00  -3.8031000e+00  -6.3817000e+00  -6.9812000e+00
  -3.9257000e+00  -3.8206000e+00  -3.8540000e+00  -3.7994000e+00  -7.1134000e+00  -7.2501000e+00
  -3.9795000e+00  -3.8880000e+00  -3.9213000e+00  -3.8593000e+00  -7.7980000e+00  -7.4264000e+00
  -4.0333000e+00  -3.9537000e+00  -3.9874000e+00  -3.9295000e+00  -8.2514000e+00  -7.6207000e+00
  -4.1106000e+00  -4.0378000e+00  -4.0677000e+00  -4.0182000e+00  -8.5085000e+00  -7.9493000e+00
  -4.2347000e+00  -4.1653000e+00  -4.1826000e+00  -4.1309000e+00  -8.4616000e+00  -8.1180000e+00
  -4.3955000e+00  -4.3221000e+00  -4.3373000e+00  -4.2831000e+00  -8.1728000e+00  -8.1264000e+00
  -4.5714000e+00  -4.4959000e+00  -4.4970000e+00  -4.4326000e+00  -7.9501000e+00  -8.0755000e+00
  -4.6599000e+00  -4.5734000e+00  -4.5753000e+00  -4.5078000e+00  -7.9231000e+00  -7.8122000e+00
  -4.6523000e+00  -4.5631000e+00  -4.5686000e+00  -4.5110000e+00  -8.0044000e+00  -7.5373000e+00
  -4.6520000e+00  -4.5638000e+00  -4.5704000e+00  -4.5260000e+00  -7.9685000e+00  -7.3531000e+00
  -4.7064000e+00  -4.6265000e+00  -4.6266000e+00  -4.5886000e+00  -7.5742000e+00  -6.8845000e+00
  -4.7307000e+00  -4.6460000e+00  -4.6640000e+00  -4.6356000e+00  -7.2884000e+00  -6.8508000e+00
  -4.6557000e+00  -4.5728000e+00  -4.6046000e+00  -4.5835000e+00  -7.2008000e+00  -7.0030000e+00
  -4.4530000e+00  -4.3759000e+00  -4.4109000e+00  -4.3871000e+00  -6.8936000e+00  -7.0618000e+00
  -4.1823000e+00  -4.1096000e+00  -4.1628000e+00  -4.1481000e+00  -6.8528000e+00  -7.2163000e+00
  -3.9420000e+00  -3.8791000e+00  -3.9530000e+00  -3.9495000e+00  -6.8810000e+00  -7.1685000e+00
  -3.7522000e+00  -3.6960000e+00  -3.7679000e+00  -3.7625000e+00  -6.9672000e+00  -6.9728000e+00
  -3.5328000e+00  -3.4944000e+00  -3.5495000e+00  -3.5377000e+00  -6.8882000e+00  -6.7217000e+00
  -3.2396000e+00  -3.2422000e+00  -3.2801000e+00  -3.2715000e+00  -6.6580000e+00  -6.4285000e+00
  -2.9858000e+00  -3.0384000e+00  -3.0601000e+00  -3.0609000e+00  -6.3910000e+00  -6.1098000e+00
  -2.8272000e+00  -2.8607000e+00  -2.8710000e+00  -2.8744000e+00  -6.0366000e+00  -5.7473000e+00
