   2.3741000e+00   2.4001000e+00   2.3737000e+00   2.3739000e+00   2.3380000e+00   2.0408000e+00
   2.1767000e+00   2.1993000e+00   2.1701000e+00   2.1653000e+00   2.3470000e+00   2.0359000e+00
   2.2236000e+00   2.2362000e+00   2.2059000e+00   2.1932000e+00   2.3184000e+00   2.0772000e+00
   2.3532000e+00   2.3472000e+00   2.3282000e+00   2.3120000e+00   2.3448000e+00   2.1912000e+00
   2.3968000e+00   2.3861000e+00   2.3792000e+00   2.3640000e+00   2.4285000e+00   2.3157000e+00
   2.3234000e+00   2.2866000e+00   2.2942000e+00   2.2700000e+00   2.4018000e+00   2.2399000e+00
   2.2356000e+00   2.1792000e+00   2.1960000e+00   2.1630000e+00   2.4382000e+00   2.4342000e+00
   2.0962000e+00   2.0282000e+00   2.0530000e+00   2.0114000e+00   2.4587000e+00   2.4651000e+00
   1.9417000e+00   1.8651000e+00   1.9102000e+00   1.8698000e+00   2.4826000e+00   2.4931000e+00
   1.6960000e+00   1.6355000e+00   1.6817000e+00   1.6518000e+00   2.5473000e+00   2.4562000e+00
   1.4182000e+00   1.3363000e+00   1.3979000e+00   1.3631000e+00   2.7994000e+00   2.6148000e+00
   1.1642000e+00   1.0589000e+00   1.1330000e+00   1.0889000e+00   2.8958000e+00   2.6870000e+00
   9.8370000e-01   8.3950000e-01   9.2340000e-01   8.5500000e-01   2.9745000e+00   2.7608000e+00
   7.9020000e-01   6.6570000e-01   7.2820000e-01   6.5760000e-01   3.1187000e+00   2.7643000e+00
   6.2900000e-01   4.8160000e-01   5.4770000e-01   4.5540000e-01   3.1571000e+00   2.7852000e+00
   5.4170000e-01   3.8550000e-01   4.7070000e-01   3.8380000e-01   3.2022000e+00   2.9311000e+00
   3.4350000e-01   2.3020000e-01   3.1090000e-01   2.4280000e-01   3.1542000e+00   2.9434000e+00
   8.7000000e-02  -1.4400000e-02   6.7000000e-02   3.2000000e-03   3.2851000e+00   2.9397000e+00
  -2.4100000e-02  -1.4140000e-01  -6.5400000e-02  -1.3610000e-01   3.2745000e+00   2.9024000e+00
  -9.8100000e-02  -1.9830000e-01  -1.1660000e-01  -1.6630000e-01   3.3150000e+00   2.9709000e+00
  -1.9800000e-01  -2.7990000e-01  -2.1200000e-01  -2.5130000e-01   3.0490000e+00   2.7798000e+00
  -3.1890000e-01  -3.6530000e-01  -3.1000000e-01  -3.3200000e-01   2.5491000e+00   2.3147000e+00
  -3.2180000e-01  -3.3150000e-01  -2.7810000e-01  -2.8310000e-01   2.3359000e+00   2.0035000e+00
  -2.6060000e-01  -2.3450000e-01  -2.1210000e-01  -2.2470000e-01   2.3150000e+00   1.9433000e+00
  -2.7480000e-01  -2.4990000e-01  -2.0240000e-01  -2.0780000e-01   2.3637000e+00   2.0829000e+00
  -2.8220000e-01  -2.2960000e-01  -2.0270000e-01  -2.0890000e-01   2.5116000e+00   2.0529000e+00
  -1.0430000e-01  -1.3400000e-02  -7.4900000e-02  -1.0500000e-01   2.6281000e+00   2.0103000e+00
   2.0770000e-01   2.6320000e-01   1.9460000e-01   1.5480000e-01   2.4873000e+00   1.9466000e+00
   3.3220000e-01   3.7780000e-01   3.7780000e-01   3.9170000e-01   2.4228000e+00   1.8598000e+00
   3.0300000e-01   3.4390000e-01   3.6220000e-01   3.9290000e-01   2.2753000e+00   1.7024000e+00
   1.4830000e-01   2.6030000e-01   1.9460000e-01   2.2590000e-01   2.0146000e+00   1.3867000e+00
   1.6000000e-03   1.7560000e-01   3.9600000e-02   7.4000000e-02   1.6589000e+00   1.2333000e+00
  -8.2900000e-02   1.2820000e-01  -5.5200000e-02  -1.0800000e-02   1.4008000e+00   1.1398000e+00
   1.4200000e-02   2.9800000e-01   4.0000000e-02   9.8100000e-02   1.4059000e+00   1.0009000e+00
  -8.8200000e-02   2.8860000e-01  -2.1600000e-02   6.2300000e-02   1.4162000e+00   8.8410000e-01
  -4.4630000e-01   1.1330000e-01  -3.2830000e-01  -2.3670000e-01   1.4522000e+00   8.0480000e-01
  -7.4430000e-01  -2.7010000e-01  -6.7790000e-01  -6.4790000e-01   1.4987000e+00   7.8220000e-01
  -1.1561000e+00  -5.8690000e-01  -1.1696000e+00  -1.2250000e+00   1.4869000e+00   8.9460000e-01
  -1.2652000e+00  -1.0645000e+00  -1.1043000e+00  -1.1653000e+00   1.5435000e+00   1.1406000e+00
   7.1540000e-01   3.5490000e-01   1.0096000e+00   1.1806000e+00   1.6110000e+00   1.3996000e+00
   2.1795000e+00   2.2153000e+00   1.9236000e+00   1.9352000e+00   1.8657000e+00   1.5567000e+00
   2.8185000e+00   2.8267000e+00   2.8683000e+00   2.9503000e+00   2.0732000e+00   1.7972000e+00
   3.1733000e+00   3.6039000e+00   3.0236000e+00   3.1814000e+00   2.3259000e+00   2.0514000e+00
   3.0142000e+00   3.1561000e+00   2.7629000e+00   2.7292000e+00   2.3895000e+00   2.1885000e+00
   2.6476000e+00   2.5366000e+00   2.5468000e+00   2.6755000e+00   2.5654000e+00   3.1108000e+00
   2.4253000e+00   2.3083000e+00   2.2747000e+00   2.4323000e+00   2.6904000e+00   3.4651000e+00
   1.8076000e+00   2.1790000e+00   1.8256000e+00   1.9827000e+00   2.7577000e+00   3.2832000e+00
   3.0002000e+00   3.4171000e+00   2.8932000e+00   3.0948000e+00   4.3759000e+00   3.2345000e+00
   2.9913000e+00   2.8923000e+00   2.8140000e+00   3.1221000e+00   3.4538000e+00   3.2857000e+00
   1.6680000e+00   1.5558000e+00   1.5740000e+00   1.6102000e+00   3.7017000e+00   3.3269000e+00
   1.2218000e+00   1.3902000e+00   1.5175000e+00   1.7818000e+00   8.7100000e-01   3.3188000e+00
   3.0810000e+00   3.1329000e+00   3.1268000e+00   3.3620000e+00  -4.1490000e-01   3.3274000e+00
   3.2148000e+00   3.5143000e+00   3.2840000e+00   3.5139000e+00   2.6436000e+00   1.8961000e+00
   2.8681000e+00   2.9239000e+00   3.0707000e+00   3.3310000e+00  -2.7107000e+00   2.9700000e-01
   4.0231000e+00   3.9525000e+00   4.0037000e+00   4.2056000e+00  -4.2870000e-01   1.1255000e+00
   4.2957000e+00   4.7189000e+00   4.2877000e+00   4.4600000e+00   4.1000000e-01  -2.4595000e+00
   3.3957000e+00   3.9827000e+00   3.6746000e+00   3.9109000e+00   2.4773000e+00  -5.7077000e+00
   3.9117000e+00   4.3729000e+00   3.9132000e+00   4.0206000e+00  -4.0230000e-01  -3.1561000e+00
   3.5352000e+00   4.1330000e+00   3.7555000e+00   3.8590000e+00   3.2170000e-01  -1.6123000e+00
   5.4696000e+00   6.4156000e+00   5.7839000e+00   5.8920000e+00   6.6270000e-01  -4.1350000e-01
   5.3620000e+00   5.4133000e+00   5.1640000e+00   5.0483000e+00  -1.8969000e+00   6.2900000e-02
   5.4865000e+00   6.0785000e+00   5.7342000e+00   5.8642000e+00  -8.7170000e-01  -1.3720000e-01
   5.6353000e+00   6.8174000e+00   6.2211000e+00   6.4949000e+00  -2.5536000e+00   8.9700000e-02
   4.5886000e+00   5.2400000e+00   5.0256000e+00   5.2112000e+00  -5.6409000e+00  -7.8520000e-01
   4.1795000e+00   5.0682000e+00   4.3000000e+00   4.4504000e+00  -9.0027000e+00  -3.3314000e+00
   4.4161000e+00   4.1722000e+00   4.1683000e+00   4.1306000e+00  -5.7818000e+00  -6.7136000e+00
   4.2469000e+00   4.1563000e+00   4.2014000e+00   4.2189000e+00  -2.6282000e+00  -4.4143000e+00
   3.7455000e+00   3.8099000e+00   3.9313000e+00   4.1263000e+00  -4.1130000e+00  -2.9458000e+00
   4.6966000e+00   4.7965000e+00   4.7399000e+00   4.8977000e+00  -2.0069000e+00  -1.4728000e+00
   4.2965000e+00   4.7590000e+00   4.4639000e+00   4.6685000e+00   2.9738000e+00  -2.9866000e+00
   3.8015000e+00   4.1105000e+00   4.1102000e+00   4.3870000e+00   5.5241000e+00  -1.0284000e+00
   4.9544000e+00   4.8427000e+00   4.9015000e+00   5.0099000e+00   6.1321000e+00  -1.2700000e-01
   4.6989000e+00   4.8639000e+00   4.9954000e+00   5.2686000e+00   6.1317000e+00  -1.7030000e-01
   4.6869000e+00   4.7105000e+00   4.9030000e+00   5.0359000e+00   5.5435000e+00  -1.1787000e+00
   4.4273000e+00   4.8616000e+00   4.7126000e+00   4.8474000e+00   5.9565000e+00  -7.1600000e-01
   4.3219000e+00   5.2120000e+00   4.7368000e+00   4.9009000e+00   6.0606000e+00  -1.3900000e-01
   4.6988000e+00   5.8333000e+00   5.2069000e+00   5.5368000e+00   5.5574000e+00   6.3500000e-01
   4.9017000e+00   5.6723000e+00   5.2252000e+00   5.4525000e+00   3.8436000e+00   8.4530000e-01
   4.9764000e+00   5.3333000e+00   5.1841000e+00   5.3002000e+00   3.1413000e+00   5.7070000e-01
   4.6661000e+00   4.5704000e+00   4.8543000e+00   5.0058000e+00   3.0069000e+00   2.8600000e-01
   4.5528000e+00   4.1102000e+00   4.7329000e+00   4.8229000e+00   2.9316000e+00   4.4190000e-01
   4.6515000e+00   4.2559000e+00   4.6918000e+00   4.7116000e+00   2.9241000e+00   6.6960000e-01
   4.2520000e+00   4.1873000e+00   4.4478000e+00   4.5127000e+00   2.1160000e+00   8.5100000e-02
   4.0121000e+00   4.1449000e+00   4.2635000e+00   4.3803000e+00   3.4110000e-01   3.1160000e-01
   3.6653000e+00   3.9071000e+00   3.9350000e+00   4.0727000e+00   8.0900000e-01   7.6090000e-01
   3.7625000e+00   4.0269000e+00   4.0622000e+00   4.2463000e+00   2.3372000e+00  -6.0500000e-01
   3.8697000e+00   4.0590000e+00   4.0024000e+00   4.1442000e+00   3.1684000e+00   1.0400000e-01
   3.4950000e+00   3.5812000e+00   3.5463000e+00   3.6408000e+00   2.6442000e+00  -7.9600000e-02
   3.4784000e+00   3.2824000e+00   3.4688000e+00   3.5518000e+00   2.3772000e+00   3.2950000e-01
   3.3471000e+00   2.9808000e+00   3.2854000e+00   3.3122000e+00   1.9627000e+00   6.0050000e-01
   2.9219000e+00   2.3549000e+00   2.8206000e+00   2.7916000e+00   2.0794000e+00   1.0505000e+00
   2.2367000e+00   1.6791000e+00   2.1945000e+00   2.1466000e+00   1.9306000e+00   1.3980000e+00
   1.7082000e+00   1.2398000e+00   1.6540000e+00   1.5650000e+00   1.7381000e+00   1.5237000e+00
   1.4175000e+00   1.0707000e+00   1.3394000e+00   1.2045000e+00   1.4687000e+00   1.7463000e+00
   1.1198000e+00   8.0270000e-01   1.0699000e+00   9.9210000e-01   9.8270000e-01   1.9306000e+00
   7.9080000e-01   6.0700000e-01   8.4640000e-01   8.3700000e-01   6.0290000e-01   1.7217000e+00
   3.8060000e-01   2.4200000e-01   4.9040000e-01   5.0260000e-01   2.1020000e-01   1.2806000e+00
   4.2000000e-02  -1.3580000e-01   1.5240000e-01   1.5980000e-01  -2.2020000e-01   7.7860000e-01
  -1.6300000e-02  -1.4400000e-01  -1.4400000e-02  -6.0800000e-02  -6.1360000e-01   2.6870000e-01
   4.5700000e-02   3.9500000e-02   3.0000000e-04  -8.0600000e-02  -8.3730000e-01  -2.0450000e-01
  -3.7000000e-02   8.9700000e-02  -2.6100000e-02  -7.0000000e-02  -9.1550000e-01  -4.0010000e-01
  -1.1980000e-01   5.0200000e-02  -1.0080000e-01  -1.1090000e-01  -1.0522000e+00  -5.7060000e-01
  -1.2420000e-01  -1.4500000e-02  -1.2950000e-01  -1.5080000e-01  -1.0484000e+00  -5.1380000e-01
   2.4320000e-01   2.9060000e-01   2.0020000e-01   1.6060000e-01  -1.0376000e+00  -3.8990000e-01
   7.4160000e-01   8.2670000e-01   7.5420000e-01   7.7790000e-01  -1.1552000e+00  -3.3790000e-01
   1.2884000e+00   1.2314000e+00   1.2383000e+00   1.2741000e+00  -1.4282000e+00  -2.8370000e-01
   1.1193000e+00   1.2819000e+00   1.2593000e+00   1.3712000e+00  -1.4449000e+00  -3.6220000e-01
   5.7900000e-01   8.5910000e-01   6.7820000e-01   7.4820000e-01  -1.0965000e+00  -2.6140000e-01
   1.1777000e+00   1.2445000e+00   1.0692000e+00   1.0869000e+00  -8.5610000e-01  -2.3230000e-01
   6.6870000e-01   8.1750000e-01   8.2790000e-01   9.6640000e-01  -9.3050000e-01  -3.0620000e-01
  -4.5100000e-02   1.9460000e-01   1.8140000e-01   3.0650000e-01  -9.6970000e-01  -4.6290000e-01
   2.6500000e-02   1.5970000e-01   2.6020000e-01   3.8960000e-01  -1.0900000e+00  -6.8170000e-01
  -6.6220000e-01  -5.5820000e-01  -3.0720000e-01  -1.1030000e-01  -1.1950000e+00  -8.5980000e-01
  -3.6770000e-01  -7.9210000e-01  -1.7510000e-01  -9.1300000e-02  -8.8490000e-01  -8.8070000e-01
  -7.7100000e-01   1.6900000e-02  -2.4970000e-01  -7.5100000e-02  -6.3860000e-01  -5.4060000e-01
   1.6622000e+00   1.4251000e+00   1.5939000e+00   1.6334000e+00  -3.9510000e-01  -3.9340000e-01
   1.1757000e+00   5.9150000e-01   1.1689000e+00   1.1752000e+00  -1.3180000e-01  -1.8600000e-01
   1.1480000e+00   1.3745000e+00   1.4287000e+00   1.6919000e+00   1.1640000e-01   6.5400000e-02
   1.6662000e+00   1.6234000e+00   1.7944000e+00   2.0042000e+00   3.8790000e-01   2.9710000e-01
   1.5747000e+00   1.1763000e+00   1.6739000e+00   1.9007000e+00   4.5630000e-01   4.3510000e-01
   5.7460000e-01   3.8850000e-01   8.2720000e-01   1.1187000e+00   4.4040000e-01   3.8330000e-01
   3.4170000e-01   3.1240000e-01   5.3210000e-01   7.7400000e-01   4.4180000e-01   3.2590000e-01
   3.0800000e-02   5.0490000e-01   3.7070000e-01   6.3120000e-01   4.2650000e-01   2.9720000e-01
   1.4660000e-01   4.8850000e-01   5.4360000e-01   8.5650000e-01   4.4820000e-01   3.4150000e-01
   2.6600000e-01   8.7540000e-01   7.2120000e-01   1.0698000e+00   4.1910000e-01   3.4720000e-01
   6.2410000e-01   8.9090000e-01   1.0010000e+00   1.3988000e+00   3.3800000e-01   3.1430000e-01
  -7.4580000e-01  -9.9010000e-01  -6.2490000e-01  -4.0740000e-01   2.4140000e-01   3.0010000e-01
  -1.7642000e+00  -1.5120000e+00  -1.5245000e+00  -1.2168000e+00   1.3030000e-01   4.6190000e-01
  -1.5955000e+00  -1.3426000e+00  -1.2812000e+00  -1.0101000e+00   2.2700000e-02   4.5120000e-01
  -2.5133000e+00  -2.5951000e+00  -2.4985000e+00  -2.3803000e+00   5.3000000e-02   1.6950000e-01
  -3.0513000e+00  -2.7911000e+00  -2.8111000e+00  -2.7028000e+00  -1.5610000e-01  -3.3000000e-02
  -3.2284000e+00  -2.9176000e+00  -3.0864000e+00  -3.0647000e+00  -3.8920000e-01  -1.8570000e-01
  -3.9599000e+00  -3.7018000e+00  -3.9403000e+00  -3.9831000e+00  -5.3880000e-01  -3.5230000e-01
  -5.0683000e+00  -4.7330000e+00  -4.4967000e+00  -4.4173000e+00  -5.7850000e-01  -5.3320000e-01
  -5.9509000e+00  -5.6663000e+00  -5.5751000e+00  -5.6505000e+00  -5.4770000e-01  -4.9910000e-01
  -6.1208000e+00  -5.5103000e+00  -6.4012000e+00  -6.7591000e+00  -2.9940000e-01  -2.5820000e-01
  -6.0100000e+00  -5.3097000e+00  -5.6021000e+00  -5.7674000e+00  -3.9900000e-01  -9.3540000e-01
  -4.6540000e+00  -4.4342000e+00  -4.0370000e+00  -3.8766000e+00  -4.5350000e-01   5.1440000e-01
  -3.8042000e+00  -3.0643000e+00  -3.5402000e+00  -3.4341000e+00   1.0281000e+00   1.8729000e+00
  -4.9523000e+00  -3.9224000e+00  -4.7034000e+00  -4.7106000e+00   5.2555000e+00   2.0938000e+00
  -4.7390000e+00  -4.4799000e+00  -4.6046000e+00  -4.6694000e+00   5.1889000e+00   2.3900000e-01
  -1.9083000e+00  -1.9928000e+00  -1.7228000e+00  -1.5993000e+00  -1.1470000e+00  -9.9460000e-01
  -2.1924000e+00  -1.6926000e+00  -2.0090000e+00  -1.9475000e+00  -2.8593000e+00  -3.0698000e+00
  -2.4212000e+00  -2.9000000e+00  -2.6821000e+00  -2.9943000e+00  -1.6508000e+00  -2.7338000e+00
  -1.9895000e+00  -2.4825000e+00  -2.0688000e+00  -2.2572000e+00  -2.3200000e-02  -2.4914000e+00
   3.6070000e-01  -6.8320000e-01   2.0580000e-01  -5.2600000e-02   6.9760000e-01  -2.8556000e+00
   2.9600000e-02  -9.3040000e-01  -2.9640000e-01  -6.5770000e-01   3.8685000e+00  -2.1250000e+00
  -1.5700000e-01  -5.8460000e-01  -3.6060000e-01  -6.0330000e-01   4.6235000e+00  -3.2488000e+00
  -3.8610000e-01  -3.8320000e-01  -1.6020000e-01  -1.2970000e-01   4.4744000e+00  -3.3515000e+00
  -8.6330000e-01  -6.5160000e-01  -6.4830000e-01  -6.2770000e-01   2.8857000e+00  -1.7908000e+00
  -1.5335000e+00  -1.3685000e+00  -1.5240000e+00  -1.6778000e+00   1.9297000e+00  -1.9170000e-01
  -2.2683000e+00  -1.8572000e+00  -2.2348000e+00  -2.4236000e+00   3.4090000e+00   2.6726000e+00
  -3.1590000e+00  -2.8561000e+00  -2.8332000e+00  -2.7975000e+00   8.9950000e-01   1.9767000e+00
  -2.5876000e+00  -2.5854000e+00  -2.2868000e+00  -2.2578000e+00   5.1800000e-02   1.1460000e-01
  -2.2323000e+00  -2.1468000e+00  -2.2139000e+00  -2.2671000e+00  -1.2749000e+00  -9.4320000e-01
  -1.9910000e+00  -1.7118000e+00  -1.8223000e+00  -1.7153000e+00  -6.4202000e+00  -8.8000000e-01
  -1.9281000e+00  -1.8283000e+00  -1.7618000e+00  -1.7579000e+00  -6.3826000e+00  -1.9973000e+00
  -2.0933000e+00  -1.8873000e+00  -1.9821000e+00  -1.9816000e+00  -4.7473000e+00  -3.5940000e-01
  -2.5949000e+00  -2.6350000e+00  -2.3915000e+00  -2.3534000e+00  -3.2850000e-01   5.4760000e-01
  -2.9987000e+00  -2.8935000e+00  -2.5673000e+00  -2.4291000e+00   1.8574000e+00   4.5525000e+00
  -2.8465000e+00  -2.9276000e+00  -2.7592000e+00  -2.7771000e+00   3.3020000e+00   6.6091000e+00
  -1.9414000e+00  -2.3940000e+00  -1.9548000e+00  -2.0534000e+00   5.9429000e+00   6.7338000e+00
  -1.2008000e+00  -1.2718000e+00  -1.0513000e+00  -1.0186000e+00   5.7456000e+00   5.1663000e+00
  -1.3276000e+00  -1.2861000e+00  -1.1362000e+00  -1.0797000e+00   3.9546000e+00   5.7370000e+00
  -2.0436000e+00  -1.8652000e+00  -1.8222000e+00  -1.7771000e+00   4.6662000e+00   5.8608000e+00
  -2.6640000e+00  -2.3254000e+00  -2.3076000e+00  -2.1854000e+00   4.9218000e+00   4.2192000e+00
  -1.9377000e+00  -2.4028000e+00  -1.9640000e+00  -2.1025000e+00   3.8473000e+00   1.8825000e+00
  -1.6876000e+00  -1.6586000e+00  -1.4766000e+00  -1.4549000e+00   3.2172000e+00   3.1387000e+00
  -1.8490000e+00  -2.0486000e+00  -1.7217000e+00  -1.7562000e+00   3.3459000e+00   5.1221000e+00
  -1.5077000e+00  -1.7858000e+00  -1.4658000e+00  -1.5458000e+00   4.6693000e+00   4.6327000e+00
  -1.4689000e+00  -1.4863000e+00  -1.3564000e+00  -1.3479000e+00   3.6917000e+00   3.6464000e+00
  -1.8593000e+00  -1.6148000e+00  -1.7305000e+00  -1.6910000e+00   2.4473000e+00   4.0707000e+00
  -1.6184000e+00  -1.8213000e+00  -1.5638000e+00  -1.6104000e+00   3.1744000e+00   4.1431000e+00
  -1.4716000e+00  -1.6296000e+00  -1.4108000e+00  -1.3842000e+00   3.9793000e+00   2.9067000e+00
  -2.4108000e+00  -2.2934000e+00  -2.2362000e+00  -2.1778000e+00   3.0690000e+00   2.1756000e+00
  -1.7787000e+00  -1.9501000e+00  -1.6879000e+00  -1.7311000e+00   2.1361000e+00   2.6418000e+00
  -1.7938000e+00  -1.9982000e+00  -1.7749000e+00  -1.8449000e+00   1.6651000e+00   2.7051000e+00
  -1.5622000e+00  -1.7059000e+00  -1.4441000e+00  -1.4056000e+00   9.9500000e-01   2.2257000e+00
  -2.1228000e+00  -2.2233000e+00  -1.9992000e+00  -1.9833000e+00   2.9790000e-01   1.3575000e+00
  -2.6596000e+00  -2.6388000e+00  -2.5708000e+00  -2.5670000e+00  -9.4970000e-01   3.5800000e-02
  -2.7467000e+00  -2.6826000e+00  -2.7026000e+00  -2.7325000e+00  -2.1739000e+00  -1.3310000e+00
  -2.1081000e+00  -2.1497000e+00  -2.0360000e+00  -2.0502000e+00  -2.4018000e+00  -2.0852000e+00
  -1.7889000e+00  -1.8691000e+00  -1.7723000e+00  -1.7647000e+00  -2.2331000e+00  -1.9260000e+00
  -1.4933000e+00  -1.5285000e+00  -1.4956000e+00  -1.5345000e+00  -2.4701000e+00  -1.4298000e+00
  -1.3699000e+00  -1.3513000e+00  -1.3008000e+00  -1.3152000e+00  -2.4373000e+00  -1.5065000e+00
  -1.0090000e+00  -1.1170000e+00  -9.7150000e-01  -9.6740000e-01  -1.9409000e+00  -1.3306000e+00
  -9.7530000e-01  -8.7370000e-01  -8.8660000e-01  -8.6040000e-01  -1.5582000e+00  -1.1650000e+00
  -8.8080000e-01  -8.2420000e-01  -8.5410000e-01  -8.8820000e-01  -1.2804000e+00  -1.1648000e+00
  -7.8360000e-01  -7.5940000e-01  -7.0920000e-01  -6.8070000e-01  -9.2330000e-01  -9.6830000e-01
  -9.0260000e-01  -8.8430000e-01  -6.7160000e-01  -5.3820000e-01  -1.0442000e+00  -9.6910000e-01
  -8.7280000e-01  -9.2640000e-01  -6.0880000e-01  -4.5030000e-01  -1.2061000e+00  -9.7380000e-01
  -7.2490000e-01  -8.1210000e-01  -4.2680000e-01  -2.1760000e-01  -9.5830000e-01  -7.3810000e-01
  -4.4000000e-01  -6.6830000e-01  -2.8290000e-01  -1.5380000e-01  -8.3410000e-01  -4.6410000e-01
  -2.6140000e-01  -4.2350000e-01  -1.9220000e-01  -1.3800000e-01  -8.1210000e-01  -2.8020000e-01
   1.5700000e-02  -1.9740000e-01   3.2400000e-02   4.2900000e-02  -7.6610000e-01  -2.8280000e-01
   1.5970000e-01   6.4400000e-02   1.5500000e-01   1.9220000e-01  -6.5490000e-01  -5.1200000e-02
   3.1060000e-01   2.7220000e-01   2.4110000e-01   2.0740000e-01  -4.6500000e-01   6.4470000e-01
   4.2000000e-01   3.6000000e-01   3.7680000e-01   3.2830000e-01  -1.5900000e-02   1.2588000e+00
   8.7280000e-01   7.3090000e-01   8.9960000e-01   8.9750000e-01   3.3700000e-01   1.8176000e+00
   1.2072000e+00   1.1776000e+00   1.2358000e+00   1.2570000e+00   6.6100000e-01   2.0906000e+00
   1.4445000e+00   1.4700000e+00   1.4889000e+00   1.5316000e+00   9.9030000e-01   2.2135000e+00
   1.5700000e+00   1.5602000e+00   1.6037000e+00   1.6427000e+00   1.4741000e+00   2.3515000e+00
   1.7585000e+00   1.7891000e+00   1.7996000e+00   1.8351000e+00   2.0510000e+00   2.6120000e+00
   1.9076000e+00   1.9295000e+00   1.9741000e+00   2.0230000e+00   2.4566000e+00   2.8267000e+00
   2.1321000e+00   2.1439000e+00   2.1523000e+00   2.1738000e+00   2.6454000e+00   3.0071000e+00
   2.3012000e+00   2.2753000e+00   2.3145000e+00   2.3350000e+00   2.7114000e+00   3.2265000e+00
   2.5629000e+00   2.5753000e+00   2.5124000e+00   2.5014000e+00   2.9199000e+00   3.4851000e+00
   2.7252000e+00   2.7522000e+00   2.6825000e+00   2.6640000e+00   3.1585000e+00   3.8759000e+00
   2.8234000e+00   2.8900000e+00   2.7630000e+00   2.7441000e+00   3.3371000e+00   4.1703000e+00
   2.9024000e+00   2.9950000e+00   2.8498000e+00   2.8337000e+00   3.4965000e+00   4.3660000e+00
   3.0011000e+00   3.0724000e+00   2.9796000e+00   2.9675000e+00   3.5241000e+00   4.3173000e+00
   2.9844000e+00   3.0399000e+00   2.9649000e+00   2.9833000e+00   3.3428000e+00   3.8647000e+00
   3.0279000e+00   3.0273000e+00   2.9429000e+00   3.0099000e+00   3.0012000e+00   3.3015000e+00
   3.0430000e+00   3.1046000e+00   2.9915000e+00   3.1112000e+00   2.7416000e+00   3.0168000e+00
   3.0386000e+00   3.2057000e+00   3.0457000e+00   3.1845000e+00   2.6527000e+00   3.0796000e+00
   2.9621000e+00   3.2508000e+00   3.0332000e+00   3.1798000e+00   3.0617000e+00   3.2723000e+00
   2.6789000e+00   3.1137000e+00   2.8706000e+00   3.0702000e+00   3.2175000e+00   3.2911000e+00
   2.5354000e+00   2.9631000e+00   2.7070000e+00   2.9020000e+00   3.3949000e+00   3.3904000e+00
   2.3422000e+00   2.7791000e+00   2.4688000e+00   2.7030000e+00   3.5536000e+00   3.4099000e+00
   2.2764000e+00   2.6312000e+00   2.2994000e+00   2.5431000e+00   3.4087000e+00   3.3911000e+00
   2.2939000e+00   2.3641000e+00   2.0586000e+00   2.2439000e+00   3.2493000e+00   3.3466000e+00
   2.4320000e+00   2.3268000e+00   2.0355000e+00   2.1624000e+00   3.4095000e+00   3.3629000e+00
   2.6840000e+00   2.3696000e+00   2.1421000e+00   2.2153000e+00   3.3616000e+00   3.3121000e+00
   2.6888000e+00   2.2992000e+00   2.1481000e+00   2.2645000e+00   3.4790000e+00   3.2327000e+00
   2.5309000e+00   2.1419000e+00   2.0288000e+00   2.1459000e+00   3.7700000e+00   3.5985000e+00
   2.4408000e+00   2.2030000e+00   2.0024000e+00   2.0604000e+00   3.8665000e+00   3.6594000e+00
   2.4341000e+00   2.3485000e+00   2.1436000e+00   2.1708000e+00   3.6994000e+00   3.4469000e+00
   2.3751000e+00   2.4035000e+00   2.2828000e+00   2.2372000e+00   3.4916000e+00   3.2069000e+00
   2.2500000e+00   2.4160000e+00   2.2866000e+00   2.1891000e+00   3.4002000e+00   3.1764000e+00
   2.1887000e+00   2.5105000e+00   2.2570000e+00   2.0930000e+00   3.4019000e+00   3.3677000e+00
   2.6649000e+00   3.2333000e+00   2.7224000e+00   2.5233000e+00   3.4715000e+00   3.5443000e+00
   3.0435000e+00   3.4753000e+00   3.0646000e+00   2.8433000e+00   3.6273000e+00   3.5750000e+00
   3.4327000e+00   3.9864000e+00   3.4150000e+00   3.2243000e+00   3.9189000e+00   3.7861000e+00
   3.9886000e+00   3.7356000e+00   3.7236000e+00   3.4867000e+00   4.2694000e+00   4.1301000e+00
   8.0908000e+00   6.0015000e+00   6.6605000e+00   5.6610000e+00   4.7001000e+00   4.3822000e+00
   3.7361000e+00   1.7198000e+00   6.6963000e+00   6.9246000e+00   5.0691000e+00   4.7585000e+00
   2.3077000e+00  -9.8090000e-01   3.0773000e+00   4.4301000e+00   5.2678000e+00   4.9379000e+00
   3.6692000e+00   1.3072000e+00   3.3581000e+00   2.9202000e+00   5.3921000e+00   5.0781000e+00
  -3.5150000e+00  -1.9117000e+00   1.2597000e+00   3.8903000e+00   5.3932000e+00   5.1186000e+00
  -5.4362000e+00  -3.9350000e+00  -4.4186000e+00  -4.6963000e+00   5.3930000e+00   5.1771000e+00
  -2.2101000e+00  -1.6084000e+00  -2.4349000e+00  -3.2692000e+00   5.6059000e+00   5.2733000e+00
  -3.1585000e+00  -3.2175000e+00  -2.2346000e+00  -1.6912000e+00   6.1136000e+00   5.6324000e+00
  -9.6720000e-01  -6.2780000e-01  -1.1648000e+00  -1.7344000e+00   6.3163000e+00   5.8337000e+00
   3.0033000e+00   1.6827000e+00   3.0347000e+00   2.8272000e+00   7.0053000e+00   5.7818000e+00
   4.2188000e+00   5.3098000e+00   4.5310000e+00   4.9414000e+00   8.9576000e+00   6.5174000e+00
   2.8601000e+00   3.7869000e+00   3.1760000e+00   3.5182000e+00   7.0996000e+00   5.9584000e+00
   2.6580000e+00   3.7250000e+00   3.1540000e+00   2.9270000e+00  -5.8322000e+00   4.9168000e+00
   2.6711000e+00   4.3295000e+00   2.9898000e+00   2.3832000e+00  -6.5747000e+00  -8.4925000e+00
   5.0554000e+00   5.2448000e+00   4.9521000e+00   4.5493000e+00  -6.8971000e+00  -7.4421000e+00
   9.5767000e+00   8.2572000e+00   8.7517000e+00   7.9491000e+00  -3.0023000e+00  -5.0521000e+00
   9.0315000e+00   9.4434000e+00   9.0370000e+00   9.0098000e+00   1.1757000e+00  -4.2363000e+00
   7.8630000e+00   8.1879000e+00   8.0240000e+00   8.1410000e+00   9.7900000e-02  -1.0000000e-01
   6.8707000e+00   7.1762000e+00   8.2090000e+00   8.7497000e+00  -1.9113000e+00   1.5963000e+00
   5.4895000e+00   3.3955000e+00   6.2661000e+00   7.0580000e+00  -2.3527000e+00   2.3186000e+00
  -5.2121000e+00  -6.8944000e+00  -3.7536000e+00  -3.0272000e+00  -1.9095000e+00   2.5614000e+00
  -1.1384900e+01  -1.2126000e+01  -1.1824300e+01  -1.1595600e+01   2.0020000e-01   4.5330000e+00
  -6.0375000e+00  -9.1100000e+00  -8.4909000e+00  -1.0157700e+01  -1.3062000e+00   5.0674000e+00
  -2.7956000e+00  -4.5705000e+00  -4.5394000e+00  -5.4451000e+00  -3.4023000e+00   5.2274000e+00
  -2.6042000e+00  -2.4471000e+00  -3.5085000e+00  -4.8948000e+00  -2.9529000e+00   5.1873000e+00
  -1.8660000e+00  -3.1045000e+00  -3.7586000e+00  -4.9910000e+00  -2.7379000e+00   4.1101000e+00
  -1.2354000e+00  -1.2453000e+00  -2.1713000e+00  -2.8721000e+00  -2.9075000e+00   3.1475000e+00
   1.4950000e-01   4.2750000e-01  -2.2800000e-02  -1.3380000e-01  -2.1940000e+00   2.2430000e+00
   2.0235000e+00   1.8802000e+00   1.5167000e+00   1.1890000e+00  -3.3197000e+00   6.6220000e-01
   4.7401000e+00   4.2974000e+00   4.1878000e+00   3.9344000e+00  -5.9084000e+00   2.5300000e-02
   6.5702000e+00   6.7595000e+00   6.2504000e+00   6.0796000e+00  -6.5176000e+00  -7.8320000e-01
   6.9487000e+00   7.2798000e+00   7.2047000e+00   7.2315000e+00  -7.0177000e+00  -3.8814000e+00
   7.2593000e+00   7.8145000e+00   7.4580000e+00   7.5425000e+00  -7.1983000e+00  -6.5464000e+00
   5.3494000e+00   5.8634000e+00   5.6497000e+00   5.7740000e+00  -7.1496000e+00  -6.4575000e+00
   5.2905000e+00   5.5420000e+00   5.5929000e+00   5.8442000e+00  -7.5361000e+00  -6.6031000e+00
   6.7202000e+00   6.7401000e+00   7.4329000e+00   7.7734000e+00  -7.6069000e+00  -6.5795000e+00
   9.1322000e+00   9.5197000e+00   8.9074000e+00   9.2356000e+00  -7.6397000e+00  -6.8287000e+00
   8.4015000e+00   8.5193000e+00   7.9036000e+00   8.2531000e+00  -7.4801000e+00  -7.1853000e+00
   7.9291000e+00   8.1713000e+00   7.6033000e+00   7.5054000e+00  -7.1967000e+00  -7.5048000e+00
   7.3527000e+00   7.9517000e+00   7.3520000e+00   7.3651000e+00  -6.7963000e+00  -7.3585000e+00
   6.7424000e+00   7.4258000e+00   7.2164000e+00   7.6189000e+00  -6.2101000e+00  -7.0819000e+00
   5.0143000e+00   5.2127000e+00   5.9477000e+00   6.6618000e+00  -5.5822000e+00  -6.6797000e+00
  -4.5396000e+00  -6.0664000e+00  -5.3500000e-02   2.3537000e+00  -5.3678000e+00  -6.1689000e+00
  -7.8533000e+00  -7.5780000e+00  -7.6207000e+00  -7.8430000e+00  -5.3478000e+00  -5.2738000e+00
  -7.2773000e+00  -7.7197000e+00  -7.5737000e+00  -7.9107000e+00  -5.1094000e+00  -4.6539000e+00
  -6.9168000e+00  -7.3438000e+00  -7.2089000e+00  -7.6664000e+00  -5.0671000e+00  -4.5724000e+00
  -6.7735000e+00  -7.1459000e+00  -7.2229000e+00  -7.6657000e+00  -5.1597000e+00  -4.4642000e+00
  -5.6517000e+00  -6.0604000e+00  -6.3607000e+00  -6.8838000e+00  -5.5181000e+00  -4.4049000e+00
  -5.6622000e+00  -5.7388000e+00  -6.2459000e+00  -6.6782000e+00  -5.7864000e+00  -4.5467000e+00
  -5.3192000e+00  -5.4830000e+00  -5.6883000e+00  -5.9135000e+00  -5.7791000e+00  -4.5160000e+00
  -4.7662000e+00  -4.7966000e+00  -4.9742000e+00  -5.1640000e+00  -5.3891000e+00  -4.3794000e+00
  -4.0907000e+00  -4.0475000e+00  -4.3014000e+00  -4.4871000e+00  -5.0445000e+00  -4.4726000e+00
  -3.7347000e+00  -3.9307000e+00  -4.0480000e+00  -4.1300000e+00  -4.5805000e+00  -4.3328000e+00
  -3.1723000e+00  -3.3288000e+00  -3.4067000e+00  -3.4803000e+00  -4.1587000e+00  -3.9715000e+00
  -3.2875000e+00  -3.2518000e+00  -3.3851000e+00  -3.3872000e+00  -3.6836000e+00  -3.5977000e+00
  -3.4730000e+00  -3.1724000e+00  -3.3355000e+00  -3.2510000e+00  -3.3583000e+00  -3.2856000e+00
  -4.3712000e+00  -4.3245000e+00  -4.0761000e+00  -3.8345000e+00  -2.9772000e+00  -2.9899000e+00
  -4.6496000e+00  -4.7610000e+00  -4.7248000e+00  -4.7680000e+00  -2.8302000e+00  -2.7483000e+00
  -4.0393000e+00  -4.2432000e+00  -4.3899000e+00  -4.6096000e+00  -2.6883000e+00  -2.3521000e+00
  -3.7070000e+00  -3.9232000e+00  -4.0098000e+00  -4.1966000e+00  -2.5618000e+00  -1.9796000e+00
  -3.4285000e+00  -3.6000000e+00  -3.6922000e+00  -3.8761000e+00  -2.3817000e+00  -1.6638000e+00
  -3.1731000e+00  -3.3375000e+00  -3.4387000e+00  -3.6265000e+00  -2.2985000e+00  -1.4830000e+00
  -3.0247000e+00  -3.1454000e+00  -3.2612000e+00  -3.4385000e+00  -2.3441000e+00  -1.4118000e+00
  -2.9609000e+00  -3.0477000e+00  -3.1254000e+00  -3.2818000e+00  -2.2790000e+00  -1.2305000e+00
  -2.9950000e+00  -2.9820000e+00  -3.0192000e+00  -3.1422000e+00  -2.1998000e+00  -1.0750000e+00
  -2.9217000e+00  -2.8703000e+00  -2.9363000e+00  -3.0649000e+00  -2.2119000e+00  -9.9160000e-01
  -2.7918000e+00  -2.6841000e+00  -2.8122000e+00  -2.9276000e+00  -2.1718000e+00  -9.5170000e-01
  -2.6230000e+00  -2.5224000e+00  -2.6270000e+00  -2.6860000e+00  -2.1284000e+00  -1.1147000e+00
  -2.4658000e+00  -2.3923000e+00  -2.4557000e+00  -2.4713000e+00  -2.2119000e+00  -1.3050000e+00
  -2.2268000e+00  -2.1828000e+00  -2.2287000e+00  -2.2280000e+00  -2.2626000e+00  -1.3552000e+00
  -2.1052000e+00  -1.9842000e+00  -2.0491000e+00  -2.0272000e+00  -2.1454000e+00  -1.2164000e+00
  -1.9961000e+00  -1.8906000e+00  -1.9582000e+00  -1.9124000e+00  -1.9179000e+00  -1.1141000e+00
  -1.8063000e+00  -1.7704000e+00  -1.8844000e+00  -1.9042000e+00  -1.7849000e+00  -9.9360000e-01
  -1.6396000e+00  -1.6866000e+00  -1.7732000e+00  -1.8520000e+00  -1.4328000e+00  -7.2000000e-01
  -1.6182000e+00  -1.5661000e+00  -1.6228000e+00  -1.6833000e+00  -1.1617000e+00  -5.5580000e-01
  -1.6958000e+00  -1.7152000e+00  -1.7213000e+00  -1.6714000e+00  -1.0445000e+00  -6.1200000e-01
  -1.5518000e+00  -1.6072000e+00  -1.6519000e+00  -1.7235000e+00  -1.2602000e+00  -9.8280000e-01
  -1.4374000e+00  -1.4876000e+00  -1.5087000e+00  -1.5640000e+00  -1.3555000e+00  -1.1853000e+00
  -1.6049000e+00  -1.4447000e+00  -1.4372000e+00  -1.3908000e+00  -1.5173000e+00  -1.3428000e+00
  -1.9529000e+00  -1.7826000e+00  -1.6649000e+00  -1.4402000e+00  -1.6915000e+00  -1.3765000e+00
  -1.9756000e+00  -2.0279000e+00  -1.9153000e+00  -1.8445000e+00  -1.6606000e+00  -1.3327000e+00
  -1.9839000e+00  -2.0099000e+00  -1.9075000e+00  -1.8889000e+00  -1.6033000e+00  -1.3967000e+00
  -1.7910000e+00  -1.8514000e+00  -1.7604000e+00  -1.7359000e+00  -1.5853000e+00  -1.5363000e+00
  -1.5964000e+00  -1.6392000e+00  -1.5868000e+00  -1.6077000e+00  -1.7313000e+00  -1.7751000e+00
  -1.4981000e+00  -1.5139000e+00  -1.4571000e+00  -1.4290000e+00  -1.9344000e+00  -2.0197000e+00
  -1.7739000e+00  -1.7785000e+00  -1.7045000e+00  -1.6577000e+00  -2.0983000e+00  -2.2041000e+00
  -2.1865000e+00  -2.2127000e+00  -2.1114000e+00  -2.0643000e+00  -2.1118000e+00  -2.2027000e+00
  -2.2954000e+00  -2.3913000e+00  -2.2639000e+00  -2.2492000e+00  -2.1164000e+00  -2.0882000e+00
  -2.1589000e+00  -2.2783000e+00  -2.1462000e+00  -2.1362000e+00  -2.0505000e+00  -1.9651000e+00
  -2.0824000e+00  -2.1971000e+00  -2.0885000e+00  -2.0769000e+00  -1.9984000e+00  -1.9109000e+00
  -2.0936000e+00  -2.1939000e+00  -2.1292000e+00  -2.1287000e+00  -1.9877000e+00  -1.9118000e+00
  -2.1709000e+00  -2.2754000e+00  -2.2536000e+00  -2.2519000e+00  -1.9873000e+00  -1.8863000e+00
  -2.3174000e+00  -2.3613000e+00  -2.4582000e+00  -2.4539000e+00  -1.9629000e+00  -1.8648000e+00
  -2.5816000e+00  -2.4887000e+00  -2.7669000e+00  -2.8102000e+00  -1.9354000e+00  -1.9722000e+00
  -2.7097000e+00  -2.6404000e+00  -2.9239000e+00  -3.2747000e+00  -1.9051000e+00  -2.3973000e+00
  -2.6162000e+00  -2.9845000e+00  -2.9479000e+00  -3.8585000e+00  -1.9886000e+00  -2.7884000e+00
  -2.4465000e+00  -4.0433000e+00  -3.3889000e+00  -5.0637000e+00  -2.5083000e+00  -2.1404000e+00
  -2.3746000e+00  -5.5841000e+00  -4.4973000e+00  -6.6421000e+00  -3.0482000e+00  -8.2120000e-01
  -2.7305000e+00  -6.9465000e+00  -5.8003000e+00  -7.4761000e+00  -3.5090000e+00  -3.7210000e-01
  -3.5816000e+00  -7.7473000e+00  -6.8538000e+00  -7.7670000e+00  -3.7013000e+00  -3.0530000e-01
  -4.4512000e+00  -8.1213000e+00  -7.4877000e+00  -7.9621000e+00  -3.7420000e+00  -9.4600000e-02
  -5.2085000e+00  -8.2305000e+00  -7.7522000e+00  -8.0023000e+00  -3.7474000e+00  -2.0530000e-01
  -5.7974000e+00  -8.1169000e+00  -7.6929000e+00  -7.8009000e+00  -3.5596000e+00  -7.8870000e-01
  -6.3687000e+00  -7.9476000e+00  -7.5668000e+00  -7.6243000e+00  -3.2890000e+00  -1.2966000e+00
  -6.8717000e+00  -7.8740000e+00  -7.5324000e+00  -7.5984000e+00  -3.5780000e+00  -1.7017000e+00
  -7.2461000e+00  -7.7326000e+00  -7.5090000e+00  -7.5679000e+00  -4.1392000e+00  -1.9954000e+00
  -7.4943000e+00  -7.4830000e+00  -7.4352000e+00  -7.4908000e+00  -4.1664000e+00  -1.4829000e+00
  -7.3379000e+00  -7.1153000e+00  -7.2077000e+00  -7.2960000e+00  -3.9275000e+00  -1.2302000e+00
  -7.2026000e+00  -6.9792000e+00  -7.1059000e+00  -7.2245000e+00  -4.1725000e+00  -1.7078000e+00
  -6.8457000e+00  -6.6506000e+00  -6.8178000e+00  -6.9576000e+00  -4.1456000e+00  -1.7450000e+00
  -6.7686000e+00  -6.5696000e+00  -6.7375000e+00  -6.8902000e+00  -4.1389000e+00  -1.6994000e+00
  -6.2897000e+00  -6.1197000e+00  -6.2955000e+00  -6.4270000e+00  -4.3929000e+00  -1.8350000e+00
  -5.7664000e+00  -5.6337000e+00  -5.8540000e+00  -5.9976000e+00  -3.8618000e+00  -2.3299000e+00
  -5.0878000e+00  -5.0293000e+00  -5.3079000e+00  -5.4842000e+00  -3.7837000e+00  -3.4805000e+00
  -4.6545000e+00  -4.6144000e+00  -4.9212000e+00  -5.1421000e+00  -3.7601000e+00  -4.0442000e+00
  -4.0512000e+00  -4.1137000e+00  -4.3717000e+00  -4.5921000e+00  -3.8419000e+00  -3.6661000e+00
  -3.4953000e+00  -3.6536000e+00  -3.8525000e+00  -4.0785000e+00  -4.7780000e+00  -3.7752000e+00
  -2.7208000e+00  -2.9608000e+00  -3.1199000e+00  -3.3701000e+00  -5.7796000e+00  -3.3554000e+00
  -2.4690000e+00  -2.7387000e+00  -2.9113000e+00  -3.2189000e+00  -5.6529000e+00  -3.4276000e+00
  -2.6777000e+00  -3.0406000e+00  -3.1215000e+00  -3.4658000e+00  -5.4048000e+00  -4.2841000e+00
  -1.7983000e+00  -2.3161000e+00  -2.2301000e+00  -2.5620000e+00  -4.7967000e+00  -4.4269000e+00
  -1.1461000e+00  -1.9410000e+00  -1.5785000e+00  -1.8947000e+00  -4.7626000e+00  -4.6485000e+00
  -2.1790000e-01  -1.2499000e+00  -6.0390000e-01  -8.7220000e-01  -4.7968000e+00  -4.9129000e+00
   6.3150000e-01  -2.4260000e-01   3.5610000e-01   2.1260000e-01  -5.0131000e+00  -5.3067000e+00
   1.0281000e+00   5.1330000e-01   8.0370000e-01   6.8730000e-01  -5.1612000e+00  -5.5568000e+00
   1.4866000e+00   1.0602000e+00   1.2644000e+00   1.1543000e+00  -5.0512000e+00  -5.4095000e+00
   1.8326000e+00   1.3831000e+00   1.6465000e+00   1.5790000e+00  -4.7471000e+00  -5.2684000e+00
   2.3467000e+00   1.9377000e+00   2.1161000e+00   2.0134000e+00  -4.4349000e+00  -4.8670000e+00
   2.8956000e+00   2.3394000e+00   2.5464000e+00   2.3616000e+00  -3.9376000e+00  -4.4476000e+00
   3.2518000e+00   2.6354000e+00   2.8798000e+00   2.6838000e+00  -3.7264000e+00  -4.0051000e+00
   3.6530000e+00   3.1371000e+00   3.3963000e+00   3.2630000e+00  -3.4314000e+00  -3.4500000e+00
   3.7736000e+00   3.7090000e+00   3.7104000e+00   3.6964000e+00  -3.3936000e+00  -3.0006000e+00
   3.6633000e+00   3.6752000e+00   3.6050000e+00   3.6262000e+00  -3.2439000e+00  -2.4109000e+00
   3.7033000e+00   3.5438000e+00   3.6205000e+00   3.5933000e+00  -2.9889000e+00  -1.9273000e+00
   3.7085000e+00   3.5328000e+00   3.7619000e+00   3.7346000e+00  -2.7462000e+00  -1.5078000e+00
   3.7139000e+00   3.6089000e+00   3.8841000e+00   3.8849000e+00  -2.5608000e+00  -1.2091000e+00
   3.9583000e+00   3.8164000e+00   4.0569000e+00   4.1042000e+00  -2.1350000e+00  -1.1105000e+00
   4.4443000e+00   4.0489000e+00   4.1541000e+00   4.1419000e+00  -1.5690000e+00  -9.9280000e-01
   4.8564000e+00   4.3085000e+00   4.2905000e+00   4.0925000e+00  -9.3510000e-01  -8.1150000e-01
   4.8439000e+00   4.5237000e+00   4.5060000e+00   4.3559000e+00  -4.1980000e-01  -8.1080000e-01
   4.9222000e+00   4.7572000e+00   4.8733000e+00   4.9879000e+00  -3.4590000e-01  -7.7920000e-01
   4.7189000e+00   4.8437000e+00   5.0289000e+00   5.3430000e+00  -2.9710000e-01  -6.2980000e-01
   4.4241000e+00   4.7084000e+00   4.9902000e+00   5.4208000e+00  -5.2700000e-02  -5.2790000e-01
