   6.0266000e+00   6.2192000e+00   6.1528000e+00   6.2303000e+00   4.6647000e+00   4.6750000e+00
   5.9357000e+00   6.0961000e+00   6.0346000e+00   6.0889000e+00   4.5302000e+00   4.5570000e+00
   6.0796000e+00   6.1828000e+00   6.1592000e+00   6.1955000e+00   4.5268000e+00   4.5794000e+00
   5.9705000e+00   6.0426000e+00   6.0441000e+00   6.0713000e+00   4.3478000e+00   4.4098000e+00
   6.0229000e+00   6.0560000e+00   6.1042000e+00   6.1220000e+00   4.1642000e+00   4.2878000e+00
   6.0350000e+00   6.0757000e+00   6.1116000e+00   6.1403000e+00   3.8970000e+00   4.0062000e+00
   5.9753000e+00   5.9880000e+00   6.0384000e+00   6.0766000e+00   3.6945000e+00   3.7463000e+00
   5.9635000e+00   5.9647000e+00   6.0392000e+00   6.0789000e+00   3.4866000e+00   3.4671000e+00
   5.8719000e+00   5.8848000e+00   5.9427000e+00   5.9685000e+00   3.3822000e+00   3.1543000e+00
   5.9370000e+00   5.9600000e+00   6.0048000e+00   6.0178000e+00   3.3208000e+00   2.9952000e+00
   5.9411000e+00   5.9710000e+00   6.0004000e+00   5.9933000e+00   3.2888000e+00   2.8544000e+00
   5.9382000e+00   5.9818000e+00   6.0006000e+00   5.9766000e+00   3.2063000e+00   2.7506000e+00
   5.8818000e+00   5.9305000e+00   5.9383000e+00   5.8922000e+00   3.1616000e+00   2.6972000e+00
   5.9045000e+00   5.9450000e+00   5.9397000e+00   5.8713000e+00   3.0205000e+00   2.6071000e+00
   5.8983000e+00   5.9186000e+00   5.9067000e+00   5.8220000e+00   2.9732000e+00   2.5427000e+00
   5.9384000e+00   5.9419000e+00   5.9333000e+00   5.8446000e+00   3.0433000e+00   2.5937000e+00
   6.0231000e+00   6.0351000e+00   6.0166000e+00   5.9255000e+00   3.0054000e+00   2.4956000e+00
   6.0975000e+00   6.0970000e+00   6.0898000e+00   5.9954000e+00   2.9982000e+00   2.4973000e+00
   6.0472000e+00   6.0753000e+00   6.0517000e+00   5.9724000e+00   3.0283000e+00   2.5054000e+00
   5.9321000e+00   6.0223000e+00   5.9579000e+00   5.9132000e+00   3.0283000e+00   2.4936000e+00
   5.7249000e+00   5.8430000e+00   5.7658000e+00   5.7630000e+00   2.9323000e+00   2.4078000e+00
   5.5631000e+00   5.6586000e+00   5.6062000e+00   5.6661000e+00   2.8277000e+00   2.2918000e+00
   5.2572000e+00   5.4639000e+00   5.3145000e+00   5.4633000e+00   2.5572000e+00   2.0676000e+00
   4.7517000e+00   5.0726000e+00   4.8540000e+00   5.1026000e+00   2.1919000e+00   1.7561000e+00
   4.3497000e+00   4.6493000e+00   4.4568000e+00   4.7760000e+00   1.9208000e+00   1.5034000e+00
   4.0990000e+00   4.3456000e+00   4.2072000e+00   4.5889000e+00   1.7460000e+00   1.3627000e+00
   3.8852000e+00   4.0932000e+00   4.0401000e+00   4.4512000e+00   1.6398000e+00   1.1985000e+00
   3.7464000e+00   3.8919000e+00   3.9126000e+00   4.3501000e+00   1.5595000e+00   1.0405000e+00
   3.5775000e+00   3.6579000e+00   3.6881000e+00   4.1594000e+00   1.4718000e+00   9.1210000e-01
   3.4280000e+00   3.4490000e+00   3.4596000e+00   3.9980000e+00   1.3755000e+00   8.1200000e-01
   3.2613000e+00   3.2637000e+00   3.2604000e+00   3.8784000e+00   1.2889000e+00   7.2240000e-01
   3.0429000e+00   3.0654000e+00   3.0371000e+00   3.7015000e+00   1.1461000e+00   5.6650000e-01
   2.8394000e+00   2.8875000e+00   2.8136000e+00   3.5342000e+00   1.0046000e+00   4.5490000e-01
   2.6419000e+00   2.7594000e+00   2.6507000e+00   3.4395000e+00   8.3370000e-01   3.3540000e-01
   2.4077000e+00   2.7203000e+00   2.5815000e+00   3.3391000e+00   7.2340000e-01   2.3230000e-01
   2.2061000e+00   2.7892000e+00   2.6178000e+00   3.1894000e+00   6.5730000e-01   1.7360000e-01
   2.1024000e+00   2.8041000e+00   2.6130000e+00   2.9274000e+00   6.4330000e-01   1.3280000e-01
   2.0467000e+00   2.6634000e+00   2.4968000e+00   2.5927000e+00   6.5220000e-01   1.3840000e-01
   2.0112000e+00   2.4542000e+00   2.3307000e+00   2.2673000e+00   7.1500000e-01   1.9260000e-01
   1.9576000e+00   2.2462000e+00   2.1292000e+00   2.0286000e+00   7.9420000e-01   2.8290000e-01
   1.8992000e+00   2.1639000e+00   2.0069000e+00   1.9952000e+00   8.7980000e-01   3.8690000e-01
   1.7768000e+00   2.1949000e+00   1.9785000e+00   2.0890000e+00   9.4630000e-01   4.5370000e-01
   1.6564000e+00   2.2515000e+00   2.0226000e+00   2.2514000e+00   1.0270000e+00   5.6820000e-01
   1.6610000e+00   2.3722000e+00   2.1801000e+00   2.5820000e+00   1.1277000e+00   6.9900000e-01
   1.8947000e+00   2.7069000e+00   2.5499000e+00   3.0925000e+00   1.2592000e+00   8.0000000e-01
   2.3603000e+00   3.1792000e+00   3.0230000e+00   3.5259000e+00   1.3639000e+00   9.0910000e-01
   2.9317000e+00   3.5515000e+00   3.4044000e+00   3.7627000e+00   1.4642000e+00   1.0360000e+00
   3.2843000e+00   3.6285000e+00   3.5304000e+00   3.8825000e+00   1.5585000e+00   1.0989000e+00
   3.5339000e+00   3.7436000e+00   3.8285000e+00   4.1911000e+00   1.6306000e+00   1.1256000e+00
   4.3603000e+00   4.1289000e+00   4.3221000e+00   4.5266000e+00   1.5876000e+00   1.1262000e+00
   4.3429000e+00   4.4172000e+00   4.3247000e+00   4.6839000e+00   1.7536000e+00   1.2278000e+00
   4.3817000e+00   4.5198000e+00   4.4530000e+00   4.7433000e+00   1.8601000e+00   1.2499000e+00
   4.6119000e+00   4.7697000e+00   4.7079000e+00   5.0216000e+00   1.8887000e+00   1.3415000e+00
   4.8512000e+00   5.1951000e+00   5.0629000e+00   5.3685000e+00   1.9750000e+00   1.4565000e+00
   4.7947000e+00   5.2672000e+00   5.0451000e+00   5.3777000e+00   2.0941000e+00   1.5464000e+00
   5.0824000e+00   5.3925000e+00   5.2530000e+00   5.4878000e+00   1.9635000e+00   1.4528000e+00
   5.3404000e+00   5.6936000e+00   5.5120000e+00   5.7339000e+00   2.1748000e+00   1.6409000e+00
   5.5867000e+00   5.9713000e+00   5.7404000e+00   5.9458000e+00   2.1266000e+00   1.6271000e+00
   5.7984000e+00   6.2058000e+00   6.0163000e+00   6.2325000e+00   2.0576000e+00   1.6384000e+00
   6.1401000e+00   6.5035000e+00   6.2934000e+00   6.4691000e+00   2.0623000e+00   1.9412000e+00
   6.3707000e+00   6.7766000e+00   6.5706000e+00   6.7308000e+00   1.9971000e+00   1.9654000e+00
   6.5085000e+00   6.9013000e+00   6.7443000e+00   6.8873000e+00   2.4780000e+00   2.0602000e+00
   6.7539000e+00   7.1056000e+00   6.9306000e+00   7.0088000e+00   2.9457000e+00   2.2445000e+00
   6.8817000e+00   7.1637000e+00   6.9549000e+00   6.9691000e+00   3.4197000e+00   2.6227000e+00
   6.9419000e+00   7.1457000e+00   6.9585000e+00   6.9476000e+00   3.4241000e+00   2.6642000e+00
   7.0870000e+00   7.1912000e+00   6.9378000e+00   6.9299000e+00   3.4450000e+00   2.9317000e+00
   6.7696000e+00   7.0736000e+00   6.8627000e+00   6.9763000e+00   3.5971000e+00   2.7730000e+00
   6.7997000e+00   7.2229000e+00   7.0444000e+00   7.1046000e+00   3.2335000e+00   2.7102000e+00
   6.9507000e+00   7.3136000e+00   7.1429000e+00   7.2149000e+00   2.5021000e+00   3.4320000e+00
   6.8332000e+00   7.1191000e+00   7.0301000e+00   7.1176000e+00   3.1028000e+00   3.9758000e+00
   6.9181000e+00   7.1080000e+00   7.1773000e+00   7.3112000e+00   5.2203000e+00   4.6848000e+00
   7.1515000e+00   7.3503000e+00   7.3945000e+00   7.4642000e+00   5.7340000e+00   5.6469000e+00
   7.4132000e+00   7.2452000e+00   7.2993000e+00   7.2034000e+00   6.0783000e+00   5.7692000e+00
   7.4645000e+00   7.1187000e+00   7.3506000e+00   7.2307000e+00   7.0620000e+00   5.9109000e+00
   7.7469000e+00   7.3120000e+00   7.4874000e+00   7.3118000e+00   7.0991000e+00   6.1392000e+00
   7.5476000e+00   7.2592000e+00   7.4544000e+00   7.3974000e+00   7.0422000e+00   6.4652000e+00
   7.5106000e+00   7.2747000e+00   7.5086000e+00   7.4830000e+00   7.0078000e+00   6.9142000e+00
   7.4798000e+00   7.2516000e+00   7.5706000e+00   7.5569000e+00   6.8765000e+00   7.2400000e+00
   7.5297000e+00   7.3154000e+00   7.6562000e+00   7.6488000e+00   6.9641000e+00   7.2936000e+00
   7.6272000e+00   7.3965000e+00   7.7235000e+00   7.7039000e+00   7.0691000e+00   7.1927000e+00
   7.6596000e+00   7.4899000e+00   7.7720000e+00   7.7186000e+00   7.1824000e+00   7.1946000e+00
   7.7307000e+00   7.4656000e+00   7.7071000e+00   7.5479000e+00   7.2810000e+00   7.2789000e+00
   7.6816000e+00   7.3055000e+00   7.5051000e+00   7.2840000e+00   7.2614000e+00   7.3674000e+00
   7.5744000e+00   7.1490000e+00   7.3010000e+00   7.0290000e+00   7.2015000e+00   7.3739000e+00
   7.3599000e+00   6.9427000e+00   7.1157000e+00   6.8559000e+00   7.2178000e+00   7.3293000e+00
   7.1119000e+00   6.7415000e+00   6.9617000e+00   6.7596000e+00   7.1758000e+00   7.2029000e+00
   6.9943000e+00   6.6269000e+00   6.8823000e+00   6.6997000e+00   7.1251000e+00   6.9926000e+00
   6.9260000e+00   6.5598000e+00   6.8225000e+00   6.6490000e+00   7.0362000e+00   6.8229000e+00
   6.7940000e+00   6.4310000e+00   6.6812000e+00   6.5064000e+00   6.9175000e+00   6.7375000e+00
   6.6064000e+00   6.2370000e+00   6.5057000e+00   6.3584000e+00   6.7508000e+00   6.6376000e+00
   6.4758000e+00   6.1135000e+00   6.3806000e+00   6.2605000e+00   6.7316000e+00   6.5487000e+00
   6.3375000e+00   5.9942000e+00   6.2271000e+00   6.0969000e+00   6.6726000e+00   6.5002000e+00
   6.2436000e+00   5.9231000e+00   6.1412000e+00   6.0117000e+00   6.5819000e+00   6.4497000e+00
   6.1022000e+00   5.8144000e+00   6.0429000e+00   5.9367000e+00   6.5159000e+00   6.3639000e+00
   6.0901000e+00   5.7807000e+00   5.9936000e+00   5.8784000e+00   6.4362000e+00   6.2518000e+00
   6.1192000e+00   5.7797000e+00   5.9939000e+00   5.8664000e+00   6.2639000e+00   6.1866000e+00
   6.1789000e+00   5.8001000e+00   6.0113000e+00   5.8583000e+00   6.1339000e+00   6.1598000e+00
   6.2181000e+00   5.8360000e+00   6.0643000e+00   5.9270000e+00   6.0606000e+00   6.0945000e+00
   6.2139000e+00   5.8390000e+00   6.0664000e+00   5.9358000e+00   6.0087000e+00   6.0401000e+00
   6.2305000e+00   5.8519000e+00   6.0572000e+00   5.9192000e+00   5.9574000e+00   5.9532000e+00
   6.2428000e+00   5.8925000e+00   6.0888000e+00   5.9676000e+00   5.8455000e+00   5.7935000e+00
   6.1608000e+00   5.8450000e+00   6.0301000e+00   5.9214000e+00   5.7263000e+00   5.5898000e+00
   6.1555000e+00   5.8613000e+00   6.0194000e+00   5.9066000e+00   5.5930000e+00   5.4003000e+00
   6.1446000e+00   5.8919000e+00   6.0450000e+00   5.9530000e+00   5.4114000e+00   5.2559000e+00
   6.1246000e+00   5.8790000e+00   6.0458000e+00   5.9671000e+00   5.2366000e+00   5.1503000e+00
   6.1265000e+00   5.8764000e+00   6.0317000e+00   5.9468000e+00   5.1153000e+00   5.0675000e+00
   6.1089000e+00   5.8616000e+00   5.9938000e+00   5.8910000e+00   5.0219000e+00   5.0242000e+00
   6.1196000e+00   5.8634000e+00   6.0094000e+00   5.9056000e+00   4.9773000e+00   5.0591000e+00
   6.1289000e+00   5.9097000e+00   6.0405000e+00   5.9508000e+00   4.9418000e+00   5.0714000e+00
   6.1536000e+00   5.9465000e+00   6.0708000e+00   5.9968000e+00   4.9211000e+00   5.1010000e+00
   6.2338000e+00   6.0343000e+00   6.1461000e+00   6.0739000e+00   4.9281000e+00   5.1946000e+00
   6.3151000e+00   6.1304000e+00   6.1914000e+00   6.0922000e+00   4.9761000e+00   5.2667000e+00
   6.3191000e+00   6.1383000e+00   6.1664000e+00   6.0643000e+00   5.0289000e+00   5.2585000e+00
   6.2520000e+00   6.1396000e+00   6.1003000e+00   6.0447000e+00   4.9116000e+00   5.0499000e+00
   6.0848000e+00   6.1394000e+00   6.0316000e+00   6.0254000e+00   4.4323000e+00   4.5738000e+00
   5.9683000e+00   6.1186000e+00   5.9396000e+00   5.9524000e+00   4.1230000e+00   4.3734000e+00
   5.6699000e+00   5.9359000e+00   5.7260000e+00   5.8543000e+00   3.3474000e+00   3.6539000e+00
   5.3845000e+00   5.8468000e+00   5.6266000e+00   5.7327000e+00   2.8421000e+00   3.0398000e+00
   5.3465000e+00   5.7407000e+00   5.5655000e+00   5.6303000e+00   2.4942000e+00   2.6320000e+00
   5.1836000e+00   5.5378000e+00   5.3790000e+00   5.4844000e+00   2.2278000e+00   2.3406000e+00
   4.9338000e+00   5.2856000e+00   5.1750000e+00   5.3144000e+00   2.2128000e+00   2.5911000e+00
   4.7604000e+00   5.0839000e+00   4.9660000e+00   5.0772000e+00   2.6341000e+00   2.8866000e+00
   4.5640000e+00   4.8320000e+00   4.7253000e+00   4.8253000e+00   2.6822000e+00   2.8586000e+00
   4.3160000e+00   4.6204000e+00   4.5288000e+00   4.6668000e+00   2.6967000e+00   2.8339000e+00
   4.0081000e+00   4.4585000e+00   4.3257000e+00   4.4773000e+00   2.7507000e+00   2.8846000e+00
   3.5504000e+00   4.1577000e+00   4.0081000e+00   4.1276000e+00   2.7635000e+00   2.9219000e+00
   3.2216000e+00   3.8696000e+00   3.6886000e+00   3.6747000e+00   2.7637000e+00   2.9545000e+00
   2.9963000e+00   3.3986000e+00   3.2260000e+00   2.9930000e+00   2.7451000e+00   2.9339000e+00
   2.6705000e+00   2.6918000e+00   2.7618000e+00   2.6153000e+00   2.7844000e+00   2.8899000e+00
   2.3213000e+00   2.3821000e+00   2.6040000e+00   2.7325000e+00   2.8547000e+00   2.8595000e+00
   2.1255000e+00   2.6863000e+00   2.6919000e+00   2.9499000e+00   2.8492000e+00   2.7948000e+00
   2.0245000e+00   3.0125000e+00   2.8192000e+00   3.1493000e+00   2.8311000e+00   2.7131000e+00
   2.1214000e+00   3.2842000e+00   3.0103000e+00   3.3603000e+00   2.7542000e+00   2.6345000e+00
   2.3720000e+00   3.4850000e+00   3.2824000e+00   3.6355000e+00   2.6746000e+00   2.6088000e+00
   2.7222000e+00   3.6761000e+00   3.5216000e+00   3.8236000e+00   2.6241000e+00   2.5715000e+00
   3.0090000e+00   3.8168000e+00   3.6712000e+00   3.9473000e+00   2.5976000e+00   2.5320000e+00
   3.2519000e+00   3.9511000e+00   3.7862000e+00   4.0234000e+00   2.5945000e+00   2.5170000e+00
   3.3973000e+00   3.9901000e+00   3.8502000e+00   4.0484000e+00   2.5929000e+00   2.5131000e+00
   3.5125000e+00   3.9931000e+00   3.9005000e+00   4.0718000e+00   2.6036000e+00   2.4840000e+00
   3.6183000e+00   4.0151000e+00   3.9182000e+00   4.0399000e+00   2.6201000e+00   2.5123000e+00
   3.7534000e+00   4.0640000e+00   3.9934000e+00   4.1064000e+00   2.6340000e+00   2.5259000e+00
   3.8177000e+00   4.0451000e+00   4.0219000e+00   4.1166000e+00   2.7009000e+00   2.6090000e+00
   3.9672000e+00   4.1425000e+00   4.1272000e+00   4.2134000e+00   2.6790000e+00   2.6896000e+00
   4.1153000e+00   4.2309000e+00   4.2424000e+00   4.3257000e+00   2.7378000e+00   2.7485000e+00
   4.2629000e+00   4.3478000e+00   4.3587000e+00   4.4469000e+00   2.8127000e+00   2.8907000e+00
   4.3658000e+00   4.4247000e+00   4.4574000e+00   4.5496000e+00   2.9149000e+00   2.9334000e+00
   4.5363000e+00   4.6001000e+00   4.5937000e+00   4.6617000e+00   3.0627000e+00   3.0803000e+00
   4.6002000e+00   4.6700000e+00   4.6743000e+00   4.7438000e+00   3.2150000e+00   3.1357000e+00
   4.8036000e+00   4.8726000e+00   4.8559000e+00   4.9108000e+00   3.3036000e+00   3.2522000e+00
   4.8442000e+00   4.9055000e+00   4.8820000e+00   4.8983000e+00   3.4782000e+00   3.3966000e+00
   4.9034000e+00   4.9645000e+00   4.9357000e+00   4.9712000e+00   3.6375000e+00   3.5540000e+00
   4.9132000e+00   4.9797000e+00   4.9354000e+00   4.9673000e+00   3.7293000e+00   3.5992000e+00
   4.9920000e+00   5.0307000e+00   5.0042000e+00   5.0271000e+00   3.8928000e+00   3.7358000e+00
   4.9540000e+00   4.9628000e+00   4.9112000e+00   4.9122000e+00   4.0858000e+00   3.9041000e+00
   4.9989000e+00   4.9793000e+00   4.9563000e+00   4.9474000e+00   4.0160000e+00   3.9964000e+00
   5.1633000e+00   5.0581000e+00   5.1181000e+00   5.0916000e+00   4.0926000e+00   4.0166000e+00
   5.3749000e+00   5.0888000e+00   5.2533000e+00   5.1729000e+00   3.9220000e+00   3.9870000e+00
   5.8792000e+00   5.3676000e+00   5.6145000e+00   5.4804000e+00   3.9904000e+00   4.0610000e+00
   6.1651000e+00   5.6622000e+00   5.9244000e+00   5.7840000e+00   3.6851000e+00   4.1223000e+00
   6.2859000e+00   5.7194000e+00   6.0378000e+00   5.9145000e+00   3.5601000e+00   4.2915000e+00
   6.4472000e+00   6.2258000e+00   6.3080000e+00   6.2303000e+00   3.9278000e+00   5.0004000e+00
   6.5656000e+00   6.5367000e+00   6.5142000e+00   6.5029000e+00   3.8366000e+00   4.8588000e+00
   6.3097000e+00   6.3783000e+00   6.3180000e+00   6.3326000e+00   4.2155000e+00   4.8943000e+00
   6.2825000e+00   6.4245000e+00   6.2643000e+00   6.2617000e+00   4.6200000e+00   5.3152000e+00
   6.2567000e+00   6.3187000e+00   6.2122000e+00   6.2061000e+00   4.6861000e+00   5.5527000e+00
   6.1381000e+00   6.1948000e+00   6.1327000e+00   6.1503000e+00   5.1120000e+00   5.7668000e+00
   6.2494000e+00   6.3666000e+00   6.2499000e+00   6.2719000e+00   5.2917000e+00   5.8497000e+00
   6.0260000e+00   6.1640000e+00   6.0439000e+00   6.0804000e+00   5.5957000e+00   5.9185000e+00
   5.7936000e+00   5.9269000e+00   5.8262000e+00   5.8590000e+00   5.7741000e+00   6.0661000e+00
   5.8837000e+00   6.0045000e+00   5.8643000e+00   5.8746000e+00   5.9253000e+00   6.3702000e+00
   6.0001000e+00   6.0856000e+00   6.0396000e+00   6.0944000e+00   5.9709000e+00   6.0329000e+00
   5.8547000e+00   5.9873000e+00   5.8455000e+00   5.8711000e+00   6.2431000e+00   6.1794000e+00
   5.5428000e+00   5.6976000e+00   5.5552000e+00   5.5816000e+00   6.4748000e+00   6.5797000e+00
   5.8479000e+00   6.0024000e+00   5.8753000e+00   5.9145000e+00   5.8917000e+00   6.1196000e+00
   5.8243000e+00   6.0097000e+00   5.8754000e+00   5.9266000e+00   6.0397000e+00   5.8266000e+00
   5.7223000e+00   5.9314000e+00   5.7757000e+00   5.8159000e+00   6.1958000e+00   5.8168000e+00
   5.8056000e+00   6.0205000e+00   5.8879000e+00   5.9424000e+00   6.2136000e+00   5.8030000e+00
   5.5636000e+00   5.7562000e+00   5.6548000e+00   5.7030000e+00   6.1214000e+00   5.7205000e+00
   5.8879000e+00   6.0956000e+00   5.8950000e+00   5.9099000e+00   5.8113000e+00   5.4169000e+00
   6.1095000e+00   6.2797000e+00   6.1110000e+00   6.1357000e+00   5.6128000e+00   5.0941000e+00
   5.5881000e+00   5.7389000e+00   5.6584000e+00   5.7244000e+00   5.8796000e+00   5.2552000e+00
   5.3788000e+00   5.6046000e+00   5.4577000e+00   5.5314000e+00   5.3456000e+00   5.2126000e+00
   5.6426000e+00   5.9364000e+00   5.7665000e+00   5.8238000e+00   4.7067000e+00   4.7788000e+00
   5.8475000e+00   6.1413000e+00   5.9726000e+00   6.0394000e+00   4.9986000e+00   4.3874000e+00
   5.7425000e+00   6.0647000e+00   6.0026000e+00   6.1727000e+00   5.2535000e+00   4.3229000e+00
   5.9874000e+00   6.3000000e+00   6.1820000e+00   6.2545000e+00   5.0231000e+00   4.5882000e+00
   6.1194000e+00   6.4816000e+00   6.2714000e+00   6.3386000e+00   4.8221000e+00   4.5064000e+00
   6.2952000e+00   6.7067000e+00   6.4990000e+00   6.5895000e+00   4.9311000e+00   4.5227000e+00
   6.0506000e+00   6.5135000e+00   6.2620000e+00   6.3491000e+00   4.9097000e+00   4.7820000e+00
   6.1457000e+00   6.5921000e+00   6.3565000e+00   6.4457000e+00   4.8103000e+00   4.9555000e+00
   6.1563000e+00   6.6225000e+00   6.3477000e+00   6.4234000e+00   5.0456000e+00   4.8330000e+00
   6.4123000e+00   6.8473000e+00   6.5495000e+00   6.6078000e+00   5.3008000e+00   5.1182000e+00
   6.3735000e+00   6.7646000e+00   6.5941000e+00   6.6893000e+00   5.2604000e+00   5.3719000e+00
   6.1580000e+00   6.5521000e+00   6.3447000e+00   6.4055000e+00   5.3671000e+00   5.4413000e+00
   6.2621000e+00   6.6741000e+00   6.4455000e+00   6.5065000e+00   5.4459000e+00   5.6232000e+00
   6.2791000e+00   6.6805000e+00   6.4441000e+00   6.4911000e+00   5.5123000e+00   5.6846000e+00
   6.2357000e+00   6.6297000e+00   6.3750000e+00   6.4105000e+00   5.5606000e+00   5.7459000e+00
   6.1226000e+00   6.4986000e+00   6.2936000e+00   6.3446000e+00   5.3763000e+00   5.7411000e+00
   5.9199000e+00   6.2496000e+00   6.1012000e+00   6.1553000e+00   5.2378000e+00   5.5491000e+00
   5.5556000e+00   5.8829000e+00   5.7314000e+00   5.7716000e+00   5.0869000e+00   5.3550000e+00
   5.5536000e+00   5.8600000e+00   5.6344000e+00   5.6229000e+00   4.8860000e+00   5.1893000e+00
   5.6274000e+00   5.8596000e+00   5.6658000e+00   5.6488000e+00   4.5474000e+00   5.1080000e+00
   5.4348000e+00   5.5516000e+00   5.4661000e+00   5.4613000e+00   4.4830000e+00   4.7967000e+00
   5.0717000e+00   5.1305000e+00   5.0558000e+00   5.0279000e+00   4.5419000e+00   4.6506000e+00
   4.9001000e+00   4.9026000e+00   4.8329000e+00   4.7860000e+00   4.3606000e+00   4.7489000e+00
   4.7766000e+00   4.7325000e+00   4.6719000e+00   4.6136000e+00   4.0581000e+00   4.6868000e+00
   4.6343000e+00   4.5594000e+00   4.5030000e+00   4.4456000e+00   3.8689000e+00   4.4074000e+00
   4.6592000e+00   4.5446000e+00   4.4919000e+00   4.4469000e+00   3.7773000e+00   4.1164000e+00
   4.6077000e+00   4.4906000e+00   4.4464000e+00   4.4148000e+00   3.7446000e+00   3.8388000e+00
   4.5054000e+00   4.4079000e+00   4.3635000e+00   4.3365000e+00   3.5781000e+00   3.6369000e+00
   4.4431000e+00   4.3661000e+00   4.3100000e+00   4.2776000e+00   3.6381000e+00   3.8077000e+00
   4.3884000e+00   4.2887000e+00   4.2352000e+00   4.2051000e+00   3.6155000e+00   3.6917000e+00
   4.3366000e+00   4.2923000e+00   4.1914000e+00   4.1891000e+00   3.2637000e+00   3.1490000e+00
   4.2903000e+00   4.3219000e+00   4.2132000e+00   4.2049000e+00   3.0953000e+00   2.8532000e+00
   4.2260000e+00   4.2699000e+00   4.1668000e+00   4.1482000e+00   3.3017000e+00   3.2159000e+00
   4.0807000e+00   4.1674000e+00   4.0292000e+00   4.0017000e+00   3.8472000e+00   3.8521000e+00
   3.9708000e+00   4.1192000e+00   3.9337000e+00   3.9099000e+00   3.9323000e+00   4.1422000e+00
   3.8789000e+00   4.0973000e+00   3.9128000e+00   3.9192000e+00   4.2786000e+00   4.5431000e+00
   3.7476000e+00   4.0785000e+00   3.9076000e+00   3.9782000e+00   4.6348000e+00   4.6520000e+00
   3.6611000e+00   4.1014000e+00   3.8772000e+00   3.9237000e+00   4.6773000e+00   4.8010000e+00
   3.5664000e+00   3.9873000e+00   3.7969000e+00   3.8164000e+00   4.7830000e+00   4.8554000e+00
   3.3688000e+00   3.7932000e+00   3.5955000e+00   3.6236000e+00   4.8638000e+00   4.8822000e+00
   3.1457000e+00   3.7000000e+00   3.4719000e+00   3.5117000e+00   4.8481000e+00   4.9985000e+00
   2.9954000e+00   3.6502000e+00   3.3812000e+00   3.4214000e+00   4.7878000e+00   5.1076000e+00
   2.7170000e+00   3.4421000e+00   3.2011000e+00   3.2941000e+00   4.7592000e+00   5.1369000e+00
   2.5999000e+00   3.3678000e+00   3.1659000e+00   3.2591000e+00   4.8622000e+00   5.1552000e+00
   2.6186000e+00   3.4034000e+00   3.1755000e+00   3.2520000e+00   5.0293000e+00   5.2149000e+00
   2.6454000e+00   3.4806000e+00   3.2106000e+00   3.2814000e+00   5.2408000e+00   5.3344000e+00
   2.5697000e+00   3.4877000e+00   3.1647000e+00   3.2297000e+00   5.3918000e+00   5.4415000e+00
   2.5195000e+00   3.4296000e+00   3.0962000e+00   3.1387000e+00   5.4368000e+00   5.4770000e+00
   2.4168000e+00   3.3314000e+00   3.0089000e+00   3.0461000e+00   5.4862000e+00   5.4773000e+00
   2.3417000e+00   3.1780000e+00   2.9126000e+00   2.9467000e+00   5.5049000e+00   5.5095000e+00
   2.2736000e+00   3.0759000e+00   2.8411000e+00   2.8707000e+00   5.5211000e+00   5.6158000e+00
   2.2358000e+00   3.0419000e+00   2.8235000e+00   2.8486000e+00   5.5502000e+00   5.6455000e+00
   2.2360000e+00   3.0348000e+00   2.8399000e+00   2.8787000e+00   5.5500000e+00   5.4510000e+00
   2.2426000e+00   2.9840000e+00   2.7981000e+00   2.8338000e+00   5.4753000e+00   5.5869000e+00
   2.1779000e+00   2.8755000e+00   2.6872000e+00   2.7185000e+00   5.4440000e+00   5.0300000e+00
   2.1227000e+00   2.8100000e+00   2.6060000e+00   2.6433000e+00   5.2971000e+00   5.4932000e+00
   2.1438000e+00   2.8053000e+00   2.6030000e+00   2.6503000e+00   4.6055000e+00   5.5253000e+00
   2.2572000e+00   2.8957000e+00   2.7034000e+00   2.7572000e+00   4.2624000e+00   6.0677000e+00
   2.3823000e+00   2.9964000e+00   2.8004000e+00   2.8574000e+00   3.8157000e+00   5.9617000e+00
   2.4907000e+00   3.1021000e+00   2.8856000e+00   2.9518000e+00   4.4658000e+00   6.0690000e+00
   2.6765000e+00   3.2670000e+00   3.0544000e+00   3.1252000e+00   5.8438000e+00   6.0219000e+00
   2.7676000e+00   3.3264000e+00   3.1350000e+00   3.2107000e+00   5.3705000e+00   5.5370000e+00
   2.8792000e+00   3.4359000e+00   3.2192000e+00   3.2899000e+00   4.3722000e+00   5.5305000e+00
   3.1786000e+00   3.7141000e+00   3.5196000e+00   3.6018000e+00   4.8594000e+00   4.7902000e+00
   3.1379000e+00   3.6742000e+00   3.4874000e+00   3.5843000e+00   5.1349000e+00   5.2496000e+00
   3.2579000e+00   3.8053000e+00   3.5944000e+00   3.6923000e+00   5.1560000e+00   4.2821000e+00
   3.4630000e+00   4.0193000e+00   3.7814000e+00   3.8841000e+00   4.6421000e+00   4.5658000e+00
   3.6128000e+00   4.1770000e+00   3.9016000e+00   3.9914000e+00   5.2537000e+00   5.7088000e+00
   3.8257000e+00   4.3438000e+00   4.1496000e+00   4.2698000e+00   2.6475000e+00   5.6061000e+00
   3.5649000e+00   4.0763000e+00   3.9282000e+00   4.0456000e+00   3.9367000e+00   5.5623000e+00
   3.7136000e+00   4.1057000e+00   4.0046000e+00   4.0521000e+00   5.6899000e+00   5.4615000e+00
   4.5107000e+00   4.6245000e+00   4.7040000e+00   4.7988000e+00   4.3354000e+00   4.8424000e+00
   4.4180000e+00   4.3700000e+00   4.4756000e+00   4.5241000e+00   5.5977000e+00   4.7758000e+00
   4.8649000e+00   4.7367000e+00   4.8101000e+00   4.8459000e+00   5.1080000e+00   4.3958000e+00
   5.0474000e+00   4.9327000e+00   4.9317000e+00   4.9304000e+00   5.2644000e+00   3.9160000e+00
   5.2408000e+00   5.1323000e+00   5.1036000e+00   5.1115000e+00   4.6611000e+00   3.6144000e+00
   5.2725000e+00   5.2229000e+00   5.1774000e+00   5.2084000e+00   4.3017000e+00   3.8966000e+00
   5.1384000e+00   5.1217000e+00   5.0052000e+00   5.0091000e+00   3.3207000e+00   4.5780000e+00
   5.2157000e+00   5.2260000e+00   5.0919000e+00   5.1003000e+00   3.2431000e+00   4.8752000e+00
   5.5602000e+00   5.6081000e+00   5.4392000e+00   5.4512000e+00   4.2244000e+00   4.7274000e+00
   5.3029000e+00   5.3076000e+00   5.2594000e+00   5.3071000e+00   5.0859000e+00   5.2146000e+00
   5.2241000e+00   5.2453000e+00   5.0787000e+00   5.0562000e+00   4.9872000e+00   5.5490000e+00
   5.4066000e+00   5.3891000e+00   5.2890000e+00   5.2850000e+00   4.8233000e+00   5.4928000e+00
   5.2046000e+00   5.1883000e+00   5.0629000e+00   5.0468000e+00   5.3215000e+00   5.3241000e+00
   5.3529000e+00   5.2874000e+00   5.2243000e+00   5.2292000e+00   5.3726000e+00   5.4500000e+00
   5.0901000e+00   4.9935000e+00   4.9339000e+00   4.9048000e+00   4.9258000e+00   5.1829000e+00
   4.9521000e+00   4.9029000e+00   4.8458000e+00   4.8471000e+00   4.4698000e+00   4.8429000e+00
   5.0320000e+00   4.9714000e+00   4.8807000e+00   4.8589000e+00   4.2719000e+00   4.6230000e+00
   5.3676000e+00   5.3606000e+00   5.1693000e+00   5.1236000e+00   4.0622000e+00   4.5433000e+00
   5.4847000e+00   5.4221000e+00   5.4130000e+00   5.4411000e+00   4.3399000e+00   4.5985000e+00
   5.1166000e+00   5.0890000e+00   4.9825000e+00   4.9494000e+00   4.8650000e+00   4.8025000e+00
   5.6929000e+00   5.6730000e+00   5.5327000e+00   5.4939000e+00   5.4540000e+00   5.1450000e+00
   5.9514000e+00   5.9084000e+00   5.8054000e+00   5.7855000e+00   5.5925000e+00   5.5879000e+00
   5.8445000e+00   5.8201000e+00   5.7323000e+00   5.7302000e+00   5.6295000e+00   5.6196000e+00
   5.5732000e+00   5.5465000e+00   5.4695000e+00   5.4577000e+00   5.8982000e+00   5.6684000e+00
   5.7990000e+00   5.8201000e+00   5.6361000e+00   5.5864000e+00   5.6153000e+00   5.8077000e+00
   5.9094000e+00   5.9009000e+00   5.8014000e+00   5.7849000e+00   5.6081000e+00   5.5017000e+00
   6.0212000e+00   6.0287000e+00   5.8895000e+00   5.8661000e+00   5.7565000e+00   5.5505000e+00
   5.8964000e+00   5.9412000e+00   5.8515000e+00   5.8770000e+00   5.3780000e+00   5.5325000e+00
   5.6806000e+00   5.7258000e+00   5.6183000e+00   5.6126000e+00   5.2260000e+00   5.3743000e+00
   5.7244000e+00   5.7585000e+00   5.6167000e+00   5.5746000e+00   5.0748000e+00   5.2952000e+00
   5.7103000e+00   5.7757000e+00   5.6524000e+00   5.6513000e+00   4.6245000e+00   5.2099000e+00
   5.8485000e+00   5.9386000e+00   5.7672000e+00   5.7537000e+00   4.4377000e+00   4.8394000e+00
   5.9759000e+00   6.0522000e+00   5.9176000e+00   5.9346000e+00   4.3561000e+00   4.6465000e+00
   5.7310000e+00   5.7566000e+00   5.6805000e+00   5.6919000e+00   4.2646000e+00   4.2232000e+00
   5.5583000e+00   5.5685000e+00   5.4866000e+00   5.4757000e+00   4.2978000e+00   4.0958000e+00
   5.3576000e+00   5.3782000e+00   5.2914000e+00   5.2789000e+00   4.3668000e+00   4.1600000e+00
   5.2915000e+00   5.3020000e+00   5.2036000e+00   5.1819000e+00   4.2458000e+00   4.1862000e+00
   5.1631000e+00   5.1633000e+00   5.0792000e+00   5.0635000e+00   3.9423000e+00   4.2120000e+00
   4.9984000e+00   4.9959000e+00   4.9118000e+00   4.8997000e+00   3.8289000e+00   3.9135000e+00
   4.9022000e+00   4.8746000e+00   4.7897000e+00   4.7636000e+00   3.8929000e+00   3.7076000e+00
   4.8085000e+00   4.7257000e+00   4.6820000e+00   4.6527000e+00   3.9036000e+00   3.6812000e+00
   4.6792000e+00   4.5827000e+00   4.5487000e+00   4.5143000e+00   3.8161000e+00   3.7490000e+00
   4.5687000e+00   4.4734000e+00   4.4495000e+00   4.4200000e+00   3.8185000e+00   3.7460000e+00
   4.4338000e+00   4.3207000e+00   4.2751000e+00   4.2306000e+00   3.7453000e+00   3.7134000e+00
   4.2612000e+00   4.1654000e+00   4.1202000e+00   4.0867000e+00   3.6610000e+00   3.5993000e+00
   4.1436000e+00   4.0515000e+00   4.0051000e+00   3.9652000e+00   3.5038000e+00   3.4354000e+00
   4.0576000e+00   3.9838000e+00   3.9170000e+00   3.8908000e+00   3.4586000e+00   3.3212000e+00
   3.9384000e+00   3.9006000e+00   3.8097000e+00   3.7866000e+00   3.4860000e+00   3.2643000e+00
   3.9123000e+00   3.8594000e+00   3.7953000e+00   3.7747000e+00   3.4129000e+00   3.3026000e+00
   3.8109000e+00   3.7512000e+00   3.7048000e+00   3.6901000e+00   3.3349000e+00   3.2484000e+00
   3.7164000e+00   3.6854000e+00   3.6318000e+00   3.6295000e+00   3.3896000e+00   3.1217000e+00
   3.7874000e+00   3.7951000e+00   3.6753000e+00   3.6653000e+00   3.3569000e+00   3.0724000e+00
   3.6733000e+00   3.6793000e+00   3.5941000e+00   3.6071000e+00   3.3131000e+00   2.9577000e+00
   3.5992000e+00   3.5839000e+00   3.4894000e+00   3.4783000e+00   3.4804000e+00   3.0754000e+00
   3.4289000e+00   3.3589000e+00   3.2910000e+00   3.2750000e+00   3.3133000e+00   2.8308000e+00
   3.2301000e+00   3.2858000e+00   3.0430000e+00   3.0478000e+00   2.8367000e+00   2.4516000e+00
   2.9453000e+00   3.2114000e+00   3.2774000e+00   3.4404000e+00   2.5445000e+00   2.3068000e+00
   3.5346000e+00   3.5650000e+00   3.1937000e+00   3.1983000e+00   2.8847000e+00   2.7650000e+00
   3.2646000e+00   3.3258000e+00   3.3253000e+00   3.1968000e+00   3.1294000e+00   2.9027000e+00
   3.1950000e+00   3.1470000e+00   3.0320000e+00   3.0412000e+00   3.2182000e+00   3.1922000e+00
   2.8628000e+00   3.0314000e+00   2.8164000e+00   2.7946000e+00   3.5253000e+00   3.5068000e+00
   2.6018000e+00   2.8137000e+00   2.6859000e+00   2.6619000e+00   3.6431000e+00   3.6258000e+00
   2.3974000e+00   2.6664000e+00   2.5148000e+00   2.5580000e+00   3.7765000e+00   3.6908000e+00
   2.2350000e+00   2.5705000e+00   2.3753000e+00   2.3740000e+00   3.8180000e+00   3.6802000e+00
   1.9678000e+00   2.3529000e+00   2.1394000e+00   2.1410000e+00   3.7689000e+00   3.6994000e+00
   1.5521000e+00   2.0435000e+00   1.8065000e+00   1.8561000e+00   3.5975000e+00   3.6534000e+00
   1.1213000e+00   1.7053000e+00   1.5231000e+00   1.6460000e+00   3.4457000e+00   3.4729000e+00
   1.1537000e+00   1.6114000e+00   1.4060000e+00   1.4507000e+00   3.2684000e+00   3.3148000e+00
   8.7030000e-01   1.3761000e+00   1.2525000e+00   1.3231000e+00   3.1255000e+00   3.1627000e+00
   8.0150000e-01   1.2533000e+00   1.1078000e+00   1.2206000e+00   3.0328000e+00   3.0141000e+00
   6.6410000e-01   1.1576000e+00   9.5950000e-01   1.0097000e+00   2.9851000e+00   2.8609000e+00
   4.8500000e-01   9.2370000e-01   7.9660000e-01   8.7520000e-01   2.8768000e+00   2.6545000e+00
   6.9600000e-01   9.7710000e-01   8.9460000e-01   8.9530000e-01   2.8401000e+00   2.7003000e+00
   6.0270000e-01   1.0993000e+00   8.7510000e-01   9.0320000e-01   2.6130000e+00   2.5651000e+00
   4.2600000e-01   8.7870000e-01   6.8630000e-01   7.2400000e-01   2.4885000e+00   2.4798000e+00
   7.5000000e-01   9.9130000e-01   8.2520000e-01   8.5280000e-01   2.4212000e+00   2.1949000e+00
   5.3140000e-01   9.9680000e-01   7.7370000e-01   8.2040000e-01   2.3341000e+00   2.0500000e+00
   7.1760000e-01   1.0434000e+00   9.0410000e-01   9.5540000e-01   2.1294000e+00   2.1747000e+00
   7.5740000e-01   1.2227000e+00   1.0168000e+00   1.0744000e+00   1.8932000e+00   2.0626000e+00
   6.4860000e-01   1.1983000e+00   1.0034000e+00   1.0830000e+00   1.9109000e+00   2.1606000e+00
   9.5200000e-01   1.3860000e+00   1.2591000e+00   1.3519000e+00   1.7980000e+00   1.8493000e+00
   1.1317000e+00   1.5661000e+00   1.4004000e+00   1.4727000e+00   1.9453000e+00   1.9660000e+00
   1.3701000e+00   1.7284000e+00   1.5865000e+00   1.6373000e+00   1.7305000e+00   1.8537000e+00
   1.6333000e+00   1.9966000e+00   1.8182000e+00   1.8666000e+00   2.0242000e+00   2.0833000e+00
   1.9095000e+00   2.2746000e+00   2.0827000e+00   2.1435000e+00   1.7867000e+00   2.1741000e+00
   1.9822000e+00   2.3719000e+00   2.1687000e+00   2.2308000e+00   2.2522000e+00   2.2786000e+00
   2.0497000e+00   2.4745000e+00   2.2208000e+00   2.2711000e+00   2.0888000e+00   2.5326000e+00
   2.0344000e+00   2.4859000e+00   2.2646000e+00   2.3480000e+00   2.4359000e+00   2.5419000e+00
   2.0778000e+00   2.5475000e+00   2.3026000e+00   2.3850000e+00   2.6941000e+00   2.7232000e+00
   2.2549000e+00   2.6944000e+00   2.4509000e+00   2.5238000e+00   2.2677000e+00   2.2882000e+00
   2.3700000e+00   2.7893000e+00   2.5547000e+00   2.6321000e+00   1.8649000e+00   2.4447000e+00
   2.5835000e+00   2.9646000e+00   2.7368000e+00   2.8149000e+00   1.6797000e+00   2.1122000e+00
   2.6346000e+00   2.9834000e+00   2.8022000e+00   2.8897000e+00   1.7723000e+00   1.9223000e+00
   2.4557000e+00   2.7890000e+00   2.6702000e+00   2.7797000e+00   2.0271000e+00   1.5374000e+00
   2.6545000e+00   2.9904000e+00   2.8670000e+00   2.9817000e+00   1.6452000e+00   1.8329000e+00
   2.9707000e+00   3.2750000e+00   3.1580000e+00   3.2789000e+00   5.1810000e-01   1.8250000e+00
   3.1308000e+00   3.4085000e+00   3.2458000e+00   3.3347000e+00  -4.4180000e-01   2.8778000e+00
   2.9214000e+00   3.1264000e+00   3.0005000e+00   3.0728000e+00   3.8200000e-01   3.1116000e+00
   3.2786000e+00   3.4592000e+00   3.2872000e+00   3.3363000e+00   1.7267000e+00   2.0283000e+00
   3.3575000e+00   3.4920000e+00   3.3571000e+00   3.4180000e+00   3.5121000e+00   1.8797000e+00
   3.2013000e+00   3.3141000e+00   3.2370000e+00   3.3193000e+00   3.3242000e+00   1.9777000e+00
   3.5401000e+00   3.5950000e+00   3.4655000e+00   3.4767000e+00   2.9847000e+00   2.8777000e+00
   3.4895000e+00   3.5027000e+00   3.5051000e+00   3.5800000e+00   2.3083000e+00   3.0667000e+00
   3.6970000e+00   3.6941000e+00   3.5751000e+00   3.5575000e+00   1.6640000e+00   3.3370000e+00
   3.7359000e+00   3.6754000e+00   3.6489000e+00   3.6612000e+00   2.2977000e+00   2.9834000e+00
   3.8640000e+00   3.8277000e+00   3.7260000e+00   3.7154000e+00   3.1809000e+00   2.9418000e+00
   3.7790000e+00   3.6888000e+00   3.7337000e+00   3.7749000e+00   3.6401000e+00   2.9382000e+00
   3.6002000e+00   3.5241000e+00   3.4900000e+00   3.4631000e+00   3.3592000e+00   2.9332000e+00
   3.6491000e+00   3.5593000e+00   3.5577000e+00   3.5481000e+00   3.3017000e+00   2.5903000e+00
   3.5923000e+00   3.5145000e+00   3.4851000e+00   3.4668000e+00   3.1204000e+00   2.6413000e+00
   3.9587000e+00   3.9006000e+00   3.7823000e+00   3.7440000e+00   3.3218000e+00   2.8400000e+00
   3.8300000e+00   3.7691000e+00   3.7950000e+00   3.8479000e+00   3.1884000e+00   3.0836000e+00
   3.5500000e+00   3.5257000e+00   3.4628000e+00   3.4556000e+00   2.6554000e+00   3.0521000e+00
   3.6476000e+00   3.5830000e+00   3.5919000e+00   3.6092000e+00   2.7491000e+00   2.7436000e+00
   3.4739000e+00   3.4919000e+00   3.4118000e+00   3.4193000e+00   2.7348000e+00   2.8741000e+00
   3.5939000e+00   3.5553000e+00   3.5135000e+00   3.4983000e+00   2.6979000e+00   2.5970000e+00
   3.4533000e+00   3.3799000e+00   3.3393000e+00   3.3064000e+00   2.5408000e+00   2.3000000e+00
   3.4356000e+00   3.3102000e+00   3.3112000e+00   3.2821000e+00   2.5875000e+00   2.2671000e+00
   3.4782000e+00   3.3744000e+00   3.3523000e+00   3.3172000e+00   2.8154000e+00   2.1787000e+00
   3.3778000e+00   3.3149000e+00   3.2561000e+00   3.2190000e+00   2.6104000e+00   2.4367000e+00
   3.2161000e+00   3.1216000e+00   3.0973000e+00   3.0516000e+00   2.4887000e+00   2.0962000e+00
   3.2840000e+00   3.1698000e+00   3.1444000e+00   3.0902000e+00   2.7572000e+00   2.0635000e+00
   3.1158000e+00   3.0055000e+00   2.9804000e+00   2.9387000e+00   2.7454000e+00   2.2558000e+00
   3.0000000e+00   2.9174000e+00   2.9010000e+00   2.8720000e+00   2.7109000e+00   2.2166000e+00
