   1.3226000e+03   1.3258000e+03   1.3231000e+03   1.3251000e+03   1.1977000e+03   1.1918000e+03
   1.3430000e+03   1.3479000e+03   1.3434000e+03   1.3451000e+03   1.2020000e+03   1.1998000e+03
   1.3323000e+03   1.3359000e+03   1.3330000e+03   1.3334000e+03   1.2232000e+03   1.2209000e+03
   1.3322000e+03   1.3377000e+03   1.3348000e+03   1.3356000e+03   1.2240000e+03   1.2164000e+03
   1.3364000e+03   1.3423000e+03   1.3392000e+03   1.3387000e+03   1.2306000e+03   1.2221000e+03
   1.3247000e+03   1.3306000e+03   1.3258000e+03   1.3282000e+03   1.1973000e+03   1.1926000e+03
   1.3236000e+03   1.3283000e+03   1.3260000e+03   1.3260000e+03   1.1937000e+03   1.1912000e+03
   1.3198000e+03   1.3252000e+03   1.3198000e+03   1.3217000e+03   1.2055000e+03   1.1987000e+03
   1.3112000e+03   1.3153000e+03   1.3131000e+03   1.3145000e+03   1.1863000e+03   1.1818000e+03
   1.3258000e+03   1.3316000e+03   1.3288000e+03   1.3304000e+03   1.2053000e+03   1.2005000e+03
   1.3190000e+03   1.3250000e+03   1.3208000e+03   1.3211000e+03   1.2067000e+03   1.1975000e+03
   1.3181000e+03   1.3251000e+03   1.3211000e+03   1.3231000e+03   1.1936000e+03   1.1860000e+03
   1.3231000e+03   1.3288000e+03   1.3244000e+03   1.3271000e+03   1.1952000e+03   1.1911000e+03
   1.3141000e+03   1.3180000e+03   1.3163000e+03   1.3190000e+03   1.1909000e+03   1.1852000e+03
   1.3271000e+03   1.3316000e+03   1.3288000e+03   1.3289000e+03   1.1933000e+03   1.1882000e+03
   1.3546000e+03   1.3583000e+03   1.3556000e+03   1.3573000e+03   1.2285000e+03   1.2200000e+03
   1.3776000e+03   1.3845000e+03   1.3811000e+03   1.3837000e+03   1.2580000e+03   1.2488000e+03
   1.3834000e+03   1.3870000e+03   1.3842000e+03   1.3853000e+03   1.2614000e+03   1.2548000e+03
   1.3860000e+03   1.3897000e+03   1.3867000e+03   1.3874000e+03   1.2606000e+03   1.2520000e+03
   1.3779000e+03   1.3824000e+03   1.3793000e+03   1.3812000e+03   1.2496000e+03   1.2420000e+03
   1.3822000e+03   1.3874000e+03   1.3848000e+03   1.3860000e+03   1.2586000e+03   1.2504000e+03
   1.3997000e+03   1.4030000e+03   1.3988000e+03   1.3998000e+03   1.2650000e+03   1.2568000e+03
   1.4242000e+03   1.4245000e+03   1.4217000e+03   1.4216000e+03   1.2862000e+03   1.2752000e+03
   1.4345000e+03   1.4357000e+03   1.4333000e+03   1.4355000e+03   1.2907000e+03   1.2835000e+03
   1.4339000e+03   1.4390000e+03   1.4344000e+03   1.4354000e+03   1.2870000e+03   1.2801000e+03
   1.4376000e+03   1.4423000e+03   1.4386000e+03   1.4392000e+03   1.2798000e+03   1.2729000e+03
   1.4398000e+03   1.4446000e+03   1.4406000e+03   1.4410000e+03   1.2839000e+03   1.2787000e+03
   1.4417000e+03   1.4455000e+03   1.4431000e+03   1.4450000e+03   1.2802000e+03   1.2739000e+03
   1.4501000e+03   1.4523000e+03   1.4504000e+03   1.4519000e+03   1.2866000e+03   1.2786000e+03
   1.4586000e+03   1.4629000e+03   1.4597000e+03   1.4614000e+03   1.2893000e+03   1.2809000e+03
   1.4658000e+03   1.4692000e+03   1.4664000e+03   1.4679000e+03   1.2875000e+03   1.2785000e+03
   1.4700000e+03   1.4724000e+03   1.4699000e+03   1.4712000e+03   1.2822000e+03   1.2726000e+03
   1.4768000e+03   1.4787000e+03   1.4758000e+03   1.4766000e+03   1.2788000e+03   1.2685000e+03
   1.4732000e+03   1.4759000e+03   1.4723000e+03   1.4724000e+03   1.2753000e+03   1.2668000e+03
   1.4766000e+03   1.4806000e+03   1.4768000e+03   1.4785000e+03   1.2746000e+03   1.2634000e+03
   1.4803000e+03   1.4837000e+03   1.4800000e+03   1.4810000e+03   1.2797000e+03   1.2679000e+03
   1.4826000e+03   1.4845000e+03   1.4814000e+03   1.4822000e+03   1.2856000e+03   1.2718000e+03
   1.4855000e+03   1.4869000e+03   1.4840000e+03   1.4848000e+03   1.2824000e+03   1.2661000e+03
   1.4857000e+03   1.4878000e+03   1.4851000e+03   1.4860000e+03   1.2794000e+03   1.2626000e+03
   1.4708000e+03   1.4737000e+03   1.4700000e+03   1.4717000e+03   1.2639000e+03   1.2505000e+03
   1.4589000e+03   1.4623000e+03   1.4574000e+03   1.4585000e+03   1.2451000e+03   1.2355000e+03
   1.4536000e+03   1.4566000e+03   1.4525000e+03   1.4551000e+03   1.2418000e+03   1.2314000e+03
   1.4472000e+03   1.4495000e+03   1.4470000e+03   1.4472000e+03   1.2452000e+03   1.2306000e+03
   1.4501000e+03   1.4538000e+03   1.4489000e+03   1.4520000e+03   1.2459000e+03   1.2305000e+03
   1.4450000e+03   1.4492000e+03   1.4450000e+03   1.4461000e+03   1.2365000e+03   1.2230000e+03
   1.4400000e+03   1.4412000e+03   1.4379000e+03   1.4377000e+03   1.2245000e+03   1.2135000e+03
   1.4317000e+03   1.4344000e+03   1.4308000e+03   1.4320000e+03   1.2143000e+03   1.2071000e+03
   1.4236000e+03   1.4270000e+03   1.4232000e+03   1.4249000e+03   1.2144000e+03   1.2035000e+03
   1.4203000e+03   1.4237000e+03   1.4209000e+03   1.4209000e+03   1.2173000e+03   1.2035000e+03
   1.4193000e+03   1.4236000e+03   1.4194000e+03   1.4211000e+03   1.2151000e+03   1.1993000e+03
   1.4139000e+03   1.4165000e+03   1.4133000e+03   1.4139000e+03   1.2091000e+03   1.1942000e+03
   1.4100000e+03   1.4129000e+03   1.4093000e+03   1.4110000e+03   1.2014000e+03   1.1957000e+03
   1.3996000e+03   1.4026000e+03   1.3997000e+03   1.4022000e+03   1.1934000e+03   1.1933000e+03
   1.3896000e+03   1.3929000e+03   1.3888000e+03   1.3897000e+03   1.1861000e+03   1.1888000e+03
   1.3917000e+03   1.3938000e+03   1.3909000e+03   1.3919000e+03   1.1696000e+03   1.1836000e+03
   1.3947000e+03   1.3978000e+03   1.3944000e+03   1.3956000e+03   1.1673000e+03   1.1813000e+03
   1.3876000e+03   1.3920000e+03   1.3878000e+03   1.3888000e+03   1.1598000e+03   1.1720000e+03
   1.3820000e+03   1.3838000e+03   1.3808000e+03   1.3811000e+03   1.1549000e+03   1.1651000e+03
   1.3797000e+03   1.3846000e+03   1.3802000e+03   1.3805000e+03   1.1563000e+03   1.1579000e+03
   1.3747000e+03   1.3779000e+03   1.3744000e+03   1.3741000e+03   1.1553000e+03   1.1514000e+03
   1.3656000e+03   1.3662000e+03   1.3653000e+03   1.3647000e+03   1.1641000e+03   1.1541000e+03
   1.3664000e+03   1.3708000e+03   1.3654000e+03   1.3668000e+03   1.1575000e+03   1.1461000e+03
   1.3672000e+03   1.3728000e+03   1.3681000e+03   1.3674000e+03   1.1558000e+03   1.1388000e+03
   1.3451000e+03   1.3511000e+03   1.3460000e+03   1.3477000e+03   1.1569000e+03   1.1442000e+03
   1.3542000e+03   1.3544000e+03   1.3524000e+03   1.3503000e+03   1.1556000e+03   1.1501000e+03
   1.3613000e+03   1.3639000e+03   1.3584000e+03   1.3601000e+03   1.1617000e+03   1.1567000e+03
   1.3635000e+03   1.3707000e+03   1.3652000e+03   1.3642000e+03   1.1733000e+03   1.1592000e+03
   1.3600000e+03   1.3702000e+03   1.3667000e+03   1.3736000e+03   1.1779000e+03   1.1705000e+03
   1.3436000e+03   1.3540000e+03   1.3499000e+03   1.3544000e+03   1.1781000e+03   1.1745000e+03
   1.3461000e+03   1.3467000e+03   1.3462000e+03   1.3465000e+03   1.1766000e+03   1.1838000e+03
   1.3664000e+03   1.3723000e+03   1.3622000e+03   1.3624000e+03   1.1835000e+03   1.1830000e+03
   1.3647000e+03   1.3788000e+03   1.3695000e+03   1.3749000e+03   1.1874000e+03   1.1922000e+03
   1.3672000e+03   1.3635000e+03   1.3670000e+03   1.3721000e+03   1.1950000e+03   1.1926000e+03
   1.3606000e+03   1.3645000e+03   1.3628000e+03   1.3659000e+03   1.2078000e+03   1.2023000e+03
   1.3393000e+03   1.3539000e+03   1.3459000e+03   1.3543000e+03   1.2147000e+03   1.2073000e+03
   1.3372000e+03   1.3514000e+03   1.3515000e+03   1.3540000e+03   1.2495000e+03   1.2374000e+03
   1.3525000e+03   1.3618000e+03   1.3602000e+03   1.3624000e+03   1.2691000e+03   1.2587000e+03
   1.3479000e+03   1.3541000e+03   1.3523000e+03   1.3599000e+03   1.2822000e+03   1.2679000e+03
   1.3619000e+03   1.3696000e+03   1.3667000e+03   1.3654000e+03   1.2869000e+03   1.2740000e+03
   1.3584000e+03   1.3641000e+03   1.3656000e+03   1.3722000e+03   1.2943000e+03   1.2768000e+03
   1.3584000e+03   1.3702000e+03   1.3643000e+03   1.3694000e+03   1.3003000e+03   1.2780000e+03
   1.3866000e+03   1.3858000e+03   1.3878000e+03   1.3875000e+03   1.3053000e+03   1.2864000e+03
   1.3867000e+03   1.3926000e+03   1.3884000e+03   1.3908000e+03   1.3192000e+03   1.3021000e+03
   1.4051000e+03   1.4050000e+03   1.4027000e+03   1.4005000e+03   1.3362000e+03   1.3123000e+03
   1.4117000e+03   1.4124000e+03   1.4104000e+03   1.4100000e+03   1.3398000e+03   1.3154000e+03
   1.4188000e+03   1.4284000e+03   1.4170000e+03   1.4151000e+03   1.3379000e+03   1.3143000e+03
   1.4193000e+03   1.4251000e+03   1.4209000e+03   1.4235000e+03   1.3402000e+03   1.3174000e+03
   1.3903000e+03   1.4068000e+03   1.3964000e+03   1.3943000e+03   1.3074000e+03   1.2882000e+03
   1.3653000e+03   1.3772000e+03   1.3719000e+03   1.3730000e+03   1.2821000e+03   1.2648000e+03
   1.3585000e+03   1.3751000e+03   1.3702000e+03   1.3786000e+03   1.2677000e+03   1.2470000e+03
   1.3621000e+03   1.3650000e+03   1.3669000e+03   1.3689000e+03   1.2620000e+03   1.2415000e+03
   1.3591000e+03   1.3687000e+03   1.3648000e+03   1.3658000e+03   1.2648000e+03   1.2448000e+03
   1.3536000e+03   1.3568000e+03   1.3507000e+03   1.3502000e+03   1.2533000e+03   1.2319000e+03
   1.3447000e+03   1.3420000e+03   1.3366000e+03   1.3332000e+03   1.2312000e+03   1.2122000e+03
   1.3188000e+03   1.3181000e+03   1.3191000e+03   1.3194000e+03   1.2068000e+03   1.1824000e+03
   1.3039000e+03   1.3037000e+03   1.2987000e+03   1.2915000e+03   1.1884000e+03   1.1651000e+03
   1.2928000e+03   1.2977000e+03   1.2878000e+03   1.2852000e+03   1.1836000e+03   1.1641000e+03
   1.2913000e+03   1.2901000e+03   1.2841000e+03   1.2832000e+03   1.1953000e+03   1.1793000e+03
   1.2762000e+03   1.2760000e+03   1.2721000e+03   1.2709000e+03   1.2056000e+03   1.1910000e+03
   1.2887000e+03   1.2853000e+03   1.2813000e+03   1.2759000e+03   1.2145000e+03   1.1972000e+03
   1.2743000e+03   1.2874000e+03   1.2731000e+03   1.2742000e+03   1.1929000e+03   1.1850000e+03
   1.2656000e+03   1.2677000e+03   1.2597000e+03   1.2573000e+03   1.1751000e+03   1.1743000e+03
   1.2468000e+03   1.2547000e+03   1.2440000e+03   1.2422000e+03   1.1857000e+03   1.1777000e+03
   1.2272000e+03   1.2355000e+03   1.2250000e+03   1.2244000e+03   1.2046000e+03   1.1807000e+03
   1.2173000e+03   1.2225000e+03   1.2159000e+03   1.2159000e+03   1.2035000e+03   1.1772000e+03
   1.2039000e+03   1.2123000e+03   1.2044000e+03   1.2039000e+03   1.1857000e+03   1.1799000e+03
   1.2032000e+03   1.2071000e+03   1.2020000e+03   1.2013000e+03   1.1886000e+03   1.1793000e+03
   1.2111000e+03   1.2117000e+03   1.2071000e+03   1.2056000e+03   1.1870000e+03   1.1657000e+03
   1.2116000e+03   1.2171000e+03   1.2101000e+03   1.2098000e+03   1.1805000e+03   1.1589000e+03
   1.2061000e+03   1.2118000e+03   1.2068000e+03   1.2081000e+03   1.1673000e+03   1.1493000e+03
   1.1996000e+03   1.2057000e+03   1.2004000e+03   1.2005000e+03   1.1617000e+03   1.1441000e+03
   1.2232000e+03   1.2296000e+03   1.2235000e+03   1.2241000e+03   1.1808000e+03   1.1613000e+03
   1.2384000e+03   1.2483000e+03   1.2402000e+03   1.2407000e+03   1.1864000e+03   1.1716000e+03
   1.2303000e+03   1.2415000e+03   1.2347000e+03   1.2382000e+03   1.1900000e+03   1.1724000e+03
   1.2259000e+03   1.2322000e+03   1.2271000e+03   1.2293000e+03   1.1929000e+03   1.1771000e+03
   1.2212000e+03   1.2243000e+03   1.2192000e+03   1.2179000e+03   1.1789000e+03   1.1721000e+03
   1.2359000e+03   1.2348000e+03   1.2329000e+03   1.2319000e+03   1.1814000e+03   1.1675000e+03
   1.2545000e+03   1.2491000e+03   1.2531000e+03   1.2528000e+03   1.1871000e+03   1.1673000e+03
   1.2826000e+03   1.2907000e+03   1.2844000e+03   1.2845000e+03   1.2015000e+03   1.1807000e+03
   1.2905000e+03   1.3056000e+03   1.2929000e+03   1.2912000e+03   1.2111000e+03   1.1928000e+03
   1.2725000e+03   1.2924000e+03   1.2740000e+03   1.2820000e+03   1.2111000e+03   1.1933000e+03
   1.2817000e+03   1.2693000e+03   1.2655000e+03   1.2551000e+03   1.2112000e+03   1.1917000e+03
   1.2845000e+03   1.2726000e+03   1.2730000e+03   1.2621000e+03   1.2064000e+03   1.1804000e+03
   1.2732000e+03   1.2883000e+03   1.2751000e+03   1.2743000e+03   1.1952000e+03   1.1737000e+03
   1.2782000e+03   1.2996000e+03   1.2788000e+03   1.2776000e+03   1.1948000e+03   1.1788000e+03
   1.2913000e+03   1.2942000e+03   1.2822000e+03   1.2786000e+03   1.1991000e+03   1.1785000e+03
   1.2927000e+03   1.2963000e+03   1.2864000e+03   1.2838000e+03   1.1958000e+03   1.1725000e+03
   1.2840000e+03   1.2972000e+03   1.2830000e+03   1.2825000e+03   1.1824000e+03   1.1616000e+03
   1.2642000e+03   1.2805000e+03   1.2668000e+03   1.2715000e+03   1.1760000e+03   1.1504000e+03
   1.2583000e+03   1.2656000e+03   1.2583000e+03   1.2605000e+03   1.1667000e+03   1.1405000e+03
   1.2613000e+03   1.2674000e+03   1.2593000e+03   1.2628000e+03   1.1611000e+03   1.1336000e+03
   1.2643000e+03   1.2689000e+03   1.2661000e+03   1.2677000e+03   1.1576000e+03   1.1327000e+03
   1.2769000e+03   1.2809000e+03   1.2737000e+03   1.2748000e+03   1.1614000e+03   1.1299000e+03
   1.2851000e+03   1.2877000e+03   1.2791000e+03   1.2783000e+03   1.1573000e+03   1.1244000e+03
   1.2927000e+03   1.2920000e+03   1.2824000e+03   1.2793000e+03   1.1523000e+03   1.1200000e+03
   1.2744000e+03   1.2718000e+03   1.2618000e+03   1.2574000e+03   1.1346000e+03   1.1060000e+03
   1.2499000e+03   1.2488000e+03   1.2397000e+03   1.2365000e+03   1.1139000e+03   1.0895000e+03
   1.2393000e+03   1.2392000e+03   1.2306000e+03   1.2283000e+03   1.1085000e+03   1.0789000e+03
   1.2321000e+03   1.2298000e+03   1.2213000e+03   1.2176000e+03   1.1018000e+03   1.0715000e+03
   1.2391000e+03   1.2335000e+03   1.2280000e+03   1.2240000e+03   1.0928000e+03   1.0608000e+03
   1.2269000e+03   1.2262000e+03   1.2205000e+03   1.2196000e+03   1.0818000e+03   1.0448000e+03
   1.2123000e+03   1.2069000e+03   1.2049000e+03   1.2050000e+03   1.0598000e+03   1.0245000e+03
   1.1941000e+03   1.1955000e+03   1.1910000e+03   1.1898000e+03   1.0465000e+03   1.0083000e+03
   1.1835000e+03   1.1871000e+03   1.1792000e+03   1.1786000e+03   1.0312000e+03   9.9626000e+02
   1.1852000e+03   1.1860000e+03   1.1778000e+03   1.1748000e+03   1.0226000e+03   9.9122000e+02
   1.1822000e+03   1.1857000e+03   1.1763000e+03   1.1740000e+03   1.0292000e+03   9.9673000e+02
   1.1793000e+03   1.1821000e+03   1.1740000e+03   1.1718000e+03   1.0095000e+03   9.7617000e+02
   1.1646000e+03   1.1683000e+03   1.1590000e+03   1.1549000e+03   9.7402000e+02   9.4454000e+02
   1.1508000e+03   1.1546000e+03   1.1430000e+03   1.1400000e+03   9.6485000e+02   9.3659000e+02
   1.1381000e+03   1.1445000e+03   1.1334000e+03   1.1327000e+03   9.5388000e+02   9.2666000e+02
   1.1167000e+03   1.1231000e+03   1.1143000e+03   1.1139000e+03   9.2617000e+02   9.0240000e+02
   1.1240000e+03   1.1290000e+03   1.1199000e+03   1.1184000e+03   9.5100000e+02   9.2298000e+02
   1.1252000e+03   1.1289000e+03   1.1201000e+03   1.1171000e+03   9.6281000e+02   9.2887000e+02
   1.1306000e+03   1.1343000e+03   1.1241000e+03   1.1209000e+03   9.6197000e+02   9.3207000e+02
   1.1185000e+03   1.1201000e+03   1.1088000e+03   1.1039000e+03   9.6359000e+02   9.3259000e+02
   1.1195000e+03   1.1195000e+03   1.1103000e+03   1.1084000e+03   9.4427000e+02   9.0412000e+02
   1.1077000e+03   1.1144000e+03   1.1043000e+03   1.1027000e+03   9.4767000e+02   9.0721000e+02
   1.1109000e+03   1.1136000e+03   1.1047000e+03   1.1038000e+03   9.6840000e+02   9.3826000e+02
   1.1203000e+03   1.1258000e+03   1.1180000e+03   1.1197000e+03   1.0008000e+03   9.6325000e+02
   1.1368000e+03   1.1450000e+03   1.1367000e+03   1.1382000e+03   1.0192000e+03   9.8056000e+02
   1.1411000e+03   1.1455000e+03   1.1397000e+03   1.1427000e+03   1.0386000e+03   9.9916000e+02
   1.1459000e+03   1.1533000e+03   1.1483000e+03   1.1505000e+03   1.0636000e+03   1.0253000e+03
   1.1414000e+03   1.1455000e+03   1.1412000e+03   1.1428000e+03   1.0798000e+03   1.0442000e+03
   1.1607000e+03   1.1656000e+03   1.1594000e+03   1.1587000e+03   1.1086000e+03   1.0729000e+03
   1.1643000e+03   1.1699000e+03   1.1641000e+03   1.1648000e+03   1.1336000e+03   1.0928000e+03
   1.1678000e+03   1.1740000e+03   1.1679000e+03   1.1699000e+03   1.1448000e+03   1.1001000e+03
   1.1783000e+03   1.1822000e+03   1.1757000e+03   1.1761000e+03   1.1591000e+03   1.1024000e+03
   1.1933000e+03   1.2005000e+03   1.1921000e+03   1.1922000e+03   1.1541000e+03   1.1049000e+03
   1.1961000e+03   1.1992000e+03   1.1926000e+03   1.1911000e+03   1.1444000e+03   1.0984000e+03
   1.1946000e+03   1.2014000e+03   1.1949000e+03   1.1969000e+03   1.1513000e+03   1.1070000e+03
   1.2056000e+03   1.2102000e+03   1.2050000e+03   1.2071000e+03   1.1532000e+03   1.1113000e+03
   1.2030000e+03   1.2118000e+03   1.2041000e+03   1.2074000e+03   1.1543000e+03   1.1155000e+03
   1.1980000e+03   1.2045000e+03   1.1996000e+03   1.2021000e+03   1.1535000e+03   1.1265000e+03
   1.2080000e+03   1.2145000e+03   1.2097000e+03   1.2130000e+03   1.1530000e+03   1.1384000e+03
   1.1914000e+03   1.2015000e+03   1.1955000e+03   1.1971000e+03   1.1652000e+03   1.1392000e+03
   1.2081000e+03   1.2145000e+03   1.2081000e+03   1.2087000e+03   1.1826000e+03   1.1551000e+03
   1.2145000e+03   1.2208000e+03   1.2146000e+03   1.2159000e+03   1.1938000e+03   1.1639000e+03
   1.2269000e+03   1.2330000e+03   1.2282000e+03   1.2293000e+03   1.1961000e+03   1.1696000e+03
   1.2312000e+03   1.2391000e+03   1.2330000e+03   1.2342000e+03   1.1996000e+03   1.1706000e+03
   1.2368000e+03   1.2431000e+03   1.2381000e+03   1.2395000e+03   1.2084000e+03   1.1795000e+03
   1.2428000e+03   1.2506000e+03   1.2437000e+03   1.2446000e+03   1.2176000e+03   1.1881000e+03
   1.2535000e+03   1.2606000e+03   1.2545000e+03   1.2560000e+03   1.2208000e+03   1.1876000e+03
   1.2574000e+03   1.2657000e+03   1.2601000e+03   1.2616000e+03   1.2214000e+03   1.1868000e+03
   1.2245000e+03   1.2318000e+03   1.2265000e+03   1.2279000e+03   1.1770000e+03   1.1493000e+03
   1.1897000e+03   1.1956000e+03   1.1908000e+03   1.1922000e+03   1.1425000e+03   1.1115000e+03
   1.1764000e+03   1.1830000e+03   1.1779000e+03   1.1790000e+03   1.1326000e+03   1.0990000e+03
   1.1687000e+03   1.1764000e+03   1.1715000e+03   1.1734000e+03   1.1253000e+03   1.0938000e+03
   1.1764000e+03   1.1829000e+03   1.1788000e+03   1.1811000e+03   1.1330000e+03   1.1011000e+03
   1.1659000e+03   1.1750000e+03   1.1696000e+03   1.1736000e+03   1.1323000e+03   1.1014000e+03
   1.1528000e+03   1.1646000e+03   1.1589000e+03   1.1621000e+03   1.1199000e+03   1.0944000e+03
   1.1275000e+03   1.1356000e+03   1.1310000e+03   1.1346000e+03   1.0961000e+03   1.0729000e+03
   1.1084000e+03   1.1153000e+03   1.1116000e+03   1.1133000e+03   1.0820000e+03   1.0583000e+03
   1.1062000e+03   1.1134000e+03   1.1094000e+03   1.1112000e+03   1.0836000e+03   1.0616000e+03
   1.1049000e+03   1.1136000e+03   1.1082000e+03   1.1097000e+03   1.0885000e+03   1.0667000e+03
   1.1013000e+03   1.1092000e+03   1.1041000e+03   1.1059000e+03   1.0905000e+03   1.0688000e+03
   1.1216000e+03   1.1288000e+03   1.1248000e+03   1.1259000e+03   1.1039000e+03   1.0817000e+03
   1.1211000e+03   1.1282000e+03   1.1235000e+03   1.1254000e+03   1.1109000e+03   1.0861000e+03
   1.1150000e+03   1.1228000e+03   1.1183000e+03   1.1203000e+03   1.1069000e+03   1.0818000e+03
   1.1086000e+03   1.1189000e+03   1.1126000e+03   1.1152000e+03   1.1022000e+03   1.0748000e+03
   1.1071000e+03   1.1135000e+03   1.1098000e+03   1.1124000e+03   1.1026000e+03   1.0722000e+03
   1.1076000e+03   1.1157000e+03   1.1106000e+03   1.1130000e+03   1.1058000e+03   1.0735000e+03
   1.1093000e+03   1.1174000e+03   1.1127000e+03   1.1153000e+03   1.1116000e+03   1.0762000e+03
   1.1166000e+03   1.1237000e+03   1.1193000e+03   1.1214000e+03   1.1175000e+03   1.0815000e+03
   1.1108000e+03   1.1192000e+03   1.1147000e+03   1.1177000e+03   1.1123000e+03   1.0785000e+03
   1.1066000e+03   1.1146000e+03   1.1100000e+03   1.1131000e+03   1.1078000e+03   1.0721000e+03
   1.1073000e+03   1.1143000e+03   1.1100000e+03   1.1119000e+03   1.1097000e+03   1.0761000e+03
   1.1106000e+03   1.1161000e+03   1.1103000e+03   1.1114000e+03   1.1127000e+03   1.0825000e+03
   1.1374000e+03   1.1421000e+03   1.1369000e+03   1.1372000e+03   1.1397000e+03   1.1077000e+03
   1.1642000e+03   1.1686000e+03   1.1657000e+03   1.1671000e+03   1.1611000e+03   1.1358000e+03
   1.1754000e+03   1.1779000e+03   1.1728000e+03   1.1749000e+03   1.1683000e+03   1.1442000e+03
   1.1785000e+03   1.1835000e+03   1.1790000e+03   1.1801000e+03   1.1697000e+03   1.1445000e+03
   1.1754000e+03   1.1778000e+03   1.1744000e+03   1.1775000e+03   1.1617000e+03   1.1363000e+03
   1.1855000e+03   1.1896000e+03   1.1853000e+03   1.1854000e+03   1.1643000e+03   1.1412000e+03
   1.1956000e+03   1.2005000e+03   1.1950000e+03   1.1963000e+03   1.1720000e+03   1.1529000e+03
   1.2162000e+03   1.2190000e+03   1.2151000e+03   1.2153000e+03   1.1885000e+03   1.1730000e+03
   1.2336000e+03   1.2333000e+03   1.2319000e+03   1.2305000e+03   1.2074000e+03   1.1845000e+03
   1.2375000e+03   1.2401000e+03   1.2343000e+03   1.2341000e+03   1.2145000e+03   1.1885000e+03
   1.2398000e+03   1.2419000e+03   1.2387000e+03   1.2385000e+03   1.2172000e+03   1.1912000e+03
   1.2451000e+03   1.2502000e+03   1.2456000e+03   1.2454000e+03   1.2243000e+03   1.1990000e+03
   1.2415000e+03   1.2439000e+03   1.2402000e+03   1.2410000e+03   1.2185000e+03   1.1953000e+03
   1.2474000e+03   1.2500000e+03   1.2468000e+03   1.2481000e+03   1.2165000e+03   1.1966000e+03
   1.2565000e+03   1.2591000e+03   1.2546000e+03   1.2548000e+03   1.2183000e+03   1.2004000e+03
   1.2595000e+03   1.2628000e+03   1.2572000e+03   1.2584000e+03   1.2166000e+03   1.2006000e+03
   1.2629000e+03   1.2651000e+03   1.2618000e+03   1.2614000e+03   1.2143000e+03   1.1983000e+03
   1.2651000e+03   1.2654000e+03   1.2624000e+03   1.2625000e+03   1.2096000e+03   1.1918000e+03
   1.2613000e+03   1.2644000e+03   1.2617000e+03   1.2631000e+03   1.2033000e+03   1.1854000e+03
   1.2558000e+03   1.2575000e+03   1.2553000e+03   1.2568000e+03   1.1931000e+03   1.1770000e+03
   1.2593000e+03   1.2584000e+03   1.2574000e+03   1.2585000e+03   1.1934000e+03   1.1747000e+03
   1.2692000e+03   1.2690000e+03   1.2653000e+03   1.2651000e+03   1.1927000e+03   1.1754000e+03
   1.2712000e+03   1.2718000e+03   1.2674000e+03   1.2667000e+03   1.1914000e+03   1.1743000e+03
   1.2741000e+03   1.2772000e+03   1.2708000e+03   1.2711000e+03   1.1863000e+03   1.1732000e+03
   1.2520000e+03   1.2549000e+03   1.2482000e+03   1.2458000e+03   1.1594000e+03   1.1472000e+03
   1.2285000e+03   1.2311000e+03   1.2249000e+03   1.2232000e+03   1.1327000e+03   1.1169000e+03
   1.2186000e+03   1.2215000e+03   1.2158000e+03   1.2161000e+03   1.1202000e+03   1.1053000e+03
   1.2088000e+03   1.2121000e+03   1.2069000e+03   1.2070000e+03   1.1109000e+03   1.0966000e+03
   1.2122000e+03   1.2153000e+03   1.2095000e+03   1.2088000e+03   1.1096000e+03   1.0962000e+03
   1.2071000e+03   1.2096000e+03   1.2033000e+03   1.2024000e+03   1.1014000e+03   1.0861000e+03
   1.2011000e+03   1.2039000e+03   1.1983000e+03   1.1977000e+03   1.0873000e+03   1.0709000e+03
   1.1800000e+03   1.1822000e+03   1.1760000e+03   1.1754000e+03   1.0601000e+03   1.0429000e+03
   1.1660000e+03   1.1676000e+03   1.1633000e+03   1.1636000e+03   1.0385000e+03   1.0192000e+03
   1.1609000e+03   1.1655000e+03   1.1589000e+03   1.1588000e+03   1.0291000e+03   1.0061000e+03
   1.1630000e+03   1.1658000e+03   1.1601000e+03   1.1600000e+03   1.0211000e+03   9.9092000e+02
   1.1599000e+03   1.1634000e+03   1.1575000e+03   1.1575000e+03   1.0130000e+03   9.7939000e+02
   1.1602000e+03   1.1651000e+03   1.1595000e+03   1.1604000e+03   1.0019000e+03   9.7089000e+02
   1.1451000e+03   1.1500000e+03   1.1450000e+03   1.1459000e+03   9.9069000e+02   9.5892000e+02
   1.1284000e+03   1.1338000e+03   1.1293000e+03   1.1317000e+03   9.7920000e+02   9.4211000e+02
   1.1179000e+03   1.1233000e+03   1.1182000e+03   1.1207000e+03   9.7519000e+02   9.3597000e+02
   1.1101000e+03   1.1154000e+03   1.1105000e+03   1.1123000e+03   9.7374000e+02   9.3670000e+02
   1.1077000e+03   1.1111000e+03   1.1067000e+03   1.1060000e+03   9.7280000e+02   9.3821000e+02
   1.1123000e+03   1.1146000e+03   1.1088000e+03   1.1082000e+03   9.7990000e+02   9.4503000e+02
   1.1164000e+03   1.1196000e+03   1.1139000e+03   1.1120000e+03   9.8041000e+02   9.5431000e+02
   1.1161000e+03   1.1190000e+03   1.1139000e+03   1.1135000e+03   9.8097000e+02   9.5530000e+02
   1.1163000e+03   1.1205000e+03   1.1150000e+03   1.1151000e+03   9.8225000e+02   9.5652000e+02
   1.1180000e+03   1.1218000e+03   1.1172000e+03   1.1179000e+03   9.9008000e+02   9.6611000e+02
   1.1117000e+03   1.1147000e+03   1.1117000e+03   1.1121000e+03   9.9680000e+02   9.7254000e+02
   1.1322000e+03   1.1356000e+03   1.1319000e+03   1.1329000e+03   1.0269000e+03   1.0038000e+03
   1.1472000e+03   1.1508000e+03   1.1481000e+03   1.1495000e+03   1.0505000e+03   1.0301000e+03
   1.1541000e+03   1.1590000e+03   1.1550000e+03   1.1547000e+03   1.0636000e+03   1.0444000e+03
   1.1678000e+03   1.1710000e+03   1.1668000e+03   1.1664000e+03   1.0732000e+03   1.0582000e+03
   1.1765000e+03   1.1809000e+03   1.1760000e+03   1.1754000e+03   1.0894000e+03   1.0652000e+03
   1.1906000e+03   1.1930000e+03   1.1893000e+03   1.1891000e+03   1.1023000e+03   1.0826000e+03
   1.2056000e+03   1.2085000e+03   1.2051000e+03   1.2068000e+03   1.1230000e+03   1.1066000e+03
   1.2266000e+03   1.2293000e+03   1.2255000e+03   1.2271000e+03   1.1555000e+03   1.1393000e+03
   1.2383000e+03   1.2406000e+03   1.2379000e+03   1.2383000e+03   1.1848000e+03   1.1656000e+03
   1.2380000e+03   1.2397000e+03   1.2367000e+03   1.2371000e+03   1.1954000e+03   1.1775000e+03
   1.2476000e+03   1.2506000e+03   1.2471000e+03   1.2452000e+03   1.2086000e+03   1.1937000e+03
   1.2595000e+03   1.2613000e+03   1.2576000e+03   1.2573000e+03   1.2235000e+03   1.2092000e+03
   1.2452000e+03   1.2499000e+03   1.2450000e+03   1.2440000e+03   1.2227000e+03   1.2062000e+03
   1.2478000e+03   1.2515000e+03   1.2473000e+03   1.2468000e+03   1.2197000e+03   1.2059000e+03
   1.2581000e+03   1.2596000e+03   1.2572000e+03   1.2572000e+03   1.2279000e+03   1.2164000e+03
   1.2625000e+03   1.2631000e+03   1.2619000e+03   1.2619000e+03   1.2369000e+03   1.2272000e+03
   1.2716000e+03   1.2731000e+03   1.2706000e+03   1.2705000e+03   1.2462000e+03   1.2385000e+03
   1.2769000e+03   1.2796000e+03   1.2769000e+03   1.2770000e+03   1.2514000e+03   1.2448000e+03
   1.2782000e+03   1.2806000e+03   1.2781000e+03   1.2784000e+03   1.2522000e+03   1.2453000e+03
   1.2703000e+03   1.2735000e+03   1.2709000e+03   1.2722000e+03   1.2484000e+03   1.2405000e+03
   1.2710000e+03   1.2754000e+03   1.2722000e+03   1.2725000e+03   1.2539000e+03   1.2458000e+03
   1.2776000e+03   1.2797000e+03   1.2772000e+03   1.2773000e+03   1.2670000e+03   1.2556000e+03
   1.2810000e+03   1.2834000e+03   1.2810000e+03   1.2809000e+03   1.2774000e+03   1.2625000e+03
   1.2865000e+03   1.2890000e+03   1.2856000e+03   1.2845000e+03   1.2798000e+03   1.2633000e+03
   1.2513000e+03   1.2525000e+03   1.2514000e+03   1.2501000e+03   1.2450000e+03   1.2335000e+03
   1.2190000e+03   1.2204000e+03   1.2176000e+03   1.2160000e+03   1.2145000e+03   1.2057000e+03
   1.2060000e+03   1.2085000e+03   1.2044000e+03   1.2034000e+03   1.1991000e+03   1.1919000e+03
   1.1961000e+03   1.1991000e+03   1.1955000e+03   1.1960000e+03   1.1900000e+03   1.1825000e+03
   1.2011000e+03   1.2036000e+03   1.1999000e+03   1.2001000e+03   1.1874000e+03   1.1800000e+03
   1.1928000e+03   1.1949000e+03   1.1911000e+03   1.1918000e+03   1.1766000e+03   1.1708000e+03
   1.1806000e+03   1.1829000e+03   1.1799000e+03   1.1790000e+03   1.1639000e+03   1.1551000e+03
   1.1552000e+03   1.1584000e+03   1.1554000e+03   1.1555000e+03   1.1389000e+03   1.1267000e+03
   1.1367000e+03   1.1405000e+03   1.1373000e+03   1.1378000e+03   1.1164000e+03   1.1078000e+03
   1.1346000e+03   1.1362000e+03   1.1338000e+03   1.1333000e+03   1.1135000e+03   1.1045000e+03
   1.1338000e+03   1.1342000e+03   1.1326000e+03   1.1331000e+03   1.1068000e+03   1.0995000e+03
   1.1305000e+03   1.1309000e+03   1.1282000e+03   1.1274000e+03   1.1025000e+03   1.0964000e+03
   1.1460000e+03   1.1500000e+03   1.1461000e+03   1.1450000e+03   1.1160000e+03   1.1084000e+03
   1.1507000e+03   1.1501000e+03   1.1483000e+03   1.1480000e+03   1.1228000e+03   1.1142000e+03
   1.1438000e+03   1.1457000e+03   1.1435000e+03   1.1429000e+03   1.1172000e+03   1.1077000e+03
   1.1340000e+03   1.1369000e+03   1.1341000e+03   1.1347000e+03   1.1087000e+03   1.0995000e+03
   1.1255000e+03   1.1276000e+03   1.1252000e+03   1.1253000e+03   1.0992000e+03   1.0903000e+03
   1.1206000e+03   1.1228000e+03   1.1205000e+03   1.1205000e+03   1.0910000e+03   1.0846000e+03
   1.1175000e+03   1.1194000e+03   1.1171000e+03   1.1168000e+03   1.0870000e+03   1.0813000e+03
   1.1193000e+03   1.1213000e+03   1.1189000e+03   1.1189000e+03   1.0879000e+03   1.0818000e+03
   1.1102000e+03   1.1129000e+03   1.1108000e+03   1.1105000e+03   1.0843000e+03   1.0776000e+03
   1.0994000e+03   1.1017000e+03   1.0997000e+03   1.0999000e+03   1.0838000e+03   1.0764000e+03
   1.0963000e+03   1.0988000e+03   1.0965000e+03   1.0970000e+03   1.0920000e+03   1.0856000e+03
   1.0974000e+03   1.0996000e+03   1.0973000e+03   1.0972000e+03   1.0991000e+03   1.0938000e+03
   1.1233000e+03   1.1266000e+03   1.1238000e+03   1.1240000e+03   1.1236000e+03   1.1172000e+03
   1.1497000e+03   1.1535000e+03   1.1503000e+03   1.1520000e+03   1.1498000e+03   1.1431000e+03
   1.1581000e+03   1.1596000e+03   1.1583000e+03   1.1598000e+03   1.1550000e+03   1.1514000e+03
   1.1647000e+03   1.1661000e+03   1.1639000e+03   1.1636000e+03   1.1578000e+03   1.1542000e+03
   1.1682000e+03   1.1666000e+03   1.1665000e+03   1.1658000e+03   1.1563000e+03   1.1530000e+03
   1.1799000e+03   1.1797000e+03   1.1782000e+03   1.1774000e+03   1.1607000e+03   1.1571000e+03
   1.1959000e+03   1.1930000e+03   1.1915000e+03   1.1892000e+03   1.1662000e+03   1.1623000e+03
   1.2147000e+03   1.2147000e+03   1.2122000e+03   1.2111000e+03   1.1745000e+03   1.1738000e+03
   1.2288000e+03   1.2294000e+03   1.2268000e+03   1.2263000e+03   1.1785000e+03   1.1775000e+03
   1.2311000e+03   1.2316000e+03   1.2294000e+03   1.2292000e+03   1.1669000e+03   1.1668000e+03
   1.2322000e+03   1.2338000e+03   1.2313000e+03   1.2311000e+03   1.1554000e+03   1.1561000e+03
   1.2333000e+03   1.2362000e+03   1.2338000e+03   1.2350000e+03   1.1504000e+03   1.1498000e+03
   1.2102000e+03   1.2118000e+03   1.2114000e+03   1.2126000e+03   1.1307000e+03   1.1308000e+03
   1.2006000e+03   1.2030000e+03   1.2008000e+03   1.2028000e+03   1.1133000e+03   1.1120000e+03
   1.1949000e+03   1.1966000e+03   1.1952000e+03   1.1974000e+03   1.1038000e+03   1.1022000e+03
   1.1894000e+03   1.1925000e+03   1.1887000e+03   1.1909000e+03   1.0932000e+03   1.0910000e+03
   1.1823000e+03   1.1862000e+03   1.1830000e+03   1.1865000e+03   1.0876000e+03   1.0839000e+03
   1.1714000e+03   1.1728000e+03   1.1708000e+03   1.1738000e+03   1.0763000e+03   1.0737000e+03
   1.1578000e+03   1.1612000e+03   1.1577000e+03   1.1615000e+03   1.0580000e+03   1.0578000e+03
   1.1399000e+03   1.1449000e+03   1.1404000e+03   1.1433000e+03   1.0408000e+03   1.0401000e+03
   1.1310000e+03   1.1353000e+03   1.1319000e+03   1.1344000e+03   1.0282000e+03   1.0280000e+03
   1.1292000e+03   1.1319000e+03   1.1283000e+03   1.1303000e+03   1.0220000e+03   1.0188000e+03
   1.1262000e+03   1.1286000e+03   1.1251000e+03   1.1268000e+03   1.0108000e+03   1.0073000e+03
   1.1256000e+03   1.1292000e+03   1.1256000e+03   1.1279000e+03   9.9282000e+02   9.9275000e+02
   1.0948000e+03   1.1003000e+03   1.0962000e+03   1.0992000e+03   9.5442000e+02   9.5482000e+02
   1.0617000e+03   1.0674000e+03   1.0628000e+03   1.0668000e+03   9.1374000e+02   9.1327000e+02
   1.0390000e+03   1.0451000e+03   1.0417000e+03   1.0456000e+03   8.8566000e+02   8.8570000e+02
   1.0197000e+03   1.0269000e+03   1.0224000e+03   1.0276000e+03   8.6325000e+02   8.6247000e+02
   1.0082000e+03   1.0154000e+03   1.0109000e+03   1.0157000e+03   8.4729000e+02   8.4485000e+02
   9.9359000e+02   9.9914000e+02   9.9393000e+02   9.9652000e+02   8.2058000e+02   8.1981000e+02
   9.7477000e+02   9.8055000e+02   9.7472000e+02   9.7692000e+02   7.8908000e+02   7.8940000e+02
   9.4257000e+02   9.5079000e+02   9.4662000e+02   9.5020000e+02   7.4942000e+02   7.4531000e+02
   9.1292000e+02   9.2116000e+02   9.1686000e+02   9.2230000e+02   7.1099000e+02   7.0892000e+02
   8.9407000e+02   9.0161000e+02   8.9772000e+02   9.0273000e+02   6.8798000e+02   6.8802000e+02
   8.7582000e+02   8.8243000e+02   8.8004000e+02   8.8455000e+02   6.7701000e+02   6.7104000e+02
   8.5826000e+02   8.6481000e+02   8.6162000e+02   8.6624000e+02   6.6959000e+02   6.5419000e+02
   8.6011000e+02   8.6739000e+02   8.6329000e+02   8.6780000e+02   6.6395000e+02   6.4848000e+02
   8.4786000e+02   8.5581000e+02   8.5056000e+02   8.5539000e+02   6.4351000e+02   6.4507000e+02
   8.3265000e+02   8.3944000e+02   8.3550000e+02   8.3967000e+02   6.2407000e+02   6.3132000e+02
   8.1895000e+02   8.2490000e+02   8.2177000e+02   8.2675000e+02   6.1333000e+02   6.1366000e+02
   7.9852000e+02   8.0760000e+02   8.0457000e+02   8.1031000e+02   5.9456000e+02   5.9820000e+02
   7.8769000e+02   7.9487000e+02   7.9337000e+02   7.9954000e+02   5.8133000e+02   5.8289000e+02
   7.7315000e+02   7.7983000e+02   7.7850000e+02   7.8403000e+02   5.7933000e+02   5.7980000e+02
   7.6439000e+02   7.7071000e+02   7.6916000e+02   7.7455000e+02   5.7882000e+02   5.8421000e+02
   7.5723000e+02   7.6081000e+02   7.6053000e+02   7.6404000e+02   5.7418000e+02   5.8224000e+02
   7.4841000e+02   7.5415000e+02   7.5307000e+02   7.5721000e+02   5.6268000e+02   5.7555000e+02
   7.4433000e+02   7.5177000e+02   7.4865000e+02   7.5209000e+02   5.4946000e+02   5.6932000e+02
   7.3933000e+02   7.4443000e+02   7.4286000e+02   7.4552000e+02   5.5799000e+02   5.7006000e+02
   7.5605000e+02   7.5967000e+02   7.5711000e+02   7.5724000e+02   5.7577000e+02   5.7902000e+02
   7.7097000e+02   7.7332000e+02   7.7164000e+02   7.7366000e+02   5.9306000e+02   6.0535000e+02
   7.7840000e+02   7.8000000e+02   7.7828000e+02   7.7917000e+02   6.0454000e+02   6.1575000e+02
   7.8276000e+02   7.8522000e+02   7.8346000e+02   7.8511000e+02   6.1128000e+02   6.2077000e+02
   7.8501000e+02   7.8616000e+02   7.8558000e+02   7.8724000e+02   6.1434000e+02   6.2772000e+02
   7.9010000e+02   7.9279000e+02   7.9188000e+02   7.9365000e+02   6.2686000e+02   6.3920000e+02
   8.0164000e+02   8.0303000e+02   8.0099000e+02   8.0239000e+02   6.4309000e+02   6.4755000e+02
   8.1631000e+02   8.1878000e+02   8.1667000e+02   8.1715000e+02   6.6108000e+02   6.5857000e+02
   8.2377000e+02   8.2502000e+02   8.2400000e+02   8.2484000e+02   6.8457000e+02   6.7913000e+02
   8.2247000e+02   8.2764000e+02   8.2549000e+02   8.2591000e+02   7.0108000e+02   7.0916000e+02
   8.2155000e+02   8.2511000e+02   8.2488000e+02   8.2780000e+02   7.2539000e+02   7.0412000e+02
   8.2904000e+02   8.2980000e+02   8.2799000e+02   8.2685000e+02   7.2773000e+02   7.3276000e+02
   8.2332000e+02   8.2680000e+02   8.2396000e+02   8.2470000e+02   7.2733000e+02   7.5168000e+02
   8.2272000e+02   8.2479000e+02   8.2392000e+02   8.2286000e+02   7.2307000e+02   7.4918000e+02
   8.2746000e+02   8.2658000e+02   8.2754000e+02   8.2851000e+02   7.2128000e+02   7.5652000e+02
   8.3100000e+02   8.3734000e+02   8.3634000e+02   8.3657000e+02   7.2185000e+02   7.5197000e+02
   8.3739000e+02   8.3918000e+02   8.3696000e+02   8.3841000e+02   7.4486000e+02   7.5075000e+02
   8.4838000e+02   8.4768000e+02   8.4522000e+02   8.4488000e+02   7.7515000e+02   7.6262000e+02
   8.5355000e+02   8.5478000e+02   8.5326000e+02   8.5343000e+02   7.7179000e+02   7.6790000e+02
   8.4801000e+02   8.4997000e+02   8.4906000e+02   8.5019000e+02   7.7185000e+02   7.7608000e+02
   8.4285000e+02   8.4109000e+02   8.4225000e+02   8.4209000e+02   7.7917000e+02   7.7962000e+02
   8.4270000e+02   8.4537000e+02   8.4585000e+02   8.4752000e+02   7.7450000e+02   7.8856000e+02
   8.3460000e+02   8.4001000e+02   8.4085000e+02   8.4360000e+02   7.7417000e+02   7.8664000e+02
   8.3504000e+02   8.3594000e+02   8.3550000e+02   8.3720000e+02   7.7238000e+02   7.8224000e+02
   8.0802000e+02   8.0934000e+02   8.0508000e+02   8.0363000e+02   7.4549000e+02   7.5018000e+02
   7.7884000e+02   7.7724000e+02   7.7585000e+02   7.7432000e+02   7.1659000e+02   7.1456000e+02
