  -8.7272000e+00  -8.9618000e+00  -8.9156000e+00  -9.0240000e+00  -1.0155800e+01  -9.8424000e+00
  -8.9443000e+00  -9.1715000e+00  -9.1140000e+00  -9.2213000e+00  -9.6607000e+00  -9.4636000e+00
  -9.1696000e+00  -9.4289000e+00  -9.3643000e+00  -9.4674000e+00  -9.4629000e+00  -9.3773000e+00
  -9.4483000e+00  -9.6634000e+00  -9.6094000e+00  -9.7024000e+00  -9.5207000e+00  -9.4485000e+00
  -9.7097000e+00  -9.8313000e+00  -9.8201000e+00  -9.8906000e+00  -9.5454000e+00  -9.5748000e+00
  -9.9853000e+00  -1.0121300e+01  -1.0101400e+01  -1.0171900e+01  -9.5000000e+00  -9.4776000e+00
  -1.0148100e+01  -1.0263800e+01  -1.0240800e+01  -1.0302300e+01  -9.5419000e+00  -9.4974000e+00
  -1.0391000e+01  -1.0470500e+01  -1.0448100e+01  -1.0486500e+01  -9.6018000e+00  -9.5762000e+00
  -1.0581400e+01  -1.0657700e+01  -1.0639800e+01  -1.0678600e+01  -9.7110000e+00  -9.7356000e+00
  -1.0839800e+01  -1.0875200e+01  -1.0884900e+01  -1.0920100e+01  -9.6377000e+00  -9.6933000e+00
  -1.0999200e+01  -1.1029100e+01  -1.1006000e+01  -1.1017200e+01  -9.6601000e+00  -9.7687000e+00
  -1.0978600e+01  -1.0758300e+01  -1.1005600e+01  -1.1032400e+01  -9.7205000e+00  -9.8168000e+00
  -1.0931500e+01  -1.0831900e+01  -1.0913200e+01  -1.0907200e+01  -9.6354000e+00  -9.9206000e+00
  -1.0906300e+01  -1.0896200e+01  -1.0982500e+01  -1.1004000e+01  -9.5643000e+00  -1.0049100e+01
  -1.0870300e+01  -1.0880300e+01  -1.0971500e+01  -1.1008100e+01  -9.5456000e+00  -1.0069100e+01
  -1.0898900e+01  -1.0915700e+01  -1.1036600e+01  -1.1073500e+01  -9.5178000e+00  -1.0012400e+01
  -1.1226600e+01  -1.1157600e+01  -1.1235000e+01  -1.1224700e+01  -9.7439000e+00  -1.0090100e+01
  -1.1338400e+01  -1.1347200e+01  -1.1531900e+01  -1.1648300e+01  -1.0017100e+01  -1.0389800e+01
  -1.1486400e+01  -1.1145000e+01  -1.1504000e+01  -1.1549300e+01  -9.5299000e+00  -9.9308000e+00
  -1.1401400e+01  -1.1074900e+01  -1.1448100e+01  -1.1517400e+01  -8.9913000e+00  -9.2837000e+00
  -1.1463500e+01  -1.1121900e+01  -1.1464500e+01  -1.1524100e+01  -9.0772000e+00  -9.2982000e+00
  -1.1385700e+01  -1.1123700e+01  -1.1459400e+01  -1.1550500e+01  -9.1626000e+00  -9.3999000e+00
  -1.1323900e+01  -1.1131100e+01  -1.1408300e+01  -1.1492400e+01  -9.5132000e+00  -9.6713000e+00
  -1.1219400e+01  -1.0969700e+01  -1.1250600e+01  -1.1299600e+01  -9.8301000e+00  -9.7907000e+00
  -1.1182900e+01  -1.0961300e+01  -1.1221200e+01  -1.1259800e+01  -9.8007000e+00  -9.8329000e+00
  -1.1091500e+01  -1.0872900e+01  -1.1125300e+01  -1.1169000e+01  -9.8941000e+00  -9.9888000e+00
  -1.1096000e+01  -1.0942900e+01  -1.1127400e+01  -1.1158600e+01  -1.0100900e+01  -1.0185500e+01
  -1.1098600e+01  -1.0912200e+01  -1.1131200e+01  -1.1158800e+01  -1.0189600e+01  -1.0317300e+01
  -1.1103800e+01  -1.0883100e+01  -1.1169900e+01  -1.1225900e+01  -1.0243700e+01  -1.0436100e+01
  -1.1080000e+01  -1.0941500e+01  -1.1017800e+01  -1.0961800e+01  -1.0355200e+01  -1.0589900e+01
  -1.0803200e+01  -1.0967300e+01  -1.0893300e+01  -1.0936100e+01  -1.0550100e+01  -1.0718800e+01
  -1.0806400e+01  -1.0888400e+01  -1.0831800e+01  -1.0843600e+01  -1.0768300e+01  -1.0788800e+01
  -1.0721300e+01  -1.0852500e+01  -1.0715900e+01  -1.0722400e+01  -1.0988500e+01  -1.0909900e+01
  -1.0646200e+01  -1.0815500e+01  -1.0675100e+01  -1.0705500e+01  -1.1156800e+01  -1.0948800e+01
  -1.0693200e+01  -1.0722000e+01  -1.0704400e+01  -1.0714600e+01  -1.1214700e+01  -1.1017300e+01
  -1.0720900e+01  -1.0601800e+01  -1.0704800e+01  -1.0672600e+01  -1.1172100e+01  -1.1019100e+01
  -1.0487100e+01  -1.0329200e+01  -1.0460600e+01  -1.0423800e+01  -1.1081800e+01  -1.0898200e+01
  -1.0199400e+01  -1.0077800e+01  -1.0196400e+01  -1.0178900e+01  -1.0925600e+01  -1.1010800e+01
  -1.0131600e+01  -1.0023200e+01  -1.0120500e+01  -1.0098800e+01  -1.0761500e+01  -1.1123000e+01
  -1.0071700e+01  -9.9634000e+00  -1.0021500e+01  -9.9870000e+00  -1.0771200e+01  -1.0869400e+01
  -9.9318000e+00  -9.8232000e+00  -9.8682000e+00  -9.8347000e+00  -1.0869900e+01  -1.0806500e+01
  -9.7703000e+00  -9.6960000e+00  -9.7263000e+00  -9.7253000e+00  -1.0732400e+01  -1.0784800e+01
  -9.7687000e+00  -9.6868000e+00  -9.7357000e+00  -9.7389000e+00  -1.0718700e+01  -1.0704600e+01
  -9.6797000e+00  -9.5800000e+00  -9.6527000e+00  -9.6491000e+00  -1.0776400e+01  -1.0836100e+01
  -9.6278000e+00  -9.5262000e+00  -9.6041000e+00  -9.6041000e+00  -1.0930500e+01  -1.0851400e+01
  -9.4715000e+00  -9.3917000e+00  -9.4945000e+00  -9.5165000e+00  -1.1210300e+01  -1.1051600e+01
  -9.3989000e+00  -9.2396000e+00  -9.3958000e+00  -9.4006000e+00  -1.1444000e+01  -1.1180500e+01
  -9.4920000e+00  -9.3164000e+00  -9.4642000e+00  -9.4499000e+00  -1.1344000e+01  -1.1211000e+01
  -9.5622000e+00  -9.4362000e+00  -9.5381000e+00  -9.5217000e+00  -1.1385700e+01  -1.1324900e+01
  -9.4766000e+00  -9.3704000e+00  -9.4398000e+00  -9.4180000e+00  -1.1590400e+01  -1.1447000e+01
  -9.3974000e+00  -9.2886000e+00  -9.3209000e+00  -9.2779000e+00  -1.1802600e+01  -1.1595000e+01
  -9.3244000e+00  -9.2308000e+00  -9.2751000e+00  -9.2322000e+00  -1.2009800e+01  -1.1822100e+01
  -9.2766000e+00  -9.2000000e+00  -9.2220000e+00  -9.1945000e+00  -1.2151800e+01  -1.2210100e+01
  -9.2758000e+00  -9.2482000e+00  -9.2529000e+00  -9.2382000e+00  -1.2440800e+01  -1.2356600e+01
  -9.1265000e+00  -9.1137000e+00  -9.1180000e+00  -9.1131000e+00  -1.2934700e+01  -1.2468600e+01
  -9.1220000e+00  -9.0045000e+00  -9.0616000e+00  -9.0128000e+00  -1.3291700e+01  -1.2676700e+01
  -9.2028000e+00  -9.0466000e+00  -9.1132000e+00  -9.0475000e+00  -1.3133300e+01  -1.2922300e+01
  -9.1071000e+00  -9.0677000e+00  -9.0639000e+00  -9.0281000e+00  -1.3129700e+01  -1.3231400e+01
  -8.9002000e+00  -8.8502000e+00  -8.8473000e+00  -8.8135000e+00  -1.2980000e+01  -1.3257800e+01
  -8.6275000e+00  -8.7460000e+00  -8.7169000e+00  -8.7638000e+00  -1.2727400e+01  -1.2998800e+01
  -8.6403000e+00  -8.8601000e+00  -8.8479000e+00  -8.8949000e+00  -1.2200900e+01  -1.2529900e+01
  -8.5201000e+00  -8.7592000e+00  -8.7545000e+00  -8.8109000e+00  -1.1642700e+01  -1.1986600e+01
  -8.3693000e+00  -8.5958000e+00  -8.5593000e+00  -8.6636000e+00  -1.0968800e+01  -1.1445800e+01
  -8.9714000e+00  -9.0891000e+00  -9.1001000e+00  -9.1118000e+00  -1.0764800e+01  -1.1869900e+01
  -8.8018000e+00  -9.0134000e+00  -9.1020000e+00  -9.2798000e+00  -1.1690500e+01  -1.2346600e+01
  -8.7642000e+00  -8.8541000e+00  -9.1299000e+00  -9.3832000e+00  -1.1510400e+01  -1.1098900e+01
  -8.9812000e+00  -8.9776000e+00  -9.5523000e+00  -9.9263000e+00  -1.0908900e+01  -1.0806300e+01
  -1.0472200e+01  -1.0142800e+01  -1.0525300e+01  -1.0498900e+01  -1.0707600e+01  -1.0511400e+01
  -1.1430100e+01  -1.1226700e+01  -1.1342800e+01  -1.1323700e+01  -1.0580800e+01  -1.0196900e+01
  -1.1758400e+01  -1.1978200e+01  -1.1869400e+01  -1.1936300e+01  -1.0749600e+01  -9.8669000e+00
  -1.1447800e+01  -1.1673900e+01  -1.1569300e+01  -1.1713500e+01  -1.1066700e+01  -9.6726000e+00
  -1.2138700e+01  -1.1938100e+01  -1.1796200e+01  -1.1605100e+01  -1.1244100e+01  -9.6434000e+00
  -1.2472600e+01  -1.2504300e+01  -1.2299000e+01  -1.2117400e+01  -1.1496400e+01  -1.0258600e+01
  -1.2627800e+01  -1.2536100e+01  -1.2290600e+01  -1.2122200e+01  -1.1463900e+01  -1.0178000e+01
  -1.3154100e+01  -1.3078100e+01  -1.2676800e+01  -1.2351700e+01  -1.1307200e+01  -1.0350700e+01
  -1.3351300e+01  -1.3280400e+01  -1.2975100e+01  -1.2765000e+01  -1.1070000e+01  -1.0463100e+01
  -1.3527500e+01  -1.3216600e+01  -1.2946600e+01  -1.2685400e+01  -1.0710600e+01  -1.0315700e+01
  -1.3823000e+01  -1.4197300e+01  -1.3708300e+01  -1.3668100e+01  -1.0447300e+01  -9.9407000e+00
  -1.3912300e+01  -1.3957000e+01  -1.3678100e+01  -1.3578400e+01  -1.0156200e+01  -9.6031000e+00
  -1.4281800e+01  -1.4232700e+01  -1.3937200e+01  -1.3718700e+01  -9.9334000e+00  -9.8829000e+00
  -1.4335100e+01  -1.4415100e+01  -1.4259200e+01  -1.4147200e+01  -1.0281300e+01  -1.0418800e+01
  -1.4202500e+01  -1.4432200e+01  -1.4220500e+01  -1.4242300e+01  -1.0323000e+01  -1.0423500e+01
  -1.4326100e+01  -1.4496700e+01  -1.4170000e+01  -1.4074100e+01  -9.6256000e+00  -1.0660600e+01
  -1.3707500e+01  -1.3972600e+01  -1.3649800e+01  -1.3589700e+01  -9.7046000e+00  -1.0704200e+01
  -1.3056000e+01  -1.3368300e+01  -1.3022900e+01  -1.3064800e+01  -1.0364400e+01  -1.0620400e+01
  -1.3018900e+01  -1.3083200e+01  -1.2913700e+01  -1.2926900e+01  -1.0434400e+01  -1.0734600e+01
  -1.2864100e+01  -1.2941900e+01  -1.2672700e+01  -1.2613300e+01  -1.0520000e+01  -1.0710800e+01
  -1.2828300e+01  -1.2820600e+01  -1.2336600e+01  -1.2168200e+01  -1.0655000e+01  -1.0691900e+01
  -1.2699500e+01  -1.2830100e+01  -1.2131300e+01  -1.1914400e+01  -1.0609300e+01  -1.0649200e+01
  -1.2538700e+01  -1.2676300e+01  -1.2073200e+01  -1.1800600e+01  -1.0708100e+01  -1.0642900e+01
  -1.2366600e+01  -1.2704000e+01  -1.2138300e+01  -1.1884600e+01  -1.0722800e+01  -1.0532400e+01
  -1.2313300e+01  -1.2581900e+01  -1.2051500e+01  -1.1865800e+01  -1.0619800e+01  -1.0417800e+01
  -1.2031300e+01  -1.2386500e+01  -1.1914400e+01  -1.1883800e+01  -1.0531000e+01  -1.0549100e+01
  -1.1467100e+01  -1.1989800e+01  -1.1861000e+01  -1.2025900e+01  -1.0378100e+01  -1.0778300e+01
  -1.1391200e+01  -1.1786200e+01  -1.1629500e+01  -1.1726300e+01  -1.0388800e+01  -1.0960500e+01
  -1.1403000e+01  -1.1703200e+01  -1.1673500e+01  -1.2015000e+01  -1.0284700e+01  -1.1051500e+01
  -1.1682500e+01  -1.1759300e+01  -1.2020900e+01  -1.2352100e+01  -9.9364000e+00  -1.0693700e+01
  -1.1710700e+01  -1.1960900e+01  -1.2025700e+01  -1.2230000e+01  -9.7487000e+00  -9.9777000e+00
  -1.1538400e+01  -1.2003400e+01  -1.2215800e+01  -1.2522900e+01  -9.5936000e+00  -9.2650000e+00
  -1.1362700e+01  -1.2008600e+01  -1.2184100e+01  -1.2528800e+01  -9.4344000e+00  -8.9448000e+00
  -1.1644700e+01  -1.1922800e+01  -1.2132800e+01  -1.2317700e+01  -1.0314800e+01  -9.2408000e+00
  -1.1841200e+01  -1.2182500e+01  -1.2741100e+01  -1.3202300e+01  -1.1033500e+01  -9.5256000e+00
  -1.2746200e+01  -1.3057300e+01  -1.3404300e+01  -1.3750500e+01  -1.0581000e+01  -9.6562000e+00
  -1.3354100e+01  -1.3540100e+01  -1.3815600e+01  -1.4096500e+01  -9.6741000e+00  -9.5451000e+00
  -1.3703300e+01  -1.3811800e+01  -1.4132500e+01  -1.4367600e+01  -9.4290000e+00  -9.3790000e+00
  -1.3948700e+01  -1.4127200e+01  -1.4099800e+01  -1.4184300e+01  -1.0108200e+01  -9.2532000e+00
  -1.3842600e+01  -1.4184500e+01  -1.3946100e+01  -1.4060800e+01  -9.9698000e+00  -9.2027000e+00
  -1.3580300e+01  -1.4079400e+01  -1.3670900e+01  -1.3693300e+01  -9.6172000e+00  -9.4212000e+00
  -1.3049800e+01  -1.3674600e+01  -1.3142500e+01  -1.3118700e+01  -9.5527000e+00  -9.6407000e+00
  -1.2675300e+01  -1.2842300e+01  -1.2960100e+01  -1.3119300e+01  -9.9028000e+00  -1.0027300e+01
  -1.3039200e+01  -1.3074300e+01  -1.3383800e+01  -1.3527000e+01  -1.0072600e+01  -1.0124200e+01
  -1.3420700e+01  -1.3338200e+01  -1.3470500e+01  -1.3530800e+01  -1.0418500e+01  -1.0325800e+01
  -1.3695500e+01  -1.3654600e+01  -1.3740800e+01  -1.3797800e+01  -1.1387400e+01  -1.1103800e+01
  -1.3922700e+01  -1.3806000e+01  -1.3918400e+01  -1.3949300e+01  -1.1216800e+01  -1.1170200e+01
  -1.3977900e+01  -1.3989200e+01  -1.4093900e+01  -1.4203900e+01  -1.0698500e+01  -1.0087200e+01
  -1.3917900e+01  -1.3996200e+01  -1.3977000e+01  -1.4057800e+01  -1.0732900e+01  -9.9444000e+00
  -1.3614200e+01  -1.3799600e+01  -1.3750500e+01  -1.3840900e+01  -1.0810400e+01  -1.0279400e+01
  -1.3698700e+01  -1.3847100e+01  -1.3701600e+01  -1.3726200e+01  -1.0891000e+01  -1.0590800e+01
  -1.3774100e+01  -1.3087900e+01  -1.3002500e+01  -1.2715400e+01  -1.1044200e+01  -1.0896800e+01
  -1.3065600e+01  -1.1729100e+01  -1.1852300e+01  -1.1498100e+01  -1.1189100e+01  -1.0980000e+01
  -1.1349500e+01  -1.0946900e+01  -1.1617400e+01  -1.2127400e+01  -1.1199900e+01  -1.0995800e+01
  -1.1309200e+01  -1.2312600e+01  -1.2834900e+01  -1.3701400e+01  -1.1075300e+01  -1.0953200e+01
  -1.1780700e+01  -1.2655100e+01  -1.2901500e+01  -1.3644300e+01  -1.1251900e+01  -1.1266700e+01
  -1.2526300e+01  -1.2223400e+01  -1.2635700e+01  -1.2732400e+01  -1.1531400e+01  -1.1472100e+01
  -1.2715800e+01  -1.2252200e+01  -1.2513900e+01  -1.2445800e+01  -1.1640200e+01  -1.1473800e+01
  -1.2007900e+01  -1.2333700e+01  -1.2324500e+01  -1.2502200e+01  -1.1669800e+01  -1.1392100e+01
  -1.1842300e+01  -1.2179300e+01  -1.2419200e+01  -1.2794500e+01  -1.1822300e+01  -1.1455900e+01
  -1.2656300e+01  -1.2875000e+01  -1.3171400e+01  -1.3431900e+01  -1.1870400e+01  -1.1547900e+01
  -1.3654000e+01  -1.3961100e+01  -1.3959500e+01  -1.4036600e+01  -1.2008800e+01  -1.1475400e+01
  -1.3938600e+01  -1.4174800e+01  -1.4062500e+01  -1.4137600e+01  -1.1973900e+01  -1.1592400e+01
  -1.4098200e+01  -1.4067400e+01  -1.4105300e+01  -1.4089800e+01  -1.1980700e+01  -1.1787400e+01
  -1.4099500e+01  -1.4014400e+01  -1.3944000e+01  -1.3876400e+01  -1.2283700e+01  -1.2034700e+01
  -1.3399400e+01  -1.3501400e+01  -1.3443000e+01  -1.3499600e+01  -1.2518200e+01  -1.2085500e+01
  -1.2832300e+01  -1.3117400e+01  -1.3215700e+01  -1.3488100e+01  -1.2455700e+01  -1.2200500e+01
  -1.2427000e+01  -1.3053200e+01  -1.3226200e+01  -1.3728500e+01  -1.2498400e+01  -1.2503900e+01
  -1.2216500e+01  -1.3009600e+01  -1.3129300e+01  -1.3666400e+01  -1.2534200e+01  -1.2316200e+01
  -1.2186200e+01  -1.2860200e+01  -1.2993600e+01  -1.3467500e+01  -1.2475500e+01  -1.2133100e+01
  -1.2288100e+01  -1.2910200e+01  -1.3033900e+01  -1.3505900e+01  -1.2360100e+01  -1.1879800e+01
  -1.2391900e+01  -1.3144200e+01  -1.3153800e+01  -1.3645400e+01  -1.2115200e+01  -1.1702600e+01
  -1.2476000e+01  -1.3256200e+01  -1.3153700e+01  -1.3563800e+01  -1.2031500e+01  -1.1619600e+01
  -1.2720800e+01  -1.3375900e+01  -1.3225400e+01  -1.3527000e+01  -1.1845100e+01  -1.1536800e+01
  -1.2957700e+01  -1.3540600e+01  -1.3343000e+01  -1.3588000e+01  -1.1788400e+01  -1.1594800e+01
  -1.3268000e+01  -1.3759500e+01  -1.3548700e+01  -1.3730300e+01  -1.1767900e+01  -1.1725200e+01
  -1.3707900e+01  -1.4269500e+01  -1.4038000e+01  -1.4221600e+01  -1.1874300e+01  -1.1826300e+01
  -1.4151400e+01  -1.4729400e+01  -1.4552000e+01  -1.4809200e+01  -1.2124000e+01  -1.2012800e+01
  -1.4514200e+01  -1.5098400e+01  -1.4880800e+01  -1.5087800e+01  -1.2318400e+01  -1.2017400e+01
  -1.4775700e+01  -1.5461000e+01  -1.5268200e+01  -1.5556000e+01  -1.2541000e+01  -1.2286100e+01
  -1.4926300e+01  -1.5765300e+01  -1.5679800e+01  -1.6212200e+01  -1.3046400e+01  -1.2716300e+01
  -1.4644300e+01  -1.4852100e+01  -1.5138100e+01  -1.5462500e+01  -1.3270300e+01  -1.2766600e+01
  -1.4645400e+01  -1.4873600e+01  -1.4994900e+01  -1.5141700e+01  -1.3371500e+01  -1.2787200e+01
  -1.4931000e+01  -1.5118100e+01  -1.5108600e+01  -1.5223400e+01  -1.3471600e+01  -1.2960000e+01
  -1.4827200e+01  -1.5067100e+01  -1.5036900e+01  -1.5246200e+01  -1.3239600e+01  -1.2861600e+01
  -1.4821200e+01  -1.5167100e+01  -1.5115700e+01  -1.5383100e+01  -1.3140100e+01  -1.2932900e+01
  -1.4573400e+01  -1.4962800e+01  -1.5007700e+01  -1.5315200e+01  -1.3025100e+01  -1.2872100e+01
  -1.4477500e+01  -1.4921100e+01  -1.5047700e+01  -1.5374200e+01  -1.3026600e+01  -1.2770400e+01
  -1.4241100e+01  -1.4637300e+01  -1.4840900e+01  -1.5145500e+01  -1.3280400e+01  -1.2970800e+01
  -1.4267000e+01  -1.4560800e+01  -1.4791300e+01  -1.5051100e+01  -1.2862100e+01  -1.2917800e+01
  -1.4018600e+01  -1.4276500e+01  -1.4464800e+01  -1.4676700e+01  -1.2644600e+01  -1.2620600e+01
  -1.3828100e+01  -1.4063900e+01  -1.4178800e+01  -1.4323200e+01  -1.2658500e+01  -1.2489000e+01
  -1.3872400e+01  -1.4019100e+01  -1.4066000e+01  -1.4101400e+01  -1.2424300e+01  -1.2322200e+01
  -1.4111400e+01  -1.4276700e+01  -1.4123300e+01  -1.4073900e+01  -1.1747300e+01  -1.1550900e+01
  -1.4209100e+01  -1.4386500e+01  -1.4105900e+01  -1.3980700e+01  -1.1068500e+01  -1.0676900e+01
  -1.4317100e+01  -1.4493600e+01  -1.4282100e+01  -1.4274100e+01  -1.1165000e+01  -1.0504900e+01
  -1.3949200e+01  -1.4203200e+01  -1.3998400e+01  -1.4039500e+01  -1.1070100e+01  -1.0481600e+01
  -1.4003100e+01  -1.4277900e+01  -1.4041300e+01  -1.4034700e+01  -1.0730000e+01  -1.0636900e+01
  -1.4109700e+01  -1.4366700e+01  -1.4152700e+01  -1.4165200e+01  -1.0532300e+01  -1.0916500e+01
  -1.4031300e+01  -1.4273000e+01  -1.4207300e+01  -1.4302000e+01  -1.0432800e+01  -1.0548200e+01
  -1.3676400e+01  -1.3926700e+01  -1.4006600e+01  -1.4159600e+01  -1.0317100e+01  -1.0388800e+01
  -1.3525100e+01  -1.3828900e+01  -1.3847800e+01  -1.3964300e+01  -1.0319200e+01  -1.0923700e+01
  -1.3555100e+01  -1.3697200e+01  -1.3747800e+01  -1.3779500e+01  -1.0207900e+01  -1.0452200e+01
  -1.3632100e+01  -1.3643200e+01  -1.3708200e+01  -1.3656200e+01  -1.0312700e+01  -1.0143800e+01
  -1.3569300e+01  -1.3466000e+01  -1.3771600e+01  -1.3863200e+01  -1.0323300e+01  -1.0019700e+01
  -1.3839300e+01  -1.3649400e+01  -1.4093400e+01  -1.4197000e+01  -1.0210200e+01  -9.8058000e+00
  -1.4283900e+01  -1.4009400e+01  -1.4421000e+01  -1.4545000e+01  -1.0191100e+01  -9.7986000e+00
  -1.4709400e+01  -1.4209500e+01  -1.4796700e+01  -1.4993600e+01  -1.0107300e+01  -9.5777000e+00
  -1.4769400e+01  -1.4305700e+01  -1.4916800e+01  -1.5151800e+01  -9.7983000e+00  -9.3917000e+00
  -1.4875800e+01  -1.4665000e+01  -1.4974600e+01  -1.5138300e+01  -9.6055000e+00  -9.2574000e+00
  -1.4969200e+01  -1.4848100e+01  -1.4869800e+01  -1.4946900e+01  -9.5597000e+00  -9.3374000e+00
  -1.4771600e+01  -1.4748000e+01  -1.4637200e+01  -1.4671400e+01  -9.6273000e+00  -9.6680000e+00
  -1.4624200e+01  -1.4724900e+01  -1.4500200e+01  -1.4562200e+01  -9.4863000e+00  -9.6394000e+00
  -1.4550600e+01  -1.4751900e+01  -1.4507000e+01  -1.4615400e+01  -9.2838000e+00  -9.5751000e+00
  -1.4437900e+01  -1.4708300e+01  -1.4383500e+01  -1.4440800e+01  -9.1706000e+00  -9.5319000e+00
  -1.4324000e+01  -1.4616800e+01  -1.4203900e+01  -1.4241800e+01  -9.1857000e+00  -9.5960000e+00
  -1.4183700e+01  -1.4512700e+01  -1.4073700e+01  -1.4122100e+01  -9.4050000e+00  -9.6949000e+00
  -1.4123900e+01  -1.4472000e+01  -1.4078800e+01  -1.4158700e+01  -9.3641000e+00  -9.7424000e+00
  -1.4096300e+01  -1.4352400e+01  -1.3974800e+01  -1.3988800e+01  -9.3935000e+00  -9.5489000e+00
  -1.3920500e+01  -1.4087800e+01  -1.3773800e+01  -1.3764800e+01  -9.2087000e+00  -9.1691000e+00
  -1.3791400e+01  -1.3970200e+01  -1.3665600e+01  -1.3660500e+01  -9.1180000e+00  -8.8826000e+00
  -1.3760500e+01  -1.3916700e+01  -1.3621300e+01  -1.3599600e+01  -8.9339000e+00  -8.6227000e+00
  -1.3739700e+01  -1.3840000e+01  -1.3564700e+01  -1.3524700e+01  -8.8715000e+00  -8.3795000e+00
  -1.3575400e+01  -1.3704000e+01  -1.3440700e+01  -1.3413800e+01  -8.6496000e+00  -8.1329000e+00
  -1.3466700e+01  -1.3632700e+01  -1.3380000e+01  -1.3371600e+01  -8.3253000e+00  -7.8393000e+00
  -1.3474000e+01  -1.3662500e+01  -1.3411400e+01  -1.3413800e+01  -7.9303000e+00  -7.5866000e+00
  -1.3532300e+01  -1.3696700e+01  -1.3490900e+01  -1.3507700e+01  -7.6407000e+00  -7.4866000e+00
  -1.3625000e+01  -1.3738500e+01  -1.3564200e+01  -1.3578100e+01  -7.5255000e+00  -7.3605000e+00
  -1.3648700e+01  -1.3686500e+01  -1.3597200e+01  -1.3607200e+01  -7.3507000e+00  -7.1591000e+00
  -1.3544300e+01  -1.3526200e+01  -1.3512100e+01  -1.3525100e+01  -6.9920000e+00  -6.9809000e+00
  -1.3460500e+01  -1.3432400e+01  -1.3439400e+01  -1.3424800e+01  -6.5769000e+00  -6.8420000e+00
  -1.3365800e+01  -1.3411900e+01  -1.3339100e+01  -1.3303200e+01  -6.1701000e+00  -6.7950000e+00
  -1.3364800e+01  -1.3545500e+01  -1.3378100e+01  -1.3387900e+01  -5.7584000e+00  -6.6944000e+00
  -1.3459400e+01  -1.3635300e+01  -1.3479600e+01  -1.3501100e+01  -5.3121000e+00  -6.5082000e+00
  -1.3580200e+01  -1.3723800e+01  -1.3579700e+01  -1.3598500e+01  -4.8750000e+00  -6.2448000e+00
  -1.3639200e+01  -1.3795600e+01  -1.3641800e+01  -1.3654900e+01  -4.5141000e+00  -5.9971000e+00
  -1.3669300e+01  -1.3804900e+01  -1.3632700e+01  -1.3636700e+01  -4.2226000e+00  -5.7042000e+00
  -1.3657400e+01  -1.3791100e+01  -1.3571600e+01  -1.3567600e+01  -4.0383000e+00  -5.5575000e+00
  -1.3590500e+01  -1.3755500e+01  -1.3517900e+01  -1.3521300e+01  -4.0528000e+00  -5.2217000e+00
  -1.3475700e+01  -1.3727900e+01  -1.3467200e+01  -1.3488700e+01  -4.1038000e+00  -4.6583000e+00
  -1.3406300e+01  -1.3721500e+01  -1.3438200e+01  -1.3473800e+01  -4.0888000e+00  -4.2743000e+00
  -1.3407100e+01  -1.3720300e+01  -1.3444000e+01  -1.3496300e+01  -4.8160000e+00  -4.6333000e+00
  -1.3417900e+01  -1.3742300e+01  -1.3521100e+01  -1.3569200e+01  -5.2502000e+00  -4.6933000e+00
  -1.3483400e+01  -1.3744000e+01  -1.3534800e+01  -1.3568900e+01  -5.3273000e+00  -4.7890000e+00
  -1.3551800e+01  -1.3718700e+01  -1.3554200e+01  -1.3590800e+01  -5.6040000e+00  -5.5033000e+00
  -1.3458700e+01  -1.3576100e+01  -1.3467000e+01  -1.3538400e+01  -5.9709000e+00  -5.8810000e+00
  -1.3344600e+01  -1.3497600e+01  -1.3383900e+01  -1.3476900e+01  -6.5241000e+00  -5.8805000e+00
  -1.3206800e+01  -1.3438300e+01  -1.3318500e+01  -1.3435500e+01  -7.0242000e+00  -6.0049000e+00
  -1.3016900e+01  -1.3307400e+01  -1.3201500e+01  -1.3340500e+01  -7.1005000e+00  -6.1573000e+00
  -1.2870300e+01  -1.3122100e+01  -1.3022200e+01  -1.3150000e+01  -7.1130000e+00  -6.1685000e+00
  -1.2767400e+01  -1.2982400e+01  -1.2869200e+01  -1.2958900e+01  -7.0949000e+00  -6.0783000e+00
  -1.2692700e+01  -1.2878700e+01  -1.2736200e+01  -1.2777400e+01  -7.0546000e+00  -6.1162000e+00
  -1.2540100e+01  -1.2740700e+01  -1.2582800e+01  -1.2626700e+01  -7.0012000e+00  -6.1654000e+00
  -1.2397900e+01  -1.2631600e+01  -1.2452800e+01  -1.2506600e+01  -6.9232000e+00  -6.1123000e+00
  -1.2272700e+01  -1.2558400e+01  -1.2322300e+01  -1.2378800e+01  -6.9551000e+00  -6.0020000e+00
  -1.2164200e+01  -1.2491300e+01  -1.2211300e+01  -1.2280000e+01  -6.9877000e+00  -5.9463000e+00
  -1.2002800e+01  -1.2360700e+01  -1.2077500e+01  -1.2169800e+01  -6.9398000e+00  -5.9978000e+00
  -1.1932100e+01  -1.2205300e+01  -1.1948100e+01  -1.2044200e+01  -6.8605000e+00  -6.0893000e+00
  -1.1993800e+01  -1.2146800e+01  -1.1901600e+01  -1.1921800e+01  -6.9212000e+00  -6.1250000e+00
  -1.2017400e+01  -1.2178200e+01  -1.1973000e+01  -1.1993800e+01  -6.8691000e+00  -6.0623000e+00
  -1.1875300e+01  -1.2155100e+01  -1.1957100e+01  -1.2021900e+01  -6.7996000e+00  -6.0059000e+00
  -1.1572500e+01  -1.1854300e+01  -1.1695400e+01  -1.1770900e+01  -6.5214000e+00  -5.9831000e+00
  -1.1272400e+01  -1.1578000e+01  -1.1351500e+01  -1.1421100e+01  -6.2079000e+00  -5.9395000e+00
  -1.1090800e+01  -1.1342700e+01  -1.1164400e+01  -1.1223100e+01  -6.0365000e+00  -5.8769000e+00
  -1.0832600e+01  -1.1034000e+01  -1.0931300e+01  -1.1017100e+01  -6.1635000e+00  -5.7980000e+00
  -1.0605800e+01  -1.0777700e+01  -1.0668400e+01  -1.0733100e+01  -6.1055000e+00  -5.7907000e+00
  -1.0455500e+01  -1.0646300e+01  -1.0491100e+01  -1.0543500e+01  -6.0965000e+00  -5.7996000e+00
  -1.0418900e+01  -1.0586100e+01  -1.0440300e+01  -1.0498800e+01  -6.0886000e+00  -5.7611000e+00
  -1.0311300e+01  -1.0438100e+01  -1.0380600e+01  -1.0460800e+01  -6.0254000e+00  -5.6644000e+00
  -9.9818000e+00  -1.0075200e+01  -1.0097000e+01  -1.0221500e+01  -5.7839000e+00  -5.5326000e+00
  -9.7635000e+00  -9.8308000e+00  -9.8300000e+00  -9.9312000e+00  -5.7373000e+00  -5.4124000e+00
  -9.6084000e+00  -9.6855000e+00  -9.6526000e+00  -9.7415000e+00  -5.9019000e+00  -5.2586000e+00
  -9.5327000e+00  -9.6451000e+00  -9.5651000e+00  -9.6394000e+00  -5.9386000e+00  -5.0643000e+00
  -9.4683000e+00  -9.6304000e+00  -9.5067000e+00  -9.5758000e+00  -5.9010000e+00  -4.9586000e+00
  -9.3498000e+00  -9.5158000e+00  -9.4136000e+00  -9.4841000e+00  -6.2584000e+00  -5.0679000e+00
  -9.2277000e+00  -9.3391000e+00  -9.2825000e+00  -9.3414000e+00  -6.4525000e+00  -5.2621000e+00
  -9.2327000e+00  -9.3011000e+00  -9.2369000e+00  -9.2537000e+00  -6.7795000e+00  -5.7219000e+00
  -9.3441000e+00  -9.4361000e+00  -9.3197000e+00  -9.3010000e+00  -7.0303000e+00  -6.5122000e+00
  -9.5347000e+00  -9.6732000e+00  -9.5008000e+00  -9.4712000e+00  -7.4007000e+00  -7.1487000e+00
  -9.6285000e+00  -9.7891000e+00  -9.6457000e+00  -9.6360000e+00  -7.7742000e+00  -7.4486000e+00
  -9.7756000e+00  -9.8937000e+00  -9.8079000e+00  -9.8001000e+00  -7.8464000e+00  -7.6716000e+00
  -9.7467000e+00  -1.0062300e+01  -9.9300000e+00  -9.9989000e+00  -7.9325000e+00  -7.8337000e+00
  -9.5993000e+00  -9.9587000e+00  -9.8503000e+00  -9.9746000e+00  -8.0852000e+00  -7.9443000e+00
  -9.4953000e+00  -9.8066000e+00  -9.6886000e+00  -9.7921000e+00  -8.0755000e+00  -7.7994000e+00
  -9.4012000e+00  -9.6816000e+00  -9.5499000e+00  -9.6340000e+00  -8.0741000e+00  -7.7401000e+00
  -9.3707000e+00  -9.6094000e+00  -9.4632000e+00  -9.5191000e+00  -7.8451000e+00  -7.9106000e+00
  -9.4483000e+00  -9.6769000e+00  -9.5289000e+00  -9.5710000e+00  -7.7758000e+00  -7.9853000e+00
  -9.6246000e+00  -9.8537000e+00  -9.6855000e+00  -9.7068000e+00  -7.9371000e+00  -7.9661000e+00
  -9.8768000e+00  -1.0116500e+01  -9.8977000e+00  -9.8847000e+00  -7.8719000e+00  -7.8499000e+00
  -1.0024900e+01  -1.0228800e+01  -1.0043000e+01  -1.0035300e+01  -7.8599000e+00  -7.6519000e+00
  -9.9912000e+00  -1.0142500e+01  -1.0037600e+01  -1.0060200e+01  -7.7152000e+00  -7.5240000e+00
  -9.7813000e+00  -9.9250000e+00  -9.8566000e+00  -9.8893000e+00  -7.6394000e+00  -7.5438000e+00
  -9.4265000e+00  -9.5764000e+00  -9.5183000e+00  -9.5766000e+00  -7.7379000e+00  -7.5225000e+00
  -9.2103000e+00  -9.3565000e+00  -9.2755000e+00  -9.3096000e+00  -7.8339000e+00  -7.4746000e+00
  -9.0469000e+00  -9.2020000e+00  -9.0821000e+00  -9.0844000e+00  -7.5970000e+00  -7.4316000e+00
  -8.9876000e+00  -9.1687000e+00  -8.9983000e+00  -8.9940000e+00  -7.2317000e+00  -7.3218000e+00
  -8.9594000e+00  -9.1633000e+00  -8.9779000e+00  -8.9814000e+00  -7.0130000e+00  -7.2362000e+00
  -8.8243000e+00  -9.1059000e+00  -8.9499000e+00  -9.0215000e+00  -6.9123000e+00  -6.9517000e+00
  -8.6726000e+00  -8.9684000e+00  -8.9109000e+00  -9.0379000e+00  -6.9210000e+00  -6.5687000e+00
  -8.6058000e+00  -8.8736000e+00  -8.8813000e+00  -8.9998000e+00  -6.9565000e+00  -6.3974000e+00
  -8.6269000e+00  -8.8763000e+00  -8.8743000e+00  -8.9662000e+00  -6.8069000e+00  -6.3064000e+00
  -8.6809000e+00  -8.9193000e+00  -8.8880000e+00  -8.9628000e+00  -6.7074000e+00  -6.2703000e+00
  -8.6531000e+00  -8.8802000e+00  -8.8321000e+00  -8.9035000e+00  -6.7074000e+00  -6.2893000e+00
  -8.6454000e+00  -8.8460000e+00  -8.8285000e+00  -8.9105000e+00  -6.6918000e+00  -6.2390000e+00
  -8.6247000e+00  -8.7736000e+00  -8.7666000e+00  -8.8295000e+00  -6.7932000e+00  -6.3124000e+00
  -8.5939000e+00  -8.6894000e+00  -8.6633000e+00  -8.6955000e+00  -6.8884000e+00  -6.2762000e+00
  -8.5349000e+00  -8.6418000e+00  -8.5819000e+00  -8.6211000e+00  -6.9023000e+00  -6.2237000e+00
  -8.5094000e+00  -8.5609000e+00  -8.5231000e+00  -8.5560000e+00  -6.8775000e+00  -6.1391000e+00
  -8.5206000e+00  -8.5890000e+00  -8.5265000e+00  -8.5562000e+00  -6.6195000e+00  -6.1519000e+00
  -8.4170000e+00  -8.5265000e+00  -8.4442000e+00  -8.4991000e+00  -6.3469000e+00  -6.1164000e+00
  -8.3300000e+00  -8.4272000e+00  -8.3563000e+00  -8.4106000e+00  -6.1107000e+00  -6.0829000e+00
  -8.2054000e+00  -8.2933000e+00  -8.2186000e+00  -8.2654000e+00  -6.0157000e+00  -6.0279000e+00
  -8.0039000e+00  -8.1304000e+00  -8.0290000e+00  -8.0866000e+00  -6.0478000e+00  -5.8698000e+00
  -7.7437000e+00  -7.9201000e+00  -7.7850000e+00  -7.8470000e+00  -5.9531000e+00  -5.5894000e+00
  -7.5587000e+00  -7.6990000e+00  -7.5472000e+00  -7.5608000e+00  -5.9227000e+00  -5.3682000e+00
  -7.3328000e+00  -7.4915000e+00  -7.3376000e+00  -7.3493000e+00  -5.9278000e+00  -5.2708000e+00
  -7.1605000e+00  -7.2824000e+00  -7.1698000e+00  -7.1691000e+00  -5.8711000e+00  -5.2780000e+00
  -6.9814000e+00  -7.1075000e+00  -7.0069000e+00  -7.0152000e+00  -5.8681000e+00  -5.3585000e+00
  -6.7962000e+00  -6.9593000e+00  -6.8486000e+00  -6.8680000e+00  -5.6502000e+00  -5.4919000e+00
  -6.7435000e+00  -6.8751000e+00  -6.7627000e+00  -6.7697000e+00  -5.4092000e+00  -5.5955000e+00
  -6.8229000e+00  -6.9038000e+00  -6.8210000e+00  -6.8070000e+00  -5.4772000e+00  -5.5233000e+00
  -6.7582000e+00  -6.9158000e+00  -6.8360000e+00  -6.8805000e+00  -5.6540000e+00  -5.6460000e+00
  -6.5970000e+00  -6.7974000e+00  -6.7427000e+00  -6.8368000e+00  -6.0318000e+00  -5.8769000e+00
  -6.5438000e+00  -6.6688000e+00  -6.6716000e+00  -6.7458000e+00  -6.1725000e+00  -6.0119000e+00
  -6.4828000e+00  -6.5868000e+00  -6.5933000e+00  -6.6630000e+00  -6.1087000e+00  -6.1487000e+00
  -6.3823000e+00  -6.4943000e+00  -6.5036000e+00  -6.5677000e+00  -6.0728000e+00  -6.2993000e+00
  -6.2906000e+00  -6.3684000e+00  -6.3716000e+00  -6.4168000e+00  -6.1115000e+00  -6.4454000e+00
  -6.3470000e+00  -6.3639000e+00  -6.3726000e+00  -6.3719000e+00  -6.2548000e+00  -6.5857000e+00
  -6.3685000e+00  -6.4338000e+00  -6.4177000e+00  -6.4345000e+00  -6.4919000e+00  -6.7195000e+00
  -6.3797000e+00  -6.4663000e+00  -6.4612000e+00  -6.4994000e+00  -6.7458000e+00  -6.7705000e+00
  -6.3713000e+00  -6.4930000e+00  -6.4875000e+00  -6.5535000e+00  -6.9206000e+00  -6.8139000e+00
  -6.3950000e+00  -6.5066000e+00  -6.5220000e+00  -6.5951000e+00  -6.9734000e+00  -6.8042000e+00
  -6.5084000e+00  -6.6041000e+00  -6.6189000e+00  -6.6925000e+00  -6.8871000e+00  -6.6971000e+00
  -6.6664000e+00  -6.7883000e+00  -6.7948000e+00  -6.8758000e+00  -6.7508000e+00  -6.4894000e+00
  -6.7735000e+00  -6.9239000e+00  -6.9401000e+00  -7.0399000e+00  -6.6504000e+00  -6.2442000e+00
  -6.8713000e+00  -7.0307000e+00  -7.0438000e+00  -7.1475000e+00  -6.5818000e+00  -6.1250000e+00
  -7.0263000e+00  -7.1336000e+00  -7.1521000e+00  -7.2339000e+00  -6.3008000e+00  -6.0111000e+00
  -7.2256000e+00  -7.3419000e+00  -7.3310000e+00  -7.4028000e+00  -5.7212000e+00  -5.5825000e+00
  -7.3985000e+00  -7.5914000e+00  -7.5686000e+00  -7.6567000e+00  -5.4484000e+00  -5.2363000e+00
  -7.5071000e+00  -7.7940000e+00  -7.7479000e+00  -7.8886000e+00  -4.7423000e+00  -4.6081000e+00
  -7.5118000e+00  -7.8560000e+00  -7.7979000e+00  -7.9916000e+00  -4.0276000e+00  -4.0197000e+00
  -7.4430000e+00  -7.7396000e+00  -7.7081000e+00  -7.8866000e+00  -3.6250000e+00  -3.6453000e+00
  -7.2630000e+00  -7.5381000e+00  -7.5106000e+00  -7.6887000e+00  -3.5515000e+00  -3.5412000e+00
  -7.0526000e+00  -7.2900000e+00  -7.2478000e+00  -7.4140000e+00  -3.8204000e+00  -3.6747000e+00
  -6.8883000e+00  -7.0709000e+00  -7.0286000e+00  -7.1531000e+00  -3.9545000e+00  -3.7644000e+00
  -6.7626000e+00  -6.9252000e+00  -6.8859000e+00  -6.9943000e+00  -3.9600000e+00  -3.7969000e+00
  -6.6959000e+00  -6.7966000e+00  -6.7670000e+00  -6.8621000e+00  -4.0831000e+00  -3.8478000e+00
  -6.7147000e+00  -6.7210000e+00  -6.7017000e+00  -6.7597000e+00  -4.0554000e+00  -3.8301000e+00
  -6.7946000e+00  -6.7634000e+00  -6.7292000e+00  -6.7319000e+00  -4.0048000e+00  -3.8299000e+00
  -6.8040000e+00  -6.7933000e+00  -6.7563000e+00  -6.7376000e+00  -3.8954000e+00  -3.7656000e+00
  -6.8467000e+00  -6.8367000e+00  -6.8122000e+00  -6.7936000e+00  -3.7549000e+00  -3.6566000e+00
  -6.8935000e+00  -6.8183000e+00  -6.8275000e+00  -6.8201000e+00  -3.5689000e+00  -3.5211000e+00
  -7.0534000e+00  -6.8831000e+00  -6.9168000e+00  -6.8527000e+00  -3.3865000e+00  -3.3798000e+00
  -7.1574000e+00  -7.0105000e+00  -7.0386000e+00  -6.9580000e+00  -3.1678000e+00  -3.2269000e+00
  -7.2083000e+00  -7.0377000e+00  -7.1064000e+00  -7.0460000e+00  -2.9786000e+00  -3.0072000e+00
  -7.3067000e+00  -7.0077000e+00  -7.1277000e+00  -7.0295000e+00  -2.8398000e+00  -2.7662000e+00
  -7.3308000e+00  -7.0330000e+00  -7.1433000e+00  -7.0224000e+00  -2.6968000e+00  -2.5819000e+00
  -7.1807000e+00  -6.9560000e+00  -7.0712000e+00  -6.9949000e+00  -2.4908000e+00  -2.4794000e+00
  -6.9610000e+00  -6.7359000e+00  -6.8801000e+00  -6.8205000e+00  -2.3256000e+00  -2.3081000e+00
  -6.8440000e+00  -6.5261000e+00  -6.7060000e+00  -6.6084000e+00  -2.2561000e+00  -2.1061000e+00
  -6.8523000e+00  -6.4459000e+00  -6.6523000e+00  -6.5184000e+00  -2.3025000e+00  -2.0415000e+00
  -6.9376000e+00  -6.4889000e+00  -6.7056000e+00  -6.5466000e+00  -2.2228000e+00  -1.9777000e+00
  -7.0736000e+00  -6.5861000e+00  -6.8044000e+00  -6.6165000e+00  -2.0436000e+00  -1.9098000e+00
  -7.2614000e+00  -6.8202000e+00  -7.0077000e+00  -6.7836000e+00  -1.8635000e+00  -1.8662000e+00
  -7.3333000e+00  -6.9570000e+00  -7.1470000e+00  -6.9422000e+00  -1.4636000e+00  -1.8587000e+00
  -7.3103000e+00  -6.9682000e+00  -7.1809000e+00  -7.0141000e+00  -1.3840000e+00  -1.8867000e+00
  -7.2222000e+00  -6.8764000e+00  -7.0834000e+00  -6.9366000e+00  -1.4731000e+00  -1.9079000e+00
  -7.3190000e+00  -6.9000000e+00  -7.0950000e+00  -6.9073000e+00  -1.5065000e+00  -1.9527000e+00
  -7.5191000e+00  -7.1463000e+00  -7.2848000e+00  -7.0911000e+00  -1.8160000e+00  -1.8670000e+00
  -7.7378000e+00  -7.4701000e+00  -7.5518000e+00  -7.3874000e+00  -1.5658000e+00  -1.7361000e+00
  -7.9121000e+00  -7.7012000e+00  -7.7332000e+00  -7.5861000e+00  -3.1540000e-01  -1.6381000e+00
  -8.0830000e+00  -7.8548000e+00  -7.9143000e+00  -7.7747000e+00  -2.9000000e-02  -1.6439000e+00
  -8.1316000e+00  -7.8929000e+00  -7.9960000e+00  -7.8645000e+00   1.4750000e-01  -2.1394000e+00
  -8.1650000e+00  -7.8859000e+00  -8.0086000e+00  -7.8531000e+00  -2.6090000e-01  -2.2815000e+00
  -8.1593000e+00  -7.8537000e+00  -7.9668000e+00  -7.7882000e+00  -3.8550000e-01  -2.4088000e+00
  -8.2389000e+00  -7.8414000e+00  -7.9526000e+00  -7.7066000e+00  -7.5740000e-01  -2.7629000e+00
  -8.4527000e+00  -8.0339000e+00  -8.1028000e+00  -7.8040000e+00  -8.8900000e-01  -2.6924000e+00
  -8.6146000e+00  -8.2812000e+00  -8.2863000e+00  -7.9921000e+00  -3.9250000e-01  -2.5496000e+00
  -8.7587000e+00  -8.4515000e+00  -8.4461000e+00  -8.1778000e+00  -1.0740000e-01  -2.4744000e+00
  -8.8267000e+00  -8.5689000e+00  -8.5414000e+00  -8.3059000e+00  -3.0260000e-01  -2.0869000e+00
  -8.7084000e+00  -8.5068000e+00  -8.4743000e+00  -8.2760000e+00  -2.7340000e-01  -1.6379000e+00
  -8.6532000e+00  -8.3903000e+00  -8.3854000e+00  -8.1879000e+00  -2.5600000e-01  -1.3717000e+00
  -8.6903000e+00  -8.3653000e+00  -8.4079000e+00  -8.2100000e+00  -3.1910000e-01  -2.1228000e+00
  -8.6079000e+00  -8.2533000e+00  -8.2962000e+00  -8.0883000e+00  -1.3877000e+00  -2.4905000e+00
  -8.3066000e+00  -8.0900000e+00  -8.1099000e+00  -7.9722000e+00  -2.3469000e+00  -2.1628000e+00
  -7.9462000e+00  -7.7351000e+00  -7.7807000e+00  -7.7121000e+00  -1.1879000e+00  -1.7805000e+00
  -7.5944000e+00  -7.3954000e+00  -7.5259000e+00  -7.5272000e+00   1.2709000e+00  -1.5061000e+00
  -7.4301000e+00  -7.2691000e+00  -7.3680000e+00  -7.3832000e+00   2.1376000e+00  -1.8433000e+00
  -7.2875000e+00  -7.2598000e+00  -7.2761000e+00  -7.2765000e+00   1.7392000e+00  -1.9059000e+00
  -7.1494000e+00  -7.1876000e+00  -7.1171000e+00  -7.0993000e+00   1.3952000e+00  -1.8885000e+00
  -6.8400000e+00  -6.8887000e+00  -6.8854000e+00  -6.9467000e+00   1.2949000e+00  -2.5178000e+00
  -6.6390000e+00  -6.5866000e+00  -6.6658000e+00  -6.7326000e+00   6.4450000e-01  -3.2295000e+00
  -6.4729000e+00  -6.5338000e+00  -6.5588000e+00  -6.6373000e+00  -4.0010000e-01  -3.0313000e+00
  -6.3544000e+00  -6.3296000e+00  -6.2810000e+00  -6.3407000e+00  -1.4444000e+00  -3.0134000e+00
  -6.4144000e+00  -6.4167000e+00  -6.2782000e+00  -6.2110000e+00  -1.6463000e+00  -4.2479000e+00
  -6.0373000e+00  -6.2782000e+00  -6.2103000e+00  -6.2903000e+00  -2.1190000e+00  -2.7682000e+00
  -5.6124000e+00  -5.8865000e+00  -5.7298000e+00  -5.8065000e+00  -3.3481000e+00  -8.6980000e-01
  -5.1073000e+00  -5.6024000e+00  -5.3721000e+00  -5.5166000e+00  -2.5273000e+00  -2.6580000e-01
  -4.5662000e+00  -5.0220000e+00  -4.8723000e+00  -5.0697000e+00  -2.8929000e+00  -2.4270000e-01
  -4.4481000e+00  -4.5101000e+00  -4.3594000e+00  -4.3718000e+00  -2.7241000e+00  -1.0170000e+00
  -4.2887000e+00  -4.4667000e+00  -4.3486000e+00  -4.3516000e+00  -1.5520000e+00  -1.5862000e+00
  -3.6224000e+00  -3.8657000e+00  -3.8877000e+00  -4.0611000e+00   3.7510000e-01  -1.9263000e+00
  -3.3390000e+00  -3.4449000e+00  -3.4684000e+00  -3.5602000e+00  -2.3320000e-01  -1.7068000e+00
  -3.3206000e+00  -3.3340000e+00  -3.3786000e+00  -3.4403000e+00  -6.4110000e-01  -1.0515000e+00
  -3.1058000e+00  -3.3412000e+00  -3.3169000e+00  -3.4718000e+00  -5.8780000e-01  -4.9100000e-01
  -2.9400000e+00  -2.9193000e+00  -2.8941000e+00  -2.9524000e+00  -5.1790000e-01   3.5670000e-01
  -3.2772000e+00  -3.0616000e+00  -2.9824000e+00  -2.8485000e+00  -8.8500000e-02   7.1850000e-01
  -3.1461000e+00  -3.0973000e+00  -2.9948000e+00  -2.8851000e+00   3.9620000e-01   9.8520000e-01
  -2.3646000e+00  -2.4442000e+00  -2.4688000e+00  -2.4801000e+00   7.7970000e-01   1.4053000e+00
  -1.5458000e+00  -1.7689000e+00  -1.7609000e+00  -1.8393000e+00   1.2512000e+00   1.8645000e+00
