  -3.6225000e+00  -3.6729000e+00  -3.6919000e+00  -3.7334000e+00  -2.2440000e+00  -2.3795000e+00
  -3.4888000e+00  -3.5108000e+00  -3.5306000e+00  -3.5513000e+00  -2.0285000e+00  -2.1599000e+00
  -3.4355000e+00  -3.4162000e+00  -3.4553000e+00  -3.4705000e+00  -1.8603000e+00  -1.9843000e+00
  -3.2457000e+00  -3.2625000e+00  -3.3061000e+00  -3.3471000e+00  -1.6835000e+00  -1.8456000e+00
  -3.0541000e+00  -3.1286000e+00  -3.1719000e+00  -3.2248000e+00  -1.6646000e+00  -1.7792000e+00
  -2.9539000e+00  -3.1037000e+00  -3.1353000e+00  -3.2190000e+00  -1.3371000e+00  -1.4519000e+00
  -2.9699000e+00  -3.2210000e+00  -3.2228000e+00  -3.3398000e+00  -1.0210000e+00  -1.2605000e+00
  -3.0191000e+00  -3.2605000e+00  -3.2979000e+00  -3.3792000e+00  -8.3340000e-01  -1.0289000e+00
  -3.0521000e+00  -3.2295000e+00  -3.2921000e+00  -3.3420000e+00  -6.2390000e-01  -8.8860000e-01
  -3.1927000e+00  -3.3084000e+00  -3.3705000e+00  -3.4341000e+00  -5.0620000e-01  -8.3410000e-01
  -3.2657000e+00  -3.3570000e+00  -3.4166000e+00  -3.5142000e+00  -2.7090000e-01  -5.5690000e-01
  -3.2833000e+00  -3.3852000e+00  -3.4440000e+00  -3.5697000e+00  -5.0800000e-02  -4.4780000e-01
  -3.2409000e+00  -3.3269000e+00  -3.3964000e+00  -3.4921000e+00   5.5900000e-02  -2.4980000e-01
  -3.2725000e+00  -3.2935000e+00  -3.3823000e+00  -3.4305000e+00   2.8930000e-01  -5.6600000e-02
  -3.1994000e+00  -3.1406000e+00  -3.2653000e+00  -3.2750000e+00   3.9300000e-01   9.4800000e-02
  -3.0709000e+00  -3.0261000e+00  -3.1238000e+00  -3.1645000e+00   6.4620000e-01   2.4130000e-01
  -2.9748000e+00  -2.9640000e+00  -3.0692000e+00  -3.1152000e+00   7.4590000e-01   4.1740000e-01
  -2.9743000e+00  -2.9309000e+00  -3.0399000e+00  -3.0574000e+00   9.0150000e-01   5.5850000e-01
  -2.8627000e+00  -2.7669000e+00  -2.8733000e+00  -2.8693000e+00   9.6840000e-01   6.2750000e-01
  -2.8322000e+00  -2.7001000e+00  -2.7920000e+00  -2.8005000e+00   9.6380000e-01   7.2620000e-01
  -2.7341000e+00  -2.6079000e+00  -2.6769000e+00  -2.6962000e+00   8.6250000e-01   6.4950000e-01
  -2.6317000e+00  -2.4709000e+00  -2.5266000e+00  -2.5299000e+00   8.2240000e-01   6.3530000e-01
  -2.4209000e+00  -2.2472000e+00  -2.3071000e+00  -2.3203000e+00   1.0215000e+00   7.7330000e-01
  -2.2086000e+00  -1.9939000e+00  -2.0703000e+00  -2.0647000e+00   1.1817000e+00   8.6240000e-01
  -1.9767000e+00  -1.7274000e+00  -1.8260000e+00  -1.8046000e+00   1.3250000e+00   1.0072000e+00
  -1.6935000e+00  -1.4153000e+00  -1.5207000e+00  -1.4782000e+00   1.4590000e+00   1.1066000e+00
  -1.4454000e+00  -1.1758000e+00  -1.2736000e+00  -1.2236000e+00   1.5940000e+00   1.1766000e+00
  -1.2055000e+00  -9.4410000e-01  -1.0372000e+00  -9.8770000e-01   1.6749000e+00   1.2536000e+00
  -9.6460000e-01  -7.4370000e-01  -8.2150000e-01  -7.9360000e-01   1.6519000e+00   1.3043000e+00
  -7.4820000e-01  -5.9460000e-01  -6.5830000e-01  -6.5860000e-01   1.6245000e+00   1.2995000e+00
  -6.5560000e-01  -5.5680000e-01  -6.1470000e-01  -6.3790000e-01   1.5824000e+00   1.3381000e+00
  -5.9920000e-01  -5.3230000e-01  -5.9140000e-01  -6.2970000e-01   1.4949000e+00   1.2883000e+00
  -6.2220000e-01  -5.6300000e-01  -6.2520000e-01  -6.6260000e-01   1.3604000e+00   1.1680000e+00
  -7.1250000e-01  -6.2740000e-01  -6.9550000e-01  -7.1600000e-01   1.2599000e+00   1.0000000e+00
  -8.1830000e-01  -6.8900000e-01  -7.7720000e-01  -7.8770000e-01   1.1594000e+00   9.2720000e-01
  -9.3840000e-01  -7.5980000e-01  -8.6870000e-01  -8.6640000e-01   1.0054000e+00   7.7600000e-01
  -1.0686000e+00  -8.6700000e-01  -9.8370000e-01  -9.6640000e-01   8.9020000e-01   6.2190000e-01
  -1.2306000e+00  -9.8900000e-01  -1.1200000e+00  -1.0814000e+00   8.3470000e-01   5.2970000e-01
  -1.4344000e+00  -1.1311000e+00  -1.2958000e+00  -1.2395000e+00   8.3840000e-01   5.0380000e-01
  -1.6289000e+00  -1.2847000e+00  -1.4704000e+00  -1.4154000e+00   8.1690000e-01   4.9690000e-01
  -1.8031000e+00  -1.4902000e+00  -1.6622000e+00  -1.6258000e+00   8.1870000e-01   4.9020000e-01
  -1.8851000e+00  -1.6794000e+00  -1.8052000e+00  -1.8060000e+00   8.7340000e-01   5.5310000e-01
  -1.9277000e+00  -1.7634000e+00  -1.8680000e+00  -1.8899000e+00   9.3320000e-01   5.7670000e-01
  -2.2166000e+00  -1.9028000e+00  -2.0617000e+00  -2.0125000e+00   9.9950000e-01   6.6230000e-01
  -2.4747000e+00  -2.1919000e+00  -2.3219000e+00  -2.2353000e+00   1.0521000e+00   7.3380000e-01
  -2.2065000e+00  -2.3472000e+00  -2.2515000e+00  -2.2876000e+00   1.1016000e+00   8.1370000e-01
  -1.7334000e+00  -2.0488000e+00  -1.8946000e+00  -2.0337000e+00   1.1092000e+00   8.7590000e-01
  -1.3976000e+00  -1.6302000e+00  -1.4703000e+00  -1.5563000e+00   1.1621000e+00   8.6070000e-01
  -1.2549000e+00  -1.2367000e+00  -1.1693000e+00  -1.1332000e+00   1.1848000e+00   8.0150000e-01
  -1.2451000e+00  -1.0462000e+00  -1.0674000e+00  -9.4240000e-01   1.1860000e+00   7.2270000e-01
  -1.0829000e+00  -8.9070000e-01  -1.0016000e+00  -9.1800000e-01   1.1598000e+00   7.6590000e-01
  -8.2610000e-01  -7.3450000e-01  -8.2130000e-01  -8.1870000e-01   1.1042000e+00   8.4290000e-01
  -5.4260000e-01  -5.0890000e-01  -5.8600000e-01  -6.1640000e-01   1.1541000e+00   8.9350000e-01
  -2.5890000e-01  -2.6730000e-01  -3.4480000e-01  -4.1110000e-01   1.2713000e+00   9.7310000e-01
  -4.7300000e-02   3.1900000e-02  -9.0300000e-02  -1.3840000e-01   1.4223000e+00   1.1558000e+00
   1.2540000e-01   2.6500000e-01   1.3310000e-01   1.2650000e-01   1.3801000e+00   1.4230000e+00
   2.3550000e-01   3.4840000e-01   2.9110000e-01   3.2190000e-01   1.1530000e+00   1.6595000e+00
   3.5890000e-01   4.6180000e-01   4.5330000e-01   5.0170000e-01   1.4955000e+00   1.7715000e+00
   3.8050000e-01   5.6860000e-01   5.4330000e-01   6.2390000e-01   2.0264000e+00   1.9307000e+00
   3.8020000e-01   5.8810000e-01   5.6540000e-01   6.6250000e-01   1.9724000e+00   2.0195000e+00
   4.1560000e-01   6.4680000e-01   5.7570000e-01   6.6150000e-01   1.9234000e+00   2.0437000e+00
   5.7930000e-01   7.6290000e-01   6.7820000e-01   7.2100000e-01   2.1511000e+00   2.4263000e+00
   7.3760000e-01   8.6580000e-01   8.0840000e-01   8.2920000e-01   2.1300000e+00   2.5894000e+00
   8.3170000e-01   1.0066000e+00   9.1990000e-01   9.5140000e-01   2.0972000e+00   1.7818000e+00
   8.8550000e-01   1.0486000e+00   9.6210000e-01   1.0112000e+00   1.6113000e+00   8.9720000e-01
   1.0539000e+00   1.0844000e+00   1.0556000e+00   1.0568000e+00   1.2618000e+00   9.1590000e-01
   1.0949000e+00   1.0554000e+00   1.0687000e+00   1.0644000e+00   1.3890000e+00   7.4630000e-01
   1.1677000e+00   1.2095000e+00   1.1828000e+00   1.1883000e+00   1.0292000e+00  -9.0480000e-01
   1.1934000e+00   1.2486000e+00   1.2145000e+00   1.2363000e+00  -1.4900000e-02  -2.7620000e-01
   1.3437000e+00   1.2942000e+00   1.2665000e+00   1.2461000e+00   4.5960000e-01   9.8280000e-01
   1.4565000e+00   1.3105000e+00   1.3344000e+00   1.2505000e+00   1.2824000e+00   1.1743000e+00
   1.5306000e+00   1.4088000e+00   1.4280000e+00   1.3672000e+00   1.7939000e+00   1.0210000e+00
   1.6139000e+00   1.4366000e+00   1.4737000e+00   1.3799000e+00   2.1553000e+00   1.5410000e+00
   1.5740000e+00   1.4629000e+00   1.4873000e+00   1.4266000e+00   2.5650000e+00   2.2806000e+00
   1.5989000e+00   1.5099000e+00   1.5366000e+00   1.4998000e+00   2.7748000e+00   2.8554000e+00
   1.7136000e+00   1.6130000e+00   1.6357000e+00   1.5897000e+00   3.0200000e+00   3.3760000e+00
   1.8391000e+00   1.7747000e+00   1.7586000e+00   1.7067000e+00   3.3674000e+00   3.5432000e+00
   1.8411000e+00   1.7470000e+00   1.7409000e+00   1.6756000e+00   3.7118000e+00   3.6689000e+00
   1.9393000e+00   1.7793000e+00   1.8331000e+00   1.7621000e+00   3.9322000e+00   3.9866000e+00
   2.1127000e+00   1.9440000e+00   2.0198000e+00   1.9656000e+00   3.8336000e+00   4.0097000e+00
   2.3253000e+00   2.1529000e+00   2.2357000e+00   2.1907000e+00   4.0734000e+00   4.1952000e+00
   2.2339000e+00   2.1152000e+00   2.1532000e+00   2.0996000e+00   4.1892000e+00   4.3335000e+00
   2.3889000e+00   2.3061000e+00   2.3042000e+00   2.2484000e+00   4.2405000e+00   4.1441000e+00
   2.6122000e+00   2.5011000e+00   2.4871000e+00   2.4105000e+00   4.1746000e+00   4.2664000e+00
   2.7222000e+00   2.5997000e+00   2.5951000e+00   2.5167000e+00   4.1379000e+00   4.4298000e+00
   2.9047000e+00   2.7787000e+00   2.8092000e+00   2.7454000e+00   4.1568000e+00   4.4878000e+00
   2.9432000e+00   2.8579000e+00   2.8799000e+00   2.8296000e+00   4.3506000e+00   4.7002000e+00
   2.9182000e+00   2.8810000e+00   2.8866000e+00   2.8584000e+00   4.5594000e+00   4.7701000e+00
   3.0462000e+00   3.0125000e+00   2.9951000e+00   2.9607000e+00   4.6027000e+00   4.7516000e+00
   3.1485000e+00   3.0939000e+00   3.1020000e+00   3.0694000e+00   4.7042000e+00   4.7221000e+00
   3.2271000e+00   3.1582000e+00   3.1552000e+00   3.1082000e+00   4.7414000e+00   4.7891000e+00
   3.3301000e+00   3.2634000e+00   3.2186000e+00   3.1517000e+00   4.8130000e+00   4.6600000e+00
   3.5127000e+00   3.5084000e+00   3.4080000e+00   3.3491000e+00   4.8458000e+00   4.7436000e+00
   3.4808000e+00   3.4960000e+00   3.4138000e+00   3.3717000e+00   4.9006000e+00   4.8392000e+00
   3.4885000e+00   3.4874000e+00   3.3803000e+00   3.3077000e+00   4.9628000e+00   4.8655000e+00
   3.7270000e+00   3.7144000e+00   3.5979000e+00   3.5171000e+00   5.0297000e+00   4.9410000e+00
   3.8971000e+00   3.8797000e+00   3.8151000e+00   3.7662000e+00   5.0707000e+00   4.9181000e+00
   3.9420000e+00   3.9245000e+00   3.8867000e+00   3.8523000e+00   5.1332000e+00   4.9633000e+00
   3.9356000e+00   3.9408000e+00   3.9155000e+00   3.8943000e+00   5.1429000e+00   4.9958000e+00
   3.8883000e+00   3.9210000e+00   3.8969000e+00   3.8789000e+00   5.2918000e+00   5.0544000e+00
   3.8859000e+00   3.8963000e+00   3.8857000e+00   3.8522000e+00   5.3163000e+00   5.2903000e+00
   3.9204000e+00   3.9093000e+00   3.9024000e+00   3.8453000e+00   5.3025000e+00   5.3689000e+00
   3.9030000e+00   3.8394000e+00   3.8919000e+00   3.8327000e+00   5.3586000e+00   5.2561000e+00
   3.8006000e+00   3.7087000e+00   3.7715000e+00   3.6960000e+00   5.1997000e+00   5.2643000e+00
   3.9478000e+00   3.8643000e+00   3.8756000e+00   3.7816000e+00   4.7683000e+00   5.1201000e+00
   4.0517000e+00   3.9340000e+00   3.9708000e+00   3.8746000e+00   4.3387000e+00   4.8168000e+00
   4.0528000e+00   3.8944000e+00   3.9677000e+00   3.8641000e+00   4.1280000e+00   4.3599000e+00
   4.0149000e+00   3.8292000e+00   3.9242000e+00   3.8131000e+00   4.0537000e+00   4.1120000e+00
   3.9675000e+00   3.7566000e+00   3.8845000e+00   3.7800000e+00   3.8730000e+00   4.0008000e+00
   3.8947000e+00   3.6621000e+00   3.8121000e+00   3.7064000e+00   3.7304000e+00   3.9718000e+00
   3.9601000e+00   3.6785000e+00   3.8445000e+00   3.7223000e+00   3.6593000e+00   3.8938000e+00
   3.9403000e+00   3.5971000e+00   3.8402000e+00   3.7246000e+00   3.8832000e+00   3.7696000e+00
   3.6249000e+00   3.2499000e+00   3.5587000e+00   3.4574000e+00   4.5625000e+00   4.1749000e+00
   3.2930000e+00   2.9389000e+00   3.2056000e+00   3.1017000e+00   4.6664000e+00   4.4537000e+00
   3.1837000e+00   2.8964000e+00   3.0890000e+00   3.0068000e+00   4.0426000e+00   3.9556000e+00
   3.0482000e+00   2.8383000e+00   3.0056000e+00   2.9828000e+00   3.6175000e+00   3.6646000e+00
   2.8353000e+00   2.7371000e+00   2.8054000e+00   2.7934000e+00   3.3526000e+00   3.6321000e+00
   2.8757000e+00   2.9002000e+00   2.9065000e+00   2.8663000e+00   3.6396000e+00   4.0155000e+00
   2.8370000e+00   2.9424000e+00   2.9460000e+00   2.8837000e+00   3.7997000e+00   3.9500000e+00
   2.7736000e+00   2.8901000e+00   2.8328000e+00   2.7455000e+00   3.7730000e+00   3.8493000e+00
   2.8065000e+00   2.9885000e+00   2.8698000e+00   2.8045000e+00   3.6023000e+00   3.9186000e+00
   2.6101000e+00   2.8791000e+00   2.7228000e+00   2.6868000e+00   3.9224000e+00   4.1636000e+00
   2.4761000e+00   2.7806000e+00   2.5699000e+00   2.5155000e+00   4.3285000e+00   4.4796000e+00
   2.1969000e+00   2.5609000e+00   2.3590000e+00   2.3350000e+00   4.3909000e+00   4.5668000e+00
   1.7548000e+00   2.2161000e+00   1.9638000e+00   1.9460000e+00   4.3219000e+00   4.3967000e+00
   1.4347000e+00   1.9748000e+00   1.6721000e+00   1.6508000e+00   4.4274000e+00   4.3420000e+00
   1.1622000e+00   1.7874000e+00   1.5015000e+00   1.4849000e+00   4.5633000e+00   4.4748000e+00
   1.1657000e+00   1.7609000e+00   1.4915000e+00   1.4044000e+00   4.6799000e+00   4.5052000e+00
   1.2511000e+00   1.7450000e+00   1.5665000e+00   1.4790000e+00   4.7388000e+00   4.4743000e+00
   1.1679000e+00   1.5868000e+00   1.5022000e+00   1.4228000e+00   4.7549000e+00   4.5197000e+00
   1.1175000e+00   1.4982000e+00   1.4036000e+00   1.2920000e+00   4.8054000e+00   4.6046000e+00
   1.1644000e+00   1.4646000e+00   1.3607000e+00   1.2621000e+00   4.9966000e+00   4.7968000e+00
   1.1053000e+00   1.3290000e+00   1.2834000e+00   1.2352000e+00   5.2043000e+00   5.0177000e+00
   1.1182000e+00   1.2902000e+00   1.2678000e+00   1.2430000e+00   5.3674000e+00   5.2461000e+00
   1.1282000e+00   1.2775000e+00   1.2779000e+00   1.2973000e+00   5.5463000e+00   5.4450000e+00
   1.3117000e+00   1.4879000e+00   1.4778000e+00   1.5274000e+00   5.6501000e+00   5.6452000e+00
   1.5170000e+00   1.7500000e+00   1.7738000e+00   1.8876000e+00   5.8241000e+00   5.7838000e+00
   1.5748000e+00   1.8622000e+00   1.9368000e+00   2.0963000e+00   5.9315000e+00   5.9545000e+00
   1.7579000e+00   2.0695000e+00   2.1471000e+00   2.3093000e+00   5.9645000e+00   6.0840000e+00
   1.9381000e+00   2.2074000e+00   2.3171000e+00   2.4795000e+00   5.9704000e+00   6.1641000e+00
   2.0138000e+00   2.2566000e+00   2.4000000e+00   2.5669000e+00   5.9957000e+00   6.2019000e+00
   2.1026000e+00   2.3215000e+00   2.4373000e+00   2.5821000e+00   5.9932000e+00   6.2771000e+00
   2.3227000e+00   2.4969000e+00   2.5543000e+00   2.6764000e+00   5.9898000e+00   6.3465000e+00
   2.5145000e+00   2.6479000e+00   2.7021000e+00   2.8465000e+00   6.0336000e+00   6.2829000e+00
   2.6060000e+00   2.7331000e+00   2.7510000e+00   2.8931000e+00   5.9788000e+00   6.2990000e+00
   2.7233000e+00   2.8473000e+00   2.8365000e+00   2.9717000e+00   5.8358000e+00   6.3132000e+00
   2.8608000e+00   2.9436000e+00   2.9564000e+00   3.1023000e+00   5.6437000e+00   6.0977000e+00
   2.9412000e+00   3.0196000e+00   3.0245000e+00   3.1787000e+00   5.5954000e+00   5.8161000e+00
   3.2242000e+00   3.3106000e+00   3.2819000e+00   3.4178000e+00   5.5693000e+00   5.7394000e+00
   3.4957000e+00   3.5506000e+00   3.5341000e+00   3.6606000e+00   5.7070000e+00   5.6262000e+00
   3.6567000e+00   3.6644000e+00   3.6995000e+00   3.8239000e+00   6.0730000e+00   5.6595000e+00
   3.7009000e+00   3.6983000e+00   3.7375000e+00   3.8461000e+00   6.2535000e+00   5.6407000e+00
   3.7826000e+00   3.7671000e+00   3.7891000e+00   3.8785000e+00   6.0514000e+00   5.7525000e+00
   3.9035000e+00   3.9092000e+00   3.9048000e+00   3.9804000e+00   5.8984000e+00   6.0561000e+00
   3.9374000e+00   4.0404000e+00   3.9616000e+00   4.0382000e+00   5.8225000e+00   6.1602000e+00
   3.9639000e+00   4.2004000e+00   3.9969000e+00   4.0656000e+00   5.9076000e+00   6.1929000e+00
   4.3348000e+00   4.6585000e+00   4.3694000e+00   4.4756000e+00   6.1011000e+00   5.9974000e+00
   4.7873000e+00   4.9920000e+00   4.7925000e+00   4.9202000e+00   6.3660000e+00   6.1344000e+00
   5.1250000e+00   5.0459000e+00   5.0656000e+00   5.1692000e+00   6.2202000e+00   6.2271000e+00
   5.1676000e+00   4.8276000e+00   5.0734000e+00   5.1467000e+00   6.6413000e+00   6.3845000e+00
   5.0808000e+00   4.7412000e+00   4.9865000e+00   5.0329000e+00   6.9968000e+00   6.6260000e+00
   4.9098000e+00   4.8482000e+00   4.9093000e+00   4.8969000e+00   6.9893000e+00   6.0821000e+00
   4.9838000e+00   5.0893000e+00   4.9682000e+00   4.9594000e+00   6.5390000e+00   5.5539000e+00
   5.1023000e+00   5.4141000e+00   5.2215000e+00   5.3163000e+00   6.3665000e+00   5.5892000e+00
   5.3175000e+00   5.6464000e+00   5.4902000e+00   5.6343000e+00   5.6320000e+00   5.8512000e+00
   5.2938000e+00   5.5174000e+00   5.4285000e+00   5.5666000e+00   5.4686000e+00   5.5334000e+00
   4.8220000e+00   4.9931000e+00   4.9730000e+00   5.0768000e+00   5.5644000e+00   5.6693000e+00
   5.1650000e+00   5.3252000e+00   5.1418000e+00   5.1385000e+00   5.6668000e+00   5.7502000e+00
   5.2513000e+00   5.4063000e+00   5.2921000e+00   5.3223000e+00   4.6386000e+00   5.7765000e+00
   5.1367000e+00   5.3045000e+00   5.2366000e+00   5.2900000e+00   3.7494000e+00   5.2260000e+00
   5.2711000e+00   5.4203000e+00   5.3000000e+00   5.3115000e+00   1.9815000e+00   4.5239000e+00
   5.3625000e+00   5.3993000e+00   5.4091000e+00   5.4300000e+00  -4.4919000e+00   3.8248000e+00
   5.2578000e+00   5.3333000e+00   5.3792000e+00   5.4312000e+00  -6.5777000e+00   2.0690000e+00
   5.0736000e+00   5.1639000e+00   5.2308000e+00   5.3226000e+00  -5.2112000e+00  -4.4633000e+00
   5.1276000e+00   5.1562000e+00   5.1788000e+00   5.1878000e+00  -3.7739000e+00  -4.7665000e+00
   5.0694000e+00   5.1576000e+00   5.0987000e+00   5.0887000e+00  -2.3470000e+00  -4.3916000e+00
   5.1863000e+00   5.2181000e+00   5.1977000e+00   5.1854000e+00  -8.7300000e-01  -2.8690000e+00
   5.1050000e+00   5.2254000e+00   5.2227000e+00   5.2680000e+00  -5.7630000e-01  -2.0945000e+00
   4.9707000e+00   5.1146000e+00   5.0535000e+00   5.0659000e+00  -6.5730000e-01  -1.4986000e+00
   5.1674000e+00   5.2445000e+00   5.2946000e+00   5.3509000e+00  -1.0765000e+00  -1.1115000e+00
   5.1227000e+00   5.0702000e+00   5.2452000e+00   5.2961000e+00  -1.9910000e+00  -1.1893000e+00
   4.9803000e+00   5.0745000e+00   5.1166000e+00   5.1289000e+00  -1.4843000e+00  -9.4790000e-01
   4.6580000e+00   4.7776000e+00   4.8603000e+00   4.9675000e+00  -7.7910000e-01  -2.9300000e-01
   4.4540000e+00   4.5117000e+00   4.6186000e+00   4.7031000e+00   9.7870000e-01   2.4910000e-01
   4.5999000e+00   4.5372000e+00   4.7392000e+00   4.8231000e+00  -1.1840000e-01   1.1404000e+00
   4.4466000e+00   4.3705000e+00   4.4797000e+00   4.4944000e+00  -1.9731000e+00   6.9250000e-01
   4.1134000e+00   3.9181000e+00   4.1769000e+00   4.1915000e+00  -4.1574000e+00   4.7860000e-01
   3.4208000e+00   3.1290000e+00   3.5028000e+00   3.5232000e+00  -2.9958000e+00  -8.9290000e-01
   3.2198000e+00   2.9155000e+00   3.3215000e+00   3.3115000e+00  -4.7307000e+00  -1.3239000e+00
   2.7944000e+00   2.5999000e+00   2.8635000e+00   2.7810000e+00  -4.7456000e+00  -3.3133000e+00
   2.5028000e+00   2.4291000e+00   2.6112000e+00   2.6015000e+00  -3.7968000e+00  -3.1444000e+00
   2.9106000e+00   2.9321000e+00   3.0204000e+00   2.9998000e+00  -4.3709000e+00  -3.6904000e+00
   2.3255000e+00   2.1527000e+00   2.3643000e+00   2.2983000e+00  -4.6470000e+00  -4.1883000e+00
   2.3114000e+00   2.1070000e+00   2.1921000e+00   2.0218000e+00  -4.2937000e+00  -4.3626000e+00
   2.0882000e+00   2.0873000e+00   2.2361000e+00   2.2327000e+00  -3.5148000e+00  -3.6566000e+00
   1.8347000e+00   1.9325000e+00   1.9517000e+00   1.9716000e+00  -2.5958000e+00  -3.1608000e+00
   2.0384000e+00   2.2546000e+00   2.3089000e+00   2.3996000e+00  -2.1619000e+00  -2.6783000e+00
   2.2133000e+00   2.6126000e+00   2.5133000e+00   2.6523000e+00  -1.6412000e+00  -2.1221000e+00
   2.1365000e+00   2.1566000e+00   2.4744000e+00   2.6521000e+00  -7.4360000e-01  -1.5737000e+00
   9.3980000e-01   1.0581000e+00   1.4633000e+00   1.7310000e+00   1.7040000e-01  -8.4410000e-01
  -3.1100000e-02   1.3820000e-01   6.8770000e-01   9.9440000e-01   1.0066000e+00   1.7190000e-01
  -1.6178000e+00  -1.0192000e+00  -7.4440000e-01  -4.4740000e-01   1.6575000e+00   9.7160000e-01
  -1.4554000e+00  -1.1162000e+00  -9.6140000e-01  -6.9930000e-01   1.8987000e+00   1.4112000e+00
  -9.1280000e-01  -5.6020000e-01  -9.2400000e-01  -9.7770000e-01   1.9064000e+00   1.5993000e+00
   6.2090000e-01   1.4149000e+00   4.4540000e-01   4.2730000e-01   1.5549000e+00   1.6092000e+00
   2.3438000e+00   2.7934000e+00   1.9921000e+00   1.6416000e+00   1.7637000e+00   1.6064000e+00
   3.9974000e+00   2.9183000e+00   3.0987000e+00   2.8252000e+00   1.9208000e+00   1.5471000e+00
   3.5940000e+00   2.7871000e+00   3.6523000e+00   3.6761000e+00   2.0754000e+00   1.7419000e+00
   2.2567000e+00   2.4878000e+00   2.8442000e+00   3.0424000e+00   2.3864000e+00   1.9566000e+00
   1.3879000e+00   2.1707000e+00   2.1769000e+00   2.5212000e+00   2.5672000e+00   1.9717000e+00
   1.9740000e+00   3.6693000e+00   2.6624000e+00   2.9594000e+00   2.6059000e+00   1.9751000e+00
   2.5935000e+00   3.7940000e+00   3.2031000e+00   3.5070000e+00   2.8810000e+00   2.0318000e+00
   2.3119000e+00   3.6226000e+00   2.7482000e+00   2.9307000e+00   2.8772000e+00   2.2971000e+00
   3.6412000e+00   4.6640000e+00   3.3743000e+00   3.2026000e+00   3.0541000e+00   2.4498000e+00
   5.8766000e+00   6.0734000e+00   5.1239000e+00   4.8013000e+00   2.9221000e+00   2.5489000e+00
   7.1058000e+00   6.6260000e+00   6.6123000e+00   6.7910000e+00   2.9626000e+00   2.6463000e+00
   7.4805000e+00   7.2772000e+00   6.8050000e+00   6.6069000e+00   3.1135000e+00   2.8001000e+00
   6.2960000e+00   7.1749000e+00   6.6383000e+00   7.0084000e+00   3.3350000e+00   3.0823000e+00
   6.8640000e+00   6.5613000e+00   6.4698000e+00   6.9190000e+00   3.5205000e+00   3.2832000e+00
   6.3834000e+00   6.4766000e+00   6.2528000e+00   6.4442000e+00   3.5380000e+00   3.3287000e+00
   6.8154000e+00   6.9039000e+00   6.8598000e+00   6.9632000e+00   3.4714000e+00   3.3339000e+00
   6.4430000e+00   6.7761000e+00   6.8953000e+00   7.3681000e+00   3.2302000e+00   3.3273000e+00
   6.7939000e+00   7.0645000e+00   7.2326000e+00   7.4111000e+00   2.9491000e+00   3.1604000e+00
   6.4653000e+00   7.1592000e+00   7.1938000e+00   7.7003000e+00   2.5947000e+00   2.9246000e+00
   7.2275000e+00   7.2307000e+00   7.3600000e+00   7.4316000e+00   2.2841000e+00   2.6575000e+00
   7.2406000e+00   7.6505000e+00   7.4444000e+00   7.6150000e+00   1.9375000e+00   2.3003000e+00
   6.7838000e+00   7.4014000e+00   7.0590000e+00   7.2837000e+00   1.5776000e+00   1.8964000e+00
   6.6312000e+00   7.3776000e+00   7.0690000e+00   7.3464000e+00   1.2231000e+00   1.4809000e+00
   6.3678000e+00   7.3368000e+00   7.0207000e+00   7.4066000e+00   9.1680000e-01   1.0916000e+00
   5.8980000e+00   6.6773000e+00   6.4211000e+00   6.6359000e+00   6.2740000e-01   7.3300000e-01
   5.1191000e+00   5.6697000e+00   5.6618000e+00   5.9931000e+00   3.9620000e-01   4.1830000e-01
   4.7238000e+00   5.1119000e+00   5.1465000e+00   5.3554000e+00   2.3540000e-01   2.0570000e-01
   4.1682000e+00   4.6390000e+00   4.6645000e+00   5.0358000e+00   1.6200000e-01   1.2600000e-01
   4.3280000e+00   4.3592000e+00   4.4813000e+00   4.6316000e+00   1.7050000e-01   1.5870000e-01
   3.7982000e+00   3.6597000e+00   3.9398000e+00   4.2020000e+00   3.4230000e-01   2.6260000e-01
   3.5731000e+00   3.5285000e+00   3.6322000e+00   3.7225000e+00   2.5200000e-01   2.5360000e-01
   3.2073000e+00   3.4153000e+00   3.3682000e+00   3.4448000e+00   5.4340000e-01   2.0500000e-02
   3.4759000e+00   3.5039000e+00   3.6471000e+00   3.6827000e+00   5.3950000e-01  -7.8500000e-02
   3.0968000e+00   3.4744000e+00   3.3943000e+00   3.5328000e+00   2.9110000e-01  -1.2410000e-01
   3.3196000e+00   3.5318000e+00   3.4758000e+00   3.6264000e+00  -1.7710000e-01  -1.4800000e-01
   2.6101000e+00   3.1119000e+00   2.7238000e+00   2.7812000e+00  -1.1995000e+00  -4.8510000e-01
   3.2266000e+00   3.3451000e+00   3.3953000e+00   3.5673000e+00  -5.7580000e-01  -4.1030000e-01
   2.0227000e+00   2.3096000e+00   2.4272000e+00   2.6561000e+00  -2.9510000e-01  -1.9590000e+00
   2.5115000e+00   2.8171000e+00   2.6414000e+00   2.7583000e+00  -7.4550000e-01  -1.9170000e+00
   3.5000000e+00   3.5491000e+00   3.4713000e+00   3.4937000e+00  -1.8306000e+00  -1.5154000e+00
   2.2729000e+00   2.7296000e+00   2.3627000e+00   2.4266000e+00  -2.4831000e+00  -1.6075000e+00
   3.6760000e+00   3.8932000e+00   3.7082000e+00   3.8131000e+00  -2.2119000e+00  -2.2069000e+00
   2.9955000e+00   3.3957000e+00   2.9807000e+00   3.0507000e+00  -1.6392000e+00  -2.4995000e+00
   4.2625000e+00   4.3751000e+00   4.1874000e+00   4.2529000e+00  -2.2044000e+00  -1.7605000e+00
   6.3914000e+00   5.3522000e+00   5.6351000e+00   5.5175000e+00  -3.9770000e+00  -1.0536000e+00
   3.9442000e+00   3.4149000e+00   4.0816000e+00   4.2098000e+00  -2.5213000e+00  -9.3380000e-01
   2.6330000e+00   2.9350000e+00   3.0576000e+00   3.2618000e+00  -2.1372000e+00  -1.9999000e+00
   2.8590000e+00   3.1009000e+00   3.2494000e+00   3.3684000e+00  -2.9937000e+00  -3.5375000e+00
   3.1629000e+00   3.0769000e+00   3.4050000e+00   3.4968000e+00  -4.3232000e+00  -4.3252000e+00
   3.4108000e+00   3.6859000e+00   3.7188000e+00   3.9309000e+00  -5.1335000e+00  -4.7225000e+00
   2.0761000e+00   1.9979000e+00   2.4836000e+00   2.6301000e+00  -5.5080000e+00  -3.6826000e+00
   4.3212000e+00   4.0419000e+00   4.1380000e+00   3.9355000e+00  -5.5392000e+00  -4.0689000e+00
   4.1973000e+00   4.6566000e+00   4.2638000e+00   4.2628000e+00  -5.2559000e+00  -3.9351000e+00
   5.5071000e+00   5.9963000e+00   5.7222000e+00   5.8623000e+00  -3.9500000e-01  -2.5299000e+00
   5.3633000e+00   6.0935000e+00   5.6768000e+00   5.7990000e+00   2.4200000e-02  -2.4950000e+00
   5.1760000e+00   5.9869000e+00   5.2513000e+00   5.3122000e+00   1.9900000e-02  -1.6359000e+00
   5.4356000e+00   6.0707000e+00   5.4453000e+00   5.3266000e+00  -5.5300000e-02  -7.4730000e-01
   5.7262000e+00   6.0656000e+00   5.5642000e+00   5.3436000e+00   5.2840000e-01   2.1660000e-01
   5.7400000e+00   5.8249000e+00   5.6935000e+00   5.5521000e+00   1.2867000e+00   8.6880000e-01
   5.7245000e+00   5.7913000e+00   5.7130000e+00   5.6730000e+00   2.1182000e+00   1.8409000e+00
   5.0706000e+00   5.4716000e+00   5.3577000e+00   5.5455000e+00   3.0052000e+00   2.3870000e+00
   5.2511000e+00   5.6019000e+00   5.4893000e+00   5.5881000e+00   3.2903000e+00   2.4591000e+00
   5.1125000e+00   5.5068000e+00   5.4006000e+00   5.6201000e+00   3.2692000e+00   2.4659000e+00
   4.8212000e+00   5.0799000e+00   5.0477000e+00   5.2417000e+00   3.3813000e+00   2.9898000e+00
   5.1262000e+00   5.0780000e+00   5.1965000e+00   5.2987000e+00   3.3236000e+00   3.4784000e+00
   5.1742000e+00   5.2133000e+00   5.2462000e+00   5.3129000e+00   3.1757000e+00   3.7878000e+00
   5.1550000e+00   5.1702000e+00   5.1406000e+00   5.1874000e+00   2.9128000e+00   3.8097000e+00
   5.0881000e+00   5.1391000e+00   5.0240000e+00   5.0242000e+00   2.4419000e+00   3.9443000e+00
   5.1478000e+00   5.2822000e+00   5.0896000e+00   5.1212000e+00   1.7828000e+00   4.1714000e+00
   5.1226000e+00   5.1944000e+00   5.0308000e+00   5.0330000e+00   1.3651000e+00   4.3223000e+00
   4.9139000e+00   5.0497000e+00   4.9260000e+00   4.9921000e+00   1.4715000e+00   4.2910000e+00
   4.9255000e+00   5.0745000e+00   4.9615000e+00   5.0113000e+00   1.1992000e+00   3.8028000e+00
   4.9018000e+00   5.0105000e+00   4.9337000e+00   5.0070000e+00   6.9710000e-01   2.7892000e+00
   4.8588000e+00   5.0226000e+00   4.9597000e+00   5.0467000e+00   2.5260000e-01   2.1463000e+00
   4.9585000e+00   5.0333000e+00   5.0290000e+00   5.0942000e+00  -3.1270000e-01   1.8364000e+00
   5.1971000e+00   5.1899000e+00   5.2009000e+00   5.2242000e+00  -4.8220000e-01   1.4796000e+00
   5.2275000e+00   5.2997000e+00   5.3056000e+00   5.3358000e+00  -5.1120000e-01   1.3649000e+00
   5.0527000e+00   5.0097000e+00   5.0696000e+00   5.0597000e+00  -5.0130000e-01   1.1240000e+00
   4.6541000e+00   4.5208000e+00   4.6464000e+00   4.6428000e+00  -2.3770000e-01   1.2705000e+00
   4.4360000e+00   4.2628000e+00   4.4700000e+00   4.4350000e+00   1.7190000e-01   1.7258000e+00
   4.4093000e+00   4.2115000e+00   4.4031000e+00   4.3697000e+00   6.3800000e-02   1.9159000e+00
   4.3670000e+00   4.1920000e+00   4.3874000e+00   4.3867000e+00  -3.7700000e-02   1.7394000e+00
   4.2162000e+00   4.0773000e+00   4.2156000e+00   4.2282000e+00  -1.6570000e-01   1.6154000e+00
   3.9094000e+00   3.7971000e+00   3.8682000e+00   3.8745000e+00  -1.5220000e-01   1.1045000e+00
   3.5670000e+00   3.5484000e+00   3.5648000e+00   3.5963000e+00  -2.1400000e-01   6.2330000e-01
   3.1668000e+00   3.1858000e+00   3.2592000e+00   3.2861000e+00  -2.1300000e-01   5.4560000e-01
   2.6692000e+00   2.6597000e+00   2.8222000e+00   2.8718000e+00  -3.4560000e-01   8.1530000e-01
   2.5560000e+00   2.4886000e+00   2.6520000e+00   2.7207000e+00  -3.6420000e-01   7.0480000e-01
   2.3449000e+00   2.2924000e+00   2.4500000e+00   2.4755000e+00  -4.4950000e-01   4.2790000e-01
   2.3404000e+00   2.0581000e+00   2.2346000e+00   2.2408000e+00  -4.7870000e-01   1.8620000e-01
   1.8575000e+00   1.7185000e+00   1.8914000e+00   1.8907000e+00  -4.3150000e-01   8.3000000e-02
   1.5154000e+00   1.4843000e+00   1.5637000e+00   1.5236000e+00  -3.7770000e-01  -3.4700000e-02
   1.1985000e+00   1.1906000e+00   1.2210000e+00   1.2453000e+00  -4.1760000e-01  -9.8300000e-02
   1.0636000e+00   8.5500000e-01   1.0470000e+00   1.0813000e+00  -5.3960000e-01  -2.7610000e-01
   9.0010000e-01   7.3170000e-01   1.0616000e+00   1.0753000e+00  -5.9480000e-01  -4.0320000e-01
   3.2290000e-01   9.4400000e-02   6.0190000e-01   4.9390000e-01  -5.9040000e-01  -5.4030000e-01
  -8.6900000e-02  -2.1670000e-01   1.5900000e-02   1.1160000e-01  -4.1540000e-01  -5.8350000e-01
  -2.4540000e-01   5.5100000e-02  -1.5970000e-01  -1.0740000e-01  -2.5860000e-01  -3.4280000e-01
  -1.0490000e-01   1.9440000e-01  -9.1500000e-02  -1.8290000e-01  -3.9210000e-01  -2.4130000e-01
   4.9200000e-02   3.3610000e-01   2.3840000e-01   1.2910000e-01  -5.9050000e-01  -3.6080000e-01
   2.0060000e-01   3.0020000e-01   5.1580000e-01   5.8770000e-01  -5.6150000e-01  -5.2740000e-01
   2.0990000e-01   3.0800000e-01   4.2140000e-01   4.0710000e-01  -5.3920000e-01  -5.2450000e-01
   3.8800000e-02   4.1150000e-01   2.7970000e-01   3.6740000e-01  -5.5380000e-01  -5.2300000e-01
   2.6900000e-01   6.9820000e-01   3.7460000e-01   4.1860000e-01  -6.7540000e-01  -5.3150000e-01
   5.9930000e-01   8.1960000e-01   6.1630000e-01   5.7670000e-01  -6.5660000e-01  -5.2730000e-01
   6.7630000e-01   1.2566000e+00   8.9110000e-01   9.8060000e-01  -8.5310000e-01  -6.7930000e-01
   1.2074000e+00   1.3475000e+00   1.1161000e+00   8.7800000e-01  -1.2298000e+00  -9.6470000e-01
   1.1761000e+00   1.4666000e+00   1.2734000e+00   1.1885000e+00  -1.6379000e+00  -1.2940000e+00
   1.1446000e+00   1.2204000e+00   1.1949000e+00   1.1169000e+00  -1.9271000e+00  -1.5149000e+00
   8.5470000e-01   1.1258000e+00   1.1381000e+00   1.1970000e+00  -2.1332000e+00  -1.8525000e+00
   8.4560000e-01   9.6680000e-01   1.0499000e+00   9.7420000e-01  -2.3999000e+00  -2.0983000e+00
   5.2940000e-01   8.4400000e-01   7.6730000e-01   7.9070000e-01  -2.7878000e+00  -2.3266000e+00
   6.3100000e-01   1.1926000e+00   9.8850000e-01   1.0877000e+00  -3.1715000e+00  -2.8203000e+00
   7.7960000e-01   1.0915000e+00   8.8980000e-01   8.5240000e-01  -3.2957000e+00  -3.2515000e+00
   3.9930000e-01   9.0020000e-01   5.6020000e-01   6.1550000e-01  -3.0726000e+00  -3.4035000e+00
   9.0200000e-02   6.1650000e-01   2.0950000e-01   1.5850000e-01  -2.7897000e+00  -3.2394000e+00
  -2.9240000e-01   4.1090000e-01  -2.0800000e-01  -2.2990000e-01  -2.6917000e+00  -2.9753000e+00
  -3.0220000e-01   2.6320000e-01  -3.0570000e-01  -3.1660000e-01  -2.8101000e+00  -2.7084000e+00
  -2.4040000e-01   3.7840000e-01  -2.5100000e-01  -2.2610000e-01  -2.8705000e+00  -2.4280000e+00
  -1.0820000e-01   4.2330000e-01  -9.1100000e-02   1.6000000e-03  -2.6910000e+00  -2.2702000e+00
  -1.5540000e-01   1.4800000e-01  -6.7100000e-02   8.9700000e-02  -2.4631000e+00  -2.3301000e+00
  -3.9040000e-01  -5.4200000e-02  -9.5800000e-02   4.7000000e-02  -2.2015000e+00  -2.6329000e+00
  -7.8300000e-01  -9.9800000e-02  -4.6320000e-01  -4.1030000e-01  -2.0644000e+00  -2.9465000e+00
  -7.9850000e-01  -3.1950000e-01  -4.8650000e-01  -3.8790000e-01  -2.0325000e+00  -2.9195000e+00
  -5.7420000e-01  -5.1030000e-01  -4.4020000e-01  -4.7970000e-01  -1.7729000e+00  -2.8504000e+00
  -7.2100000e-02  -4.4600000e-02   2.0510000e-01   2.5190000e-01  -1.8864000e+00  -2.6207000e+00
  -6.1620000e-01  -3.0710000e-01  -3.4280000e-01  -3.2720000e-01  -2.7252000e+00  -2.3403000e+00
  -6.4930000e-01  -3.5180000e-01  -2.9910000e-01  -2.2400000e-01  -2.2387000e+00  -3.0378000e+00
  -5.1080000e-01  -2.2800000e-02  -8.3700000e-02   1.2830000e-01  -2.1734000e+00  -2.9121000e+00
  -8.0900000e-01  -4.3540000e-01  -5.5900000e-01  -4.4150000e-01  -2.4781000e+00  -2.5571000e+00
  -8.2610000e-01  -5.8560000e-01  -6.0420000e-01  -4.7560000e-01  -2.7887000e+00  -2.3743000e+00
  -1.2491000e+00  -6.7610000e-01  -8.6510000e-01  -6.6780000e-01  -2.6407000e+00  -2.3622000e+00
  -1.5562000e+00  -1.2036000e+00  -1.1183000e+00  -9.3370000e-01  -2.2217000e+00  -2.5287000e+00
  -1.4581000e+00  -1.2091000e+00  -1.1238000e+00  -9.9420000e-01  -2.1306000e+00  -2.6430000e+00
  -1.5919000e+00  -1.3210000e+00  -1.2420000e+00  -1.1102000e+00  -2.8747000e+00  -3.2465000e+00
  -1.7449000e+00  -1.4778000e+00  -1.3501000e+00  -1.2266000e+00  -2.6357000e+00  -3.8833000e+00
  -1.6234000e+00  -1.4389000e+00  -1.2933000e+00  -1.2181000e+00  -2.3071000e+00  -3.4134000e+00
  -1.2700000e+00  -1.0772000e+00  -1.0342000e+00  -9.6650000e-01  -3.5767000e+00  -3.5334000e+00
  -1.0775000e+00  -8.8540000e-01  -9.1710000e-01  -8.7200000e-01  -4.0107000e+00  -3.8168000e+00
  -8.6150000e-01  -7.7390000e-01  -7.3850000e-01  -7.2270000e-01  -3.6462000e+00  -3.7571000e+00
  -6.4210000e-01  -5.7990000e-01  -5.5520000e-01  -5.2860000e-01  -4.0020000e+00  -2.9412000e+00
  -5.0340000e-01  -4.2420000e-01  -4.4320000e-01  -4.2040000e-01  -2.3377000e+00  -2.6333000e+00
  -2.9340000e-01  -2.8720000e-01  -2.6860000e-01  -2.6580000e-01  -1.5830000e-01  -2.9692000e+00
  -3.0830000e-01  -2.6000000e-01  -2.5290000e-01  -2.3140000e-01  -1.1200000e-02  -2.3966000e+00
  -2.8940000e-01  -2.3350000e-01  -2.3280000e-01  -1.8910000e-01  -1.2780000e+00  -2.0101000e+00
  -3.6940000e-01  -2.7500000e-01  -2.9000000e-01  -2.3560000e-01  -9.5420000e-01  -1.9453000e+00
  -2.2470000e-01  -5.9600000e-02  -5.3400000e-02   1.8400000e-02  -1.2415000e+00  -2.0041000e+00
   5.0300000e-02   1.5360000e-01   2.4020000e-01   3.2350000e-01  -1.5589000e+00  -1.6563000e+00
   2.9020000e-01   3.5630000e-01   4.8160000e-01   5.6010000e-01  -2.0979000e+00  -1.8005000e+00
   4.2430000e-01   4.7270000e-01   5.5340000e-01   6.2110000e-01  -1.8085000e+00  -1.6977000e+00
   3.7620000e-01   4.2820000e-01   4.8060000e-01   5.1820000e-01  -1.8374000e+00  -1.8307000e+00
   3.7030000e-01   4.4120000e-01   5.0220000e-01   5.6090000e-01  -8.8430000e-01  -1.3721000e+00
   2.7750000e-01   3.2520000e-01   3.5540000e-01   3.8730000e-01  -1.2570000e-01  -1.2676000e+00
   4.9400000e-01   5.0140000e-01   5.6790000e-01   6.1300000e-01  -2.7140000e-01  -9.9560000e-01
   4.3980000e-01   4.0870000e-01   5.0830000e-01   5.5220000e-01  -3.2320000e-01  -1.0264000e+00
   4.0580000e-01   4.7340000e-01   4.4200000e-01   4.7100000e-01  -2.2540000e-01  -9.6490000e-01
   2.9940000e-01   3.6240000e-01   3.6890000e-01   4.0200000e-01  -1.1720000e-01  -7.8640000e-01
   2.5850000e-01   2.6090000e-01   3.1640000e-01   3.4380000e-01  -1.8900000e-01  -7.6510000e-01
   3.1300000e-01   4.0520000e-01   3.6180000e-01   3.6540000e-01   2.7970000e-01  -7.4720000e-01
   1.4420000e-01   2.7090000e-01   2.1250000e-01   2.2100000e-01   2.9530000e-01  -6.2980000e-01
   1.8380000e-01   2.1790000e-01   2.3300000e-01   2.3870000e-01   3.3630000e-01  -6.6380000e-01
   3.9830000e-01   4.1430000e-01   4.3790000e-01   4.5050000e-01   1.5970000e-01  -4.2810000e-01
   3.8370000e-01   4.3710000e-01   4.1480000e-01   4.2260000e-01  -5.6800000e-02  -4.1890000e-01
   4.1520000e-01   4.7170000e-01   4.7840000e-01   4.9480000e-01  -1.7010000e-01  -4.2050000e-01
   3.6900000e-01   3.0610000e-01   4.1680000e-01   4.2970000e-01  -3.0940000e-01  -4.7630000e-01
   4.3210000e-01   4.4670000e-01   5.0080000e-01   5.3250000e-01  -1.8460000e-01  -1.8880000e-01
   3.8650000e-01   3.7720000e-01   4.3940000e-01   4.5840000e-01  -5.2900000e-02   3.8400000e-02
   4.9810000e-01   4.6790000e-01   5.3130000e-01   5.3810000e-01   1.7120000e-01   1.6630000e-01
   7.9070000e-01   8.2160000e-01   8.1040000e-01   8.1730000e-01   1.4950000e-01   1.3630000e-01
   9.6260000e-01   1.0333000e+00   9.8710000e-01   1.0000000e+00   1.3420000e-01   2.1700000e-02
   9.9340000e-01   1.0468000e+00   1.0140000e+00   1.0183000e+00   5.3000000e-02  -9.9200000e-02
   1.0799000e+00   1.0943000e+00   1.0867000e+00   1.0799000e+00  -7.7000000e-03  -1.9400000e-01
