  -3.0739000e+00  -3.1134000e+00  -3.1172000e+00  -3.1520000e+00   1.4420000e-01  -2.3840000e-01
  -3.0374000e+00  -3.0905000e+00  -3.0862000e+00  -3.1257000e+00   4.3300000e-02  -2.3490000e-01
  -2.9837000e+00  -3.0454000e+00  -3.0362000e+00  -3.0781000e+00  -5.0400000e-02  -2.0450000e-01
  -2.9192000e+00  -2.9592000e+00  -2.9634000e+00  -2.9989000e+00  -6.0500000e-02  -1.3780000e-01
  -2.8973000e+00  -2.8951000e+00  -2.9115000e+00  -2.9321000e+00  -3.9200000e-02  -7.1200000e-02
  -2.8818000e+00  -2.8646000e+00  -2.8814000e+00  -2.8849000e+00  -3.4400000e-02  -1.7900000e-02
  -2.8463000e+00  -2.8284000e+00  -2.8490000e+00  -2.8490000e+00  -8.8000000e-02   9.6000000e-03
  -2.8364000e+00  -2.8473000e+00  -2.8777000e+00  -2.8810000e+00  -1.8010000e-01  -1.2100000e-02
  -2.7614000e+00  -2.8434000e+00  -2.8726000e+00  -2.9321000e+00  -2.6890000e-01  -7.6600000e-02
  -2.6669000e+00  -2.7611000e+00  -2.7904000e+00  -2.8804000e+00  -2.9340000e-01  -8.3900000e-02
  -2.5454000e+00  -2.6482000e+00  -2.6725000e+00  -2.7495000e+00  -3.6320000e-01  -9.4300000e-02
  -2.4289000e+00  -2.5422000e+00  -2.5557000e+00  -2.6218000e+00  -4.2490000e-01  -1.6940000e-01
  -2.3031000e+00  -2.4251000e+00  -2.4371000e+00  -2.5064000e+00  -5.5440000e-01  -3.9720000e-01
  -2.1618000e+00  -2.3001000e+00  -2.3069000e+00  -2.3880000e+00  -8.1880000e-01  -7.0200000e-01
  -2.0266000e+00  -2.1427000e+00  -2.1478000e+00  -2.2185000e+00  -1.1030000e+00  -9.5820000e-01
  -1.9949000e+00  -2.0470000e+00  -2.0446000e+00  -2.0878000e+00  -1.3748000e+00  -1.2234000e+00
  -2.0383000e+00  -2.0011000e+00  -1.9847000e+00  -1.9922000e+00  -1.6638000e+00  -1.5291000e+00
  -2.2016000e+00  -2.0203000e+00  -1.9965000e+00  -1.9446000e+00  -1.7438000e+00  -1.6037000e+00
  -2.1897000e+00  -2.1005000e+00  -2.0539000e+00  -1.9981000e+00  -1.7661000e+00  -1.6162000e+00
  -2.0496000e+00  -1.9621000e+00  -1.9228000e+00  -1.8880000e+00  -1.7560000e+00  -1.6398000e+00
  -1.9466000e+00  -1.8305000e+00  -1.8192000e+00  -1.7682000e+00  -1.5717000e+00  -1.5021000e+00
  -1.6137000e+00  -1.6236000e+00  -1.6092000e+00  -1.5986000e+00  -1.3005000e+00  -1.2574000e+00
  -1.1994000e+00  -1.2582000e+00  -1.2549000e+00  -1.2830000e+00  -9.7100000e-01  -9.8220000e-01
  -7.5120000e-01  -8.4940000e-01  -8.5010000e-01  -8.9320000e-01  -5.9940000e-01  -6.5540000e-01
  -3.0230000e-01  -4.8110000e-01  -4.8030000e-01  -5.2380000e-01  -1.9220000e-01  -2.8690000e-01
   1.8150000e-01  -1.6630000e-01  -1.7600000e-01  -2.8220000e-01   2.7690000e-01   1.0310000e-01
   6.6530000e-01   2.6790000e-01   2.4440000e-01   5.1100000e-02   7.5530000e-01   5.4960000e-01
   1.1186000e+00   7.4940000e-01   6.9910000e-01   4.7030000e-01   1.1092000e+00   9.4270000e-01
   1.4819000e+00   1.1967000e+00   1.1271000e+00   9.1220000e-01   1.4761000e+00   1.2788000e+00
   1.7823000e+00   1.5458000e+00   1.4661000e+00   1.2750000e+00   1.7961000e+00   1.6635000e+00
   2.1295000e+00   1.8542000e+00   1.7752000e+00   1.5699000e+00   2.0706000e+00   2.0159000e+00
   2.5018000e+00   2.2092000e+00   2.1293000e+00   1.9033000e+00   2.3523000e+00   2.3705000e+00
   2.8085000e+00   2.5618000e+00   2.4735000e+00   2.2629000e+00   2.6749000e+00   2.7213000e+00
   3.0569000e+00   2.8597000e+00   2.7657000e+00   2.5840000e+00   3.0328000e+00   3.0366000e+00
   3.3330000e+00   3.1173000e+00   3.0295000e+00   2.8542000e+00   3.3766000e+00   3.3291000e+00
   3.6241000e+00   3.3870000e+00   3.3048000e+00   3.1190000e+00   3.6755000e+00   3.6063000e+00
   3.8723000e+00   3.6481000e+00   3.5687000e+00   3.3874000e+00   3.9330000e+00   3.8682000e+00
   4.0783000e+00   3.8704000e+00   3.7926000e+00   3.6373000e+00   4.2088000e+00   4.1259000e+00
   4.3020000e+00   4.0683000e+00   3.9786000e+00   3.8265000e+00   4.4758000e+00   4.3956000e+00
   4.5238000e+00   4.2767000e+00   4.1599000e+00   3.9794000e+00   4.6703000e+00   4.6406000e+00
   4.7009000e+00   4.4979000e+00   4.3501000e+00   4.1378000e+00   4.8491000e+00   4.8369000e+00
   4.8437000e+00   4.6791000e+00   4.5138000e+00   4.2776000e+00   5.0322000e+00   5.0279000e+00
   5.0008000e+00   4.8330000e+00   4.6754000e+00   4.4241000e+00   5.1869000e+00   5.2277000e+00
   5.1838000e+00   4.9943000e+00   4.8399000e+00   4.5703000e+00   5.2929000e+00   5.3974000e+00
   5.3553000e+00   5.1769000e+00   5.0205000e+00   4.7405000e+00   5.3969000e+00   5.5356000e+00
   5.4818000e+00   5.3435000e+00   5.2012000e+00   4.9254000e+00   5.4958000e+00   5.6393000e+00
   5.5575000e+00   5.4618000e+00   5.3473000e+00   5.1038000e+00   5.5452000e+00   5.6984000e+00
   5.6084000e+00   5.5251000e+00   5.4371000e+00   5.2548000e+00   5.6012000e+00   5.7168000e+00
   5.2215000e+00   5.1042000e+00   5.3725000e+00   5.2141000e+00   5.6631000e+00   5.7188000e+00
   4.4137000e+00   2.7961000e+00   3.1842000e+00   1.5470000e+00   5.6689000e+00   5.7413000e+00
   4.4269000e+00   3.2741000e+00   3.7612000e+00   3.7967000e+00   5.6124000e+00   5.7508000e+00
   3.3375000e+00   3.6902000e+00   3.5794000e+00   3.5960000e+00   5.5577000e+00   5.7294000e+00
   3.3404000e+00   3.6972000e+00   3.8328000e+00   3.9191000e+00   5.4972000e+00   5.7563000e+00
   3.4960000e+00   4.0604000e+00   3.4766000e+00   3.7801000e+00   5.2728000e+00   5.7382000e+00
   1.9409000e+00   2.0681000e+00   2.1544000e+00   2.1312000e+00   4.7678000e+00   5.6142000e+00
  -4.9000000e-01  -1.1960000e+00   5.8200000e-01   1.4849000e+00   4.5244000e+00   5.4143000e+00
  -3.4351000e+00  -3.3728000e+00  -1.7616000e+00  -8.7110000e-01   4.4149000e+00   4.9546000e+00
  -4.1981000e+00  -4.2478000e+00  -3.5778000e+00  -3.4874000e+00   4.2803000e+00   4.5993000e+00
  -4.6292000e+00  -4.5029000e+00  -4.2150000e+00  -4.2181000e+00   4.1014000e+00   4.3974000e+00
  -4.7936000e+00  -4.6288000e+00  -4.4031000e+00  -4.4070000e+00   3.9075000e+00   4.1898000e+00
  -4.9574000e+00  -4.6998000e+00  -4.5433000e+00  -4.5723000e+00   3.7092000e+00   4.0276000e+00
  -5.0391000e+00  -4.8801000e+00  -4.7737000e+00  -4.8296000e+00   3.5138000e+00   3.8463000e+00
  -5.0982000e+00  -4.8857000e+00  -4.7622000e+00  -4.8113000e+00   3.2907000e+00   3.6648000e+00
  -5.2279000e+00  -4.9932000e+00  -4.8706000e+00  -4.8560000e+00   3.0532000e+00   3.4790000e+00
  -5.2376000e+00  -5.1408000e+00  -4.9229000e+00  -4.8662000e+00   2.7411000e+00   3.2359000e+00
  -5.3152000e+00  -5.1896000e+00  -5.0122000e+00  -4.9915000e+00   2.3657000e+00   2.8793000e+00
  -5.4062000e+00  -5.3101000e+00  -5.1982000e+00  -5.1647000e+00   1.9009000e+00   2.4755000e+00
  -5.2699000e+00  -5.2139000e+00  -5.2367000e+00  -5.2771000e+00   1.5120000e+00   2.1070000e+00
  -5.4404000e+00  -5.3768000e+00  -5.3296000e+00  -5.3249000e+00   1.1715000e+00   1.6353000e+00
  -5.3946000e+00  -5.3271000e+00  -5.3314000e+00  -5.3457000e+00   7.2180000e-01   1.0038000e+00
  -5.3358000e+00  -5.2580000e+00  -5.2866000e+00  -5.2960000e+00   1.4030000e-01   2.3560000e-01
  -5.2575000e+00  -5.2225000e+00  -5.2281000e+00  -5.2610000e+00   4.1700000e-02  -9.1560000e-01
  -5.2114000e+00  -5.1482000e+00  -5.1822000e+00  -5.2194000e+00  -2.6040000e-01  -1.6411000e+00
  -5.3217000e+00  -5.2636000e+00  -5.2079000e+00  -5.1788000e+00  -1.1780000e+00  -2.2246000e+00
  -5.3473000e+00  -5.3027000e+00  -5.2886000e+00  -5.2342000e+00  -1.7474000e+00  -2.6814000e+00
  -5.1830000e+00  -5.1394000e+00  -5.2464000e+00  -5.2962000e+00  -2.3484000e+00  -2.9973000e+00
  -5.1063000e+00  -5.0017000e+00  -5.1811000e+00  -5.2426000e+00  -2.8942000e+00  -3.1787000e+00
  -5.0025000e+00  -4.9281000e+00  -5.0552000e+00  -5.0919000e+00  -3.2355000e+00  -3.4271000e+00
  -5.1337000e+00  -5.0648000e+00  -4.9996000e+00  -4.9816000e+00  -3.5576000e+00  -3.6809000e+00
  -5.0619000e+00  -4.9841000e+00  -4.9953000e+00  -4.9531000e+00  -3.8149000e+00  -3.8740000e+00
  -5.1878000e+00  -5.1073000e+00  -5.1228000e+00  -5.1201000e+00  -4.0295000e+00  -4.0539000e+00
  -5.0676000e+00  -5.0761000e+00  -4.9709000e+00  -4.9103000e+00  -4.1086000e+00  -4.1666000e+00
  -5.3638000e+00  -5.4955000e+00  -5.2310000e+00  -5.1514000e+00  -4.0382000e+00  -4.2078000e+00
  -5.3708000e+00  -5.2709000e+00  -5.4023000e+00  -5.4278000e+00  -3.9821000e+00  -4.2406000e+00
  -5.1762000e+00  -5.0483000e+00  -5.2243000e+00  -5.2661000e+00  -3.8481000e+00  -4.3427000e+00
  -5.1035000e+00  -5.0394000e+00  -5.0803000e+00  -5.0553000e+00  -3.6627000e+00  -4.4400000e+00
  -5.0214000e+00  -4.7188000e+00  -4.8615000e+00  -4.7883000e+00  -3.9588000e+00  -4.5255000e+00
  -4.5524000e+00  -4.1949000e+00  -4.4879000e+00  -4.4920000e+00  -4.2942000e+00  -4.6296000e+00
  -3.9522000e+00  -3.8030000e+00  -4.0536000e+00  -4.1006000e+00  -4.5429000e+00  -4.7830000e+00
  -3.7342000e+00  -3.6454000e+00  -3.7658000e+00  -3.7657000e+00  -4.6768000e+00  -4.8907000e+00
  -3.8874000e+00  -3.8649000e+00  -3.7973000e+00  -3.7350000e+00  -4.7532000e+00  -5.0016000e+00
  -4.2500000e+00  -4.2152000e+00  -4.0589000e+00  -3.9885000e+00  -4.8067000e+00  -5.0903000e+00
  -4.5950000e+00  -4.4550000e+00  -4.3999000e+00  -4.3316000e+00  -4.8394000e+00  -5.1342000e+00
  -4.6577000e+00  -4.6097000e+00  -4.5533000e+00  -4.4910000e+00  -4.8431000e+00  -5.1274000e+00
  -4.6463000e+00  -4.6948000e+00  -4.6558000e+00  -4.5973000e+00  -4.8163000e+00  -5.1095000e+00
  -4.4724000e+00  -4.5676000e+00  -4.5458000e+00  -4.5637000e+00  -4.7893000e+00  -5.0754000e+00
  -4.8901000e+00  -4.9382000e+00  -4.7989000e+00  -4.7795000e+00  -4.7822000e+00  -5.0121000e+00
  -5.2281000e+00  -5.1235000e+00  -5.1207000e+00  -5.1084000e+00  -4.7841000e+00  -4.9535000e+00
  -5.2905000e+00  -5.2329000e+00  -5.2104000e+00  -5.1869000e+00  -4.7683000e+00  -4.9121000e+00
  -5.4172000e+00  -5.3650000e+00  -5.3129000e+00  -5.2784000e+00  -4.7530000e+00  -4.8981000e+00
  -5.3713000e+00  -5.3107000e+00  -5.3552000e+00  -5.3654000e+00  -4.7724000e+00  -4.9183000e+00
  -5.3599000e+00  -5.3206000e+00  -5.2963000e+00  -5.2844000e+00  -4.8403000e+00  -4.9653000e+00
  -5.4757000e+00  -5.4885000e+00  -5.4107000e+00  -5.3855000e+00  -4.9818000e+00  -5.0151000e+00
  -5.5174000e+00  -5.6501000e+00  -5.5001000e+00  -5.5025000e+00  -5.2469000e+00  -5.0797000e+00
  -5.6013000e+00  -5.7227000e+00  -5.6005000e+00  -5.6006000e+00  -5.5858000e+00  -5.1857000e+00
  -5.4742000e+00  -5.6098000e+00  -5.5662000e+00  -5.6340000e+00  -5.8733000e+00  -5.3168000e+00
  -5.5097000e+00  -5.5846000e+00  -5.5063000e+00  -5.5183000e+00  -5.9632000e+00  -5.4492000e+00
  -5.5110000e+00  -5.5825000e+00  -5.5646000e+00  -5.6014000e+00  -5.9237000e+00  -5.6282000e+00
  -5.5704000e+00  -5.5671000e+00  -5.5403000e+00  -5.5458000e+00  -6.0070000e+00  -5.8694000e+00
  -5.5225000e+00  -5.5368000e+00  -5.5697000e+00  -5.6081000e+00  -6.2164000e+00  -6.0988000e+00
  -5.4980000e+00  -5.5249000e+00  -5.5175000e+00  -5.5495000e+00  -6.3788000e+00  -6.2531000e+00
  -5.5471000e+00  -5.4894000e+00  -5.5510000e+00  -5.5770000e+00  -6.5342000e+00  -6.3962000e+00
  -5.4872000e+00  -5.3958000e+00  -5.5047000e+00  -5.5398000e+00  -6.6729000e+00  -6.5131000e+00
  -5.4593000e+00  -5.3950000e+00  -5.4241000e+00  -5.4483000e+00  -6.7400000e+00  -6.5965000e+00
  -5.4886000e+00  -5.3598000e+00  -5.4110000e+00  -5.4151000e+00  -6.7620000e+00  -6.7154000e+00
  -5.4991000e+00  -5.3007000e+00  -5.3763000e+00  -5.3539000e+00  -6.8059000e+00  -6.7803000e+00
  -5.6450000e+00  -5.3549000e+00  -5.4019000e+00  -5.3065000e+00  -6.5739000e+00  -6.5400000e+00
  -5.6957000e+00  -5.5498000e+00  -5.5142000e+00  -5.3815000e+00  -6.1871000e+00  -6.1417000e+00
  -5.5544000e+00  -5.6359000e+00  -5.5729000e+00  -5.5109000e+00  -5.6812000e+00  -5.6389000e+00
  -5.2733000e+00  -5.5608000e+00  -5.5046000e+00  -5.5381000e+00  -5.2371000e+00  -5.2188000e+00
  -4.9525000e+00  -5.3769000e+00  -5.3420000e+00  -5.4641000e+00  -4.8042000e+00  -4.8110000e+00
  -4.6194000e+00  -5.1403000e+00  -5.1348000e+00  -5.3352000e+00  -4.2812000e+00  -4.3114000e+00
  -4.3387000e+00  -4.9097000e+00  -4.9193000e+00  -5.1655000e+00  -3.8674000e+00  -3.8414000e+00
  -4.1425000e+00  -4.7601000e+00  -4.7259000e+00  -4.9836000e+00  -3.4474000e+00  -3.4223000e+00
  -4.1097000e+00  -4.7381000e+00  -4.5991000e+00  -4.8554000e+00  -3.0857000e+00  -3.0358000e+00
  -4.3055000e+00  -4.7951000e+00  -4.5746000e+00  -4.8364000e+00  -2.7369000e+00  -2.7058000e+00
  -4.5325000e+00  -4.8293000e+00  -4.6529000e+00  -4.8977000e+00  -2.4281000e+00  -2.4349000e+00
  -4.5488000e+00  -4.7528000e+00  -4.7237000e+00  -4.9118000e+00  -2.1391000e+00  -2.2052000e+00
  -4.4354000e+00  -4.6249000e+00  -4.6807000e+00  -4.8311000e+00  -1.8766000e+00  -1.9981000e+00
  -4.3126000e+00  -4.5520000e+00  -4.5907000e+00  -4.7225000e+00  -1.6277000e+00  -1.7870000e+00
  -4.2715000e+00  -4.5603000e+00  -4.5294000e+00  -4.6586000e+00  -1.4008000e+00  -1.5660000e+00
  -4.3390000e+00  -4.6242000e+00  -4.5271000e+00  -4.6572000e+00  -1.2017000e+00  -1.3505000e+00
  -4.4437000e+00  -4.7519000e+00  -4.5763000e+00  -4.7044000e+00  -1.0304000e+00  -1.1448000e+00
  -4.5850000e+00  -4.9037000e+00  -4.6093000e+00  -4.8214000e+00  -8.8040000e-01  -9.6170000e-01
  -5.0090000e+00  -5.0059000e+00  -4.5110000e+00  -4.6812000e+00  -7.4200000e-01  -7.8450000e-01
  -5.1415000e+00  -5.1006000e+00  -4.7629000e+00  -4.8859000e+00  -6.0920000e-01  -6.2130000e-01
  -4.7281000e+00  -5.2111000e+00  -4.8477000e+00  -4.9332000e+00  -4.8020000e-01  -4.5810000e-01
  -4.5888000e+00  -5.1480000e+00  -4.5959000e+00  -4.7131000e+00  -3.5030000e-01  -2.9260000e-01
  -4.2579000e+00  -4.9614000e+00  -4.4260000e+00  -4.5536000e+00  -2.1480000e-01  -1.5480000e-01
  -4.0352000e+00  -4.5612000e+00  -4.2254000e+00  -4.3276000e+00  -7.6500000e-02  -1.5100000e-02
  -4.1515000e+00  -4.4230000e+00  -4.0987000e+00  -4.1573000e+00   6.9400000e-02   1.2180000e-01
  -4.2548000e+00  -4.5321000e+00  -4.2142000e+00  -4.2614000e+00   2.2240000e-01   2.5600000e-01
  -4.3526000e+00  -4.6134000e+00  -4.2144000e+00  -4.2641000e+00   3.7420000e-01   3.8990000e-01
  -4.4575000e+00  -4.5667000e+00  -4.1896000e+00  -4.2055000e+00   5.1450000e-01   5.1020000e-01
  -4.3529000e+00  -4.4850000e+00  -4.1673000e+00  -4.2168000e+00   6.4590000e-01   6.2390000e-01
  -4.2093000e+00  -4.2784000e+00  -4.1018000e+00  -4.2403000e+00   7.6880000e-01   7.3790000e-01
  -4.1722000e+00  -4.0772000e+00  -4.0975000e+00  -4.2624000e+00   8.7900000e-01   8.4710000e-01
  -4.2155000e+00  -3.9909000e+00  -4.1294000e+00  -4.2796000e+00   9.7640000e-01   9.3610000e-01
  -4.2207000e+00  -4.1090000e+00  -4.2374000e+00  -4.4045000e+00   1.0577000e+00   1.0150000e+00
  -4.4075000e+00  -4.2957000e+00  -4.2596000e+00  -4.3293000e+00   1.1233000e+00   1.0844000e+00
  -4.5648000e+00  -4.4569000e+00  -4.2837000e+00  -4.3174000e+00   1.1951000e+00   1.1375000e+00
  -4.3545000e+00  -4.4387000e+00  -4.2272000e+00  -4.3809000e+00   1.2651000e+00   1.1824000e+00
  -4.0933000e+00  -4.3379000e+00  -4.2780000e+00  -4.5437000e+00   1.3136000e+00   1.2224000e+00
  -4.0338000e+00  -4.4844000e+00  -4.1998000e+00  -4.3414000e+00   1.3438000e+00   1.2456000e+00
  -3.7834000e+00  -4.2475000e+00  -3.9139000e+00  -4.0225000e+00   1.3641000e+00   1.2516000e+00
  -3.6140000e+00  -4.0382000e+00  -3.7841000e+00  -3.8583000e+00   1.3730000e+00   1.2561000e+00
  -3.4678000e+00  -3.8774000e+00  -3.6414000e+00  -3.7038000e+00   1.3649000e+00   1.2617000e+00
  -3.4508000e+00  -3.7199000e+00  -3.6122000e+00  -3.6591000e+00   1.3357000e+00   1.2628000e+00
  -3.6380000e+00  -3.6581000e+00  -3.6193000e+00  -3.5870000e+00   1.2741000e+00   1.2465000e+00
  -3.5262000e+00  -3.6426000e+00  -3.3703000e+00  -3.3082000e+00   1.1514000e+00   1.1965000e+00
  -3.0471000e+00  -3.2801000e+00  -2.9782000e+00  -2.9954000e+00   1.0226000e+00   1.1025000e+00
  -2.6988000e+00  -2.9519000e+00  -2.6930000e+00  -2.7312000e+00   9.7700000e-01   9.8660000e-01
  -2.3540000e+00  -2.6499000e+00  -2.4199000e+00  -2.4411000e+00   9.5860000e-01   8.7860000e-01
  -2.1874000e+00  -2.3601000e+00  -2.2647000e+00  -2.2671000e+00   9.1200000e-01   7.9760000e-01
  -2.1790000e+00  -2.1630000e+00  -2.2297000e+00  -2.2361000e+00   9.0090000e-01   7.3670000e-01
  -2.2271000e+00  -2.1398000e+00  -2.3318000e+00  -2.3997000e+00   9.2250000e-01   6.6500000e-01
  -2.4791000e+00  -2.3681000e+00  -2.7442000e+00  -2.9128000e+00   9.0900000e-01   5.6000000e-01
  -3.2078000e+00  -3.1808000e+00  -3.5001000e+00  -3.7238000e+00   8.0800000e-01   3.9960000e-01
  -3.9605000e+00  -3.8547000e+00  -4.0375000e+00  -4.0520000e+00   5.8100000e-01   2.1930000e-01
  -4.3310000e+00  -4.3804000e+00  -4.4979000e+00  -4.6362000e+00   2.4860000e-01   1.7610000e-01
  -4.5092000e+00  -4.5988000e+00  -4.6248000e+00  -4.7502000e+00   1.7660000e-01   2.8460000e-01
  -4.7874000e+00  -4.8185000e+00  -4.8458000e+00  -4.9145000e+00   3.3690000e-01   3.1630000e-01
  -4.9060000e+00  -4.8881000e+00  -4.8134000e+00  -4.7595000e+00   4.1330000e-01   2.1720000e-01
  -4.9000000e+00  -4.7656000e+00  -4.7234000e+00  -4.6552000e+00   3.8580000e-01  -2.3700000e-02
  -4.7467000e+00  -4.7007000e+00  -4.6400000e+00  -4.6367000e+00   3.0690000e-01  -4.3650000e-01
  -4.7228000e+00  -4.6602000e+00  -4.6531000e+00  -4.6653000e+00   1.6830000e-01  -6.6090000e-01
  -4.7868000e+00  -4.7536000e+00  -4.7601000e+00  -4.7799000e+00  -3.2550000e-01  -6.5500000e-01
  -4.8029000e+00  -4.8299000e+00  -4.7928000e+00  -4.8271000e+00  -7.5970000e-01  -7.2350000e-01
  -4.7345000e+00  -4.8113000e+00  -4.7269000e+00  -4.7651000e+00  -7.0400000e-01  -6.7100000e-01
  -4.6591000e+00  -4.6918000e+00  -4.6390000e+00  -4.6661000e+00  -5.7820000e-01  -6.3220000e-01
  -4.5979000e+00  -4.6148000e+00  -4.5881000e+00  -4.6091000e+00  -5.1300000e-01  -6.7360000e-01
  -4.5181000e+00  -4.5622000e+00  -4.5264000e+00  -4.5610000e+00  -5.4990000e-01  -7.7500000e-01
  -4.6193000e+00  -4.5855000e+00  -4.5726000e+00  -4.5790000e+00  -6.2710000e-01  -9.3540000e-01
  -4.7766000e+00  -4.7588000e+00  -4.7267000e+00  -4.7251000e+00  -7.1610000e-01  -1.1415000e+00
  -4.8626000e+00  -4.9009000e+00  -4.8474000e+00  -4.8488000e+00  -9.1100000e-01  -1.2470000e+00
  -4.9581000e+00  -5.0230000e+00  -4.9708000e+00  -4.9704000e+00  -1.1993000e+00  -1.2314000e+00
  -5.1024000e+00  -5.1507000e+00  -5.1000000e+00  -5.0953000e+00  -1.4700000e+00  -1.2116000e+00
  -5.2405000e+00  -5.2837000e+00  -5.2365000e+00  -5.2289000e+00  -1.6146000e+00  -1.2889000e+00
  -5.3223000e+00  -5.3705000e+00  -5.3195000e+00  -5.3123000e+00  -1.6618000e+00  -1.5743000e+00
  -5.3732000e+00  -5.4159000e+00  -5.3698000e+00  -5.3661000e+00  -1.7126000e+00  -2.3431000e+00
  -5.4287000e+00  -5.4527000e+00  -5.3961000e+00  -5.3900000e+00  -1.7983000e+00  -3.1655000e+00
  -5.4776000e+00  -5.4989000e+00  -5.4382000e+00  -5.4143000e+00  -1.8472000e+00  -3.4190000e+00
  -5.4631000e+00  -5.5086000e+00  -5.4417000e+00  -5.4212000e+00  -1.9164000e+00  -3.7131000e+00
  -5.4031000e+00  -5.4363000e+00  -5.3729000e+00  -5.3520000e+00  -2.3939000e+00  -3.6100000e+00
  -5.3395000e+00  -5.3251000e+00  -5.2666000e+00  -5.2166000e+00  -4.0767000e+00  -3.4390000e+00
  -5.2763000e+00  -5.2407000e+00  -5.1868000e+00  -5.1079000e+00  -4.2726000e+00  -3.6904000e+00
  -5.1894000e+00  -5.1631000e+00  -5.1087000e+00  -5.0306000e+00  -4.0784000e+00  -3.7622000e+00
  -5.0769000e+00  -5.0736000e+00  -5.0069000e+00  -4.9360000e+00  -3.6557000e+00  -3.7717000e+00
  -4.9336000e+00  -4.9821000e+00  -4.8812000e+00  -4.8134000e+00  -3.7673000e+00  -3.7649000e+00
  -4.7907000e+00  -4.8906000e+00  -4.7707000e+00  -4.7026000e+00  -3.8215000e+00  -3.7477000e+00
  -4.7156000e+00  -4.8487000e+00  -4.7276000e+00  -4.6728000e+00  -3.8097000e+00  -3.7342000e+00
  -4.6979000e+00  -4.8699000e+00  -4.7444000e+00  -4.7052000e+00  -3.8537000e+00  -3.7350000e+00
  -4.6761000e+00  -4.8906000e+00  -4.7693000e+00  -4.7603000e+00  -3.9451000e+00  -3.7524000e+00
  -4.6655000e+00  -4.8556000e+00  -4.7693000e+00  -4.7757000e+00  -4.0327000e+00  -3.7927000e+00
  -4.6909000e+00  -4.8192000e+00  -4.7786000e+00  -4.7801000e+00  -4.1871000e+00  -3.8523000e+00
  -4.7075000e+00  -4.8252000e+00  -4.8072000e+00  -4.8055000e+00  -4.3644000e+00  -3.9184000e+00
  -4.6963000e+00  -4.8306000e+00  -4.8176000e+00  -4.8244000e+00  -4.3738000e+00  -3.9915000e+00
  -4.6809000e+00  -4.8424000e+00  -4.8192000e+00  -4.8328000e+00  -4.2061000e+00  -4.0875000e+00
  -4.6966000e+00  -4.8683000e+00  -4.8214000e+00  -4.8438000e+00  -3.9672000e+00  -4.1986000e+00
  -4.8426000e+00  -4.9234000e+00  -4.8702000e+00  -4.8730000e+00  -3.8278000e+00  -4.3268000e+00
  -5.1792000e+00  -5.0771000e+00  -5.0365000e+00  -4.9974000e+00  -3.7542000e+00  -4.4406000e+00
  -5.2775000e+00  -5.2984000e+00  -5.2281000e+00  -5.2150000e+00  -3.7489000e+00  -4.5130000e+00
  -5.2699000e+00  -5.2639000e+00  -5.2089000e+00  -5.2122000e+00  -4.0050000e+00  -4.7003000e+00
  -5.1915000e+00  -5.1916000e+00  -5.1751000e+00  -5.1822000e+00  -4.3786000e+00  -4.7166000e+00
  -4.9320000e+00  -5.0476000e+00  -5.0379000e+00  -5.1016000e+00  -4.4570000e+00  -4.4324000e+00
  -4.5805000e+00  -4.7685000e+00  -4.7942000e+00  -4.9152000e+00  -4.1522000e+00  -3.9645000e+00
  -4.2540000e+00  -4.4890000e+00  -4.5453000e+00  -4.6693000e+00  -3.6583000e+00  -3.4131000e+00
  -3.8869000e+00  -4.2744000e+00  -4.2867000e+00  -4.4243000e+00  -3.0996000e+00  -3.0068000e+00
  -3.4713000e+00  -3.9745000e+00  -3.9411000e+00  -4.0967000e+00  -2.6966000e+00  -2.5315000e+00
  -3.0428000e+00  -3.6292000e+00  -3.5710000e+00  -3.7400000e+00  -2.2223000e+00  -2.0872000e+00
  -2.6651000e+00  -3.2616000e+00  -3.1708000e+00  -3.3446000e+00  -1.7942000e+00  -1.6944000e+00
  -2.3335000e+00  -2.8987000e+00  -2.7994000e+00  -2.9658000e+00  -1.4111000e+00  -1.3466000e+00
  -2.0407000e+00  -2.5550000e+00  -2.4494000e+00  -2.6369000e+00  -1.0988000e+00  -1.0523000e+00
  -1.7827000e+00  -2.2112000e+00  -2.1273000e+00  -2.3690000e+00  -8.1630000e-01  -7.8260000e-01
  -1.5505000e+00  -1.9023000e+00  -1.8633000e+00  -2.2133000e+00  -5.6510000e-01  -5.5070000e-01
  -1.3331000e+00  -1.6621000e+00  -1.6563000e+00  -2.1451000e+00  -3.3630000e-01  -3.3440000e-01
  -1.1273000e+00  -1.5179000e+00  -1.4953000e+00  -2.0418000e+00  -1.1240000e-01  -1.2350000e-01
  -9.3330000e-01  -1.4493000e+00  -1.3551000e+00  -1.8466000e+00   1.0360000e-01   8.3000000e-02
  -7.4950000e-01  -1.3512000e+00  -1.2102000e+00  -1.6141000e+00   3.0980000e-01   2.8440000e-01
  -5.7600000e-01  -1.2183000e+00  -1.0657000e+00  -1.3958000e+00   5.0670000e-01   4.7780000e-01
  -4.0810000e-01  -1.1047000e+00  -9.3890000e-01  -1.2104000e+00   6.9840000e-01   6.6320000e-01
  -2.5120000e-01  -1.0472000e+00  -8.5710000e-01  -1.0779000e+00   9.0230000e-01   8.5110000e-01
  -1.6670000e-01  -1.0382000e+00  -8.4910000e-01  -1.0304000e+00   1.1210000e+00   1.0505000e+00
  -2.9870000e-01  -1.0600000e+00  -9.3880000e-01  -1.1127000e+00   1.3351000e+00   1.2482000e+00
  -6.9970000e-01  -1.0452000e+00  -9.4950000e-01  -1.1279000e+00   1.5293000e+00   1.4319000e+00
  -8.5080000e-01  -8.9310000e-01  -7.2340000e-01  -1.1102000e+00   1.7035000e+00   1.6014000e+00
  -4.3510000e-01  -7.2910000e-01  -5.7960000e-01  -1.0031000e+00   1.8649000e+00   1.7597000e+00
  -2.7800000e-02  -6.7060000e-01  -4.8150000e-01  -7.8120000e-01   2.0092000e+00   1.9062000e+00
   3.4610000e-01  -7.2540000e-01  -3.0180000e-01  -4.5620000e-01   2.1336000e+00   2.0400000e+00
   6.3400000e-01  -6.5760000e-01  -4.8300000e-02  -9.0700000e-02   2.2420000e+00   2.1622000e+00
   9.8500000e-01  -4.1640000e-01   2.6890000e-01   2.1410000e-01   2.3347000e+00   2.2745000e+00
   1.1529000e+00  -1.2960000e-01   5.3320000e-01   4.7900000e-01   2.4075000e+00   2.3693000e+00
   1.2123000e+00   8.9000000e-02   7.0110000e-01   7.0080000e-01   2.4585000e+00   2.4312000e+00
   1.2429000e+00   2.9310000e-01   7.9480000e-01   7.9030000e-01   2.5060000e+00   2.4600000e+00
   1.2324000e+00   3.6570000e-01   7.8380000e-01   5.5880000e-01   2.5627000e+00   2.4739000e+00
   1.1635000e+00   2.7690000e-01   7.1310000e-01   4.4170000e-01   2.6178000e+00   2.4880000e+00
   1.1036000e+00   4.3690000e-01   6.4380000e-01   3.1320000e-01   2.6515000e+00   2.5026000e+00
   7.0380000e-01   4.2800000e-02   1.1640000e-01  -2.5190000e-01   2.6375000e+00   2.5034000e+00
   6.5470000e-01  -2.4630000e-01  -1.0180000e-01  -5.2340000e-01   2.6147000e+00   2.4812000e+00
   5.2400000e-02  -5.9520000e-01  -5.4320000e-01  -8.1260000e-01   2.6008000e+00   2.4401000e+00
  -3.7440000e-01  -8.4210000e-01  -8.8490000e-01  -1.0935000e+00   2.5593000e+00   2.3660000e+00
  -7.8380000e-01  -1.1915000e+00  -1.1939000e+00  -1.3683000e+00   2.4745000e+00   2.1908000e+00
  -1.1170000e+00  -1.4357000e+00  -1.4634000e+00  -1.6321000e+00   2.3842000e+00   1.9455000e+00
  -1.3872000e+00  -1.7056000e+00  -1.7362000e+00  -1.9141000e+00   2.3133000e+00   1.8065000e+00
  -1.7252000e+00  -2.0433000e+00  -2.0631000e+00  -2.2180000e+00   2.2415000e+00   1.6819000e+00
  -2.0450000e+00  -2.3340000e+00  -2.3720000e+00  -2.5328000e+00   2.0927000e+00   1.6029000e+00
  -2.3840000e+00  -2.6772000e+00  -2.7217000e+00  -2.8907000e+00   1.5867000e+00   1.5628000e+00
  -2.8184000e+00  -3.0795000e+00  -3.1316000e+00  -3.2828000e+00   1.2865000e+00   1.4205000e+00
  -3.2555000e+00  -3.4455000e+00  -3.5091000e+00  -3.6409000e+00   1.1903000e+00   1.3884000e+00
  -3.6640000e+00  -3.8221000e+00  -3.9052000e+00  -4.0449000e+00   1.2655000e+00   1.4500000e+00
  -4.0740000e+00  -4.2849000e+00  -4.3434000e+00  -4.4905000e+00   1.3050000e+00   1.5606000e+00
  -4.4770000e+00  -4.6608000e+00  -4.7149000e+00  -4.8518000e+00   1.3816000e+00   1.5523000e+00
  -4.8328000e+00  -4.9792000e+00  -5.0075000e+00  -5.1159000e+00   1.5054000e+00   1.5237000e+00
  -5.1260000e+00  -5.2188000e+00  -5.2529000e+00  -5.3329000e+00   1.6522000e+00   6.5040000e-01
  -5.3795000e+00  -5.4190000e+00  -5.4396000e+00  -5.4827000e+00   1.5869000e+00  -1.2007000e+00
  -5.5345000e+00  -5.5359000e+00  -5.5596000e+00  -5.5858000e+00  -2.2610000e-01  -1.9048000e+00
  -5.6623000e+00  -5.6371000e+00  -5.7193000e+00  -5.7834000e+00  -1.6329000e+00  -2.4373000e+00
  -5.8625000e+00  -5.9117000e+00  -5.9103000e+00  -5.9679000e+00  -2.2550000e+00  -2.8603000e+00
  -5.9985000e+00  -6.0451000e+00  -6.0662000e+00  -6.1237000e+00  -2.7497000e+00  -3.2353000e+00
  -6.1302000e+00  -6.1652000e+00  -6.1878000e+00  -6.2363000e+00  -3.1533000e+00  -3.5807000e+00
  -6.2359000e+00  -6.2445000e+00  -6.2638000e+00  -6.2964000e+00  -3.5088000e+00  -3.8674000e+00
  -6.3284000e+00  -6.3191000e+00  -6.3506000e+00  -6.3749000e+00  -3.8437000e+00  -4.1114000e+00
  -6.4315000e+00  -6.4120000e+00  -6.4428000e+00  -6.4605000e+00  -4.1080000e+00  -4.3237000e+00
  -6.5327000e+00  -6.5075000e+00  -6.5316000e+00  -6.5417000e+00  -4.3255000e+00  -4.4894000e+00
  -6.6310000e+00  -6.6017000e+00  -6.6057000e+00  -6.5925000e+00  -4.5104000e+00  -4.6050000e+00
  -6.6902000e+00  -6.6488000e+00  -6.6399000e+00  -6.6069000e+00  -4.6585000e+00  -4.7178000e+00
  -6.6955000e+00  -6.6455000e+00  -6.6475000e+00  -6.6330000e+00  -4.7575000e+00  -4.8420000e+00
  -6.6918000e+00  -6.6570000e+00  -6.6933000e+00  -6.7008000e+00  -4.8494000e+00  -4.9372000e+00
  -6.7640000e+00  -6.7313000e+00  -6.7639000e+00  -6.7604000e+00  -4.9646000e+00  -5.0086000e+00
  -6.8358000e+00  -6.7905000e+00  -6.8171000e+00  -6.8098000e+00  -5.0642000e+00  -5.0835000e+00
  -6.8916000e+00  -6.8395000e+00  -6.8532000e+00  -6.8368000e+00  -5.1228000e+00  -5.1831000e+00
  -6.8905000e+00  -6.8265000e+00  -6.8077000e+00  -6.7628000e+00  -5.1702000e+00  -5.3050000e+00
  -6.7760000e+00  -6.7192000e+00  -6.7020000e+00  -6.6652000e+00  -5.2474000e+00  -5.4182000e+00
  -6.7044000e+00  -6.6523000e+00  -6.6500000e+00  -6.6167000e+00  -5.3435000e+00  -5.5113000e+00
  -6.6483000e+00  -6.5982000e+00  -6.5985000e+00  -6.5686000e+00  -5.4422000e+00  -5.5879000e+00
  -6.5983000e+00  -6.5569000e+00  -6.5616000e+00  -6.5386000e+00  -5.5327000e+00  -5.6557000e+00
  -6.5648000e+00  -6.5265000e+00  -6.5393000e+00  -6.5220000e+00  -5.6152000e+00  -5.7038000e+00
  -6.5598000e+00  -6.5168000e+00  -6.5318000e+00  -6.5143000e+00  -5.6899000e+00  -5.7404000e+00
  -6.5615000e+00  -6.5153000e+00  -6.5324000e+00  -6.5166000e+00  -5.7617000e+00  -5.7785000e+00
  -6.5661000e+00  -6.5160000e+00  -6.5345000e+00  -6.5214000e+00  -5.8287000e+00  -5.8169000e+00
  -6.5732000e+00  -6.5187000e+00  -6.5353000e+00  -6.5223000e+00  -5.8640000e+00  -5.8311000e+00
  -6.5650000e+00  -6.5165000e+00  -6.5261000e+00  -6.5108000e+00  -5.8661000e+00  -5.8421000e+00
  -6.5404000e+00  -6.4983000e+00  -6.5035000e+00  -6.4857000e+00  -5.8628000e+00  -5.8548000e+00
  -6.5083000e+00  -6.4691000e+00  -6.4711000e+00  -6.4492000e+00  -5.8639000e+00  -5.8699000e+00
  -6.4709000e+00  -6.4373000e+00  -6.4363000e+00  -6.4153000e+00  -5.8738000e+00  -5.8842000e+00
  -6.4217000e+00  -6.3990000e+00  -6.3894000e+00  -6.3681000e+00  -5.8872000e+00  -5.8981000e+00
  -6.3724000e+00  -6.3512000e+00  -6.3463000e+00  -6.3347000e+00  -5.8999000e+00  -5.9098000e+00
  -6.3435000e+00  -6.3273000e+00  -6.3259000e+00  -6.3243000e+00  -5.9137000e+00  -5.9200000e+00
  -6.3165000e+00  -6.3102000e+00  -6.2991000e+00  -6.3017000e+00  -5.9268000e+00  -5.9316000e+00
  -6.2861000e+00  -6.2881000e+00  -6.2776000e+00  -6.2741000e+00  -5.9344000e+00  -5.9443000e+00
  -6.2549000e+00  -6.2619000e+00  -6.2504000e+00  -6.2432000e+00  -5.9449000e+00  -5.9593000e+00
  -6.2424000e+00  -6.2372000e+00  -6.2324000e+00  -6.2227000e+00  -5.9612000e+00  -5.9720000e+00
  -6.2394000e+00  -6.2245000e+00  -6.2212000e+00  -6.2010000e+00  -5.9775000e+00  -5.9842000e+00
  -6.2403000e+00  -6.2212000e+00  -6.2174000e+00  -6.2006000e+00  -6.0076000e+00  -6.0076000e+00
  -6.2366000e+00  -6.2216000e+00  -6.2197000e+00  -6.1964000e+00  -5.9853000e+00  -5.9782000e+00
  -6.2496000e+00  -6.2129000e+00  -6.2161000e+00  -6.1898000e+00  -5.9320000e+00  -5.9018000e+00
  -6.2551000e+00  -6.2027000e+00  -6.2092000e+00  -6.1940000e+00  -5.8430000e+00  -5.7906000e+00
  -6.2405000e+00  -6.2045000e+00  -6.2109000e+00  -6.2095000e+00  -5.6873000e+00  -5.6341000e+00
  -6.1907000e+00  -6.1978000e+00  -6.1734000e+00  -6.1900000e+00  -5.4915000e+00  -5.4552000e+00
  -6.0828000e+00  -6.1480000e+00  -6.0951000e+00  -6.1310000e+00  -5.2185000e+00  -5.1095000e+00
  -5.9690000e+00  -6.0784000e+00  -6.0031000e+00  -6.0474000e+00  -4.8090000e+00  -4.6490000e+00
  -5.8544000e+00  -5.9819000e+00  -5.8777000e+00  -5.9281000e+00  -4.3883000e+00  -4.1416000e+00
  -5.7058000e+00  -5.8521000e+00  -5.7438000e+00  -5.8157000e+00  -3.8908000e+00  -3.6204000e+00
  -5.5735000e+00  -5.7603000e+00  -5.6269000e+00  -5.7175000e+00  -3.2969000e+00  -3.0720000e+00
  -5.4159000e+00  -5.6625000e+00  -5.4405000e+00  -5.5335000e+00  -2.6733000e+00  -2.5980000e+00
  -5.0439000e+00  -5.4750000e+00  -5.1684000e+00  -5.3487000e+00  -2.1701000e+00  -2.1713000e+00
  -4.7246000e+00  -5.2523000e+00  -4.9032000e+00  -5.1198000e+00  -1.7322000e+00  -1.7538000e+00
  -4.4715000e+00  -5.0362000e+00  -4.6523000e+00  -4.9013000e+00  -1.2399000e+00  -1.2911000e+00
  -4.3022000e+00  -4.8120000e+00  -4.4287000e+00  -4.6759000e+00  -7.6440000e-01  -8.2280000e-01
  -4.1354000e+00  -4.5989000e+00  -4.2169000e+00  -4.4965000e+00  -3.5710000e-01  -4.1590000e-01
  -3.9495000e+00  -4.4558000e+00  -4.0470000e+00  -4.4027000e+00   5.5000000e-03  -5.8900000e-02
  -3.7484000e+00  -4.4200000e+00  -3.9236000e+00  -4.3415000e+00   3.8350000e-01   3.0280000e-01
  -3.5257000e+00  -4.4054000e+00  -3.8204000e+00  -4.3065000e+00   7.7550000e-01   6.6690000e-01
  -3.3599000e+00  -4.4137000e+00  -3.7853000e+00  -4.2961000e+00   1.0994000e+00   9.8150000e-01
  -3.2874000e+00  -4.4078000e+00  -3.7402000e+00  -4.2306000e+00   1.3815000e+00   1.2575000e+00
  -3.2298000e+00  -4.3567000e+00  -3.6969000e+00  -4.2044000e+00   1.6852000e+00   1.5339000e+00
  -3.1399000e+00  -4.3388000e+00  -3.6800000e+00  -4.1758000e+00   1.9629000e+00   1.8134000e+00
  -3.1659000e+00  -4.3400000e+00  -3.7222000e+00  -4.1593000e+00   2.1955000e+00   2.0692000e+00
  -3.1494000e+00  -4.2852000e+00  -3.6910000e+00  -4.0908000e+00   2.4086000e+00   2.2920000e+00
  -3.1309000e+00  -4.2441000e+00  -3.6715000e+00  -4.0636000e+00   2.6260000e+00   2.4915000e+00
  -3.1553000e+00  -4.2170000e+00  -3.6752000e+00  -4.0467000e+00   2.8498000e+00   2.6808000e+00
  -3.1935000e+00  -4.1490000e+00  -3.6367000e+00  -3.9694000e+00   3.0652000e+00   2.8644000e+00
  -3.1542000e+00  -4.0623000e+00  -3.5306000e+00  -3.8675000e+00   3.2575000e+00   3.0394000e+00
  -3.0181000e+00  -3.9622000e+00  -3.4151000e+00  -3.7962000e+00   3.4224000e+00   3.2022000e+00
  -2.8923000e+00  -3.9059000e+00  -3.3540000e+00  -3.7724000e+00   3.5620000e+00   3.3520000e+00
  -2.8369000e+00  -3.8970000e+00  -3.3311000e+00  -3.7364000e+00   3.6771000e+00   3.4846000e+00
  -2.7832000e+00  -3.8439000e+00  -3.2770000e+00  -3.6720000e+00   3.7725000e+00   3.5952000e+00
  -2.7336000e+00  -3.7653000e+00  -3.2073000e+00  -3.6110000e+00   3.8721000e+00   3.6876000e+00
  -2.6748000e+00  -3.7055000e+00  -3.1732000e+00  -3.5935000e+00   3.9347000e+00   3.7581000e+00
  -2.6706000e+00  -3.6818000e+00  -3.1841000e+00  -3.5979000e+00   3.9431000e+00   3.8075000e+00
  -2.7543000e+00  -3.7287000e+00  -3.2424000e+00  -3.6558000e+00   3.9872000e+00   3.8544000e+00
  -2.8633000e+00  -3.8058000e+00  -3.3222000e+00  -3.7247000e+00   3.9823000e+00   3.9133000e+00
  -2.9552000e+00  -3.8255000e+00  -3.3768000e+00  -3.7704000e+00   4.0079000e+00   3.9615000e+00
  -2.9910000e+00  -3.9118000e+00  -3.4110000e+00  -3.8211000e+00   4.0735000e+00   3.9986000e+00
  -2.9649000e+00  -3.9918000e+00  -3.4934000e+00  -3.9052000e+00   4.1399000e+00   4.0240000e+00
  -3.0706000e+00  -4.0842000e+00  -3.5962000e+00  -3.9865000e+00   4.1725000e+00   4.0339000e+00
  -3.1663000e+00  -4.1440000e+00  -3.6423000e+00  -4.0364000e+00   4.1773000e+00   4.0343000e+00
  -3.1443000e+00  -4.1212000e+00  -3.6275000e+00  -3.9994000e+00   4.1836000e+00   4.0179000e+00
  -3.1843000e+00  -4.0719000e+00  -3.6153000e+00  -3.9736000e+00   4.1891000e+00   3.9783000e+00
  -3.2250000e+00  -3.9982000e+00  -3.5744000e+00  -3.9181000e+00   4.1770000e+00   3.8956000e+00
  -3.0752000e+00  -3.9414000e+00  -3.4975000e+00  -3.8472000e+00   4.1217000e+00   3.7901000e+00
  -2.8934000e+00  -3.7785000e+00  -3.3661000e+00  -3.6683000e+00   3.9395000e+00   3.7081000e+00
  -2.9344000e+00  -3.7328000e+00  -3.3594000e+00  -3.6196000e+00   3.6327000e+00   3.6660000e+00
  -2.8923000e+00  -3.7726000e+00  -3.3992000e+00  -3.7168000e+00   3.5090000e+00   3.5884000e+00
  -3.0965000e+00  -3.8255000e+00  -3.5250000e+00  -3.8168000e+00   3.2498000e+00   3.4353000e+00
  -3.0681000e+00  -3.8283000e+00  -3.5074000e+00  -3.7377000e+00   3.1598000e+00   3.4488000e+00
  -3.2084000e+00  -3.8062000e+00  -3.5896000e+00  -3.8396000e+00   3.1989000e+00   3.5316000e+00
  -3.4563000e+00  -3.9601000e+00  -3.8089000e+00  -4.0390000e+00   3.2205000e+00   3.5828000e+00
  -3.7359000e+00  -4.1221000e+00  -4.0615000e+00  -4.2787000e+00   3.2905000e+00   3.5943000e+00
  -3.9678000e+00  -4.3101000e+00  -4.2280000e+00  -4.3999000e+00   3.3324000e+00   3.6037000e+00
  -3.9965000e+00  -4.2696000e+00  -4.2171000e+00  -4.3767000e+00   3.3783000e+00   3.5303000e+00
  -4.1757000e+00  -4.3707000e+00  -4.3263000e+00  -4.4255000e+00   3.5060000e+00   2.2103000e+00
  -4.1955000e+00  -4.4268000e+00  -4.3463000e+00  -4.4391000e+00   3.2860000e+00   1.1888000e+00
  -4.1856000e+00  -4.3963000e+00  -4.3018000e+00  -4.3641000e+00   1.3873000e+00   6.5510000e-01
  -4.2222000e+00  -4.4233000e+00  -4.3418000e+00  -4.4232000e+00   1.0288000e+00   4.0680000e-01
  -4.3919000e+00  -4.4101000e+00  -4.4362000e+00  -4.4674000e+00   5.9440000e-01   1.1360000e-01
  -4.4163000e+00  -4.4877000e+00  -4.4727000e+00  -4.5216000e+00   3.1270000e-01  -2.5000000e-02
  -4.4698000e+00  -4.5291000e+00  -4.5397000e+00  -4.5799000e+00  -1.0780000e-01   7.2000000e-03
  -4.3466000e+00  -4.4742000e+00  -4.3876000e+00  -4.4412000e+00  -2.2510000e-01  -3.0900000e-02
  -4.1539000e+00  -4.2122000e+00  -4.1453000e+00  -4.1918000e+00  -1.5480000e-01  -3.7650000e-01
  -4.0257000e+00  -3.8859000e+00  -3.8603000e+00  -3.7802000e+00  -6.8000000e-03  -6.9190000e-01
  -3.9069000e+00  -3.7444000e+00  -3.7643000e+00  -3.6827000e+00  -2.5670000e-01  -9.9710000e-01
  -3.6055000e+00  -3.6877000e+00  -3.5581000e+00  -3.5316000e+00  -6.7680000e-01  -1.3716000e+00
  -3.1832000e+00  -3.3245000e+00  -3.2102000e+00  -3.2567000e+00  -1.1036000e+00  -1.5569000e+00
  -2.9203000e+00  -3.0583000e+00  -2.9844000e+00  -3.0390000e+00  -1.5253000e+00  -1.6417000e+00
  -2.7618000e+00  -2.9582000e+00  -2.8605000e+00  -2.9151000e+00  -1.7967000e+00  -1.6966000e+00
  -2.5893000e+00  -2.7891000e+00  -2.6960000e+00  -2.7785000e+00  -1.8757000e+00  -1.6825000e+00
