   1.1337000e+00   1.2176000e+00   1.2008000e+00   1.2419000e+00  -1.5019000e+00  -1.6914000e+00
   1.1691000e+00   1.2369000e+00   1.2133000e+00   1.2404000e+00  -1.5079000e+00  -1.7590000e+00
   1.4564000e+00   1.5342000e+00   1.5214000e+00   1.5635000e+00  -1.5263000e+00  -1.6386000e+00
   1.4497000e+00   1.5502000e+00   1.5326000e+00   1.5850000e+00  -1.7303000e+00  -1.8014000e+00
   1.3170000e+00   1.3850000e+00   1.3774000e+00   1.4181000e+00  -1.7020000e+00  -1.8406000e+00
   1.1370000e+00   1.1935000e+00   1.2017000e+00   1.2491000e+00  -1.8109000e+00  -1.8982000e+00
   1.1071000e+00   1.1669000e+00   1.2265000e+00   1.3080000e+00  -1.9453000e+00  -1.9524000e+00
   7.3510000e-01   7.8570000e-01   8.7820000e-01   9.6840000e-01  -2.0059000e+00  -2.0854000e+00
   7.3370000e-01   7.5400000e-01   8.2770000e-01   8.7840000e-01  -2.1941000e+00  -2.3668000e+00
   8.7690000e-01   8.7170000e-01   9.1470000e-01   9.2070000e-01  -2.4448000e+00  -2.5969000e+00
   5.8390000e-01   6.0210000e-01   6.8390000e-01   7.1690000e-01  -2.8685000e+00  -2.6025000e+00
   3.7780000e-01   3.9750000e-01   5.1660000e-01   5.6790000e-01  -2.7122000e+00  -2.3620000e+00
   3.3620000e-01   4.0160000e-01   3.8550000e-01   3.8750000e-01  -2.3570000e+00  -2.0657000e+00
   3.1800000e-02   9.1700000e-02   7.5900000e-02   5.5400000e-02  -1.9266000e+00  -1.7980000e+00
  -3.5810000e-01  -2.5230000e-01  -4.2460000e-01  -5.2350000e-01  -1.6673000e+00  -1.8436000e+00
  -8.7030000e-01  -8.2980000e-01  -8.9670000e-01  -9.7440000e-01  -1.5021000e+00  -1.7591000e+00
  -1.3093000e+00  -1.3264000e+00  -1.3254000e+00  -1.3631000e+00  -1.4517000e+00  -1.8769000e+00
  -1.7696000e+00  -1.7729000e+00  -1.7019000e+00  -1.6590000e+00  -1.4688000e+00  -1.9060000e+00
  -1.9139000e+00  -1.8976000e+00  -1.8113000e+00  -1.7555000e+00  -1.2426000e+00  -1.4701000e+00
  -1.9499000e+00  -1.9698000e+00  -1.8932000e+00  -1.8428000e+00  -8.7500000e-01  -7.6530000e-01
  -2.0443000e+00  -2.1302000e+00  -2.0495000e+00  -2.0284000e+00  -8.9280000e-01  -4.0380000e-01
  -2.0089000e+00  -2.1358000e+00  -2.0287000e+00  -2.0429000e+00  -6.6130000e-01  -1.6630000e-01
  -1.9892000e+00  -2.2014000e+00  -2.0469000e+00  -2.1139000e+00   1.5700000e-01   4.8360000e-01
  -1.8305000e+00  -2.1838000e+00  -2.0016000e+00  -2.1180000e+00   8.5130000e-01   8.6850000e-01
  -1.5055000e+00  -1.9254000e+00  -1.6894000e+00  -1.8163000e+00   1.3246000e+00   1.1407000e+00
  -1.0002000e+00  -1.5001000e+00  -1.2995000e+00  -1.5650000e+00   1.6430000e+00   1.3621000e+00
  -4.7600000e-01  -1.0161000e+00  -8.2900000e-01  -1.2581000e+00   1.8505000e+00   1.6093000e+00
   2.5430000e-01  -5.7470000e-01  -5.1300000e-02  -5.2070000e-01   2.0330000e+00   2.2035000e+00
   9.9270000e-01   1.8410000e-01   8.4790000e-01   5.1070000e-01   2.4167000e+00   2.7481000e+00
   1.4311000e+00   8.9530000e-01   1.4095000e+00   1.3386000e+00   2.9114000e+00   3.0150000e+00
   1.7771000e+00   1.0943000e+00   1.5645000e+00   1.4724000e+00   3.5760000e+00   3.2287000e+00
   2.0564000e+00   1.3917000e+00   1.8406000e+00   1.6090000e+00   4.0284000e+00   3.4091000e+00
   2.0087000e+00   1.6742000e+00   1.9870000e+00   1.8872000e+00   4.2910000e+00   3.6239000e+00
   2.0642000e+00   1.5876000e+00   2.0340000e+00   2.0783000e+00   4.3975000e+00   3.9560000e+00
   2.2916000e+00   1.5592000e+00   2.0728000e+00   2.1573000e+00   4.3715000e+00   4.1440000e+00
   2.4389000e+00   1.5357000e+00   2.0560000e+00   2.0552000e+00   4.3032000e+00   4.1468000e+00
   2.3611000e+00   1.4555000e+00   1.9593000e+00   1.8509000e+00   4.2260000e+00   3.9299000e+00
   2.1035000e+00   1.0915000e+00   1.7382000e+00   1.5400000e+00   4.0630000e+00   3.6679000e+00
   1.8214000e+00   7.8970000e-01   1.5221000e+00   1.2769000e+00   3.8561000e+00   3.4080000e+00
   1.7549000e+00   6.8230000e-01   1.4825000e+00   1.2629000e+00   3.7446000e+00   3.3582000e+00
   1.6745000e+00   8.3200000e-01   1.3732000e+00   1.2763000e+00   3.4606000e+00   3.3205000e+00
   1.9341000e+00   6.7690000e-01   1.2466000e+00   9.8780000e-01   3.2337000e+00   3.1599000e+00
   1.4989000e+00  -2.6030000e-01   1.2357000e+00   4.9320000e-01   3.0192000e+00   3.0245000e+00
   3.4070000e-01  -2.6565000e+00  -6.7400000e-02  -7.4200000e-01   2.9040000e+00   3.0906000e+00
   2.1970000e-01  -3.4663000e+00  -7.6170000e-01  -1.9458000e+00   2.9363000e+00   3.0579000e+00
  -5.0100000e-02  -4.6139000e+00  -2.1395000e+00  -3.5207000e+00   2.7788000e+00   2.5665000e+00
  -9.2380000e-01  -4.8156000e+00  -3.7777000e+00  -4.9597000e+00   2.3156000e+00   2.1538000e+00
  -3.4436000e+00  -4.6742000e+00  -4.2891000e+00  -4.5876000e+00   2.1873000e+00   2.2140000e+00
  -5.2664000e+00  -6.1313000e+00  -4.9437000e+00  -5.1419000e+00   2.0921000e+00   2.0191000e+00
  -5.0350000e+00  -6.8730000e+00  -5.5367000e+00  -5.8614000e+00   1.7380000e+00   1.8721000e+00
  -7.0329000e+00  -8.2856000e+00  -7.2973000e+00  -6.5222000e+00   1.3878000e+00   1.6033000e+00
  -3.6068000e+00  -7.0085000e+00  -7.0933000e+00  -7.9776000e+00   9.2930000e-01   1.0022000e+00
  -5.5222000e+00  -3.8461000e+00  -6.1794000e+00  -7.8639000e+00   5.2420000e-01   5.4060000e-01
  -7.9408000e+00  -6.6883000e+00  -4.4415000e+00  -3.7007000e+00   3.6490000e-01  -4.8800000e-02
  -1.1508100e+01  -1.1795200e+01  -9.7823000e+00  -8.2189000e+00   4.5700000e-02  -5.6210000e-01
  -1.3148500e+01  -1.3736300e+01  -1.1347700e+01  -9.6795000e+00  -1.5060000e-01  -9.3680000e-01
  -1.4358300e+01  -1.5557600e+01  -1.3602600e+01  -1.2728900e+01  -2.2730000e-01  -5.2170000e-01
  -1.4760700e+01  -1.4897000e+01  -1.4252500e+01  -1.3843800e+01  -1.7330000e-01   8.2810000e-01
  -1.7154200e+01  -1.4991800e+01  -1.5915700e+01  -1.4970300e+01  -4.8570000e-01   2.0490000e-01
  -1.5798400e+01  -1.4035700e+01  -1.4634000e+01  -1.4202700e+01  -1.1359000e+00  -5.6030000e-01
  -1.4520300e+01  -1.3099500e+01  -1.2879300e+01  -1.2075900e+01  -2.3717000e+00  -2.5393000e+00
  -1.1659200e+01  -1.0031900e+01  -1.0195600e+01  -9.5356000e+00  -8.4090000e-01  -3.3050000e+00
  -9.8107000e+00  -7.6860000e+00  -8.6348000e+00  -8.0495000e+00  -3.5076000e+00  -3.4986000e+00
  -9.1117000e+00  -7.8770000e+00  -8.3507000e+00  -7.9676000e+00  -5.1307000e+00  -4.9172000e+00
  -5.9165000e+00  -4.5741000e+00  -5.1873000e+00  -4.6784000e+00  -5.3421000e+00  -4.3865000e+00
  -3.4580000e+00  -2.1508000e+00  -2.7409000e+00  -1.6952000e+00  -5.1834000e+00  -3.6569000e+00
  -1.5838000e+00  -3.7570000e-01  -8.1990000e-01  -3.0920000e-01  -2.3289000e+00  -3.1929000e+00
  -1.6000000e+00   3.3000000e-03  -3.8270000e-01   3.3910000e-01   1.8810000e-01  -2.7655000e+00
  -9.0500000e-02  -1.0280000e-01  -3.4640000e-01  -6.4400000e-02  -2.1020000e+00  -4.0595000e+00
   7.0930000e-01   7.6840000e-01   2.8440000e-01   2.5190000e-01  -2.9658000e+00  -4.3583000e+00
   2.2100000e-01  -7.5000000e-02  -2.7580000e-01  -4.4040000e-01  -2.7982000e+00  -2.8000000e+00
   9.2040000e-01   2.7380000e-01  -8.0800000e-02  -5.8070000e-01  -1.5843000e+01  -7.9663000e+00
   1.9127000e+00   1.0574000e+00   5.4120000e-01   4.4900000e-02  -1.7885400e+01  -8.8358000e+00
   5.9830000e+00   4.8807000e+00   3.7919000e+00   2.2994000e+00  -1.6862600e+01  -1.2399700e+01
   8.2223000e+00   7.3419000e+00   6.3614000e+00   5.5892000e+00  -1.5676700e+01  -1.4594000e+01
   1.1887800e+01   1.1591300e+01   1.0337100e+01   9.4521000e+00  -1.2615000e+01  -1.0721000e+01
   1.1847700e+01   1.2156700e+01   1.1186900e+01   1.0760200e+01  -1.3643800e+01  -1.0077500e+01
   9.8846000e+00   1.0367600e+01   1.1266500e+01   1.1758700e+01  -1.3458400e+01  -1.0218100e+01
   1.2842400e+01   1.1522200e+01   1.2068000e+01   1.1446500e+01  -1.4216400e+01  -1.0593200e+01
   1.2929600e+01   1.0856300e+01   1.0944000e+01   9.7499000e+00  -1.6053100e+01  -1.1194500e+01
   1.2384600e+01   1.4268600e+01   1.3325700e+01   1.2947400e+01  -1.3110900e+01  -1.1122300e+01
   7.1215000e+00   8.5265000e+00   7.7977000e+00   8.6949000e+00  -1.1320100e+01  -9.9203000e+00
   6.4419000e+00   8.3364000e+00   7.7639000e+00   8.7712000e+00  -7.5985000e+00  -9.1383000e+00
  -1.1371000e+00   2.0427000e+00   1.5200000e+00   3.1634000e+00  -5.3481000e+00  -9.2842000e+00
   2.6211000e+00   1.4253000e+00   6.8520000e-01   9.2500000e-02  -6.0322000e+00  -9.8364000e+00
   5.1458000e+00   5.8545000e+00   5.1579000e+00   5.8121000e+00  -5.9350000e+00  -9.3206000e+00
   6.5543000e+00   7.6227000e+00   6.6446000e+00   6.9128000e+00  -6.0656000e+00  -6.9240000e+00
   8.6418000e+00   6.7681000e+00   9.5563000e+00   1.0296900e+01  -5.5207000e+00  -7.2074000e+00
   4.7246000e+00   3.4455000e+00   6.0482000e+00   6.1241000e+00  -4.8084000e+00  -7.4407000e+00
   2.1901000e+00   3.4230000e-01   1.1983000e+00   7.5600000e-02  -3.7710000e+00  -6.7511000e+00
  -1.9197000e+00  -2.4129000e+00  -3.3176000e+00  -4.1357000e+00  -4.2925000e+00  -6.4473000e+00
  -2.7179000e+00  -2.8807000e+00  -4.2960000e+00  -4.9942000e+00  -4.1528000e+00  -5.9492000e+00
  -4.5923000e+00  -3.6577000e+00  -4.8130000e+00  -4.4675000e+00  -3.9954000e+00  -5.2855000e+00
  -4.7912000e+00  -4.2905000e+00  -4.4621000e+00  -4.4148000e+00  -3.3775000e+00  -4.3725000e+00
  -4.5509000e+00  -4.3125000e+00  -4.3874000e+00  -4.5761000e+00  -2.5959000e+00  -3.2657000e+00
  -4.4079000e+00  -4.1392000e+00  -4.5125000e+00  -4.8192000e+00  -1.6981000e+00  -1.9925000e+00
  -4.5915000e+00  -4.1292000e+00  -4.4462000e+00  -4.4150000e+00  -6.3790000e-01  -7.7760000e-01
  -4.6415000e+00  -4.3031000e+00  -4.6205000e+00  -4.6878000e+00   3.7310000e-01   3.0070000e-01
  -4.8859000e+00  -4.5345000e+00  -4.6370000e+00  -4.5557000e+00   1.0410000e+00   1.1970000e+00
  -4.7705000e+00  -4.4602000e+00  -4.2280000e+00  -3.9525000e+00   1.9562000e+00   2.0532000e+00
  -4.2021000e+00  -4.4593000e+00  -4.1221000e+00  -4.1690000e+00   2.6349000e+00   2.7803000e+00
  -4.1688000e+00  -3.9500000e+00  -3.8787000e+00  -3.6793000e+00   3.1800000e+00   3.2868000e+00
  -3.7892000e+00  -3.8245000e+00  -3.6430000e+00  -3.5326000e+00   3.8464000e+00   3.9947000e+00
  -3.6112000e+00  -3.2899000e+00  -3.2100000e+00  -2.9994000e+00   4.4440000e+00   4.6783000e+00
  -3.3950000e+00  -3.0951000e+00  -3.0309000e+00  -2.8050000e+00   4.8530000e+00   5.0458000e+00
  -3.1864000e+00  -2.9322000e+00  -2.8759000e+00  -2.7157000e+00   5.0540000e+00   5.2756000e+00
  -2.7594000e+00  -2.5411000e+00  -2.3785000e+00  -2.2128000e+00   5.3836000e+00   5.3557000e+00
  -2.0222000e+00  -1.9064000e+00  -1.6368000e+00  -1.4437000e+00   5.4316000e+00   5.4735000e+00
  -1.2558000e+00  -1.2100000e+00  -9.5730000e-01  -7.7830000e-01   5.3399000e+00   5.4398000e+00
  -6.5260000e-01  -6.3200000e-01  -4.9930000e-01  -4.0360000e-01   5.2132000e+00   5.3633000e+00
  -1.3660000e-01  -1.5410000e-01  -3.6400000e-02   3.3100000e-02   5.1598000e+00   5.1035000e+00
   2.3880000e-01   2.7580000e-01   2.9470000e-01   3.4440000e-01   5.0471000e+00   4.8046000e+00
   5.6300000e-01   6.9300000e-01   7.1660000e-01   8.1520000e-01   4.6584000e+00   4.0857000e+00
   7.9100000e-01   1.0832000e+00   9.6210000e-01   1.0564000e+00   3.9347000e+00   3.3229000e+00
   8.8910000e-01   1.2494000e+00   1.0821000e+00   1.1966000e+00   3.7042000e+00   3.2599000e+00
   1.0355000e+00   1.3352000e+00   1.2360000e+00   1.3542000e+00   3.0933000e+00   2.6843000e+00
   1.2144000e+00   1.4388000e+00   1.3862000e+00   1.4718000e+00   2.1452000e+00   1.8446000e+00
   1.3752000e+00   1.6421000e+00   1.5689000e+00   1.6593000e+00   2.0106000e+00   2.1109000e+00
   1.5156000e+00   1.8343000e+00   1.6939000e+00   1.7926000e+00   2.5408000e+00   2.8246000e+00
   1.7549000e+00   1.8488000e+00   1.7138000e+00   1.7286000e+00   2.6798000e+00   3.0477000e+00
   1.8767000e+00   1.6966000e+00   1.7020000e+00   1.6007000e+00   3.0142000e+00   3.4217000e+00
   2.0536000e+00   1.7236000e+00   1.8875000e+00   1.7522000e+00   3.6176000e+00   3.8346000e+00
   2.3290000e+00   1.9240000e+00   2.1216000e+00   1.9931000e+00   3.9509000e+00   3.9896000e+00
   2.5444000e+00   2.0922000e+00   2.3373000e+00   2.2478000e+00   4.2247000e+00   4.2129000e+00
   2.6467000e+00   2.2012000e+00   2.4776000e+00   2.4274000e+00   4.3838000e+00   4.3174000e+00
   2.6868000e+00   2.2069000e+00   2.5014000e+00   2.4668000e+00   4.2668000e+00   4.1750000e+00
   2.7412000e+00   2.1837000e+00   2.5019000e+00   2.4788000e+00   4.0454000e+00   4.0213000e+00
   2.7575000e+00   2.0856000e+00   2.4397000e+00   2.4014000e+00   3.8777000e+00   3.9293000e+00
   2.6141000e+00   1.8989000e+00   2.2830000e+00   2.2663000e+00   3.6652000e+00   3.8841000e+00
   2.4485000e+00   1.7328000e+00   2.1247000e+00   2.1523000e+00   3.5364000e+00   3.7923000e+00
   2.2336000e+00   1.4495000e+00   1.8952000e+00   1.9669000e+00   3.3994000e+00   3.6311000e+00
   1.8562000e+00   9.5730000e-01   1.5342000e+00   1.6766000e+00   3.2438000e+00   3.4748000e+00
   1.5465000e+00   5.1470000e-01   1.2199000e+00   1.3963000e+00   3.0752000e+00   3.3228000e+00
   1.1135000e+00   3.7300000e-02   7.9300000e-01   1.0012000e+00   2.8600000e+00   3.0860000e+00
   6.4910000e-01  -2.8140000e-01   4.3980000e-01   7.4560000e-01   2.6043000e+00   2.8716000e+00
   1.8660000e-01  -5.0320000e-01   1.4250000e-01   5.0180000e-01   2.3385000e+00   2.6745000e+00
  -3.9020000e-01  -7.5500000e-01  -2.0950000e-01   7.3300000e-02   2.1380000e+00   2.4654000e+00
  -8.1150000e-01  -9.3150000e-01  -5.1780000e-01  -4.5220000e-01   1.8910000e+00   2.3902000e+00
  -1.1802000e+00  -1.2158000e+00  -9.7800000e-01  -1.1596000e+00   1.7149000e+00   2.3785000e+00
  -1.5768000e+00  -1.5891000e+00  -1.6036000e+00  -1.9328000e+00   1.6685000e+00   2.2806000e+00
  -2.1626000e+00  -2.2556000e+00  -2.3877000e+00  -2.6279000e+00   1.8731000e+00   2.2595000e+00
  -2.9698000e+00  -3.1648000e+00  -3.1804000e+00  -3.2104000e+00   1.7247000e+00   2.2832000e+00
  -3.8548000e+00  -3.8419000e+00  -3.9241000e+00  -3.8888000e+00   1.7139000e+00   2.1432000e+00
  -5.0513000e+00  -5.0293000e+00  -4.8768000e+00  -4.8122000e+00   1.7554000e+00   2.0517000e+00
  -5.9981000e+00  -5.6736000e+00  -5.5502000e+00  -5.7850000e+00   1.5733000e+00   1.9204000e+00
  -6.0635000e+00  -6.3403000e+00  -6.0305000e+00  -6.3110000e+00   1.3514000e+00   1.6971000e+00
  -7.4134000e+00  -6.9614000e+00  -7.4920000e+00  -7.6753000e+00   1.3299000e+00   1.3538000e+00
  -8.6582000e+00  -8.6020000e+00  -8.4748000e+00  -8.5360000e+00   1.0713000e+00   1.0496000e+00
  -9.2777000e+00  -9.2960000e+00  -9.1286000e+00  -9.1105000e+00   9.2200000e-01   7.5290000e-01
  -9.3878000e+00  -9.3336000e+00  -9.1931000e+00  -9.2397000e+00   1.1975000e+00   7.1120000e-01
  -9.7428000e+00  -9.7822000e+00  -9.5034000e+00  -9.4972000e+00   1.2555000e+00   4.7450000e-01
  -9.2945000e+00  -9.6072000e+00  -9.0551000e+00  -9.1515000e+00   8.5810000e-01   3.0920000e-01
  -8.4922000e+00  -9.2057000e+00  -8.6175000e+00  -8.8550000e+00   5.0800000e-01  -5.2000000e-02
  -8.4390000e+00  -9.0837000e+00  -8.5639000e+00  -8.8965000e+00   4.9180000e-01  -4.2210000e-01
  -8.6308000e+00  -9.0511000e+00  -8.7756000e+00  -8.9932000e+00   1.8590000e-01  -4.4910000e-01
  -9.2589000e+00  -9.3286000e+00  -9.0377000e+00  -8.9206000e+00  -7.0270000e-01  -1.8760000e-01
  -9.4212000e+00  -9.2095000e+00  -9.0067000e+00  -8.7702000e+00  -1.0422000e+00  -1.8300000e-01
  -8.8165000e+00  -8.6101000e+00  -8.3684000e+00  -8.1041000e+00  -6.7360000e-01  -2.6250000e-01
  -7.5486000e+00  -7.8846000e+00  -7.3353000e+00  -7.2309000e+00  -8.9610000e-01  -9.1570000e-01
  -5.9273000e+00  -6.7918000e+00  -6.2395000e+00  -6.3629000e+00  -6.0420000e-01  -1.3650000e+00
  -5.2090000e+00  -6.0887000e+00  -5.6113000e+00  -5.6465000e+00  -1.0489000e+00  -1.3700000e+00
  -5.0149000e+00  -5.5139000e+00  -5.0765000e+00  -4.9771000e+00  -1.3422000e+00  -1.6362000e+00
  -4.4038000e+00  -4.7375000e+00  -4.4274000e+00  -4.4064000e+00  -1.6505000e+00  -1.5960000e+00
  -4.0317000e+00  -4.2576000e+00  -3.9964000e+00  -3.9574000e+00  -1.4375000e+00  -1.3955000e+00
  -3.7456000e+00  -3.7710000e+00  -3.7589000e+00  -3.7610000e+00  -1.6377000e+00  -1.2395000e+00
  -3.3986000e+00  -3.6391000e+00  -3.6179000e+00  -3.7140000e+00  -1.7193000e+00  -1.4292000e+00
  -3.1945000e+00  -3.3328000e+00  -3.2425000e+00  -3.3638000e+00  -1.6455000e+00  -1.3708000e+00
  -3.0723000e+00  -3.3147000e+00  -3.1211000e+00  -3.1615000e+00  -1.5482000e+00  -1.3795000e+00
  -2.7204000e+00  -3.0248000e+00  -2.7962000e+00  -2.8642000e+00  -1.5394000e+00  -1.4340000e+00
  -2.2337000e+00  -2.4523000e+00  -2.2528000e+00  -2.2592000e+00  -1.4892000e+00  -1.7907000e+00
  -1.4790000e+00  -1.7412000e+00  -1.5427000e+00  -1.5249000e+00  -1.5314000e+00  -2.4480000e+00
  -9.5010000e-01  -1.0698000e+00  -1.0081000e+00  -9.6620000e-01  -1.7565000e+00  -3.0111000e+00
  -9.6430000e-01  -8.6710000e-01  -9.3840000e-01  -8.6790000e-01  -2.1426000e+00  -3.3801000e+00
  -1.2127000e+00  -1.0096000e+00  -1.1283000e+00  -1.0451000e+00  -2.3884000e+00  -4.1067000e+00
  -1.3301000e+00  -1.1097000e+00  -1.2529000e+00  -1.1637000e+00  -2.9726000e+00  -3.3979000e+00
  -1.5930000e+00  -1.4551000e+00  -1.5740000e+00  -1.5239000e+00  -3.9593000e+00  -3.0481000e+00
  -1.7807000e+00  -1.6267000e+00  -1.7476000e+00  -1.6858000e+00  -3.0982000e+00  -2.7368000e+00
  -2.0749000e+00  -1.9383000e+00  -2.0391000e+00  -2.0009000e+00  -2.7885000e+00  -2.6568000e+00
  -2.1385000e+00  -1.9807000e+00  -2.1010000e+00  -2.0745000e+00  -2.5778000e+00  -2.3538000e+00
  -2.2225000e+00  -2.1367000e+00  -2.2310000e+00  -2.2375000e+00  -2.2974000e+00  -2.1595000e+00
  -2.0245000e+00  -2.0148000e+00  -2.0424000e+00  -2.0600000e+00  -1.7624000e+00  -1.8308000e+00
  -1.7335000e+00  -1.7154000e+00  -1.7109000e+00  -1.6826000e+00  -1.4426000e+00  -1.9256000e+00
  -1.3634000e+00  -1.2363000e+00  -1.3786000e+00  -1.3700000e+00  -1.2484000e+00  -1.8214000e+00
  -1.7215000e+00  -1.5801000e+00  -1.7339000e+00  -1.7379000e+00  -1.2107000e+00  -1.8157000e+00
  -1.7484000e+00  -1.6256000e+00  -1.6294000e+00  -1.5576000e+00  -1.1580000e+00  -1.8913000e+00
  -1.4880000e+00  -1.3781000e+00  -1.3849000e+00  -1.3115000e+00  -1.0262000e+00  -1.8363000e+00
  -1.0650000e+00  -9.8710000e-01  -1.0311000e+00  -9.9330000e-01  -1.0438000e+00  -1.4469000e+00
  -8.6500000e-01  -7.7820000e-01  -8.5290000e-01  -8.5040000e-01  -9.8430000e-01  -5.2630000e-01
  -8.2850000e-01  -7.5300000e-01  -7.8540000e-01  -7.6960000e-01  -4.4680000e-01   5.6700000e-01
  -6.1470000e-01  -5.8200000e-01  -5.6510000e-01  -5.4940000e-01   3.8000000e-01   1.4808000e+00
  -2.4400000e-01  -2.7550000e-01  -2.1920000e-01  -2.1150000e-01   1.5161000e+00   2.6986000e+00
   1.2140000e-01   7.9600000e-02   9.4200000e-02   7.5400000e-02   2.6589000e+00   3.6833000e+00
   3.6750000e-01   4.4750000e-01   4.4250000e-01   4.8790000e-01   3.6365000e+00   4.2050000e+00
   4.2410000e-01   5.6340000e-01   5.8800000e-01   6.9820000e-01   4.4244000e+00   5.0692000e+00
   6.4250000e-01   7.0390000e-01   7.6640000e-01   8.5870000e-01   5.6784000e+00   6.2940000e+00
   1.1286000e+00   1.1761000e+00   1.2112000e+00   1.2669000e+00   6.7387000e+00   7.0912000e+00
   1.6969000e+00   1.7817000e+00   1.7973000e+00   1.8553000e+00   7.1575000e+00   7.0704000e+00
   2.1017000e+00   2.1661000e+00   2.1666000e+00   2.1883000e+00   7.3169000e+00   6.9686000e+00
   2.3653000e+00   2.5886000e+00   2.5515000e+00   2.6249000e+00   7.4305000e+00   6.9186000e+00
   2.6176000e+00   2.8043000e+00   2.8186000e+00   2.9150000e+00   7.3719000e+00   6.6471000e+00
   2.8577000e+00   2.9973000e+00   2.9904000e+00   3.0369000e+00   7.2924000e+00   6.5518000e+00
   3.3540000e+00   3.4654000e+00   3.4702000e+00   3.5093000e+00   7.0404000e+00   6.3402000e+00
   3.9382000e+00   4.0418000e+00   4.0589000e+00   4.0909000e+00   7.0954000e+00   6.0663000e+00
   4.2001000e+00   4.3642000e+00   4.3630000e+00   4.4063000e+00   7.1797000e+00   6.3434000e+00
   4.6081000e+00   4.8310000e+00   4.7646000e+00   4.8073000e+00   6.6725000e+00   6.1641000e+00
   5.2722000e+00   5.6758000e+00   5.2913000e+00   5.1846000e+00   5.8935000e+00   5.5931000e+00
   5.3218000e+00   6.0645000e+00   5.5637000e+00   5.5055000e+00   5.1505000e+00   4.7298000e+00
   4.8189000e+00   5.6063000e+00   5.0708000e+00   4.9855000e+00   4.5425000e+00   4.1373000e+00
   4.1177000e+00   4.9959000e+00   4.4125000e+00   4.3729000e+00   3.5196000e+00   3.4152000e+00
   3.7971000e+00   4.1271000e+00   3.9828000e+00   4.0355000e+00   2.5558000e+00   2.4146000e+00
   3.9921000e+00   4.2394000e+00   4.2030000e+00   4.2500000e+00   1.8693000e+00   1.6899000e+00
   3.7947000e+00   4.3670000e+00   4.2639000e+00   4.4511000e+00   1.0781000e+00   6.3740000e-01
   3.8027000e+00   4.4029000e+00   4.2633000e+00   4.4259000e+00   7.7100000e-02  -3.0860000e-01
   3.9643000e+00   4.5142000e+00   4.4242000e+00   4.5598000e+00  -4.7150000e-01  -8.6010000e-01
   4.4017000e+00   4.7545000e+00   4.6765000e+00   4.8074000e+00  -7.5140000e-01  -1.0402000e+00
   4.8993000e+00   4.9321000e+00   4.9050000e+00   4.9362000e+00  -8.8220000e-01  -1.1126000e+00
   5.6210000e+00   5.6297000e+00   5.6623000e+00   5.6650000e+00  -1.4529000e+00  -1.1976000e+00
   5.5968000e+00   5.6907000e+00   5.7083000e+00   5.8764000e+00  -1.9657000e+00  -1.0793000e+00
   5.5099000e+00   5.4875000e+00   5.5368000e+00   5.5684000e+00  -2.0630000e+00  -1.1234000e+00
   5.1946000e+00   5.1876000e+00   5.3382000e+00   5.4848000e+00  -1.9311000e+00  -1.1702000e+00
   4.7128000e+00   4.7113000e+00   4.8831000e+00   5.0635000e+00  -1.6798000e+00  -9.3990000e-01
   4.1789000e+00   4.1237000e+00   4.3158000e+00   4.5064000e+00  -1.4088000e+00  -3.8560000e-01
   3.7748000e+00   3.5015000e+00   3.7824000e+00   3.9273000e+00  -7.5380000e-01   3.2080000e-01
   3.8565000e+00   3.3843000e+00   3.7426000e+00   3.8301000e+00   5.0500000e-01   8.3830000e-01
   3.9191000e+00   3.3605000e+00   3.7330000e+00   3.8065000e+00   1.4522000e+00   1.0002000e+00
   3.8789000e+00   3.4469000e+00   3.6953000e+00   3.7717000e+00   1.7581000e+00   1.0781000e+00
   3.2869000e+00   3.1448000e+00   3.2869000e+00   3.4701000e+00   1.8428000e+00   9.8150000e-01
   2.4849000e+00   2.5005000e+00   2.6808000e+00   2.9794000e+00   2.0422000e+00   9.1780000e-01
   1.6764000e+00   1.5982000e+00   1.9622000e+00   2.2846000e+00   2.2141000e+00   8.9090000e-01
   8.4910000e-01   8.4000000e-01   1.2681000e+00   1.5354000e+00   2.3960000e+00   7.9130000e-01
  -2.3780000e-01  -1.4000000e-02   1.5130000e-01   2.4230000e-01   2.4601000e+00   5.2620000e-01
  -1.1446000e+00  -1.2425000e+00  -1.2872000e+00  -1.6970000e+00   2.6612000e+00   4.9430000e-01
  -1.7504000e+00  -2.9336000e+00  -2.8347000e+00  -3.5034000e+00   2.9352000e+00   6.7670000e-01
  -2.2535000e+00  -3.9187000e+00  -3.0613000e+00  -3.6036000e+00   2.9926000e+00   1.2753000e+00
  -1.8182000e+00  -3.2845000e+00  -2.7124000e+00  -3.3957000e+00   3.0543000e+00   2.0982000e+00
  -1.8443000e+00  -3.1671000e+00  -2.8451000e+00  -3.4714000e+00   3.4658000e+00   2.8612000e+00
  -2.1551000e+00  -3.4407000e+00  -3.0683000e+00  -3.3915000e+00   4.0778000e+00   3.2826000e+00
  -2.0730000e+00  -2.8716000e+00  -2.5169000e+00  -2.5957000e+00   4.5121000e+00   3.6547000e+00
  -1.8769000e+00  -2.4068000e+00  -2.3911000e+00  -2.7349000e+00   4.8853000e+00   4.0788000e+00
  -2.2053000e+00  -2.8786000e+00  -2.9371000e+00  -3.2909000e+00   4.9387000e+00   4.5245000e+00
  -2.6552000e+00  -3.2847000e+00  -3.1966000e+00  -3.5225000e+00   4.9041000e+00   4.9029000e+00
  -2.8769000e+00  -3.4555000e+00  -3.3619000e+00  -3.5839000e+00   4.9483000e+00   5.0435000e+00
  -3.0949000e+00  -3.8182000e+00  -3.6323000e+00  -3.7910000e+00   4.9281000e+00   5.2782000e+00
  -3.2565000e+00  -4.0378000e+00  -3.7998000e+00  -3.9682000e+00   4.7327000e+00   5.3372000e+00
  -3.2546000e+00  -4.1112000e+00  -3.8116000e+00  -3.9500000e+00   4.5444000e+00   5.1407000e+00
  -3.0313000e+00  -3.9662000e+00  -3.6446000e+00  -3.8421000e+00   4.3424000e+00   5.2012000e+00
  -2.8462000e+00  -3.6199000e+00  -3.3780000e+00  -3.5679000e+00   4.0549000e+00   4.9931000e+00
  -2.5343000e+00  -3.2494000e+00  -3.0953000e+00  -3.3158000e+00   3.6742000e+00   4.4860000e+00
  -2.4664000e+00  -3.2966000e+00  -3.1230000e+00  -3.3496000e+00   2.8831000e+00   4.3627000e+00
  -2.5112000e+00  -3.1653000e+00  -3.0233000e+00  -3.2204000e+00   2.2877000e+00   4.1459000e+00
  -2.8186000e+00  -3.1238000e+00  -3.0889000e+00  -3.1890000e+00   2.0066000e+00   3.4530000e+00
  -2.9501000e+00  -3.1145000e+00  -3.0448000e+00  -3.0958000e+00   2.5649000e+00   3.2794000e+00
  -3.0556000e+00  -3.1894000e+00  -3.1408000e+00  -3.1678000e+00   3.4991000e+00   3.6765000e+00
  -2.7914000e+00  -2.8552000e+00  -2.8692000e+00  -2.9788000e+00   4.3072000e+00   4.4834000e+00
  -2.8132000e+00  -2.8118000e+00  -2.8454000e+00  -2.8545000e+00   5.5958000e+00   5.3376000e+00
  -2.4961000e+00  -2.9697000e+00  -2.9291000e+00  -3.1058000e+00   6.9468000e+00   5.1652000e+00
  -2.2930000e+00  -2.3552000e+00  -2.3712000e+00  -2.4004000e+00   6.5493000e+00   4.7071000e+00
  -1.8640000e+00  -2.6486000e+00  -2.4018000e+00  -2.7194000e+00   6.8578000e+00   4.7631000e+00
  -8.4830000e-01  -1.1046000e+00  -1.2788000e+00  -1.5654000e+00   7.5020000e+00   4.6696000e+00
  -6.1380000e-01  -8.8360000e-01  -8.8600000e-01  -1.0152000e+00   7.5894000e+00   5.4128000e+00
  -1.7460000e-01  -5.5750000e-01  -5.6340000e-01  -7.9230000e-01   7.6061000e+00   6.3430000e+00
  -8.0800000e-01  -8.9030000e-01  -9.6660000e-01  -9.7880000e-01   8.6161000e+00   7.3626000e+00
  -3.9500000e-02  -1.7480000e-01  -2.1300000e-01  -2.5350000e-01   8.5233000e+00   8.3429000e+00
   3.9440000e-01   3.6890000e-01   3.7550000e-01   3.8720000e-01   8.8695000e+00   8.5735000e+00
   4.8410000e-01   5.3520000e-01   4.5830000e-01   4.6330000e-01   9.5679000e+00   8.7378000e+00
   1.0773000e+00   9.1350000e-01   8.1210000e-01   6.7050000e-01   7.6561000e+00   8.8607000e+00
   1.4060000e+00   1.2981000e+00   1.2497000e+00   1.1790000e+00   1.1091100e+01   1.0148100e+01
   2.0328000e+00   1.9625000e+00   1.9157000e+00   1.8447000e+00   8.3528000e+00   9.5354000e+00
   2.3993000e+00   2.4553000e+00   2.4728000e+00   2.5093000e+00   9.3675000e+00   1.2119100e+01
   2.5802000e+00   2.6444000e+00   2.6869000e+00   2.7640000e+00   6.1867000e+00   9.8645000e+00
   2.4051000e+00   2.5013000e+00   2.5545000e+00   2.6597000e+00   7.6626000e+00   7.3328000e+00
   2.3166000e+00   2.2721000e+00   2.3054000e+00   2.3246000e+00   8.4488000e+00   7.7551000e+00
   2.7693000e+00   2.5736000e+00   2.5495000e+00   2.4298000e+00   8.5324000e+00   7.6839000e+00
   3.6478000e+00   3.4476000e+00   3.3400000e+00   3.1322000e+00   1.0122000e+01   9.2545000e+00
   4.3589000e+00   4.2549000e+00   4.1836000e+00   4.0308000e+00   1.0142900e+01   8.6666000e+00
   4.8624000e+00   4.7045000e+00   4.6783000e+00   4.5308000e+00   9.9339000e+00   9.2800000e+00
   6.9004000e+00   6.4992000e+00   5.9876000e+00   5.4570000e+00   9.5018000e+00   9.2999000e+00
   9.8003000e+00   9.6343000e+00   8.8039000e+00   8.1796000e+00   1.0296000e+01   1.0536100e+01
   1.0597400e+01   1.1081600e+01   1.0579500e+01   1.0394800e+01   7.7219000e+00   9.3422000e+00
   9.8298000e+00   1.0314200e+01   1.0428000e+01   1.0707100e+01   4.4703000e+00   6.7720000e+00
   9.6265000e+00   9.8214000e+00   9.8651000e+00   1.0147500e+01   5.8156000e+00   5.7649000e+00
   9.6954000e+00   9.9759000e+00   9.9623000e+00   1.0083700e+01   4.7223000e+00   5.8181000e+00
   9.3180000e+00   9.2660000e+00   9.6885000e+00   9.9850000e+00   5.2213000e+00   6.5223000e+00
   9.2110000e+00   9.3572000e+00   1.0272300e+01   1.1192800e+01   5.9972000e+00   7.1831000e+00
   9.9200000e+00   1.0211500e+01   9.8900000e+00   9.8129000e+00   6.1448000e+00   7.4510000e+00
   9.0724000e+00   9.5800000e+00   9.2228000e+00   9.1988000e+00   6.0416000e+00   6.6759000e+00
   8.3850000e+00   8.6250000e+00   8.5369000e+00   8.5395000e+00   5.7400000e+00   6.7409000e+00
   8.8897000e+00   8.9656000e+00   9.2177000e+00   9.3379000e+00   6.1301000e+00   6.9448000e+00
   9.0535000e+00   9.1772000e+00   9.1906000e+00   9.2281000e+00   6.3869000e+00   7.1151000e+00
   8.6074000e+00   9.0914000e+00   8.6986000e+00   8.7322000e+00   6.1987000e+00   6.4634000e+00
   7.5267000e+00   7.5979000e+00   7.5756000e+00   7.5002000e+00   5.1315000e+00   5.4416000e+00
   7.5726000e+00   7.5586000e+00   7.9873000e+00   8.2133000e+00   4.2486000e+00   5.2565000e+00
   7.9793000e+00   7.5494000e+00   7.8130000e+00   7.6391000e+00   3.7780000e+00   5.9612000e+00
   7.8540000e+00   8.0399000e+00   7.8536000e+00   7.7726000e+00   3.8156000e+00   6.8960000e+00
   8.0479000e+00   7.9777000e+00   7.9811000e+00   7.9377000e+00   4.7326000e+00   7.3091000e+00
   8.5605000e+00   8.8818000e+00   8.6298000e+00   8.6274000e+00   5.6338000e+00   6.4992000e+00
   7.6148000e+00   7.7971000e+00   7.8343000e+00   7.9478000e+00   6.2532000e+00   6.5984000e+00
   7.3344000e+00   7.6875000e+00   7.4089000e+00   7.4782000e+00   6.5112000e+00   6.7278000e+00
   7.2209000e+00   7.6323000e+00   7.1940000e+00   7.1307000e+00   6.3023000e+00   6.3406000e+00
   7.6457000e+00   8.1264000e+00   7.7864000e+00   7.7052000e+00   5.7594000e+00   5.9609000e+00
   7.2684000e+00   7.8937000e+00   7.2196000e+00   7.1615000e+00   5.9234000e+00   6.0404000e+00
   7.2280000e+00   7.4288000e+00   7.3674000e+00   7.2734000e+00   6.2270000e+00   6.0886000e+00
   5.8393000e+00   6.4389000e+00   6.5183000e+00   6.8384000e+00   6.1027000e+00   6.3082000e+00
   5.5884000e+00   5.5517000e+00   5.9078000e+00   6.0686000e+00   6.0113000e+00   6.3236000e+00
   6.3362000e+00   6.6172000e+00   6.6603000e+00   6.8884000e+00   6.2560000e+00   6.2444000e+00
   5.5017000e+00   6.0464000e+00   5.8989000e+00   6.1148000e+00   6.8113000e+00   6.1136000e+00
   4.8653000e+00   5.5094000e+00   5.0689000e+00   5.1299000e+00   5.9599000e+00   5.3996000e+00
   3.5298000e+00   3.8770000e+00   3.8543000e+00   3.9938000e+00   5.2761000e+00   5.2016000e+00
   3.4400000e+00   3.7060000e+00   3.5967000e+00   3.7478000e+00   4.9831000e+00   5.4239000e+00
   3.1737000e+00   3.2313000e+00   3.1108000e+00   3.0772000e+00   4.5991000e+00   5.3609000e+00
   2.5434000e+00   2.5302000e+00   2.7680000e+00   2.8591000e+00   4.3285000e+00   5.2641000e+00
   2.7128000e+00   2.3819000e+00   2.4724000e+00   2.4295000e+00   4.0664000e+00   5.0974000e+00
   4.0075000e+00   3.5112000e+00   3.6139000e+00   3.3585000e+00   3.7057000e+00   4.6847000e+00
   4.2506000e+00   3.5945000e+00   3.9865000e+00   3.8319000e+00   3.3263000e+00   4.0886000e+00
   4.9261000e+00   4.0828000e+00   4.6290000e+00   4.6470000e+00   3.0938000e+00   3.6946000e+00
   5.2649000e+00   4.5783000e+00   5.0075000e+00   4.9844000e+00   2.6557000e+00   3.5089000e+00
   6.0541000e+00   4.9768000e+00   5.6888000e+00   5.6020000e+00   2.2570000e+00   3.3626000e+00
   6.3772000e+00   5.9647000e+00   6.1206000e+00   6.2219000e+00   2.0014000e+00   3.2056000e+00
   5.7021000e+00   5.8935000e+00   5.3319000e+00   5.3201000e+00   1.8941000e+00   3.2613000e+00
   4.3416000e+00   4.7950000e+00   4.1115000e+00   4.1785000e+00   1.7953000e+00   3.4791000e+00
   2.7005000e+00   2.9302000e+00   2.4955000e+00   2.8240000e+00   1.7631000e+00   3.6492000e+00
   3.7118000e+00   2.5754000e+00   2.1064000e+00   1.3532000e+00   1.8022000e+00   3.5405000e+00
   3.3033000e+00   3.4129000e+00   3.2105000e+00   2.6964000e+00   1.7665000e+00   3.2139000e+00
   3.4964000e+00   9.8310000e-01   3.0880000e+00   3.1607000e+00   1.6884000e+00   2.8330000e+00
   4.9881000e+00   2.8520000e+00   4.1676000e+00   3.9644000e+00   1.5967000e+00   2.5539000e+00
   3.9930000e+00   3.8813000e+00   4.1012000e+00   4.4554000e+00   1.4317000e+00   2.3724000e+00
   4.0135000e+00   2.5997000e+00   3.7814000e+00   4.0222000e+00   1.2583000e+00   2.2872000e+00
   4.9013000e+00   3.6120000e+00   3.8954000e+00   3.9957000e+00   1.0930000e+00   2.2057000e+00
   5.1139000e+00   5.3000000e+00   4.2443000e+00   4.1749000e+00   1.0236000e+00   2.1967000e+00
   3.0312000e+00   2.2314000e+00   3.3172000e+00   4.1550000e+00   9.9200000e-01   2.1731000e+00
   1.6154000e+00  -2.8807000e+00   1.0146000e+00   1.2637000e+00   9.3240000e-01   2.0308000e+00
  -8.3660000e-01  -2.2699000e+00  -1.0250000e+00  -1.0692000e+00   6.5490000e-01   1.8749000e+00
  -1.5895000e+00  -3.2561000e+00  -1.2965000e+00  -1.0788000e+00   4.5080000e-01   1.7927000e+00
  -1.5180000e+00  -2.4260000e+00  -1.5435000e+00  -1.9556000e+00   3.1440000e-01   1.6254000e+00
  -2.7583000e+00  -2.1431000e+00  -1.6936000e+00  -1.5670000e+00   1.9690000e-01   1.5434000e+00
  -3.3607000e+00  -3.3019000e+00  -2.5994000e+00  -2.4849000e+00   8.1300000e-02   1.2872000e+00
  -4.0858000e+00  -4.4404000e+00  -3.7136000e+00  -3.3865000e+00  -2.1800000e-01   1.0249000e+00
  -4.2853000e+00  -4.6947000e+00  -3.6144000e+00  -3.4595000e+00  -4.7430000e-01   9.7660000e-01
  -4.9242000e+00  -5.3793000e+00  -4.4054000e+00  -3.9460000e+00  -6.9970000e-01   4.9060000e-01
  -5.7085000e+00  -6.2325000e+00  -5.0659000e+00  -4.9087000e+00  -8.3190000e-01  -3.1200000e-02
  -6.1638000e+00  -7.4891000e+00  -6.5186000e+00  -6.7094000e+00  -8.0330000e-01  -2.7550000e-01
  -6.0286000e+00  -7.1444000e+00  -6.2263000e+00  -6.3826000e+00  -8.2720000e-01  -5.2070000e-01
  -5.8439000e+00  -6.2629000e+00  -5.5782000e+00  -5.6599000e+00  -8.4170000e-01  -6.2960000e-01
  -5.8079000e+00  -5.8243000e+00  -5.2017000e+00  -5.1329000e+00  -9.5730000e-01  -8.1680000e-01
  -6.9083000e+00  -7.3150000e+00  -6.7733000e+00  -6.9188000e+00  -1.1433000e+00  -8.1680000e-01
  -7.0944000e+00  -8.2800000e+00  -7.4340000e+00  -7.2776000e+00  -1.2135000e+00  -6.3670000e-01
  -5.3137000e+00  -6.5268000e+00  -6.0252000e+00  -6.6285000e+00  -1.2887000e+00  -1.0060000e+00
  -4.8155000e+00  -5.1330000e+00  -4.3749000e+00  -4.5160000e+00  -1.7382000e+00  -1.1213000e+00
  -4.1333000e+00  -4.4778000e+00  -3.5312000e+00  -3.5943000e+00  -1.9352000e+00  -1.6102000e+00
  -3.5918000e+00  -4.0928000e+00  -3.5827000e+00  -3.6721000e+00  -2.1846000e+00  -2.6566000e+00
  -3.7788000e+00  -4.7618000e+00  -3.7884000e+00  -3.9997000e+00  -2.0944000e+00  -2.3020000e+00
  -4.4976000e+00  -5.2814000e+00  -4.5401000e+00  -4.7504000e+00  -2.4791000e+00  -2.5488000e+00
  -5.3529000e+00  -6.0309000e+00  -5.7833000e+00  -6.2892000e+00  -2.4013000e+00  -2.7123000e+00
  -6.4148000e+00  -6.7399000e+00  -6.3120000e+00  -6.3688000e+00  -2.1101000e+00  -3.1678000e+00
  -6.5580000e+00  -6.7342000e+00  -5.9252000e+00  -5.3652000e+00  -2.3246000e+00  -2.6477000e+00
  -5.6891000e+00  -6.1763000e+00  -4.9886000e+00  -4.4692000e+00  -5.0846000e+00  -1.9419000e+00
  -5.2219000e+00  -5.4758000e+00  -3.6793000e+00  -3.1002000e+00  -5.8373000e+00  -1.9239000e+00
  -3.1418000e+00  -3.7660000e+00  -3.0412000e+00  -3.0358000e+00  -5.6716000e+00  -1.6239000e+00
  -1.0400000e-01  -1.3000000e+00  -1.3160000e+00  -2.0411000e+00  -5.5468000e+00  -1.0686000e+00
   2.4788000e+00  -1.0420000e-01   1.0990000e+00   4.7230000e-01  -5.5240000e+00  -2.1822000e+00
   9.0870000e-01  -1.2690000e-01   1.8500000e-02  -5.9460000e-01  -4.0410000e+00  -3.3923000e+00
   3.4100000e-02  -5.6440000e-01  -1.0850000e-01   8.5300000e-02  -4.6444000e+00  -4.9328000e+00
   1.0396000e+00   1.2158000e+00   9.0670000e-01   9.2570000e-01  -7.1369000e+00  -5.6863000e+00
   5.2380000e-01   1.0718000e+00   1.2195000e+00   1.9268000e+00  -7.4924000e+00  -6.6984000e+00
   1.2550000e-01   4.6640000e-01   7.8140000e-01   1.5609000e+00  -7.7534000e+00  -7.1805000e+00
   2.3820000e-01  -6.5290000e-01  -6.2600000e-02  -1.5390000e-01  -7.8000000e+00  -6.7704000e+00
  -1.5100000e-01  -2.7530000e-01  -3.5480000e-01  -3.3970000e-01  -7.6041000e+00  -5.2126000e+00
  -1.2960000e+00  -6.8340000e-01  -1.6966000e+00  -2.0002000e+00  -6.9716000e+00  -3.2751000e+00
  -1.8348000e+00  -1.8786000e+00  -2.5526000e+00  -2.9796000e+00  -5.9553000e+00  -1.3619000e+00
  -2.0499000e+00  -1.9392000e+00  -2.4383000e+00  -2.7728000e+00  -5.2421000e+00  -1.4280000e-01
  -2.3794000e+00  -3.0294000e+00  -3.8592000e+00  -4.7839000e+00  -4.3309000e+00   2.6920000e-01
  -5.6170000e+00  -6.0710000e+00  -6.1403000e+00  -6.2362000e+00  -2.6289000e+00   9.5480000e-01
  -4.5032000e+00  -3.6347000e+00  -3.4729000e+00  -3.1529000e+00  -1.6176000e+00   1.3369000e+00
  -3.4540000e+00  -2.9812000e+00  -4.0179000e+00  -4.3260000e+00  -1.0197000e+00   1.2638000e+00
  -3.7572000e+00  -3.2015000e+00  -2.6682000e+00  -1.9564000e+00  -9.6820000e-01   1.1646000e+00
  -7.9110000e-01  -4.0640000e-01  -1.0500000e-01   2.3220000e-01  -7.3600000e-02   1.2033000e+00
   1.1135000e+00   1.5747000e+00   1.6757000e+00   2.0384000e+00   1.2226000e+00   1.6291000e+00
