  -7.7789000e+00  -7.6930000e+00  -7.6910000e+00  -7.6436000e+00  -6.8840000e+00  -7.0325000e+00
  -7.7869000e+00  -7.6982000e+00  -7.6968000e+00  -7.6530000e+00  -7.0127000e+00  -7.1456000e+00
  -7.7702000e+00  -7.6885000e+00  -7.6897000e+00  -7.6496000e+00  -7.1337000e+00  -7.2490000e+00
  -7.7366000e+00  -7.6630000e+00  -7.6680000e+00  -7.6262000e+00  -7.2476000e+00  -7.3446000e+00
  -7.7063000e+00  -7.6307000e+00  -7.6331000e+00  -7.5883000e+00  -7.3596000e+00  -7.4386000e+00
  -7.6647000e+00  -7.5952000e+00  -7.5958000e+00  -7.5563000e+00  -7.4703000e+00  -7.5422000e+00
  -7.6241000e+00  -7.5674000e+00  -7.5661000e+00  -7.5326000e+00  -7.5882000e+00  -7.6517000e+00
  -7.5880000e+00  -7.5477000e+00  -7.5440000e+00  -7.5204000e+00  -7.7168000e+00  -7.7639000e+00
  -7.5672000e+00  -7.5376000e+00  -7.5316000e+00  -7.5139000e+00  -7.8412000e+00  -7.8701000e+00
  -7.5500000e+00  -7.5289000e+00  -7.5196000e+00  -7.5051000e+00  -7.9540000e+00  -7.9661000e+00
  -7.5331000e+00  -7.5147000e+00  -7.5051000e+00  -7.4911000e+00  -8.0539000e+00  -8.0612000e+00
  -7.5135000e+00  -7.4965000e+00  -7.4888000e+00  -7.4753000e+00  -8.1446000e+00  -8.1502000e+00
  -7.4965000e+00  -7.4773000e+00  -7.4737000e+00  -7.4584000e+00  -8.2091000e+00  -8.2303000e+00
  -7.4814000e+00  -7.4573000e+00  -7.4601000e+00  -7.4433000e+00  -8.2377000e+00  -8.2662000e+00
  -7.4694000e+00  -7.4372000e+00  -7.4437000e+00  -7.4194000e+00  -8.2846000e+00  -8.3077000e+00
  -7.4522000e+00  -7.4086000e+00  -7.4221000e+00  -7.3907000e+00  -8.3264000e+00  -8.3268000e+00
  -7.4401000e+00  -7.3790000e+00  -7.4096000e+00  -7.3737000e+00  -8.2843000e+00  -8.2585000e+00
  -7.4469000e+00  -7.3576000e+00  -7.4024000e+00  -7.3673000e+00  -8.2553000e+00  -8.2131000e+00
  -7.4606000e+00  -7.3466000e+00  -7.3999000e+00  -7.3697000e+00  -8.1347000e+00  -8.0811000e+00
  -7.4851000e+00  -7.3404000e+00  -7.4055000e+00  -7.3779000e+00  -7.8728000e+00  -7.8017000e+00
  -7.5095000e+00  -7.3371000e+00  -7.4018000e+00  -7.3898000e+00  -7.5899000e+00  -7.5045000e+00
  -7.5020000e+00  -7.3391000e+00  -7.3782000e+00  -7.3736000e+00  -7.2828000e+00  -7.1805000e+00
  -7.4444000e+00  -7.3037000e+00  -7.3081000e+00  -7.3204000e+00  -6.9111000e+00  -6.7947000e+00
  -7.3487000e+00  -7.2530000e+00  -7.2136000e+00  -7.2550000e+00  -6.4475000e+00  -6.3179000e+00
  -7.1889000e+00  -7.1916000e+00  -7.0865000e+00  -7.1609000e+00  -5.9513000e+00  -5.8141000e+00
  -6.9712000e+00  -7.1223000e+00  -6.9302000e+00  -7.0497000e+00  -5.4953000e+00  -5.3692000e+00
  -6.7659000e+00  -7.0096000e+00  -6.7862000e+00  -6.9402000e+00  -5.0783000e+00  -4.9518000e+00
  -6.6246000e+00  -6.9158000e+00  -6.6522000e+00  -6.8374000e+00  -4.6347000e+00  -4.4862000e+00
  -6.5086000e+00  -6.8121000e+00  -6.5239000e+00  -6.7439000e+00  -4.1488000e+00  -3.9876000e+00
  -6.3848000e+00  -6.7051000e+00  -6.4086000e+00  -6.6565000e+00  -3.7074000e+00  -3.5439000e+00
  -6.2586000e+00  -6.5878000e+00  -6.2837000e+00  -6.5576000e+00  -3.3028000e+00  -3.1376000e+00
  -6.1160000e+00  -6.4445000e+00  -6.1394000e+00  -6.4311000e+00  -2.8985000e+00  -2.7533000e+00
  -5.9592000e+00  -6.3011000e+00  -6.0024000e+00  -6.3197000e+00  -2.4741000e+00  -2.3817000e+00
  -5.8056000e+00  -6.2176000e+00  -5.8667000e+00  -6.1900000e+00  -2.0278000e+00  -2.0343000e+00
  -5.6452000e+00  -6.1125000e+00  -5.7407000e+00  -6.0934000e+00  -1.6327000e+00  -1.7238000e+00
  -5.4882000e+00  -5.9951000e+00  -5.6063000e+00  -5.9595000e+00  -1.2986000e+00  -1.4419000e+00
  -5.3319000e+00  -5.8757000e+00  -5.4711000e+00  -5.8323000e+00  -1.0084000e+00  -1.1830000e+00
  -5.1595000e+00  -5.7736000e+00  -5.3489000e+00  -5.7224000e+00  -7.4560000e-01  -9.4360000e-01
  -4.9748000e+00  -5.6836000e+00  -5.2225000e+00  -5.6151000e+00  -5.0420000e-01  -7.1730000e-01
  -4.7843000e+00  -5.6480000e+00  -5.0965000e+00  -5.5167000e+00  -2.7810000e-01  -4.9390000e-01
  -4.5225000e+00  -5.5403000e+00  -4.9172000e+00  -5.3837000e+00  -5.7700000e-02  -2.6870000e-01
  -4.2883000e+00  -5.4624000e+00  -4.7774000e+00  -5.2968000e+00   1.6340000e-01  -4.2500000e-02
  -4.1291000e+00  -5.3917000e+00  -4.6479000e+00  -5.2096000e+00   3.8740000e-01   1.8330000e-01
  -3.9347000e+00  -5.3127000e+00  -4.5262000e+00  -5.0967000e+00   6.1680000e-01   4.1040000e-01
  -3.7521000e+00  -5.2369000e+00  -4.3982000e+00  -5.0043000e+00   8.4520000e-01   6.3710000e-01
  -3.5794000e+00  -5.1475000e+00  -4.2721000e+00  -4.8932000e+00   1.0673000e+00   8.6060000e-01
  -3.4282000e+00  -5.0260000e+00  -4.1440000e+00  -4.7685000e+00   1.2765000e+00   1.0742000e+00
  -3.2992000e+00  -4.9346000e+00  -4.0329000e+00  -4.6629000e+00   1.4662000e+00   1.2741000e+00
  -3.1704000e+00  -4.8454000e+00  -3.9339000e+00  -4.5679000e+00   1.6340000e+00   1.4575000e+00
  -3.0699000e+00  -4.7713000e+00  -3.8539000e+00  -4.4792000e+00   1.7811000e+00   1.6257000e+00
  -3.0244000e+00  -4.6905000e+00  -3.7903000e+00  -4.4100000e+00   1.9084000e+00   1.7772000e+00
  -2.9880000e+00  -4.6172000e+00  -3.7384000e+00  -4.3412000e+00   2.0238000e+00   1.9098000e+00
  -2.9755000e+00  -4.5485000e+00  -3.7106000e+00  -4.2971000e+00   2.1302000e+00   2.0206000e+00
  -2.9907000e+00  -4.5136000e+00  -3.7029000e+00  -4.2567000e+00   2.2198000e+00   2.1072000e+00
  -3.0029000e+00  -4.4815000e+00  -3.7047000e+00  -4.2290000e+00   2.3072000e+00   2.1742000e+00
  -3.0275000e+00  -4.4569000e+00  -3.7155000e+00  -4.2182000e+00   2.3587000e+00   2.2201000e+00
  -3.0762000e+00  -4.4689000e+00  -3.7430000e+00  -4.2235000e+00   2.3741000e+00   2.2600000e+00
  -3.1494000e+00  -4.4862000e+00  -3.7843000e+00  -4.2518000e+00   2.4012000e+00   2.2886000e+00
  -3.2139000e+00  -4.4846000e+00  -3.8192000e+00  -4.2673000e+00   2.4031000e+00   2.3025000e+00
  -3.2860000e+00  -4.4714000e+00  -3.8624000e+00  -4.2981000e+00   2.3804000e+00   2.2939000e+00
  -3.3628000e+00  -4.4817000e+00  -3.9359000e+00  -4.3385000e+00   2.3344000e+00   2.2551000e+00
  -3.4774000e+00  -4.4903000e+00  -4.0156000e+00  -4.3747000e+00   2.2551000e+00   2.1734000e+00
  -3.6196000e+00  -4.5099000e+00  -4.1050000e+00  -4.4304000e+00   2.1503000e+00   2.0884000e+00
  -3.7654000e+00  -4.5560000e+00  -4.2103000e+00  -4.5038000e+00   2.0284000e+00   1.9934000e+00
  -3.9379000e+00  -4.5975000e+00  -4.3380000e+00  -4.6055000e+00   1.9204000e+00   1.9013000e+00
  -4.1441000e+00  -4.6797000e+00  -4.5054000e+00  -4.7467000e+00   1.7826000e+00   1.7107000e+00
  -4.3693000e+00  -4.8047000e+00  -4.7013000e+00  -4.9356000e+00   1.6226000e+00   1.3633000e+00
  -4.6679000e+00  -5.0221000e+00  -4.9562000e+00  -5.1514000e+00   1.6082000e+00   6.7100000e-01
  -4.9572000e+00  -5.2393000e+00  -5.2135000e+00  -5.3810000e+00   1.4547000e+00  -2.2800000e-02
  -5.2401000e+00  -5.4809000e+00  -5.4719000e+00  -5.6237000e+00   5.8030000e-01  -5.2870000e-01
  -5.4998000e+00  -5.7273000e+00  -5.7075000e+00  -5.8393000e+00  -2.4450000e-01  -9.8770000e-01
  -5.7196000e+00  -5.9331000e+00  -5.9007000e+00  -6.0157000e+00  -8.2990000e-01  -1.4405000e+00
  -5.8560000e+00  -6.0875000e+00  -6.0300000e+00  -6.1362000e+00  -1.2885000e+00  -1.8760000e+00
  -5.9611000e+00  -6.1877000e+00  -6.1232000e+00  -6.2243000e+00  -1.7078000e+00  -2.2507000e+00
  -6.0610000e+00  -6.2662000e+00  -6.2121000e+00  -6.3063000e+00  -2.1143000e+00  -2.5629000e+00
  -6.1533000e+00  -6.3203000e+00  -6.2847000e+00  -6.3691000e+00  -2.4755000e+00  -2.8129000e+00
  -6.2556000e+00  -6.3776000e+00  -6.3558000e+00  -6.4250000e+00  -2.8034000e+00  -3.0324000e+00
  -6.3409000e+00  -6.4376000e+00  -6.4157000e+00  -6.4717000e+00  -3.0517000e+00  -3.2268000e+00
  -6.3873000e+00  -6.4783000e+00  -6.4515000e+00  -6.5027000e+00  -3.2608000e+00  -3.3955000e+00
  -6.4027000e+00  -6.4885000e+00  -6.4548000e+00  -6.5020000e+00  -3.4516000e+00  -3.6182000e+00
  -6.4453000e+00  -6.5008000e+00  -6.4673000e+00  -6.4927000e+00  -3.6098000e+00  -3.8463000e+00
  -6.4689000e+00  -6.5032000e+00  -6.4686000e+00  -6.4818000e+00  -3.7973000e+00  -4.0561000e+00
  -6.4811000e+00  -6.5077000e+00  -6.4725000e+00  -6.4816000e+00  -4.0061000e+00  -4.2126000e+00
  -6.4845000e+00  -6.5243000e+00  -6.4896000e+00  -6.5031000e+00  -4.1744000e+00  -4.3256000e+00
  -6.4989000e+00  -6.5370000e+00  -6.5092000e+00  -6.5296000e+00  -4.3224000e+00  -4.4119000e+00
  -6.5281000e+00  -6.5640000e+00  -6.5328000e+00  -6.5496000e+00  -4.4737000e+00  -4.4704000e+00
  -6.5448000e+00  -6.5772000e+00  -6.5489000e+00  -6.5657000e+00  -4.6469000e+00  -4.5525000e+00
  -6.5567000e+00  -6.5798000e+00  -6.5587000e+00  -6.5783000e+00  -4.7942000e+00  -4.6773000e+00
  -6.5594000e+00  -6.5801000e+00  -6.5629000e+00  -6.5787000e+00  -4.8886000e+00  -4.7700000e+00
  -6.5593000e+00  -6.5962000e+00  -6.5791000e+00  -6.5814000e+00  -4.9490000e+00  -4.8455000e+00
  -6.5209000e+00  -6.6003000e+00  -6.5689000e+00  -6.5990000e+00  -5.0084000e+00  -4.9371000e+00
  -6.4954000e+00  -6.6039000e+00  -6.5665000e+00  -6.6110000e+00  -5.0971000e+00  -5.0467000e+00
  -6.4985000e+00  -6.5961000e+00  -6.5682000e+00  -6.6120000e+00  -5.1846000e+00  -5.1366000e+00
  -6.5170000e+00  -6.5808000e+00  -6.5499000e+00  -6.5751000e+00  -5.2340000e+00  -5.1829000e+00
  -6.5153000e+00  -6.5613000e+00  -6.5213000e+00  -6.5369000e+00  -5.2369000e+00  -5.2060000e+00
  -6.4069000e+00  -6.5278000e+00  -6.4719000e+00  -6.4741000e+00  -5.1944000e+00  -5.2301000e+00
  -6.3951000e+00  -6.4889000e+00  -6.4534000e+00  -6.4417000e+00  -5.1468000e+00  -5.2651000e+00
  -6.4124000e+00  -6.4504000e+00  -6.4324000e+00  -6.4145000e+00  -5.1595000e+00  -5.3502000e+00
  -6.4397000e+00  -6.4334000e+00  -6.4212000e+00  -6.4039000e+00  -5.2605000e+00  -5.4240000e+00
  -6.4244000e+00  -6.4298000e+00  -6.4144000e+00  -6.4008000e+00  -5.3998000e+00  -5.4369000e+00
  -6.4039000e+00  -6.4145000e+00  -6.3966000e+00  -6.3877000e+00  -5.5258000e+00  -5.4472000e+00
  -6.3739000e+00  -6.3735000e+00  -6.3613000e+00  -6.3642000e+00  -5.6156000e+00  -5.4998000e+00
  -6.3338000e+00  -6.3213000e+00  -6.3187000e+00  -6.3160000e+00  -5.6204000e+00  -5.5675000e+00
  -6.3054000e+00  -6.2974000e+00  -6.3041000e+00  -6.2979000e+00  -5.5928000e+00  -5.6376000e+00
  -6.2621000e+00  -6.2851000e+00  -6.2765000e+00  -6.2772000e+00  -5.5766000e+00  -5.7014000e+00
  -6.2014000e+00  -6.2370000e+00  -6.2204000e+00  -6.2271000e+00  -5.5952000e+00  -5.7197000e+00
  -6.1229000e+00  -6.1765000e+00  -6.1455000e+00  -6.1584000e+00  -5.6772000e+00  -5.7226000e+00
  -6.0609000e+00  -6.0985000e+00  -6.0723000e+00  -6.0831000e+00  -5.7985000e+00  -5.7502000e+00
  -6.0153000e+00  -6.0459000e+00  -6.0168000e+00  -6.0170000e+00  -5.8580000e+00  -5.7758000e+00
  -5.9725000e+00  -5.9765000e+00  -5.9571000e+00  -5.9474000e+00  -5.8601000e+00  -5.7925000e+00
  -5.9488000e+00  -5.9447000e+00  -5.9300000e+00  -5.9146000e+00  -5.8233000e+00  -5.8389000e+00
  -5.9560000e+00  -5.9530000e+00  -5.9444000e+00  -5.9328000e+00  -5.7431000e+00  -5.9286000e+00
  -5.9823000e+00  -5.9654000e+00  -5.9387000e+00  -5.9099000e+00  -5.8134000e+00  -6.0332000e+00
  -6.0263000e+00  -5.9506000e+00  -5.9357000e+00  -5.8927000e+00  -5.7421000e+00  -5.9419000e+00
  -6.0234000e+00  -5.9770000e+00  -5.9705000e+00  -5.9482000e+00  -5.7711000e+00  -5.8133000e+00
  -6.0094000e+00  -6.0349000e+00  -5.9899000e+00  -5.9987000e+00  -5.6023000e+00  -5.5092000e+00
  -5.9013000e+00  -6.0121000e+00  -5.8818000e+00  -5.8997000e+00  -5.2633000e+00  -5.1100000e+00
  -5.6867000e+00  -5.8586000e+00  -5.7141000e+00  -5.7647000e+00  -4.8518000e+00  -4.6554000e+00
  -5.4909000e+00  -5.6720000e+00  -5.5264000e+00  -5.6085000e+00  -4.3645000e+00  -4.1523000e+00
  -5.2567000e+00  -5.4905000e+00  -5.3080000e+00  -5.4089000e+00  -3.7816000e+00  -3.5503000e+00
  -4.9199000e+00  -5.2905000e+00  -5.0237000e+00  -5.1771000e+00  -3.1826000e+00  -3.0057000e+00
  -4.5394000e+00  -5.0141000e+00  -4.6462000e+00  -4.7926000e+00  -2.6549000e+00  -2.5114000e+00
  -4.1717000e+00  -4.6050000e+00  -4.2874000e+00  -4.4445000e+00  -2.1362000e+00  -2.0309000e+00
  -3.8298000e+00  -4.2788000e+00  -3.9739000e+00  -4.1540000e+00  -1.6038000e+00  -1.5351000e+00
  -3.5035000e+00  -3.9564000e+00  -3.6470000e+00  -3.8056000e+00  -1.0501000e+00  -9.7240000e-01
  -3.1978000e+00  -3.6029000e+00  -3.3199000e+00  -3.4590000e+00  -4.5450000e-01  -4.1090000e-01
  -2.9073000e+00  -3.2964000e+00  -3.0141000e+00  -3.1769000e+00   3.3500000e-02   6.5800000e-02
  -2.6020000e+00  -3.0747000e+00  -2.7492000e+00  -2.9589000e+00   4.6470000e-01   4.9650000e-01
  -2.3275000e+00  -2.9057000e+00  -2.5436000e+00  -2.7792000e+00   9.5390000e-01   9.8260000e-01
  -2.1537000e+00  -2.7090000e+00  -2.3523000e+00  -2.5788000e+00   1.4501000e+00   1.4605000e+00
  -1.9838000e+00  -2.4395000e+00  -2.1124000e+00  -2.3454000e+00   1.8395000e+00   1.8330000e+00
  -1.7602000e+00  -2.1750000e+00  -1.8613000e+00  -2.1098000e+00   2.2452000e+00   2.2030000e+00
  -1.5396000e+00  -1.9322000e+00  -1.6049000e+00  -1.8482000e+00   2.6233000e+00   2.5617000e+00
  -1.2636000e+00  -1.7066000e+00  -1.3278000e+00  -1.5518000e+00   2.9422000e+00   2.8623000e+00
  -9.6150000e-01  -1.4554000e+00  -1.0792000e+00  -1.2854000e+00   3.2369000e+00   3.1536000e+00
  -7.0970000e-01  -1.2190000e+00  -8.7800000e-01  -1.0624000e+00   3.4943000e+00   3.4258000e+00
  -5.3360000e-01  -1.0165000e+00  -7.0960000e-01  -8.7790000e-01   3.7532000e+00   3.6927000e+00
  -3.5380000e-01  -8.0330000e-01  -5.1750000e-01  -6.7000000e-01   3.9758000e+00   3.9346000e+00
  -1.6080000e-01  -5.7070000e-01  -3.3460000e-01  -4.8780000e-01   4.1468000e+00   4.1182000e+00
   4.7700000e-02  -3.7910000e-01  -1.8180000e-01  -3.4490000e-01   4.2904000e+00   4.2650000e+00
   2.5620000e-01  -2.8410000e-01  -8.2700000e-02  -2.2130000e-01   4.4199000e+00   4.3937000e+00
   3.5760000e-01  -1.8240000e-01   1.8400000e-02  -1.3440000e-01   4.5414000e+00   4.5115000e+00
   4.0160000e-01  -1.1210000e-01   6.8000000e-02  -1.0900000e-01   4.6566000e+00   4.6221000e+00
   4.1270000e-01  -1.0130000e-01   8.2600000e-02  -8.3300000e-02   4.7650000e+00   4.7269000e+00
   3.5880000e-01  -1.4400000e-01   5.2100000e-02  -1.3130000e-01   4.8665000e+00   4.8250000e+00
   2.8750000e-01  -2.1370000e-01  -3.0000000e-04  -2.1070000e-01   4.9627000e+00   4.9146000e+00
   3.0090000e-01  -2.9300000e-01  -3.7700000e-02  -2.8600000e-01   5.0590000e+00   5.0018000e+00
   2.9920000e-01  -3.6260000e-01  -1.0110000e-01  -3.4480000e-01   5.1555000e+00   5.0931000e+00
   3.2980000e-01  -3.7410000e-01  -1.0400000e-01  -3.5480000e-01   5.2370000e+00   5.1636000e+00
   3.0450000e-01  -2.9230000e-01  -1.0220000e-01  -3.5290000e-01   5.2955000e+00   5.2090000e+00
   2.4940000e-01  -2.4800000e-01  -1.2400000e-01  -3.7900000e-01   5.3265000e+00   5.2335000e+00
   1.7480000e-01  -2.1670000e-01  -1.7840000e-01  -4.1590000e-01   5.3354000e+00   5.2145000e+00
   1.4570000e-01  -4.3310000e-01  -3.3830000e-01  -5.7100000e-01   5.3473000e+00   5.0277000e+00
  -7.9000000e-02  -6.8230000e-01  -5.4970000e-01  -7.7820000e-01   5.3389000e+00   4.8050000e+00
  -4.0130000e-01  -8.5140000e-01  -8.3840000e-01  -1.0707000e+00   5.2172000e+00   4.6235000e+00
  -5.7960000e-01  -9.7930000e-01  -9.6580000e-01  -1.1621000e+00   5.1462000e+00   4.4910000e+00
  -7.1730000e-01  -1.0913000e+00  -1.0994000e+00  -1.3267000e+00   5.1356000e+00   4.5455000e+00
  -8.3730000e-01  -1.2616000e+00  -1.2160000e+00  -1.4374000e+00   5.0511000e+00   4.5029000e+00
  -1.0518000e+00  -1.4930000e+00  -1.4427000e+00  -1.6781000e+00   4.8967000e+00   4.2732000e+00
  -1.2496000e+00  -1.7238000e+00  -1.6831000e+00  -1.9343000e+00   4.6079000e+00   3.8371000e+00
  -1.4814000e+00  -1.9796000e+00  -1.9120000e+00  -2.1550000e+00   3.8548000e+00   3.1046000e+00
  -1.7460000e+00  -2.2159000e+00  -2.1674000e+00  -2.3825000e+00   3.0863000e+00   2.5447000e+00
  -2.1110000e+00  -2.5175000e+00  -2.5089000e+00  -2.7203000e+00   2.5638000e+00   2.8734000e+00
  -2.4655000e+00  -2.8050000e+00  -2.8220000e+00  -3.0026000e+00   2.3244000e+00   3.0126000e+00
  -2.8138000e+00  -3.0756000e+00  -3.0984000e+00  -3.2408000e+00   2.2714000e+00   2.6306000e+00
  -3.1458000e+00  -3.2959000e+00  -3.3862000e+00  -3.5017000e+00   2.3497000e+00   2.8027000e+00
  -3.4916000e+00  -3.5536000e+00  -3.6522000e+00  -3.7417000e+00   2.4981000e+00   2.7813000e+00
  -3.6918000e+00  -3.7370000e+00  -3.8116000e+00  -3.8972000e+00   2.5696000e+00   2.1331000e+00
  -3.8602000e+00  -3.9167000e+00  -4.0202000e+00  -4.1475000e+00   2.5006000e+00   2.0003000e+00
  -4.1624000e+00  -4.2451000e+00  -4.3145000e+00  -4.4039000e+00   1.8651000e+00   1.4912000e+00
  -4.3516000e+00  -4.4068000e+00  -4.4313000e+00  -4.4901000e+00   1.8692000e+00   1.1526000e+00
  -4.4605000e+00  -4.5268000e+00  -4.5762000e+00  -4.6599000e+00   1.3754000e+00   8.2990000e-01
  -4.6825000e+00  -4.7491000e+00  -4.7610000e+00  -4.8115000e+00   7.8980000e-01   4.6060000e-01
  -4.8297000e+00  -4.9216000e+00  -4.8846000e+00  -4.9160000e+00   3.1790000e-01   9.0600000e-02
  -4.8893000e+00  -4.9402000e+00  -4.9451000e+00  -4.9743000e+00   3.5710000e-01  -3.2960000e-01
  -4.9808000e+00  -4.9819000e+00  -4.9778000e+00  -4.9854000e+00   3.9400000e-02  -7.1410000e-01
  -4.9879000e+00  -4.9846000e+00  -4.9690000e+00  -4.9682000e+00  -5.6000000e-01  -9.2660000e-01
  -4.9841000e+00  -4.9697000e+00  -4.9429000e+00  -4.9280000e+00  -8.5010000e-01  -1.0924000e+00
  -4.9754000e+00  -4.9623000e+00  -4.9326000e+00  -4.9153000e+00  -8.4890000e-01  -1.2325000e+00
  -4.9512000e+00  -4.9421000e+00  -4.9170000e+00  -4.9021000e+00  -9.0500000e-01  -1.3148000e+00
  -4.9194000e+00  -4.9156000e+00  -4.8919000e+00  -4.8804000e+00  -1.3490000e+00  -1.5664000e+00
  -4.8936000e+00  -4.8773000e+00  -4.8630000e+00  -4.8515000e+00  -2.0456000e+00  -2.0902000e+00
  -4.8932000e+00  -4.8629000e+00  -4.8545000e+00  -4.8400000e+00  -2.1394000e+00  -2.4964000e+00
  -4.8645000e+00  -4.8340000e+00  -4.8243000e+00  -4.8081000e+00  -2.2370000e+00  -2.8075000e+00
  -4.8184000e+00  -4.7978000e+00  -4.7778000e+00  -4.7605000e+00  -2.4240000e+00  -2.9810000e+00
  -4.7847000e+00  -4.7675000e+00  -4.7471000e+00  -4.7301000e+00  -2.5898000e+00  -3.0841000e+00
  -4.7574000e+00  -4.7439000e+00  -4.7220000e+00  -4.7054000e+00  -2.7266000e+00  -3.1653000e+00
  -4.7358000e+00  -4.7257000e+00  -4.6950000e+00  -4.6754000e+00  -2.8998000e+00  -3.3053000e+00
  -4.6993000e+00  -4.7011000e+00  -4.6586000e+00  -4.6368000e+00  -3.0384000e+00  -3.4796000e+00
  -4.6419000e+00  -4.6447000e+00  -4.6043000e+00  -4.5857000e+00  -3.1200000e+00  -3.5621000e+00
  -4.5874000e+00  -4.5633000e+00  -4.5430000e+00  -4.5272000e+00  -3.1097000e+00  -3.5507000e+00
  -4.5376000e+00  -4.5609000e+00  -4.5478000e+00  -4.5508000e+00  -3.1880000e+00  -3.5330000e+00
  -4.4589000e+00  -4.5607000e+00  -4.4933000e+00  -4.5102000e+00  -3.3360000e+00  -3.5400000e+00
  -4.4041000e+00  -4.4645000e+00  -4.4313000e+00  -4.4435000e+00  -3.4715000e+00  -3.5801000e+00
  -4.3964000e+00  -4.4301000e+00  -4.4119000e+00  -4.4221000e+00  -3.5529000e+00  -3.6742000e+00
  -4.3673000e+00  -4.3946000e+00  -4.3848000e+00  -4.3927000e+00  -3.5784000e+00  -3.7857000e+00
  -4.3637000e+00  -4.3715000e+00  -4.3737000e+00  -4.3770000e+00  -3.6461000e+00  -3.8565000e+00
  -4.3719000e+00  -4.3718000e+00  -4.3804000e+00  -4.3807000e+00  -3.7304000e+00  -3.9298000e+00
  -4.3869000e+00  -4.3820000e+00  -4.3903000e+00  -4.3890000e+00  -3.8312000e+00  -4.0374000e+00
  -4.4019000e+00  -4.3872000e+00  -4.3981000e+00  -4.3982000e+00  -3.9107000e+00  -4.1120000e+00
  -4.4332000e+00  -4.4120000e+00  -4.4200000e+00  -4.4143000e+00  -3.9938000e+00  -4.0871000e+00
  -4.4579000e+00  -4.4284000e+00  -4.4335000e+00  -4.4160000e+00  -4.0331000e+00  -4.0300000e+00
  -4.4654000e+00  -4.4423000e+00  -4.4518000e+00  -4.4481000e+00  -4.0496000e+00  -4.0670000e+00
  -4.4639000e+00  -4.4611000e+00  -4.4644000e+00  -4.4650000e+00  -4.0825000e+00  -4.1497000e+00
  -4.4871000e+00  -4.4767000e+00  -4.4890000e+00  -4.4902000e+00  -4.1740000e+00  -4.1780000e+00
  -4.5265000e+00  -4.5176000e+00  -4.5306000e+00  -4.5366000e+00  -4.2116000e+00  -4.2015000e+00
  -4.5702000e+00  -4.5681000e+00  -4.5706000e+00  -4.5691000e+00  -4.2175000e+00  -4.1665000e+00
  -4.6147000e+00  -4.5945000e+00  -4.5898000e+00  -4.5651000e+00  -4.2205000e+00  -4.1705000e+00
  -4.6299000e+00  -4.5847000e+00  -4.6008000e+00  -4.5751000e+00  -4.2482000e+00  -4.2434000e+00
  -4.6808000e+00  -4.6061000e+00  -4.6336000e+00  -4.6134000e+00  -4.3051000e+00  -4.2709000e+00
  -4.7012000e+00  -4.6373000e+00  -4.6692000e+00  -4.6609000e+00  -4.3447000e+00  -4.3426000e+00
  -4.7642000e+00  -4.7082000e+00  -4.7278000e+00  -4.7197000e+00  -4.3224000e+00  -4.4048000e+00
  -4.7578000e+00  -4.7246000e+00  -4.7187000e+00  -4.7205000e+00  -4.1949000e+00  -4.2990000e+00
  -4.7279000e+00  -4.7243000e+00  -4.7071000e+00  -4.7287000e+00  -4.0125000e+00  -4.1190000e+00
  -4.7011000e+00  -4.7200000e+00  -4.6983000e+00  -4.7342000e+00  -3.7994000e+00  -3.8837000e+00
  -4.6704000e+00  -4.7251000e+00  -4.6898000e+00  -4.7390000e+00  -3.2537000e+00  -3.5041000e+00
  -4.6362000e+00  -4.7251000e+00  -4.5952000e+00  -4.5677000e+00  -2.7409000e+00  -3.0120000e+00
  -4.5065000e+00  -4.5592000e+00  -4.5323000e+00  -4.6291000e+00  -2.2420000e+00  -2.5376000e+00
  -4.5069000e+00  -4.4794000e+00  -4.4817000e+00  -4.6182000e+00  -1.6984000e+00  -1.9484000e+00
  -4.3072000e+00  -4.5286000e+00  -4.4216000e+00  -4.6834000e+00  -1.3076000e+00  -1.4141000e+00
  -4.4544000e+00  -5.1201000e+00  -4.8359000e+00  -5.0630000e+00  -1.0865000e+00  -9.6450000e-01
  -4.7145000e+00  -5.1923000e+00  -4.9418000e+00  -5.1596000e+00  -8.0160000e-01  -6.2300000e-01
  -4.7228000e+00  -4.6335000e+00  -4.5995000e+00  -4.8691000e+00  -5.7430000e-01  -2.8860000e-01
  -4.2458000e+00  -5.1968000e+00  -4.9278000e+00  -5.1748000e+00  -4.3740000e-01  -1.7900000e-02
  -4.6295000e+00  -4.7128000e+00  -4.5586000e+00  -4.8704000e+00  -2.7460000e-01   1.1410000e-01
  -4.2470000e+00  -5.0355000e+00  -4.5915000e+00  -4.8699000e+00   2.9000000e-02   1.2620000e-01
  -4.4836000e+00  -4.5338000e+00  -4.3911000e+00  -4.5503000e+00   1.2420000e-01   5.2060000e-01
  -4.2324000e+00  -4.7194000e+00  -4.5454000e+00  -4.7673000e+00   4.7630000e-01   7.7330000e-01
  -3.7293000e+00  -4.3488000e+00  -4.0363000e+00  -4.4017000e+00   9.6820000e-01   1.0291000e+00
  -4.2439000e+00  -4.4696000e+00  -4.3092000e+00  -4.4671000e+00   1.1945000e+00   1.3343000e+00
  -4.1547000e+00  -4.4644000e+00  -4.2923000e+00  -4.4987000e+00   1.4023000e+00   1.5692000e+00
  -4.0865000e+00  -4.4899000e+00  -4.2268000e+00  -4.4141000e+00   1.5247000e+00   1.7630000e+00
  -3.9681000e+00  -4.3484000e+00  -4.0538000e+00  -4.2200000e+00   1.6776000e+00   1.7763000e+00
  -3.8921000e+00  -4.2641000e+00  -3.9882000e+00  -4.1361000e+00   1.9616000e+00   1.5479000e+00
  -3.7513000e+00  -4.0680000e+00  -3.8495000e+00  -3.9910000e+00   2.1942000e+00   1.8792000e+00
  -3.7310000e+00  -4.0452000e+00  -3.8904000e+00  -4.0724000e+00   2.4692000e+00   2.0964000e+00
  -3.7525000e+00  -4.2357000e+00  -4.0628000e+00  -4.3003000e+00   2.6552000e+00   2.0465000e+00
  -4.0466000e+00  -4.5314000e+00  -4.3517000e+00  -4.5614000e+00   2.7846000e+00   1.3694000e+00
  -4.3860000e+00  -4.7778000e+00  -4.5586000e+00  -4.7629000e+00   2.8626000e+00   6.8960000e-01
  -4.4455000e+00  -4.8618000e+00  -4.6005000e+00  -4.8172000e+00   1.2561000e+00  -1.1030000e+00
  -4.3265000e+00  -4.7688000e+00  -4.5246000e+00  -4.7547000e+00   5.1200000e-01  -7.7230000e-01
  -4.3916000e+00  -4.7899000e+00  -4.5358000e+00  -4.7417000e+00   5.7090000e-01  -7.6000000e-01
  -4.5637000e+00  -4.9121000e+00  -4.6921000e+00  -4.9118000e+00   4.9310000e-01  -6.3170000e-01
  -4.5797000e+00  -4.9410000e+00  -4.7432000e+00  -4.9925000e+00   6.0320000e-01  -5.6490000e-01
  -4.6306000e+00  -5.1010000e+00  -4.8503000e+00  -5.1257000e+00   9.2410000e-01  -7.5640000e-01
  -4.6556000e+00  -5.1833000e+00  -4.9298000e+00  -5.1929000e+00   1.0185000e+00  -6.6390000e-01
  -4.6056000e+00  -5.2110000e+00  -4.9331000e+00  -5.1841000e+00   9.2710000e-01  -4.1110000e-01
  -4.5638000e+00  -5.1768000e+00  -4.8853000e+00  -5.1337000e+00   6.1060000e-01  -1.3020000e-01
  -4.5645000e+00  -5.1087000e+00  -4.8193000e+00  -5.0485000e+00   1.8440000e-01   7.1700000e-02
  -4.5400000e+00  -5.0828000e+00  -4.7816000e+00  -4.9987000e+00   2.6320000e-01   1.6640000e-01
  -4.3853000e+00  -4.9895000e+00  -4.6584000e+00  -4.8575000e+00   3.4520000e-01   1.8840000e-01
  -4.2881000e+00  -4.8485000e+00  -4.5584000e+00  -4.7378000e+00   3.6580000e-01   3.1890000e-01
  -4.2731000e+00  -4.7429000e+00  -4.5492000e+00  -4.7382000e+00   3.4230000e-01   2.7010000e-01
  -4.4387000e+00  -4.7628000e+00  -4.6448000e+00  -4.8233000e+00   4.0280000e-01  -4.6800000e-02
  -4.5425000e+00  -4.8853000e+00  -4.7696000e+00  -4.9089000e+00   5.1810000e-01  -2.4700000e-02
  -4.5857000e+00  -4.9318000e+00  -4.7797000e+00  -4.9008000e+00   4.3880000e-01   3.0900000e-02
  -4.6768000e+00  -4.9565000e+00  -4.8181000e+00  -4.9573000e+00   1.6700000e-02  -4.3300000e-02
  -4.7645000e+00  -4.9891000e+00  -4.8994000e+00  -5.0444000e+00  -1.3540000e-01  -2.5350000e-01
  -4.8384000e+00  -5.0339000e+00  -4.9855000e+00  -5.1089000e+00  -1.0120000e-01  -4.1890000e-01
  -4.9652000e+00  -5.1179000e+00  -5.0784000e+00  -5.1606000e+00  -1.2540000e-01  -6.2410000e-01
  -5.0525000e+00  -5.1770000e+00  -5.1493000e+00  -5.2071000e+00  -4.0200000e-01  -8.7090000e-01
  -5.1528000e+00  -5.2289000e+00  -5.2074000e+00  -5.2535000e+00  -7.2170000e-01  -1.0817000e+00
  -5.1881000e+00  -5.2287000e+00  -5.2278000e+00  -5.2763000e+00  -9.8760000e-01  -1.2733000e+00
  -5.1720000e+00  -5.1893000e+00  -5.2014000e+00  -5.2392000e+00  -1.1938000e+00  -1.4998000e+00
  -5.1364000e+00  -5.1229000e+00  -5.1525000e+00  -5.1722000e+00  -1.3845000e+00  -1.7736000e+00
  -5.1186000e+00  -5.0835000e+00  -5.1232000e+00  -5.1274000e+00  -1.6386000e+00  -2.0502000e+00
  -5.0962000e+00  -5.0559000e+00  -5.1017000e+00  -5.1062000e+00  -1.9653000e+00  -2.2641000e+00
  -5.0748000e+00  -5.0347000e+00  -5.0811000e+00  -5.0868000e+00  -2.2361000e+00  -2.4004000e+00
  -5.0782000e+00  -5.0265000e+00  -5.0713000e+00  -5.0729000e+00  -2.4434000e+00  -2.4749000e+00
  -5.1331000e+00  -5.0717000e+00  -5.1032000e+00  -5.0968000e+00  -2.6018000e+00  -2.5178000e+00
  -5.2130000e+00  -5.1463000e+00  -5.1711000e+00  -5.1619000e+00  -2.6317000e+00  -2.5377000e+00
  -5.2870000e+00  -5.2351000e+00  -5.2433000e+00  -5.2373000e+00  -2.6286000e+00  -2.5622000e+00
  -5.3443000e+00  -5.3068000e+00  -5.2984000e+00  -5.2947000e+00  -2.6546000e+00  -2.6494000e+00
  -5.4022000e+00  -5.3563000e+00  -5.3482000e+00  -5.3443000e+00  -2.7348000e+00  -2.7902000e+00
  -5.4229000e+00  -5.3515000e+00  -5.3697000e+00  -5.3702000e+00  -2.8963000e+00  -2.9227000e+00
  -5.3835000e+00  -5.3048000e+00  -5.3368000e+00  -5.3418000e+00  -3.0376000e+00  -3.0159000e+00
  -5.3477000e+00  -5.2865000e+00  -5.3118000e+00  -5.3228000e+00  -3.0987000e+00  -3.0578000e+00
  -5.3611000e+00  -5.3216000e+00  -5.3341000e+00  -5.3501000e+00  -3.1589000e+00  -3.0676000e+00
  -5.4102000e+00  -5.3997000e+00  -5.3929000e+00  -5.4108000e+00  -3.2582000e+00  -3.0958000e+00
  -5.4839000e+00  -5.5015000e+00  -5.4781000e+00  -5.5017000e+00  -3.3201000e+00  -3.1531000e+00
  -5.5700000e+00  -5.5963000e+00  -5.5745000e+00  -5.6051000e+00  -3.3510000e+00  -3.2153000e+00
  -5.6703000e+00  -5.6892000e+00  -5.6746000e+00  -5.7061000e+00  -3.3939000e+00  -3.2687000e+00
  -5.7686000e+00  -5.8025000e+00  -5.7853000e+00  -5.8339000e+00  -3.5086000e+00  -3.3086000e+00
  -5.8760000e+00  -5.9627000e+00  -5.9221000e+00  -5.9960000e+00  -3.5561000e+00  -3.3377000e+00
  -6.0141000e+00  -6.1268000e+00  -6.0709000e+00  -6.1371000e+00  -3.5439000e+00  -3.3987000e+00
  -6.1634000e+00  -6.2412000e+00  -6.1968000e+00  -6.2380000e+00  -3.5627000e+00  -3.4759000e+00
  -6.2696000e+00  -6.2310000e+00  -6.2492000e+00  -6.2382000e+00  -3.6991000e+00  -3.5720000e+00
  -6.2412000e+00  -6.2048000e+00  -6.2205000e+00  -6.2129000e+00  -3.9052000e+00  -3.6723000e+00
  -6.2174000e+00  -6.2033000e+00  -6.2102000e+00  -6.2082000e+00  -4.0907000e+00  -3.7772000e+00
  -6.2138000e+00  -6.1982000e+00  -6.2052000e+00  -6.2013000e+00  -4.2381000e+00  -3.8800000e+00
  -6.2132000e+00  -6.2056000e+00  -6.2081000e+00  -6.2064000e+00  -4.4278000e+00  -3.9959000e+00
  -6.2198000e+00  -6.2229000e+00  -6.2220000e+00  -6.2257000e+00  -4.5179000e+00  -4.1304000e+00
  -6.2250000e+00  -6.2422000e+00  -6.2346000e+00  -6.2481000e+00  -4.5663000e+00  -4.2655000e+00
  -6.2327000e+00  -6.2475000e+00  -6.2485000e+00  -6.2563000e+00  -4.6029000e+00  -4.3995000e+00
  -6.2499000e+00  -6.2397000e+00  -6.2559000e+00  -6.2534000e+00  -4.6661000e+00  -4.5104000e+00
  -6.2656000e+00  -6.2509000e+00  -6.2577000e+00  -6.2612000e+00  -4.7463000e+00  -4.5868000e+00
  -6.2713000e+00  -6.2734000e+00  -6.2702000e+00  -6.2773000e+00  -4.8517000e+00  -4.6562000e+00
  -6.2740000e+00  -6.2868000e+00  -6.2865000e+00  -6.2970000e+00  -5.0077000e+00  -4.7439000e+00
  -6.2903000e+00  -6.2974000e+00  -6.2982000e+00  -6.3164000e+00  -5.2156000e+00  -4.8935000e+00
  -6.3061000e+00  -6.3241000e+00  -6.3165000e+00  -6.3310000e+00  -5.4487000e+00  -5.1273000e+00
  -6.3248000e+00  -6.3436000e+00  -6.3386000e+00  -6.3321000e+00  -5.6854000e+00  -5.3986000e+00
  -6.3438000e+00  -6.3636000e+00  -6.3537000e+00  -6.3336000e+00  -5.8987000e+00  -5.6512000e+00
  -6.3651000e+00  -6.3804000e+00  -6.3687000e+00  -6.3485000e+00  -6.0790000e+00  -5.8415000e+00
  -6.4000000e+00  -6.4120000e+00  -6.3983000e+00  -6.3753000e+00  -6.2050000e+00  -5.9429000e+00
  -6.4311000e+00  -6.4409000e+00  -6.4257000e+00  -6.4078000e+00  -6.2631000e+00  -5.9761000e+00
  -6.4511000e+00  -6.4611000e+00  -6.4493000e+00  -6.4428000e+00  -6.2958000e+00  -6.0736000e+00
  -6.4662000e+00  -6.4775000e+00  -6.4693000e+00  -6.4751000e+00  -6.3305000e+00  -6.1597000e+00
  -6.4761000e+00  -6.4895000e+00  -6.4853000e+00  -6.4878000e+00  -6.4879000e+00  -6.3178000e+00
  -6.4908000e+00  -6.5085000e+00  -6.5040000e+00  -6.5062000e+00  -6.5741000e+00  -6.3037000e+00
  -6.4916000e+00  -6.5257000e+00  -6.5175000e+00  -6.5231000e+00  -6.2678000e+00  -5.9468000e+00
  -6.4818000e+00  -6.5461000e+00  -6.5306000e+00  -6.5432000e+00  -5.7448000e+00  -5.5031000e+00
  -6.4103000e+00  -6.5590000e+00  -6.5293000e+00  -6.5554000e+00  -5.2994000e+00  -5.1236000e+00
  -6.2859000e+00  -6.5560000e+00  -6.5087000e+00  -6.5627000e+00  -4.7993000e+00  -4.6781000e+00
  -6.1338000e+00  -6.5412000e+00  -6.4769000e+00  -6.5659000e+00  -4.3365000e+00  -4.2990000e+00
  -5.9941000e+00  -6.5110000e+00  -6.3967000e+00  -6.5603000e+00  -3.9653000e+00  -3.9469000e+00
  -5.8519000e+00  -6.3912000e+00  -6.2872000e+00  -6.5355000e+00  -3.6027000e+00  -3.5810000e+00
  -5.6809000e+00  -6.2334000e+00  -6.1482000e+00  -6.4772000e+00  -3.2687000e+00  -3.2560000e+00
  -5.4750000e+00  -6.1048000e+00  -5.9671000e+00  -6.2726000e+00  -2.9701000e+00  -2.9671000e+00
  -5.2776000e+00  -5.9655000e+00  -5.7631000e+00  -6.0324000e+00  -2.6807000e+00  -2.6614000e+00
  -5.0980000e+00  -5.7995000e+00  -5.5441000e+00  -5.7725000e+00  -2.3584000e+00  -2.3483000e+00
  -4.9647000e+00  -5.6305000e+00  -5.3448000e+00  -5.5312000e+00  -2.0332000e+00  -2.0532000e+00
  -4.9016000e+00  -5.4770000e+00  -5.1711000e+00  -5.3298000e+00  -1.7162000e+00  -1.7789000e+00
  -4.8746000e+00  -5.3358000e+00  -5.0279000e+00  -5.1738000e+00  -1.4140000e+00  -1.5212000e+00
  -4.8983000e+00  -5.2406000e+00  -4.9253000e+00  -5.0683000e+00  -1.1317000e+00  -1.2753000e+00
  -5.0109000e+00  -5.2217000e+00  -4.8804000e+00  -5.0235000e+00  -8.7040000e-01  -1.0397000e+00
  -5.1411000e+00  -5.2475000e+00  -4.9004000e+00  -5.0460000e+00  -6.1280000e-01  -8.1230000e-01
  -5.2537000e+00  -5.2783000e+00  -4.9477000e+00  -5.1097000e+00  -3.4630000e-01  -5.9080000e-01
  -5.3533000e+00  -5.3147000e+00  -5.0008000e+00  -5.1713000e+00  -9.2900000e-02  -3.7270000e-01
  -5.3902000e+00  -5.3491000e+00  -5.0702000e+00  -5.2402000e+00   1.4380000e-01  -1.5500000e-01
  -5.4152000e+00  -5.3523000e+00  -5.1362000e+00  -5.3068000e+00   3.6570000e-01   5.5100000e-02
  -5.4261000e+00  -5.3319000e+00  -5.1632000e+00  -5.3270000e+00   5.7390000e-01   2.5020000e-01
  -5.4238000e+00  -5.3252000e+00  -5.1449000e+00  -5.2988000e+00   7.6660000e-01   4.2760000e-01
  -5.3500000e+00  -5.3108000e+00  -5.0860000e+00  -5.2175000e+00   9.4530000e-01   5.8800000e-01
  -5.2630000e+00  -5.2515000e+00  -5.0001000e+00  -5.1097000e+00   1.1096000e+00   7.2470000e-01
  -5.1975000e+00  -5.1725000e+00  -4.9591000e+00  -5.0694000e+00   1.2520000e+00   8.3970000e-01
  -5.2298000e+00  -5.1134000e+00  -5.0508000e+00  -5.2118000e+00   1.3700000e+00   9.3300000e-01
  -5.4544000e+00  -5.1850000e+00  -5.3342000e+00  -5.5651000e+00   1.4649000e+00   1.0021000e+00
  -5.8164000e+00  -5.5103000e+00  -5.6863000e+00  -5.9317000e+00   1.5405000e+00   1.0608000e+00
  -6.0916000e+00  -5.8624000e+00  -5.8835000e+00  -6.1083000e+00   1.6018000e+00   1.1336000e+00
  -6.1987000e+00  -6.0797000e+00  -5.9641000e+00  -6.1866000e+00   1.6398000e+00   1.2210000e+00
  -6.1633000e+00  -6.1660000e+00  -5.9851000e+00  -6.1891000e+00   1.6399000e+00   1.2976000e+00
  -6.2024000e+00  -6.2263000e+00  -6.0187000e+00  -6.2222000e+00   1.6188000e+00   1.3630000e+00
  -5.9743000e+00  -6.1020000e+00  -5.8243000e+00  -5.9884000e+00   1.6369000e+00   1.4265000e+00
  -5.7273000e+00  -5.8490000e+00  -5.6706000e+00  -5.8381000e+00   1.6638000e+00   1.4839000e+00
  -5.7262000e+00  -5.8639000e+00  -5.7200000e+00  -5.9225000e+00   1.6745000e+00   1.5308000e+00
  -5.7884000e+00  -6.0243000e+00  -5.8531000e+00  -6.1204000e+00   1.6728000e+00   1.5602000e+00
  -5.7955000e+00  -6.1898000e+00  -5.8192000e+00  -6.0232000e+00   1.6529000e+00   1.5624000e+00
  -5.5365000e+00  -5.9896000e+00  -5.5812000e+00  -5.7309000e+00   1.5982000e+00   1.5177000e+00
  -5.4411000e+00  -5.7274000e+00  -5.5323000e+00  -5.7009000e+00   1.5192000e+00   1.4232000e+00
  -5.4469000e+00  -5.7725000e+00  -5.5052000e+00  -5.6706000e+00   1.4443000e+00   1.3247000e+00
  -5.3262000e+00  -5.6898000e+00  -5.4083000e+00  -5.5746000e+00   1.3426000e+00   1.2255000e+00
  -5.2920000e+00  -5.6098000e+00  -5.4585000e+00  -5.6247000e+00   1.2306000e+00   1.1500000e+00
  -5.3236000e+00  -5.6852000e+00  -5.4896000e+00  -5.6764000e+00   1.1139000e+00   1.1043000e+00
  -5.2659000e+00  -5.7183000e+00  -5.4782000e+00  -5.6784000e+00   9.3050000e-01   9.7530000e-01
  -5.1383000e+00  -5.7048000e+00  -5.4286000e+00  -5.6267000e+00   8.3750000e-01   9.3290000e-01
  -5.0830000e+00  -5.6128000e+00  -5.3749000e+00  -5.5749000e+00   7.9570000e-01   9.4540000e-01
  -5.0799000e+00  -5.5509000e+00  -5.3652000e+00  -5.5429000e+00   8.3020000e-01   9.7910000e-01
  -5.1518000e+00  -5.5502000e+00  -5.4322000e+00  -5.5927000e+00   8.8770000e-01   1.0412000e+00
  -5.3146000e+00  -5.6243000e+00  -5.5908000e+00  -5.7481000e+00   9.3840000e-01   1.0995000e+00
  -5.6078000e+00  -5.8105000e+00  -5.8322000e+00  -5.9589000e+00   9.6880000e-01   1.1194000e+00
  -5.9023000e+00  -6.0522000e+00  -6.0829000e+00  -6.1941000e+00   9.8370000e-01   9.6050000e-01
  -6.0937000e+00  -6.2238000e+00  -6.2072000e+00  -6.2470000e+00   9.7000000e-01   4.2910000e-01
  -6.1309000e+00  -6.2721000e+00  -6.2295000e+00  -6.2940000e+00   6.9590000e-01  -2.5480000e-01
  -6.1010000e+00  -6.2520000e+00  -6.2046000e+00  -6.2849000e+00  -1.7800000e-02  -9.9600000e-01
  -6.0825000e+00  -6.2080000e+00  -6.1583000e+00  -6.2291000e+00  -8.5380000e-01  -1.7119000e+00
  -6.0646000e+00  -6.1552000e+00  -6.1170000e+00  -6.1745000e+00  -1.5502000e+00  -2.3896000e+00
  -6.0525000e+00  -6.1071000e+00  -6.0841000e+00  -6.1250000e+00  -2.2871000e+00  -2.8706000e+00
  -6.0593000e+00  -6.0825000e+00  -6.0681000e+00  -6.0769000e+00  -2.8042000e+00  -3.2418000e+00
  -6.0841000e+00  -6.0639000e+00  -6.0891000e+00  -6.0839000e+00  -3.1728000e+00  -3.5716000e+00
  -6.1219000e+00  -6.1310000e+00  -6.1633000e+00  -6.1829000e+00  -3.5026000e+00  -3.8673000e+00
  -6.1911000e+00  -6.1948000e+00  -6.2373000e+00  -6.2662000e+00  -3.8496000e+00  -4.1118000e+00
  -6.3416000e+00  -6.3042000e+00  -6.3609000e+00  -6.3768000e+00  -4.1244000e+00  -4.3062000e+00
  -6.3620000e+00  -6.4022000e+00  -6.4066000e+00  -6.4469000e+00  -4.3336000e+00  -4.4330000e+00
  -6.3378000e+00  -6.3748000e+00  -6.3499000e+00  -6.3636000e+00  -4.4930000e+00  -4.5144000e+00
  -6.3028000e+00  -6.3155000e+00  -6.2950000e+00  -6.2958000e+00  -4.5915000e+00  -4.6058000e+00
  -6.2456000e+00  -6.2462000e+00  -6.2426000e+00  -6.2492000e+00  -4.6795000e+00  -4.7095000e+00
  -6.1962000e+00  -6.2074000e+00  -6.2004000e+00  -6.2093000e+00  -4.7936000e+00  -4.7971000e+00
