   3.9792000e+00   4.0911000e+00   4.0487000e+00   4.0897000e+00   4.0723000e+00   3.8870000e+00
   3.7207000e+00   3.8369000e+00   3.8090000e+00   3.8311000e+00   3.8132000e+00   3.6688000e+00
   3.6162000e+00   3.7522000e+00   3.7367000e+00   3.7421000e+00   3.5699000e+00   3.5797000e+00
   3.3697000e+00   3.4819000e+00   3.4600000e+00   3.4637000e+00   3.5623000e+00   3.5309000e+00
   3.3121000e+00   3.4095000e+00   3.4025000e+00   3.4327000e+00   3.4860000e+00   3.4657000e+00
   3.3055000e+00   3.4161000e+00   3.4397000e+00   3.4810000e+00   3.3697000e+00   3.3584000e+00
   3.4876000e+00   3.5662000e+00   3.6116000e+00   3.6348000e+00   3.3680000e+00   3.3670000e+00
   3.6054000e+00   3.6254000e+00   3.7038000e+00   3.7133000e+00   3.3128000e+00   3.3381000e+00
   3.5733000e+00   3.5621000e+00   3.6690000e+00   3.6676000e+00   3.3095000e+00   3.3809000e+00
   3.6298000e+00   3.5775000e+00   3.6854000e+00   3.6480000e+00   3.2787000e+00   3.3440000e+00
   3.6596000e+00   3.5709000e+00   3.6799000e+00   3.6178000e+00   3.2792000e+00   3.4073000e+00
   3.6818000e+00   3.5640000e+00   3.6692000e+00   3.5868000e+00   3.3217000e+00   3.4034000e+00
   3.7334000e+00   3.5967000e+00   3.6887000e+00   3.5929000e+00   3.4660000e+00   3.4683000e+00
   3.7541000e+00   3.6102000e+00   3.6932000e+00   3.5924000e+00   3.5215000e+00   3.5086000e+00
   3.7144000e+00   3.5872000e+00   3.6645000e+00   3.5790000e+00   3.6341000e+00   3.5879000e+00
   3.8175000e+00   3.7279000e+00   3.7858000e+00   3.7246000e+00   3.5860000e+00   3.5453000e+00
   3.9436000e+00   3.8758000e+00   3.9260000e+00   3.8893000e+00   3.8749000e+00   3.8505000e+00
   4.1138000e+00   4.0787000e+00   4.1058000e+00   4.0817000e+00   3.8829000e+00   3.9069000e+00
   4.2485000e+00   4.2349000e+00   4.2180000e+00   4.2134000e+00   3.4942000e+00   3.4708000e+00
   4.2841000e+00   4.3291000e+00   4.2815000e+00   4.3099000e+00   3.4295000e+00   3.4328000e+00
   4.2665000e+00   4.4084000e+00   4.3160000e+00   4.3252000e+00   3.9037000e+00   3.9376000e+00
   4.1915000e+00   4.4136000e+00   4.2883000e+00   4.3075000e+00   4.1497000e+00   4.1497000e+00
   4.1576000e+00   4.4558000e+00   4.3063000e+00   4.3432000e+00   4.1109000e+00   4.1722000e+00
   4.1215000e+00   4.4992000e+00   4.3361000e+00   4.3902000e+00   4.2938000e+00   4.3229000e+00
   4.1278000e+00   4.5082000e+00   4.3570000e+00   4.4357000e+00   4.6038000e+00   4.6682000e+00
   4.1163000e+00   4.5494000e+00   4.4135000e+00   4.5241000e+00   4.8879000e+00   4.9484000e+00
   4.1046000e+00   4.6272000e+00   4.4727000e+00   4.5947000e+00   4.9169000e+00   4.9081000e+00
   3.9488000e+00   4.5880000e+00   4.4007000e+00   4.5226000e+00   4.8328000e+00   4.8874000e+00
   3.8337000e+00   4.5651000e+00   4.3621000e+00   4.4708000e+00   4.9813000e+00   5.1251000e+00
   3.8389000e+00   4.5965000e+00   4.3943000e+00   4.5038000e+00   5.1856000e+00   5.3257000e+00
   3.8634000e+00   4.6284000e+00   4.4300000e+00   4.5356000e+00   5.2715000e+00   5.4734000e+00
   3.8679000e+00   4.6480000e+00   4.4428000e+00   4.5550000e+00   5.2970000e+00   5.6109000e+00
   3.9266000e+00   4.6889000e+00   4.4732000e+00   4.5576000e+00   5.3611000e+00   5.8059000e+00
   3.9875000e+00   4.6190000e+00   4.4977000e+00   4.5758000e+00   5.5270000e+00   6.0341000e+00
   4.0723000e+00   4.6308000e+00   4.5113000e+00   4.5572000e+00   5.7069000e+00   6.2028000e+00
   4.2367000e+00   4.6622000e+00   4.6117000e+00   4.6832000e+00   5.7905000e+00   6.2966000e+00
   4.4167000e+00   4.8157000e+00   4.7643000e+00   4.8309000e+00   5.8134000e+00   6.3550000e+00
   4.6183000e+00   4.9805000e+00   4.9218000e+00   4.9788000e+00   5.8239000e+00   6.3898000e+00
   4.8056000e+00   5.1051000e+00   5.0735000e+00   5.1179000e+00   5.8130000e+00   6.3662000e+00
   4.9731000e+00   5.1651000e+00   5.1951000e+00   5.2125000e+00   5.7634000e+00   6.2814000e+00
   5.1741000e+00   5.2999000e+00   5.3768000e+00   5.3755000e+00   5.6814000e+00   6.1443000e+00
   5.2639000e+00   5.3958000e+00   5.4905000e+00   5.4757000e+00   5.5610000e+00   5.9938000e+00
   5.2697000e+00   5.4766000e+00   5.5703000e+00   5.5388000e+00   5.4188000e+00   5.7950000e+00
   5.3076000e+00   5.4808000e+00   5.5870000e+00   5.5745000e+00   5.2594000e+00   5.5660000e+00
   5.3474000e+00   5.5197000e+00   5.6247000e+00   5.6077000e+00   5.0594000e+00   5.3430000e+00
   5.4291000e+00   5.6084000e+00   5.6917000e+00   5.6949000e+00   4.8481000e+00   5.1465000e+00
   5.5292000e+00   5.7163000e+00   5.7777000e+00   5.7916000e+00   4.6790000e+00   4.9937000e+00
   5.6439000e+00   5.7919000e+00   5.8660000e+00   5.8739000e+00   4.5337000e+00   4.8256000e+00
   5.7869000e+00   5.8898000e+00   5.9740000e+00   5.9855000e+00   4.3997000e+00   4.6469000e+00
   5.9228000e+00   5.9740000e+00   6.0715000e+00   6.0912000e+00   4.2941000e+00   4.4569000e+00
   6.0243000e+00   6.0860000e+00   6.1799000e+00   6.1999000e+00   4.1897000e+00   4.3272000e+00
   6.0982000e+00   6.1599000e+00   6.2483000e+00   6.2822000e+00   4.0431000e+00   4.2365000e+00
   6.2095000e+00   6.2813000e+00   6.3392000e+00   6.3670000e+00   4.0376000e+00   4.2000000e+00
   6.2985000e+00   6.3528000e+00   6.3957000e+00   6.4251000e+00   4.2146000e+00   4.2078000e+00
   6.3713000e+00   6.3907000e+00   6.4357000e+00   6.4868000e+00   3.9438000e+00   4.3905000e+00
   6.4212000e+00   6.4383000e+00   6.4583000e+00   6.5181000e+00   4.0923000e+00   4.3274000e+00
   6.4421000e+00   6.4396000e+00   6.4787000e+00   6.5685000e+00   4.0194000e+00   4.2709000e+00
   6.4323000e+00   6.4710000e+00   6.5157000e+00   6.6137000e+00   3.9206000e+00   4.2586000e+00
   6.5709000e+00   6.6058000e+00   6.6557000e+00   6.7452000e+00   3.9755000e+00   4.2622000e+00
   6.8575000e+00   6.9186000e+00   6.9685000e+00   7.0259000e+00   4.0408000e+00   4.3523000e+00
   7.1287000e+00   7.1323000e+00   7.1828000e+00   7.2182000e+00   4.2868000e+00   4.6223000e+00
   7.3168000e+00   7.2927000e+00   7.2785000e+00   7.2822000e+00   4.4082000e+00   4.5816000e+00
   7.3708000e+00   7.3996000e+00   7.3708000e+00   7.3960000e+00   4.5170000e+00   4.5931000e+00
   7.4140000e+00   7.3938000e+00   7.4532000e+00   7.4757000e+00   4.4834000e+00   4.6041000e+00
   7.4702000e+00   7.5373000e+00   7.5278000e+00   7.5081000e+00   4.7184000e+00   4.8405000e+00
   7.7803000e+00   7.7836000e+00   7.7386000e+00   7.5921000e+00   4.8404000e+00   4.9839000e+00
   8.1088000e+00   7.8864000e+00   7.7370000e+00   7.4224000e+00   5.1247000e+00   5.0879000e+00
   7.8100000e+00   7.5403000e+00   7.4365000e+00   7.2407000e+00   5.5129000e+00   5.2621000e+00
   7.6188000e+00   7.3870000e+00   7.3288000e+00   7.1873000e+00   5.9433000e+00   6.1403000e+00
   7.6092000e+00   7.3226000e+00   7.4148000e+00   7.3324000e+00   5.5484000e+00   6.5733000e+00
   7.7549000e+00   7.4505000e+00   7.5622000e+00   7.4692000e+00   6.0998000e+00   6.7606000e+00
   7.7695000e+00   7.3691000e+00   7.5410000e+00   7.4246000e+00   6.8010000e+00   6.7450000e+00
   7.8433000e+00   7.3986000e+00   7.6118000e+00   7.4792000e+00   6.8471000e+00   6.7905000e+00
   7.8832000e+00   7.3790000e+00   7.6167000e+00   7.4657000e+00   6.8678000e+00   6.9221000e+00
   7.7633000e+00   7.3245000e+00   7.4597000e+00   7.2959000e+00   6.7517000e+00   7.0107000e+00
   7.7063000e+00   7.4247000e+00   7.4020000e+00   7.2301000e+00   6.6127000e+00   7.1367000e+00
   7.6051000e+00   7.4836000e+00   7.3975000e+00   7.2684000e+00   6.5017000e+00   7.0105000e+00
   7.6068000e+00   7.4657000e+00   7.4438000e+00   7.3536000e+00   6.2868000e+00   6.8559000e+00
   7.7974000e+00   7.6886000e+00   7.6597000e+00   7.5869000e+00   6.1834000e+00   6.7539000e+00
   7.8703000e+00   7.6785000e+00   7.7685000e+00   7.6965000e+00   6.2590000e+00   6.5465000e+00
   7.7573000e+00   7.6946000e+00   7.8363000e+00   7.8837000e+00   6.2326000e+00   6.3064000e+00
   7.6733000e+00   7.7183000e+00   7.8813000e+00   8.0012000e+00   6.1054000e+00   6.1225000e+00
   7.5793000e+00   7.6119000e+00   7.7907000e+00   7.8856000e+00   5.9631000e+00   6.0014000e+00
   7.5880000e+00   7.5894000e+00   7.7473000e+00   7.8149000e+00   5.8637000e+00   6.0593000e+00
   7.5442000e+00   7.4810000e+00   7.6487000e+00   7.6568000e+00   5.6499000e+00   6.1507000e+00
   7.4604000e+00   7.4096000e+00   7.5783000e+00   7.5848000e+00   5.3567000e+00   6.2062000e+00
   7.3131000e+00   7.3312000e+00   7.4509000e+00   7.4682000e+00   4.9635000e+00   6.0868000e+00
   7.2254000e+00   7.2686000e+00   7.3206000e+00   7.2945000e+00   4.8501000e+00   5.9892000e+00
   7.2793000e+00   7.2338000e+00   7.2811000e+00   7.2494000e+00   4.9814000e+00   6.0299000e+00
   7.2812000e+00   7.1593000e+00   7.2368000e+00   7.2327000e+00   4.9770000e+00   6.0457000e+00
   7.4709000e+00   7.1943000e+00   7.3010000e+00   7.1589000e+00   4.9395000e+00   6.0177000e+00
   7.5242000e+00   7.1597000e+00   7.2802000e+00   7.1026000e+00   4.9189000e+00   5.9804000e+00
   7.4932000e+00   7.1861000e+00   7.2669000e+00   7.1147000e+00   4.9114000e+00   5.8700000e+00
   7.4417000e+00   7.2108000e+00   7.3331000e+00   7.2668000e+00   4.9701000e+00   5.6314000e+00
   7.4655000e+00   7.3163000e+00   7.4462000e+00   7.4211000e+00   5.0565000e+00   5.4039000e+00
   7.7480000e+00   7.4036000e+00   7.5396000e+00   7.5404000e+00   5.2166000e+00   5.1751000e+00
   7.6879000e+00   7.2936000e+00   7.4492000e+00   7.4320000e+00   5.3354000e+00   4.9816000e+00
   7.4363000e+00   7.0323000e+00   7.1613000e+00   7.1084000e+00   5.4100000e+00   4.8968000e+00
   7.1430000e+00   6.6860000e+00   6.8064000e+00   6.7391000e+00   5.3747000e+00   4.9422000e+00
   6.8564000e+00   6.3224000e+00   6.4576000e+00   6.3656000e+00   5.1519000e+00   5.0741000e+00
   6.5065000e+00   6.0516000e+00   6.1680000e+00   6.0350000e+00   4.9228000e+00   5.2005000e+00
   6.3359000e+00   6.1084000e+00   6.0949000e+00   5.8458000e+00   4.7637000e+00   5.2226000e+00
   6.3383000e+00   6.1930000e+00   6.0568000e+00   5.7527000e+00   4.8837000e+00   5.1547000e+00
   6.3774000e+00   6.1061000e+00   5.8978000e+00   5.5724000e+00   5.1016000e+00   5.0488000e+00
   6.4871000e+00   6.0882000e+00   5.9084000e+00   5.6665000e+00   5.2588000e+00   4.9779000e+00
   6.7009000e+00   6.3377000e+00   6.1851000e+00   5.9879000e+00   5.2821000e+00   5.0599000e+00
   7.0365000e+00   6.7252000e+00   6.6316000e+00   6.3790000e+00   5.0725000e+00   5.2431000e+00
   7.3908000e+00   7.0891000e+00   7.0555000e+00   6.8141000e+00   4.7864000e+00   5.3875000e+00
   7.5931000e+00   7.3563000e+00   7.3622000e+00   7.2049000e+00   4.7273000e+00   5.5087000e+00
   7.7391000e+00   7.6547000e+00   7.6575000e+00   7.5816000e+00   4.9059000e+00   5.5080000e+00
   7.8209000e+00   7.7345000e+00   7.7345000e+00   7.6652000e+00   5.0964000e+00   5.3052000e+00
   7.8011000e+00   7.6424000e+00   7.6163000e+00   7.5058000e+00   5.1948000e+00   5.0076000e+00
   7.5013000e+00   7.4211000e+00   7.5110000e+00   7.5567000e+00   4.8686000e+00   4.5639000e+00
   7.1123000e+00   7.3082000e+00   7.4516000e+00   7.5962000e+00   4.6821000e+00   4.4569000e+00
   6.8636000e+00   7.0598000e+00   7.1584000e+00   7.3419000e+00   4.0820000e+00   3.7418000e+00
   6.2818000e+00   6.6019000e+00   6.6804000e+00   7.0587000e+00   3.2145000e+00   3.1924000e+00
   5.4705000e+00   6.0868000e+00   6.1411000e+00   6.7319000e+00   2.6557000e+00   2.8692000e+00
   5.1650000e+00   5.5787000e+00   5.5395000e+00   6.0600000e+00   2.1732000e+00   2.5890000e+00
   4.9232000e+00   5.4180000e+00   5.2783000e+00   5.6371000e+00   1.8278000e+00   2.3404000e+00
   4.8561000e+00   5.2217000e+00   5.1134000e+00   5.4844000e+00   1.8126000e+00   2.5478000e+00
   4.6641000e+00   4.9928000e+00   4.9243000e+00   5.3437000e+00   2.0557000e+00   2.6965000e+00
   4.3915000e+00   4.7701000e+00   4.7325000e+00   5.2321000e+00   2.0205000e+00   2.5225000e+00
   4.1686000e+00   4.6235000e+00   4.5474000e+00   5.0793000e+00   1.8476000e+00   2.1962000e+00
   3.9303000e+00   4.4805000e+00   4.3455000e+00   4.8287000e+00   1.6564000e+00   1.9138000e+00
   3.6789000e+00   4.2937000e+00   4.0886000e+00   4.5028000e+00   1.4798000e+00   1.6899000e+00
   3.4947000e+00   4.1499000e+00   3.9155000e+00   4.2916000e+00   1.3091000e+00   1.4798000e+00
   3.3429000e+00   4.0399000e+00   3.8351000e+00   4.1657000e+00   1.1204000e+00   1.2693000e+00
   3.2212000e+00   3.9173000e+00   3.7799000e+00   4.0560000e+00   9.1810000e-01   1.0870000e+00
   2.9760000e+00   3.6657000e+00   3.5829000e+00   3.8068000e+00   6.2960000e-01   8.6070000e-01
   2.6650000e+00   3.3780000e+00   3.3110000e+00   3.4794000e+00   2.9610000e-01   6.1140000e-01
   2.4744000e+00   3.1583000e+00   3.0728000e+00   3.1616000e+00   1.0970000e-01   4.7940000e-01
   2.3701000e+00   2.9668000e+00   2.8870000e+00   2.9632000e+00   6.1400000e-02   4.7380000e-01
   2.2756000e+00   2.8651000e+00   2.7878000e+00   2.9765000e+00   6.0200000e-02   5.3160000e-01
   2.2471000e+00   2.9175000e+00   2.8705000e+00   3.1944000e+00   5.7900000e-02   6.2570000e-01
   2.3685000e+00   3.0640000e+00   3.0313000e+00   3.3892000e+00   3.8300000e-02   6.7310000e-01
   2.5513000e+00   3.2018000e+00   3.1686000e+00   3.5292000e+00   3.6300000e-02   6.8420000e-01
   2.7235000e+00   3.3337000e+00   3.2946000e+00   3.6795000e+00   6.9100000e-02   7.0870000e-01
   2.9184000e+00   3.5417000e+00   3.4727000e+00   3.8835000e+00   1.2930000e-01   7.1970000e-01
   3.1364000e+00   3.7638000e+00   3.6513000e+00   4.0633000e+00   1.2160000e-01   6.8340000e-01
   3.2750000e+00   3.9222000e+00   3.7484000e+00   4.1727000e+00   1.9000000e-01   7.0330000e-01
   3.3614000e+00   4.0718000e+00   3.8595000e+00   4.3079000e+00   1.5490000e-01   6.8610000e-01
   3.4221000e+00   4.2345000e+00   4.0058000e+00   4.4170000e+00   1.5850000e-01   6.6140000e-01
   3.5325000e+00   4.3895000e+00   4.1642000e+00   4.5254000e+00   1.1480000e-01   6.2220000e-01
   3.6655000e+00   4.4805000e+00   4.2860000e+00   4.5856000e+00   7.6700000e-02   5.7180000e-01
   3.7734000e+00   4.5096000e+00   4.3629000e+00   4.6083000e+00   5.6600000e-02   5.8790000e-01
   3.8602000e+00   4.6555000e+00   4.4631000e+00   4.7296000e+00   8.8700000e-02   7.0770000e-01
   4.2129000e+00   4.9604000e+00   4.8068000e+00   5.1029000e+00   1.1370000e-01   7.0620000e-01
   4.5806000e+00   5.3207000e+00   5.1331000e+00   5.4385000e+00   1.1130000e-01   6.6780000e-01
   5.0697000e+00   5.7657000e+00   5.5631000e+00   5.8286000e+00   2.1300000e-02   5.7360000e-01
   5.5805000e+00   6.2314000e+00   5.9762000e+00   6.1706000e+00   4.4300000e-02   5.1160000e-01
   5.9073000e+00   6.5137000e+00   6.2293000e+00   6.3795000e+00  -5.8100000e-02   3.7350000e-01
   5.8342000e+00   6.6009000e+00   6.2146000e+00   6.3667000e+00  -1.7170000e-01   7.0920000e-01
   6.3832000e+00   6.9609000e+00   6.6867000e+00   6.8901000e+00  -2.5310000e-01   1.9471000e+00
   6.5031000e+00   7.0275000e+00   6.8399000e+00   7.0431000e+00  -2.4300000e-01   2.5683000e+00
   6.4712000e+00   6.9955000e+00   6.7690000e+00   6.9697000e+00  -3.9930000e-01   3.0850000e+00
   6.6544000e+00   7.2199000e+00   6.8700000e+00   7.0329000e+00  -5.5060000e-01   3.0765000e+00
   7.0049000e+00   7.6291000e+00   7.2506000e+00   7.4751000e+00   2.3660000e-01   2.8084000e+00
   6.6241000e+00   7.3151000e+00   6.9874000e+00   7.2800000e+00   8.8330000e-01   2.6419000e+00
   6.8168000e+00   7.4605000e+00   7.1635000e+00   7.4203000e+00   3.5780000e-01   1.8070000e+00
   6.9623000e+00   7.7678000e+00   7.3439000e+00   7.6096000e+00  -8.0320000e-01   8.8920000e-01
   7.0657000e+00   7.7845000e+00   7.3958000e+00   7.5960000e+00  -1.1195000e+00   1.2489000e+00
   7.0961000e+00   7.5846000e+00   7.2768000e+00   7.4201000e+00   2.6970000e-01   1.8699000e+00
   6.9099000e+00   7.3085000e+00   7.0175000e+00   7.0921000e+00   1.2870000e-01   1.7436000e+00
   6.8066000e+00   7.1504000e+00   6.8707000e+00   7.0434000e+00   3.0460000e-01   1.8440000e+00
   6.7477000e+00   7.3066000e+00   7.0076000e+00   7.1871000e+00   8.5990000e-01   1.8335000e+00
   6.7830000e+00   7.3955000e+00   7.0305000e+00   7.1854000e+00   1.5510000e+00   1.5921000e+00
   6.5877000e+00   7.2417000e+00   6.9299000e+00   7.1285000e+00   2.3637000e+00   1.3272000e+00
   6.6392000e+00   7.2311000e+00   6.9365000e+00   7.0635000e+00   2.4851000e+00   2.0110000e+00
   6.8048000e+00   7.3266000e+00   7.0032000e+00   7.0707000e+00   2.7289000e+00   3.0047000e+00
   6.8960000e+00   7.4374000e+00   7.2119000e+00   7.3750000e+00   3.6747000e+00   4.3163000e+00
   7.0161000e+00   7.5606000e+00   7.2908000e+00   7.4154000e+00   3.9099000e+00   5.6304000e+00
   7.1347000e+00   7.5465000e+00   7.3445000e+00   7.4256000e+00   3.8545000e+00   6.6485000e+00
   7.2059000e+00   7.5867000e+00   7.5041000e+00   7.6792000e+00   4.3153000e+00   6.6594000e+00
   7.1333000e+00   7.5237000e+00   7.4846000e+00   7.7081000e+00   4.6186000e+00   6.6101000e+00
   7.3429000e+00   7.7462000e+00   7.5137000e+00   7.6206000e+00   6.4876000e+00   5.8899000e+00
   7.3820000e+00   7.7758000e+00   7.4447000e+00   7.4821000e+00   6.2212000e+00   5.2051000e+00
   7.1989000e+00   7.6041000e+00   7.4169000e+00   7.5366000e+00   4.6506000e+00   4.9083000e+00
   7.0527000e+00   7.4323000e+00   7.4252000e+00   7.6360000e+00   4.7373000e+00   5.3901000e+00
   7.2807000e+00   7.6542000e+00   7.6697000e+00   7.9012000e+00   5.8741000e+00   5.9518000e+00
   7.3636000e+00   7.7304000e+00   7.7226000e+00   7.9554000e+00   6.4605000e+00   6.3685000e+00
   7.4122000e+00   7.8066000e+00   7.7653000e+00   7.9940000e+00   5.5315000e+00   6.0427000e+00
   7.3821000e+00   7.7877000e+00   7.7461000e+00   7.9640000e+00   3.6297000e+00   5.0666000e+00
   7.4779000e+00   7.9202000e+00   7.8356000e+00   8.0355000e+00   3.5459000e+00   4.1408000e+00
   7.4788000e+00   7.8796000e+00   7.8258000e+00   8.0265000e+00   3.7651000e+00   3.7274000e+00
   7.4882000e+00   7.8498000e+00   7.8220000e+00   8.0233000e+00   4.1086000e+00   3.9514000e+00
   7.4713000e+00   7.8130000e+00   7.7681000e+00   7.9526000e+00   4.3179000e+00   3.9503000e+00
   7.3826000e+00   7.7200000e+00   7.6883000e+00   7.8839000e+00   4.1276000e+00   3.8762000e+00
   7.2055000e+00   7.4649000e+00   7.5095000e+00   7.6924000e+00   3.7902000e+00   3.7371000e+00
   7.1668000e+00   7.3837000e+00   7.4349000e+00   7.6036000e+00   3.7303000e+00   3.4917000e+00
   7.1561000e+00   7.3955000e+00   7.3810000e+00   7.5293000e+00   3.6307000e+00   3.2276000e+00
   6.7819000e+00   7.1671000e+00   7.0332000e+00   7.1599000e+00   3.4448000e+00   3.2645000e+00
   6.0750000e+00   6.4785000e+00   6.2302000e+00   6.3520000e+00   3.3048000e+00   3.2321000e+00
   5.6875000e+00   5.7264000e+00   5.7069000e+00   5.6931000e+00   3.1606000e+00   3.0325000e+00
   5.7953000e+00   5.7230000e+00   5.8140000e+00   5.8055000e+00   2.8768000e+00   2.9274000e+00
   6.0073000e+00   5.9919000e+00   6.0576000e+00   6.0793000e+00   2.6896000e+00   2.7992000e+00
   6.1788000e+00   6.1943000e+00   6.1699000e+00   6.1748000e+00   2.6286000e+00   2.5519000e+00
   6.1883000e+00   6.1980000e+00   6.1853000e+00   6.2136000e+00   2.4343000e+00   2.4109000e+00
   6.1111000e+00   6.1315000e+00   6.1148000e+00   6.1450000e+00   2.3360000e+00   2.4892000e+00
   5.9972000e+00   6.0370000e+00   6.0030000e+00   6.0241000e+00   2.5477000e+00   2.7885000e+00
   5.7795000e+00   5.8443000e+00   5.8296000e+00   5.8452000e+00   2.8697000e+00   3.0383000e+00
   5.6352000e+00   5.6654000e+00   5.7089000e+00   5.7412000e+00   2.9611000e+00   2.8289000e+00
   5.4950000e+00   5.5579000e+00   5.6047000e+00   5.6635000e+00   2.6035000e+00   2.6350000e+00
   5.4700000e+00   5.4860000e+00   5.5870000e+00   5.6481000e+00   2.1194000e+00   2.6988000e+00
   5.4893000e+00   5.5495000e+00   5.6322000e+00   5.7117000e+00   2.0002000e+00   2.9979000e+00
   5.7279000e+00   5.7987000e+00   5.8626000e+00   5.9430000e+00   2.3871000e+00   2.9259000e+00
   6.1120000e+00   6.2103000e+00   6.2349000e+00   6.3253000e+00   2.6666000e+00   2.8180000e+00
   6.4227000e+00   6.5425000e+00   6.5098000e+00   6.6013000e+00   2.4827000e+00   2.2980000e+00
   6.5530000e+00   6.6941000e+00   6.6497000e+00   6.7732000e+00   2.3414000e+00   2.2199000e+00
   6.4303000e+00   6.6533000e+00   6.5553000e+00   6.7275000e+00   1.9429000e+00   1.8631000e+00
   6.3428000e+00   6.7192000e+00   6.5693000e+00   6.7360000e+00   1.4029000e+00   1.5844000e+00
   6.0336000e+00   6.3849000e+00   6.1899000e+00   6.2923000e+00   1.1870000e+00   1.5243000e+00
   6.0131000e+00   6.2874000e+00   6.0523000e+00   6.2148000e+00   1.2185000e+00   1.3400000e+00
   5.3667000e+00   5.7517000e+00   5.4590000e+00   5.6128000e+00   1.0202000e+00   8.8520000e-01
   4.9137000e+00   5.2770000e+00   4.9484000e+00   5.0704000e+00   5.5420000e-01   7.8800000e-01
   4.5083000e+00   5.0301000e+00   4.5649000e+00   4.7571000e+00   5.4360000e-01   6.7590000e-01
   4.2428000e+00   4.7703000e+00   4.2739000e+00   4.5481000e+00   5.1340000e-01   6.0550000e-01
   3.7347000e+00   4.3840000e+00   4.0691000e+00   4.5072000e+00   4.7300000e-01   3.8560000e-01
   3.5779000e+00   4.3139000e+00   3.9028000e+00   4.1940000e+00   6.9270000e-01   4.0390000e-01
   3.2036000e+00   4.3887000e+00   3.8434000e+00   4.2741000e+00   2.0060000e-01   5.1230000e-01
   3.6542000e+00   4.5555000e+00   3.9530000e+00   4.1640000e+00  -1.4222000e+00   2.9510000e-01
   3.4168000e+00   3.4776000e+00   3.2402000e+00   3.4708000e+00  -1.8459000e+00  -1.1263000e+00
   3.0969000e+00   3.3078000e+00   3.0260000e+00   3.1067000e+00  -1.3265000e+00  -1.2548000e+00
   2.6926000e+00   3.9469000e+00   3.1724000e+00   3.5330000e+00  -2.2720000e+00  -1.0513000e+00
   3.4105000e+00   3.2546000e+00   3.1337000e+00   3.2219000e+00  -2.7956000e+00  -1.3435000e+00
   3.0140000e+00   3.6679000e+00   3.3052000e+00   3.5217000e+00  -3.4827000e+00  -2.2176000e+00
   3.4241000e+00   3.7420000e+00   3.4423000e+00   3.6603000e+00  -3.3298000e+00  -2.5319000e+00
   3.3728000e+00   3.9389000e+00   3.4764000e+00   3.7128000e+00  -3.6219000e+00  -2.8405000e+00
   3.4343000e+00   3.9343000e+00   3.4571000e+00   3.7245000e+00  -2.4881000e+00  -3.0974000e+00
   3.7147000e+00   4.0676000e+00   3.8368000e+00   4.0925000e+00  -2.8609000e+00  -2.6170000e+00
   3.1766000e+00   3.6638000e+00   3.3876000e+00   3.7794000e+00  -3.1895000e+00  -2.3923000e+00
   3.6319000e+00   3.9481000e+00   3.6307000e+00   3.8857000e+00  -3.5339000e+00  -2.9579000e+00
   3.7669000e+00   4.3146000e+00   3.8584000e+00   4.1682000e+00  -2.9653000e+00  -2.7279000e+00
   3.5818000e+00   3.9369000e+00   3.6733000e+00   3.9427000e+00  -3.8256000e+00  -4.5462000e+00
   3.3602000e+00   3.7549000e+00   3.4767000e+00   3.7712000e+00  -3.0547000e+00  -4.9552000e+00
   3.4155000e+00   3.7809000e+00   3.4964000e+00   3.7195000e+00  -2.4024000e+00  -2.8053000e+00
   3.3164000e+00   3.6576000e+00   3.4985000e+00   3.7823000e+00  -3.4756000e+00  -1.5463000e+00
   3.4729000e+00   3.8168000e+00   3.5103000e+00   3.7635000e+00  -3.6279000e+00   4.1850000e-01
   3.5685000e+00   3.9685000e+00   3.6692000e+00   3.8949000e+00  -3.6914000e+00   3.2834000e+00
   3.2414000e+00   3.6728000e+00   3.6398000e+00   4.0660000e+00  -5.5333000e+00   1.2387000e+00
   3.1362000e+00   3.5439000e+00   3.3177000e+00   3.6576000e+00  -2.0565000e+00  -3.4329000e+00
   3.7332000e+00   3.9400000e+00   3.5365000e+00   3.6230000e+00  -2.4170000e+00  -1.8704000e+00
   3.1797000e+00   3.6394000e+00   3.4694000e+00   3.8496000e+00  -3.8403000e+00   5.3660000e-01
   3.1670000e+00   3.4684000e+00   3.2815000e+00   3.5126000e+00  -1.3407000e+00   1.9811000e+00
   3.0821000e+00   3.2891000e+00   3.1023000e+00   3.2406000e+00   1.2023000e+00   1.9559000e+00
   2.8086000e+00   2.8622000e+00   2.8587000e+00   3.0739000e+00   8.1210000e-01   2.9517000e+00
   2.8715000e+00   2.8124000e+00   2.6727000e+00   2.7632000e+00   1.0649000e+00   2.9110000e+00
   2.9787000e+00   2.8096000e+00   2.7468000e+00   2.8858000e+00   9.4040000e-01   2.0964000e+00
   2.8162000e+00   2.6423000e+00   2.4980000e+00   2.6079000e+00   3.6671000e+00   1.3284000e+00
   2.6658000e+00   2.4950000e+00   2.4266000e+00   2.5342000e+00   3.7976000e+00   2.5482000e+00
   2.9624000e+00   2.6412000e+00   2.6714000e+00   2.7554000e+00   2.9687000e+00   2.7594000e+00
   2.8149000e+00   2.6366000e+00   2.5813000e+00   2.7190000e+00   2.7516000e+00   2.1900000e+00
   2.6282000e+00   2.4114000e+00   2.3605000e+00   2.4656000e+00   2.5228000e+00   1.8565000e+00
   2.4985000e+00   2.3956000e+00   2.2006000e+00   2.2002000e+00   2.3749000e+00   3.6792000e+00
   1.9389000e+00   2.0214000e+00   1.8662000e+00   1.8793000e+00   2.0032000e+00   4.0178000e+00
   1.4427000e+00   1.5399000e+00   1.3359000e+00   1.3872000e+00   1.7415000e+00   3.3192000e+00
   9.6450000e-01   9.8480000e-01   8.2960000e-01   7.8620000e-01   2.8696000e+00   3.0270000e+00
   5.8960000e-01   5.8920000e-01   5.1820000e-01   4.4660000e-01   4.2103000e+00   3.3432000e+00
   1.5470000e-01   1.1630000e-01   5.7300000e-02  -6.0700000e-02   3.5271000e+00   3.1080000e+00
  -2.0290000e-01  -3.0850000e-01  -4.0190000e-01  -5.5860000e-01   3.4241000e+00   2.7434000e+00
  -4.4440000e-01  -6.1050000e-01  -6.0360000e-01  -7.3100000e-01   3.2189000e+00   2.5080000e+00
  -6.0930000e-01  -8.4610000e-01  -8.3040000e-01  -9.8570000e-01   3.3157000e+00   2.5149000e+00
  -6.4470000e-01  -8.7040000e-01  -8.4370000e-01  -9.9450000e-01   3.5451000e+00   3.0751000e+00
  -7.0150000e-01  -8.4620000e-01  -8.9470000e-01  -1.0517000e+00   3.6488000e+00   3.5100000e+00
  -5.7440000e-01  -7.2360000e-01  -8.1720000e-01  -9.9500000e-01   3.7019000e+00   3.8757000e+00
  -5.7050000e-01  -7.6720000e-01  -8.3290000e-01  -1.0057000e+00   3.9531000e+00   4.1001000e+00
  -6.2770000e-01  -8.7320000e-01  -9.2010000e-01  -1.1053000e+00   4.1673000e+00   4.3326000e+00
  -7.6280000e-01  -1.0264000e+00  -1.0622000e+00  -1.2473000e+00   4.3466000e+00   4.5179000e+00
  -8.5140000e-01  -1.0875000e+00  -1.1436000e+00  -1.3246000e+00   4.1894000e+00   4.6191000e+00
  -9.3020000e-01  -1.1878000e+00  -1.2004000e+00  -1.3668000e+00   4.1209000e+00   4.6958000e+00
  -9.5420000e-01  -1.2748000e+00  -1.2129000e+00  -1.3647000e+00   4.2827000e+00   4.5624000e+00
  -1.2371000e+00  -1.5790000e+00  -1.4829000e+00  -1.6309000e+00   4.4419000e+00   4.3872000e+00
  -1.6079000e+00  -1.9151000e+00  -1.8572000e+00  -2.0122000e+00   4.2470000e+00   4.3554000e+00
  -2.0217000e+00  -2.3093000e+00  -2.2821000e+00  -2.4477000e+00   4.0977000e+00   4.4169000e+00
  -2.4571000e+00  -2.7388000e+00  -2.7347000e+00  -2.9199000e+00   4.0946000e+00   4.3190000e+00
  -2.8379000e+00  -3.0734000e+00  -3.1422000e+00  -3.3546000e+00   3.9728000e+00   4.0501000e+00
  -3.1154000e+00  -3.3282000e+00  -3.4535000e+00  -3.6855000e+00   3.7699000e+00   3.7888000e+00
  -3.2396000e+00  -3.5015000e+00  -3.5558000e+00  -3.7705000e+00   3.6618000e+00   3.7823000e+00
  -3.2531000e+00  -3.5727000e+00  -3.5510000e+00  -3.7447000e+00   3.7702000e+00   3.9615000e+00
  -3.3994000e+00  -3.7410000e+00  -3.6577000e+00  -3.8214000e+00   3.9001000e+00   4.1634000e+00
  -3.6825000e+00  -3.9936000e+00  -3.9091000e+00  -4.0516000e+00   3.8953000e+00   4.2306000e+00
  -4.0014000e+00  -4.2996000e+00  -4.2318000e+00  -4.3754000e+00   3.8575000e+00   4.2142000e+00
  -4.1801000e+00  -4.5246000e+00  -4.4641000e+00  -4.6383000e+00   3.8330000e+00   4.2507000e+00
  -4.2647000e+00  -4.6118000e+00  -4.5686000e+00  -4.7547000e+00   4.0056000e+00   4.3968000e+00
  -4.3119000e+00  -4.5712000e+00  -4.5528000e+00  -4.6656000e+00   4.1583000e+00   4.5080000e+00
  -4.3119000e+00  -4.4901000e+00  -4.4793000e+00  -4.5495000e+00   4.3427000e+00   4.6821000e+00
  -4.2289000e+00  -4.3606000e+00  -4.3506000e+00  -4.4166000e+00   4.5891000e+00   4.8940000e+00
  -4.1024000e+00  -4.2698000e+00  -4.2419000e+00  -4.3217000e+00   4.8171000e+00   5.1501000e+00
  -3.8397000e+00  -4.0175000e+00  -4.0033000e+00  -4.0762000e+00   5.0259000e+00   5.3596000e+00
  -3.5156000e+00  -3.6486000e+00  -3.6635000e+00  -3.7072000e+00   5.2134000e+00   5.4854000e+00
  -3.2709000e+00  -3.4318000e+00  -3.4396000e+00  -3.4739000e+00   5.2915000e+00   5.5381000e+00
  -3.0394000e+00  -3.2017000e+00  -3.2689000e+00  -3.2958000e+00   5.2272000e+00   5.5233000e+00
  -2.8746000e+00  -2.9804000e+00  -3.0479000e+00  -3.0485000e+00   5.2592000e+00   5.5036000e+00
  -2.6850000e+00  -2.7744000e+00  -2.8336000e+00  -2.8106000e+00   5.2837000e+00   5.4478000e+00
  -2.4772000e+00  -2.6238000e+00  -2.6518000e+00  -2.6401000e+00   5.3171000e+00   5.3804000e+00
  -2.4152000e+00  -2.6448000e+00  -2.6463000e+00  -2.6610000e+00   5.2153000e+00   5.3075000e+00
  -2.4193000e+00  -2.6410000e+00  -2.6799000e+00  -2.6963000e+00   5.0868000e+00   5.2063000e+00
  -2.4422000e+00  -2.5950000e+00  -2.6889000e+00  -2.7186000e+00   4.8577000e+00   5.0142000e+00
  -2.4823000e+00  -2.5657000e+00  -2.6993000e+00  -2.7247000e+00   4.4900000e+00   4.8301000e+00
  -2.4870000e+00  -2.5680000e+00  -2.6800000e+00  -2.6724000e+00   4.0881000e+00   4.7239000e+00
  -2.4488000e+00  -2.5390000e+00  -2.6255000e+00  -2.6461000e+00   3.8226000e+00   4.6311000e+00
  -2.3660000e+00  -2.4298000e+00  -2.5306000e+00  -2.5892000e+00   3.7723000e+00   4.5487000e+00
  -2.2071000e+00  -2.2697000e+00  -2.3548000e+00  -2.4703000e+00   3.8687000e+00   4.5134000e+00
  -1.9696000e+00  -2.0674000e+00  -2.1380000e+00  -2.2751000e+00   4.0290000e+00   4.5175000e+00
  -1.7212000e+00  -1.8291000e+00  -1.8995000e+00  -2.0485000e+00   4.2178000e+00   4.5929000e+00
  -1.5648000e+00  -1.6591000e+00  -1.7365000e+00  -1.8979000e+00   4.3720000e+00   4.6303000e+00
  -1.4908000e+00  -1.5515000e+00  -1.6390000e+00  -1.8051000e+00   4.4210000e+00   4.5614000e+00
  -1.4085000e+00  -1.4365000e+00  -1.5234000e+00  -1.6799000e+00   4.3426000e+00   4.5145000e+00
  -1.2786000e+00  -1.2826000e+00  -1.3545000e+00  -1.4924000e+00   4.0015000e+00   4.2514000e+00
  -1.0861000e+00  -1.0683000e+00  -1.1430000e+00  -1.2613000e+00   3.2306000e+00   3.6004000e+00
  -8.5460000e-01  -8.4890000e-01  -9.1480000e-01  -1.0119000e+00   2.9080000e+00   3.5042000e+00
  -6.2660000e-01  -6.5630000e-01  -6.8820000e-01  -7.5650000e-01   3.3756000e+00   3.8587000e+00
  -4.3250000e-01  -5.1180000e-01  -5.0610000e-01  -5.4560000e-01   3.6505000e+00   3.8480000e+00
  -2.4630000e-01  -3.7410000e-01  -3.3300000e-01  -3.5040000e-01   3.8205000e+00   3.8826000e+00
  -1.1040000e-01  -2.7060000e-01  -2.1050000e-01  -2.2670000e-01   4.0541000e+00   3.9533000e+00
  -3.4900000e-02  -1.9560000e-01  -1.5410000e-01  -1.5090000e-01   4.1538000e+00   3.9386000e+00
  -1.9900000e-02  -1.4420000e-01  -1.5200000e-01  -1.2540000e-01   4.1354000e+00   3.9064000e+00
   7.6000000e-03  -7.7500000e-02  -1.5620000e-01  -1.6400000e-01   4.0386000e+00   3.8660000e+00
   1.6800000e-02  -2.2100000e-02  -1.6880000e-01  -2.4370000e-01   3.9200000e+00   3.8131000e+00
  -2.7900000e-02  -2.3300000e-02  -2.0880000e-01  -3.2410000e-01   3.7643000e+00   3.7374000e+00
  -1.1210000e-01  -1.0100000e-01  -2.9340000e-01  -4.1460000e-01   3.5791000e+00   3.6671000e+00
  -2.2370000e-01  -2.5030000e-01  -3.9670000e-01  -5.0510000e-01   3.4723000e+00   3.6530000e+00
  -3.5040000e-01  -4.0310000e-01  -5.1190000e-01  -6.2180000e-01   3.4270000e+00   3.6776000e+00
  -4.8230000e-01  -5.2480000e-01  -6.1610000e-01  -7.4360000e-01   3.4381000e+00   3.7219000e+00
  -6.6550000e-01  -6.7330000e-01  -7.1120000e-01  -8.3770000e-01   3.4748000e+00   3.7641000e+00
  -9.3400000e-01  -8.9270000e-01  -8.4880000e-01  -9.3710000e-01   3.5386000e+00   3.7953000e+00
  -1.1961000e+00  -1.0989000e+00  -1.0244000e+00  -1.0772000e+00   3.6115000e+00   3.8350000e+00
  -1.3993000e+00  -1.2367000e+00  -1.1949000e+00  -1.2528000e+00   3.6757000e+00   3.8685000e+00
  -1.6059000e+00  -1.3711000e+00  -1.3421000e+00  -1.4143000e+00   3.7014000e+00   3.8776000e+00
  -1.7230000e+00  -1.5038000e+00  -1.4647000e+00  -1.5222000e+00   3.7463000e+00   3.9236000e+00
  -1.7436000e+00  -1.6047000e+00  -1.5611000e+00  -1.6122000e+00   3.7810000e+00   3.9792000e+00
  -1.7441000e+00  -1.6468000e+00  -1.6311000e+00  -1.7016000e+00   3.8250000e+00   4.0482000e+00
  -1.8033000e+00  -1.7025000e+00  -1.7207000e+00  -1.8178000e+00   3.8955000e+00   4.1364000e+00
  -1.8365000e+00  -1.7266000e+00  -1.7806000e+00  -1.8994000e+00   3.9927000e+00   4.2931000e+00
  -1.8788000e+00  -1.7511000e+00  -1.8000000e+00  -1.9401000e+00   4.1117000e+00   4.4667000e+00
  -1.8892000e+00  -1.7723000e+00  -1.7733000e+00  -1.9187000e+00   4.2580000e+00   4.6305000e+00
  -1.7302000e+00  -1.6848000e+00  -1.5886000e+00  -1.7192000e+00   4.4206000e+00   4.8143000e+00
  -1.3180000e+00  -1.3884000e+00  -1.1538000e+00  -1.2269000e+00   4.5700000e+00   4.9965000e+00
  -8.1690000e-01  -8.4940000e-01  -6.4950000e-01  -6.7060000e-01   4.6637000e+00   5.1026000e+00
  -4.1670000e-01  -3.5470000e-01  -2.4990000e-01  -2.5470000e-01   4.7235000e+00   5.1315000e+00
   1.8000000e-02   1.7500000e-01   1.9410000e-01   2.4440000e-01   4.8124000e+00   5.1507000e+00
   4.9150000e-01   6.5710000e-01   6.7410000e-01   7.6810000e-01   4.9317000e+00   5.1569000e+00
   1.1514000e+00   1.3678000e+00   1.2997000e+00   1.4701000e+00   5.0415000e+00   5.1190000e+00
   1.2088000e+00   1.6457000e+00   1.3414000e+00   1.4827000e+00   5.0837000e+00   5.0551000e+00
   1.2440000e+00   1.5418000e+00   1.4015000e+00   1.5495000e+00   5.1370000e+00   4.9963000e+00
   1.5603000e+00   1.7427000e+00   1.7194000e+00   1.8943000e+00   5.1428000e+00   4.9464000e+00
   1.9685000e+00   2.1466000e+00   2.1365000e+00   2.3422000e+00   5.0981000e+00   4.9600000e+00
   2.3383000e+00   2.5869000e+00   2.5154000e+00   2.7354000e+00   4.9933000e+00   4.9779000e+00
   2.6819000e+00   2.8844000e+00   2.8304000e+00   3.0247000e+00   4.9134000e+00   5.0497000e+00
   3.0842000e+00   3.1998000e+00   3.1989000e+00   3.3882000e+00   4.7912000e+00   4.8707000e+00
   3.4755000e+00   3.5696000e+00   3.6085000e+00   3.8031000e+00   4.7403000e+00   4.8328000e+00
   3.9176000e+00   4.0342000e+00   4.0358000e+00   4.2106000e+00   4.6788000e+00   4.8083000e+00
   4.3528000e+00   4.5243000e+00   4.4573000e+00   4.6294000e+00   4.7724000e+00   4.8811000e+00
   4.7763000e+00   4.9976000e+00   4.9490000e+00   5.0821000e+00   4.9307000e+00   5.0749000e+00
   5.3250000e+00   5.5306000e+00   5.4438000e+00   5.5508000e+00   4.8901000e+00   4.9988000e+00
   5.9119000e+00   6.0052000e+00   5.9170000e+00   6.0081000e+00   5.1174000e+00   5.2214000e+00
   6.3727000e+00   6.4843000e+00   6.4316000e+00   6.5012000e+00   5.5640000e+00   5.4694000e+00
   6.7528000e+00   6.8727000e+00   6.8790000e+00   6.9637000e+00   6.0719000e+00   5.8646000e+00
   7.1388000e+00   7.3772000e+00   7.3242000e+00   7.4148000e+00   6.5325000e+00   6.2336000e+00
   7.4193000e+00   7.7977000e+00   7.6469000e+00   7.7651000e+00   6.9686000e+00   6.6422000e+00
   7.7526000e+00   8.0391000e+00   7.8904000e+00   7.9885000e+00   7.3622000e+00   7.1216000e+00
   8.0684000e+00   8.3091000e+00   8.1768000e+00   8.2804000e+00   7.7112000e+00   7.5494000e+00
   8.1903000e+00   8.4268000e+00   8.2569000e+00   8.2811000e+00   8.1851000e+00   7.9006000e+00
   8.2390000e+00   8.3601000e+00   8.2678000e+00   8.2972000e+00   8.6313000e+00   8.0928000e+00
   8.1300000e+00   8.1585000e+00   8.1435000e+00   8.1471000e+00   8.9848000e+00   8.4752000e+00
   8.1775000e+00   8.1892000e+00   8.2099000e+00   8.2274000e+00   8.9952000e+00   8.9643000e+00
   8.3253000e+00   8.2425000e+00   8.3430000e+00   8.2985000e+00   9.4011000e+00   9.2323000e+00
   8.4367000e+00   8.3894000e+00   8.4986000e+00   8.4504000e+00   9.7974000e+00   9.3089000e+00
   8.7350000e+00   8.7655000e+00   8.8724000e+00   8.9171000e+00   9.7338000e+00   9.2061000e+00
   9.0369000e+00   9.1538000e+00   9.1601000e+00   9.2588000e+00   9.5114000e+00   9.1888000e+00
   9.3033000e+00   9.3154000e+00   9.3239000e+00   9.3684000e+00   9.3679000e+00   9.2451000e+00
   9.4228000e+00   9.5691000e+00   9.4884000e+00   9.5749000e+00   9.2175000e+00   9.1260000e+00
   9.3442000e+00   9.5903000e+00   9.3988000e+00   9.4648000e+00   9.0906000e+00   9.0205000e+00
   9.3763000e+00   9.4105000e+00   9.4211000e+00   9.4585000e+00   8.9862000e+00   9.0355000e+00
   9.5759000e+00   9.6447000e+00   9.6882000e+00   9.7864000e+00   8.9972000e+00   9.0748000e+00
   9.8688000e+00   9.9732000e+00   1.0007400e+01   1.0110000e+01   9.0668000e+00   9.0714000e+00
   9.9135000e+00   1.0053700e+01   1.0052600e+01   1.0128300e+01   8.9893000e+00   9.0773000e+00
   9.9624000e+00   1.0097900e+01   1.0099600e+01   1.0170700e+01   8.7684000e+00   8.8312000e+00
