   9.1697000e+00   9.4444000e+00   9.3297000e+00   9.4485000e+00   2.3656000e+00   6.1583000e+00
   9.1704000e+00   9.3614000e+00   9.3317000e+00   9.4460000e+00   1.8683000e+00   7.3066000e+00
   9.2269000e+00   9.4776000e+00   9.5134000e+00   9.6944000e+00   1.6470000e+00   7.9107000e+00
   9.3119000e+00   9.6715000e+00   9.6347000e+00   9.8134000e+00   1.6790000e+00   7.8653000e+00
   9.6701000e+00   1.0035800e+01   9.9344000e+00   1.0123300e+01   2.1309000e+00   7.6574000e+00
   9.9116000e+00   1.0334700e+01   1.0229000e+01   1.0455900e+01   2.0249000e+00   7.2728000e+00
   1.0057200e+01   1.0639900e+01   1.0485500e+01   1.0752700e+01   1.9150000e+00   7.0425000e+00
   9.8584000e+00   1.0444000e+01   1.0098300e+01   1.0288500e+01   1.6042000e+00   6.8075000e+00
   9.8500000e+00   1.0365900e+01   9.8902000e+00   9.9680000e+00   9.7700000e-01   6.7596000e+00
   9.8624000e+00   1.0391800e+01   9.8518000e+00   9.8352000e+00   7.8850000e-01   6.9586000e+00
   9.4894000e+00   1.0023000e+01   9.6662000e+00   9.7342000e+00   1.5555000e+00   7.3141000e+00
   9.3549000e+00   9.7007000e+00   9.2042000e+00   9.1725000e+00   3.0111000e+00   7.5276000e+00
   9.4842000e+00   9.5845000e+00   9.0919000e+00   8.8136000e+00   4.3443000e+00   7.7092000e+00
   9.6082000e+00   9.7120000e+00   9.2235000e+00   9.0528000e+00   4.1294000e+00   7.9128000e+00
   9.4429000e+00   9.5852000e+00   9.1776000e+00   8.9929000e+00   4.9258000e+00   8.2496000e+00
   9.1725000e+00   9.3431000e+00   8.9512000e+00   8.8443000e+00   6.0335000e+00   8.3878000e+00
   8.3953000e+00   8.7095000e+00   8.3470000e+00   8.3301000e+00   6.1288000e+00   8.3261000e+00
   7.9611000e+00   8.2200000e+00   7.9766000e+00   7.9703000e+00   6.4454000e+00   8.6603000e+00
   7.6571000e+00   7.8829000e+00   7.5925000e+00   7.6655000e+00   6.4997000e+00   8.8413000e+00
   7.8585000e+00   8.0877000e+00   7.5866000e+00   7.6074000e+00   5.7102000e+00   8.7002000e+00
   7.5252000e+00   8.2088000e+00   7.5677000e+00   7.6431000e+00   7.2148000e+00   9.1693000e+00
   7.4159000e+00   8.3134000e+00   7.7552000e+00   8.0118000e+00   9.1674000e+00   9.3610000e+00
   6.7440000e+00   7.7492000e+00   7.2871000e+00   7.6324000e+00   1.0166600e+01   9.5732000e+00
   5.7982000e+00   6.7280000e+00   6.2882000e+00   6.5514000e+00   1.0524600e+01   9.6282000e+00
   5.2294000e+00   6.1482000e+00   5.7916000e+00   6.0944000e+00   1.0405600e+01   9.6591000e+00
   4.4356000e+00   5.5613000e+00   4.9384000e+00   5.2507000e+00   9.0613000e+00   9.1870000e+00
   4.2243000e+00   4.8641000e+00   4.4037000e+00   4.6437000e+00   7.0499000e+00   7.6180000e+00
   4.8925000e+00   3.9844000e+00   3.9210000e+00   3.8614000e+00   5.6670000e+00   6.6085000e+00
   6.1060000e+00   4.1667000e+00   4.4921000e+00   3.7528000e+00   6.6479000e+00   6.5427000e+00
   6.5070000e+00   4.8359000e+00   5.1265000e+00   4.1460000e+00   1.0492300e+01   7.8338000e+00
   6.9033000e+00   5.8033000e+00   5.7793000e+00   4.9651000e+00   1.3009000e+01   7.7142000e+00
   7.3127000e+00   6.5373000e+00   6.2952000e+00   5.6990000e+00   1.4715500e+01   8.2975000e+00
   7.4926000e+00   6.8872000e+00   6.6721000e+00   6.2981000e+00   1.4173200e+01   9.5399000e+00
   7.2826000e+00   6.7501000e+00   6.6533000e+00   6.5186000e+00   1.3717000e+01   1.0563500e+01
   6.4611000e+00   6.0193000e+00   6.0551000e+00   5.9053000e+00   1.2413300e+01   1.0110300e+01
   6.9982000e+00   5.3948000e+00   5.9202000e+00   5.4193000e+00   1.1263100e+01   9.0212000e+00
   4.8435000e+00   4.9320000e+00   4.7973000e+00   4.7246000e+00   1.0557200e+01   9.1976000e+00
   4.7274000e+00   4.3026000e+00   4.6274000e+00   4.4900000e+00   9.8153000e+00   1.2699800e+01
   4.4877000e+00   4.4522000e+00   4.5869000e+00   4.6298000e+00   6.3175000e+00   1.6335600e+01
   5.0706000e+00   5.1809000e+00   4.3611000e+00   3.7969000e+00   9.8952000e+00   1.5257800e+01
   5.0665000e+00   5.1498000e+00   4.0098000e+00   3.1498000e+00   1.1896500e+01   1.4341000e+01
   4.2034000e+00   4.0741000e+00   3.6336000e+00   2.7972000e+00   1.2288700e+01   1.4326400e+01
   5.8687000e+00   3.7140000e+00   3.8764000e+00   3.3659000e+00   1.2276600e+01   1.3727400e+01
   5.7427000e+00   4.8746000e+00   4.1834000e+00   4.7609000e+00   1.2471000e+01   1.4063200e+01
   4.9281000e+00   5.0064000e+00   4.1698000e+00   4.1282000e+00   1.2530700e+01   1.2087500e+01
   5.0237000e+00   5.1361000e+00   4.1767000e+00   4.1192000e+00   1.1240700e+01   1.0979300e+01
   4.6210000e+00   5.0780000e+00   4.3756000e+00   4.4979000e+00   1.2154100e+01   1.1058700e+01
   3.4648000e+00   4.5135000e+00   4.2249000e+00   4.4101000e+00   1.2140500e+01   1.1588600e+01
   4.0414000e+00   4.0043000e+00   3.6224000e+00   3.6515000e+00   1.0353700e+01   1.1883600e+01
   3.1733000e+00   4.0601000e+00   3.1456000e+00   2.9928000e+00   1.0337600e+01   1.1740600e+01
   2.7080000e+00   3.3532000e+00   2.9763000e+00   3.4896000e+00   1.0879900e+01   1.2204700e+01
   3.3730000e+00   4.7646000e+00   3.3949000e+00   3.2793000e+00   7.8563000e+00   9.3693000e+00
   2.6654000e+00   3.8681000e+00   3.0276000e+00   3.6311000e+00   8.5040000e+00   8.9129000e+00
   2.6735000e+00   4.7614000e+00   3.0975000e+00   3.6133000e+00   1.0842700e+01   9.3320000e+00
   2.9907000e+00   5.2600000e+00   4.1667000e+00   4.7693000e+00   1.1247500e+01   1.0127300e+01
   3.7004000e+00   5.1434000e+00   4.4811000e+00   5.3395000e+00   1.1608300e+01   1.0366600e+01
   3.9741000e+00   4.8440000e+00   4.4970000e+00   5.3445000e+00   1.1870400e+01   9.9694000e+00
   8.1491000e+00   8.7724000e+00   7.7620000e+00   6.9150000e+00   1.1674600e+01   9.3095000e+00
   5.9619000e+00   6.6944000e+00   5.2948000e+00   5.8979000e+00   1.1315100e+01   8.7539000e+00
   8.7940000e-01   1.9378000e+00   1.8744000e+00   2.5725000e+00   1.0823900e+01   8.0481000e+00
   8.3291000e+00   1.0712000e+01   1.2270600e+01   1.3615700e+01   1.0459900e+01   8.2021000e+00
   1.3717800e+01   1.5250000e+01   1.3601300e+01   1.3570100e+01   8.9102000e+00   7.3054000e+00
   1.0984100e+01   1.2411600e+01   1.1259200e+01   1.1631400e+01   7.3846000e+00   6.4419000e+00
   1.2621700e+01   1.2867400e+01   1.1475700e+01   1.1062200e+01   6.9444000e+00   6.6772000e+00
   1.2800500e+01   1.3357400e+01   1.2628200e+01   1.3079600e+01   5.7700000e+00   6.0682000e+00
   1.1678600e+01   1.3035500e+01   1.1720900e+01   1.2169900e+01   5.0023000e+00   4.5069000e+00
   9.0398000e+00   1.1099400e+01   1.1158700e+01   1.2518400e+01   6.6844000e+00   4.6628000e+00
   4.2731000e+00   3.6839000e+00   7.9288000e+00   9.7628000e+00   8.1422000e+00   5.7708000e+00
   5.3088000e+00   5.4231000e+00   7.7002000e+00   8.9441000e+00   7.2365000e+00   5.9592000e+00
   8.4010000e+00   9.1556000e+00   9.9928000e+00   1.0411700e+01   7.6317000e+00   5.3294000e+00
   6.1687000e+00   6.1707000e+00   7.3053000e+00   7.8857000e+00   7.6086000e+00   4.7763000e+00
   3.6075000e+00   3.1230000e+00   3.5543000e+00   4.4282000e+00   7.1209000e+00   4.5797000e+00
   2.5306000e+00   2.1391000e+00   1.8231000e+00   2.7992000e+00   6.7781000e+00   4.4943000e+00
   1.2911000e+00   7.1890000e-01   1.1668000e+00   2.5753000e+00   6.4887000e+00   4.4895000e+00
   4.3100000e-01   8.9930000e-01   2.0376000e+00   3.3977000e+00   5.6587000e+00   4.5768000e+00
   1.5161000e+00   1.9831000e+00   3.1862000e+00   4.3448000e+00   3.9248000e+00   4.0031000e+00
   2.3898000e+00   2.8404000e+00   4.0394000e+00   4.7534000e+00   2.7342000e+00   3.1395000e+00
   3.3570000e+00   3.9116000e+00   4.6840000e+00   4.9417000e+00   2.6303000e+00   2.3444000e+00
   4.1121000e+00   4.4544000e+00   4.8324000e+00   4.9547000e+00   2.7359000e+00   1.4325000e+00
   4.8358000e+00   4.6836000e+00   4.9802000e+00   5.1541000e+00   2.8985000e+00   1.4824000e+00
   5.1622000e+00   4.9444000e+00   5.2532000e+00   5.3610000e+00   2.1469000e+00   1.5599000e+00
   5.4004000e+00   5.4553000e+00   5.6880000e+00   5.8052000e+00   2.1159000e+00   1.7017000e+00
   5.9196000e+00   5.9113000e+00   6.3392000e+00   6.5959000e+00   1.7596000e+00   1.4547000e+00
   6.7201000e+00   6.7169000e+00   6.9272000e+00   6.9816000e+00   2.0906000e+00   1.3291000e+00
   7.0699000e+00   7.0218000e+00   7.1932000e+00   7.2290000e+00   2.4301000e+00   1.5375000e+00
   7.6141000e+00   7.4870000e+00   7.7726000e+00   7.8859000e+00   3.0444000e+00   1.6430000e+00
   7.9900000e+00   7.9871000e+00   8.1183000e+00   8.2275000e+00   3.5932000e+00   1.6580000e+00
   8.0642000e+00   8.0506000e+00   8.1222000e+00   8.2075000e+00   3.3583000e+00   1.5969000e+00
   8.2486000e+00   8.1214000e+00   8.2480000e+00   8.3141000e+00   2.8509000e+00   1.5491000e+00
   8.5801000e+00   8.4248000e+00   8.6028000e+00   8.7527000e+00   2.5190000e+00   1.6746000e+00
   8.8475000e+00   8.8690000e+00   8.8785000e+00   8.9967000e+00   2.5539000e+00   2.1091000e+00
   9.0029000e+00   9.0573000e+00   9.0367000e+00   9.1527000e+00   3.6905000e+00   2.8984000e+00
   9.1152000e+00   9.2214000e+00   9.1753000e+00   9.2992000e+00   5.4473000e+00   4.1293000e+00
   9.4603000e+00   9.6277000e+00   9.5295000e+00   9.6249000e+00   7.7441000e+00   5.3015000e+00
   9.6579000e+00   1.0009200e+01   9.7957000e+00   9.8980000e+00   1.1519600e+01   7.1293000e+00
   9.8583000e+00   1.0140900e+01   9.9281000e+00   9.9630000e+00   1.4962500e+01   9.9402000e+00
   9.9998000e+00   1.0332800e+01   1.0128600e+01   1.0144600e+01   1.5186300e+01   1.3644800e+01
   9.5603000e+00   9.9714000e+00   9.9030000e+00   1.0034400e+01   1.5375200e+01   1.4205600e+01
   8.9751000e+00   9.3609000e+00   9.3910000e+00   9.5318000e+00   1.5824800e+01   1.5032400e+01
   7.3933000e+00   7.6363000e+00   8.0399000e+00   8.8263000e+00   1.4987400e+01   1.4554500e+01
   7.3611000e+00   7.5687000e+00   7.6573000e+00   7.7891000e+00   1.4423500e+01   1.3630900e+01
   6.7943000e+00   7.1167000e+00   7.2361000e+00   7.5016000e+00   1.4085200e+01   1.2868100e+01
   6.2477000e+00   6.5938000e+00   6.6113000e+00   6.8618000e+00   1.3582600e+01   1.2002500e+01
   6.3233000e+00   6.6234000e+00   6.5058000e+00   6.5968000e+00   1.3266600e+01   1.1741000e+01
   6.5243000e+00   6.9615000e+00   6.7402000e+00   6.8650000e+00   1.3288100e+01   1.1792900e+01
   6.5659000e+00   7.2145000e+00   7.0000000e+00   7.1818000e+00   1.3651300e+01   1.1781900e+01
   6.4963000e+00   6.8157000e+00   6.8652000e+00   7.0419000e+00   1.4173800e+01   1.2007400e+01
   6.3915000e+00   6.7059000e+00   6.6816000e+00   6.7883000e+00   1.4700100e+01   1.2192500e+01
   6.2923000e+00   6.3720000e+00   6.2188000e+00   6.1476000e+00   1.4615000e+01   1.2578400e+01
   6.3939000e+00   5.9519000e+00   5.7244000e+00   5.4688000e+00   1.5239300e+01   1.3181300e+01
   6.1779000e+00   5.5422000e+00   5.1163000e+00   4.7379000e+00   1.6419900e+01   1.3738700e+01
   5.0607000e+00   4.7262000e+00   3.9308000e+00   3.4765000e+00   1.6447100e+01   1.3576600e+01
   3.6071000e+00   3.4943000e+00   2.6809000e+00   2.3746000e+00   1.5911500e+01   1.4439400e+01
   2.4137000e+00   2.4145000e+00   2.0781000e+00   2.0495000e+00   1.5738200e+01   1.4711000e+01
   2.4713000e+00   2.4662000e+00   2.4694000e+00   2.5491000e+00   1.5303200e+01   1.3597300e+01
   3.0876000e+00   3.0164000e+00   3.1498000e+00   3.3048000e+00   1.4478400e+01   1.3117000e+01
   3.6040000e+00   3.5486000e+00   3.7148000e+00   3.7535000e+00   1.3188900e+01   1.1796300e+01
   4.0348000e+00   4.1136000e+00   4.1250000e+00   4.0086000e+00   1.2600400e+01   1.1745200e+01
   4.3279000e+00   4.5686000e+00   4.3366000e+00   4.1452000e+00   1.2330200e+01   1.1544500e+01
   4.3770000e+00   4.6069000e+00   4.2723000e+00   3.9821000e+00   1.2295700e+01   1.1516400e+01
   4.3501000e+00   4.4645000e+00   4.1008000e+00   3.5914000e+00   1.2581800e+01   1.1894800e+01
   4.5185000e+00   4.4596000e+00   4.0638000e+00   3.2890000e+00   1.2805200e+01   1.2627000e+01
   4.9020000e+00   4.5976000e+00   4.2794000e+00   3.3008000e+00   1.3038200e+01   1.2722500e+01
   5.4825000e+00   4.9031000e+00   4.6520000e+00   3.7044000e+00   1.3109300e+01   1.2419700e+01
   5.9038000e+00   5.3837000e+00   5.0681000e+00   4.3134000e+00   1.2887400e+01   1.1945600e+01
   6.2475000e+00   5.6379000e+00   5.2938000e+00   4.6962000e+00   1.2620500e+01   1.1433000e+01
   7.0375000e+00   5.9890000e+00   5.8860000e+00   5.2996000e+00   1.2106400e+01   1.0988500e+01
   7.8125000e+00   6.7288000e+00   6.6897000e+00   6.1331000e+00   1.1294600e+01   1.0632300e+01
   8.1662000e+00   7.5230000e+00   7.3600000e+00   7.0394000e+00   1.0560600e+01   1.0291400e+01
   7.9371000e+00   7.6325000e+00   7.3014000e+00   7.1199000e+00   1.0193600e+01   9.9575000e+00
   7.8653000e+00   7.4850000e+00   7.1117000e+00   6.7757000e+00   9.7757000e+00   9.7157000e+00
   7.9998000e+00   7.4271000e+00   7.1337000e+00   6.6739000e+00   9.4705000e+00   9.2695000e+00
   7.8522000e+00   7.4761000e+00   7.2470000e+00   6.9606000e+00   9.4533000e+00   8.9314000e+00
   7.6321000e+00   7.3547000e+00   7.1888000e+00   7.0301000e+00   9.5051000e+00   8.6592000e+00
   7.3549000e+00   7.1509000e+00   7.0405000e+00   6.9659000e+00   9.3659000e+00   8.4527000e+00
   7.1732000e+00   6.9423000e+00   6.8723000e+00   6.8196000e+00   8.8075000e+00   7.9274000e+00
   7.0189000e+00   6.7347000e+00   6.6573000e+00   6.5610000e+00   8.3874000e+00   7.2981000e+00
   6.9908000e+00   6.6226000e+00   6.5132000e+00   6.3197000e+00   7.8496000e+00   6.6917000e+00
   6.8771000e+00   6.5426000e+00   6.3763000e+00   6.1435000e+00   7.4621000e+00   6.3496000e+00
   6.6696000e+00   6.3637000e+00   6.2358000e+00   6.0086000e+00   6.9094000e+00   5.8877000e+00
   6.3452000e+00   6.0621000e+00   6.0636000e+00   5.8849000e+00   6.5692000e+00   5.6501000e+00
   5.9522000e+00   5.7045000e+00   5.8677000e+00   5.7214000e+00   5.9974000e+00   4.7933000e+00
   5.6138000e+00   5.4893000e+00   5.7644000e+00   5.6445000e+00   4.8640000e+00   4.8407000e+00
   5.5768000e+00   5.5720000e+00   5.7710000e+00   5.6278000e+00   4.7842000e+00   3.9151000e+00
   5.6359000e+00   5.7231000e+00   5.5612000e+00   5.2543000e+00   7.4848000e+00   3.2832000e+00
   5.4731000e+00   5.6288000e+00   5.0319000e+00   4.3437000e+00   5.2266000e+00   4.9759000e+00
   4.8220000e+00   5.0057000e+00   4.0169000e+00   2.7618000e+00   8.5665000e+00   7.7429000e+00
   3.8535000e+00   3.2251000e+00   3.3722000e+00   4.2638000e+00   6.2378000e+00   7.0444000e+00
   3.4372000e+00   5.1076000e+00   4.9483000e+00   5.5623000e+00   6.6705000e+00   6.9803000e+00
   4.6073000e+00   4.9763000e+00   5.4644000e+00   5.9877000e+00   5.8707000e+00   7.0551000e+00
   5.7730000e+00   6.8874000e+00   6.9815000e+00   7.9886000e+00   9.4454000e+00   9.5969000e+00
   8.9253000e+00   1.0275000e+01   1.0123200e+01   1.0662600e+01   8.8568000e+00   1.1109400e+01
   7.7254000e+00   1.0913700e+01   1.0919600e+01   1.1063700e+01   6.4011000e+00   1.0568700e+01
   9.6446000e+00   1.1284900e+01   1.0250500e+01   1.0327400e+01   6.6493000e+00   7.9482000e+00
   1.0145200e+01   1.1029800e+01   1.0267700e+01   1.0348200e+01   4.9564000e+00   6.4782000e+00
   1.0028200e+01   1.0722400e+01   1.0116800e+01   1.0184400e+01   3.9658000e+00   5.6869000e+00
   1.0142300e+01   1.0540100e+01   1.0164600e+01   1.0222800e+01   3.1555000e+00   5.3069000e+00
   1.0811900e+01   1.1247700e+01   1.0952800e+01   1.1047600e+01   1.8100000e+00   4.3551000e+00
   1.0522800e+01   1.1096000e+01   1.0755900e+01   1.0923600e+01   1.7030000e+00   3.4713000e+00
   9.3827000e+00   1.0178700e+01   9.7702000e+00   9.9587000e+00   2.3839000e+00   2.7124000e+00
   9.5511000e+00   1.0617900e+01   9.9973000e+00   1.0209100e+01   3.2694000e+00   2.4208000e+00
   9.0338000e+00   1.0076000e+01   9.8044000e+00   1.0060800e+01   2.8851000e+00   2.1718000e+00
   7.3417000e+00   8.2275000e+00   8.2488000e+00   8.7688000e+00   3.3923000e+00   1.9238000e+00
   5.8160000e+00   6.7250000e+00   6.8337000e+00   7.7232000e+00   2.9332000e+00   1.4865000e+00
   2.8251000e+00   3.9572000e+00   5.0328000e+00   6.2456000e+00   3.9409000e+00   1.4474000e+00
   6.7253000e+00   6.6818000e+00   9.9990000e-01   2.6883000e+00   4.6827000e+00   3.7644000e+00
   9.7100000e+00   9.3272000e+00   7.7283000e+00   5.7957000e+00   4.9235000e+00   4.7074000e+00
   9.7211000e+00   9.4347000e+00   8.6561000e+00   8.0166000e+00   4.6747000e+00   4.4071000e+00
   9.9734000e+00   9.8991000e+00   9.2281000e+00   9.7748000e+00   4.5698000e+00   4.6719000e+00
   1.0036600e+01   1.0011200e+01   9.2359000e+00   9.3203000e+00   3.9886000e+00   4.8027000e+00
   1.0533500e+01   1.0519100e+01   9.7556000e+00   9.5881000e+00   3.7191000e+00   4.4438000e+00
   1.0252400e+01   1.0334600e+01   9.8677000e+00   9.8642000e+00   3.2259000e+00   4.4486000e+00
   9.7595000e+00   9.8187000e+00   9.7019000e+00   9.8646000e+00   3.1161000e+00   4.4443000e+00
   1.0196000e+01   1.0120500e+01   9.9789000e+00   1.0037000e+01   3.2212000e+00   4.4586000e+00
   1.0016500e+01   9.9751000e+00   9.3806000e+00   8.9070000e+00   3.4361000e+00   4.8139000e+00
   8.8677000e+00   8.8447000e+00   7.8055000e+00   7.4201000e+00   4.6074000e+00   5.0815000e+00
   7.9211000e+00   8.0728000e+00   7.6952000e+00   7.6520000e+00   5.8224000e+00   5.5326000e+00
   8.7190000e+00   8.3998000e+00   8.0980000e+00   7.9854000e+00   6.4025000e+00   5.9117000e+00
   8.3890000e+00   8.3999000e+00   8.2439000e+00   8.2179000e+00   6.0535000e+00   6.1472000e+00
   7.7666000e+00   8.0949000e+00   8.1381000e+00   8.2865000e+00   6.0092000e+00   6.1146000e+00
   7.9295000e+00   8.1777000e+00   8.4412000e+00   8.5831000e+00   6.0911000e+00   5.8021000e+00
   8.8365000e+00   8.9869000e+00   9.2824000e+00   9.3898000e+00   6.0903000e+00   5.4483000e+00
   9.5784000e+00   9.7200000e+00   9.9434000e+00   1.0101600e+01   5.9094000e+00   5.3930000e+00
   9.9359000e+00   1.0064100e+01   1.0317900e+01   1.0547600e+01   5.6309000e+00   5.4465000e+00
   1.0273700e+01   1.0266500e+01   1.0553400e+01   1.0749700e+01   5.4827000e+00   5.5018000e+00
   1.0557800e+01   1.0539700e+01   1.0831700e+01   1.0972200e+01   5.4260000e+00   5.7920000e+00
   1.0610700e+01   1.0671900e+01   1.0931800e+01   1.1067000e+01   4.8815000e+00   6.1501000e+00
   1.0731100e+01   1.0867700e+01   1.1043800e+01   1.1159700e+01   4.1813000e+00   6.9702000e+00
   1.0890000e+01   1.1096700e+01   1.1211400e+01   1.1324400e+01   4.1213000e+00   7.2773000e+00
   1.1153700e+01   1.1420400e+01   1.1482700e+01   1.1588800e+01   4.3501000e+00   7.1618000e+00
   1.1337900e+01   1.1666700e+01   1.1671400e+01   1.1774200e+01   4.9260000e+00   6.7757000e+00
   1.1413800e+01   1.1696200e+01   1.1666800e+01   1.1713600e+01   5.4692000e+00   6.3677000e+00
   1.1441000e+01   1.1668800e+01   1.1622300e+01   1.1616800e+01   6.1242000e+00   6.5625000e+00
   1.1414500e+01   1.1644500e+01   1.1596200e+01   1.1612200e+01   6.7674000e+00   6.9917000e+00
   1.1473300e+01   1.1698600e+01   1.1639400e+01   1.1677700e+01   7.1310000e+00   7.4968000e+00
   1.1696300e+01   1.1873000e+01   1.1774700e+01   1.1770800e+01   7.7604000e+00   8.3220000e+00
   1.1984100e+01   1.2201500e+01   1.2050900e+01   1.2006700e+01   8.5317000e+00   9.4724000e+00
   1.2180300e+01   1.2523700e+01   1.2355800e+01   1.2345900e+01   9.3943000e+00   1.0181500e+01
   1.2213600e+01   1.2660200e+01   1.2525800e+01   1.2591500e+01   1.0270800e+01   1.0827100e+01
   1.2118000e+01   1.2622100e+01   1.2531300e+01   1.2674600e+01   1.1056000e+01   1.1224500e+01
   1.2026700e+01   1.2484900e+01   1.2429800e+01   1.2590000e+01   1.1745700e+01   1.1529100e+01
   1.1945700e+01   1.2363900e+01   1.2306400e+01   1.2448700e+01   1.2447500e+01   1.1951600e+01
   1.1832900e+01   1.2245000e+01   1.2170200e+01   1.2310400e+01   1.2950300e+01   1.2302700e+01
   1.1655100e+01   1.2032000e+01   1.1970900e+01   1.2114500e+01   1.3134700e+01   1.2387300e+01
   1.1548400e+01   1.1873600e+01   1.1791600e+01   1.1900400e+01   1.3001900e+01   1.2369000e+01
   1.1406300e+01   1.1731700e+01   1.1627400e+01   1.1712300e+01   1.2737700e+01   1.2262700e+01
   1.1236000e+01   1.1555100e+01   1.1458800e+01   1.1544400e+01   1.2457800e+01   1.2060100e+01
   1.1039400e+01   1.1349300e+01   1.1280500e+01   1.1370800e+01   1.2312300e+01   1.1888000e+01
   1.0836500e+01   1.1148300e+01   1.1079300e+01   1.1157700e+01   1.2301900e+01   1.1868500e+01
   1.0613400e+01   1.0958700e+01   1.0865500e+01   1.0905900e+01   1.2618300e+01   1.2073100e+01
   1.0371200e+01   1.0774300e+01   1.0735700e+01   1.0811600e+01   1.1891900e+01   1.1649300e+01
   9.8488000e+00   1.0560900e+01   1.0460300e+01   1.0631100e+01   1.1189400e+01   1.0915200e+01
   9.0722000e+00   9.9305000e+00   9.7096000e+00   9.8292000e+00   1.0767600e+01   1.0040700e+01
   8.7620000e+00   9.3901000e+00   9.1755000e+00   9.1735000e+00   1.0794100e+01   9.8894000e+00
   8.5590000e+00   9.1457000e+00   8.9256000e+00   8.8853000e+00   1.0695000e+01   9.6281000e+00
   8.5964000e+00   9.0424000e+00   8.8563000e+00   8.7820000e+00   1.0604400e+01   9.5126000e+00
   8.7266000e+00   9.0710000e+00   8.8273000e+00   8.6854000e+00   1.0358600e+01   9.4111000e+00
   8.7579000e+00   9.0223000e+00   8.8071000e+00   8.6264000e+00   9.9849000e+00   9.1233000e+00
   8.7683000e+00   8.9904000e+00   8.8687000e+00   8.7530000e+00   9.7914000e+00   8.9441000e+00
   8.6479000e+00   8.8499000e+00   8.7781000e+00   8.7395000e+00   9.8594000e+00   9.2342000e+00
   8.4393000e+00   8.6119000e+00   8.5912000e+00   8.6157000e+00   9.6767000e+00   9.4489000e+00
   8.1760000e+00   8.3399000e+00   8.3588000e+00   8.4395000e+00   9.8179000e+00   9.4229000e+00
   7.9102000e+00   8.0144000e+00   8.0682000e+00   8.1578000e+00   9.8492000e+00   9.3551000e+00
   7.6708000e+00   7.6951000e+00   7.7758000e+00   7.8586000e+00   1.0037700e+01   9.2535000e+00
   7.4653000e+00   7.4554000e+00   7.5490000e+00   7.6609000e+00   1.0421300e+01   9.4252000e+00
   7.2514000e+00   7.2173000e+00   7.3318000e+00   7.4848000e+00   1.0661700e+01   9.5282000e+00
   7.0338000e+00   6.9393000e+00   7.0635000e+00   7.2197000e+00   1.0887400e+01   9.6079000e+00
   6.8824000e+00   6.7134000e+00   6.8284000e+00   6.9580000e+00   1.1257900e+01   9.7725000e+00
   6.7680000e+00   6.5368000e+00   6.6228000e+00   6.7111000e+00   1.1428000e+01   9.7276000e+00
   6.6896000e+00   6.3611000e+00   6.4590000e+00   6.4976000e+00   1.0682900e+01   9.2273000e+00
   6.6948000e+00   6.3223000e+00   6.4260000e+00   6.4319000e+00   1.0363700e+01   8.7459000e+00
   6.6169000e+00   6.3010000e+00   6.3629000e+00   6.3690000e+00   9.8972000e+00   8.3670000e+00
   6.4812000e+00   6.2105000e+00   6.2455000e+00   6.2654000e+00   9.0854000e+00   7.4806000e+00
   6.1844000e+00   5.9736000e+00   5.9948000e+00   6.0455000e+00   7.8481000e+00   6.2817000e+00
   5.7942000e+00   5.6609000e+00   5.6775000e+00   5.7385000e+00   6.6179000e+00   5.0694000e+00
   5.3445000e+00   5.3695000e+00   5.3609000e+00   5.3555000e+00   6.0521000e+00   4.3842000e+00
   4.9390000e+00   5.1911000e+00   5.0428000e+00   4.8567000e+00   5.9737000e+00   4.2338000e+00
   4.6880000e+00   5.1179000e+00   4.6377000e+00   4.0848000e+00   6.0320000e+00   4.6344000e+00
   4.5719000e+00   5.0428000e+00   4.1127000e+00   2.8938000e+00   6.2372000e+00   5.8124000e+00
   4.2736000e+00   4.6131000e+00   3.4878000e+00   2.6935000e+00   7.2198000e+00   6.1944000e+00
   3.4590000e+00   3.7657000e+00   3.6104000e+00   4.2668000e+00   8.1144000e+00   7.6897000e+00
   4.2147000e+00   5.3847000e+00   5.1274000e+00   5.3050000e+00   8.1757000e+00   9.0270000e+00
   5.4725000e+00   5.6202000e+00   5.7958000e+00   5.6947000e+00   8.6774000e+00   8.8851000e+00
   6.3379000e+00   6.1030000e+00   6.2441000e+00   6.3456000e+00   9.8114000e+00   8.9491000e+00
   6.6665000e+00   6.8825000e+00   6.8385000e+00   6.4481000e+00   9.7670000e+00   9.3226000e+00
   7.5678000e+00   7.2726000e+00   7.0304000e+00   6.3735000e+00   1.0070000e+01   9.9927000e+00
   7.6610000e+00   7.1300000e+00   7.2234000e+00   7.3648000e+00   1.0431100e+01   1.0365000e+01
   7.8808000e+00   8.7260000e+00   9.2585000e+00   1.0492300e+01   1.0996500e+01   1.0461700e+01
   9.1364000e+00   1.0821700e+01   1.0260400e+01   1.0827000e+01   1.1146900e+01   1.0540200e+01
   9.7609000e+00   1.1258200e+01   1.0825300e+01   1.1051100e+01   1.0772500e+01   1.0292500e+01
   1.0283500e+01   1.1273400e+01   1.0912800e+01   1.0902900e+01   1.0472600e+01   1.0286700e+01
   1.0613400e+01   1.1219400e+01   1.0963100e+01   1.0926600e+01   1.0388300e+01   1.0636700e+01
   1.0674500e+01   1.1067600e+01   1.0932600e+01   1.1021000e+01   1.0368600e+01   1.0898300e+01
   1.0715300e+01   1.1194300e+01   1.1026500e+01   1.1178300e+01   1.0175100e+01   1.0746900e+01
   1.0486700e+01   1.1036700e+01   1.0836800e+01   1.0980500e+01   9.9967000e+00   1.0492400e+01
   1.0374600e+01   1.0958900e+01   1.0806700e+01   1.1008100e+01   1.0341900e+01   1.0301900e+01
   1.0001600e+01   1.0836800e+01   1.0709500e+01   1.0960300e+01   1.0776900e+01   1.0613500e+01
   1.0623000e+01   1.1275200e+01   1.1313800e+01   1.1314900e+01   1.1293000e+01   1.0137800e+01
   1.1402400e+01   1.2191100e+01   1.1936600e+01   1.1993400e+01   1.1846800e+01   1.0642300e+01
   1.1680400e+01   1.2465500e+01   1.2233800e+01   1.2550200e+01   1.1833500e+01   1.0873200e+01
   1.2545600e+01   1.3189000e+01   1.2904300e+01   1.3196500e+01   1.0838900e+01   1.0889700e+01
   1.2973200e+01   1.3632500e+01   1.3329100e+01   1.3581500e+01   1.0949200e+01   1.0914600e+01
   1.2921500e+01   1.3277800e+01   1.3210100e+01   1.3496900e+01   1.0830700e+01   1.0777300e+01
   1.3060500e+01   1.3397700e+01   1.3292500e+01   1.3535500e+01   1.0010500e+01   1.0404100e+01
   1.4012600e+01   1.4355100e+01   1.4006600e+01   1.4073500e+01   8.9914000e+00   1.0504900e+01
   1.4805700e+01   1.5113000e+01   1.4832200e+01   1.4905600e+01   8.5087000e+00   1.0631600e+01
   1.5129300e+01   1.5443500e+01   1.5194900e+01   1.5302800e+01   8.7635000e+00   1.0540800e+01
   1.4819800e+01   1.5182200e+01   1.4958300e+01   1.5073100e+01   8.9789000e+00   1.0109700e+01
   1.4288300e+01   1.4653200e+01   1.4521000e+01   1.4659000e+01   8.6597000e+00   9.4216000e+00
   1.4274000e+01   1.4648400e+01   1.4459100e+01   1.4532900e+01   8.5406000e+00   8.9661000e+00
   1.3960200e+01   1.4445400e+01   1.4367600e+01   1.4610000e+01   8.9171000e+00   8.8555000e+00
   1.3512700e+01   1.4025900e+01   1.4029900e+01   1.4360400e+01   9.2927000e+00   8.7751000e+00
   1.2915800e+01   1.3328700e+01   1.3448200e+01   1.3839900e+01   9.1222000e+00   8.6650000e+00
   1.2938800e+01   1.3232200e+01   1.3277600e+01   1.3595200e+01   8.7823000e+00   8.7828000e+00
   1.3082400e+01   1.3350400e+01   1.3342700e+01   1.3587900e+01   8.2993000e+00   8.8128000e+00
   1.3265000e+01   1.3616200e+01   1.3514500e+01   1.3711600e+01   7.9501000e+00   8.3604000e+00
   1.3154500e+01   1.3446900e+01   1.3343100e+01   1.3492600e+01   7.8590000e+00   7.9080000e+00
   1.3165100e+01   1.3471900e+01   1.3318800e+01   1.3452000e+01   7.8298000e+00   7.3511000e+00
   1.3142000e+01   1.3504000e+01   1.3460300e+01   1.3683800e+01   7.6985000e+00   6.8570000e+00
   1.3111900e+01   1.3463100e+01   1.3423600e+01   1.3620500e+01   7.3869000e+00   6.3002000e+00
   1.3224100e+01   1.3489700e+01   1.3356600e+01   1.3428600e+01   7.1536000e+00   6.1710000e+00
   1.3061100e+01   1.3334500e+01   1.3276900e+01   1.3369500e+01   6.8852000e+00   6.1981000e+00
   1.2725600e+01   1.3007200e+01   1.2972900e+01   1.3068600e+01   6.4035000e+00   6.2624000e+00
   1.2553400e+01   1.2853100e+01   1.2744500e+01   1.2770800e+01   5.9154000e+00   6.2553000e+00
   1.2720900e+01   1.3046200e+01   1.2823300e+01   1.2719300e+01   5.6932000e+00   6.2168000e+00
   1.2824300e+01   1.3258900e+01   1.2915200e+01   1.2786000e+01   5.6514000e+00   6.1009000e+00
   1.2774600e+01   1.3283100e+01   1.3016800e+01   1.2952400e+01   5.7149000e+00   6.1678000e+00
   1.2474100e+01   1.3038900e+01   1.2919300e+01   1.2983300e+01   5.9382000e+00   6.3435000e+00
   1.2121500e+01   1.2689800e+01   1.2616700e+01   1.2792400e+01   6.1350000e+00   6.5254000e+00
   1.1783900e+01   1.2348400e+01   1.2262600e+01   1.2417400e+01   6.3514000e+00   6.6540000e+00
   1.1368700e+01   1.1962100e+01   1.1955700e+01   1.2134200e+01   6.5143000e+00   6.7811000e+00
   1.0979700e+01   1.1535600e+01   1.1636700e+01   1.1884900e+01   6.6163000e+00   6.8412000e+00
   1.0642700e+01   1.1121800e+01   1.1282400e+01   1.1558700e+01   6.5895000e+00   6.8896000e+00
   1.0428400e+01   1.0812200e+01   1.0968200e+01   1.1213800e+01   6.4961000e+00   6.8511000e+00
   1.0287900e+01   1.0617400e+01   1.0721300e+01   1.0921300e+01   6.5342000e+00   6.8617000e+00
   1.0112700e+01   1.0454100e+01   1.0537400e+01   1.0721900e+01   6.6557000e+00   6.8806000e+00
   9.8918000e+00   1.0255800e+01   1.0383300e+01   1.0647400e+01   7.0343000e+00   6.9158000e+00
   9.6073000e+00   9.9556000e+00   1.0080900e+01   1.0363900e+01   7.3417000e+00   7.0086000e+00
   9.4394000e+00   9.7535000e+00   9.8363000e+00   1.0067100e+01   7.5665000e+00   7.0549000e+00
   9.2721000e+00   9.5934000e+00   9.6468000e+00   9.8635000e+00   7.9936000e+00   7.1962000e+00
   9.1254000e+00   9.4790000e+00   9.5240000e+00   9.7341000e+00   8.7116000e+00   7.4633000e+00
   8.9382000e+00   9.2945000e+00   9.3873000e+00   9.6381000e+00   9.5119000e+00   7.6835000e+00
   8.9136000e+00   9.2033000e+00   9.2684000e+00   9.4476000e+00   9.6591000e+00   7.8156000e+00
   8.8352000e+00   9.1797000e+00   9.1895000e+00   9.3444000e+00   9.9845000e+00   8.6608000e+00
   8.6895000e+00   9.1819000e+00   9.0749000e+00   9.2311000e+00   1.0080700e+01   1.0068700e+01
   8.4232000e+00   8.9826000e+00   8.9130000e+00   9.0983000e+00   9.9542000e+00   1.0951400e+01
   7.9413000e+00   8.5979000e+00   8.6579000e+00   8.9367000e+00   9.7269000e+00   1.0326200e+01
   7.1586000e+00   8.1737000e+00   8.1100000e+00   8.4773000e+00   9.1725000e+00   9.4833000e+00
   6.4210000e+00   7.4470000e+00   7.3278000e+00   7.6507000e+00   8.3473000e+00   8.3585000e+00
   5.9955000e+00   6.8458000e+00   6.7671000e+00   7.0207000e+00   8.1391000e+00   8.3917000e+00
   5.9387000e+00   6.5141000e+00   6.4982000e+00   6.6959000e+00   7.8850000e+00   8.3001000e+00
   5.8890000e+00   6.3298000e+00   6.3827000e+00   6.6002000e+00   7.5941000e+00   7.9839000e+00
   5.7467000e+00   6.1110000e+00   6.1789000e+00   6.4108000e+00   7.5256000e+00   7.7435000e+00
   5.6608000e+00   5.8937000e+00   5.9640000e+00   6.1784000e+00   7.7231000e+00   7.8313000e+00
   5.4755000e+00   5.5910000e+00   5.6406000e+00   5.8182000e+00   7.9242000e+00   8.0977000e+00
   5.3548000e+00   5.2833000e+00   5.2776000e+00   5.3723000e+00   8.3897000e+00   8.4177000e+00
   5.3983000e+00   5.1972000e+00   5.0906000e+00   5.0578000e+00   8.7924000e+00   8.9252000e+00
   5.4588000e+00   5.2377000e+00   5.0004000e+00   4.8084000e+00   8.8734000e+00   9.1954000e+00
   5.1839000e+00   5.0979000e+00   4.8720000e+00   4.6414000e+00   8.9445000e+00   9.2091000e+00
   4.8316000e+00   4.5636000e+00   4.3411000e+00   4.0806000e+00   8.8187000e+00   9.1485000e+00
   5.2013000e+00   4.5983000e+00   4.3135000e+00   3.8644000e+00   8.6423000e+00   8.9691000e+00
   5.7559000e+00   4.8981000e+00   4.6212000e+00   4.0631000e+00   8.5015000e+00   8.7996000e+00
   6.0209000e+00   5.2255000e+00   4.9312000e+00   4.3879000e+00   8.3990000e+00   8.5704000e+00
   5.9233000e+00   5.4742000e+00   5.0296000e+00   4.5360000e+00   8.5028000e+00   8.4495000e+00
   5.7479000e+00   5.3447000e+00   4.8687000e+00   4.0779000e+00   8.6176000e+00   8.4374000e+00
   5.7692000e+00   5.3270000e+00   4.7840000e+00   3.3839000e+00   8.7501000e+00   8.4562000e+00
   5.5158000e+00   5.1364000e+00   4.6104000e+00   3.0669000e+00   8.5930000e+00   8.2887000e+00
   5.0734000e+00   4.3390000e+00   4.2659000e+00   2.8748000e+00   8.2835000e+00   7.9677000e+00
   5.2300000e+00   3.8259000e+00   4.2155000e+00   2.8303000e+00   8.3463000e+00   7.5903000e+00
   5.9802000e+00   4.2658000e+00   4.6601000e+00   3.0316000e+00   8.1905000e+00   7.5050000e+00
   6.0682000e+00   4.7051000e+00   4.8611000e+00   3.1022000e+00   7.0804000e+00   6.9850000e+00
   6.0267000e+00   4.9572000e+00   4.9576000e+00   3.1482000e+00   6.7548000e+00   6.4099000e+00
   6.1322000e+00   5.1589000e+00   4.9847000e+00   3.6464000e+00   5.8603000e+00   5.7962000e+00
   6.0855000e+00   5.1011000e+00   4.6637000e+00   4.1813000e+00   5.7420000e+00   5.5816000e+00
   5.8464000e+00   4.9668000e+00   4.4376000e+00   4.1839000e+00   5.2172000e+00   5.5811000e+00
   5.8962000e+00   5.0469000e+00   4.6530000e+00   4.0848000e+00   4.3629000e+00   5.3613000e+00
   6.0784000e+00   5.0563000e+00   5.0591000e+00   3.7349000e+00   4.4861000e+00   5.5712000e+00
   6.2509000e+00   5.3213000e+00   5.8184000e+00   4.2746000e+00   1.0356600e+01   5.2518000e+00
   6.6023000e+00   6.2057000e+00   6.3611000e+00   5.1829000e+00   8.2073000e+00   3.9604000e+00
   8.3928000e+00   8.7560000e+00   7.7074000e+00   6.9710000e+00   1.0525300e+01   5.8250000e+00
   8.1720000e+00   8.0768000e+00   7.8686000e+00   7.9931000e+00   1.4096000e+00   8.8377000e+00
   6.2993000e+00   6.3892000e+00   6.3832000e+00   6.7825000e+00   1.0596300e+01   4.6085000e+00
   3.8014000e+00   3.0025000e+00   5.4342000e+00   6.8123000e+00   1.1552400e+01   1.8505000e+00
   2.0014500e+01   1.7991900e+01   1.4338400e+01   8.1353000e+00   9.0472000e+00   3.4384000e+00
   1.5433300e+01   1.5537100e+01   1.5008800e+01   1.5172300e+01   4.9472000e+00   5.9135000e+00
   1.4535600e+01   1.5574500e+01   1.5777600e+01   1.6271700e+01   4.0265000e+00   6.2680000e+00
   1.5353400e+01   1.5249700e+01   1.6221500e+01   1.7012200e+01   2.8337000e+00   4.5248000e+00
   1.2302400e+01   1.2450000e+01   1.4328100e+01   1.6269300e+01   2.8160000e+00   4.0982000e+00
   1.2276600e+01   1.2231700e+01   1.3715200e+01   1.4602300e+01   2.1604000e+00   2.4229000e+00
   8.8323000e+00   9.3077000e+00   1.1060000e+01   1.3276900e+01   1.9282000e+00   4.9310000e-01
   1.0396200e+01   9.5800000e+00   6.7016000e+00   4.1774000e+00   2.1572000e+00   1.0614000e+00
   3.9210000e+00   7.6692000e+00   6.9610000e+00   7.0810000e+00   3.1008000e+00   1.9700000e+00
   8.1836000e+00   7.5992000e+00   7.1998000e+00   6.6687000e+00   3.5304000e+00   2.3998000e+00
   5.5402000e+00   5.3008000e+00   5.3545000e+00   5.4154000e+00   3.8824000e+00   2.7702000e+00
   5.1618000e+00   5.2595000e+00   5.6161000e+00   5.8332000e+00   3.8058000e+00   2.7602000e+00
   5.3549000e+00   5.2681000e+00   4.4868000e+00   4.2203000e+00   4.3473000e+00   2.9932000e+00
   6.9633000e+00   5.5942000e+00   6.0944000e+00   5.5251000e+00   4.9251000e+00   2.1968000e+00
   6.8782000e+00   6.5809000e+00   6.7735000e+00   6.6366000e+00   5.6252000e+00   2.0531000e+00
   6.4848000e+00   6.3573000e+00   6.2369000e+00   6.2298000e+00   5.5801000e+00   2.9412000e+00
   6.8550000e+00   6.7692000e+00   6.5659000e+00   6.4064000e+00   4.4039000e+00   6.4324000e+00
   7.6600000e+00   7.4179000e+00   7.6996000e+00   7.6282000e+00   4.3051000e+00   7.9932000e+00
   7.7432000e+00   7.6894000e+00   7.9446000e+00   8.2053000e+00   7.8474000e+00   9.1981000e+00
   7.7261000e+00   8.2049000e+00   8.0579000e+00   8.2266000e+00   9.1036000e+00   8.9988000e+00
   8.3830000e+00   8.6761000e+00   8.6417000e+00   8.7296000e+00   8.3146000e+00   9.7852000e+00
   9.1413000e+00   9.2573000e+00   8.9959000e+00   8.8169000e+00   1.0062500e+01   1.3842800e+01
   9.4035000e+00   9.6680000e+00   8.9578000e+00   8.5879000e+00   1.0416100e+01   1.1423300e+01
   9.1228000e+00   9.0232000e+00   8.8896000e+00   8.7854000e+00   8.2164000e+00   1.3375700e+01
   9.3683000e+00   9.4234000e+00   9.3969000e+00   9.4847000e+00   8.6165000e+00   1.5150900e+01
   9.2579000e+00   9.4521000e+00   9.4434000e+00   9.5838000e+00   1.0349800e+01   1.6195400e+01
   9.5061000e+00   9.7700000e+00   9.6693000e+00   9.8547000e+00   1.0490000e+01   1.4538700e+01
   9.7186000e+00   1.0006000e+01   9.7619000e+00   9.8266000e+00   9.4434000e+00   1.1098300e+01
   9.9605000e+00   1.0022500e+01   9.7358000e+00   9.5789000e+00   8.2522000e+00   9.4005000e+00
   9.9167000e+00   1.0034500e+01   9.6209000e+00   9.4253000e+00   8.1582000e+00   8.6955000e+00
   9.3486000e+00   9.6153000e+00   9.0892000e+00   8.8339000e+00   8.4566000e+00   8.3464000e+00
   8.7897000e+00   8.9653000e+00   8.7043000e+00   8.4753000e+00   8.0248000e+00   8.0856000e+00
   8.2816000e+00   8.5226000e+00   8.4879000e+00   8.4450000e+00   7.2401000e+00   7.4659000e+00
   7.8118000e+00   7.9231000e+00   8.0012000e+00   8.1018000e+00   6.1362000e+00   6.9517000e+00
