  -3.9526000e+00  -3.9207000e+00  -3.8950000e+00  -3.8629000e+00  -3.4130000e+00  -2.9718000e+00
  -3.8765000e+00  -3.8559000e+00  -3.8282000e+00  -3.7943000e+00  -3.4946000e+00  -2.9274000e+00
  -3.7930000e+00  -3.7639000e+00  -3.7370000e+00  -3.6968000e+00  -3.4549000e+00  -2.8137000e+00
  -3.7171000e+00  -3.6823000e+00  -3.6647000e+00  -3.6285000e+00  -3.4359000e+00  -2.7852000e+00
  -3.6451000e+00  -3.6010000e+00  -3.5822000e+00  -3.5322000e+00  -3.4597000e+00  -2.8259000e+00
  -3.6053000e+00  -3.5593000e+00  -3.5619000e+00  -3.5341000e+00  -3.4616000e+00  -2.8466000e+00
  -3.6155000e+00  -3.5887000e+00  -3.5785000e+00  -3.5549000e+00  -3.4866000e+00  -2.8726000e+00
  -3.6676000e+00  -3.6378000e+00  -3.6206000e+00  -3.5886000e+00  -3.5343000e+00  -2.9035000e+00
  -3.6764000e+00  -3.6429000e+00  -3.6338000e+00  -3.6026000e+00  -3.6154000e+00  -2.9179000e+00
  -3.6622000e+00  -3.6256000e+00  -3.6115000e+00  -3.5844000e+00  -3.7489000e+00  -2.9297000e+00
  -3.6360000e+00  -3.6099000e+00  -3.5919000e+00  -3.5710000e+00  -3.8562000e+00  -2.9367000e+00
  -3.5933000e+00  -3.5820000e+00  -3.5793000e+00  -3.5712000e+00  -3.9702000e+00  -2.9173000e+00
  -3.5802000e+00  -3.5779000e+00  -3.5780000e+00  -3.5889000e+00  -4.0464000e+00  -2.8634000e+00
  -3.5161000e+00  -3.5478000e+00  -3.5397000e+00  -3.5591000e+00  -3.8151000e+00  -2.8167000e+00
  -3.4603000e+00  -3.5167000e+00  -3.5032000e+00  -3.5417000e+00  -3.3716000e+00  -2.7618000e+00
  -3.5529000e+00  -3.5610000e+00  -3.5688000e+00  -3.6102000e+00  -3.2952000e+00  -2.7188000e+00
  -3.4835000e+00  -3.4977000e+00  -3.4602000e+00  -3.4871000e+00  -3.1839000e+00  -2.6935000e+00
  -3.3608000e+00  -3.3713000e+00  -3.3750000e+00  -3.4027000e+00  -2.9709000e+00  -2.5865000e+00
  -3.3174000e+00  -3.3254000e+00  -3.3012000e+00  -3.3223000e+00  -2.7745000e+00  -2.3522000e+00
  -3.2007000e+00  -3.2509000e+00  -3.2605000e+00  -3.3243000e+00  -2.6508000e+00  -2.1990000e+00
  -3.0745000e+00  -3.0910000e+00  -3.0649000e+00  -3.1136000e+00  -2.4211000e+00  -2.0471000e+00
  -2.9821000e+00  -2.9714000e+00  -2.9486000e+00  -2.9994000e+00  -2.3119000e+00  -1.8769000e+00
  -2.8732000e+00  -2.8414000e+00  -2.8315000e+00  -2.8542000e+00  -2.2152000e+00  -1.7265000e+00
  -2.7226000e+00  -2.8400000e+00  -2.8077000e+00  -2.8821000e+00  -1.9700000e+00  -1.4768000e+00
  -2.4785000e+00  -2.9684000e+00  -2.8221000e+00  -2.9969000e+00  -1.6250000e+00  -1.1877000e+00
  -2.1275000e+00  -2.9526000e+00  -2.4355000e+00  -2.6008000e+00  -1.3744000e+00  -7.9850000e-01
  -1.5073000e+00  -2.2812000e+00  -1.9171000e+00  -2.1217000e+00  -1.2275000e+00  -5.2680000e-01
  -6.4500000e-01  -1.8489000e+00  -1.4242000e+00  -1.7075000e+00  -1.3293000e+00  -4.6330000e-01
   1.1480000e-01  -1.1434000e+00  -7.5460000e-01  -1.1778000e+00  -1.5013000e+00  -6.3140000e-01
   5.2670000e-01  -3.6320000e-01  -9.5500000e-02  -6.1750000e-01  -1.3381000e+00  -8.4580000e-01
   8.3190000e-01   4.3190000e-01   4.3390000e-01   2.0300000e-02  -1.3474000e+00  -9.2740000e-01
   1.1851000e+00   9.7050000e-01   8.4130000e-01   6.3750000e-01  -1.1967000e+00  -7.7250000e-01
   1.4951000e+00   1.3039000e+00   1.1860000e+00   1.0826000e+00  -9.0600000e-01  -6.8770000e-01
   1.7273000e+00   1.5638000e+00   1.4661000e+00   1.3461000e+00  -7.9420000e-01  -5.8680000e-01
   1.8554000e+00   1.7790000e+00   1.6722000e+00   1.5504000e+00  -6.1350000e-01  -6.2070000e-01
   1.5816000e+00   1.7790000e+00   1.7223000e+00   1.7031000e+00  -5.8470000e-01  -6.9450000e-01
   1.3425000e+00   8.1450000e-01   1.3705000e+00   1.5444000e+00  -6.1500000e-01  -6.7770000e-01
   1.8817000e+00   1.3693000e+00   1.1830000e+00   8.4210000e-01  -8.4040000e-01  -3.8340000e-01
   1.9090000e+00   1.3505000e+00   1.4251000e+00   1.2505000e+00  -5.4890000e-01  -4.9600000e-02
   2.1220000e+00   1.6348000e+00   1.8817000e+00   1.8371000e+00   5.8160000e-01   2.3460000e-01
   2.4051000e+00   2.1829000e+00   2.2066000e+00   2.1185000e+00   7.8340000e-01   5.5330000e-01
   2.6581000e+00   2.4247000e+00   2.2471000e+00   1.7906000e+00   1.2112000e+00   1.1295000e+00
   2.8703000e+00   1.5885000e+00   1.6992000e+00   8.9520000e-01   1.9083000e+00   2.0476000e+00
   2.3138000e+00   3.1790000e-01   5.8550000e-01   4.1500000e-01   2.0945000e+00   2.0291000e+00
   1.2023000e+00   7.4520000e-01   7.0690000e-01   5.2160000e-01   1.5008000e+00   1.2416000e+00
   6.9190000e-01   5.6130000e-01   4.6660000e-01   3.9200000e-01   1.3257000e+00   1.6661000e+00
   3.1900000e-01   9.9000000e-02   9.6200000e-02   1.1610000e-01   1.2800000e+00   2.4745000e+00
  -1.8160000e-01  -1.0130000e-01   1.9030000e-01   1.2020000e-01   9.7120000e-01   2.4885000e+00
  -6.5000000e-02  -4.0020000e-01  -1.2860000e-01  -3.5200000e-01   1.1758000e+00   1.5757000e+00
  -2.8680000e-01  -7.4520000e-01  -3.6440000e-01  -4.7140000e-01   1.7294000e+00   1.2042000e+00
  -1.4850000e-01  -7.3570000e-01  -6.1760000e-01  -1.0128000e+00   1.2409000e+00   1.0497000e+00
  -3.7950000e-01  -7.2720000e-01  -3.3990000e-01  -4.0540000e-01   1.1890000e+00   1.4064000e+00
   2.5600000e-01  -3.3860000e-01  -1.6180000e-01  -4.5200000e-01   1.9956000e+00   1.9252000e+00
   6.1060000e-01  -3.1900000e-01  -1.7300000e-02  -7.7800000e-02   2.4332000e+00   2.4185000e+00
  -4.9000000e-03  -5.2210000e-01  -2.9390000e-01  -2.3010000e-01   2.6218000e+00   2.7561000e+00
  -2.3980000e-01  -2.1010000e-01  -2.0540000e-01  -4.3010000e-01   2.5309000e+00   2.6691000e+00
  -1.9930000e-01  -4.7380000e-01  -8.2220000e-01  -1.1753000e+00   2.3310000e+00   2.5230000e+00
  -7.2320000e-01  -9.9240000e-01  -1.0413000e+00  -1.4944000e+00   1.9378000e+00   2.3862000e+00
  -3.0440000e-01  -9.5330000e-01  -1.6670000e-01   7.1500000e-02   1.5444000e+00   2.1922000e+00
   1.3780000e-01  -1.0318000e+00   3.6370000e-01   5.1110000e-01   1.3980000e+00   1.9946000e+00
  -9.0580000e-01  -1.1932000e+00  -6.6800000e-01  -4.6130000e-01   1.2630000e+00   1.9774000e+00
  -9.6200000e-02   8.2200000e-02   4.0910000e-01   5.1760000e-01   1.0475000e+00   1.6990000e+00
   9.0000000e-01   4.8930000e-01   8.8560000e-01   7.0680000e-01   9.8690000e-01   1.3061000e+00
   1.1318000e+00   1.4776000e+00   1.0072000e+00   9.0710000e-01   8.3790000e-01   8.5600000e-01
   1.2328000e+00   8.7680000e-01   1.0410000e+00   9.6090000e-01   6.0570000e-01   9.5100000e-02
   1.6164000e+00   1.2175000e+00   1.0334000e+00   1.0688000e+00   4.5150000e-01  -7.4900000e-02
   1.5923000e+00   1.0933000e+00   1.7098000e+00   1.8584000e+00   3.4070000e-01  -2.7900000e-02
   1.0050000e+00   2.3700000e-01   2.1475000e+00   1.9938000e+00   3.5870000e-01   5.8300000e-02
   1.2893000e+00   8.6280000e-01   2.1103000e+00   2.4883000e+00   3.9200000e-01  -3.5600000e-02
   2.0914000e+00   1.8870000e+00   2.4078000e+00   2.4875000e+00   3.9300000e-01  -2.5940000e-01
   1.6451000e+00   1.2944000e+00   1.7926000e+00   1.9290000e+00   2.8320000e-01  -4.3020000e-01
   5.9660000e-01   2.2870000e-01   6.8130000e-01   1.0054000e+00   8.2900000e-02  -5.0000000e-01
   3.3720000e-01   3.7460000e-01   4.2490000e-01   6.4010000e-01  -1.6140000e-01  -4.7330000e-01
   1.7530000e-01   5.8300000e-02   4.5480000e-01   7.8090000e-01  -3.2710000e-01  -3.3690000e-01
   3.0000000e-03   2.1810000e-01   6.5050000e-01   9.3390000e-01  -3.5720000e-01  -1.7320000e-01
   3.7710000e-01   6.1230000e-01   8.2120000e-01   9.2910000e-01  -3.0010000e-01  -3.8200000e-02
   7.2620000e-01   8.4770000e-01   8.3050000e-01   7.4230000e-01  -3.1280000e-01  -9.8400000e-02
   8.5050000e-01   8.0720000e-01   7.4130000e-01   6.8440000e-01  -2.1200000e-01  -1.9170000e-01
   8.4560000e-01   6.7080000e-01   7.6860000e-01   7.9260000e-01  -1.9660000e-01  -3.5020000e-01
   8.2700000e-01   6.7500000e-01   8.8060000e-01   1.0296000e+00  -2.3830000e-01  -3.4880000e-01
   9.4100000e-01   8.3770000e-01   1.1961000e+00   1.4482000e+00  -2.7260000e-01  -2.4390000e-01
   1.4566000e+00   1.3667000e+00   1.6847000e+00   1.8314000e+00  -4.4100000e-01  -2.4060000e-01
   1.8704000e+00   1.8379000e+00   1.8767000e+00   1.8770000e+00  -5.4100000e-01  -3.1360000e-01
   1.9033000e+00   1.8590000e+00   1.7055000e+00   1.6088000e+00  -6.6760000e-01  -4.2050000e-01
   1.3427000e+00   1.4726000e+00   1.1289000e+00   1.0302000e+00  -7.7610000e-01  -5.5310000e-01
   7.4360000e-01   8.0890000e-01   6.9990000e-01   6.6120000e-01  -8.9270000e-01  -7.5780000e-01
   6.3660000e-01   6.1710000e-01   6.4430000e-01   6.5080000e-01  -1.0904000e+00  -1.0232000e+00
   7.1510000e-01   7.1680000e-01   6.6030000e-01   6.5500000e-01  -1.2867000e+00  -1.1910000e+00
   5.4180000e-01   5.4880000e-01   4.2270000e-01   3.7950000e-01  -1.3957000e+00  -1.1832000e+00
   3.3670000e-01   2.8060000e-01   1.9190000e-01   1.3980000e-01  -1.4686000e+00  -1.1491000e+00
   2.1410000e-01   1.6620000e-01   9.2600000e-02   5.3300000e-02  -1.4260000e+00  -1.1607000e+00
   1.0850000e-01   1.0520000e-01   4.4500000e-02   2.1500000e-02  -1.3833000e+00  -1.1181000e+00
   1.0000000e-02   4.8200000e-02  -5.5700000e-02  -8.9300000e-02  -1.1919000e+00  -1.1658000e+00
  -4.2400000e-02   2.7800000e-02  -5.0100000e-02  -6.3100000e-02  -8.1400000e-01  -1.1159000e+00
  -1.0230000e-01   1.0470000e-01  -4.7000000e-02  -3.3200000e-02  -1.0003000e+00  -8.1270000e-01
  -2.6840000e-01  -1.4600000e-01  -2.8890000e-01  -3.3660000e-01  -1.6379000e+00  -1.1311000e+00
  -4.9500000e-01  -3.1660000e-01  -4.3340000e-01  -4.4190000e-01  -2.0490000e+00  -1.5823000e+00
  -7.5010000e-01  -6.2280000e-01  -6.4310000e-01  -6.0390000e-01  -2.4521000e+00  -2.0541000e+00
  -8.7070000e-01  -7.2230000e-01  -7.0820000e-01  -6.6100000e-01  -2.4289000e+00  -2.1969000e+00
  -1.9457000e+00  -1.8818000e+00  -1.5592000e+00  -1.1539000e+00  -2.1888000e+00  -2.0184000e+00
  -1.7906000e+00  -1.9123000e+00  -1.8719000e+00  -1.9150000e+00  -2.0962000e+00  -1.7275000e+00
  -1.5449000e+00  -1.6230000e+00  -1.5929000e+00  -1.6722000e+00  -1.8855000e+00  -1.3783000e+00
  -1.4447000e+00  -1.4716000e+00  -1.4768000e+00  -1.5185000e+00  -1.6436000e+00  -1.0943000e+00
  -1.4283000e+00  -1.3847000e+00  -1.3776000e+00  -1.3871000e+00  -1.3809000e+00  -9.4060000e-01
  -1.0623000e+00  -1.1074000e+00  -1.2120000e+00  -1.2922000e+00  -1.4414000e+00  -1.0793000e+00
  -8.4720000e-01  -7.2200000e-01  -8.8160000e-01  -9.2310000e-01  -1.4987000e+00  -1.3045000e+00
  -9.2530000e-01  -8.5080000e-01  -8.8560000e-01  -8.4290000e-01  -1.5920000e+00  -1.6015000e+00
  -1.1004000e+00  -1.0375000e+00  -1.0194000e+00  -9.7500000e-01  -1.9592000e+00  -1.9363000e+00
  -1.2304000e+00  -1.2068000e+00  -1.2071000e+00  -1.1846000e+00  -2.4905000e+00  -2.3190000e+00
  -1.3430000e+00  -1.2829000e+00  -1.3133000e+00  -1.3101000e+00  -2.8484000e+00  -2.5604000e+00
  -1.4193000e+00  -1.5199000e+00  -1.5547000e+00  -1.5463000e+00  -2.9903000e+00  -2.6445000e+00
  -1.2655000e+00  -1.3263000e+00  -1.6068000e+00  -1.7716000e+00  -2.9465000e+00  -2.8227000e+00
  -1.4583000e+00  -1.3691000e+00  -1.7151000e+00  -1.9383000e+00  -2.8734000e+00  -2.7438000e+00
  -1.7509000e+00  -1.6709000e+00  -1.8731000e+00  -2.0238000e+00  -2.9293000e+00  -2.7435000e+00
  -1.9241000e+00  -1.8975000e+00  -2.0276000e+00  -2.1512000e+00  -2.8937000e+00  -2.8212000e+00
  -1.9950000e+00  -2.0516000e+00  -2.1311000e+00  -2.2675000e+00  -2.8364000e+00  -2.6748000e+00
  -2.0347000e+00  -2.1465000e+00  -2.1799000e+00  -2.2743000e+00  -2.7194000e+00  -2.6153000e+00
  -2.0623000e+00  -2.1824000e+00  -2.1100000e+00  -2.1344000e+00  -2.4703000e+00  -2.4048000e+00
  -1.8881000e+00  -2.1127000e+00  -1.9352000e+00  -1.9631000e+00  -2.1369000e+00  -2.1335000e+00
  -1.5915000e+00  -1.9305000e+00  -1.7233000e+00  -1.8034000e+00  -1.7302000e+00  -1.7733000e+00
  -1.2972000e+00  -1.6825000e+00  -1.4884000e+00  -1.6503000e+00  -1.2876000e+00  -1.4248000e+00
  -9.9840000e-01  -1.3981000e+00  -1.2392000e+00  -1.4804000e+00  -9.3840000e-01  -1.0435000e+00
  -7.2550000e-01  -1.1510000e+00  -9.9140000e-01  -1.2673000e+00  -8.4430000e-01  -9.3820000e-01
  -4.8920000e-01  -9.0260000e-01  -7.5250000e-01  -1.0225000e+00  -7.0950000e-01  -8.4600000e-01
  -3.0410000e-01  -6.7500000e-01  -5.4550000e-01  -7.3630000e-01  -5.3100000e-01  -5.5080000e-01
   1.8300000e-02  -4.4290000e-01  -2.7940000e-01  -3.9700000e-01  -3.4480000e-01  -2.1540000e-01
   5.6150000e-01  -4.8900000e-02   1.7550000e-01   3.8700000e-02  -1.3600000e-01   1.4850000e-01
   1.0652000e+00   5.7450000e-01   7.2940000e-01   6.2020000e-01   2.3550000e-01   5.3660000e-01
   1.3447000e+00   1.0929000e+00   1.1428000e+00   1.1105000e+00   6.5160000e-01   8.3910000e-01
   1.5069000e+00   1.3416000e+00   1.3861000e+00   1.3349000e+00   9.4690000e-01   1.0838000e+00
   1.7623000e+00   1.5589000e+00   1.6334000e+00   1.5464000e+00   1.1939000e+00   1.3219000e+00
   2.0753000e+00   1.8744000e+00   1.9312000e+00   1.8653000e+00   1.4825000e+00   1.5632000e+00
   2.2995000e+00   2.1345000e+00   2.1607000e+00   2.1308000e+00   1.7536000e+00   1.8042000e+00
   2.4884000e+00   2.3234000e+00   2.3504000e+00   2.3295000e+00   1.9765000e+00   2.0232000e+00
   2.6776000e+00   2.4976000e+00   2.5277000e+00   2.5132000e+00   2.1386000e+00   2.1945000e+00
   2.8723000e+00   2.6767000e+00   2.7035000e+00   2.6867000e+00   2.2804000e+00   2.3449000e+00
   3.0789000e+00   2.8565000e+00   2.8862000e+00   2.8591000e+00   2.4333000e+00   2.4962000e+00
   3.2801000e+00   3.0505000e+00   3.0827000e+00   3.0488000e+00   2.5923000e+00   2.6625000e+00
   3.4589000e+00   3.2453000e+00   3.2734000e+00   3.2466000e+00   2.7515000e+00   2.8562000e+00
   3.6241000e+00   3.4146000e+00   3.4492000e+00   3.4361000e+00   2.9097000e+00   3.0622000e+00
   3.7803000e+00   3.5688000e+00   3.6157000e+00   3.6186000e+00   3.0560000e+00   3.2977000e+00
   3.9299000e+00   3.7183000e+00   3.7772000e+00   3.7880000e+00   3.1830000e+00   3.5261000e+00
   4.0651000e+00   3.8711000e+00   3.9314000e+00   3.9455000e+00   3.1422000e+00   3.2831000e+00
   4.1969000e+00   4.0207000e+00   4.0752000e+00   4.0852000e+00   3.2982000e+00   2.2988000e+00
   4.3406000e+00   4.1700000e+00   4.2121000e+00   4.2040000e+00   3.0370000e-01   3.3905000e+00
   4.4630000e+00   4.2999000e+00   4.3035000e+00   4.2403000e+00   5.1390000e-01   3.9723000e+00
   4.5350000e+00   4.4072000e+00   4.1886000e+00   3.5147000e+00   9.8000000e-03   3.7110000e+00
   4.5725000e+00   3.2411000e+00   3.4739000e+00   2.7613000e+00  -1.5850000e-01   3.9867000e+00
   3.5068000e+00   3.0847000e+00   3.2394000e+00   3.2845000e+00   5.0040000e-01   4.2794000e+00
   3.4867000e+00   3.0298000e+00   3.5142000e+00   3.6081000e+00   1.7229000e+00   4.4873000e+00
   3.5430000e+00   3.2242000e+00   3.5449000e+00   3.3356000e+00   3.4001000e+00   4.1275000e+00
   3.5875000e+00   2.9892000e+00   3.2235000e+00   2.9838000e+00   3.4526000e+00   3.4271000e+00
   2.9616000e+00   2.7397000e+00   3.1145000e+00   2.8774000e+00   3.6301000e+00   1.7871000e+00
   3.3810000e+00   2.9839000e+00   3.0676000e+00   2.8587000e+00   3.6420000e+00   1.7242000e+00
   3.3571000e+00   2.8179000e+00   2.9880000e+00   2.8014000e+00   3.4087000e+00   2.0290000e+00
   3.2054000e+00   2.7059000e+00   2.8395000e+00   2.6324000e+00   3.3453000e+00   2.6163000e+00
   3.0808000e+00   2.5790000e+00   2.7326000e+00   2.5203000e+00   3.4186000e+00   3.2520000e+00
   2.8715000e+00   2.4129000e+00   2.5674000e+00   2.4142000e+00   3.3812000e+00   3.5648000e+00
   2.6127000e+00   2.2917000e+00   2.3441000e+00   2.2216000e+00   3.2256000e+00   3.6664000e+00
   2.3928000e+00   2.1121000e+00   2.0900000e+00   1.9426000e+00   3.1351000e+00   3.6724000e+00
   2.1921000e+00   1.9160000e+00   1.8973000e+00   1.7743000e+00   2.9683000e+00   3.6388000e+00
   2.0497000e+00   1.8145000e+00   1.7516000e+00   1.5998000e+00   2.5776000e+00   3.6029000e+00
   1.7837000e+00   1.5691000e+00   1.4580000e+00   1.2911000e+00   1.9373000e+00   3.5707000e+00
   1.4212000e+00   1.2252000e+00   1.0957000e+00   9.5130000e-01   1.4705000e+00   3.4964000e+00
   1.0093000e+00   8.4150000e-01   8.1630000e-01   7.3650000e-01   8.4620000e-01   3.1792000e+00
  -9.9930000e-01  -1.3859000e+00  -7.7800000e-02   2.3530000e-01   1.1000000e-03   1.9629000e+00
  -2.5495000e+00  -2.3235000e+00  -1.7198000e+00  -1.3605000e+00  -6.1470000e-01   7.9990000e-01
  -2.6808000e+00  -2.6237000e+00  -2.3627000e+00  -2.0442000e+00  -9.7230000e-01   2.1660000e-01
  -2.7745000e+00  -2.7508000e+00  -2.3917000e+00  -2.4941000e+00  -1.2344000e+00  -1.4650000e-01
  -2.7085000e+00  -2.6503000e+00  -2.3296000e+00  -2.3230000e+00  -1.5483000e+00  -4.1730000e-01
  -2.7236000e+00  -2.7277000e+00  -2.4014000e+00  -2.3253000e+00  -1.8219000e+00  -6.9070000e-01
  -2.3155000e+00  -2.3322000e+00  -2.3277000e+00  -2.2524000e+00  -2.0144000e+00  -9.6010000e-01
  -2.0538000e+00  -2.1772000e+00  -2.2018000e+00  -2.2229000e+00  -2.1525000e+00  -1.1949000e+00
  -2.2390000e+00  -2.3163000e+00  -2.2928000e+00  -2.3112000e+00  -2.2458000e+00  -1.3296000e+00
  -2.1966000e+00  -2.2170000e+00  -2.2208000e+00  -2.2096000e+00  -2.2006000e+00  -1.4724000e+00
  -2.0059000e+00  -2.0851000e+00  -1.7433000e+00  -1.6060000e+00  -2.0245000e+00  -1.5799000e+00
  -1.1080000e+00  -1.4054000e+00  -1.2248000e+00  -1.1725000e+00  -1.8302000e+00  -1.6816000e+00
  -1.0500000e+00  -9.5390000e-01  -1.2891000e+00  -1.3595000e+00  -1.8509000e+00  -1.7731000e+00
  -1.7588000e+00  -1.7140000e+00  -1.7826000e+00  -1.8186000e+00  -1.9150000e+00  -1.8891000e+00
  -1.8679000e+00  -1.8515000e+00  -1.8502000e+00  -1.8487000e+00  -1.9281000e+00  -1.8849000e+00
  -1.9272000e+00  -1.9042000e+00  -1.8467000e+00  -1.8419000e+00  -1.9834000e+00  -1.8366000e+00
  -1.7284000e+00  -1.7995000e+00  -1.6923000e+00  -1.7029000e+00  -1.9749000e+00  -1.9247000e+00
  -1.6119000e+00  -1.6360000e+00  -1.5872000e+00  -1.5905000e+00  -1.8636000e+00  -1.9377000e+00
  -1.6049000e+00  -1.6104000e+00  -1.5681000e+00  -1.5598000e+00  -1.9051000e+00  -1.8374000e+00
  -1.6004000e+00  -1.6272000e+00  -1.5881000e+00  -1.5917000e+00  -2.0119000e+00  -1.7602000e+00
  -1.5983000e+00  -1.6247000e+00  -1.5857000e+00  -1.5918000e+00  -1.9399000e+00  -1.8005000e+00
  -1.5950000e+00  -1.6175000e+00  -1.5786000e+00  -1.5790000e+00  -2.0693000e+00  -1.5154000e+00
  -1.5822000e+00  -1.6064000e+00  -1.5782000e+00  -1.5874000e+00  -2.2621000e+00  -9.6400000e-01
  -1.5820000e+00  -1.6056000e+00  -1.5889000e+00  -1.6080000e+00  -2.3263000e+00  -1.1007000e+00
  -1.5871000e+00  -1.6007000e+00  -1.5901000e+00  -1.6073000e+00  -2.2989000e+00  -1.1916000e+00
  -1.5908000e+00  -1.5927000e+00  -1.5795000e+00  -1.5878000e+00  -2.1433000e+00  -1.4318000e+00
  -1.6202000e+00  -1.6066000e+00  -1.6027000e+00  -1.6087000e+00  -1.9618000e+00  -1.5938000e+00
  -1.6942000e+00  -1.6708000e+00  -1.6740000e+00  -1.6762000e+00  -1.8272000e+00  -1.4876000e+00
  -1.8031000e+00  -1.7730000e+00  -1.7776000e+00  -1.7709000e+00  -1.7191000e+00  -1.2826000e+00
  -1.9006000e+00  -1.8781000e+00  -1.8763000e+00  -1.8633000e+00  -1.5638000e+00  -1.1595000e+00
  -1.9569000e+00  -1.9558000e+00  -1.9479000e+00  -1.9424000e+00  -1.5021000e+00  -1.0088000e+00
  -1.9708000e+00  -1.9752000e+00  -1.9715000e+00  -1.9768000e+00  -1.4512000e+00  -8.0930000e-01
  -1.9867000e+00  -1.9797000e+00  -1.9766000e+00  -1.9841000e+00  -1.2400000e+00  -7.4090000e-01
  -2.0218000e+00  -1.9970000e+00  -1.9889000e+00  -1.9852000e+00  -1.0369000e+00  -6.9390000e-01
  -2.0699000e+00  -2.0398000e+00  -2.0195000e+00  -2.0026000e+00  -1.0141000e+00  -7.1990000e-01
  -2.0984000e+00  -2.0742000e+00  -2.0463000e+00  -2.0253000e+00  -1.0401000e+00  -8.2360000e-01
  -2.1213000e+00  -2.0960000e+00  -2.0695000e+00  -2.0478000e+00  -1.1799000e+00  -1.0060000e+00
  -2.1663000e+00  -2.1269000e+00  -2.1053000e+00  -2.0739000e+00  -1.4484000e+00  -1.2559000e+00
  -2.2358000e+00  -2.1972000e+00  -2.1747000e+00  -2.1375000e+00  -1.7030000e+00  -1.5039000e+00
  -2.2906000e+00  -2.2658000e+00  -2.2426000e+00  -2.2113000e+00  -1.9484000e+00  -1.7178000e+00
  -2.3472000e+00  -2.3192000e+00  -2.2996000e+00  -2.2697000e+00  -2.1699000e+00  -1.9059000e+00
  -2.4192000e+00  -2.3925000e+00  -2.3720000e+00  -2.3383000e+00  -2.3349000e+00  -2.0608000e+00
  -2.4534000e+00  -2.4648000e+00  -2.4312000e+00  -2.4036000e+00  -2.4109000e+00  -2.1439000e+00
  -2.3993000e+00  -2.4817000e+00  -2.4311000e+00  -2.4183000e+00  -2.3729000e+00  -2.1193000e+00
  -2.2159000e+00  -2.3999000e+00  -2.3242000e+00  -2.3312000e+00  -2.1911000e+00  -1.9466000e+00
  -1.9196000e+00  -2.1703000e+00  -2.0712000e+00  -2.0819000e+00  -2.3428000e+00  -2.0127000e+00
  -1.9769000e+00  -1.9879000e+00  -2.0092000e+00  -2.0154000e+00  -2.2905000e+00  -2.0010000e+00
  -1.9125000e+00  -2.0256000e+00  -1.9812000e+00  -1.9860000e+00  -2.2015000e+00  -1.9665000e+00
  -1.7438000e+00  -1.9119000e+00  -1.8415000e+00  -1.8425000e+00  -2.0228000e+00  -1.8263000e+00
  -1.4714000e+00  -1.7083000e+00  -1.6195000e+00  -1.6371000e+00  -1.8580000e+00  -1.6212000e+00
  -1.2070000e+00  -1.4419000e+00  -1.3444000e+00  -1.3470000e+00  -1.6578000e+00  -1.3706000e+00
  -9.4640000e-01  -1.1834000e+00  -1.0976000e+00  -1.0892000e+00  -1.4202000e+00  -1.1046000e+00
  -6.5110000e-01  -9.2600000e-01  -8.2640000e-01  -8.2330000e-01  -1.1698000e+00  -8.4070000e-01
  -3.3710000e-01  -6.0210000e-01  -5.0020000e-01  -4.8300000e-01  -8.9910000e-01  -5.4850000e-01
  -4.7500000e-02  -2.8170000e-01  -1.9720000e-01  -1.8710000e-01  -6.2030000e-01  -2.2390000e-01
   1.8960000e-01  -5.0000000e-04   6.6400000e-02   6.8300000e-02  -2.5990000e-01   6.9700000e-02
   4.0460000e-01   2.3450000e-01   2.8360000e-01   2.7000000e-01   1.4610000e-01   3.8510000e-01
   6.3360000e-01   4.5820000e-01   4.8690000e-01   4.5070000e-01   5.0310000e-01   6.9410000e-01
   8.6730000e-01   6.8350000e-01   6.9290000e-01   6.3900000e-01   8.2370000e-01   9.9230000e-01
   1.0856000e+00   8.9640000e-01   8.9570000e-01   8.3050000e-01   1.0628000e+00   1.2722000e+00
   1.3079000e+00   1.0969000e+00   1.0977000e+00   1.0211000e+00   1.1628000e+00   1.4711000e+00
   1.5496000e+00   1.3094000e+00   1.3193000e+00   1.2293000e+00   1.2140000e+00   1.6389000e+00
   1.7904000e+00   1.5400000e+00   1.5567000e+00   1.4644000e+00   1.1557000e+00   1.7019000e+00
   2.0246000e+00   1.7687000e+00   1.7919000e+00   1.7063000e+00   8.4340000e-01   1.6117000e+00
   2.2529000e+00   1.9945000e+00   2.0253000e+00   1.9501000e+00   7.5450000e-01   1.4810000e+00
   2.4603000e+00   2.2150000e+00   2.2483000e+00   2.1873000e+00   7.4060000e-01   1.4354000e+00
   2.6428000e+00   2.4168000e+00   2.4452000e+00   2.3968000e+00   7.8980000e-01   1.3140000e+00
   2.8148000e+00   2.5971000e+00   2.6196000e+00   2.5775000e+00   8.4990000e-01   1.2762000e+00
   2.9764000e+00   2.7542000e+00   2.7761000e+00   2.7396000e+00   9.7300000e-01   1.4570000e+00
   3.1235000e+00   2.8927000e+00   2.9200000e+00   2.8909000e+00   1.3817000e+00   1.7426000e+00
   3.2478000e+00   3.0093000e+00   3.0527000e+00   3.0371000e+00   2.0063000e+00   2.0261000e+00
   3.3519000e+00   3.1312000e+00   3.1780000e+00   3.1643000e+00   2.4913000e+00   2.2280000e+00
   3.4503000e+00   3.2695000e+00   3.3014000e+00   3.2606000e+00   2.8414000e+00   2.4244000e+00
   3.5722000e+00   3.4081000e+00   3.3890000e+00   3.1540000e+00   3.0728000e+00   2.5382000e+00
   3.6831000e+00   3.5389000e+00   3.3722000e+00   2.7690000e+00   3.2257000e+00   2.7960000e+00
   3.6677000e+00   3.0286000e+00   3.0350000e+00   2.8514000e+00   3.2445000e+00   3.3190000e+00
   3.1035000e+00   2.7334000e+00   2.8837000e+00   2.5882000e+00   3.3114000e+00   3.7680000e+00
   2.8637000e+00   2.5798000e+00   2.5578000e+00   2.4630000e+00   3.6981000e+00   3.9517000e+00
   2.6420000e+00   2.2248000e+00   2.8198000e+00   3.1183000e+00   4.0310000e+00   4.2626000e+00
   2.9082000e+00   3.0170000e+00   3.4511000e+00   3.3256000e+00   4.1567000e+00   4.6614000e+00
   3.4953000e+00   3.6148000e+00   3.5416000e+00   3.3539000e+00   4.4458000e+00   4.9885000e+00
   3.6099000e+00   3.5202000e+00   3.4477000e+00   3.2573000e+00   4.8308000e+00   5.1462000e+00
   3.7552000e+00   3.1849000e+00   3.5306000e+00   3.4957000e+00   5.0462000e+00   5.2232000e+00
   3.8752000e+00   3.4700000e+00   3.5229000e+00   3.3861000e+00   5.1141000e+00   5.2641000e+00
   3.5717000e+00   3.2316000e+00   3.3019000e+00   3.1566000e+00   5.1431000e+00   5.2637000e+00
   3.3493000e+00   3.0013000e+00   3.0800000e+00   2.9067000e+00   5.1260000e+00   5.2420000e+00
   3.1199000e+00   2.7531000e+00   2.8523000e+00   2.6764000e+00   5.0881000e+00   5.2134000e+00
   2.8753000e+00   2.4832000e+00   2.5610000e+00   2.3823000e+00   5.0515000e+00   5.1420000e+00
   2.5448000e+00   2.1873000e+00   2.2456000e+00   2.0997000e+00   4.9745000e+00   5.0391000e+00
   2.2464000e+00   1.9384000e+00   1.9491000e+00   1.7995000e+00   4.8569000e+00   4.9181000e+00
   1.9351000e+00   1.6450000e+00   1.6335000e+00   1.4832000e+00   4.7118000e+00   4.7329000e+00
   1.6214000e+00   1.3547000e+00   1.3162000e+00   1.1703000e+00   4.5354000e+00   4.4811000e+00
   1.2988000e+00   1.0191000e+00   9.9040000e-01   8.1630000e-01   4.5345000e+00   4.3172000e+00
   9.1320000e-01   6.9130000e-01   6.1400000e-01   4.4400000e-01   4.4729000e+00   4.3332000e+00
   6.3680000e-01   3.1110000e-01   3.3530000e-01   1.1650000e-01   4.2812000e+00   4.2627000e+00
   4.8510000e-01   1.4580000e-01   1.7000000e-01  -1.5700000e-02   4.0836000e+00   4.1412000e+00
   3.3440000e-01   5.0600000e-02   7.6700000e-02  -9.6300000e-02   3.9865000e+00   3.9769000e+00
   1.4820000e-01  -9.2700000e-02  -9.1600000e-02  -2.5000000e-01   3.7982000e+00   3.8859000e+00
  -7.3000000e-02  -2.5390000e-01  -2.5950000e-01  -3.8510000e-01   3.4326000e+00   3.8912000e+00
  -2.3890000e-01  -3.9490000e-01  -4.0200000e-01  -5.2040000e-01   2.8763000e+00   3.9067000e+00
  -3.5150000e-01  -5.0340000e-01  -4.9480000e-01  -6.0880000e-01   2.6676000e+00   3.8421000e+00
  -4.2700000e-01  -5.7730000e-01  -5.7770000e-01  -7.0510000e-01   2.7281000e+00   3.6377000e+00
  -5.1480000e-01  -6.6550000e-01  -6.6010000e-01  -7.9270000e-01   2.7073000e+00   3.2888000e+00
  -5.9060000e-01  -7.1630000e-01  -7.1170000e-01  -8.2850000e-01   2.5625000e+00   2.8698000e+00
  -6.6420000e-01  -7.6030000e-01  -7.6340000e-01  -8.6460000e-01   2.3308000e+00   2.5490000e+00
  -7.5340000e-01  -8.2680000e-01  -8.2520000e-01  -9.0410000e-01   2.0919000e+00   2.3617000e+00
  -8.6320000e-01  -9.2870000e-01  -9.2030000e-01  -9.8350000e-01   1.8790000e+00   2.2492000e+00
  -9.6910000e-01  -1.0281000e+00  -1.0153000e+00  -1.0672000e+00   1.3653000e+00   2.0513000e+00
  -1.0406000e+00  -1.0857000e+00  -1.0793000e+00  -1.1210000e+00   9.3380000e-01   1.9166000e+00
  -1.1143000e+00  -1.1409000e+00  -1.1424000e+00  -1.1786000e+00   6.5730000e-01   1.6248000e+00
  -1.1921000e+00  -1.2078000e+00  -1.2104000e+00  -1.2404000e+00   5.6510000e-01   1.3188000e+00
  -1.2377000e+00  -1.2693000e+00  -1.2648000e+00  -1.2928000e+00   5.3480000e-01   1.0873000e+00
  -1.2657000e+00  -1.2899000e+00  -1.2871000e+00  -1.3081000e+00   5.7620000e-01   8.2100000e-01
  -1.3191000e+00  -1.3367000e+00  -1.3279000e+00  -1.3398000e+00   5.0700000e-01   5.6020000e-01
  -1.3734000e+00  -1.3876000e+00  -1.3750000e+00  -1.3806000e+00   3.2410000e-01   3.3450000e-01
  -1.4212000e+00  -1.4335000e+00  -1.4232000e+00  -1.4247000e+00   8.3800000e-02   2.0860000e-01
  -1.4784000e+00  -1.4891000e+00  -1.4715000e+00  -1.4668000e+00  -7.3700000e-02   1.4850000e-01
  -1.5408000e+00  -1.5534000e+00  -1.5342000e+00  -1.5239000e+00  -3.8870000e-01   1.0150000e-01
  -1.5958000e+00  -1.6096000e+00  -1.6001000e+00  -1.5970000e+00  -7.5060000e-01   4.9200000e-02
  -1.6281000e+00  -1.6402000e+00  -1.6378000e+00  -1.6482000e+00  -9.3870000e-01  -4.9600000e-02
  -1.6500000e+00  -1.6590000e+00  -1.6619000e+00  -1.6737000e+00  -9.8810000e-01  -1.7450000e-01
  -1.6740000e+00  -1.6845000e+00  -1.6806000e+00  -1.6936000e+00  -9.7480000e-01  -3.1030000e-01
  -1.7090000e+00  -1.7212000e+00  -1.7034000e+00  -1.7119000e+00  -9.4690000e-01  -4.4830000e-01
  -1.7459000e+00  -1.7579000e+00  -1.7385000e+00  -1.7401000e+00  -9.5070000e-01  -5.6930000e-01
  -1.7773000e+00  -1.7773000e+00  -1.7653000e+00  -1.7705000e+00  -9.9740000e-01  -6.9370000e-01
  -1.8394000e+00  -1.8196000e+00  -1.8005000e+00  -1.7956000e+00  -1.1054000e+00  -8.0740000e-01
  -1.9211000e+00  -1.8933000e+00  -1.8607000e+00  -1.8360000e+00  -1.2363000e+00  -9.1550000e-01
  -2.0106000e+00  -1.9793000e+00  -1.9396000e+00  -1.9026000e+00  -1.3784000e+00  -1.0055000e+00
  -2.0867000e+00  -2.0565000e+00  -2.0206000e+00  -1.9819000e+00  -1.5921000e+00  -1.0932000e+00
  -2.1515000e+00  -2.1232000e+00  -2.0925000e+00  -2.0560000e+00  -1.7880000e+00  -1.1962000e+00
  -2.2126000e+00  -2.1824000e+00  -2.1530000e+00  -2.1188000e+00  -1.8797000e+00  -1.3141000e+00
  -2.2863000e+00  -2.2510000e+00  -2.2131000e+00  -2.1671000e+00  -1.9308000e+00  -1.4526000e+00
  -2.3688000e+00  -2.3342000e+00  -2.2932000e+00  -2.2444000e+00  -2.0358000e+00  -1.6069000e+00
  -2.4402000e+00  -2.3993000e+00  -2.3675000e+00  -2.3268000e+00  -2.1157000e+00  -1.7819000e+00
  -2.5211000e+00  -2.4717000e+00  -2.4463000e+00  -2.4068000e+00  -2.1252000e+00  -1.9982000e+00
  -2.5931000e+00  -2.5429000e+00  -2.5161000e+00  -2.4796000e+00  -2.1661000e+00  -2.1763000e+00
  -2.6537000e+00  -2.5953000e+00  -2.5557000e+00  -2.5151000e+00  -2.1119000e+00  -2.3056000e+00
  -2.6706000e+00  -2.6296000e+00  -2.5845000e+00  -2.5419000e+00  -1.9412000e+00  -2.2948000e+00
  -2.6732000e+00  -2.6237000e+00  -2.5834000e+00  -2.5424000e+00  -2.0124000e+00  -2.2333000e+00
  -2.6485000e+00  -2.5981000e+00  -2.5756000e+00  -2.5357000e+00  -2.0327000e+00  -2.2217000e+00
  -2.5764000e+00  -2.5789000e+00  -2.5214000e+00  -2.4832000e+00  -1.9084000e+00  -2.2072000e+00
  -2.5100000e+00  -2.5058000e+00  -2.4099000e+00  -2.3451000e+00  -1.8179000e+00  -1.7915000e+00
  -2.4088000e+00  -2.4173000e+00  -2.3594000e+00  -2.3069000e+00  -1.7844000e+00  -1.6915000e+00
  -2.2080000e+00  -2.2932000e+00  -2.2353000e+00  -2.2152000e+00  -1.6705000e+00  -1.6634000e+00
  -1.9605000e+00  -2.1158000e+00  -2.0490000e+00  -2.0447000e+00  -1.5447000e+00  -1.6485000e+00
  -1.6433000e+00  -1.9011000e+00  -1.8381000e+00  -1.8651000e+00  -1.3251000e+00  -1.4239000e+00
  -1.2789000e+00  -1.5936000e+00  -1.5548000e+00  -1.6328000e+00  -1.0308000e+00  -1.0590000e+00
  -9.2340000e-01  -1.2260000e+00  -1.2354000e+00  -1.3673000e+00  -6.6000000e-01  -5.8440000e-01
  -5.2260000e-01  -8.4370000e-01  -8.9100000e-01  -1.0697000e+00  -2.6940000e-01  -1.2050000e-01
  -1.1330000e-01  -4.3980000e-01  -5.1030000e-01  -7.3280000e-01   1.1350000e-01   3.2720000e-01
   2.2580000e-01  -6.9100000e-02  -1.3690000e-01  -3.6140000e-01   4.7320000e-01   6.9210000e-01
   5.1070000e-01   2.6390000e-01   1.9940000e-01  -1.8900000e-02   7.2770000e-01   9.5970000e-01
   7.2580000e-01   5.3700000e-01   4.8380000e-01   2.9340000e-01   9.8110000e-01   1.2329000e+00
   9.6000000e-01   7.6780000e-01   7.1980000e-01   5.3960000e-01   1.2158000e+00   1.4395000e+00
   1.2766000e+00   1.0073000e+00   9.5420000e-01   7.5850000e-01   1.4279000e+00   1.6425000e+00
   1.6422000e+00   1.2678000e+00   1.2059000e+00   9.7170000e-01   1.6337000e+00   1.8506000e+00
   2.0049000e+00   1.5526000e+00   1.5058000e+00   1.2376000e+00   1.8544000e+00   2.0619000e+00
   2.2770000e+00   1.8485000e+00   1.8289000e+00   1.5714000e+00   2.0873000e+00   2.2941000e+00
   2.4526000e+00   2.1200000e+00   2.1070000e+00   1.9099000e+00   2.3465000e+00   2.5396000e+00
   2.6492000e+00   2.3300000e+00   2.3265000e+00   2.0699000e+00   2.6149000e+00   2.7812000e+00
   2.8309000e+00   2.5699000e+00   2.4742000e+00   1.8189000e+00   2.8862000e+00   3.0213000e+00
   2.9971000e+00   2.5944000e+00   2.5490000e+00   1.7309000e+00   3.1437000e+00   3.2574000e+00
   3.1496000e+00   2.3445000e+00   2.6083000e+00   1.8694000e+00   3.3708000e+00   3.4716000e+00
   3.3117000e+00   2.2126000e+00   2.6810000e+00   2.0532000e+00   3.5728000e+00   3.6607000e+00
   3.4773000e+00   2.2326000e+00   2.7681000e+00   2.0569000e+00   3.7471000e+00   3.8358000e+00
   3.6103000e+00   2.2323000e+00   2.8784000e+00   1.9532000e+00   3.9038000e+00   4.0018000e+00
   3.7524000e+00   2.3005000e+00   2.9818000e+00   1.9766000e+00   4.0581000e+00   4.1622000e+00
   3.9443000e+00   2.3346000e+00   2.9846000e+00   1.9554000e+00   4.2146000e+00   4.3252000e+00
   4.0892000e+00   2.2423000e+00   2.8067000e+00   2.2769000e+00   4.3679000e+00   4.4729000e+00
   4.0851000e+00   2.5321000e+00   2.8411000e+00   2.6035000e+00   4.4997000e+00   4.6005000e+00
   4.1683000e+00   2.8002000e+00   3.1441000e+00   2.8232000e+00   4.5636000e+00   4.7022000e+00
   4.3939000e+00   3.0968000e+00   3.6009000e+00   3.1751000e+00   4.4873000e+00   4.7935000e+00
   4.6178000e+00   3.5181000e+00   4.1341000e+00   3.7061000e+00   3.7800000e-02   4.8608000e+00
   4.7143000e+00   4.1107000e+00   4.5069000e+00   4.2398000e+00   6.1830000e-01   4.8683000e+00
   4.6829000e+00   4.7562000e+00   4.6065000e+00   4.5694000e+00   5.2040000e-01   4.3397000e+00
   4.7218000e+00   4.7085000e+00   4.6189000e+00   4.6847000e+00   2.6740000e-01   1.5791000e+00
   4.6364000e+00   4.5422000e+00   4.5407000e+00   4.7092000e+00   8.0900000e-02   1.2408000e+00
   3.0358000e+00   3.0173000e+00   4.2433000e+00   4.6265000e+00   1.4475000e+00   1.4572000e+00
  -1.8162000e+00  -2.1522000e+00  -3.6700000e-01   1.0018000e+00   1.3079000e+00   1.4284000e+00
  -3.8865000e+00  -3.4858000e+00  -3.3882000e+00  -3.4491000e+00   2.2309000e+00   1.5029000e+00
  -4.1910000e+00  -4.7418000e+00  -4.4628000e+00  -4.8364000e+00   2.5538000e+00   1.6050000e+00
  -4.3434000e+00  -4.0907000e+00  -3.8201000e+00  -3.6589000e+00   2.2975000e+00   2.1536000e+00
  -4.2515000e+00  -4.2991000e+00  -3.9608000e+00  -3.7386000e+00   2.0641000e+00   2.3401000e+00
  -3.1319000e+00  -2.9819000e+00  -3.0971000e+00  -3.2316000e+00   2.0629000e+00   2.6101000e+00
  -2.1955000e+00  -2.0039000e+00  -1.9810000e+00  -2.2520000e+00   2.2443000e+00   2.8474000e+00
  -2.9570000e+00  -3.5178000e+00  -3.6303000e+00  -3.4694000e+00   2.4040000e+00   2.9267000e+00
  -3.4711000e+00  -4.3791000e+00  -3.9864000e+00  -3.9962000e+00   2.4371000e+00   2.9071000e+00
  -4.0171000e+00  -4.0282000e+00  -3.7612000e+00  -3.6367000e+00   2.3334000e+00   2.8299000e+00
  -3.3007000e+00  -3.3981000e+00  -3.0219000e+00  -2.9968000e+00   2.2146000e+00   2.7265000e+00
  -3.1539000e+00  -3.3385000e+00  -3.0431000e+00  -2.9329000e+00   2.1680000e+00   2.6572000e+00
  -3.0429000e+00  -3.0206000e+00  -3.0000000e+00  -2.9221000e+00   2.1754000e+00   2.7333000e+00
  -3.0772000e+00  -3.0179000e+00  -3.1149000e+00  -3.1404000e+00   2.1624000e+00   3.0875000e+00
  -3.0767000e+00  -2.8616000e+00  -2.8554000e+00  -2.7807000e+00   2.3489000e+00   3.1844000e+00
  -2.4239000e+00  -2.1954000e+00  -2.1304000e+00  -2.0516000e+00   2.6783000e+00   3.0289000e+00
  -2.2611000e+00  -1.9137000e+00  -2.1968000e+00  -2.1143000e+00   3.3020000e+00   1.9998000e+00
  -2.4061000e+00  -1.9068000e+00  -2.2989000e+00  -2.4264000e+00   3.4728000e+00   8.8340000e-01
  -2.0585000e+00  -2.3456000e+00  -2.0727000e+00  -2.0891000e+00   1.7300000e+00  -4.8850000e-01
  -1.5679000e+00  -1.9452000e+00  -1.9875000e+00  -2.1548000e+00   1.7500000e-01  -1.3910000e+00
  -2.3143000e+00  -2.1408000e+00  -2.3633000e+00  -2.4309000e+00  -8.2520000e-01  -1.8736000e+00
  -2.5819000e+00  -2.5215000e+00  -2.5473000e+00  -2.5692000e+00  -2.1891000e+00  -2.6485000e+00
  -2.4306000e+00  -2.4054000e+00  -2.5605000e+00  -2.6637000e+00  -2.4673000e+00  -3.2834000e+00
  -2.4567000e+00  -2.5237000e+00  -2.5669000e+00  -2.6230000e+00  -2.9591000e+00  -2.9313000e+00
  -2.3357000e+00  -2.5106000e+00  -2.3940000e+00  -2.3964000e+00  -3.2567000e+00  -2.2102000e+00
  -2.4235000e+00  -2.4395000e+00  -2.4239000e+00  -2.3994000e+00  -2.4918000e+00  -1.8294000e+00
  -2.4725000e+00  -2.4480000e+00  -2.4673000e+00  -2.4752000e+00  -2.1169000e+00  -6.2230000e-01
  -2.4302000e+00  -2.5059000e+00  -2.4904000e+00  -2.5258000e+00  -1.3922000e+00  -8.2950000e-01
  -2.2940000e+00  -2.3232000e+00  -2.3830000e+00  -2.4447000e+00  -1.4875000e+00  -9.7940000e-01
  -2.2200000e+00  -2.3092000e+00  -2.3433000e+00  -2.4114000e+00  -1.2173000e+00  -1.3109000e+00
  -2.2034000e+00  -2.2383000e+00  -2.3454000e+00  -2.4423000e+00  -8.1160000e-01  -1.4928000e+00
  -2.4999000e+00  -2.4011000e+00  -2.5259000e+00  -2.5918000e+00  -8.7890000e-01  -1.6003000e+00
  -2.5454000e+00  -2.5889000e+00  -2.5547000e+00  -2.6007000e+00  -1.2806000e+00  -1.8048000e+00
  -2.5991000e+00  -2.6409000e+00  -2.6033000e+00  -2.6163000e+00  -1.8127000e+00  -2.0053000e+00
