  -6.9358000e+00  -7.1964000e+00  -7.0818000e+00  -7.1801000e+00  -1.7753000e+00  -4.9560000e-01
  -6.8612000e+00  -7.0574000e+00  -7.0008000e+00  -7.0883000e+00  -1.1560000e+00   5.1790000e-01
  -6.9125000e+00  -7.1147000e+00  -7.1018000e+00  -7.2113000e+00  -2.4840000e-01   1.5067000e+00
  -6.9182000e+00  -7.3025000e+00  -7.2073000e+00  -7.3738000e+00   5.6740000e-01   2.2010000e+00
  -7.2066000e+00  -7.7027000e+00  -7.5423000e+00  -7.7331000e+00   9.3010000e-01   2.3802000e+00
  -7.4789000e+00  -7.9871000e+00  -7.8439000e+00  -8.0593000e+00   9.0020000e-01   1.9319000e+00
  -7.5387000e+00  -8.2319000e+00  -8.0856000e+00  -8.3864000e+00   8.5970000e-01   1.5959000e+00
  -7.0816000e+00  -7.7663000e+00  -7.5350000e+00  -7.8058000e+00   6.5940000e-01   1.3219000e+00
  -6.9022000e+00  -7.5410000e+00  -7.2153000e+00  -7.4116000e+00   2.9900000e-02   7.3590000e-01
  -6.7210000e+00  -7.2996000e+00  -6.9831000e+00  -7.1046000e+00  -6.9240000e-01   2.2660000e-01
  -6.3968000e+00  -6.9742000e+00  -6.8128000e+00  -7.0082000e+00  -1.5295000e+00  -2.3090000e-01
  -6.4185000e+00  -6.8673000e+00  -6.5565000e+00  -6.6534000e+00  -2.9434000e+00  -5.0610000e-01
  -6.0482000e+00  -6.4155000e+00  -5.9965000e+00  -5.9262000e+00  -4.2972000e+00  -9.7960000e-01
  -6.2421000e+00  -6.5992000e+00  -6.2269000e+00  -6.2415000e+00  -4.0082000e+00  -1.3581000e+00
  -6.0776000e+00  -6.3120000e+00  -6.0967000e+00  -6.0491000e+00  -2.9316000e+00  -1.5881000e+00
  -5.4550000e+00  -5.7919000e+00  -5.5561000e+00  -5.5750000e+00  -2.6861000e+00  -1.7057000e+00
  -5.1874000e+00  -5.5850000e+00  -5.3765000e+00  -5.4687000e+00  -1.0934000e+00  -8.3540000e-01
  -4.6333000e+00  -5.1440000e+00  -4.9158000e+00  -5.0368000e+00  -7.7210000e-01   3.4600000e-02
  -3.7391000e+00  -4.2522000e+00  -4.2124000e+00  -4.4906000e+00  -1.4140000e+00   4.0970000e-01
  -3.9424000e+00  -4.1234000e+00  -4.0672000e+00  -4.1839000e+00  -1.7422000e+00   5.5720000e-01
  -3.8988000e+00  -4.6718000e+00  -4.3130000e+00  -4.4692000e+00   7.6500000e-02   9.1930000e-01
  -3.7354000e+00  -4.2703000e+00  -3.9843000e+00  -4.1276000e+00   1.7934000e+00   2.3226000e+00
  -3.1340000e+00  -3.6322000e+00  -3.5478000e+00  -3.7400000e+00   2.4617000e+00   3.5897000e+00
  -2.2119000e+00  -2.8136000e+00  -2.7990000e+00  -3.1078000e+00   3.5651000e+00   3.9750000e+00
  -1.8963000e+00  -3.0212000e+00  -2.8721000e+00  -3.3442000e+00   5.0684000e+00   4.8648000e+00
  -6.7070000e-01  -2.5428000e+00  -1.5047000e+00  -1.8840000e+00   5.5710000e+00   5.3827000e+00
   1.1176000e+00  -4.1180000e-01  -1.9500000e-02  -4.6440000e-01   4.5406000e+00   4.7554000e+00
   3.2710000e+00   1.0381000e+00   1.5765000e+00   8.3680000e-01   2.8857000e+00   3.6000000e+00
   4.9317000e+00   2.5616000e+00   3.1783000e+00   2.1713000e+00   1.0855000e+00   1.9231000e+00
   5.4357000e+00   3.6802000e+00   4.1196000e+00   3.1450000e+00  -1.1205000e+00   2.1070000e+00
   5.7409000e+00   4.7165000e+00   4.7841000e+00   4.0459000e+00  -7.3220000e-01   2.1303000e+00
   6.0629000e+00   5.3695000e+00   5.1129000e+00   4.5459000e+00   9.9080000e-01   2.3327000e+00
   6.4204000e+00   5.9504000e+00   5.6925000e+00   5.3301000e+00   2.2732000e+00   2.9413000e+00
   6.1818000e+00   5.8816000e+00   5.6645000e+00   5.5556000e+00   3.5879000e+00   3.0261000e+00
   5.1325000e+00   4.9030000e+00   4.8520000e+00   4.8410000e+00   3.1966000e+00   2.3816000e+00
   4.9349000e+00   3.4583000e+00   3.5518000e+00   3.3083000e+00   2.1021000e+00   1.5022000e+00
   3.9098000e+00   4.0859000e+00   3.9787000e+00   3.7539000e+00  -3.4000000e-02  -9.4440000e-01
   2.1889000e+00   1.6753000e+00   2.2661000e+00   2.7687000e+00  -1.9844000e+00  -1.6525000e+00
   4.8660000e-01  -3.8040000e-01   8.0550000e-01   1.6659000e+00  -2.9540000e+00   7.1535000e+00
  -3.3860000e-01  -8.8530000e-01   2.6820000e-01   9.8820000e-01   3.4373000e+00   7.1585000e+00
  -8.3300000e-01  -8.3910000e-01  -3.4900000e-01   9.1800000e-02   6.7462000e+00   7.8540000e+00
  -3.3660000e-01  -2.3300000e-01  -8.6740000e-01  -1.5007000e+00   7.1323000e+00   8.3719000e+00
   4.4740000e-01  -1.6824000e+00  -1.7501000e+00  -2.9511000e+00   7.9928000e+00   8.8888000e+00
   3.7690000e-01  -3.8274000e+00  -3.0902000e+00  -4.2245000e+00   9.1957000e+00   1.0425500e+01
   2.4500000e-02  -3.1842000e+00  -2.4112000e+00  -2.8734000e+00   8.7455000e+00   1.0191300e+01
   5.9620000e-01  -2.0505000e+00  -1.5613000e+00  -2.2397000e+00   7.2134000e+00   8.8406000e+00
  -7.8120000e-01  -2.2362000e+00  -2.2404000e+00  -2.8068000e+00   7.3903000e+00   8.9249000e+00
  -2.4286000e+00  -3.3779000e+00  -3.2206000e+00  -3.5344000e+00   7.5996000e+00   9.7457000e+00
  -2.8456000e+00  -3.0053000e+00  -2.3248000e+00  -2.3125000e+00   5.8313000e+00   8.7667000e+00
  -2.5318000e+00  -3.6369000e+00  -2.5727000e+00  -2.4767000e+00   6.0450000e+00   7.2523000e+00
  -1.8998000e+00  -2.5955000e+00  -2.4118000e+00  -3.1976000e+00   7.2426000e+00   9.2841000e+00
  -3.2035000e+00  -4.4892000e+00  -3.1864000e+00  -3.1723000e+00   3.9539000e+00   8.5004000e+00
  -2.2130000e+00  -3.5018000e+00  -2.7076000e+00  -3.4861000e+00   5.3667000e+00   7.8665000e+00
  -1.9740000e+00  -4.4397000e+00  -2.8628000e+00  -3.5518000e+00   8.0788000e+00   8.6434000e+00
  -2.9293000e+00  -5.2354000e+00  -4.1634000e+00  -4.7474000e+00   9.0533000e+00   9.6739000e+00
  -3.7003000e+00  -5.1429000e+00  -4.4357000e+00  -5.2393000e+00   9.3179000e+00   9.8835000e+00
  -3.3754000e+00  -4.6476000e+00  -4.4274000e+00  -5.3298000e+00   9.2475000e+00   9.4113000e+00
  -7.1491000e+00  -7.3480000e+00  -6.5851000e+00  -5.4781000e+00   8.7785000e+00   8.6323000e+00
  -3.9888000e+00  -4.2218000e+00  -1.9322000e+00  -6.0390000e-01   7.6616000e+00   7.7816000e+00
  -1.5020000e-01  -1.8738000e+00  -9.3000000e-02   1.1830000e-01   7.4174000e+00   6.1469000e+00
  -8.1863000e+00  -9.9537000e+00  -1.1476100e+01  -1.2744600e+01   7.7966000e+00   4.3488000e+00
  -1.2024700e+01  -1.4154000e+01  -1.2226500e+01  -1.2150200e+01   6.2012000e+00   2.7045000e+00
  -8.7046000e+00  -1.0201800e+01  -9.1574000e+00  -9.6996000e+00   4.7824000e+00   2.9869000e+00
  -9.4795000e+00  -8.9021000e+00  -8.7888000e+00  -8.3916000e+00   3.2642000e+00   4.1860000e+00
  -6.5114000e+00  -7.8628000e+00  -6.7863000e+00  -7.2159000e+00   8.7260000e-01   3.6623000e+00
  -4.8291000e+00  -6.5345000e+00  -5.5946000e+00  -6.2958000e+00  -2.8210000e-01   1.8611000e+00
  -1.6870000e+00  -3.1027000e+00  -2.7330000e+00  -3.4036000e+00  -5.2500000e-02   6.8620000e-01
   1.5574000e+00  -4.8360000e-01   6.4150000e-01  -2.6320000e-01   1.2587000e+00  -5.3010000e-01
   3.1939000e+00   1.2240000e+00   3.1055000e+00   2.0663000e+00   9.8360000e-01  -1.0133000e+00
   5.9828000e+00   6.1389000e+00   5.8954000e+00   5.0200000e+00   4.4930000e-01  -1.2560000e+00
   5.7144000e+00   5.8811000e+00   5.5142000e+00   4.6483000e+00   1.3266000e+00  -1.3558000e+00
   3.5315000e+00   2.8768000e+00   3.3676000e+00   2.9823000e+00   1.0790000e+00  -1.1592000e+00
   2.4426000e+00   2.1060000e+00   1.7394000e+00   1.7736000e+00   1.1350000e+00  -1.1374000e+00
   1.2071000e+00   7.0810000e-01   7.2180000e-01   1.0792000e+00   1.4944000e+00  -1.2814000e+00
  -1.4430000e-01  -4.4000000e-02   4.1140000e-01   9.8130000e-01   1.6726000e+00  -1.3602000e+00
  -5.5960000e-01   1.3200000e-02   2.8090000e-01   7.7620000e-01   1.7001000e+00  -1.2761000e+00
  -7.4980000e-01  -2.1770000e-01   3.5500000e-02   4.3050000e-01   2.0005000e+00  -1.0035000e+00
  -6.5040000e-01  -2.3810000e-01   1.3800000e-02   2.4900000e-01   1.9018000e+00  -6.9210000e-01
  -5.1520000e-01  -2.0720000e-01  -1.0890000e-01   7.0500000e-02   1.8222000e+00   7.7100000e-02
  -7.3600000e-01  -4.6030000e-01  -4.1990000e-01  -1.7120000e-01   1.8765000e+00   3.3040000e-01
  -1.1284000e+00  -9.1840000e-01  -7.3180000e-01  -4.1730000e-01   1.3692000e+00   1.4000000e-01
  -1.4551000e+00  -1.1860000e+00  -8.8110000e-01  -5.3690000e-01   1.5471000e+00   1.3100000e-01
  -1.4451000e+00  -1.2056000e+00  -9.5460000e-01  -6.8020000e-01   1.3721000e+00   2.4000000e-02
  -1.2391000e+00  -1.1037000e+00  -1.1908000e+00  -1.1455000e+00   1.7341000e+00  -2.7220000e-01
  -1.6916000e+00  -1.4759000e+00  -1.7289000e+00  -1.7088000e+00   2.3218000e+00  -5.7170000e-01
  -1.9738000e+00  -1.8614000e+00  -1.8549000e+00  -1.7951000e+00   3.0213000e+00  -1.9050000e-01
  -1.6423000e+00  -1.6202000e+00  -1.4801000e+00  -1.3728000e+00   3.5678000e+00   6.0940000e-01
  -1.2904000e+00  -1.1585000e+00  -1.1244000e+00  -1.0077000e+00   3.2615000e+00   1.0021000e+00
  -9.6770000e-01  -8.6520000e-01  -8.7370000e-01  -8.0790000e-01   2.6002000e+00   1.2159000e+00
  -8.2190000e-01  -7.0170000e-01  -7.2010000e-01  -6.5200000e-01   2.1466000e+00   1.3947000e+00
  -7.0390000e-01  -5.4780000e-01  -5.8820000e-01  -5.0160000e-01   2.1149000e+00   1.7245000e+00
  -5.1680000e-01  -3.3890000e-01  -3.5310000e-01  -2.4950000e-01   2.9565000e+00   2.4836000e+00
  -3.4600000e-01  -1.3400000e-01  -2.1330000e-01  -1.4300000e-01   3.8892000e+00   3.7035000e+00
  -4.8020000e-01  -2.5640000e-01  -2.7950000e-01  -1.8460000e-01   4.9729000e+00   4.8333000e+00
  -5.3280000e-01  -2.2680000e-01  -2.7720000e-01  -1.5440000e-01   7.3304000e+00   6.3947000e+00
  -1.7730000e-01  -5.9600000e-02  -3.5200000e-02   2.7200000e-02   8.6298000e+00   8.5079000e+00
   6.4560000e-01   5.8810000e-01   6.2410000e-01   5.9950000e-01   8.1011000e+00   1.0166900e+01
   1.6918000e+00   1.6485000e+00   1.7013000e+00   1.6749000e+00   7.6842000e+00   9.8745000e+00
   2.4138000e+00   2.1008000e+00   2.3099000e+00   2.3136000e+00   7.4248000e+00   9.8028000e+00
   5.8745000e+00   5.4544000e+00   4.8818000e+00   4.0207000e+00   6.2841000e+00   9.0219000e+00
   6.2478000e+00   6.3016000e+00   6.2167000e+00   6.1437000e+00   5.5595000e+00   7.8594000e+00
   5.9956000e+00   6.2135000e+00   6.1564000e+00   6.2652000e+00   4.7683000e+00   6.2869000e+00
   5.9103000e+00   6.1942000e+00   6.0980000e+00   6.2377000e+00   3.4500000e+00   4.1458000e+00
   6.2547000e+00   6.5163000e+00   6.3510000e+00   6.3797000e+00   2.3944000e+00   2.2966000e+00
   6.5236000e+00   6.9607000e+00   6.7358000e+00   6.8530000e+00   1.5286000e+00   1.4262000e+00
   6.5086000e+00   7.1279000e+00   6.9663000e+00   7.1565000e+00   1.1571000e+00   1.1961000e+00
   6.4122000e+00   6.6650000e+00   6.7776000e+00   6.9420000e+00   1.4676000e+00   1.1982000e+00
   6.3577000e+00   6.6311000e+00   6.6137000e+00   6.6798000e+00   2.8722000e+00   2.0954000e+00
   6.2887000e+00   6.3698000e+00   6.2153000e+00   6.1355000e+00   3.7035000e+00   3.6013000e+00
   6.3724000e+00   5.9506000e+00   5.7241000e+00   5.4648000e+00   5.0260000e+00   3.9884000e+00
   6.0939000e+00   5.5421000e+00   5.1163000e+00   4.7097000e+00   6.2902000e+00   5.1107000e+00
   5.0546000e+00   4.7251000e+00   3.9232000e+00   3.4224000e+00   6.3780000e+00   5.6453000e+00
   3.5737000e+00   3.3872000e+00   2.4819000e+00   2.0424000e+00   5.4144000e+00   6.6150000e+00
   2.0400000e+00   1.8571000e+00   1.2293000e+00   9.6240000e-01   5.2571000e+00   7.1304000e+00
   7.6750000e-01   8.6570000e-01   4.6660000e-01   2.7090000e-01   4.6121000e+00   6.2058000e+00
   3.4860000e-01   4.2740000e-01   8.6100000e-02  -1.8370000e-01   4.4103000e+00   5.7196000e+00
   2.7460000e-01   1.9540000e-01   6.3800000e-02  -1.6750000e-01   4.2189000e+00   4.8300000e+00
   3.8280000e-01   8.5100000e-02   1.4880000e-01  -6.1000000e-03   4.2906000e+00   4.9862000e+00
   8.1670000e-01   3.3190000e-01   5.0830000e-01   3.5930000e-01   4.6271000e+00   5.1057000e+00
   1.2458000e+00   7.7140000e-01   9.2130000e-01   7.0340000e-01   5.4245000e+00   5.5555000e+00
   1.5704000e+00   1.1750000e+00   1.2242000e+00   9.2190000e-01   6.6804000e+00   6.7365000e+00
   1.8312000e+00   1.3480000e+00   1.4820000e+00   1.1988000e+00   7.8693000e+00   8.2298000e+00
   2.3490000e+00   1.4815000e+00   1.7450000e+00   1.3974000e+00   8.8927000e+00   9.1332000e+00
   2.8478000e+00   1.9110000e+00   2.2746000e+00   1.9288000e+00   9.4542000e+00   9.3605000e+00
   2.6182000e+00   1.9876000e+00   2.4151000e+00   2.3916000e+00   9.8016000e+00   9.3856000e+00
   2.5513000e+00   1.5648000e+00   1.9848000e+00   1.8821000e+00   1.0085300e+01   9.2785000e+00
   3.5300000e+00   2.1758000e+00   2.5706000e+00   2.1166000e+00   1.0003000e+01   9.0807000e+00
   4.6436000e+00   3.3224000e+00   3.6265000e+00   3.1068000e+00   9.4437000e+00   8.8637000e+00
   5.3688000e+00   4.4669000e+00   4.5776000e+00   4.2228000e+00   8.8071000e+00   8.5560000e+00
   5.4995000e+00   4.9810000e+00   4.9233000e+00   4.8034000e+00   8.3862000e+00   8.2373000e+00
   5.4591000e+00   5.1149000e+00   4.9336000e+00   4.7895000e+00   7.8361000e+00   7.9802000e+00
   5.2437000e+00   4.8892000e+00   4.6846000e+00   4.4948000e+00   7.5092000e+00   7.4852000e+00
   4.8682000e+00   4.5237000e+00   4.3801000e+00   4.2490000e+00   7.5878000e+00   7.1382000e+00
   4.5592000e+00   4.1202000e+00   4.1483000e+00   4.1077000e+00   7.8234000e+00   6.9905000e+00
   4.2231000e+00   3.8295000e+00   3.9507000e+00   4.0202000e+00   7.8330000e+00   7.0001000e+00
   3.9302000e+00   3.5131000e+00   3.7051000e+00   3.8174000e+00   7.3147000e+00   6.4933000e+00
   3.5685000e+00   3.0480000e+00   3.2969000e+00   3.4034000e+00   6.8628000e+00   5.8461000e+00
   3.5097000e+00   2.8468000e+00   3.0853000e+00   3.1063000e+00   6.4321000e+00   5.3052000e+00
   3.5148000e+00   2.9464000e+00   3.0555000e+00   3.0396000e+00   6.0225000e+00   5.0845000e+00
   3.3317000e+00   2.8210000e+00   2.8888000e+00   2.9057000e+00   5.4464000e+00   4.8056000e+00
   3.1299000e+00   2.6140000e+00   2.7152000e+00   2.7950000e+00   5.4089000e+00   4.7417000e+00
   2.8427000e+00   2.3219000e+00   2.5300000e+00   2.6923000e+00   5.2688000e+00   4.0671000e+00
   2.3464000e+00   1.8708000e+00   2.2619000e+00   2.5805000e+00   4.3276000e+00   3.1061000e+00
   2.0529000e+00   1.6225000e+00   2.2387000e+00   2.7127000e+00   4.7810000e+00   2.2253000e+00
   1.6566000e+00   1.3191000e+00   2.0629000e+00   2.5717000e+00   7.2749000e+00   1.0325000e+00
   1.3996000e+00   1.3355000e+00   1.7465000e+00   1.9615000e+00   4.8785000e+00  -1.4288000e+00
   1.2680000e+00   1.2577000e+00   6.9830000e-01  -5.9550000e-01   8.2533000e+00  -3.1395000e+00
   3.8920000e-01  -1.9475000e+00  -2.0508000e+00  -3.5577000e+00   6.2210000e+00  -2.3064000e+00
  -2.7432000e+00  -4.7529000e+00  -3.9645000e+00  -4.1126000e+00   6.6259000e+00  -2.1436000e+00
  -3.8855000e+00  -4.4309000e+00  -4.1597000e+00  -4.8179000e+00   5.7545000e+00  -1.8640000e+00
  -4.9494000e+00  -6.1359000e+00  -5.7605000e+00  -6.2077000e+00   8.9574000e+00  -2.4604000e+00
  -7.2541000e+00  -8.0039000e+00  -7.4515000e+00  -7.7562000e+00   7.8958000e+00  -2.4088000e+00
  -4.2272000e+00  -7.7258000e+00  -7.0455000e+00  -7.5512000e+00   5.5361000e+00  -1.7278000e+00
  -5.4544000e+00  -7.3577000e+00  -6.4304000e+00  -6.7765000e+00   5.4889000e+00  -2.0915000e+00
  -6.0674000e+00  -7.2881000e+00  -6.4426000e+00  -6.6866000e+00   1.9185000e+00  -8.4820000e-01
  -6.2431000e+00  -7.0256000e+00  -6.3824000e+00  -6.5013000e+00   1.4261000e+00   6.7700000e-02
  -6.3436000e+00  -6.8254000e+00  -6.3154000e+00  -6.3325000e+00   1.6043000e+00   5.6640000e-01
  -6.7973000e+00  -7.1980000e+00  -6.7636000e+00  -6.7281000e+00   1.4885000e+00   5.2540000e-01
  -6.2172000e+00  -6.6080000e+00  -6.2630000e+00  -6.2796000e+00   1.7004000e+00   4.2760000e-01
  -4.8478000e+00  -5.4948000e+00  -5.0465000e+00  -5.1086000e+00   1.8036000e+00   2.0750000e-01
  -4.3113000e+00  -5.1059000e+00  -4.5473000e+00  -4.6268000e+00   1.9991000e+00   4.9700000e-02
  -3.3286000e+00  -4.0346000e+00  -3.7947000e+00  -4.0115000e+00   1.8541000e+00  -1.6800000e-01
  -1.9784000e+00  -2.6449000e+00  -2.5841000e+00  -2.9013000e+00   7.7220000e-01  -1.0700000e-01
  -1.8549000e+00  -2.3698000e+00  -2.2541000e+00  -2.5602000e+00   1.2639000e+00   3.3480000e-01
  -1.1064000e+00  -1.3502000e+00  -1.7448000e+00  -2.0765000e+00   2.7025000e+00   1.4386000e+00
  -4.0690000e-01  -4.2890000e-01  -7.4190000e-01  -1.3147000e+00   2.9405000e+00   2.7443000e+00
  -2.8892000e+00  -3.2865000e+00  -2.4973000e+00  -1.5137000e+00   2.7272000e+00   2.1540000e+00
  -4.0135000e+00  -4.2725000e+00  -4.1093000e+00  -4.1029000e+00   1.9683000e+00   4.2930000e-01
  -5.1025000e+00  -5.2813000e+00  -5.2156000e+00  -5.4672000e+00   1.3811000e+00  -1.5726000e+00
  -6.2453000e+00  -6.3896000e+00  -5.8743000e+00  -5.7614000e+00  -2.3800000e-02  -2.4013000e+00
  -7.4336000e+00  -7.3074000e+00  -6.8088000e+00  -6.4059000e+00  -6.7390000e-01  -2.9370000e+00
  -8.5026000e+00  -8.5279000e+00  -7.8981000e+00  -7.6270000e+00  -9.3430000e-01  -3.5375000e+00
  -9.0700000e+00  -9.1331000e+00  -8.8303000e+00  -8.8215000e+00  -1.4303000e+00  -3.8329000e+00
  -9.8380000e+00  -9.7883000e+00  -9.5655000e+00  -9.5300000e+00  -1.7809000e+00  -4.1097000e+00
  -9.9576000e+00  -9.9311000e+00  -9.3561000e+00  -8.8992000e+00  -2.3273000e+00  -4.6458000e+00
  -8.6458000e+00  -8.6158000e+00  -7.0314000e+00  -6.2566000e+00  -4.1833000e+00  -4.9988000e+00
  -5.6266000e+00  -5.9541000e+00  -5.3116000e+00  -4.8700000e+00  -5.8004000e+00  -5.4582000e+00
  -4.4392000e+00  -3.8814000e+00  -4.6400000e+00  -4.7876000e+00  -6.3880000e+00  -5.8618000e+00
  -5.5536000e+00  -5.6486000e+00  -5.2420000e+00  -5.1690000e+00  -6.0123000e+00  -6.1249000e+00
  -3.8926000e+00  -4.4635000e+00  -3.7519000e+00  -3.6379000e+00  -5.9518000e+00  -6.1069000e+00
  -3.1506000e+00  -3.2326000e+00  -2.7503000e+00  -2.4728000e+00  -5.9589000e+00  -5.8020000e+00
  -2.1932000e+00  -2.2793000e+00  -1.9679000e+00  -1.7652000e+00  -5.9429000e+00  -5.3979000e+00
  -1.7011000e+00  -1.7050000e+00  -1.5976000e+00  -1.4800000e+00  -5.5804000e+00  -5.2440000e+00
  -1.0188000e+00  -1.1918000e+00  -1.0639000e+00  -1.0642000e+00  -5.0314000e+00  -5.1580000e+00
  -4.7100000e-01  -5.5430000e-01  -5.0960000e-01  -5.1900000e-01  -4.5501000e+00  -4.8178000e+00
  -9.2200000e-02  -9.9300000e-02  -1.4780000e-01  -1.4930000e-01  -3.7449000e+00  -4.4299000e+00
   1.0250000e-01   1.9560000e-01   9.8600000e-02   1.4360000e-01  -2.3500000e+00  -3.4667000e+00
   1.4450000e-01   2.1450000e-01   1.3080000e-01   1.6800000e-01  -1.2911000e+00  -1.2575000e+00
   1.2210000e-01   2.3140000e-01   1.5700000e-01   2.2170000e-01  -1.1589000e+00  -1.9510000e-01
   7.1600000e-02   2.2130000e-01   1.8040000e-01   2.8660000e-01  -5.1290000e-01   8.5700000e-01
   6.9100000e-02   1.7620000e-01   1.2210000e-01   1.8260000e-01   8.5400000e-02   1.8525000e+00
   2.0880000e-01   2.3100000e-01   1.7050000e-01   1.5400000e-01   5.0960000e-01   2.2141000e+00
   6.0790000e-01   5.4660000e-01   4.9850000e-01   4.4130000e-01   1.0308000e+00   2.2303000e+00
   1.0375000e+00   9.8150000e-01   9.3530000e-01   8.9110000e-01   1.4510000e+00   2.5531000e+00
   1.2557000e+00   1.2571000e+00   1.2218000e+00   1.2027000e+00   1.6181000e+00   3.1183000e+00
   1.3389000e+00   1.4167000e+00   1.4275000e+00   1.4691000e+00   1.8268000e+00   3.7966000e+00
   1.3815000e+00   1.4628000e+00   1.5265000e+00   1.6392000e+00   1.9995000e+00   4.5422000e+00
   1.4595000e+00   1.4781000e+00   1.5356000e+00   1.6160000e+00   2.8376000e+00   5.1319000e+00
   1.6795000e+00   1.6403000e+00   1.6599000e+00   1.6822000e+00   3.6767000e+00   5.8369000e+00
   1.9443000e+00   1.8939000e+00   1.8715000e+00   1.8485000e+00   4.6837000e+00   6.1713000e+00
   2.1793000e+00   2.1555000e+00   2.1099000e+00   2.0680000e+00   5.5161000e+00   6.4079000e+00
   2.4072000e+00   2.4053000e+00   2.3486000e+00   2.3093000e+00   6.3410000e+00   6.6538000e+00
   2.6013000e+00   2.5983000e+00   2.5351000e+00   2.4974000e+00   7.1736000e+00   7.1102000e+00
   2.7990000e+00   2.7872000e+00   2.7056000e+00   2.6447000e+00   7.9762000e+00   7.7141000e+00
   2.9637000e+00   2.9563000e+00   2.8889000e+00   2.8327000e+00   8.4664000e+00   8.2679000e+00
   3.1093000e+00   3.1003000e+00   3.0349000e+00   2.9864000e+00   8.7333000e+00   8.6245000e+00
   3.2647000e+00   3.2511000e+00   3.1785000e+00   3.1179000e+00   8.8672000e+00   8.8257000e+00
   3.3444000e+00   3.3220000e+00   3.2432000e+00   3.1698000e+00   9.0510000e+00   9.0557000e+00
   3.4816000e+00   3.4152000e+00   3.3665000e+00   3.2807000e+00   9.3550000e+00   9.4132000e+00
   3.7282000e+00   3.5287000e+00   3.5396000e+00   3.4248000e+00   9.9450000e+00   9.9713000e+00
   4.0483000e+00   3.8731000e+00   3.8614000e+00   3.7297000e+00   9.5187000e+00   9.8866000e+00
   3.7991000e+00   3.9191000e+00   3.7351000e+00   3.6477000e+00   9.1449000e+00   9.4595000e+00
   3.4888000e+00   3.5920000e+00   3.4586000e+00   3.3820000e+00   9.0844000e+00   8.9038000e+00
   3.2722000e+00   3.2514000e+00   3.1827000e+00   3.0893000e+00   9.4472000e+00   8.9571000e+00
   3.0481000e+00   2.9650000e+00   2.9042000e+00   2.8149000e+00   9.6821000e+00   8.8273000e+00
   3.0724000e+00   2.7986000e+00   2.8087000e+00   2.6205000e+00   9.8080000e+00   8.8254000e+00
   3.3700000e+00   2.9739000e+00   2.9191000e+00   2.6839000e+00   9.6842000e+00   8.7892000e+00
   3.7070000e+00   3.2684000e+00   3.2003000e+00   2.9186000e+00   9.3360000e+00   8.4927000e+00
   4.1959000e+00   3.7797000e+00   3.7844000e+00   3.5769000e+00   9.0844000e+00   8.2738000e+00
   4.6346000e+00   4.2874000e+00   4.2927000e+00   4.1501000e+00   8.9950000e+00   8.4974000e+00
   4.9377000e+00   4.6690000e+00   4.6639000e+00   4.5657000e+00   8.6207000e+00   8.5033000e+00
   5.1797000e+00   5.0405000e+00   5.0464000e+00   5.0246000e+00   8.5068000e+00   8.1707000e+00
   5.1823000e+00   4.9949000e+00   5.0941000e+00   5.1617000e+00   8.3959000e+00   7.9275000e+00
   5.0944000e+00   4.8253000e+00   4.9659000e+00   5.0707000e+00   8.4682000e+00   7.6686000e+00
   4.8357000e+00   4.5477000e+00   4.6856000e+00   4.8234000e+00   8.6947000e+00   7.7391000e+00
   4.6163000e+00   4.2890000e+00   4.4112000e+00   4.5484000e+00   8.8249000e+00   7.7960000e+00
   4.4376000e+00   4.0009000e+00   4.1239000e+00   4.2053000e+00   8.9790000e+00   7.9348000e+00
   4.3053000e+00   3.8196000e+00   3.9259000e+00   3.9603000e+00   9.2551000e+00   8.2833000e+00
   4.2132000e+00   3.6855000e+00   3.7779000e+00   3.7765000e+00   9.5898000e+00   8.4253000e+00
   4.1390000e+00   3.5479000e+00   3.6949000e+00   3.6800000e+00   8.8836000e+00   8.0899000e+00
   4.1044000e+00   3.5063000e+00   3.7017000e+00   3.7107000e+00   8.5015000e+00   7.7024000e+00
   4.0545000e+00   3.5102000e+00   3.6931000e+00   3.7412000e+00   7.9226000e+00   7.4108000e+00
   3.9532000e+00   3.4288000e+00   3.5826000e+00   3.6694000e+00   7.1143000e+00   6.5599000e+00
   3.7596000e+00   3.2332000e+00   3.3570000e+00   3.4927000e+00   5.8125000e+00   5.2543000e+00
   3.3464000e+00   2.8149000e+00   2.9711000e+00   3.2132000e+00   4.4415000e+00   3.6908000e+00
   2.6676000e+00   2.1316000e+00   2.3991000e+00   2.7713000e+00   3.3598000e+00   1.9408000e+00
   1.9042000e+00   1.4136000e+00   1.8718000e+00   2.3430000e+00   2.2332000e+00   5.6990000e-01
   1.1315000e+00   8.2260000e-01   1.4313000e+00   1.8028000e+00   1.0660000e+00  -6.5750000e-01
   4.5140000e-01   4.6450000e-01   9.0880000e-01   7.5810000e-01  -7.4290000e-01  -2.1708000e+00
  -6.6200000e-02  -9.9200000e-02  -4.0050000e-01  -1.3364000e+00  -2.7102000e+00  -3.0924000e+00
  -1.0507000e+00  -2.3348000e+00  -2.5468000e+00  -3.1975000e+00  -4.3629000e+00  -4.2317000e+00
  -3.7924000e+00  -4.7091000e+00  -4.2217000e+00  -4.1510000e+00  -4.5220000e+00  -4.7587000e+00
  -4.9965000e+00  -4.9308000e+00  -4.9581000e+00  -5.0666000e+00  -4.7417000e+00  -4.7393000e+00
  -5.6753000e+00  -5.8423000e+00  -5.5366000e+00  -5.5967000e+00  -4.8423000e+00  -4.7982000e+00
  -5.8519000e+00  -6.3404000e+00  -5.6249000e+00  -5.3054000e+00  -4.9847000e+00  -4.9936000e+00
  -5.4689000e+00  -5.7508000e+00  -4.9830000e+00  -4.6776000e+00  -5.2573000e+00  -5.3182000e+00
  -4.2544000e+00  -5.1036000e+00  -4.4310000e+00  -4.6271000e+00  -5.2883000e+00  -5.1856000e+00
  -3.9716000e+00  -5.4154000e+00  -5.0103000e+00  -5.6529000e+00  -5.3089000e+00  -5.1969000e+00
  -4.5364000e+00  -6.1622000e+00  -5.7084000e+00  -6.1109000e+00  -5.4203000e+00  -5.2828000e+00
  -5.5075000e+00  -6.7542000e+00  -6.3153000e+00  -6.3751000e+00  -5.2519000e+00  -5.0178000e+00
  -5.9305000e+00  -6.7432000e+00  -6.3419000e+00  -6.2611000e+00  -4.9002000e+00  -4.9476000e+00
  -6.2217000e+00  -6.7225000e+00  -6.3799000e+00  -6.2880000e+00  -4.3838000e+00  -4.9184000e+00
  -6.2231000e+00  -6.6241000e+00  -6.3369000e+00  -6.3128000e+00  -3.8765000e+00  -4.7217000e+00
  -6.1765000e+00  -6.6119000e+00  -6.3124000e+00  -6.3235000e+00  -3.2036000e+00  -4.2545000e+00
  -5.6660000e+00  -6.1567000e+00  -5.8331000e+00  -5.8613000e+00  -2.7624000e+00  -3.3360000e+00
  -5.4698000e+00  -6.0104000e+00  -5.7512000e+00  -5.8682000e+00  -2.5223000e+00  -2.0981000e+00
  -5.1364000e+00  -5.5530000e+00  -5.3830000e+00  -5.4755000e+00  -2.0694000e+00  -1.1486000e+00
  -5.1783000e+00  -5.5349000e+00  -5.3510000e+00  -5.3325000e+00  -1.3367000e+00  -8.3700000e-02
  -5.0277000e+00  -5.5958000e+00  -5.3926000e+00  -5.4489000e+00  -1.0500000e+00  -8.6600000e-02
  -5.0167000e+00  -5.5382000e+00  -5.1528000e+00  -5.2484000e+00   1.4570000e-01   2.8670000e-01
  -4.9945000e+00  -5.2722000e+00  -5.0415000e+00  -4.9686000e+00   1.1996000e+00   5.7940000e-01
  -4.8516000e+00  -5.2210000e+00  -4.9580000e+00  -4.9867000e+00   2.1247000e+00   1.2301000e+00
  -4.3024000e+00  -4.6000000e+00  -4.4745000e+00  -4.5502000e+00   2.8004000e+00   1.9767000e+00
  -4.3128000e+00  -4.5277000e+00  -4.3695000e+00  -4.3745000e+00   3.6597000e+00   2.5520000e+00
  -4.5643000e+00  -4.7815000e+00  -4.5144000e+00  -4.4426000e+00   4.9633000e+00   3.2835000e+00
  -4.5279000e+00  -4.7510000e+00  -4.5156000e+00  -4.4573000e+00   5.7565000e+00   3.9235000e+00
  -4.4002000e+00  -4.6179000e+00  -4.3942000e+00  -4.3571000e+00   6.1400000e+00   4.4108000e+00
  -4.1030000e+00  -4.3276000e+00  -4.1229000e+00  -4.0894000e+00   6.2261000e+00   4.9556000e+00
  -3.5950000e+00  -3.8279000e+00  -3.6604000e+00  -3.6344000e+00   6.1414000e+00   5.6173000e+00
  -3.5110000e+00  -3.6945000e+00  -3.4860000e+00  -3.4042000e+00   6.4029000e+00   6.3068000e+00
  -2.9207000e+00  -3.2739000e+00  -3.1902000e+00  -3.2803000e+00   7.1527000e+00   7.0087000e+00
  -2.2075000e+00  -2.5911000e+00  -2.6102000e+00  -2.8072000e+00   7.4952000e+00   7.5867000e+00
  -1.6238000e+00  -1.8478000e+00  -1.9837000e+00  -2.1989000e+00   7.5915000e+00   7.8879000e+00
  -1.4059000e+00  -1.5077000e+00  -1.5659000e+00  -1.6822000e+00   7.5900000e+00   8.0838000e+00
  -1.0549000e+00  -1.1455000e+00  -1.1824000e+00  -1.2562000e+00   7.2240000e+00   8.0707000e+00
  -4.9810000e-01  -6.8060000e-01  -7.4070000e-01  -8.5470000e-01   6.8727000e+00   7.6321000e+00
  -1.8600000e-01  -2.0370000e-01  -3.1190000e-01  -3.5730000e-01   6.7675000e+00   7.0998000e+00
  -2.7550000e-01  -2.8510000e-01  -3.0110000e-01  -2.9130000e-01   6.8240000e+00   6.3969000e+00
  -1.0870000e-01  -1.9850000e-01  -2.7650000e-01  -3.7130000e-01   6.7083000e+00   5.5365000e+00
   1.8660000e-01   1.4460000e-01   3.4600000e-02  -5.9800000e-02   6.3051000e+00   4.5944000e+00
   3.3630000e-01   3.1720000e-01   2.4660000e-01   1.7040000e-01   6.0548000e+00   3.9649000e+00
   7.0760000e-01   6.6460000e-01   4.7920000e-01   3.5190000e-01   5.7639000e+00   3.6283000e+00
   1.1853000e+00   1.1546000e+00   9.5440000e-01   8.1480000e-01   5.1271000e+00   3.5975000e+00
   1.3021000e+00   1.4097000e+00   1.2700000e+00   1.2426000e+00   4.3663000e+00   3.6167000e+00
   1.1945000e+00   1.3091000e+00   1.2870000e+00   1.3579000e+00   3.9746000e+00   3.6196000e+00
   1.1373000e+00   1.2067000e+00   1.2479000e+00   1.3463000e+00   3.8928000e+00   3.5294000e+00
   1.0997000e+00   1.1201000e+00   1.1150000e+00   1.1742000e+00   3.9279000e+00   3.3303000e+00
   1.2775000e+00   1.2495000e+00   1.1405000e+00   1.1063000e+00   4.0571000e+00   3.1406000e+00
   1.5265000e+00   1.5298000e+00   1.3714000e+00   1.2706000e+00   4.1417000e+00   3.0501000e+00
   1.6589000e+00   1.6845000e+00   1.5466000e+00   1.4798000e+00   4.2309000e+00   3.0641000e+00
   1.8569000e+00   1.8895000e+00   1.7037000e+00   1.6278000e+00   4.3186000e+00   3.2208000e+00
   2.1014000e+00   2.1611000e+00   1.9217000e+00   1.8206000e+00   4.3904000e+00   3.3480000e+00
   2.3778000e+00   2.4832000e+00   2.2431000e+00   2.1520000e+00   4.4726000e+00   3.4545000e+00
   2.4800000e+00   2.6219000e+00   2.4280000e+00   2.3906000e+00   4.4005000e+00   3.6071000e+00
   2.5416000e+00   2.6832000e+00   2.5570000e+00   2.5709000e+00   4.3611000e+00   3.9812000e+00
   2.6123000e+00   2.7429000e+00   2.6485000e+00   2.6982000e+00   4.5448000e+00   4.3201000e+00
   2.6667000e+00   2.7784000e+00   2.6484000e+00   2.6592000e+00   4.9025000e+00   4.5952000e+00
   2.8100000e+00   2.9277000e+00   2.7875000e+00   2.7706000e+00   5.3776000e+00   4.8015000e+00
   2.9312000e+00   3.0714000e+00   2.9421000e+00   2.9473000e+00   5.6635000e+00   4.9866000e+00
   3.0942000e+00   3.2661000e+00   3.1377000e+00   3.1653000e+00   5.9543000e+00   5.1903000e+00
   3.1687000e+00   3.3569000e+00   3.2481000e+00   3.3071000e+00   6.1305000e+00   5.5397000e+00
   3.2573000e+00   3.4263000e+00   3.3641000e+00   3.4312000e+00   6.3713000e+00   5.9324000e+00
   3.3762000e+00   3.5533000e+00   3.5161000e+00   3.5918000e+00   6.3587000e+00   6.0113000e+00
   3.4644000e+00   3.6568000e+00   3.6472000e+00   3.7494000e+00   6.1405000e+00   6.4223000e+00
   3.5496000e+00   3.8022000e+00   3.7805000e+00   3.8986000e+00   5.1300000e+00   6.6845000e+00
   3.6955000e+00   3.8837000e+00   3.8578000e+00   3.9621000e+00   4.2904000e+00   5.6560000e+00
   3.8544000e+00   4.0819000e+00   4.0618000e+00   4.1264000e+00   3.8296000e+00   5.0679000e+00
   3.6442000e+00   4.1595000e+00   4.0468000e+00   4.1962000e+00   3.4958000e+00   4.4205000e+00
   3.3153000e+00   3.8532000e+00   3.7181000e+00   3.8617000e+00   3.2372000e+00   3.5165000e+00
   3.3267000e+00   3.6951000e+00   3.5616000e+00   3.6105000e+00   3.0480000e+00   3.0428000e+00
   3.7188000e+00   3.8639000e+00   3.7432000e+00   3.6886000e+00   2.8078000e+00   2.5304000e+00
   4.0592000e+00   4.1590000e+00   4.0753000e+00   4.0259000e+00   2.5614000e+00   2.3997000e+00
   4.3347000e+00   4.4612000e+00   4.3879000e+00   4.3809000e+00   2.8063000e+00   2.7173000e+00
   4.4634000e+00   4.4852000e+00   4.4748000e+00   4.5156000e+00   3.4654000e+00   3.1861000e+00
   4.5022000e+00   4.3748000e+00   4.3576000e+00   4.3512000e+00   4.1091000e+00   3.8933000e+00
   4.6920000e+00   4.3997000e+00   4.3088000e+00   4.1952000e+00   5.0083000e+00   4.6876000e+00
   4.8933000e+00   4.5620000e+00   4.4015000e+00   4.2226000e+00   5.6663000e+00   5.6201000e+00
   5.0731000e+00   4.7991000e+00   4.5327000e+00   4.2752000e+00   5.9815000e+00   6.0516000e+00
   4.7469000e+00   4.6772000e+00   4.5082000e+00   4.3021000e+00   6.2077000e+00   6.2984000e+00
   3.9216000e+00   3.6815000e+00   3.7295000e+00   3.6177000e+00   6.4813000e+00   6.5528000e+00
   3.6198000e+00   3.0663000e+00   3.1607000e+00   2.9479000e+00   6.5054000e+00   6.6707000e+00
   3.8479000e+00   2.8670000e+00   2.9571000e+00   2.6234000e+00   6.5268000e+00   6.6123000e+00
   4.1608000e+00   3.0710000e+00   3.0406000e+00   2.5831000e+00   6.4648000e+00   6.5812000e+00
   3.9753000e+00   3.3302000e+00   3.0038000e+00   2.5429000e+00   6.5668000e+00   6.5392000e+00
   3.5252000e+00   3.0067000e+00   2.6545000e+00   2.0429000e+00   6.7421000e+00   6.6078000e+00
   3.3799000e+00   2.4038000e+00   2.1991000e+00   1.0685000e+00   6.9161000e+00   6.6818000e+00
   2.9744000e+00   1.7320000e+00   1.6676000e+00   3.9810000e-01   7.0396000e+00   6.6746000e+00
   2.2827000e+00   8.9110000e-01   1.0860000e+00  -1.1600000e-02   6.7920000e+00   6.6087000e+00
   2.0586000e+00   2.4110000e-01   9.2340000e-01  -1.2260000e-01   6.6755000e+00   6.2739000e+00
   2.3160000e+00  -1.8290000e-01   1.0523000e+00  -2.3100000e-01   6.4629000e+00   6.0350000e+00
   2.0509000e+00  -4.1130000e-01   9.3530000e-01  -3.8520000e-01   5.8792000e+00   5.7483000e+00
   1.6216000e+00  -7.0670000e-01   5.5790000e-01  -7.1840000e-01   5.5090000e+00   5.3288000e+00
   1.4462000e+00  -1.4134000e+00  -2.0660000e-01  -1.7120000e+00   4.9827000e+00   5.0471000e+00
   1.2612000e+00  -2.2985000e+00  -9.3490000e-01  -2.3867000e+00   4.7824000e+00   4.8452000e+00
   1.2561000e+00  -2.4926000e+00  -8.9400000e-01  -2.1550000e+00   4.6350000e+00   4.9212000e+00
   1.1844000e+00  -2.5128000e+00  -6.5360000e-01  -1.8253000e+00   3.5049000e+00   4.8971000e+00
   1.3779000e+00  -1.9810000e+00   2.1430000e-01  -5.9800000e-01   4.0001000e+00   4.4326000e+00
   1.6069000e+00  -9.7120000e-01   1.0852000e+00   7.1410000e-01  -6.1150000e-01   4.6068000e+00
   1.7185000e+00   4.7020000e-01   1.9141000e+00   2.0799000e+00  -5.7000000e-03   3.8291000e+00
   1.4487000e+00   1.4553000e+00   1.7462000e+00   1.7014000e+00   1.2473000e+00   4.1912000e+00
   1.9287000e+00   1.9844000e+00   1.7189000e+00   1.4093000e+00   7.1760000e-01   2.8818000e+00
   2.0252000e+00   1.6725000e+00   1.5574000e+00   1.5903000e+00  -5.0229000e+00   2.8215000e+00
   3.3873000e+00   2.9382000e+00   2.2989000e+00   2.2190000e+00   1.6269000e+00   6.1070000e-01
  -3.4314000e+00  -8.2950000e-01   6.9900000e-02   2.6721000e+00   2.4957000e+00   7.2860000e-01
   7.3210000e-01   5.4470000e-01  -2.2040000e-01  -8.4210000e-01   3.3545000e+00  -9.1110000e-01
   2.5505000e+00   7.2691000e+00   6.6828000e+00   8.9379000e+00   3.8766000e+00   8.2140000e-01
   1.7397000e+00   2.4143000e+00   2.8998000e+00   3.9840000e+00   2.7783000e+00   6.4300000e-01
   2.7550000e+00   4.7959000e+00   5.9182000e+00   8.1243000e+00   1.8331000e+00   2.7960000e-01
   3.7613000e+00   5.2984000e+00   5.6702000e+00   7.0936000e+00   1.2730000e-01   4.5160000e-01
   5.3878000e+00   6.4223000e+00   6.7500000e+00   8.1254000e+00  -1.2872000e+00  -4.1040000e-01
   8.5856000e+00   8.0515000e+00   4.3748000e+00   1.1021000e+00  -2.0828000e+00  -9.4960000e-01
  -3.8726000e+00  -7.5921000e+00  -6.8791000e+00  -6.8193000e+00  -3.0897000e+00  -1.8144000e+00
  -8.1800000e+00  -7.5578000e+00  -7.1928000e+00  -6.6355000e+00  -3.5107000e+00  -2.2595000e+00
  -5.5079000e+00  -5.2877000e+00  -5.3506000e+00  -5.4152000e+00  -3.8823000e+00  -2.7639000e+00
  -4.7564000e+00  -4.9607000e+00  -5.4290000e+00  -5.7297000e+00  -3.7586000e+00  -2.5165000e+00
  -3.0983000e+00  -3.1538000e+00  -3.0655000e+00  -3.2573000e+00  -4.3134000e+00  -2.6595000e+00
  -2.6034000e+00  -2.4712000e+00  -2.0506000e+00  -1.5737000e+00  -4.5300000e+00  -1.6128000e+00
  -1.9774000e+00  -1.9598000e+00  -1.9524000e+00  -1.5995000e+00  -4.6443000e+00  -1.1676000e+00
  -1.5298000e+00  -8.4070000e-01  -6.3110000e-01  -6.5400000e-02  -3.8511000e+00  -1.7001000e+00
  -8.8760000e-01  -4.8570000e-01  -2.9230000e-01  -2.0940000e-01  -2.0143000e+00  -5.5696000e+00
  -1.4989000e+00  -1.5149000e+00  -1.6974000e+00  -1.3481000e+00  -1.5376000e+00  -7.1785000e+00
  -2.2406000e+00  -1.6295000e+00  -2.1114000e+00  -2.0689000e+00  -5.9101000e+00  -8.2476000e+00
  -3.6423000e+00  -2.9066000e+00  -3.1010000e+00  -2.8325000e+00  -7.2972000e+00  -7.2444000e+00
  -3.4179000e+00  -3.4135000e+00  -3.4138000e+00  -3.3857000e+00  -5.1874000e+00  -5.3157000e+00
  -3.6109000e+00  -3.6608000e+00  -3.3987000e+00  -3.3126000e+00  -1.0616000e+00  -6.7893000e+00
  -3.7248000e+00  -3.5166000e+00  -3.3707000e+00  -3.1470000e+00  -4.8971000e+00  -6.3421000e+00
  -3.5175000e+00  -3.4160000e+00  -3.3718000e+00  -3.2722000e+00  -5.1183000e+00  -9.0095000e+00
  -3.0000000e+00  -2.8801000e+00  -2.7423000e+00  -2.5392000e+00  -5.3336000e+00  -9.6116000e+00
  -2.6534000e+00  -2.5285000e+00  -2.6133000e+00  -2.6121000e+00  -7.0463000e+00  -1.0974500e+01
  -2.4049000e+00  -2.3075000e+00  -2.2375000e+00  -2.1461000e+00  -6.7829000e+00  -1.0654800e+01
  -2.2898000e+00  -1.9863000e+00  -1.8211000e+00  -1.5298000e+00  -6.3035000e+00  -5.9439000e+00
  -1.6287000e+00  -1.7468000e+00  -1.5600000e+00  -1.5746000e+00  -3.2314000e+00  -3.8319000e+00
  -9.5170000e-01  -1.3835000e+00  -1.1549000e+00  -1.2021000e+00  -1.0481000e+00  -2.4334000e+00
  -9.8650000e-01  -7.8820000e-01  -7.4830000e-01  -5.5810000e-01  -6.0430000e-01  -1.5890000e+00
  -9.0740000e-01  -1.1541000e+00  -1.0828000e+00  -1.1414000e+00  -3.7470000e-01  -1.5714000e+00
  -9.3680000e-01  -1.1831000e+00  -1.2237000e+00  -1.3565000e+00  -8.5540000e-01  -1.9495000e+00
  -9.1760000e-01  -7.9830000e-01  -9.7230000e-01  -1.0814000e+00  -1.8933000e+00  -2.5425000e+00
