   3.8990000e+00   4.0760000e+00   4.0450000e+00   4.1340000e+00   3.4920000e+00   3.6530000e+00
   3.8320000e+00   3.9520000e+00   3.9410000e+00   4.0540000e+00   3.5570000e+00   3.6820000e+00
   4.0460000e+00   4.1260000e+00   4.1330000e+00   4.2450000e+00   3.6890000e+00   3.8340000e+00
   4.1950000e+00   4.1240000e+00   4.1570000e+00   4.2620000e+00   3.8700000e+00   3.9790000e+00
   4.4570000e+00   4.3100000e+00   4.3240000e+00   4.3070000e+00   3.9960000e+00   4.1470000e+00
   4.7580000e+00   4.6310000e+00   4.6030000e+00   4.4980000e+00   4.1890000e+00   4.2980000e+00
   5.0030000e+00   4.8670000e+00   4.8120000e+00   4.7140000e+00   4.2710000e+00   4.4370000e+00
   5.3880000e+00   5.2260000e+00   5.1620000e+00   5.0560000e+00   4.3140000e+00   4.4800000e+00
   5.6360000e+00   5.5340000e+00   5.4570000e+00   5.3650000e+00   4.3370000e+00   4.4280000e+00
   5.8110000e+00   5.7410000e+00   5.6890000e+00   5.6290000e+00   4.3570000e+00   4.4250000e+00
   5.8210000e+00   5.7730000e+00   5.7420000e+00   5.7220000e+00   4.5410000e+00   4.5060000e+00
   5.8450000e+00   5.7820000e+00   5.7760000e+00   5.7600000e+00   4.8010000e+00   4.6370000e+00
   5.8500000e+00   5.7840000e+00   5.7770000e+00   5.7630000e+00   5.0030000e+00   4.9690000e+00
   5.9390000e+00   5.8560000e+00   5.8510000e+00   5.8190000e+00   5.2760000e+00   5.1310000e+00
   6.0590000e+00   5.9780000e+00   5.9700000e+00   5.9360000e+00   5.4050000e+00   5.2970000e+00
   6.0230000e+00   5.9610000e+00   5.9470000e+00   5.9180000e+00   5.5190000e+00   5.4160000e+00
   5.9420000e+00   5.9150000e+00   5.9290000e+00   5.9270000e+00   5.4630000e+00   5.4080000e+00
   5.9970000e+00   6.0110000e+00   6.0050000e+00   6.0130000e+00   5.3390000e+00   5.2270000e+00
   5.9000000e+00   5.9310000e+00   5.9060000e+00   5.9160000e+00   5.0220000e+00   4.8220000e+00
   5.4960000e+00   5.7250000e+00   5.7280000e+00   5.8360000e+00   4.9920000e+00   4.6180000e+00
   5.2990000e+00   5.6020000e+00   5.5940000e+00   5.7420000e+00   4.5950000e+00   4.0690000e+00
   5.4050000e+00   5.5890000e+00   5.5830000e+00   5.6970000e+00   4.1120000e+00   3.7040000e+00
   5.5140000e+00   5.7490000e+00   5.7430000e+00   5.8590000e+00   3.8600000e+00   3.5190000e+00
   5.3900000e+00   5.6430000e+00   5.6580000e+00   5.8170000e+00   3.7530000e+00   3.5370000e+00
   5.4030000e+00   5.5650000e+00   5.5660000e+00   5.6810000e+00   4.0510000e+00   3.8900000e+00
   5.6450000e+00   5.6790000e+00   5.6480000e+00   5.6550000e+00   4.2440000e+00   4.0900000e+00
   5.8130000e+00   6.0200000e+00   5.9160000e+00   5.9390000e+00   4.2840000e+00   4.2500000e+00
   5.9310000e+00   6.2570000e+00   6.0790000e+00   6.2110000e+00   4.4960000e+00   4.4430000e+00
   6.1280000e+00   6.4700000e+00   6.2760000e+00   6.4380000e+00   4.7020000e+00   4.6190000e+00
   6.1980000e+00   6.5330000e+00   6.3720000e+00   6.5570000e+00   5.0060000e+00   4.9130000e+00
   6.1770000e+00   6.4960000e+00   6.3430000e+00   6.5330000e+00   5.2980000e+00   5.1450000e+00
   6.1300000e+00   6.4610000e+00   6.3230000e+00   6.5170000e+00   5.4890000e+00   5.3020000e+00
   6.1020000e+00   6.5250000e+00   6.3610000e+00   6.5690000e+00   5.6290000e+00   5.4050000e+00
   6.1490000e+00   6.6170000e+00   6.4510000e+00   6.6740000e+00   5.7290000e+00   5.4630000e+00
   6.2620000e+00   6.7370000e+00   6.5990000e+00   6.8190000e+00   5.7780000e+00   5.5630000e+00
   6.3050000e+00   6.7970000e+00   6.6850000e+00   6.8940000e+00   5.8130000e+00   5.6840000e+00
   6.3610000e+00   6.9200000e+00   6.7800000e+00   6.9840000e+00   5.8470000e+00   5.7410000e+00
   6.4910000e+00   7.0400000e+00   6.9270000e+00   7.1220000e+00   5.8820000e+00   5.7880000e+00
   6.5850000e+00   7.0280000e+00   6.9780000e+00   7.1100000e+00   5.8970000e+00   5.8580000e+00
   6.5560000e+00   6.8830000e+00   6.8920000e+00   6.9780000e+00   5.8710000e+00   5.9130000e+00
   6.3540000e+00   6.6760000e+00   6.6590000e+00   6.7530000e+00   5.8180000e+00   5.9130000e+00
   6.2120000e+00   6.5760000e+00   6.5150000e+00   6.6410000e+00   5.7340000e+00   5.8370000e+00
   6.1980000e+00   6.6080000e+00   6.5330000e+00   6.6600000e+00   5.6430000e+00   5.7670000e+00
   6.2370000e+00   6.6500000e+00   6.5830000e+00   6.7010000e+00   5.5990000e+00   5.6620000e+00
   6.3200000e+00   6.7520000e+00   6.6820000e+00   6.7590000e+00   5.5970000e+00   5.5730000e+00
   6.3940000e+00   6.7590000e+00   6.7460000e+00   6.7700000e+00   5.5330000e+00   5.5270000e+00
   6.4280000e+00   6.7180000e+00   6.7170000e+00   6.7130000e+00   5.4710000e+00   5.4900000e+00
   6.4180000e+00   6.6310000e+00   6.6440000e+00   6.6260000e+00   5.4590000e+00   5.4280000e+00
   6.3810000e+00   6.5280000e+00   6.5410000e+00   6.5080000e+00   5.4360000e+00   5.3980000e+00
   6.3620000e+00   6.4630000e+00   6.4660000e+00   6.4140000e+00   5.4040000e+00   5.3950000e+00
   6.3640000e+00   6.4390000e+00   6.4390000e+00   6.3740000e+00   5.4110000e+00   5.3880000e+00
   6.3440000e+00   6.4070000e+00   6.4210000e+00   6.3520000e+00   5.4200000e+00   5.3480000e+00
   6.3130000e+00   6.3490000e+00   6.3770000e+00   6.3220000e+00   5.4230000e+00   5.3020000e+00
   6.2370000e+00   6.2980000e+00   6.3220000e+00   6.2820000e+00   5.4420000e+00   5.2910000e+00
   6.1720000e+00   6.2820000e+00   6.2960000e+00   6.2800000e+00   5.4640000e+00   5.2820000e+00
   6.1140000e+00   6.2640000e+00   6.2830000e+00   6.2940000e+00   5.4630000e+00   5.2450000e+00
   6.0190000e+00   6.1880000e+00   6.2180000e+00   6.2560000e+00   5.4220000e+00   5.1880000e+00
   5.9040000e+00   6.0680000e+00   6.1030000e+00   6.1570000e+00   5.3410000e+00   5.1360000e+00
   5.7990000e+00   5.9560000e+00   5.9830000e+00   6.0460000e+00   5.2100000e+00   5.1020000e+00
   5.6970000e+00   5.8460000e+00   5.8750000e+00   5.9460000e+00   5.0380000e+00   5.0510000e+00
   5.5820000e+00   5.7570000e+00   5.7640000e+00   5.8580000e+00   4.7860000e+00   4.9010000e+00
   5.4280000e+00   5.6320000e+00   5.6580000e+00   5.7920000e+00   4.6270000e+00   4.8130000e+00
   5.1570000e+00   5.4450000e+00   5.4730000e+00   5.6370000e+00   4.7110000e+00   4.9790000e+00
   4.9660000e+00   5.3170000e+00   5.3150000e+00   5.4990000e+00   4.5600000e+00   4.7890000e+00
   4.9220000e+00   5.2500000e+00   5.2150000e+00   5.3810000e+00   4.5220000e+00   4.6530000e+00
   4.8640000e+00   5.0800000e+00   5.0750000e+00   5.2360000e+00   4.2500000e+00   4.4380000e+00
   4.9570000e+00   5.0450000e+00   4.9580000e+00   5.0140000e+00   3.8410000e+00   4.2810000e+00
   5.0680000e+00   5.0830000e+00   4.9650000e+00   4.9390000e+00   3.7900000e+00   4.2690000e+00
   5.1650000e+00   5.2100000e+00   5.0630000e+00   4.9630000e+00   4.2750000e+00   4.3120000e+00
   5.1400000e+00   5.1810000e+00   5.0890000e+00   4.9770000e+00   4.2870000e+00   4.2340000e+00
   5.1670000e+00   5.2130000e+00   5.0930000e+00   5.0250000e+00   4.2080000e+00   4.4170000e+00
   5.1760000e+00   5.1560000e+00   5.1430000e+00   5.1220000e+00   4.4960000e+00   5.0060000e+00
   5.1320000e+00   5.0850000e+00   5.1020000e+00   5.0550000e+00   4.8830000e+00   5.3220000e+00
   4.9580000e+00   4.8800000e+00   5.0100000e+00   5.0040000e+00   5.1000000e+00   5.0880000e+00
   4.7700000e+00   4.6500000e+00   4.7460000e+00   4.7930000e+00   4.8020000e+00   4.6490000e+00
   4.6860000e+00   4.6090000e+00   4.6530000e+00   4.6070000e+00   4.3140000e+00   4.3560000e+00
   4.6010000e+00   4.5280000e+00   4.5780000e+00   4.5770000e+00   3.8070000e+00   4.2540000e+00
   4.5170000e+00   4.4600000e+00   4.5060000e+00   4.5090000e+00   3.6000000e+00   3.9630000e+00
   4.4340000e+00   4.3940000e+00   4.4340000e+00   4.4290000e+00   3.5540000e+00   3.6750000e+00
   4.3440000e+00   4.3110000e+00   4.3510000e+00   4.3390000e+00   3.3050000e+00   3.4710000e+00
   4.2500000e+00   4.2220000e+00   4.2520000e+00   4.2300000e+00   2.9590000e+00   3.1580000e+00
   4.1230000e+00   4.1150000e+00   4.1300000e+00   4.1050000e+00   2.6040000e+00   2.7920000e+00
   3.9930000e+00   3.9850000e+00   4.0020000e+00   3.9910000e+00   2.2770000e+00   2.4430000e+00
   3.8800000e+00   3.8660000e+00   3.8820000e+00   3.8720000e+00   2.0060000e+00   2.1540000e+00
   3.7920000e+00   3.7450000e+00   3.7730000e+00   3.7570000e+00   1.7650000e+00   1.9190000e+00
   3.7340000e+00   3.6390000e+00   3.6770000e+00   3.6410000e+00   1.5080000e+00   1.7200000e+00
   3.6620000e+00   3.5580000e+00   3.5950000e+00   3.5380000e+00   1.2020000e+00   1.5420000e+00
   3.5720000e+00   3.4980000e+00   3.5230000e+00   3.4710000e+00   1.0030000e+00   1.3970000e+00
   3.4740000e+00   3.4190000e+00   3.4360000e+00   3.4010000e+00   1.1090000e+00   1.3030000e+00
   3.3950000e+00   3.3210000e+00   3.3380000e+00   3.3070000e+00   1.2640000e+00   1.3680000e+00
   3.3200000e+00   3.2340000e+00   3.2510000e+00   3.2100000e+00   1.4240000e+00   1.5690000e+00
   3.2380000e+00   3.1510000e+00   3.1720000e+00   3.1280000e+00   1.5680000e+00   1.7290000e+00
   3.1360000e+00   3.0510000e+00   3.0770000e+00   3.0380000e+00   1.6740000e+00   1.8370000e+00
   3.0230000e+00   2.9340000e+00   2.9630000e+00   2.9270000e+00   1.7550000e+00   1.9350000e+00
   2.9210000e+00   2.8260000e+00   2.8520000e+00   2.8130000e+00   1.8330000e+00   2.0190000e+00
   2.8580000e+00   2.7480000e+00   2.7730000e+00   2.7250000e+00   1.9220000e+00   2.0920000e+00
   2.8070000e+00   2.6890000e+00   2.7140000e+00   2.6580000e+00   2.0230000e+00   2.1560000e+00
   2.7500000e+00   2.6320000e+00   2.6620000e+00   2.6040000e+00   2.1260000e+00   2.2160000e+00
   2.6800000e+00   2.5650000e+00   2.6050000e+00   2.5520000e+00   2.2330000e+00   2.3010000e+00
   2.6220000e+00   2.5130000e+00   2.5580000e+00   2.5120000e+00   2.2980000e+00   2.3590000e+00
   2.5730000e+00   2.4650000e+00   2.5150000e+00   2.4740000e+00   2.3390000e+00   2.4050000e+00
   2.5500000e+00   2.4350000e+00   2.4890000e+00   2.4480000e+00   2.3790000e+00   2.4570000e+00
   2.5980000e+00   2.4780000e+00   2.5220000e+00   2.4700000e+00   2.3980000e+00   2.4930000e+00
   2.7000000e+00   2.6020000e+00   2.6220000e+00   2.5590000e+00   2.4140000e+00   2.5160000e+00
   2.8300000e+00   2.7890000e+00   2.7690000e+00   2.7110000e+00   2.4260000e+00   2.5220000e+00
   2.9670000e+00   2.9750000e+00   2.9530000e+00   2.9230000e+00   2.4420000e+00   2.5140000e+00
   3.0280000e+00   3.0480000e+00   3.0580000e+00   3.0620000e+00   2.4600000e+00   2.4940000e+00
   3.0580000e+00   3.0570000e+00   3.0890000e+00   3.1090000e+00   2.4730000e+00   2.4600000e+00
   3.1320000e+00   3.0960000e+00   3.1320000e+00   3.1470000e+00   2.4830000e+00   2.4270000e+00
   3.2210000e+00   3.1570000e+00   3.2050000e+00   3.2030000e+00   2.4750000e+00   2.4030000e+00
   3.2830000e+00   3.2110000e+00   3.2740000e+00   3.2620000e+00   2.4570000e+00   2.3920000e+00
   3.3340000e+00   3.2720000e+00   3.3240000e+00   3.3080000e+00   2.4460000e+00   2.4010000e+00
   3.4340000e+00   3.3890000e+00   3.4210000e+00   3.4040000e+00   2.4140000e+00   2.4000000e+00
   3.5240000e+00   3.4970000e+00   3.5200000e+00   3.5080000e+00   2.3800000e+00   2.4120000e+00
   3.5660000e+00   3.5460000e+00   3.5680000e+00   3.5630000e+00   2.3290000e+00   2.4210000e+00
   3.5690000e+00   3.5450000e+00   3.5550000e+00   3.5480000e+00   2.2580000e+00   2.4080000e+00
   3.5820000e+00   3.5510000e+00   3.5390000e+00   3.5130000e+00   2.1710000e+00   2.3760000e+00
   3.5610000e+00   3.5560000e+00   3.5140000e+00   3.4730000e+00   2.0730000e+00   2.3230000e+00
   3.4890000e+00   3.5330000e+00   3.4720000e+00   3.4420000e+00   1.9830000e+00   2.2680000e+00
   3.3560000e+00   3.4600000e+00   3.3890000e+00   3.3880000e+00   1.8610000e+00   2.0990000e+00
   3.0440000e+00   3.3340000e+00   3.2630000e+00   3.3210000e+00   1.6280000e+00   1.8310000e+00
   2.7120000e+00   3.0930000e+00   3.0710000e+00   3.2280000e+00   1.5050000e+00   1.6980000e+00
   2.5060000e+00   2.8340000e+00   2.8570000e+00   3.0640000e+00   1.4700000e+00   1.6460000e+00
   2.4530000e+00   2.6460000e+00   2.6990000e+00   2.8840000e+00   1.5280000e+00   1.7130000e+00
   2.4110000e+00   2.5300000e+00   2.5980000e+00   2.7460000e+00   1.5090000e+00   1.6910000e+00
   2.3180000e+00   2.3820000e+00   2.4770000e+00   2.6270000e+00   1.5110000e+00   1.6890000e+00
   2.1860000e+00   2.1860000e+00   2.3120000e+00   2.4720000e+00   1.5040000e+00   1.6760000e+00
   2.0230000e+00   1.9920000e+00   2.1290000e+00   2.2930000e+00   1.4880000e+00   1.6700000e+00
   1.8680000e+00   1.9080000e+00   1.9860000e+00   2.1360000e+00   1.4680000e+00   1.6490000e+00
   1.7730000e+00   1.9770000e+00   1.9300000e+00   2.0380000e+00   1.4330000e+00   1.6110000e+00
   1.8480000e+00   2.1660000e+00   1.9850000e+00   2.0470000e+00   1.3800000e+00   1.5590000e+00
   2.0760000e+00   2.4220000e+00   2.1290000e+00   2.1920000e+00   1.3020000e+00   1.4860000e+00
   2.3580000e+00   2.7060000e+00   2.3320000e+00   2.4330000e+00   1.2140000e+00   1.4140000e+00
   2.6360000e+00   2.9470000e+00   2.5540000e+00   2.6930000e+00   1.1340000e+00   1.3560000e+00
   2.8730000e+00   3.1370000e+00   2.7540000e+00   2.9050000e+00   1.0600000e+00   1.3010000e+00
   3.0750000e+00   3.3170000e+00   2.9470000e+00   3.0770000e+00   9.8700000e-01   1.2510000e+00
   3.2450000e+00   3.4640000e+00   3.1330000e+00   3.2260000e+00   9.0800000e-01   1.2030000e+00
   3.4070000e+00   3.5550000e+00   3.3040000e+00   3.3530000e+00   8.2500000e-01   1.1490000e+00
   3.5370000e+00   3.5780000e+00   3.4210000e+00   3.4330000e+00   7.4200000e-01   1.0700000e+00
   3.6270000e+00   3.5620000e+00   3.4770000e+00   3.4690000e+00   6.5600000e-01   9.6800000e-01
   3.6630000e+00   3.5120000e+00   3.4730000e+00   3.4540000e+00   5.9100000e-01   8.5700000e-01
   3.6650000e+00   3.4490000e+00   3.4350000e+00   3.4050000e+00   6.3400000e-01   7.4600000e-01
   3.6450000e+00   3.3790000e+00   3.3820000e+00   3.3430000e+00   7.4600000e-01   6.5000000e-01
   3.6010000e+00   3.2900000e+00   3.3070000e+00   3.2610000e+00   8.8100000e-01   6.4600000e-01
   3.5280000e+00   3.1740000e+00   3.2110000e+00   3.1610000e+00   1.0210000e+00   7.4900000e-01
   3.4350000e+00   3.0470000e+00   3.1010000e+00   3.0530000e+00   1.1730000e+00   8.7100000e-01
   3.3150000e+00   2.9050000e+00   2.9760000e+00   2.9350000e+00   1.3330000e+00   9.9500000e-01
   3.1730000e+00   2.7500000e+00   2.8360000e+00   2.8040000e+00   1.4860000e+00   1.1260000e+00
   3.0180000e+00   2.5980000e+00   2.6980000e+00   2.6710000e+00   1.6310000e+00   1.2770000e+00
   2.8410000e+00   2.4480000e+00   2.5540000e+00   2.5270000e+00   1.7530000e+00   1.4400000e+00
   2.6380000e+00   2.2950000e+00   2.3930000e+00   2.3610000e+00   1.8560000e+00   1.6030000e+00
   2.4610000e+00   2.1700000e+00   2.2480000e+00   2.1990000e+00   1.9700000e+00   1.7780000e+00
   2.3510000e+00   2.1010000e+00   2.1560000e+00   2.0780000e+00   2.1130000e+00   1.9450000e+00
   2.2790000e+00   2.0810000e+00   2.1150000e+00   2.0170000e+00   2.2840000e+00   2.1050000e+00
   2.2690000e+00   2.1020000e+00   2.1180000e+00   2.0290000e+00   2.4590000e+00   2.2760000e+00
   2.3130000e+00   2.1410000e+00   2.1560000e+00   2.0890000e+00   2.6390000e+00   2.4890000e+00
   2.3880000e+00   2.2280000e+00   2.2440000e+00   2.1570000e+00   2.7750000e+00   2.7300000e+00
   2.5280000e+00   2.3700000e+00   2.3790000e+00   2.2610000e+00   2.9240000e+00   3.1680000e+00
   2.7160000e+00   2.5570000e+00   2.5560000e+00   2.4390000e+00   3.4890000e+00   4.0490000e+00
   2.8960000e+00   2.7620000e+00   2.7390000e+00   2.6420000e+00   4.2040000e+00   4.5550000e+00
   3.0350000e+00   2.9640000e+00   2.8910000e+00   2.7960000e+00   4.4790000e+00   4.6520000e+00
   3.1460000e+00   3.0920000e+00   3.0170000e+00   2.9220000e+00   4.6510000e+00   4.7680000e+00
   3.3070000e+00   3.2110000e+00   3.1730000e+00   3.0680000e+00   5.0580000e+00   4.8610000e+00
   3.5040000e+00   3.3760000e+00   3.3660000e+00   3.2830000e+00   5.4840000e+00   4.9420000e+00
   3.7260000e+00   3.6130000e+00   3.5970000e+00   3.5170000e+00   5.5590000e+00   5.1390000e+00
   4.1160000e+00   3.8950000e+00   3.9120000e+00   3.7820000e+00   5.7620000e+00   5.3670000e+00
   4.5160000e+00   4.3770000e+00   4.3460000e+00   4.2380000e+00   5.9190000e+00   5.5720000e+00
   4.7100000e+00   4.6620000e+00   4.5480000e+00   4.4550000e+00   5.9940000e+00   5.7150000e+00
   5.0130000e+00   4.8290000e+00   4.8050000e+00   4.6570000e+00   6.1650000e+00   5.8300000e+00
   5.2440000e+00   5.1540000e+00   5.1420000e+00   5.0160000e+00   6.3020000e+00   5.9020000e+00
   5.2890000e+00   5.4330000e+00   5.3040000e+00   5.2910000e+00   6.3420000e+00   5.9420000e+00
   5.3170000e+00   5.3670000e+00   5.2640000e+00   5.2370000e+00   6.3470000e+00   5.9870000e+00
   5.5240000e+00   5.3930000e+00   5.3790000e+00   5.2830000e+00   6.3550000e+00   6.0850000e+00
   5.8270000e+00   5.6190000e+00   5.6400000e+00   5.4990000e+00   6.4230000e+00   6.2030000e+00
   6.1100000e+00   5.9230000e+00   5.9460000e+00   5.8080000e+00   6.5200000e+00   6.3080000e+00
   6.4280000e+00   6.2960000e+00   6.2890000e+00   6.1700000e+00   6.5690000e+00   6.4240000e+00
   6.5590000e+00   6.5100000e+00   6.4660000e+00   6.3890000e+00   6.6000000e+00   6.5730000e+00
   6.7680000e+00   6.6450000e+00   6.6610000e+00   6.5540000e+00   6.6730000e+00   6.7480000e+00
   7.0230000e+00   6.8680000e+00   6.9120000e+00   6.8320000e+00   6.8330000e+00   6.9480000e+00
   7.1530000e+00   7.0500000e+00   7.0820000e+00   7.0450000e+00   7.0420000e+00   7.1500000e+00
   7.1360000e+00   7.1210000e+00   7.1270000e+00   7.1530000e+00   7.2650000e+00   7.2510000e+00
   7.1390000e+00   7.1160000e+00   7.1300000e+00   7.1720000e+00   7.4330000e+00   7.1870000e+00
   7.1780000e+00   7.1050000e+00   7.1320000e+00   7.1570000e+00   7.4560000e+00   7.1320000e+00
   7.2060000e+00   7.1040000e+00   7.1340000e+00   7.1430000e+00   7.4020000e+00   7.1730000e+00
   7.2220000e+00   7.1200000e+00   7.1510000e+00   7.1610000e+00   7.3520000e+00   7.2890000e+00
   7.2380000e+00   7.1350000e+00   7.1800000e+00   7.1900000e+00   7.3300000e+00   7.4360000e+00
   7.2100000e+00   7.1260000e+00   7.1830000e+00   7.2060000e+00   7.3550000e+00   7.5400000e+00
   7.2400000e+00   7.1310000e+00   7.1950000e+00   7.2230000e+00   7.3910000e+00   7.5650000e+00
   7.3340000e+00   7.1890000e+00   7.2450000e+00   7.2640000e+00   7.4400000e+00   7.5890000e+00
   7.3830000e+00   7.2400000e+00   7.2850000e+00   7.2920000e+00   7.4750000e+00   7.6220000e+00
   7.3250000e+00   7.2450000e+00   7.2750000e+00   7.2900000e+00   7.4810000e+00   7.6770000e+00
   7.2410000e+00   7.1640000e+00   7.2150000e+00   7.2490000e+00   7.5140000e+00   7.8050000e+00
   7.1950000e+00   7.0780000e+00   7.1580000e+00   7.1940000e+00   7.5870000e+00   7.9550000e+00
   7.1760000e+00   7.0440000e+00   7.1410000e+00   7.1700000e+00   7.6240000e+00   8.0070000e+00
   7.1540000e+00   7.0330000e+00   7.1360000e+00   7.1580000e+00   7.5560000e+00   7.9660000e+00
   7.1440000e+00   7.0240000e+00   7.1470000e+00   7.1650000e+00   7.4210000e+00   7.9300000e+00
   7.1480000e+00   7.0380000e+00   7.1730000e+00   7.1850000e+00   7.3810000e+00   7.9270000e+00
   7.1520000e+00   7.0450000e+00   7.1850000e+00   7.1940000e+00   7.4300000e+00   7.9100000e+00
   7.1110000e+00   7.0080000e+00   7.1490000e+00   7.1650000e+00   7.4920000e+00   7.8570000e+00
   7.0720000e+00   6.9570000e+00   7.1100000e+00   7.1380000e+00   7.5010000e+00   7.7740000e+00
   7.0770000e+00   6.9360000e+00   7.0950000e+00   7.1410000e+00   7.4670000e+00   7.6660000e+00
   7.1070000e+00   6.9390000e+00   7.0860000e+00   7.1480000e+00   7.4400000e+00   7.5520000e+00
   7.1610000e+00   6.9490000e+00   7.0790000e+00   7.1380000e+00   7.3820000e+00   7.4120000e+00
   7.2390000e+00   6.9990000e+00   7.1110000e+00   7.1430000e+00   7.2320000e+00   7.2530000e+00
   7.3090000e+00   7.0730000e+00   7.1700000e+00   7.1750000e+00   7.0390000e+00   7.0820000e+00
   7.3410000e+00   7.1220000e+00   7.2030000e+00   7.1870000e+00   6.8470000e+00   6.8860000e+00
   7.3750000e+00   7.1610000e+00   7.2290000e+00   7.1950000e+00   6.6570000e+00   6.7080000e+00
   7.4230000e+00   7.2220000e+00   7.2860000e+00   7.2490000e+00   6.5090000e+00   6.5750000e+00
   7.4480000e+00   7.2930000e+00   7.3520000e+00   7.3340000e+00   6.3500000e+00   6.4610000e+00
   7.3990000e+00   7.3370000e+00   7.3770000e+00   7.3910000e+00   6.1620000e+00   6.3500000e+00
   7.2670000e+00   7.3190000e+00   7.3280000e+00   7.3680000e+00   5.9090000e+00   6.1620000e+00
   7.1500000e+00   7.2740000e+00   7.2790000e+00   7.3270000e+00   5.6090000e+00   5.8800000e+00
   6.8190000e+00   7.2620000e+00   7.1380000e+00   7.2230000e+00   5.2010000e+00   5.4000000e+00
   6.5960000e+00   6.9450000e+00   6.9090000e+00   7.0260000e+00   4.7610000e+00   5.2250000e+00
   6.6110000e+00   6.8830000e+00   6.8640000e+00   6.9160000e+00   4.5580000e+00   5.0670000e+00
   6.2710000e+00   6.8690000e+00   6.6690000e+00   6.7230000e+00   3.9090000e+00   4.4750000e+00
   5.9870000e+00   6.5230000e+00   6.3850000e+00   6.4690000e+00   3.3950000e+00   3.9660000e+00
   5.7900000e+00   6.4550000e+00   6.1570000e+00   6.1000000e+00   3.1400000e+00   3.7340000e+00
   5.3920000e+00   5.9610000e+00   5.7850000e+00   5.7890000e+00   3.1710000e+00   4.0190000e+00
   5.4030000e+00   5.7940000e+00   5.6870000e+00   5.6520000e+00   3.5120000e+00   4.2610000e+00
   5.5440000e+00   5.8180000e+00   5.7450000e+00   5.7010000e+00   3.5360000e+00   4.2060000e+00
   5.5400000e+00   5.8770000e+00   5.7340000e+00   5.6880000e+00   3.6360000e+00   4.1360000e+00
   5.5780000e+00   5.8160000e+00   5.6930000e+00   5.6150000e+00   3.8970000e+00   4.2220000e+00
   5.7460000e+00   5.8670000e+00   5.7890000e+00   5.6900000e+00   3.9710000e+00   4.3030000e+00
   5.8420000e+00   5.9850000e+00   5.9110000e+00   5.8400000e+00   3.9940000e+00   4.2570000e+00
   5.8260000e+00   6.0270000e+00   5.9680000e+00   5.9410000e+00   4.0440000e+00   4.1990000e+00
   5.7910000e+00   6.0520000e+00   6.0030000e+00   5.9720000e+00   4.0890000e+00   4.2010000e+00
   5.7910000e+00   6.1070000e+00   6.0490000e+00   5.9760000e+00   4.0740000e+00   4.2090000e+00
   5.8300000e+00   6.1970000e+00   6.1130000e+00   5.9820000e+00   4.0420000e+00   4.1800000e+00
   5.8840000e+00   6.3020000e+00   6.1830000e+00   6.0080000e+00   4.0380000e+00   4.1330000e+00
   5.9230000e+00   6.3780000e+00   6.2230000e+00   6.0230000e+00   4.0390000e+00   4.1220000e+00
   5.9260000e+00   6.3930000e+00   6.2070000e+00   5.9790000e+00   4.0110000e+00   4.1010000e+00
   5.9360000e+00   6.3850000e+00   6.1700000e+00   5.9070000e+00   4.0140000e+00   4.0840000e+00
   5.9730000e+00   6.3680000e+00   6.1150000e+00   5.8140000e+00   4.0330000e+00   4.0540000e+00
   5.9950000e+00   6.3110000e+00   6.0440000e+00   5.7220000e+00   4.0390000e+00   4.0490000e+00
   6.0020000e+00   6.2460000e+00   6.0000000e+00   5.6880000e+00   3.9920000e+00   4.0710000e+00
   6.0190000e+00   6.2270000e+00   6.0000000e+00   5.7090000e+00   3.9560000e+00   4.1280000e+00
   6.0270000e+00   6.2370000e+00   6.0300000e+00   5.7690000e+00   3.9660000e+00   4.2000000e+00
   6.0310000e+00   6.2580000e+00   6.0670000e+00   5.8510000e+00   3.9980000e+00   4.2460000e+00
   6.0350000e+00   6.2620000e+00   6.0860000e+00   5.9140000e+00   4.0160000e+00   4.2540000e+00
   6.0330000e+00   6.2660000e+00   6.1070000e+00   5.9510000e+00   4.0430000e+00   4.2430000e+00
   6.0420000e+00   6.2980000e+00   6.1410000e+00   5.9700000e+00   4.0710000e+00   4.2620000e+00
   6.0370000e+00   6.3500000e+00   6.1780000e+00   5.9720000e+00   4.0370000e+00   4.2960000e+00
   5.9900000e+00   6.4110000e+00   6.2220000e+00   5.9950000e+00   3.9850000e+00   4.3160000e+00
   5.9620000e+00   6.5010000e+00   6.2920000e+00   6.0490000e+00   4.0250000e+00   4.3630000e+00
   6.0460000e+00   6.5870000e+00   6.3500000e+00   6.1110000e+00   4.2220000e+00   4.4350000e+00
   6.2510000e+00   6.5950000e+00   6.3630000e+00   6.1810000e+00   4.3480000e+00   4.5030000e+00
   6.4110000e+00   6.5020000e+00   6.3320000e+00   6.2800000e+00   4.4610000e+00   4.5590000e+00
   6.4330000e+00   6.3530000e+00   6.2860000e+00   6.4120000e+00   4.5780000e+00   4.5590000e+00
   6.3510000e+00   6.2450000e+00   6.2210000e+00   6.4900000e+00   4.6310000e+00   4.4690000e+00
   6.1520000e+00   6.1690000e+00   6.1510000e+00   6.5390000e+00   4.5150000e+00   4.2560000e+00
   5.9510000e+00   6.3030000e+00   6.2420000e+00   6.5940000e+00   4.5430000e+00   4.2230000e+00
   5.9620000e+00   6.5720000e+00   6.3650000e+00   6.5340000e+00   4.5540000e+00   4.1770000e+00
   6.2430000e+00   6.6780000e+00   6.4380000e+00   6.4460000e+00   4.6620000e+00   4.3150000e+00
   6.5270000e+00   6.6000000e+00   6.4330000e+00   6.3860000e+00   4.7070000e+00   4.6890000e+00
   6.5580000e+00   6.4770000e+00   6.3620000e+00   6.4880000e+00   4.6310000e+00   4.6270000e+00
   6.4210000e+00   6.5100000e+00   6.4870000e+00   6.7020000e+00   4.7900000e+00   4.8230000e+00
   6.6100000e+00   6.6610000e+00   6.6280000e+00   6.7470000e+00   5.0000000e+00   5.0540000e+00
   6.6610000e+00   6.7380000e+00   6.7090000e+00   6.8230000e+00   5.1900000e+00   5.4050000e+00
   6.7790000e+00   6.8520000e+00   6.8360000e+00   6.9580000e+00   5.3670000e+00   5.6730000e+00
   6.9090000e+00   6.9740000e+00   6.9500000e+00   7.0150000e+00   5.6470000e+00   5.8930000e+00
   6.9430000e+00   7.0600000e+00   7.0250000e+00   7.0910000e+00   5.9280000e+00   6.2130000e+00
   7.0020000e+00   7.0720000e+00   7.0350000e+00   7.0600000e+00   6.2590000e+00   6.5110000e+00
   7.0120000e+00   7.0030000e+00   7.0070000e+00   7.0010000e+00   6.7410000e+00   6.3960000e+00
   6.9810000e+00   6.9820000e+00   7.0260000e+00   7.0220000e+00   7.1550000e+00   6.2700000e+00
   7.0130000e+00   7.0080000e+00   7.1120000e+00   7.1460000e+00   6.9010000e+00   6.5370000e+00
   7.1610000e+00   7.1110000e+00   7.2730000e+00   7.3310000e+00   6.7130000e+00   6.7900000e+00
   7.2750000e+00   7.2680000e+00   7.3730000e+00   7.4600000e+00   7.0070000e+00   6.8260000e+00
   7.3740000e+00   7.3490000e+00   7.4770000e+00   7.5530000e+00   7.2380000e+00   6.8500000e+00
   7.4720000e+00   7.4590000e+00   7.5830000e+00   7.6590000e+00   7.2560000e+00   6.8710000e+00
   7.5540000e+00   7.5390000e+00   7.6650000e+00   7.7440000e+00   7.2080000e+00   6.9320000e+00
   7.6130000e+00   7.5890000e+00   7.7400000e+00   7.8390000e+00   7.1390000e+00   7.0080000e+00
   7.8950000e+00   7.9110000e+00   7.9810000e+00   8.0850000e+00   7.0890000e+00   7.0950000e+00
   7.7890000e+00   7.8280000e+00   7.8740000e+00   7.9520000e+00   7.0670000e+00   7.1660000e+00
   7.7590000e+00   7.7860000e+00   7.8350000e+00   7.8960000e+00   7.1070000e+00   7.1960000e+00
   7.7680000e+00   7.7890000e+00   7.8340000e+00   7.8850000e+00   7.1690000e+00   7.2160000e+00
   7.7810000e+00   7.7960000e+00   7.8450000e+00   7.8810000e+00   7.1710000e+00   7.2370000e+00
   7.7710000e+00   7.7850000e+00   7.8460000e+00   7.8740000e+00   7.2200000e+00   7.2390000e+00
   7.7060000e+00   7.7220000e+00   7.8120000e+00   7.8520000e+00   7.2430000e+00   7.2510000e+00
   7.6080000e+00   7.5900000e+00   7.7240000e+00   7.7790000e+00   7.1990000e+00   7.1890000e+00
   7.5100000e+00   7.4490000e+00   7.6030000e+00   7.6550000e+00   7.1380000e+00   7.1190000e+00
   7.4410000e+00   7.3230000e+00   7.4970000e+00   7.5260000e+00   7.0390000e+00   7.0520000e+00
   7.4080000e+00   7.2490000e+00   7.4410000e+00   7.4460000e+00   6.9340000e+00   7.0150000e+00
   7.3870000e+00   7.2250000e+00   7.4280000e+00   7.4310000e+00   6.7790000e+00   7.0070000e+00
   7.3240000e+00   7.1350000e+00   7.3740000e+00   7.3860000e+00   6.6130000e+00   6.9410000e+00
   7.2840000e+00   7.0520000e+00   7.3280000e+00   7.3480000e+00   6.4620000e+00   6.8620000e+00
   7.2860000e+00   6.9940000e+00   7.3000000e+00   7.3150000e+00   6.3390000e+00   6.8120000e+00
   7.3260000e+00   6.9850000e+00   7.2930000e+00   7.2880000e+00   6.2230000e+00   6.7680000e+00
   7.3760000e+00   7.0000000e+00   7.2990000e+00   7.2740000e+00   6.2110000e+00   6.6870000e+00
   7.3900000e+00   7.0200000e+00   7.3000000e+00   7.2520000e+00   6.2490000e+00   6.6120000e+00
   7.3660000e+00   7.0450000e+00   7.2890000e+00   7.2450000e+00   6.2800000e+00   6.5110000e+00
   7.3480000e+00   7.0650000e+00   7.2850000e+00   7.2410000e+00   6.2470000e+00   6.3360000e+00
   7.3430000e+00   7.1150000e+00   7.2960000e+00   7.2450000e+00   6.1730000e+00   6.1990000e+00
   7.2940000e+00   7.1870000e+00   7.3110000e+00   7.2710000e+00   6.1010000e+00   6.1030000e+00
   7.0780000e+00   7.1460000e+00   7.2420000e+00   7.2400000e+00   5.9830000e+00   6.0640000e+00
   6.8800000e+00   6.9110000e+00   6.9970000e+00   7.1410000e+00   5.7190000e+00   6.0350000e+00
   6.8780000e+00   6.6870000e+00   6.9120000e+00   6.9760000e+00   5.4080000e+00   5.9890000e+00
   6.9470000e+00   6.6950000e+00   6.9040000e+00   6.8730000e+00   5.1340000e+00   5.9690000e+00
   7.0470000e+00   6.7820000e+00   6.9920000e+00   6.9520000e+00   4.8170000e+00   5.8810000e+00
   7.1720000e+00   6.8540000e+00   7.0610000e+00   6.9950000e+00   4.5930000e+00   5.7170000e+00
   7.2770000e+00   6.9480000e+00   7.1820000e+00   7.1280000e+00   4.3960000e+00   5.4460000e+00
   7.2920000e+00   7.0020000e+00   7.2040000e+00   7.1380000e+00   4.1560000e+00   5.0220000e+00
   7.2650000e+00   6.9710000e+00   7.1870000e+00   7.1260000e+00   3.9750000e+00   4.6950000e+00
   7.2640000e+00   6.9950000e+00   7.1950000e+00   7.1450000e+00   3.8970000e+00   4.5840000e+00
   7.2140000e+00   6.9820000e+00   7.1540000e+00   7.1070000e+00   3.9890000e+00   4.6200000e+00
   7.0670000e+00   6.9050000e+00   7.0290000e+00   6.9850000e+00   4.2440000e+00   4.7080000e+00
   6.8150000e+00   6.7230000e+00   6.8020000e+00   6.7630000e+00   4.4000000e+00   4.6880000e+00
   6.5020000e+00   6.4900000e+00   6.5190000e+00   6.4900000e+00   4.3010000e+00   4.4730000e+00
   6.1880000e+00   6.1800000e+00   6.2220000e+00   6.1930000e+00   4.0980000e+00   4.1220000e+00
   5.9340000e+00   5.8980000e+00   5.9670000e+00   5.9440000e+00   3.8490000e+00   3.8140000e+00
   5.5210000e+00   5.5950000e+00   5.5750000e+00   5.5440000e+00   3.5490000e+00   3.4440000e+00
   5.0180000e+00   5.1450000e+00   5.0870000e+00   5.0290000e+00   3.0030000e+00   2.8770000e+00
   4.7020000e+00   4.7790000e+00   4.7550000e+00   4.6760000e+00   2.6480000e+00   2.5630000e+00
   4.4500000e+00   4.4890000e+00   4.4520000e+00   4.3640000e+00   2.4990000e+00   2.4360000e+00
   4.2720000e+00   4.2340000e+00   4.2390000e+00   4.1620000e+00   2.4510000e+00   2.5350000e+00
   4.1820000e+00   4.0630000e+00   4.1380000e+00   4.0850000e+00   2.5760000e+00   2.6110000e+00
   4.2970000e+00   4.1180000e+00   4.2640000e+00   4.2260000e+00   2.7660000e+00   2.5790000e+00
   4.3900000e+00   4.2950000e+00   4.3730000e+00   4.3400000e+00   2.7580000e+00   2.5770000e+00
   4.3930000e+00   4.3440000e+00   4.3510000e+00   4.3240000e+00   2.7370000e+00   2.7170000e+00
   4.3900000e+00   4.3090000e+00   4.3180000e+00   4.2920000e+00   2.8080000e+00   2.9040000e+00
   4.3780000e+00   4.2690000e+00   4.3010000e+00   4.2840000e+00   2.9770000e+00   3.0110000e+00
   4.3990000e+00   4.2410000e+00   4.3080000e+00   4.3150000e+00   3.0240000e+00   3.0920000e+00
   4.4540000e+00   4.2330000e+00   4.3360000e+00   4.3960000e+00   3.0600000e+00   3.2010000e+00
   4.4770000e+00   4.2430000e+00   4.3530000e+00   4.4850000e+00   3.1880000e+00   3.3230000e+00
   4.4520000e+00   4.2060000e+00   4.3230000e+00   4.5310000e+00   3.3200000e+00   3.3790000e+00
   4.4160000e+00   4.1390000e+00   4.2790000e+00   4.5740000e+00   3.4330000e+00   3.3980000e+00
   4.4270000e+00   4.1170000e+00   4.2950000e+00   4.6870000e+00   3.6570000e+00   3.5000000e+00
   4.4660000e+00   4.1730000e+00   4.3650000e+00   4.8210000e+00   3.9510000e+00   3.7540000e+00
   4.5550000e+00   4.3460000e+00   4.4940000e+00   4.9540000e+00   4.1540000e+00   4.2160000e+00
   4.6250000e+00   4.5120000e+00   4.6040000e+00   5.0460000e+00   4.1660000e+00   4.6730000e+00
   4.6980000e+00   4.6620000e+00   4.7110000e+00   5.1030000e+00   4.0720000e+00   4.9450000e+00
   4.7520000e+00   4.8100000e+00   4.8130000e+00   5.1230000e+00   4.2060000e+00   5.1260000e+00
   4.7600000e+00   4.9670000e+00   4.8910000e+00   5.0400000e+00   4.9740000e+00   5.2430000e+00
   4.7570000e+00   5.0110000e+00   4.8860000e+00   4.9000000e+00   5.4770000e+00   5.3610000e+00
   4.7740000e+00   4.9960000e+00   4.9400000e+00   5.0380000e+00   5.5820000e+00   5.4270000e+00
   4.8680000e+00   5.2230000e+00   5.1880000e+00   5.5160000e+00   5.5850000e+00   5.4540000e+00
   5.0550000e+00   5.6860000e+00   5.5460000e+00   5.9940000e+00   5.5850000e+00   5.4950000e+00
   5.2660000e+00   6.1050000e+00   5.8430000e+00   6.2720000e+00   5.6090000e+00   5.5470000e+00
   5.4660000e+00   6.3950000e+00   6.0620000e+00   6.4170000e+00   5.6370000e+00   5.5820000e+00
   5.6180000e+00   6.5820000e+00   6.2380000e+00   6.4890000e+00   5.6940000e+00   5.6040000e+00
   5.8390000e+00   6.7210000e+00   6.3940000e+00   6.5270000e+00   5.7640000e+00   5.6600000e+00
   6.1050000e+00   6.7860000e+00   6.5170000e+00   6.5710000e+00   5.7650000e+00   5.7060000e+00
   6.3340000e+00   6.8260000e+00   6.6060000e+00   6.6290000e+00   5.7630000e+00   5.7060000e+00
   6.4780000e+00   6.8800000e+00   6.6840000e+00   6.7340000e+00   5.7830000e+00   5.6890000e+00
   6.6050000e+00   6.9690000e+00   6.7840000e+00   6.8580000e+00   5.7520000e+00   5.6650000e+00
   6.6910000e+00   7.0370000e+00   6.8420000e+00   6.9310000e+00   5.6280000e+00   5.5160000e+00
   6.7050000e+00   7.1090000e+00   6.9300000e+00   7.0660000e+00   5.4260000e+00   5.2980000e+00
   6.8540000e+00   7.2820000e+00   7.1140000e+00   7.2720000e+00   5.2970000e+00   5.2520000e+00
   6.9790000e+00   7.4390000e+00   7.2300000e+00   7.3860000e+00   5.3620000e+00   5.3410000e+00
   7.0290000e+00   7.4910000e+00   7.2360000e+00   7.3700000e+00   5.6610000e+00   5.5860000e+00
   6.9530000e+00   7.5140000e+00   7.3240000e+00   7.4910000e+00   5.8240000e+00   5.4640000e+00
   7.1180000e+00   7.7010000e+00   7.5320000e+00   7.7080000e+00   5.9650000e+00   5.5470000e+00
   7.4410000e+00   7.8590000e+00   7.6940000e+00   7.7890000e+00   5.5660000e+00   6.7330000e+00
   7.6290000e+00   8.1150000e+00   7.9240000e+00   8.0450000e+00   6.4610000e+00   7.1850000e+00
   7.7730000e+00   8.2350000e+00   8.0530000e+00   8.1850000e+00   7.5210000e+00   7.3510000e+00
   7.9680000e+00   8.3150000e+00   8.1430000e+00   8.2110000e+00   7.3620000e+00   7.5150000e+00
   8.0620000e+00   8.3600000e+00   8.2230000e+00   8.3040000e+00   7.3870000e+00   7.5650000e+00
   8.1010000e+00   8.4120000e+00   8.2730000e+00   8.3600000e+00   7.4760000e+00   7.5800000e+00
   8.1050000e+00   8.4150000e+00   8.2710000e+00   8.3530000e+00   7.5020000e+00   7.6320000e+00
   8.0680000e+00   8.3690000e+00   8.2490000e+00   8.3460000e+00   7.4240000e+00   7.6000000e+00
   8.0790000e+00   8.3690000e+00   8.2780000e+00   8.3920000e+00   7.3890000e+00   7.4800000e+00
   8.1270000e+00   8.4340000e+00   8.3310000e+00   8.4520000e+00   7.2340000e+00   7.3300000e+00
   8.1740000e+00   8.4760000e+00   8.3720000e+00   8.4860000e+00   7.1840000e+00   7.2200000e+00
   8.2070000e+00   8.4840000e+00   8.3920000e+00   8.4860000e+00   7.0880000e+00   7.1670000e+00
   8.2300000e+00   8.4800000e+00   8.3920000e+00   8.4690000e+00   6.9770000e+00   7.1300000e+00
   8.2710000e+00   8.5060000e+00   8.4340000e+00   8.5150000e+00   6.9830000e+00   7.1080000e+00
   8.3190000e+00   8.5470000e+00   8.4690000e+00   8.5470000e+00   7.0690000e+00   7.1040000e+00
   8.3580000e+00   8.6020000e+00   8.5060000e+00   8.5830000e+00   7.1060000e+00   7.1020000e+00
   8.3430000e+00   8.6030000e+00   8.4970000e+00   8.5790000e+00   7.0050000e+00   7.0320000e+00
   8.3010000e+00   8.5700000e+00   8.4470000e+00   8.5230000e+00   6.9220000e+00   7.0360000e+00
   8.2480000e+00   8.5040000e+00   8.3890000e+00   8.4640000e+00   6.9070000e+00   7.1140000e+00
   8.2190000e+00   8.4740000e+00   8.3840000e+00   8.4620000e+00   6.9080000e+00   7.1540000e+00
   8.2200000e+00   8.4780000e+00   8.4130000e+00   8.5030000e+00   6.9360000e+00   7.2190000e+00
   8.2200000e+00   8.4850000e+00   8.4350000e+00   8.5400000e+00   6.9530000e+00   7.2350000e+00
   8.2530000e+00   8.5390000e+00   8.4930000e+00   8.6170000e+00   6.9750000e+00   7.1870000e+00
   8.2410000e+00   8.5510000e+00   8.4910000e+00   8.6230000e+00   6.9920000e+00   7.1300000e+00
   8.2310000e+00   8.5780000e+00   8.4930000e+00   8.6320000e+00   6.9530000e+00   7.0810000e+00
