   2.9590000e+00   3.0520000e+00   2.9900000e+00   3.0070000e+00   2.8050000e+00   2.7120000e+00
   3.0870000e+00   3.1270000e+00   3.0690000e+00   3.0670000e+00   2.8770000e+00   2.8290000e+00
   3.2480000e+00   3.2310000e+00   3.1610000e+00   3.1200000e+00   2.9510000e+00   2.8460000e+00
   3.3890000e+00   3.3720000e+00   3.2940000e+00   3.2400000e+00   2.9440000e+00   2.8380000e+00
   3.6620000e+00   3.6350000e+00   3.5520000e+00   3.4730000e+00   3.0350000e+00   2.9060000e+00
   3.7730000e+00   3.7870000e+00   3.7140000e+00   3.6580000e+00   3.0330000e+00   2.7660000e+00
   3.7790000e+00   3.7850000e+00   3.7270000e+00   3.6690000e+00   3.3370000e+00   2.9320000e+00
   3.8080000e+00   3.7910000e+00   3.7490000e+00   3.6840000e+00   3.5690000e+00   3.1270000e+00
   3.8300000e+00   3.8380000e+00   3.7670000e+00   3.7020000e+00   3.7750000e+00   3.4420000e+00
   3.8230000e+00   3.8870000e+00   3.7830000e+00   3.7320000e+00   3.8690000e+00   3.9070000e+00
   3.8010000e+00   3.8380000e+00   3.7770000e+00   3.7310000e+00   3.8130000e+00   4.0550000e+00
   3.7780000e+00   3.7530000e+00   3.7550000e+00   3.7010000e+00   3.7050000e+00   3.8530000e+00
   3.7000000e+00   3.5540000e+00   3.6230000e+00   3.5450000e+00   3.6820000e+00   3.4960000e+00
   3.6660000e+00   3.6080000e+00   3.6120000e+00   3.5440000e+00   3.7750000e+00   3.5370000e+00
   3.8560000e+00   3.8110000e+00   3.7480000e+00   3.6460000e+00   3.7660000e+00   3.4470000e+00
   3.9640000e+00   3.9180000e+00   3.8690000e+00   3.7810000e+00   3.4880000e+00   3.0600000e+00
   3.9680000e+00   3.9490000e+00   3.9250000e+00   3.8740000e+00   3.4780000e+00   2.8200000e+00
   3.8460000e+00   3.9010000e+00   3.8520000e+00   3.8480000e+00   3.4130000e+00   2.7310000e+00
   3.8240000e+00   4.0930000e+00   3.9710000e+00   4.0150000e+00   3.0410000e+00   2.7080000e+00
   4.0390000e+00   4.2710000e+00   4.1960000e+00   4.2960000e+00   3.0070000e+00   2.6070000e+00
   4.2110000e+00   4.3210000e+00   4.3200000e+00   4.4100000e+00   2.8950000e+00   2.6110000e+00
   4.4270000e+00   4.5660000e+00   4.5370000e+00   4.6680000e+00   2.5940000e+00   2.5200000e+00
   4.4450000e+00   4.6280000e+00   4.4950000e+00   4.5970000e+00   2.5280000e+00   2.5720000e+00
   4.2080000e+00   4.5590000e+00   4.3550000e+00   4.4580000e+00   2.5470000e+00   2.4460000e+00
   3.9120000e+00   4.2390000e+00   4.0720000e+00   4.2070000e+00   2.5300000e+00   2.6810000e+00
   3.7150000e+00   3.8450000e+00   3.7870000e+00   3.8660000e+00   2.7760000e+00   2.4360000e+00
   3.6370000e+00   3.7330000e+00   3.6620000e+00   3.6990000e+00   2.7100000e+00   2.5160000e+00
   3.7150000e+00   3.8320000e+00   3.6960000e+00   3.7180000e+00   2.6150000e+00   2.3880000e+00
   3.6310000e+00   3.8410000e+00   3.5720000e+00   3.5490000e+00   2.7460000e+00   2.3750000e+00
   3.8690000e+00   4.0360000e+00   3.7830000e+00   3.7650000e+00   2.8540000e+00   2.4540000e+00
   3.6600000e+00   4.1330000e+00   3.8010000e+00   3.8420000e+00   2.8960000e+00   2.4610000e+00
   3.2790000e+00   3.6240000e+00   3.4460000e+00   3.5600000e+00   2.9520000e+00   2.5220000e+00
   3.0700000e+00   3.4780000e+00   3.2300000e+00   3.1530000e+00   2.7590000e+00   2.4290000e+00
   2.7570000e+00   3.5760000e+00   3.3550000e+00   3.3700000e+00   2.7090000e+00   2.5040000e+00
   2.4610000e+00   3.3450000e+00   3.3220000e+00   3.5040000e+00   2.8130000e+00   2.6490000e+00
   2.7290000e+00   3.8100000e+00   3.5980000e+00   3.9020000e+00   2.7460000e+00   2.8380000e+00
   3.0760000e+00   4.1520000e+00   3.5330000e+00   3.9660000e+00   2.6810000e+00   2.9880000e+00
   3.6470000e+00   4.7040000e+00   3.8730000e+00   4.2620000e+00   2.5160000e+00   2.9850000e+00
   3.9500000e+00   4.5440000e+00   4.2850000e+00   4.4560000e+00   2.3950000e+00   2.9760000e+00
   3.7900000e+00   4.0940000e+00   3.9650000e+00   4.0300000e+00   2.4650000e+00   2.8370000e+00
   4.1340000e+00   3.8960000e+00   3.6400000e+00   3.7570000e+00   2.4840000e+00   2.6120000e+00
   4.3990000e+00   3.6670000e+00   3.1050000e+00   2.9000000e+00   2.3630000e+00   2.5620000e+00
   4.7000000e+00   4.1430000e+00   3.5470000e+00   3.1060000e+00   2.3340000e+00   2.6590000e+00
   3.9950000e+00   3.2840000e+00   3.1250000e+00   2.2810000e+00   2.3910000e+00   2.6740000e+00
   3.4200000e+00   3.2040000e+00   2.9740000e+00   2.6730000e+00   2.4760000e+00   2.6090000e+00
   2.9430000e+00   1.7520000e+00   2.6290000e+00   2.5470000e+00   2.6510000e+00   2.6540000e+00
   1.8550000e+00   1.6790000e+00   1.3310000e+00   1.9270000e+00   2.5700000e+00   2.7150000e+00
   3.1970000e+00   1.0980000e+00   1.2460000e+00   9.5400000e-01   2.3850000e+00   2.3300000e+00
   5.6900000e-01   1.8690000e+00   1.1160000e+00   1.1430000e+00   2.4430000e+00   1.9280000e+00
   9.9000000e-01   1.7810000e+00   1.3490000e+00   1.4170000e+00   2.4420000e+00   1.9360000e+00
   1.5710000e+00   1.9910000e+00   1.6510000e+00   1.6890000e+00   3.4380000e+00   2.1310000e+00
   1.8560000e+00   2.1500000e+00   1.9380000e+00   2.2070000e+00   3.5880000e+00   2.4390000e+00
   2.2470000e+00   2.4850000e+00   2.1620000e+00   2.2330000e+00   3.4740000e+00   2.8460000e+00
   2.2780000e+00   2.6030000e+00   2.2260000e+00   2.2670000e+00   3.3090000e+00   2.6030000e+00
   2.6060000e+00   2.7820000e+00   2.4380000e+00   2.3710000e+00   3.0270000e+00   2.6850000e+00
   2.8810000e+00   2.8470000e+00   2.5390000e+00   2.4040000e+00   2.9360000e+00   2.9720000e+00
   2.9460000e+00   2.8630000e+00   2.6480000e+00   2.5830000e+00   2.6360000e+00   2.9810000e+00
   2.8360000e+00   2.8960000e+00   2.9280000e+00   3.0810000e+00   2.6770000e+00   3.1120000e+00
   2.4310000e+00   2.9580000e+00   3.1780000e+00   3.4820000e+00   2.5000000e+00   3.2200000e+00
   2.5490000e+00   3.3180000e+00   3.1280000e+00   3.6040000e+00   2.2110000e+00   3.0700000e+00
   2.7470000e+00   3.5880000e+00   2.9870000e+00   3.3460000e+00   2.2700000e+00   2.9630000e+00
   3.7800000e+00   3.6280000e+00   3.4440000e+00   3.5620000e+00   2.3510000e+00   3.0370000e+00
   4.0920000e+00   3.7260000e+00   3.8050000e+00   3.7200000e+00   2.5240000e+00   2.9740000e+00
   4.8110000e+00   4.4270000e+00   4.6570000e+00   4.6040000e+00   2.7800000e+00   2.4330000e+00
   4.7980000e+00   5.0100000e+00   4.8250000e+00   4.9970000e+00   2.7910000e+00   2.4050000e+00
   4.9990000e+00   5.0770000e+00   4.9180000e+00   4.8870000e+00   2.6540000e+00   3.1660000e+00
   4.9890000e+00   5.1270000e+00   4.9640000e+00   4.9300000e+00   2.7550000e+00   4.1490000e+00
   5.2100000e+00   5.4240000e+00   5.2000000e+00   5.2170000e+00   2.6420000e+00   4.6020000e+00
   5.0520000e+00   5.3510000e+00   5.0780000e+00   5.0910000e+00   2.7500000e+00   4.6910000e+00
   4.9660000e+00   5.2080000e+00   5.0430000e+00   5.0640000e+00   3.9040000e+00   4.8710000e+00
   5.1150000e+00   5.2480000e+00   5.1580000e+00   5.1650000e+00   4.7950000e+00   4.9550000e+00
   5.2540000e+00   5.3710000e+00   5.2290000e+00   5.1930000e+00   4.9750000e+00   4.9310000e+00
   5.3740000e+00   5.3990000e+00   5.3240000e+00   5.2840000e+00   5.0870000e+00   4.9110000e+00
   5.5140000e+00   5.5340000e+00   5.5080000e+00   5.4930000e+00   5.0040000e+00   5.0530000e+00
   5.6430000e+00   5.7100000e+00   5.6830000e+00   5.6680000e+00   4.9680000e+00   4.9470000e+00
   5.7100000e+00   5.8450000e+00   5.8060000e+00   5.8090000e+00   5.0930000e+00   4.9210000e+00
   5.6700000e+00   5.9940000e+00   5.8070000e+00   5.8500000e+00   5.3660000e+00   5.1900000e+00
   5.5330000e+00   5.8980000e+00   5.6970000e+00   5.7860000e+00   5.2890000e+00   5.3710000e+00
   5.5370000e+00   5.6660000e+00   5.6650000e+00   5.7280000e+00   5.2520000e+00   5.5390000e+00
   5.6130000e+00   5.6110000e+00   5.7510000e+00   5.8620000e+00   5.2530000e+00   5.7400000e+00
   5.7430000e+00   5.7070000e+00   5.9340000e+00   6.0980000e+00   5.2260000e+00   5.6230000e+00
   5.9650000e+00   5.9670000e+00   6.1290000e+00   6.2660000e+00   5.2980000e+00   5.4970000e+00
   6.0540000e+00   6.0620000e+00   6.0860000e+00   6.1410000e+00   5.4210000e+00   5.5840000e+00
   5.9610000e+00   5.9280000e+00   5.9180000e+00   5.9410000e+00   5.7250000e+00   5.6330000e+00
   5.8980000e+00   5.8190000e+00   5.8420000e+00   5.8690000e+00   5.9160000e+00   5.6230000e+00
   5.8650000e+00   5.7940000e+00   5.7660000e+00   5.7650000e+00   5.8010000e+00   5.5250000e+00
   5.7250000e+00   5.6580000e+00   5.6590000e+00   5.6720000e+00   5.5700000e+00   5.3750000e+00
   5.7120000e+00   5.5760000e+00   5.6060000e+00   5.5930000e+00   5.4500000e+00   5.1830000e+00
   5.6430000e+00   5.5550000e+00   5.4940000e+00   5.4540000e+00   5.3630000e+00   4.9240000e+00
   5.4800000e+00   5.3810000e+00   5.3360000e+00   5.2970000e+00   5.2350000e+00   4.8230000e+00
   5.4460000e+00   5.3170000e+00   5.2750000e+00   5.2120000e+00   5.1570000e+00   4.8080000e+00
   5.4060000e+00   5.2670000e+00   5.2340000e+00   5.1690000e+00   5.1610000e+00   4.7570000e+00
   5.3570000e+00   5.1990000e+00   5.1940000e+00   5.1370000e+00   5.1400000e+00   4.5570000e+00
   5.3110000e+00   5.1520000e+00   5.1490000e+00   5.0950000e+00   4.9750000e+00   4.3340000e+00
   5.2310000e+00   5.0750000e+00   5.0550000e+00   4.9920000e+00   4.7850000e+00   4.1470000e+00
   5.1920000e+00   5.0200000e+00   4.9880000e+00   4.9100000e+00   4.6140000e+00   3.9830000e+00
   5.1610000e+00   4.9760000e+00   4.9320000e+00   4.8390000e+00   4.4710000e+00   3.8330000e+00
   5.0990000e+00   4.9160000e+00   4.8530000e+00   4.7380000e+00   4.3680000e+00   3.7590000e+00
   5.0520000e+00   4.8950000e+00   4.7970000e+00   4.6580000e+00   4.3190000e+00   3.7510000e+00
   5.0220000e+00   4.8780000e+00   4.7650000e+00   4.6180000e+00   4.3000000e+00   3.7810000e+00
   4.9910000e+00   4.8520000e+00   4.7470000e+00   4.6020000e+00   4.3660000e+00   3.7830000e+00
   4.9480000e+00   4.8250000e+00   4.7260000e+00   4.5810000e+00   4.4290000e+00   3.7380000e+00
   4.9070000e+00   4.7950000e+00   4.7050000e+00   4.5650000e+00   4.4650000e+00   3.7130000e+00
   4.8580000e+00   4.7540000e+00   4.6640000e+00   4.5340000e+00   4.4790000e+00   3.7560000e+00
   4.8160000e+00   4.6830000e+00   4.6080000e+00   4.4770000e+00   4.4690000e+00   3.8270000e+00
   4.8130000e+00   4.6460000e+00   4.5860000e+00   4.4560000e+00   4.3870000e+00   3.8560000e+00
   4.7690000e+00   4.6040000e+00   4.5390000e+00   4.4090000e+00   4.2360000e+00   3.8770000e+00
   4.7110000e+00   4.5570000e+00   4.4820000e+00   4.3470000e+00   4.1200000e+00   3.9720000e+00
   4.6600000e+00   4.5240000e+00   4.4320000e+00   4.2900000e+00   3.9610000e+00   4.1060000e+00
   4.6750000e+00   4.5320000e+00   4.4430000e+00   4.2940000e+00   3.7660000e+00   4.2200000e+00
   4.7660000e+00   4.5900000e+00   4.5110000e+00   4.3600000e+00   3.6400000e+00   4.2640000e+00
   4.8680000e+00   4.6650000e+00   4.5960000e+00   4.4460000e+00   3.5630000e+00   4.1840000e+00
   4.8760000e+00   4.7030000e+00   4.6410000e+00   4.5040000e+00   3.4440000e+00   4.0660000e+00
   4.7130000e+00   4.6340000e+00   4.5780000e+00   4.4950000e+00   3.3210000e+00   3.9090000e+00
   4.5390000e+00   4.5200000e+00   4.4560000e+00   4.4060000e+00   3.2000000e+00   3.7350000e+00
   4.1420000e+00   4.3530000e+00   4.2890000e+00   4.3130000e+00   3.0170000e+00   3.4320000e+00
   3.8480000e+00   4.1290000e+00   4.0930000e+00   4.1720000e+00   2.6480000e+00   2.9130000e+00
   3.6690000e+00   3.9230000e+00   3.9030000e+00   3.9950000e+00   2.4780000e+00   2.9010000e+00
   3.5460000e+00   3.7200000e+00   3.7020000e+00   3.7820000e+00   2.7170000e+00   3.0700000e+00
   3.3970000e+00   3.5460000e+00   3.5260000e+00   3.5980000e+00   2.8160000e+00   3.0360000e+00
   3.2370000e+00   3.3870000e+00   3.3670000e+00   3.4320000e+00   2.7790000e+00   2.9460000e+00
   3.0380000e+00   3.2010000e+00   3.1820000e+00   3.2610000e+00   2.6890000e+00   2.8070000e+00
   2.8170000e+00   2.9790000e+00   2.9650000e+00   3.0560000e+00   2.5650000e+00   2.6630000e+00
   2.6270000e+00   2.7750000e+00   2.7760000e+00   2.8740000e+00   2.4850000e+00   2.5250000e+00
   2.4690000e+00   2.6550000e+00   2.6640000e+00   2.7960000e+00   2.3940000e+00   2.3670000e+00
   2.3220000e+00   2.5660000e+00   2.5730000e+00   2.7610000e+00   2.2680000e+00   2.2520000e+00
   2.1980000e+00   2.5090000e+00   2.4890000e+00   2.7020000e+00   2.1740000e+00   2.2230000e+00
   2.1180000e+00   2.4970000e+00   2.4170000e+00   2.6140000e+00   2.1250000e+00   2.2910000e+00
   2.0730000e+00   2.4890000e+00   2.3380000e+00   2.4890000e+00   2.1280000e+00   2.3900000e+00
   2.0780000e+00   2.4500000e+00   2.2130000e+00   2.2890000e+00   2.1730000e+00   2.4600000e+00
   2.1100000e+00   2.3740000e+00   2.0060000e+00   1.9530000e+00   2.2490000e+00   2.5440000e+00
   2.1740000e+00   2.2420000e+00   1.7580000e+00   1.5580000e+00   2.4100000e+00   2.6550000e+00
   2.2240000e+00   2.1180000e+00   1.5590000e+00   1.2740000e+00   2.6290000e+00   2.7700000e+00
   2.1650000e+00   2.0140000e+00   1.4550000e+00   1.2610000e+00   2.8130000e+00   2.9000000e+00
   2.0220000e+00   1.9230000e+00   1.4620000e+00   1.4090000e+00   2.9470000e+00   2.9920000e+00
   1.9310000e+00   1.8970000e+00   1.6060000e+00   1.5880000e+00   3.0530000e+00   3.0540000e+00
   1.9210000e+00   1.9590000e+00   1.7960000e+00   1.7200000e+00   3.1270000e+00   3.0730000e+00
   2.0090000e+00   2.0650000e+00   1.9770000e+00   1.8360000e+00   3.1860000e+00   3.0850000e+00
   2.2170000e+00   2.2240000e+00   2.2160000e+00   2.0730000e+00   3.2570000e+00   3.1070000e+00
   2.5550000e+00   2.4880000e+00   2.6450000e+00   2.6280000e+00   3.3040000e+00   3.1340000e+00
   3.1010000e+00   3.0390000e+00   3.1300000e+00   3.0960000e+00   3.3320000e+00   3.2060000e+00
   3.4210000e+00   3.3570000e+00   3.3980000e+00   3.3930000e+00   3.3780000e+00   3.3290000e+00
   3.6910000e+00   3.5880000e+00   3.6860000e+00   3.6980000e+00   3.4240000e+00   3.4900000e+00
   4.0060000e+00   3.9030000e+00   4.0710000e+00   4.1380000e+00   3.5480000e+00   3.6820000e+00
   4.4220000e+00   4.3690000e+00   4.4790000e+00   4.5360000e+00   3.7310000e+00   3.8810000e+00
   4.7220000e+00   4.7550000e+00   4.7420000e+00   4.7790000e+00   3.9390000e+00   4.0910000e+00
   4.9150000e+00   4.9530000e+00   4.9200000e+00   4.9410000e+00   4.0940000e+00   4.3080000e+00
   5.0420000e+00   5.0600000e+00   5.0260000e+00   5.0380000e+00   4.1750000e+00   4.4380000e+00
   5.1480000e+00   5.1690000e+00   5.1670000e+00   5.1850000e+00   4.2720000e+00   4.4170000e+00
   5.3040000e+00   5.2740000e+00   5.3000000e+00   5.2840000e+00   4.4250000e+00   4.3340000e+00
   5.4840000e+00   5.3590000e+00   5.4570000e+00   5.4440000e+00   4.4120000e+00   4.2030000e+00
   5.7040000e+00   5.4810000e+00   5.5580000e+00   5.5000000e+00   4.1050000e+00   4.1140000e+00
   5.8070000e+00   5.5190000e+00   5.5920000e+00   5.5100000e+00   4.0390000e+00   4.0480000e+00
   5.8060000e+00   5.5160000e+00   5.5510000e+00   5.4830000e+00   3.8780000e+00   4.0290000e+00
   5.7410000e+00   5.4930000e+00   5.5050000e+00   5.4370000e+00   3.8400000e+00   4.0590000e+00
   5.6680000e+00   5.4430000e+00   5.4330000e+00   5.3660000e+00   3.8940000e+00   4.0360000e+00
   5.6060000e+00   5.4330000e+00   5.3890000e+00   5.3400000e+00   3.8610000e+00   3.9590000e+00
   5.5240000e+00   5.4400000e+00   5.3710000e+00   5.3360000e+00   3.5860000e+00   3.8620000e+00
   5.4220000e+00   5.3950000e+00   5.3330000e+00   5.3110000e+00   3.4360000e+00   3.7930000e+00
   5.2890000e+00   5.2980000e+00   5.2340000e+00   5.2110000e+00   3.4090000e+00   3.7830000e+00
   5.2210000e+00   5.2610000e+00   5.1770000e+00   5.1570000e+00   3.4430000e+00   3.9990000e+00
   5.1260000e+00   5.2410000e+00   5.1060000e+00   5.1310000e+00   3.9420000e+00   4.0570000e+00
   4.9830000e+00   5.1620000e+00   5.0040000e+00   5.0920000e+00   4.4550000e+00   3.7240000e+00
   4.9010000e+00   5.1340000e+00   5.0370000e+00   5.1040000e+00   4.4480000e+00   3.7920000e+00
   5.0130000e+00   5.1700000e+00   5.0790000e+00   5.0920000e+00   4.1730000e+00   3.8240000e+00
   5.0730000e+00   5.1700000e+00   5.0900000e+00   5.0600000e+00   4.2160000e+00   4.1070000e+00
   5.1590000e+00   5.1290000e+00   5.1460000e+00   5.1000000e+00   4.3210000e+00   4.9160000e+00
   5.2400000e+00   5.2040000e+00   5.1150000e+00   4.9900000e+00   4.3330000e+00   5.6770000e+00
   5.1300000e+00   4.9930000e+00   5.0240000e+00   4.9250000e+00   4.5050000e+00   6.1380000e+00
   5.1220000e+00   4.9620000e+00   5.0190000e+00   4.9230000e+00   5.1990000e+00   6.3240000e+00
   5.0940000e+00   4.9790000e+00   5.0240000e+00   4.9290000e+00   5.9380000e+00   6.3300000e+00
   5.1080000e+00   5.0230000e+00   5.0570000e+00   4.9540000e+00   6.2630000e+00   6.3660000e+00
   5.1060000e+00   5.0720000e+00   5.1080000e+00   5.0060000e+00   6.4040000e+00   6.4420000e+00
   5.0270000e+00   5.0360000e+00   5.0610000e+00   4.9640000e+00   6.3850000e+00   6.4170000e+00
   4.9520000e+00   4.8930000e+00   4.9580000e+00   4.8250000e+00   6.3010000e+00   6.3780000e+00
   4.9380000e+00   4.8050000e+00   4.9080000e+00   4.7500000e+00   6.2240000e+00   6.3150000e+00
   4.9530000e+00   4.7800000e+00   4.9100000e+00   4.7450000e+00   6.1390000e+00   6.2710000e+00
   4.9980000e+00   4.8270000e+00   4.9550000e+00   4.7930000e+00   6.1080000e+00   6.2060000e+00
   4.9630000e+00   4.8140000e+00   4.9410000e+00   4.7980000e+00   6.2840000e+00   6.2410000e+00
   4.9390000e+00   4.7930000e+00   4.9200000e+00   4.7840000e+00   6.1950000e+00   6.5410000e+00
   4.8970000e+00   4.8000000e+00   4.9100000e+00   4.7910000e+00   6.0490000e+00   6.4990000e+00
   4.7170000e+00   4.6810000e+00   4.7730000e+00   4.6780000e+00   5.9110000e+00   6.5020000e+00
   4.6150000e+00   4.5570000e+00   4.6550000e+00   4.5590000e+00   5.6340000e+00   6.0880000e+00
   4.4860000e+00   4.4390000e+00   4.5370000e+00   4.4640000e+00   5.2730000e+00   5.4300000e+00
   4.3230000e+00   4.2450000e+00   4.3800000e+00   4.2990000e+00   4.8190000e+00   4.8180000e+00
   4.1200000e+00   4.0730000e+00   4.2050000e+00   4.1460000e+00   4.6340000e+00   4.2580000e+00
   3.9870000e+00   3.9580000e+00   4.0460000e+00   3.9870000e+00   5.0430000e+00   4.4970000e+00
   3.7580000e+00   3.6490000e+00   3.7850000e+00   3.7360000e+00   5.2270000e+00   4.9530000e+00
   3.7160000e+00   3.5870000e+00   3.7180000e+00   3.6590000e+00   5.5330000e+00   5.2900000e+00
   3.8030000e+00   3.6840000e+00   3.8270000e+00   3.7180000e+00   6.1880000e+00   5.1080000e+00
   3.7060000e+00   3.5690000e+00   3.6500000e+00   3.5140000e+00   6.2070000e+00   5.4220000e+00
   3.2580000e+00   3.2170000e+00   3.3260000e+00   3.2680000e+00   6.2980000e+00   5.6790000e+00
   2.9840000e+00   2.8270000e+00   2.8850000e+00   2.7740000e+00   6.1730000e+00   5.9650000e+00
   2.8540000e+00   2.8070000e+00   2.8220000e+00   2.7620000e+00   6.1070000e+00   6.1140000e+00
   2.6060000e+00   2.6830000e+00   2.5730000e+00   2.6090000e+00   5.9910000e+00   6.1240000e+00
   2.6920000e+00   2.8210000e+00   2.6570000e+00   2.7680000e+00   5.4860000e+00   5.6750000e+00
   3.3160000e+00   3.2450000e+00   2.9230000e+00   2.6950000e+00   4.9490000e+00   5.0650000e+00
   3.7910000e+00   3.3380000e+00   3.4260000e+00   3.3720000e+00   4.6990000e+00   4.6010000e+00
   5.3990000e+00   4.6210000e+00   4.9440000e+00   4.7280000e+00   4.8350000e+00   4.5150000e+00
   5.9690000e+00   4.7520000e+00   5.5560000e+00   5.4490000e+00   5.0850000e+00   4.5830000e+00
   6.5370000e+00   5.2460000e+00   5.9860000e+00   5.8350000e+00   4.9660000e+00   4.6880000e+00
   6.5490000e+00   5.2360000e+00   6.0640000e+00   5.9400000e+00   4.8840000e+00   4.7270000e+00
   6.1560000e+00   5.0250000e+00   5.8850000e+00   5.9230000e+00   4.6690000e+00   4.6490000e+00
   5.7320000e+00   4.6890000e+00   5.5060000e+00   5.4210000e+00   4.6820000e+00   4.6780000e+00
   4.8140000e+00   4.0310000e+00   4.8050000e+00   4.7530000e+00   5.2110000e+00   4.9910000e+00
   3.9830000e+00   3.7200000e+00   4.1380000e+00   4.1080000e+00   6.0610000e+00   5.2230000e+00
   3.4710000e+00   3.4150000e+00   3.5480000e+00   3.5320000e+00   6.9830000e+00   5.3820000e+00
   3.8590000e+00   4.1380000e+00   3.8510000e+00   3.7850000e+00   7.4600000e+00   5.4530000e+00
   3.6250000e+00   4.3490000e+00   3.6140000e+00   3.6530000e+00   7.5110000e+00   5.5620000e+00
   3.3220000e+00   4.3430000e+00   3.2650000e+00   3.2930000e+00   7.7550000e+00   5.3000000e+00
   3.0380000e+00   3.7750000e+00   2.9930000e+00   2.9780000e+00   7.5280000e+00   5.1780000e+00
   2.8200000e+00   2.7320000e+00   2.5440000e+00   2.5240000e+00   6.6810000e+00   5.4970000e+00
   4.4100000e+00   3.5750000e+00   3.8130000e+00   3.7550000e+00   5.4980000e+00   5.6840000e+00
   5.7730000e+00   5.4940000e+00   5.2120000e+00   5.1310000e+00   5.5100000e+00   5.6050000e+00
   6.4320000e+00   6.2400000e+00   5.8940000e+00   5.8280000e+00   5.8100000e+00   5.7720000e+00
   6.5970000e+00   6.6570000e+00   6.2210000e+00   6.2590000e+00   6.1380000e+00   5.9730000e+00
   6.7650000e+00   6.8240000e+00   6.4670000e+00   6.5300000e+00   6.4070000e+00   6.2110000e+00
   6.8850000e+00   6.9330000e+00   6.6410000e+00   6.6970000e+00   6.5450000e+00   6.3180000e+00
   6.7130000e+00   6.9410000e+00   6.5930000e+00   6.6820000e+00   6.6930000e+00   6.3960000e+00
   6.6030000e+00   6.8010000e+00   6.5140000e+00   6.5930000e+00   6.5670000e+00   6.3200000e+00
   6.6410000e+00   6.7290000e+00   6.5190000e+00   6.5580000e+00   6.8890000e+00   6.2550000e+00
   6.5360000e+00   6.5760000e+00   6.4260000e+00   6.4620000e+00   7.3680000e+00   6.7530000e+00
   6.6030000e+00   6.4770000e+00   6.4770000e+00   6.5020000e+00   7.5100000e+00   7.1670000e+00
   6.8630000e+00   6.7960000e+00   6.7530000e+00   6.7700000e+00   7.4440000e+00   7.1110000e+00
   6.9670000e+00   6.9740000e+00   6.8740000e+00   6.8800000e+00   7.5000000e+00   6.6960000e+00
   7.0050000e+00   7.1220000e+00   7.0090000e+00   7.0840000e+00   7.5400000e+00   7.0510000e+00
   6.9380000e+00   6.9450000e+00   6.8410000e+00   6.8500000e+00   7.5840000e+00   7.7050000e+00
   7.2050000e+00   6.9870000e+00   7.0300000e+00   6.9920000e+00   6.5150000e+00   8.4150000e+00
   7.4370000e+00   7.1100000e+00   7.1580000e+00   7.0700000e+00   6.1730000e+00   7.7830000e+00
   7.6390000e+00   7.2640000e+00   7.3620000e+00   7.2720000e+00   6.8060000e+00   6.5750000e+00
   7.8340000e+00   7.5730000e+00   7.7340000e+00   7.7490000e+00   7.1050000e+00   6.8700000e+00
   8.0560000e+00   7.8250000e+00   7.9840000e+00   7.9720000e+00   8.5280000e+00   7.3130000e+00
   8.2400000e+00   8.0180000e+00   8.0630000e+00   7.9990000e+00   8.3440000e+00   8.1530000e+00
   8.3210000e+00   8.0710000e+00   8.0890000e+00   8.0340000e+00   8.2880000e+00   9.0760000e+00
   8.6770000e+00   8.3350000e+00   8.4510000e+00   8.3570000e+00   7.6770000e+00   9.1120000e+00
   8.5060000e+00   8.2030000e+00   8.3710000e+00   8.3150000e+00   7.6280000e+00   8.0020000e+00
   8.7530000e+00   8.4220000e+00   8.3870000e+00   8.1390000e+00   8.2170000e+00   7.8640000e+00
   8.7050000e+00   8.5010000e+00   8.5310000e+00   8.4740000e+00   7.4540000e+00   7.7790000e+00
   8.6480000e+00   8.4320000e+00   8.5120000e+00   8.4760000e+00   8.0260000e+00   7.8560000e+00
   8.6910000e+00   8.5340000e+00   8.5730000e+00   8.5340000e+00   7.6960000e+00   7.7970000e+00
   8.8720000e+00   8.7000000e+00   8.7870000e+00   8.7410000e+00   7.9960000e+00   7.5940000e+00
   9.1900000e+00   9.0070000e+00   9.0510000e+00   8.9890000e+00   8.3030000e+00   8.4600000e+00
   9.2000000e+00   9.1440000e+00   9.0670000e+00   8.9770000e+00   8.7280000e+00   8.9750000e+00
   9.0880000e+00   9.0690000e+00   9.0350000e+00   8.9880000e+00   8.9330000e+00   9.2560000e+00
   9.0180000e+00   9.0450000e+00   9.0180000e+00   8.9990000e+00   8.7500000e+00   9.1030000e+00
   9.0530000e+00   9.0490000e+00   9.0400000e+00   9.0210000e+00   8.3830000e+00   8.8040000e+00
   9.5950000e+00   9.5500000e+00   9.4420000e+00   9.3570000e+00   7.8750000e+00   8.6370000e+00
   9.8010000e+00   9.9590000e+00   9.7620000e+00   9.7380000e+00   7.6320000e+00   8.5210000e+00
   9.2630000e+00   9.3080000e+00   9.2890000e+00   9.3790000e+00   7.6440000e+00   8.3100000e+00
   9.5300000e+00   9.5300000e+00   9.4650000e+00   9.4660000e+00   7.6130000e+00   8.0140000e+00
   9.6850000e+00   9.7340000e+00   9.6440000e+00   9.6480000e+00   7.5510000e+00   7.8080000e+00
   1.0077000e+01   9.9850000e+00   1.0031000e+01   1.0027000e+01   7.4220000e+00   7.6320000e+00
   1.0069000e+01   1.0125000e+01   1.0083000e+01   1.0128000e+01   6.9210000e+00   7.3060000e+00
   9.6490000e+00   9.6620000e+00   9.7300000e+00   9.8020000e+00   6.8760000e+00   7.0580000e+00
   9.5960000e+00   9.5180000e+00   9.6390000e+00   9.6960000e+00   6.7510000e+00   6.8760000e+00
   9.6470000e+00   9.6060000e+00   9.6500000e+00   9.6570000e+00   6.7370000e+00   6.6500000e+00
   9.6220000e+00   9.6230000e+00   9.7000000e+00   9.7840000e+00   7.0310000e+00   6.5720000e+00
   9.6620000e+00   9.7180000e+00   9.7500000e+00   9.8110000e+00   6.8660000e+00   6.5860000e+00
   9.6100000e+00   9.6480000e+00   9.6900000e+00   9.7830000e+00   6.7600000e+00   6.5150000e+00
   9.6780000e+00   9.6900000e+00   9.6660000e+00   9.7770000e+00   7.3030000e+00   6.4530000e+00
   9.9100000e+00   9.7840000e+00   9.6250000e+00   9.4650000e+00   6.6360000e+00   6.4060000e+00
   9.7470000e+00   9.8650000e+00   9.7920000e+00   9.8100000e+00   6.6000000e+00   6.3290000e+00
   9.5170000e+00   9.6210000e+00   9.5070000e+00   9.5860000e+00   6.6080000e+00   6.5450000e+00
   9.6320000e+00   9.8220000e+00   9.5030000e+00   9.4310000e+00   6.0800000e+00   6.5450000e+00
   9.3280000e+00   9.6830000e+00   9.6090000e+00   9.7660000e+00   5.1360000e+00   6.2780000e+00
   8.8970000e+00   9.1950000e+00   9.3280000e+00   9.5500000e+00   4.9640000e+00   6.0040000e+00
   8.6600000e+00   8.8010000e+00   8.9590000e+00   9.1610000e+00   4.7010000e+00   6.0090000e+00
   8.6360000e+00   8.8450000e+00   8.6820000e+00   8.7690000e+00   4.3350000e+00   5.9970000e+00
   9.0570000e+00   9.1040000e+00   8.7490000e+00   8.5710000e+00   4.8080000e+00   5.6480000e+00
   9.3090000e+00   9.3740000e+00   9.1560000e+00   8.9730000e+00   4.8810000e+00   5.2320000e+00
   9.6760000e+00   9.5720000e+00   9.5610000e+00   9.5030000e+00   4.4180000e+00   4.7540000e+00
   9.6300000e+00   9.7670000e+00   9.5990000e+00   9.6280000e+00   4.4800000e+00   4.2960000e+00
   9.5070000e+00   9.7230000e+00   9.5920000e+00   9.6310000e+00   4.6350000e+00   4.0220000e+00
   8.9950000e+00   9.4150000e+00   9.4270000e+00   9.5840000e+00   4.6780000e+00   4.1280000e+00
   8.8430000e+00   9.0050000e+00   9.2250000e+00   9.4050000e+00   4.2710000e+00   4.3900000e+00
   8.7110000e+00   8.7490000e+00   9.0870000e+00   9.3310000e+00   4.2590000e+00   4.6210000e+00
   8.5060000e+00   8.4560000e+00   8.7300000e+00   8.9400000e+00   3.9560000e+00   4.5830000e+00
   8.2900000e+00   8.4290000e+00   8.5280000e+00   8.7230000e+00   3.6780000e+00   4.2670000e+00
   8.0520000e+00   8.4460000e+00   8.5550000e+00   8.8510000e+00   3.6450000e+00   4.0620000e+00
   7.7570000e+00   8.0910000e+00   8.2890000e+00   8.7280000e+00   3.3740000e+00   3.8820000e+00
   7.6310000e+00   7.5560000e+00   7.8380000e+00   8.1590000e+00   3.2240000e+00   3.7230000e+00
   7.7700000e+00   7.7240000e+00   7.7840000e+00   7.8500000e+00   3.0460000e+00   3.5350000e+00
   7.3560000e+00   7.5970000e+00   7.5100000e+00   7.6610000e+00   3.1590000e+00   3.3870000e+00
   7.0340000e+00   7.3510000e+00   7.2860000e+00   7.2890000e+00   3.6140000e+00   3.1190000e+00
   6.9040000e+00   6.9950000e+00   7.1370000e+00   7.2320000e+00   3.5290000e+00   3.0110000e+00
   6.7420000e+00   6.8330000e+00   6.9600000e+00   7.1690000e+00   3.4140000e+00   2.9960000e+00
   6.8960000e+00   6.9960000e+00   7.0090000e+00   7.0220000e+00   3.3200000e+00   3.0260000e+00
   6.5550000e+00   6.8760000e+00   6.8750000e+00   7.1100000e+00   3.2840000e+00   3.1140000e+00
   6.2310000e+00   6.3880000e+00   6.4600000e+00   6.6870000e+00   3.2440000e+00   3.0720000e+00
   6.4480000e+00   6.4140000e+00   6.5160000e+00   6.6390000e+00   3.2070000e+00   3.1160000e+00
   6.5900000e+00   6.2020000e+00   6.4610000e+00   6.4790000e+00   3.0590000e+00   3.0580000e+00
   6.4400000e+00   6.3430000e+00   6.3530000e+00   6.3290000e+00   2.9280000e+00   3.0160000e+00
   6.4420000e+00   6.7300000e+00   6.4000000e+00   6.4410000e+00   2.8380000e+00   3.0020000e+00
   6.3800000e+00   6.8310000e+00   6.6100000e+00   6.7460000e+00   2.8720000e+00   3.0550000e+00
   6.2240000e+00   6.6900000e+00   6.5040000e+00   6.7580000e+00   2.9290000e+00   3.0700000e+00
   6.3410000e+00   6.6960000e+00   6.4190000e+00   6.4840000e+00   3.0320000e+00   3.0890000e+00
   6.2610000e+00   6.5350000e+00   6.3400000e+00   6.4280000e+00   3.1700000e+00   3.0380000e+00
   6.2040000e+00   6.4500000e+00   6.2550000e+00   6.3220000e+00   3.1840000e+00   2.9580000e+00
   6.3440000e+00   6.5590000e+00   6.3830000e+00   6.3890000e+00   3.1240000e+00   2.8980000e+00
   6.2940000e+00   6.4030000e+00   6.3350000e+00   6.3870000e+00   3.0120000e+00   2.8160000e+00
   6.1200000e+00   6.3300000e+00   6.2460000e+00   6.3660000e+00   2.9550000e+00   2.8230000e+00
   6.1020000e+00   6.2720000e+00   6.1150000e+00   6.1760000e+00   2.8580000e+00   2.7520000e+00
   6.1160000e+00   6.3060000e+00   6.1770000e+00   6.2250000e+00   2.7650000e+00   2.6860000e+00
   6.0780000e+00   6.3040000e+00   6.1670000e+00   6.2520000e+00   2.6570000e+00   2.5600000e+00
   6.0450000e+00   6.2900000e+00   6.1490000e+00   6.2370000e+00   2.5120000e+00   2.4850000e+00
   6.1150000e+00   6.3310000e+00   6.1790000e+00   6.2590000e+00   2.3830000e+00   2.2490000e+00
   6.1070000e+00   6.3050000e+00   6.1780000e+00   6.2650000e+00   2.1270000e+00   1.9830000e+00
   6.0210000e+00   6.1440000e+00   6.0320000e+00   6.0930000e+00   1.9390000e+00   1.8020000e+00
   5.8550000e+00   5.9980000e+00   5.8710000e+00   5.9110000e+00   1.8920000e+00   1.7880000e+00
   5.7140000e+00   5.8740000e+00   5.7180000e+00   5.7600000e+00   1.9990000e+00   1.8650000e+00
   5.5010000e+00   5.6870000e+00   5.5240000e+00   5.5730000e+00   2.0890000e+00   1.8650000e+00
   5.4150000e+00   5.6350000e+00   5.4390000e+00   5.4800000e+00   2.0530000e+00   1.7690000e+00
   5.3420000e+00   5.4930000e+00   5.3390000e+00   5.3640000e+00   1.9930000e+00   1.7760000e+00
   5.2220000e+00   5.3940000e+00   5.2360000e+00   5.2860000e+00   1.9720000e+00   1.7920000e+00
   5.0680000e+00   5.2250000e+00   5.0510000e+00   5.0820000e+00   1.9460000e+00   1.8590000e+00
   4.9120000e+00   5.0600000e+00   4.8970000e+00   4.9290000e+00   1.9570000e+00   2.0040000e+00
   4.7870000e+00   4.9570000e+00   4.7740000e+00   4.8020000e+00   1.9420000e+00   1.9520000e+00
   4.6210000e+00   4.8070000e+00   4.6350000e+00   4.6860000e+00   1.9170000e+00   1.8870000e+00
   4.5440000e+00   4.6850000e+00   4.5690000e+00   4.6280000e+00   1.9070000e+00   1.8050000e+00
   4.4790000e+00   4.5310000e+00   4.4770000e+00   4.5180000e+00   1.8960000e+00   1.7200000e+00
   4.3260000e+00   4.3390000e+00   4.3190000e+00   4.3560000e+00   1.8670000e+00   1.7030000e+00
   4.2490000e+00   4.2660000e+00   4.2510000e+00   4.2920000e+00   1.8790000e+00   1.8150000e+00
   4.1850000e+00   4.1730000e+00   4.1820000e+00   4.2130000e+00   1.9150000e+00   1.8030000e+00
   4.0390000e+00   4.0490000e+00   4.0450000e+00   4.0840000e+00   1.8510000e+00   1.7210000e+00
   3.9480000e+00   3.9620000e+00   3.9730000e+00   4.0230000e+00   1.7790000e+00   1.7620000e+00
   3.8920000e+00   3.8570000e+00   3.9260000e+00   3.9680000e+00   1.7830000e+00   1.8450000e+00
   3.7410000e+00   3.6830000e+00   3.7780000e+00   3.8210000e+00   1.8590000e+00   1.8720000e+00
   3.5310000e+00   3.5210000e+00   3.6030000e+00   3.6700000e+00   1.8430000e+00   1.8860000e+00
   3.5490000e+00   3.5020000e+00   3.6030000e+00   3.6700000e+00   1.7590000e+00   1.8630000e+00
   3.6120000e+00   3.4930000e+00   3.6200000e+00   3.6560000e+00   1.7220000e+00   1.8990000e+00
   3.6880000e+00   3.5210000e+00   3.6370000e+00   3.6240000e+00   1.7630000e+00   1.9720000e+00
   3.7510000e+00   3.6310000e+00   3.7270000e+00   3.7110000e+00   1.8610000e+00   2.0230000e+00
   3.8140000e+00   3.7730000e+00   3.8390000e+00   3.8620000e+00   1.9850000e+00   2.0880000e+00
   3.9250000e+00   3.9200000e+00   3.9440000e+00   3.9830000e+00   2.1420000e+00   2.1610000e+00
   4.0360000e+00   4.0640000e+00   4.0660000e+00   4.1030000e+00   2.2010000e+00   2.2010000e+00
   4.2750000e+00   4.2290000e+00   4.2610000e+00   4.2680000e+00   2.3750000e+00   2.1890000e+00
   4.2730000e+00   4.1790000e+00   4.2320000e+00   4.2280000e+00   2.3660000e+00   2.0430000e+00
   4.1050000e+00   4.0050000e+00   4.1110000e+00   4.1290000e+00   2.1860000e+00   1.9530000e+00
   4.2340000e+00   4.1280000e+00   4.2650000e+00   4.2790000e+00   2.1300000e+00   1.9960000e+00
   4.3300000e+00   4.1850000e+00   4.2820000e+00   4.2220000e+00   2.1430000e+00   1.9590000e+00
   4.2660000e+00   4.0950000e+00   4.1960000e+00   4.1330000e+00   2.2230000e+00   2.0040000e+00
   4.2130000e+00   4.0870000e+00   4.1620000e+00   4.1260000e+00   2.3040000e+00   1.9720000e+00
   4.0690000e+00   4.0250000e+00   4.0360000e+00   4.0260000e+00   2.2040000e+00   1.7550000e+00
   3.8470000e+00   3.9310000e+00   3.8670000e+00   3.8950000e+00   1.6430000e+00   1.4050000e+00
   3.6290000e+00   3.7310000e+00   3.6720000e+00   3.6940000e+00   1.3050000e+00   1.3570000e+00
   3.4820000e+00   3.4860000e+00   3.5180000e+00   3.5060000e+00   1.0900000e+00   1.2000000e+00
   3.5710000e+00   3.4870000e+00   3.5630000e+00   3.5390000e+00   9.3100000e-01   1.0630000e+00
   3.5290000e+00   3.4800000e+00   3.5460000e+00   3.5540000e+00   1.0070000e+00   1.0850000e+00
   3.6240000e+00   3.5860000e+00   3.6300000e+00   3.6320000e+00   1.1920000e+00   1.1520000e+00
   3.6480000e+00   3.6210000e+00   3.6770000e+00   3.6820000e+00   1.1430000e+00   1.1460000e+00
   3.7000000e+00   3.6610000e+00   3.7240000e+00   3.7150000e+00   1.2580000e+00   1.2870000e+00
   3.7060000e+00   3.6850000e+00   3.7030000e+00   3.6880000e+00   1.2850000e+00   1.2950000e+00
   3.7060000e+00   3.6470000e+00   3.6430000e+00   3.6300000e+00   1.1730000e+00   1.3160000e+00
   3.7530000e+00   3.6980000e+00   3.7090000e+00   3.7110000e+00   1.2520000e+00   1.3720000e+00
   3.6310000e+00   3.5840000e+00   3.6100000e+00   3.5980000e+00   1.1630000e+00   1.5410000e+00
   3.6700000e+00   3.6210000e+00   3.6400000e+00   3.6280000e+00   1.1870000e+00   1.6860000e+00
   3.7750000e+00   3.7160000e+00   3.7660000e+00   3.7570000e+00   1.2670000e+00   1.7530000e+00
   3.8060000e+00   3.7510000e+00   3.8120000e+00   3.8050000e+00   1.5540000e+00   2.0580000e+00
   3.8790000e+00   3.7650000e+00   3.8840000e+00   3.8910000e+00   1.9680000e+00   2.4900000e+00
   4.0440000e+00   3.9480000e+00   4.0690000e+00   4.0890000e+00   2.3540000e+00   2.9690000e+00
   4.1060000e+00   4.0640000e+00   4.0560000e+00   4.0370000e+00   2.6990000e+00   3.5360000e+00
   4.0810000e+00   4.0340000e+00   3.9850000e+00   3.9310000e+00   3.7200000e+00   4.1020000e+00
   3.7800000e+00   3.8150000e+00   3.7150000e+00   3.6580000e+00   5.0370000e+00   4.3680000e+00
   3.6460000e+00   3.6500000e+00   3.5740000e+00   3.5090000e+00   5.4250000e+00   4.6010000e+00
   3.4290000e+00   3.4060000e+00   3.3820000e+00   3.3330000e+00   5.6020000e+00   5.3510000e+00
   3.4940000e+00   3.4200000e+00   3.4600000e+00   3.4380000e+00   5.8780000e+00   5.6710000e+00
   3.6010000e+00   3.4760000e+00   3.5280000e+00   3.4760000e+00   5.8220000e+00   5.6400000e+00
   3.5610000e+00   3.4580000e+00   3.4800000e+00   3.4140000e+00   5.7170000e+00   5.2700000e+00
   3.6060000e+00   3.5150000e+00   3.5150000e+00   3.4380000e+00   5.4530000e+00   5.1100000e+00
   3.6520000e+00   3.6230000e+00   3.5910000e+00   3.5360000e+00   5.0630000e+00   5.1450000e+00
   3.6430000e+00   3.6130000e+00   3.5940000e+00   3.5530000e+00   4.9890000e+00   5.0060000e+00
   3.7300000e+00   3.6810000e+00   3.6970000e+00   3.6600000e+00   4.8200000e+00   4.6470000e+00
   3.8060000e+00   3.7720000e+00   3.7900000e+00   3.7700000e+00   4.6970000e+00   4.5130000e+00
   3.8960000e+00   3.8800000e+00   3.8660000e+00   3.8340000e+00   4.6400000e+00   4.7160000e+00
   4.0290000e+00   4.0330000e+00   4.0140000e+00   3.9900000e+00   4.6410000e+00   4.9140000e+00
   3.9650000e+00   3.9850000e+00   3.9840000e+00   3.9770000e+00   4.6260000e+00   4.8350000e+00
   3.9680000e+00   3.9240000e+00   3.9580000e+00   3.9300000e+00   4.5420000e+00   4.4640000e+00
