   3.0155000e+00   3.0660000e+00   3.0553000e+00   3.0737000e+00   2.2366000e+00   1.5043000e+00
   3.3107000e+00   3.2513000e+00   3.2630000e+00   3.2324000e+00   2.4827000e+00   1.7331000e+00
   3.4815000e+00   3.3446000e+00   3.3699000e+00   3.2947000e+00   2.7744000e+00   2.0024000e+00
   3.6759000e+00   3.5368000e+00   3.5594000e+00   3.4836000e+00   3.0375000e+00   2.2492000e+00
   3.7859000e+00   3.6286000e+00   3.6655000e+00   3.5896000e+00   3.2557000e+00   2.4865000e+00
   3.8918000e+00   3.7027000e+00   3.7462000e+00   3.6556000e+00   3.6009000e+00   2.8394000e+00
   3.9479000e+00   3.7488000e+00   3.7953000e+00   3.6966000e+00   3.8848000e+00   3.1369000e+00
   4.0073000e+00   3.8310000e+00   3.8784000e+00   3.7939000e+00   4.2128000e+00   3.4593000e+00
   4.0307000e+00   3.8743000e+00   3.9109000e+00   3.8311000e+00   4.5979000e+00   3.8038000e+00
   4.0912000e+00   3.9330000e+00   3.9647000e+00   3.8787000e+00   4.8128000e+00   4.1347000e+00
   4.2131000e+00   4.0788000e+00   4.1006000e+00   4.0257000e+00   5.0328000e+00   4.3806000e+00
   4.2669000e+00   4.1685000e+00   4.1645000e+00   4.1003000e+00   5.1658000e+00   4.5287000e+00
   4.3498000e+00   4.2904000e+00   4.2681000e+00   4.2194000e+00   5.2976000e+00   4.6479000e+00
   4.4748000e+00   4.4028000e+00   4.3823000e+00   4.3249000e+00   5.4946000e+00   4.8152000e+00
   4.4728000e+00   4.4157000e+00   4.4014000e+00   4.3585000e+00   5.5965000e+00   4.9051000e+00
   4.5410000e+00   4.4927000e+00   4.4737000e+00   4.4371000e+00   5.6439000e+00   5.0056000e+00
   4.6507000e+00   4.6041000e+00   4.5760000e+00   4.5359000e+00   5.5731000e+00   4.9821000e+00
   4.7212000e+00   4.7189000e+00   4.6918000e+00   4.6730000e+00   5.2094000e+00   4.7509000e+00
   4.6293000e+00   4.6689000e+00   4.6326000e+00   4.6379000e+00   4.4631000e+00   4.2545000e+00
   4.5147000e+00   4.6454000e+00   4.5811000e+00   4.6012000e+00   3.5947000e+00   3.3658000e+00
   4.4437000e+00   4.5756000e+00   4.5099000e+00   4.5521000e+00   3.0937000e+00   2.8112000e+00
   4.3944000e+00   4.5263000e+00   4.4615000e+00   4.5149000e+00   2.7868000e+00   2.4452000e+00
   4.4075000e+00   4.5163000e+00   4.4521000e+00   4.5160000e+00   2.6444000e+00   2.2727000e+00
   4.4666000e+00   4.5522000e+00   4.4894000e+00   4.5571000e+00   2.4671000e+00   2.0856000e+00
   4.5051000e+00   4.5521000e+00   4.4970000e+00   4.5656000e+00   2.3222000e+00   1.9200000e+00
   4.4731000e+00   4.4790000e+00   4.4445000e+00   4.5026000e+00   2.1278000e+00   1.7471000e+00
   4.2809000e+00   4.2755000e+00   4.2492000e+00   4.2942000e+00   1.8587000e+00   1.4906000e+00
   4.1952000e+00   4.2015000e+00   4.1582000e+00   4.1884000e+00   1.6172000e+00   1.2800000e+00
   4.2067000e+00   4.2276000e+00   4.1651000e+00   4.1972000e+00   1.3057000e+00   1.0778000e+00
   4.3255000e+00   4.3547000e+00   4.2666000e+00   4.3035000e+00   9.9370000e-01   8.0610000e-01
   4.4680000e+00   4.4591000e+00   4.3848000e+00   4.4300000e+00   9.2140000e-01   5.9320000e-01
   4.6599000e+00   4.6136000e+00   4.5417000e+00   4.5824000e+00   1.0024000e+00   4.2970000e-01
   4.8726000e+00   4.7979000e+00   4.7551000e+00   4.7798000e+00   8.9180000e-01   5.9710000e-01
   5.0886000e+00   5.0030000e+00   4.9687000e+00   4.9762000e+00   1.5565000e+00   7.4050000e-01
   5.2255000e+00   5.1428000e+00   5.1350000e+00   5.1458000e+00   2.1014000e+00   7.3960000e-01
   5.3645000e+00   5.2829000e+00   5.2901000e+00   5.3068000e+00   3.5777000e+00   1.5561000e+00
   5.4245000e+00   5.3625000e+00   5.3910000e+00   5.4199000e+00   4.3930000e+00   2.2718000e+00
   5.5217000e+00   5.4692000e+00   5.4949000e+00   5.5259000e+00   5.9128000e+00   2.3609000e+00
   5.6134000e+00   5.5617000e+00   5.5888000e+00   5.6259000e+00   6.3452000e+00   2.7120000e+00
   5.8847000e+00   5.7786000e+00   5.8155000e+00   5.8461000e+00   6.1948000e+00   3.6138000e+00
   6.4019000e+00   6.2181000e+00   6.2707000e+00   6.2737000e+00   5.1841000e+00   5.8522000e+00
   6.7540000e+00   6.5460000e+00   6.6548000e+00   6.6771000e+00   5.4387000e+00   4.7563000e+00
   7.1978000e+00   6.7969000e+00   7.0536000e+00   7.0327000e+00   5.8253000e+00   4.8890000e+00
   7.3549000e+00   7.1582000e+00   7.2712000e+00   7.3052000e+00   5.8091000e+00   4.4753000e+00
   7.0932000e+00   6.9780000e+00   6.9314000e+00   6.9214000e+00   3.8296000e+00   4.8262000e+00
   7.1147000e+00   7.0817000e+00   7.1053000e+00   7.1581000e+00   4.1993000e+00   4.0152000e+00
   7.0421000e+00   7.1620000e+00   7.1379000e+00   7.2797000e+00   4.0396000e+00   2.2371000e+00
   7.3401000e+00   7.1983000e+00   7.1962000e+00   7.1741000e+00   3.9045000e+00   2.0022000e+00
   7.5858000e+00   7.7201000e+00   7.5898000e+00   7.6106000e+00   2.7179000e+00   3.4176000e+00
   7.2801000e+00   7.3139000e+00   7.3504000e+00   7.4314000e+00   2.2136000e+00   4.7334000e+00
   7.5089000e+00   7.6122000e+00   7.5812000e+00   7.6575000e+00   1.5815000e+00   4.9810000e+00
   6.6685000e+00   6.9971000e+00   6.9775000e+00   7.2663000e+00   2.2338000e+00   4.7885000e+00
   6.4379000e+00   6.2366000e+00   6.2607000e+00   6.2164000e+00   4.1995000e+00   5.4760000e+00
   6.4544000e+00   6.8557000e+00   6.5292000e+00   6.6426000e+00   4.8146000e+00   6.0410000e+00
   6.3220000e+00   6.1726000e+00   6.2676000e+00   6.2279000e+00   3.6505000e+00   5.2825000e+00
   6.3455000e+00   6.0970000e+00   6.2477000e+00   6.1918000e+00   3.6330000e+00   4.1332000e+00
   6.6148000e+00   6.3745000e+00   6.4675000e+00   6.3946000e+00   3.2847000e+00   3.0137000e+00
   7.1986000e+00   7.1944000e+00   7.2982000e+00   7.2752000e+00   3.3848000e+00   2.7704000e+00
   6.6097000e+00   6.6051000e+00   6.7717000e+00   6.9048000e+00   3.9774000e+00   3.1217000e+00
   7.3679000e+00   7.1812000e+00   7.1491000e+00   6.9101000e+00   4.2184000e+00   2.8338000e+00
   6.3586000e+00   6.6154000e+00   6.6183000e+00   6.9300000e+00   3.9065000e+00   2.9830000e+00
   7.3725000e+00   6.9386000e+00   6.9448000e+00   6.7110000e+00   4.2467000e+00   3.7696000e+00
   7.1852000e+00   7.4171000e+00   7.3643000e+00   7.3050000e+00   4.9775000e+00   5.5089000e+00
   6.5192000e+00   6.6558000e+00   6.8929000e+00   7.1363000e+00   4.7729000e+00   6.1559000e+00
   6.0064000e+00   6.0275000e+00   6.1190000e+00   6.2136000e+00   5.7247000e+00   6.2999000e+00
   6.2049000e+00   6.3384000e+00   6.0737000e+00   5.9859000e+00   6.9641000e+00   6.1980000e+00
   6.2140000e+00   6.2762000e+00   6.2279000e+00   6.1547000e+00   6.8016000e+00   6.9009000e+00
   6.1011000e+00   5.9472000e+00   6.0601000e+00   6.0471000e+00   6.2059000e+00   7.7953000e+00
   6.3598000e+00   6.3412000e+00   6.3907000e+00   6.4073000e+00   6.8647000e+00   7.8687000e+00
   5.8280000e+00   5.7201000e+00   5.8476000e+00   5.8800000e+00   7.6944000e+00   7.9079000e+00
   5.7424000e+00   5.6008000e+00   5.6152000e+00   5.4895000e+00   8.1702000e+00   7.7945000e+00
   6.0375000e+00   5.9340000e+00   6.0229000e+00   5.9926000e+00   8.5494000e+00   8.0736000e+00
   5.9575000e+00   5.7932000e+00   5.9735000e+00   6.0296000e+00   9.0370000e+00   8.5307000e+00
   6.2598000e+00   5.9817000e+00   6.0444000e+00   5.9499000e+00   8.3188000e+00   8.2764000e+00
   5.8944000e+00   5.7866000e+00   5.8986000e+00   5.9216000e+00   8.3431000e+00   8.2076000e+00
   5.6762000e+00   5.4091000e+00   5.5459000e+00   5.4458000e+00   7.9906000e+00   7.6505000e+00
   5.6449000e+00   5.5522000e+00   5.6600000e+00   5.6235000e+00   8.0863000e+00   7.3346000e+00
   5.6767000e+00   5.5053000e+00   5.6214000e+00   5.6107000e+00   7.8033000e+00   7.5587000e+00
   5.8088000e+00   5.7429000e+00   5.9129000e+00   5.9309000e+00   7.7199000e+00   7.6248000e+00
   5.6615000e+00   5.6436000e+00   5.8838000e+00   6.0559000e+00   7.7725000e+00   7.5015000e+00
   5.5322000e+00   5.5554000e+00   5.7411000e+00   5.8718000e+00   7.5945000e+00   7.3728000e+00
   5.4831000e+00   5.4787000e+00   5.6264000e+00   5.7221000e+00   7.2141000e+00   7.1692000e+00
   5.5936000e+00   5.7344000e+00   5.6996000e+00   5.7978000e+00   7.2872000e+00   7.2657000e+00
   5.3828000e+00   5.5365000e+00   5.6208000e+00   5.7619000e+00   7.3805000e+00   7.2261000e+00
   5.4914000e+00   5.5325000e+00   5.7388000e+00   5.9265000e+00   7.5693000e+00   7.4280000e+00
   5.4115000e+00   5.4745000e+00   5.6101000e+00   5.7582000e+00   7.1757000e+00   7.3219000e+00
   5.5522000e+00   5.5033000e+00   5.6308000e+00   5.6710000e+00   6.9244000e+00   6.9829000e+00
   5.7125000e+00   5.5953000e+00   5.7755000e+00   5.8279000e+00   6.9051000e+00   6.5695000e+00
   6.2333000e+00   5.9762000e+00   6.2384000e+00   6.2550000e+00   6.7597000e+00   6.5230000e+00
   6.4294000e+00   6.2849000e+00   6.5034000e+00   6.5330000e+00   6.7049000e+00   6.3927000e+00
   6.2197000e+00   6.0635000e+00   6.2338000e+00   6.2657000e+00   6.9200000e+00   6.3300000e+00
   6.5513000e+00   6.4895000e+00   6.5769000e+00   6.6063000e+00   7.0894000e+00   6.4284000e+00
   6.3743000e+00   6.3701000e+00   6.4770000e+00   6.5639000e+00   7.0628000e+00   6.4251000e+00
   6.3873000e+00   6.3391000e+00   6.4740000e+00   6.5083000e+00   7.1339000e+00   6.6503000e+00
   6.4033000e+00   6.3149000e+00   6.4752000e+00   6.5165000e+00   7.0441000e+00   6.8558000e+00
   6.4507000e+00   6.3189000e+00   6.5079000e+00   6.5284000e+00   6.6763000e+00   6.8024000e+00
   6.6129000e+00   6.4541000e+00   6.5959000e+00   6.5618000e+00   6.5377000e+00   6.5139000e+00
   6.8157000e+00   6.7617000e+00   6.8680000e+00   6.8796000e+00   6.4876000e+00   6.4736000e+00
   6.7743000e+00   6.8780000e+00   6.8406000e+00   6.8553000e+00   6.5897000e+00   6.3919000e+00
   6.7154000e+00   6.8347000e+00   6.7715000e+00   6.7853000e+00   6.7022000e+00   6.3470000e+00
   6.6811000e+00   6.7538000e+00   6.7752000e+00   6.8113000e+00   6.7496000e+00   6.4215000e+00
   6.6647000e+00   6.6827000e+00   6.7312000e+00   6.7506000e+00   6.7664000e+00   6.4558000e+00
   6.6518000e+00   6.6393000e+00   6.7016000e+00   6.7203000e+00   6.7285000e+00   6.3894000e+00
   6.7673000e+00   6.7326000e+00   6.7562000e+00   6.7414000e+00   6.8336000e+00   6.4776000e+00
   7.0538000e+00   7.0094000e+00   7.0412000e+00   7.0074000e+00   6.8677000e+00   6.6156000e+00
   7.0237000e+00   7.0545000e+00   7.1005000e+00   7.1201000e+00   7.0715000e+00   6.8946000e+00
   6.9560000e+00   6.9573000e+00   6.9932000e+00   6.9980000e+00   7.1313000e+00   6.9124000e+00
   7.0894000e+00   7.0006000e+00   7.0540000e+00   7.0171000e+00   7.0004000e+00   6.9713000e+00
   7.2696000e+00   7.2372000e+00   7.2507000e+00   7.1977000e+00   6.9115000e+00   6.9352000e+00
   7.4480000e+00   7.4626000e+00   7.4427000e+00   7.4421000e+00   7.1495000e+00   7.0688000e+00
   7.9168000e+00   7.8380000e+00   7.8055000e+00   7.7454000e+00   7.2473000e+00   7.2701000e+00
   8.1508000e+00   8.1232000e+00   8.1101000e+00   8.0286000e+00   7.1629000e+00   7.1823000e+00
   8.1815000e+00   8.2867000e+00   8.1992000e+00   8.1965000e+00   7.0776000e+00   6.8687000e+00
   8.0659000e+00   8.1682000e+00   8.1879000e+00   8.2747000e+00   7.2347000e+00   6.9760000e+00
   7.8541000e+00   8.2450000e+00   8.1252000e+00   8.3432000e+00   6.9960000e+00   6.6685000e+00
   8.2182000e+00   8.1681000e+00   7.8370000e+00   7.6721000e+00   6.2576000e+00   6.0294000e+00
   7.9181000e+00   8.2727000e+00   8.0734000e+00   8.0624000e+00   5.5759000e+00   5.4425000e+00
   8.0366000e+00   8.4232000e+00   8.1628000e+00   8.2440000e+00   5.1435000e+00   5.1396000e+00
   8.0227000e+00   8.5351000e+00   8.0736000e+00   8.1383000e+00   5.1056000e+00   5.2414000e+00
   7.8759000e+00   8.7179000e+00   8.3624000e+00   8.7697000e+00   5.4913000e+00   5.7002000e+00
   7.7638000e+00   8.8301000e+00   8.2988000e+00   8.6639000e+00   5.5945000e+00   5.9091000e+00
   7.7876000e+00   8.8628000e+00   8.3887000e+00   8.8156000e+00   5.9070000e+00   6.0602000e+00
   7.9456000e+00   9.0583000e+00   8.5508000e+00   8.9282000e+00   6.1707000e+00   6.1617000e+00
   7.9365000e+00   9.1261000e+00   8.5564000e+00   8.9151000e+00   6.4743000e+00   6.1725000e+00
   7.7426000e+00   9.1191000e+00   8.4199000e+00   8.8025000e+00   6.8895000e+00   6.4428000e+00
   7.3883000e+00   8.9136000e+00   8.1442000e+00   8.5533000e+00   7.4789000e+00   6.9732000e+00
   6.9916000e+00   8.5546000e+00   7.7819000e+00   8.2144000e+00   7.7854000e+00   7.4357000e+00
   6.7390000e+00   8.0979000e+00   7.4478000e+00   7.8769000e+00   7.9616000e+00   7.7616000e+00
   6.6393000e+00   7.7955000e+00   7.3001000e+00   7.7119000e+00   8.0928000e+00   7.8837000e+00
   6.6124000e+00   7.6543000e+00   7.2426000e+00   7.7134000e+00   8.3168000e+00   8.0066000e+00
   6.5286000e+00   7.5294000e+00   7.0899000e+00   7.5488000e+00   8.5093000e+00   8.1418000e+00
   6.2857000e+00   7.2193000e+00   6.7832000e+00   7.2474000e+00   8.5342000e+00   8.2131000e+00
   6.3167000e+00   7.0847000e+00   6.5021000e+00   6.9350000e+00   8.4943000e+00   8.2965000e+00
   6.6549000e+00   7.0204000e+00   6.3255000e+00   6.6602000e+00   8.5316000e+00   8.4539000e+00
   6.7479000e+00   6.5864000e+00   6.0898000e+00   5.9379000e+00   8.5762000e+00   8.5811000e+00
   6.8513000e+00   6.1863000e+00   6.0567000e+00   5.1455000e+00   8.7236000e+00   8.8064000e+00
   7.0974000e+00   6.1018000e+00   6.3423000e+00   5.0230000e+00   9.0491000e+00   9.1190000e+00
   7.0022000e+00   6.6364000e+00   6.8053000e+00   5.5717000e+00   9.3024000e+00   9.3419000e+00
   7.1973000e+00   7.4754000e+00   7.0800000e+00   6.4294000e+00   9.3730000e+00   9.5602000e+00
   8.2758000e+00   7.5601000e+00   7.5954000e+00   7.1533000e+00   9.3231000e+00   9.6471000e+00
   8.9268000e+00   9.1987000e+00   8.1297000e+00   7.3547000e+00   9.2627000e+00   9.7235000e+00
   7.9003000e+00   9.3417000e+00   8.2823000e+00   8.7280000e+00   9.2145000e+00   9.7404000e+00
   8.7449000e+00   8.4745000e+00   8.3610000e+00   8.2822000e+00   9.2689000e+00   9.7531000e+00
   7.9345000e+00   7.7748000e+00   7.7404000e+00   7.9043000e+00   9.4096000e+00   9.7904000e+00
   8.0144000e+00   7.9720000e+00   7.8930000e+00   7.9100000e+00   9.4938000e+00   9.7415000e+00
   8.0478000e+00   8.0527000e+00   8.0112000e+00   7.8129000e+00   9.5533000e+00   9.7923000e+00
   8.8086000e+00   8.4341000e+00   8.2308000e+00   7.8504000e+00   8.9792000e+00   9.1984000e+00
   1.0445600e+01   1.1064100e+01   1.0920700e+01   1.1449600e+01   9.0810000e+00   9.0088000e+00
   9.0761000e+00   9.8039000e+00   8.8277000e+00   8.8626000e+00   1.0722600e+01   1.0151100e+01
   8.6287000e+00   8.6975000e+00   8.1975000e+00   7.8264000e+00   9.6011000e+00   9.6172000e+00
   9.0160000e+00   9.9315000e+00   9.6089000e+00   1.0206900e+01   1.0319400e+01   9.2853000e+00
   9.8214000e+00   9.9012000e+00   1.0347900e+01   1.0251800e+01   1.0746000e+01   9.4142000e+00
   9.7801000e+00   1.1524000e+01   9.5050000e+00   9.7852000e+00   1.1048700e+01   9.8828000e+00
   7.5725000e+00   8.2288000e+00   7.9864000e+00   8.2500000e+00   1.0406100e+01   8.1111000e+00
   9.0838000e+00   3.9854000e+00   8.0015000e+00   7.4369000e+00   1.3740300e+01   1.0826400e+01
   9.2139000e+00   8.4564000e+00   1.0363500e+01   1.1649700e+01   1.1683300e+01   1.4285400e+01
   7.9932000e+00   4.5344000e+00   7.1526000e+00   6.3187000e+00   8.7049000e+00   1.2945000e+01
   9.0688000e+00   1.5840000e-01   8.2609000e+00   8.6142000e+00   7.8811000e+00   1.1663900e+01
   9.7663000e+00   4.6864000e+00   9.1931000e+00   9.3703000e+00   5.8454000e+00   7.7083000e+00
   9.1786000e+00   6.0089000e+00   8.8326000e+00   8.7663000e+00   6.3201000e+00   6.2645000e+00
   9.1457000e+00   9.5363000e+00   5.1450000e+00   3.6909000e+00   6.2555000e+00   4.8045000e+00
   8.6973000e+00   8.7439000e+00   9.1361000e+00   9.5535000e+00   5.2794000e+00   4.3978000e+00
   7.1379000e+00   8.0711000e+00   7.9409000e+00   8.7064000e+00   5.0928000e+00   6.0958000e+00
   7.3755000e+00   8.3968000e+00   7.9538000e+00   8.0345000e+00   5.1497000e+00   4.9998000e+00
   3.7800000e+00   4.6650000e+00   5.7416000e+00   7.2654000e+00   6.6577000e+00   4.7581000e+00
   2.5413000e+00   2.4177000e+00   3.5682000e+00   4.2738000e+00   7.7632000e+00   4.9308000e+00
   3.7107000e+00   3.9703000e+00   3.8972000e+00   4.1339000e+00   8.4104000e+00   5.9713000e+00
   4.4648000e+00   5.4885000e+00   5.7143000e+00   6.5323000e+00   8.4738000e+00   7.4605000e+00
   4.7386000e+00   6.3064000e+00   5.5081000e+00   5.9082000e+00   8.7833000e+00   8.2586000e+00
   4.8532000e+00   5.8399000e+00   5.7525000e+00   6.2835000e+00   8.4552000e+00   7.6471000e+00
   6.8722000e+00   7.5109000e+00   7.7996000e+00   8.3854000e+00   6.7529000e+00   6.6798000e+00
   7.2814000e+00   8.0217000e+00   7.5254000e+00   7.5481000e+00   6.2276000e+00   5.2789000e+00
   7.0623000e+00   7.5052000e+00   6.7562000e+00   6.5170000e+00   5.6064000e+00   5.6310000e+00
   6.7976000e+00   6.4532000e+00   6.4805000e+00   6.7533000e+00   6.2083000e+00   5.8853000e+00
   7.4476000e+00   7.1976000e+00   7.4800000e+00   7.5832000e+00   6.6120000e+00   5.4286000e+00
   7.6485000e+00   7.2658000e+00   7.6230000e+00   7.7037000e+00   6.3177000e+00   5.1928000e+00
   7.1514000e+00   6.8544000e+00   6.7563000e+00   6.8711000e+00   5.5398000e+00   4.9049000e+00
   7.5871000e+00   7.5641000e+00   7.2514000e+00   7.1646000e+00   4.7894000e+00   5.0147000e+00
   6.8818000e+00   7.3664000e+00   7.8593000e+00   8.5220000e+00   4.1751000e+00   5.1515000e+00
   6.6575000e+00   7.0237000e+00   7.0798000e+00   7.4314000e+00   4.3815000e+00   5.4440000e+00
   7.1356000e+00   7.2358000e+00   7.1926000e+00   7.2031000e+00   4.3039000e+00   5.6214000e+00
   6.8992000e+00   7.3791000e+00   7.2717000e+00   7.5093000e+00   4.3527000e+00   5.6425000e+00
   7.1172000e+00   7.4633000e+00   7.4931000e+00   7.7631000e+00   4.5945000e+00   5.6587000e+00
   7.1889000e+00   7.2462000e+00   7.4743000e+00   7.6151000e+00   5.1040000e+00   5.9680000e+00
   7.3547000e+00   7.2074000e+00   7.4368000e+00   7.5115000e+00   5.2418000e+00   6.2078000e+00
   7.1426000e+00   6.9948000e+00   7.3866000e+00   7.5399000e+00   5.1662000e+00   5.9944000e+00
   7.2262000e+00   7.1590000e+00   7.3868000e+00   7.4871000e+00   4.9979000e+00   5.6936000e+00
   7.2984000e+00   7.2610000e+00   7.4690000e+00   7.5992000e+00   5.1229000e+00   5.6646000e+00
   7.2214000e+00   7.1913000e+00   7.3536000e+00   7.4547000e+00   5.1550000e+00   5.6713000e+00
   7.1305000e+00   6.9278000e+00   7.1929000e+00   7.2421000e+00   5.1416000e+00   5.5552000e+00
   6.8641000e+00   6.5847000e+00   6.9185000e+00   6.9243000e+00   5.4603000e+00   5.6103000e+00
   6.7125000e+00   6.4700000e+00   6.7635000e+00   6.7738000e+00   5.8617000e+00   5.3121000e+00
   6.8127000e+00   6.6256000e+00   6.7226000e+00   6.6682000e+00   6.0777000e+00   5.2535000e+00
   7.1273000e+00   7.0107000e+00   6.9956000e+00   6.9644000e+00   6.2221000e+00   5.2053000e+00
   7.3704000e+00   7.1688000e+00   7.2819000e+00   7.2835000e+00   6.3094000e+00   5.0887000e+00
   7.3457000e+00   7.2068000e+00   7.3182000e+00   7.3421000e+00   6.2217000e+00   4.9988000e+00
   7.2833000e+00   7.2278000e+00   7.2882000e+00   7.3666000e+00   6.1461000e+00   5.1774000e+00
   7.0999000e+00   7.2318000e+00   7.2111000e+00   7.3639000e+00   5.9531000e+00   5.2589000e+00
   6.9113000e+00   7.1847000e+00   7.0486000e+00   7.2081000e+00   5.6243000e+00   5.3339000e+00
   6.8762000e+00   7.1357000e+00   6.9325000e+00   7.0894000e+00   5.3432000e+00   5.4422000e+00
   7.1407000e+00   7.1769000e+00   7.0622000e+00   7.1627000e+00   5.3143000e+00   5.5538000e+00
   7.1309000e+00   7.1787000e+00   7.1759000e+00   7.2342000e+00   5.3772000e+00   5.6994000e+00
   6.9165000e+00   6.8485000e+00   6.9610000e+00   7.0012000e+00   5.5577000e+00   5.6750000e+00
   7.2290000e+00   7.1976000e+00   7.0598000e+00   6.9462000e+00   5.6653000e+00   5.5595000e+00
   7.2019000e+00   7.2569000e+00   7.3483000e+00   7.4916000e+00   5.7693000e+00   5.5839000e+00
   7.1852000e+00   7.3530000e+00   7.1767000e+00   7.1762000e+00   5.8561000e+00   5.6522000e+00
   7.1665000e+00   7.2450000e+00   7.2078000e+00   7.3718000e+00   5.8377000e+00   5.5707000e+00
   7.0799000e+00   7.1854000e+00   7.0460000e+00   7.0619000e+00   5.6245000e+00   5.4023000e+00
   7.0917000e+00   7.1894000e+00   7.0794000e+00   7.0950000e+00   5.1596000e+00   5.1007000e+00
   6.7403000e+00   7.0865000e+00   6.9560000e+00   7.0481000e+00   4.8205000e+00   4.8223000e+00
   6.4071000e+00   6.7945000e+00   6.8196000e+00   7.1266000e+00   4.2745000e+00   4.1894000e+00
   6.3473000e+00   6.5036000e+00   6.6388000e+00   6.8424000e+00   3.7465000e+00   3.5210000e+00
   6.3602000e+00   6.6308000e+00   6.6449000e+00   6.7622000e+00   3.5887000e+00   3.4263000e+00
   6.1846000e+00   6.5255000e+00   6.6037000e+00   6.8918000e+00   3.6657000e+00   3.5103000e+00
   5.9679000e+00   6.3075000e+00   6.3921000e+00   6.6988000e+00   3.5555000e+00   3.4607000e+00
   5.9756000e+00   6.2395000e+00   6.2854000e+00   6.5495000e+00   3.6285000e+00   3.6055000e+00
   6.0831000e+00   6.2812000e+00   6.2865000e+00   6.4632000e+00   3.7062000e+00   3.7016000e+00
   6.0337000e+00   6.2300000e+00   6.2510000e+00   6.4131000e+00   3.7256000e+00   3.6967000e+00
   6.0077000e+00   6.1379000e+00   6.1379000e+00   6.2824000e+00   3.7293000e+00   3.6738000e+00
   6.0091000e+00   6.1496000e+00   6.0795000e+00   6.1574000e+00   3.6707000e+00   3.5890000e+00
   5.9691000e+00   6.2323000e+00   6.0894000e+00   6.1822000e+00   3.5751000e+00   3.4833000e+00
   5.8599000e+00   6.2687000e+00   6.0522000e+00   6.2438000e+00   3.4670000e+00   3.3476000e+00
   5.7116000e+00   6.2932000e+00   5.9790000e+00   6.2537000e+00   3.3576000e+00   3.2386000e+00
   5.6124000e+00   6.3588000e+00   5.9674000e+00   6.3154000e+00   3.3164000e+00   3.2197000e+00
   5.5662000e+00   6.4956000e+00   6.0582000e+00   6.4141000e+00   3.2428000e+00   3.1813000e+00
   5.6580000e+00   6.7359000e+00   6.3088000e+00   6.6418000e+00   3.1327000e+00   3.1168000e+00
   5.7738000e+00   6.9673000e+00   6.5654000e+00   6.8669000e+00   3.0127000e+00   3.0958000e+00
   5.9380000e+00   7.2444000e+00   6.8309000e+00   7.0968000e+00   2.9392000e+00   3.1444000e+00
   6.0376000e+00   7.4268000e+00   7.0617000e+00   7.3086000e+00   2.8765000e+00   3.2066000e+00
   6.0041000e+00   7.4396000e+00   7.1188000e+00   7.3518000e+00   2.8439000e+00   3.2763000e+00
   5.9762000e+00   7.4045000e+00   7.1177000e+00   7.3268000e+00   2.8976000e+00   3.3095000e+00
   5.8782000e+00   7.2133000e+00   6.9559000e+00   7.1164000e+00   2.9925000e+00   3.2991000e+00
   5.9049000e+00   7.1358000e+00   6.8352000e+00   6.9265000e+00   3.1731000e+00   3.2558000e+00
   6.0346000e+00   7.0956000e+00   6.7540000e+00   6.7679000e+00   3.2933000e+00   3.1281000e+00
   6.3653000e+00   7.1637000e+00   6.8012000e+00   6.7471000e+00   3.3012000e+00   3.0321000e+00
   6.7781000e+00   7.2244000e+00   6.8723000e+00   6.7468000e+00   3.3040000e+00   2.9230000e+00
   7.0876000e+00   7.2039000e+00   6.9065000e+00   6.7576000e+00   3.2622000e+00   2.8587000e+00
   7.3256000e+00   7.0872000e+00   6.8801000e+00   6.7597000e+00   3.3006000e+00   2.9214000e+00
   7.3489000e+00   6.8752000e+00   6.7415000e+00   6.6684000e+00   3.2923000e+00   2.9787000e+00
   7.2391000e+00   6.6831000e+00   6.5222000e+00   6.5201000e+00   3.2378000e+00   3.1212000e+00
   7.1714000e+00   6.5779000e+00   6.3842000e+00   6.4757000e+00   3.2588000e+00   3.2219000e+00
   7.0727000e+00   6.4492000e+00   6.2544000e+00   6.4103000e+00   3.3172000e+00   3.3389000e+00
   7.1130000e+00   6.4806000e+00   6.2049000e+00   6.3945000e+00   3.4031000e+00   3.4353000e+00
   6.9468000e+00   6.3264000e+00   5.9749000e+00   6.1175000e+00   3.5065000e+00   3.5386000e+00
   6.9539000e+00   6.3461000e+00   5.9397000e+00   6.0200000e+00   3.6844000e+00   3.7281000e+00
   7.0219000e+00   6.4963000e+00   6.0060000e+00   6.0698000e+00   3.8413000e+00   3.8535000e+00
   6.6649000e+00   6.3187000e+00   5.7621000e+00   5.8179000e+00   4.0189000e+00   4.0520000e+00
   6.3916000e+00   6.3482000e+00   5.6965000e+00   5.7474000e+00   4.0811000e+00   4.1464000e+00
   5.9663000e+00   5.9743000e+00   5.4002000e+00   5.3996000e+00   4.0262000e+00   3.8877000e+00
   5.8445000e+00   5.9227000e+00   5.4009000e+00   5.4260000e+00   4.2513000e+00   3.8581000e+00
   5.4374000e+00   5.4037000e+00   4.9490000e+00   4.9157000e+00   4.4707000e+00   4.2401000e+00
   5.1839000e+00   5.0739000e+00   4.7767000e+00   4.6898000e+00   4.0865000e+00   4.1749000e+00
   4.9790000e+00   5.0550000e+00   4.7607000e+00   4.7104000e+00   4.0518000e+00   4.3800000e+00
   4.6494000e+00   4.7877000e+00   4.4862000e+00   4.3662000e+00   3.9322000e+00   4.3060000e+00
   4.5825000e+00   4.7515000e+00   4.4536000e+00   4.3476000e+00   3.7969000e+00   4.1112000e+00
   4.2808000e+00   4.3053000e+00   4.1238000e+00   4.0318000e+00   3.6702000e+00   4.0816000e+00
   3.9657000e+00   3.7622000e+00   3.7575000e+00   3.6512000e+00   3.6654000e+00   4.1334000e+00
   3.9670000e+00   3.6679000e+00   3.7837000e+00   3.7005000e+00   3.4041000e+00   3.7758000e+00
   3.7902000e+00   3.4766000e+00   3.6398000e+00   3.5641000e+00   3.5971000e+00   3.9049000e+00
   3.6351000e+00   3.3819000e+00   3.5400000e+00   3.4769000e+00   3.9359000e+00   4.0303000e+00
   3.5495000e+00   3.2957000e+00   3.3980000e+00   3.3029000e+00   4.4336000e+00   4.4590000e+00
   3.4531000e+00   3.2609000e+00   3.3584000e+00   3.3099000e+00   4.7075000e+00   4.6296000e+00
   3.4012000e+00   3.1337000e+00   3.2447000e+00   3.1618000e+00   4.8264000e+00   4.9033000e+00
   3.1486000e+00   2.8466000e+00   2.9755000e+00   2.8888000e+00   4.6018000e+00   4.7949000e+00
   3.0968000e+00   2.8178000e+00   2.9664000e+00   2.8974000e+00   4.6077000e+00   4.8447000e+00
   2.8712000e+00   2.5556000e+00   2.7084000e+00   2.5975000e+00   4.4862000e+00   4.6693000e+00
   2.9142000e+00   2.5613000e+00   2.8158000e+00   2.7406000e+00   4.5048000e+00   4.6551000e+00
   3.0878000e+00   2.7219000e+00   2.9752000e+00   2.9148000e+00   4.4206000e+00   4.5092000e+00
   2.9927000e+00   2.7888000e+00   2.8500000e+00   2.7553000e+00   4.3450000e+00   4.3877000e+00
   2.9747000e+00   2.8162000e+00   2.8724000e+00   2.7987000e+00   4.1947000e+00   4.2183000e+00
   2.9528000e+00   2.8172000e+00   2.7592000e+00   2.6314000e+00   4.1865000e+00   4.1431000e+00
   2.7146000e+00   2.5880000e+00   2.5314000e+00   2.4121000e+00   4.0554000e+00   4.0020000e+00
   2.4599000e+00   2.3427000e+00   2.2778000e+00   2.1618000e+00   4.1489000e+00   4.1931000e+00
   2.1706000e+00   2.0007000e+00   2.0082000e+00   1.8826000e+00   4.1782000e+00   4.1388000e+00
   1.9409000e+00   1.6957000e+00   1.7423000e+00   1.5997000e+00   4.2562000e+00   4.9613000e+00
   1.8818000e+00   1.6549000e+00   1.6509000e+00   1.4955000e+00   5.2702000e+00   6.8976000e+00
   1.7098000e+00   1.6359000e+00   1.5572000e+00   1.5135000e+00   6.9825000e+00   7.4584000e+00
   1.2617000e+00   1.3463000e+00   1.2389000e+00   1.3114000e+00   7.2814000e+00   7.6261000e+00
   9.7950000e-01   1.1819000e+00   1.0703000e+00   1.1817000e+00   7.4505000e+00   7.5093000e+00
   1.1717000e+00   1.3001000e+00   1.2510000e+00   1.3083000e+00   7.3711000e+00   7.3387000e+00
   1.4826000e+00   1.4963000e+00   1.5499000e+00   1.5449000e+00   7.5218000e+00   7.1436000e+00
   1.8867000e+00   1.9182000e+00   1.9217000e+00   1.8854000e+00   7.1952000e+00   7.0699000e+00
   2.2456000e+00   2.2770000e+00   2.2218000e+00   2.1606000e+00   7.0214000e+00   7.0733000e+00
   2.6172000e+00   2.6026000e+00   2.5331000e+00   2.4404000e+00   7.1777000e+00   7.0594000e+00
   2.9733000e+00   2.9446000e+00   2.9024000e+00   2.8194000e+00   7.2121000e+00   7.0126000e+00
   3.3780000e+00   3.3039000e+00   3.2924000e+00   3.2109000e+00   7.3232000e+00   6.7646000e+00
   3.7517000e+00   3.6486000e+00   3.6689000e+00   3.5976000e+00   7.4590000e+00   6.6854000e+00
   4.2558000e+00   4.1435000e+00   4.1759000e+00   4.1188000e+00   7.2760000e+00   6.9245000e+00
   4.6185000e+00   4.5206000e+00   4.5548000e+00   4.5147000e+00   7.0597000e+00   6.7523000e+00
   4.8878000e+00   4.7736000e+00   4.8249000e+00   4.7948000e+00   7.0876000e+00   6.6715000e+00
   5.0017000e+00   4.8127000e+00   4.9127000e+00   4.8683000e+00   6.8870000e+00   6.9365000e+00
   5.1600000e+00   4.9387000e+00   5.0356000e+00   4.9816000e+00   6.6795000e+00   6.9329000e+00
   5.2655000e+00   5.0558000e+00   5.1331000e+00   5.0995000e+00   6.7646000e+00   6.9435000e+00
   5.2598000e+00   5.0882000e+00   5.1390000e+00   5.1323000e+00   6.8907000e+00   7.0270000e+00
   5.1837000e+00   5.0122000e+00   5.0768000e+00   5.1024000e+00   6.8218000e+00   6.9127000e+00
   5.1091000e+00   4.9271000e+00   4.9822000e+00   5.0168000e+00   6.8964000e+00   6.5880000e+00
   5.0247000e+00   4.8695000e+00   4.9173000e+00   4.9730000e+00   6.9954000e+00   6.3812000e+00
   4.8471000e+00   4.7334000e+00   4.7485000e+00   4.8144000e+00   6.6141000e+00   6.1976000e+00
   4.5768000e+00   4.4767000e+00   4.4601000e+00   4.5008000e+00   6.3030000e+00   5.8011000e+00
   4.4308000e+00   4.3555000e+00   4.2746000e+00   4.2695000e+00   6.0500000e+00   5.4815000e+00
   4.3194000e+00   4.2936000e+00   4.1707000e+00   4.1397000e+00   5.8313000e+00   5.4573000e+00
   4.1613000e+00   4.1611000e+00   4.0368000e+00   4.0009000e+00   5.6696000e+00   5.5366000e+00
   4.0080000e+00   4.0106000e+00   3.8714000e+00   3.8170000e+00   5.5086000e+00   5.4839000e+00
   4.0005000e+00   3.9672000e+00   3.8168000e+00   3.7305000e+00   5.2135000e+00   5.3776000e+00
   3.9593000e+00   3.8655000e+00   3.7497000e+00   3.6525000e+00   5.3272000e+00   5.1978000e+00
   3.8446000e+00   3.6838000e+00   3.6250000e+00   3.5229000e+00   5.3247000e+00   5.2489000e+00
   3.7200000e+00   3.4829000e+00   3.4832000e+00   3.3709000e+00   5.1971000e+00   5.0960000e+00
   3.6476000e+00   3.3598000e+00   3.3714000e+00   3.2450000e+00   5.0196000e+00   4.9529000e+00
   3.6073000e+00   3.3227000e+00   3.3361000e+00   3.2266000e+00   4.9549000e+00   4.8012000e+00
   3.5238000e+00   3.3060000e+00   3.3266000e+00   3.2681000e+00   4.3611000e+00   4.1652000e+00
   3.2816000e+00   3.2197000e+00   3.1772000e+00   3.1496000e+00   3.7346000e+00   3.6786000e+00
   3.0470000e+00   3.1266000e+00   2.9560000e+00   2.9116000e+00   3.5923000e+00   3.4216000e+00
   2.9051000e+00   2.9837000e+00   2.7587000e+00   2.6784000e+00   3.6163000e+00   3.7287000e+00
   2.9345000e+00   2.8906000e+00   2.6950000e+00   2.6249000e+00   4.0470000e+00   3.9247000e+00
   2.7519000e+00   2.5507000e+00   2.3398000e+00   2.2960000e+00   4.1309000e+00   3.9695000e+00
   2.7727000e+00   2.4082000e+00   2.1690000e+00   2.1941000e+00   4.5120000e+00   4.2770000e+00
   2.6796000e+00   2.2235000e+00   2.0447000e+00   2.2370000e+00   4.5019000e+00   4.4204000e+00
   2.6445000e+00   2.2232000e+00   2.2181000e+00   2.6261000e+00   4.5764000e+00   4.2870000e+00
   2.4520000e+00   2.2172000e+00   2.3658000e+00   2.8240000e+00   4.7730000e+00   4.2928000e+00
   2.6090000e+00   2.6087000e+00   2.7508000e+00   2.9634000e+00   4.6789000e+00   4.4255000e+00
   2.9675000e+00   3.0931000e+00   3.0658000e+00   2.9853000e+00   4.3630000e+00   4.2283000e+00
   3.4131000e+00   3.5176000e+00   3.4114000e+00   3.2157000e+00   4.3882000e+00   4.3716000e+00
   3.1411000e+00   3.1305000e+00   3.1323000e+00   2.9909000e+00   4.3750000e+00   4.5350000e+00
   3.3517000e+00   3.3427000e+00   3.4841000e+00   3.4768000e+00   4.1762000e+00   4.7461000e+00
   3.8747000e+00   3.8529000e+00   4.1220000e+00   4.1690000e+00   4.0954000e+00   4.6463000e+00
   4.3372000e+00   4.3653000e+00   4.5395000e+00   4.5501000e+00   4.3055000e+00   4.7228000e+00
   4.6841000e+00   4.7307000e+00   4.8237000e+00   4.8302000e+00   4.3051000e+00   4.7780000e+00
   5.1592000e+00   5.2069000e+00   5.3382000e+00   5.3799000e+00   4.3234000e+00   4.5613000e+00
   5.4849000e+00   5.5069000e+00   5.6702000e+00   5.7209000e+00   4.4294000e+00   4.4511000e+00
   6.0385000e+00   6.0769000e+00   6.1636000e+00   6.1950000e+00   4.5602000e+00   4.4103000e+00
   6.3431000e+00   6.3956000e+00   6.4123000e+00   6.4314000e+00   4.5552000e+00   4.4247000e+00
   6.7859000e+00   6.8411000e+00   6.8365000e+00   6.8588000e+00   4.5469000e+00   4.3483000e+00
   7.0452000e+00   7.1258000e+00   7.0894000e+00   7.1173000e+00   4.4849000e+00   4.3399000e+00
   7.2855000e+00   7.3374000e+00   7.2864000e+00   7.2878000e+00   4.5656000e+00   4.2186000e+00
   7.5405000e+00   7.5830000e+00   7.5575000e+00   7.5739000e+00   4.5378000e+00   4.2139000e+00
   7.8320000e+00   7.8559000e+00   7.8381000e+00   7.8437000e+00   4.4569000e+00   4.0823000e+00
   8.1620000e+00   8.2211000e+00   8.2249000e+00   8.2368000e+00   4.5395000e+00   4.0985000e+00
   8.3886000e+00   8.3267000e+00   8.4287000e+00   8.4551000e+00   4.4047000e+00   4.1145000e+00
   8.6877000e+00   8.6068000e+00   8.7032000e+00   8.7106000e+00   4.3688000e+00   4.0922000e+00
   9.0401000e+00   8.8598000e+00   8.9928000e+00   8.9331000e+00   4.3123000e+00   4.2585000e+00
   9.4300000e+00   8.9967000e+00   9.2148000e+00   9.0459000e+00   4.1914000e+00   4.1066000e+00
   9.7876000e+00   9.2653000e+00   9.4700000e+00   9.2361000e+00   4.1953000e+00   4.1675000e+00
   9.9601000e+00   9.3561000e+00   9.5884000e+00   9.3228000e+00   4.3975000e+00   4.4205000e+00
   1.0260000e+01   9.6104000e+00   9.7850000e+00   9.4748000e+00   4.4706000e+00   4.5168000e+00
   1.0311000e+01   9.5664000e+00   9.7133000e+00   9.3455000e+00   4.9008000e+00   4.8522000e+00
   1.0138100e+01   9.3901000e+00   9.5715000e+00   9.2836000e+00   5.1385000e+00   5.0697000e+00
   1.0023900e+01   9.3646000e+00   9.5602000e+00   9.3480000e+00   5.3689000e+00   5.1658000e+00
   9.8360000e+00   9.3286000e+00   9.4789000e+00   9.3215000e+00   5.4044000e+00   5.2163000e+00
   9.8622000e+00   9.4620000e+00   9.5778000e+00   9.4278000e+00   5.7090000e+00   5.0396000e+00
   9.9707000e+00   9.6384000e+00   9.7354000e+00   9.6054000e+00   5.6673000e+00   4.7870000e+00
   1.0078800e+01   9.7546000e+00   9.7716000e+00   9.6073000e+00   5.4572000e+00   4.8166000e+00
   1.0022700e+01   9.7491000e+00   9.7257000e+00   9.5827000e+00   5.2991000e+00   4.4610000e+00
   9.9077000e+00   9.6362000e+00   9.6175000e+00   9.4971000e+00   4.8946000e+00   4.8995000e+00
   9.5904000e+00   9.2734000e+00   9.2824000e+00   9.1756000e+00   4.5689000e+00   5.8052000e+00
   9.4674000e+00   9.3152000e+00   9.2480000e+00   9.1693000e+00   4.5535000e+00   7.2996000e+00
   9.3825000e+00   9.3085000e+00   9.2327000e+00   9.1769000e+00   6.3249000e+00   7.9204000e+00
   9.1586000e+00   9.1218000e+00   9.0278000e+00   8.9889000e+00   8.2198000e+00   8.9670000e+00
   8.9650000e+00   8.9425000e+00   8.8442000e+00   8.7954000e+00   9.1322000e+00   9.9251000e+00
   8.5948000e+00   8.5220000e+00   8.4550000e+00   8.3863000e+00   9.3948000e+00   9.9402000e+00
   8.4058000e+00   8.4117000e+00   8.2707000e+00   8.1872000e+00   9.6176000e+00   9.4527000e+00
   8.2803000e+00   8.3305000e+00   8.1761000e+00   8.1269000e+00   9.5386000e+00   9.3622000e+00
   8.1831000e+00   8.3277000e+00   8.1391000e+00   8.1170000e+00   9.4196000e+00   9.3974000e+00
   8.1033000e+00   8.2903000e+00   8.1226000e+00   8.1300000e+00   9.7785000e+00   9.4785000e+00
   7.9536000e+00   8.1591000e+00   8.0825000e+00   8.1637000e+00   9.8257000e+00   9.2796000e+00
   7.7807000e+00   7.9578000e+00   7.9824000e+00   8.1087000e+00   9.5038000e+00   9.1727000e+00
   7.8181000e+00   7.9594000e+00   7.9920000e+00   8.0894000e+00   9.3545000e+00   9.0417000e+00
   7.7979000e+00   7.9475000e+00   7.9813000e+00   8.0401000e+00   9.2052000e+00   8.7837000e+00
   7.7939000e+00   7.8876000e+00   7.9778000e+00   8.0454000e+00   8.9906000e+00   8.5640000e+00
   7.8172000e+00   7.8706000e+00   7.9758000e+00   8.0343000e+00   8.6145000e+00   8.2526000e+00
   7.9946000e+00   8.0145000e+00   8.0914000e+00   8.1031000e+00   8.4144000e+00   8.0916000e+00
   7.9987000e+00   8.0297000e+00   8.1148000e+00   8.1306000e+00   8.3219000e+00   8.3104000e+00
   8.0192000e+00   8.0380000e+00   8.1464000e+00   8.1725000e+00   8.3783000e+00   8.4198000e+00
   7.9722000e+00   7.9664000e+00   8.0347000e+00   8.0270000e+00   8.4226000e+00   8.4028000e+00
   8.0336000e+00   7.9990000e+00   8.0769000e+00   8.0513000e+00   8.4185000e+00   8.3350000e+00
   8.2147000e+00   8.1695000e+00   8.2618000e+00   8.2477000e+00   8.3947000e+00   8.2832000e+00
   8.0974000e+00   8.0590000e+00   8.1540000e+00   8.1512000e+00   8.2465000e+00   8.2387000e+00
   8.0478000e+00   7.9894000e+00   8.1046000e+00   8.1033000e+00   8.0141000e+00   8.1441000e+00
