   5.7838000e+02   5.8157000e+02   5.8043000e+02   5.8238000e+02   4.7617000e+02   4.7683000e+02
   6.0593000e+02   6.1084000e+02   6.0893000e+02   6.1045000e+02   5.1656000e+02   5.1263000e+02
   6.3368000e+02   6.3448000e+02   6.3328000e+02   6.3481000e+02   4.8392000e+02   4.8604000e+02
   6.0806000e+02   6.1322000e+02   6.1028000e+02   6.1110000e+02   4.9788000e+02   4.8929000e+02
   6.1233000e+02   6.1594000e+02   6.1490000e+02   6.1730000e+02   5.1126000e+02   5.0775000e+02
   5.9188000e+02   5.9737000e+02   5.9540000e+02   5.9799000e+02   5.1514000e+02   5.0917000e+02
   6.0223000e+02   6.0540000e+02   6.0351000e+02   6.0465000e+02   5.1348000e+02   5.1296000e+02
   5.8742000e+02   5.9108000e+02   5.9028000e+02   5.9047000e+02   4.7615000e+02   4.7379000e+02
   5.9198000e+02   5.9472000e+02   5.9467000e+02   5.9767000e+02   4.8933000e+02   4.8525000e+02
   6.0466000e+02   6.1095000e+02   6.0922000e+02   6.1051000e+02   5.1591000e+02   5.0894000e+02
   5.9453000e+02   5.9576000e+02   5.9391000e+02   5.9604000e+02   5.2317000e+02   5.1966000e+02
   6.1827000e+02   6.2386000e+02   6.2152000e+02   6.2259000e+02   5.1520000e+02   5.1381000e+02
   6.3471000e+02   6.3832000e+02   6.3598000e+02   6.3705000e+02   5.2058000e+02   5.1592000e+02
   6.2356000e+02   6.2744000e+02   6.2568000e+02   6.2709000e+02   5.2225000e+02   5.1535000e+02
   6.1971000e+02   6.2461000e+02   6.2398000e+02   6.2422000e+02   5.1119000e+02   5.0467000e+02
   6.4122000e+02   6.4505000e+02   6.4406000e+02   6.4558000e+02   5.3722000e+02   5.3022000e+02
   6.5942000e+02   6.6266000e+02   6.6120000e+02   6.6167000e+02   5.3558000e+02   5.3533000e+02
   6.4536000e+02   6.4892000e+02   6.4705000e+02   6.4876000e+02   5.1379000e+02   5.1775000e+02
   6.4412000e+02   6.4710000e+02   6.4580000e+02   6.4714000e+02   5.1241000e+02   5.1338000e+02
   6.2990000e+02   6.3229000e+02   6.3148000e+02   6.3314000e+02   4.9365000e+02   4.9400000e+02
   6.0702000e+02   6.1052000e+02   6.1047000e+02   6.1276000e+02   4.8816000e+02   4.8670000e+02
   6.1271000e+02   6.1676000e+02   6.1458000e+02   6.1661000e+02   4.9528000e+02   4.9331000e+02
   6.1963000e+02   6.2277000e+02   6.2046000e+02   6.2156000e+02   5.1042000e+02   5.0997000e+02
   6.1668000e+02   6.1890000e+02   6.1754000e+02   6.1931000e+02   5.1830000e+02   5.1484000e+02
   6.1563000e+02   6.1851000e+02   6.1816000e+02   6.2054000e+02   5.2470000e+02   5.2128000e+02
   6.0471000e+02   6.0948000e+02   6.0693000e+02   6.0964000e+02   5.2876000e+02   5.2232000e+02
   6.0575000e+02   6.1177000e+02   6.0888000e+02   6.1063000e+02   5.3176000e+02   5.2628000e+02
   6.0451000e+02   6.1148000e+02   6.0764000e+02   6.1002000e+02   5.3827000e+02   5.3430000e+02
   6.1599000e+02   6.2333000e+02   6.2089000e+02   6.2404000e+02   5.4640000e+02   5.4578000e+02
   6.1595000e+02   6.2469000e+02   6.2272000e+02   6.2710000e+02   5.4694000e+02   5.4529000e+02
   6.1389000e+02   6.2589000e+02   6.2171000e+02   6.2654000e+02   5.3555000e+02   5.3592000e+02
   6.0197000e+02   6.1797000e+02   6.1235000e+02   6.2211000e+02   5.1718000e+02   5.1858000e+02
   6.1301000e+02   6.0888000e+02   6.0995000e+02   6.1473000e+02   5.1225000e+02   5.1152000e+02
   6.1466000e+02   6.1231000e+02   6.1215000e+02   6.1309000e+02   5.0367000e+02   5.0490000e+02
   6.1569000e+02   6.2314000e+02   6.1829000e+02   6.2138000e+02   5.0117000e+02   5.0277000e+02
   6.1492000e+02   6.2088000e+02   6.1948000e+02   6.2682000e+02   4.9341000e+02   5.0083000e+02
   6.0892000e+02   6.1759000e+02   6.1731000e+02   6.2018000e+02   4.8536000e+02   4.9882000e+02
   5.9660000e+02   6.0613000e+02   6.0532000e+02   6.1527000e+02   4.7116000e+02   4.7982000e+02
   5.8687000e+02   5.9311000e+02   5.9203000e+02   6.0047000e+02   4.4655000e+02   4.6080000e+02
   5.4257000e+02   5.5613000e+02   5.5266000e+02   5.5879000e+02   4.2404000e+02   4.3081000e+02
   5.1865000e+02   5.2843000e+02   5.3108000e+02   5.4241000e+02   3.9888000e+02   4.0364000e+02
   4.9492000e+02   5.0220000e+02   5.0253000e+02   5.0958000e+02   3.7308000e+02   3.8276000e+02
   4.9278000e+02   5.0753000e+02   5.0979000e+02   5.2388000e+02   3.5895000e+02   3.6408000e+02
   4.9067000e+02   4.7816000e+02   4.8171000e+02   4.9085000e+02   3.4690000e+02   3.5395000e+02
   5.0418000e+02   5.1064000e+02   5.1001000e+02   4.9664000e+02   3.2608000e+02   3.3447000e+02
   4.8217000e+02   4.8885000e+02   4.7136000e+02   4.7259000e+02   3.0125000e+02   3.0339000e+02
   4.4274000e+02   4.5676000e+02   4.4670000e+02   4.5164000e+02   2.7736000e+02   2.8589000e+02
   4.4193000e+02   4.1229000e+02   4.1295000e+02   4.1225000e+02   2.5996000e+02   2.6315000e+02
   3.8516000e+02   4.1905000e+02   3.9225000e+02   4.0646000e+02   2.4524000e+02   2.4550000e+02
   3.8496000e+02   3.7366000e+02   3.8144000e+02   3.8494000e+02   2.2276000e+02   2.3964000e+02
   3.8296000e+02   3.9535000e+02   3.8807000e+02   3.9480000e+02   2.2780000e+02   2.4929000e+02
   3.8432000e+02   4.1000000e+02   4.0357000e+02   4.1714000e+02   2.2089000e+02   2.3202000e+02
   3.7648000e+02   3.8285000e+02   3.9061000e+02   3.9718000e+02   2.0156000e+02   2.4605000e+02
   3.7532000e+02   3.8209000e+02   3.7773000e+02   3.8200000e+02   2.2012000e+02   2.5406000e+02
   3.5826000e+02   3.6858000e+02   3.6605000e+02   3.7146000e+02   2.1036000e+02   2.4061000e+02
   3.5141000e+02   3.6116000e+02   3.6129000e+02   3.6819000e+02   2.0394000e+02   2.2519000e+02
   3.4786000e+02   3.5812000e+02   3.5752000e+02   3.6358000e+02   2.0295000e+02   2.1546000e+02
   3.4361000e+02   3.5200000e+02   3.5116000e+02   3.5651000e+02   1.9095000e+02   2.0549000e+02
   3.3824000e+02   3.4793000e+02   3.4803000e+02   3.5237000e+02   1.8411000e+02   1.9439000e+02
   3.4105000e+02   3.4371000e+02   3.4647000e+02   3.4983000e+02   1.7298000e+02   1.8461000e+02
   3.4708000e+02   3.5524000e+02   3.5645000e+02   3.6136000e+02   1.7887000e+02   1.8055000e+02
   3.5902000e+02   3.7008000e+02   3.6750000e+02   3.7150000e+02   1.7741000e+02   1.8467000e+02
   3.5759000e+02   3.6137000e+02   3.6281000e+02   3.6272000e+02   1.6625000e+02   1.7790000e+02
   3.6058000e+02   3.6398000e+02   3.6964000e+02   3.6928000e+02   1.8256000e+02   1.9874000e+02
   3.5114000e+02   3.4770000e+02   3.5225000e+02   3.5568000e+02   1.9041000e+02   1.9934000e+02
   4.1410000e+02   4.1578000e+02   4.1230000e+02   4.1558000e+02   1.9067000e+02   2.0441000e+02
   4.2309000e+02   4.2138000e+02   4.2076000e+02   4.2070000e+02   2.0075000e+02   2.1888000e+02
   4.5032000e+02   4.7274000e+02   4.6530000e+02   4.6630000e+02   2.3756000e+02   2.4758000e+02
   4.7589000e+02   4.8199000e+02   4.8478000e+02   4.7678000e+02   2.5008000e+02   2.6076000e+02
   4.7988000e+02   4.8976000e+02   4.9279000e+02   4.8838000e+02   2.6628000e+02   2.6642000e+02
   4.7429000e+02   4.8864000e+02   4.9375000e+02   5.0839000e+02   2.7154000e+02   2.8141000e+02
   4.7737000e+02   4.7321000e+02   4.7866000e+02   4.8240000e+02   2.5054000e+02   2.7191000e+02
   4.8368000e+02   4.8410000e+02   4.8762000e+02   4.8967000e+02   2.6580000e+02   2.7394000e+02
   5.0078000e+02   5.0090000e+02   5.0359000e+02   5.0656000e+02   2.7236000e+02   2.8918000e+02
   4.8276000e+02   4.8574000e+02   4.8704000e+02   4.8855000e+02   2.7249000e+02   2.8200000e+02
   4.9672000e+02   4.9450000e+02   4.9556000e+02   4.9416000e+02   2.7377000e+02   2.9233000e+02
   4.8724000e+02   4.9076000e+02   4.9463000e+02   5.0001000e+02   2.9532000e+02   3.0081000e+02
   4.8819000e+02   4.9226000e+02   4.9332000e+02   4.9811000e+02   3.0018000e+02   3.1539000e+02
   5.0176000e+02   5.0364000e+02   5.0383000e+02   5.0459000e+02   3.0574000e+02   3.1450000e+02
   5.1015000e+02   5.1487000e+02   5.1369000e+02   5.1480000e+02   3.1643000e+02   3.2637000e+02
   5.3177000e+02   5.3675000e+02   5.3590000e+02   5.3920000e+02   3.2846000e+02   3.3712000e+02
   5.2512000e+02   5.3073000e+02   5.3268000e+02   5.3720000e+02   3.3996000e+02   3.4849000e+02
   5.2997000e+02   5.3221000e+02   5.3289000e+02   5.3628000e+02   3.4647000e+02   3.5929000e+02
   5.3698000e+02   5.3854000e+02   5.3976000e+02   5.4291000e+02   3.5067000e+02   3.6262000e+02
   5.3562000e+02   5.3922000e+02   5.4059000e+02   5.4452000e+02   3.4861000e+02   3.6580000e+02
   5.3685000e+02   5.4104000e+02   5.4185000e+02   5.4543000e+02   3.5752000e+02   3.6379000e+02
   5.4193000e+02   5.4571000e+02   5.4704000e+02   5.5148000e+02   3.6957000e+02   3.8080000e+02
   5.0960000e+02   5.1346000e+02   5.1435000e+02   5.1655000e+02   3.5035000e+02   3.6184000e+02
   4.8986000e+02   4.9374000e+02   4.9374000e+02   4.9634000e+02   3.3228000e+02   3.4921000e+02
   4.8491000e+02   4.8879000e+02   4.8909000e+02   4.9206000e+02   3.3456000e+02   3.4520000e+02
   4.8772000e+02   4.9186000e+02   4.9146000e+02   4.9268000e+02   3.4508000e+02   3.5614000e+02
   5.0110000e+02   5.0373000e+02   5.0326000e+02   5.0277000e+02   3.5208000e+02   3.6829000e+02
   4.9649000e+02   4.9959000e+02   5.0035000e+02   5.0174000e+02   3.3761000e+02   3.6140000e+02
   4.8082000e+02   4.8365000e+02   4.8232000e+02   4.8450000e+02   3.2466000e+02   3.4146000e+02
   4.6048000e+02   4.6174000e+02   4.6310000e+02   4.6455000e+02   3.1526000e+02   3.2398000e+02
   4.5899000e+02   4.5992000e+02   4.6054000e+02   4.6109000e+02   3.1893000e+02   3.2955000e+02
   4.5802000e+02   4.6059000e+02   4.6244000e+02   4.6554000e+02   3.3270000e+02   3.4159000e+02
   4.5084000e+02   4.5431000e+02   4.5654000e+02   4.5902000e+02   3.4398000e+02   3.5335000e+02
   4.4839000e+02   4.5240000e+02   4.5237000e+02   4.5541000e+02   3.4808000e+02   3.5887000e+02
   4.5503000e+02   4.5728000e+02   4.5914000e+02   4.6206000e+02   3.5479000e+02   3.6648000e+02
   4.6094000e+02   4.6356000e+02   4.6319000e+02   4.6494000e+02   3.5196000e+02   3.6521000e+02
   4.5869000e+02   4.6086000e+02   4.6141000e+02   4.6335000e+02   3.5386000e+02   3.6590000e+02
   4.5854000e+02   4.6001000e+02   4.6082000e+02   4.6118000e+02   3.6103000e+02   3.7504000e+02
   4.6159000e+02   4.6450000e+02   4.6369000e+02   4.6447000e+02   3.6341000e+02   3.7964000e+02
   4.6674000e+02   4.6799000e+02   4.6781000e+02   4.6882000e+02   3.6948000e+02   3.8276000e+02
   4.6880000e+02   4.7095000e+02   4.7075000e+02   4.7307000e+02   3.6930000e+02   3.8629000e+02
   4.7264000e+02   4.7492000e+02   4.7472000e+02   4.7645000e+02   3.6946000e+02   3.8310000e+02
   4.6763000e+02   4.6992000e+02   4.6994000e+02   4.7129000e+02   3.6502000e+02   3.7892000e+02
   4.6926000e+02   4.6964000e+02   4.7112000e+02   4.7271000e+02   3.6709000e+02   3.7888000e+02
   4.7584000e+02   4.7717000e+02   4.7717000e+02   4.7878000e+02   3.7520000e+02   3.8517000e+02
   4.7699000e+02   4.7757000e+02   4.7820000e+02   4.7886000e+02   3.8311000e+02   3.9165000e+02
   5.0542000e+02   5.0754000e+02   5.0905000e+02   5.1049000e+02   4.1244000e+02   4.2483000e+02
   5.2339000e+02   5.2549000e+02   5.2653000e+02   5.2762000e+02   4.3304000e+02   4.4801000e+02
   5.3114000e+02   5.3278000e+02   5.3288000e+02   5.3485000e+02   4.4503000e+02   4.5965000e+02
   5.3271000e+02   5.3404000e+02   5.3516000e+02   5.3571000e+02   4.4575000e+02   4.6083000e+02
   5.2479000e+02   5.2579000e+02   5.2681000e+02   5.2787000e+02   4.4843000e+02   4.6107000e+02
   5.3043000e+02   5.3095000e+02   5.3185000e+02   5.3277000e+02   4.5842000e+02   4.7103000e+02
   5.4224000e+02   5.4352000e+02   5.4371000e+02   5.4573000e+02   4.7186000e+02   4.8591000e+02
   5.6374000e+02   5.6482000e+02   5.6495000e+02   5.6636000e+02   4.8493000e+02   5.0118000e+02
   5.7387000e+02   5.7412000e+02   5.7530000e+02   5.7512000e+02   4.9278000e+02   5.0797000e+02
   5.6886000e+02   5.7074000e+02   5.7148000e+02   5.7234000e+02   4.9162000e+02   5.0661000e+02
   5.7176000e+02   5.7246000e+02   5.7375000e+02   5.7513000e+02   4.9287000e+02   5.0808000e+02
   5.7263000e+02   5.7461000e+02   5.7553000e+02   5.7629000e+02   4.9151000e+02   5.0531000e+02
   5.7570000e+02   5.7782000e+02   5.7837000e+02   5.8032000e+02   4.9607000e+02   5.0662000e+02
   5.8310000e+02   5.8629000e+02   5.8754000e+02   5.8956000e+02   5.0404000e+02   5.1619000e+02
   5.8665000e+02   5.8848000e+02   5.8978000e+02   5.9150000e+02   5.0588000e+02   5.2065000e+02
   5.8872000e+02   5.9110000e+02   5.9322000e+02   5.9490000e+02   5.0528000e+02   5.2009000e+02
   5.8501000e+02   5.8719000e+02   5.8956000e+02   5.9189000e+02   5.0195000e+02   5.1612000e+02
   5.8263000e+02   5.8557000e+02   5.8789000e+02   5.9107000e+02   4.9966000e+02   5.1477000e+02
   5.8187000e+02   5.8470000e+02   5.8759000e+02   5.9051000e+02   4.9930000e+02   5.1269000e+02
   5.8374000e+02   5.8624000e+02   5.8904000e+02   5.9186000e+02   5.0040000e+02   5.1358000e+02
   5.9078000e+02   5.9550000e+02   5.9651000e+02   5.9946000e+02   5.0207000e+02   5.1723000e+02
   5.9085000e+02   5.9460000e+02   5.9743000e+02   6.0060000e+02   4.9644000e+02   5.1321000e+02
   5.9147000e+02   5.9324000e+02   5.9619000e+02   6.0005000e+02   4.9201000e+02   5.0849000e+02
   5.8516000e+02   5.8816000e+02   5.9118000e+02   5.9437000e+02   4.8836000e+02   5.0297000e+02
   5.6612000e+02   5.6914000e+02   5.7316000e+02   5.7545000e+02   4.7087000e+02   4.8778000e+02
   5.4990000e+02   5.5112000e+02   5.5496000e+02   5.5707000e+02   4.5723000e+02   4.7453000e+02
   5.4342000e+02   5.4487000e+02   5.4762000e+02   5.5048000e+02   4.4601000e+02   4.6168000e+02
   5.3214000e+02   5.3660000e+02   5.3935000e+02   5.4317000e+02   4.3960000e+02   4.5384000e+02
   5.2637000e+02   5.3024000e+02   5.3258000e+02   5.3537000e+02   4.3274000e+02   4.4514000e+02
   5.1776000e+02   5.2179000e+02   5.2338000e+02   5.2591000e+02   4.1942000e+02   4.3256000e+02
   5.0383000e+02   5.0875000e+02   5.1110000e+02   5.1412000e+02   4.0446000e+02   4.1695000e+02
   4.8952000e+02   4.9309000e+02   4.9563000e+02   4.9866000e+02   3.8506000e+02   3.9960000e+02
   4.8108000e+02   4.8461000e+02   4.8733000e+02   4.8997000e+02   3.7490000e+02   3.8747000e+02
   4.7672000e+02   4.8082000e+02   4.8285000e+02   4.8468000e+02   3.6507000e+02   3.7889000e+02
   4.6851000e+02   4.7289000e+02   4.7435000e+02   4.7592000e+02   3.5221000e+02   3.6571000e+02
   4.6450000e+02   4.6780000e+02   4.6900000e+02   4.7050000e+02   3.4105000e+02   3.5074000e+02
   4.4767000e+02   4.4950000e+02   4.5253000e+02   4.5315000e+02   3.1760000e+02   3.2689000e+02
   4.2987000e+02   4.3258000e+02   4.3280000e+02   4.3356000e+02   2.9725000e+02   3.0699000e+02
   4.1886000e+02   4.1960000e+02   4.2141000e+02   4.2393000e+02   2.7890000e+02   2.9157000e+02
   4.0588000e+02   4.1024000e+02   4.1080000e+02   4.1337000e+02   2.6008000e+02   2.7765000e+02
   3.9042000e+02   3.9419000e+02   3.9648000e+02   3.9991000e+02   2.4514000e+02   2.6365000e+02
   3.7382000e+02   3.7681000e+02   3.7735000e+02   3.7852000e+02   2.3543000e+02   2.4996000e+02
   3.5518000e+02   3.5727000e+02   3.5868000e+02   3.6261000e+02   2.2191000e+02   2.4060000e+02
   3.4004000e+02   3.4150000e+02   3.4562000e+02   3.4836000e+02   2.0497000e+02   2.2492000e+02
   3.3499000e+02   3.4006000e+02   3.4328000e+02   3.4991000e+02   1.9888000e+02   2.2004000e+02
   3.3760000e+02   3.4642000e+02   3.4529000e+02   3.4719000e+02   1.8777000e+02   2.1339000e+02
   3.4389000e+02   3.4469000e+02   3.4725000e+02   3.5035000e+02   1.8843000e+02   2.1128000e+02
   3.3923000e+02   3.4451000e+02   3.4646000e+02   3.5084000e+02   1.9123000e+02   2.1450000e+02
   3.6229000e+02   3.6668000e+02   3.6821000e+02   3.7245000e+02   1.9772000e+02   2.1813000e+02
   3.7305000e+02   3.7850000e+02   3.8077000e+02   3.8485000e+02   2.3455000e+02   2.4576000e+02
   3.8767000e+02   3.9093000e+02   3.9185000e+02   3.9524000e+02   2.4032000e+02   2.5811000e+02
   3.9394000e+02   3.9708000e+02   3.9847000e+02   4.0091000e+02   2.4693000e+02   2.5782000e+02
   4.1763000e+02   4.1901000e+02   4.1844000e+02   4.2186000e+02   2.5309000e+02   2.6707000e+02
   4.2475000e+02   4.2624000e+02   4.2956000e+02   4.3269000e+02   2.5703000e+02   2.7558000e+02
   4.3662000e+02   4.3795000e+02   4.4230000e+02   4.4813000e+02   2.5911000e+02   2.8300000e+02
   4.3873000e+02   4.4287000e+02   4.4342000e+02   4.4545000e+02   2.7582000e+02   2.9178000e+02
   4.4396000e+02   4.4662000e+02   4.4796000e+02   4.5055000e+02   2.9229000e+02   3.1009000e+02
   4.5792000e+02   4.5927000e+02   4.5956000e+02   4.6144000e+02   3.0006000e+02   3.1772000e+02
   4.8010000e+02   4.8242000e+02   4.8589000e+02   4.8980000e+02   3.2835000e+02   3.4425000e+02
   4.8300000e+02   4.8441000e+02   4.8952000e+02   4.9357000e+02   3.3397000e+02   3.5826000e+02
   4.7774000e+02   4.7903000e+02   4.8246000e+02   4.8419000e+02   3.4484000e+02   3.6558000e+02
   4.9073000e+02   4.9226000e+02   4.9574000e+02   4.9937000e+02   3.4894000e+02   3.7003000e+02
   5.0293000e+02   5.0413000e+02   5.0799000e+02   5.1151000e+02   3.6428000e+02   3.8463000e+02
   4.9122000e+02   4.9339000e+02   4.9893000e+02   5.0357000e+02   3.8051000e+02   3.9433000e+02
   4.9957000e+02   5.0015000e+02   5.0375000e+02   5.0697000e+02   4.0659000e+02   4.2120000e+02
   5.0530000e+02   5.0556000e+02   5.0985000e+02   5.1324000e+02   4.2429000e+02   4.3929000e+02
   5.1837000e+02   5.1939000e+02   5.2527000e+02   5.2861000e+02   4.3985000e+02   4.5021000e+02
   5.1970000e+02   5.1984000e+02   5.2352000e+02   5.2558000e+02   4.4981000e+02   4.6197000e+02
   5.2533000e+02   5.2423000e+02   5.2892000e+02   5.3060000e+02   4.6005000e+02   4.7019000e+02
   5.3429000e+02   5.3311000e+02   5.3674000e+02   5.3891000e+02   4.7530000e+02   4.8347000e+02
   5.4562000e+02   5.4395000e+02   5.4581000e+02   5.4559000e+02   4.8654000e+02   4.9429000e+02
   5.5870000e+02   5.5916000e+02   5.6006000e+02   5.6055000e+02   4.9920000e+02   5.0865000e+02
   5.4453000e+02   5.4634000e+02   5.4648000e+02   5.4672000e+02   4.8228000e+02   4.9268000e+02
   5.2675000e+02   5.2607000e+02   5.2830000e+02   5.2980000e+02   4.5956000e+02   4.7221000e+02
   5.2014000e+02   5.2010000e+02   5.2382000e+02   5.2575000e+02   4.5412000e+02   4.6667000e+02
   5.2180000e+02   5.2018000e+02   5.2028000e+02   5.2200000e+02   4.6008000e+02   4.7205000e+02
   5.3951000e+02   5.3818000e+02   5.3768000e+02   5.3747000e+02   4.7210000e+02   4.8553000e+02
   5.3854000e+02   5.3582000e+02   5.3840000e+02   5.4008000e+02   4.7640000e+02   4.9244000e+02
   5.3247000e+02   5.2997000e+02   5.3358000e+02   5.3378000e+02   4.6852000e+02   4.8420000e+02
   5.1123000e+02   5.1097000e+02   5.1237000e+02   5.1321000e+02   4.4380000e+02   4.6025000e+02
   5.0256000e+02   5.0162000e+02   5.0377000e+02   5.0527000e+02   4.3317000e+02   4.4909000e+02
   5.0344000e+02   5.0120000e+02   5.0506000e+02   5.0498000e+02   4.3299000e+02   4.4793000e+02
   5.0129000e+02   5.0107000e+02   5.0346000e+02   5.0477000e+02   4.3949000e+02   4.5101000e+02
   5.0712000e+02   5.0607000e+02   5.0758000e+02   5.0710000e+02   4.4423000e+02   4.5738000e+02
   5.3189000e+02   5.3117000e+02   5.3316000e+02   5.3194000e+02   4.5434000e+02   4.6747000e+02
   5.3087000e+02   5.2982000e+02   5.3214000e+02   5.3372000e+02   4.5052000e+02   4.6627000e+02
   5.2304000e+02   5.2261000e+02   5.2474000e+02   5.2562000e+02   4.4949000e+02   4.5964000e+02
   5.2333000e+02   5.2392000e+02   5.2504000e+02   5.2663000e+02   4.5100000e+02   4.5801000e+02
   5.2077000e+02   5.2250000e+02   5.2428000e+02   5.2659000e+02   4.5598000e+02   4.5841000e+02
   5.2398000e+02   5.2216000e+02   5.2607000e+02   5.2694000e+02   4.6240000e+02   4.6999000e+02
   5.3035000e+02   5.2896000e+02   5.3244000e+02   5.3367000e+02   4.7070000e+02   4.8076000e+02
   5.3723000e+02   5.3549000e+02   5.3942000e+02   5.4130000e+02   4.7868000e+02   4.8892000e+02
   5.3567000e+02   5.3432000e+02   5.3740000e+02   5.3823000e+02   4.7986000e+02   4.9207000e+02
   5.4046000e+02   5.4017000e+02   5.4205000e+02   5.4356000e+02   4.8382000e+02   4.9630000e+02
   5.5165000e+02   5.4977000e+02   5.5238000e+02   5.5179000e+02   4.9076000e+02   5.0304000e+02
   5.6038000e+02   5.5893000e+02   5.6049000e+02   5.6176000e+02   4.9774000e+02   5.1204000e+02
   5.9805000e+02   5.9553000e+02   5.9838000e+02   5.9875000e+02   5.3006000e+02   5.4716000e+02
   6.2563000e+02   6.2450000e+02   6.2641000e+02   6.2722000e+02   5.5393000e+02   5.6994000e+02
   6.3704000e+02   6.3601000e+02   6.3789000e+02   6.3854000e+02   5.6477000e+02   5.7911000e+02
   6.4306000e+02   6.4096000e+02   6.4287000e+02   6.4310000e+02   5.6875000e+02   5.8418000e+02
   6.3817000e+02   6.3782000e+02   6.3892000e+02   6.3960000e+02   5.6703000e+02   5.7959000e+02
   6.4075000e+02   6.4119000e+02   6.4389000e+02   6.4655000e+02   5.7476000e+02   5.8644000e+02
   6.5508000e+02   6.5400000e+02   6.5539000e+02   6.5713000e+02   5.8928000e+02   6.0044000e+02
   6.7211000e+02   6.7192000e+02   6.7438000e+02   6.7525000e+02   6.1157000e+02   6.2319000e+02
   6.7964000e+02   6.7959000e+02   6.8200000e+02   6.8237000e+02   6.2181000e+02   6.3387000e+02
   6.7840000e+02   6.7840000e+02   6.8083000e+02   6.8169000e+02   6.2314000e+02   6.3445000e+02
   6.7853000e+02   6.7772000e+02   6.8173000e+02   6.8217000e+02   6.2285000e+02   6.3813000e+02
   6.7640000e+02   6.7618000e+02   6.7832000e+02   6.8033000e+02   6.2043000e+02   6.3648000e+02
   6.6777000e+02   6.6815000e+02   6.7135000e+02   6.7322000e+02   6.1648000e+02   6.3251000e+02
   6.6825000e+02   6.6884000e+02   6.7142000e+02   6.7338000e+02   6.1856000e+02   6.3380000e+02
   6.7078000e+02   6.7131000e+02   6.7341000e+02   6.7504000e+02   6.1963000e+02   6.3240000e+02
   6.7209000e+02   6.7289000e+02   6.7616000e+02   6.7796000e+02   6.1694000e+02   6.3368000e+02
   6.6900000e+02   6.6977000e+02   6.7271000e+02   6.7403000e+02   6.1391000e+02   6.3090000e+02
   6.6291000e+02   6.6304000e+02   6.6670000e+02   6.6911000e+02   6.1228000e+02   6.2716000e+02
   6.5669000e+02   6.5713000e+02   6.6050000e+02   6.6256000e+02   6.0926000e+02   6.2306000e+02
   6.5239000e+02   6.5213000e+02   6.5545000e+02   6.5842000e+02   6.0249000e+02   6.1723000e+02
   6.5061000e+02   6.5197000e+02   6.5536000e+02   6.5808000e+02   6.0188000e+02   6.1605000e+02
   6.4474000e+02   6.4585000e+02   6.5081000e+02   6.5283000e+02   5.9724000e+02   6.1104000e+02
   6.3912000e+02   6.4075000e+02   6.4387000e+02   6.4587000e+02   5.9433000e+02   6.0698000e+02
   6.3570000e+02   6.3715000e+02   6.3998000e+02   6.4283000e+02   5.8949000e+02   6.0155000e+02
   6.0661000e+02   6.0860000e+02   6.1118000e+02   6.1393000e+02   5.6369000e+02   5.7547000e+02
   5.8526000e+02   5.8669000e+02   5.9023000e+02   5.9236000e+02   5.3750000e+02   5.4989000e+02
   5.7229000e+02   5.7336000e+02   5.7781000e+02   5.7983000e+02   5.2243000e+02   5.3450000e+02
   5.6231000e+02   5.6414000e+02   5.6749000e+02   5.6964000e+02   5.1201000e+02   5.2272000e+02
   5.5734000e+02   5.5912000e+02   5.6303000e+02   5.6619000e+02   5.0672000e+02   5.1658000e+02
   5.4585000e+02   5.4700000e+02   5.5056000e+02   5.5441000e+02   4.9417000e+02   5.0437000e+02
   5.2908000e+02   5.2919000e+02   5.3365000e+02   5.3634000e+02   4.7613000e+02   4.8814000e+02
   5.0599000e+02   5.0735000e+02   5.1037000e+02   5.1402000e+02   4.4871000e+02   4.6254000e+02
   4.9155000e+02   4.9247000e+02   4.9608000e+02   4.9893000e+02   4.3275000e+02   4.4562000e+02
   4.8309000e+02   4.8461000e+02   4.8889000e+02   4.9201000e+02   4.2317000e+02   4.3464000e+02
   4.7527000e+02   4.7544000e+02   4.7981000e+02   4.8190000e+02   4.1272000e+02   4.2324000e+02
   4.6450000e+02   4.6692000e+02   4.7120000e+02   4.7462000e+02   4.0450000e+02   4.1384000e+02
   4.5948000e+02   4.6043000e+02   4.6530000e+02   4.6842000e+02   3.9117000e+02   4.0235000e+02
   4.4364000e+02   4.4527000e+02   4.4947000e+02   4.5303000e+02   3.8183000e+02   3.9047000e+02
   4.2912000e+02   4.3124000e+02   4.3467000e+02   4.3726000e+02   3.7171000e+02   3.8016000e+02
   4.1954000e+02   4.2055000e+02   4.2507000e+02   4.2738000e+02   3.6136000e+02   3.7294000e+02
   4.1464000e+02   4.1454000e+02   4.1862000e+02   4.2028000e+02   3.4962000e+02   3.6342000e+02
   4.0758000e+02   4.0759000e+02   4.1100000e+02   4.1276000e+02   3.4178000e+02   3.5652000e+02
   4.0195000e+02   4.0261000e+02   4.0574000e+02   4.0787000e+02   3.3133000e+02   3.4797000e+02
   3.9518000e+02   3.9438000e+02   3.9809000e+02   3.9952000e+02   3.2501000e+02   3.4044000e+02
   3.8687000e+02   3.8726000e+02   3.9077000e+02   3.9292000e+02   3.1607000e+02   3.3183000e+02
   3.8586000e+02   3.8605000e+02   3.8970000e+02   3.9121000e+02   3.0600000e+02   3.2500000e+02
   3.8390000e+02   3.8539000e+02   3.8750000e+02   3.8972000e+02   3.0374000e+02   3.2179000e+02
   3.8101000e+02   3.8258000e+02   3.8458000e+02   3.8662000e+02   3.0302000e+02   3.1589000e+02
   3.9657000e+02   3.9717000e+02   4.0024000e+02   4.0254000e+02   3.1472000e+02   3.2558000e+02
   4.0650000e+02   4.0700000e+02   4.1048000e+02   4.1268000e+02   3.2852000e+02   3.4108000e+02
   4.1134000e+02   4.1145000e+02   4.1517000e+02   4.1731000e+02   3.3597000e+02   3.4788000e+02
   4.1060000e+02   4.1266000e+02   4.1514000e+02   4.1724000e+02   3.4415000e+02   3.5472000e+02
   4.1209000e+02   4.1220000e+02   4.1565000e+02   4.1749000e+02   3.4567000e+02   3.5863000e+02
   4.1852000e+02   4.1835000e+02   4.2086000e+02   4.2172000e+02   3.4935000e+02   3.6212000e+02
   4.2240000e+02   4.2212000e+02   4.2642000e+02   4.2913000e+02   3.5871000e+02   3.6951000e+02
   4.3603000e+02   4.3802000e+02   4.3947000e+02   4.3933000e+02   3.7418000e+02   3.8210000e+02
   4.3481000e+02   4.3417000e+02   4.3719000e+02   4.3890000e+02   3.8350000e+02   3.9274000e+02
   4.3593000e+02   4.3520000e+02   4.3910000e+02   4.4192000e+02   3.8988000e+02   4.0066000e+02
   4.4105000e+02   4.4100000e+02   4.4308000e+02   4.4415000e+02   4.0347000e+02   4.1048000e+02
   4.4512000e+02   4.4417000e+02   4.4878000e+02   4.4984000e+02   4.1118000e+02   4.2060000e+02
   4.4315000e+02   4.4202000e+02   4.4544000e+02   4.4643000e+02   4.1889000e+02   4.2667000e+02
   4.5602000e+02   4.5352000e+02   4.5751000e+02   4.5917000e+02   4.1865000e+02   4.3207000e+02
   4.6304000e+02   4.6141000e+02   4.6536000e+02   4.6704000e+02   4.2867000e+02   4.3874000e+02
   4.7866000e+02   4.7694000e+02   4.8008000e+02   4.8078000e+02   4.3550000e+02   4.4617000e+02
   4.9267000e+02   4.9079000e+02   4.9348000e+02   4.9434000e+02   4.4870000e+02   4.5502000e+02
   5.0179000e+02   4.9660000e+02   5.0060000e+02   5.0291000e+02   4.5284000e+02   4.6419000e+02
   5.0710000e+02   5.0609000e+02   5.0793000e+02   5.0819000e+02   4.5963000e+02   4.6553000e+02
   5.1126000e+02   5.1150000e+02   5.1328000e+02   5.1453000e+02   4.6142000e+02   4.7158000e+02
   5.2054000e+02   5.1942000e+02   5.2135000e+02   5.2185000e+02   4.7039000e+02   4.7777000e+02
   5.2840000e+02   5.2834000e+02   5.2881000e+02   5.3022000e+02   4.7898000e+02   4.8461000e+02
   5.3202000e+02   5.3225000e+02   5.3401000e+02   5.3435000e+02   4.9519000e+02   5.0010000e+02
   5.4412000e+02   5.4368000e+02   5.4602000e+02   5.4737000e+02   5.0107000e+02   5.1049000e+02
   5.1538000e+02   5.1395000e+02   5.1675000e+02   5.1819000e+02   4.7400000e+02   4.8180000e+02
   4.9131000e+02   4.8946000e+02   4.9083000e+02   4.9064000e+02   4.5632000e+02   4.6222000e+02
   4.8798000e+02   4.8610000e+02   4.8733000e+02   4.8630000e+02   4.5199000e+02   4.5862000e+02
   4.9038000e+02   4.8862000e+02   4.9021000e+02   4.9064000e+02   4.5589000e+02   4.6345000e+02
   4.9390000e+02   4.9318000e+02   4.9620000e+02   4.9610000e+02   4.6148000e+02   4.7058000e+02
   4.9678000e+02   4.9579000e+02   4.9692000e+02   4.9740000e+02   4.6008000e+02   4.6915000e+02
   4.8699000e+02   4.8408000e+02   4.8481000e+02   4.8395000e+02   4.4989000e+02   4.5612000e+02
   4.6415000e+02   4.6375000e+02   4.6425000e+02   4.6313000e+02   4.2736000e+02   4.3392000e+02
   4.5378000e+02   4.5131000e+02   4.5511000e+02   4.5606000e+02   4.1763000e+02   4.2540000e+02
   4.5526000e+02   4.5310000e+02   4.5679000e+02   4.5725000e+02   4.2320000e+02   4.2977000e+02
   4.5255000e+02   4.5068000e+02   4.5461000e+02   4.5538000e+02   4.2905000e+02   4.3417000e+02
   4.5472000e+02   4.5114000e+02   4.5376000e+02   4.5360000e+02   4.3016000e+02   4.3638000e+02
   4.6230000e+02   4.5845000e+02   4.6364000e+02   4.6430000e+02   4.3912000e+02   4.4447000e+02
   4.5767000e+02   4.5560000e+02   4.5771000e+02   4.5804000e+02   4.4326000e+02   4.4936000e+02
   4.5748000e+02   4.5719000e+02   4.5915000e+02   4.6048000e+02   4.3720000e+02   4.4845000e+02
   4.5388000e+02   4.5190000e+02   4.5496000e+02   4.5578000e+02   4.3974000e+02   4.4823000e+02
   4.5517000e+02   4.5165000e+02   4.5533000e+02   4.5579000e+02   4.4597000e+02   4.5408000e+02
   4.5621000e+02   4.5241000e+02   4.5775000e+02   4.5805000e+02   4.4516000e+02   4.5376000e+02
   4.5825000e+02   4.5521000e+02   4.5926000e+02   4.5975000e+02   4.4368000e+02   4.5516000e+02
   4.5906000e+02   4.5606000e+02   4.6062000e+02   4.6127000e+02   4.4869000e+02   4.5912000e+02
   4.5434000e+02   4.5163000e+02   4.5505000e+02   4.5545000e+02   4.4188000e+02   4.5460000e+02
   4.6072000e+02   4.5778000e+02   4.6066000e+02   4.6039000e+02   4.4351000e+02   4.5512000e+02
   4.6463000e+02   4.6147000e+02   4.6490000e+02   4.6387000e+02   4.4389000e+02   4.5682000e+02
   4.6525000e+02   4.6054000e+02   4.6438000e+02   4.6365000e+02   4.4834000e+02   4.6085000e+02
   4.9459000e+02   4.8976000e+02   4.9371000e+02   4.9366000e+02   4.7679000e+02   4.9047000e+02
   5.2360000e+02   5.1942000e+02   5.2300000e+02   5.2262000e+02   5.0276000e+02   5.1558000e+02
   5.2970000e+02   5.2600000e+02   5.2886000e+02   5.2757000e+02   5.0804000e+02   5.1912000e+02
   5.2739000e+02   5.2445000e+02   5.2732000e+02   5.2703000e+02   5.1113000e+02   5.2323000e+02
   5.2594000e+02   5.2450000e+02   5.2707000e+02   5.2706000e+02   5.0930000e+02   5.1821000e+02
   5.2859000e+02   5.2522000e+02   5.2891000e+02   5.2934000e+02   5.1345000e+02   5.2095000e+02
   5.3501000e+02   5.3248000e+02   5.3626000e+02   5.3772000e+02   5.2266000e+02   5.2962000e+02
   5.5343000e+02   5.4947000e+02   5.5416000e+02   5.5450000e+02   5.4215000e+02   5.5106000e+02
   5.5093000e+02   5.5038000e+02   5.5381000e+02   5.5432000e+02   5.4203000e+02   5.5536000e+02
   5.4829000e+02   5.4660000e+02   5.5004000e+02   5.5088000e+02   5.3887000e+02   5.5056000e+02
   5.4824000e+02   5.4604000e+02   5.4910000e+02   5.5008000e+02   5.3559000e+02   5.4757000e+02
   5.4653000e+02   5.4585000e+02   5.4797000e+02   5.4854000e+02   5.3450000e+02   5.4536000e+02
   5.3284000e+02   5.3177000e+02   5.3462000e+02   5.3552000e+02   5.2533000e+02   5.3535000e+02
   5.2760000e+02   5.2624000e+02   5.2974000e+02   5.3075000e+02   5.1629000e+02   5.2606000e+02
   5.1926000e+02   5.1885000e+02   5.2225000e+02   5.2336000e+02   5.1484000e+02   5.2301000e+02
   5.1300000e+02   5.1183000e+02   5.1612000e+02   5.1656000e+02   5.1404000e+02   5.2285000e+02
   5.0749000e+02   5.0664000e+02   5.1054000e+02   5.1256000e+02   5.0838000e+02   5.1654000e+02
   5.0410000e+02   5.0237000e+02   5.0707000e+02   5.0886000e+02   5.0205000e+02   5.0977000e+02
   4.9174000e+02   4.9155000e+02   4.9469000e+02   4.9676000e+02   4.9148000e+02   5.0042000e+02
   4.7995000e+02   4.8075000e+02   4.8378000e+02   4.8565000e+02   4.8169000e+02   4.8944000e+02
   4.7402000e+02   4.7372000e+02   4.7721000e+02   4.7899000e+02   4.7961000e+02   4.8674000e+02
   4.6638000e+02   4.6744000e+02   4.7079000e+02   4.7256000e+02   4.7159000e+02   4.7913000e+02
   4.6176000e+02   4.6244000e+02   4.6581000e+02   4.6774000e+02   4.6548000e+02   4.7179000e+02
   4.5678000e+02   4.5800000e+02   4.6054000e+02   4.6222000e+02   4.5854000e+02   4.6538000e+02
   4.2676000e+02   4.3058000e+02   4.3065000e+02   4.3249000e+02   4.2464000e+02   4.3256000e+02
   3.9847000e+02   3.9994000e+02   4.0130000e+02   4.0372000e+02   4.0166000e+02   4.0717000e+02
   3.8533000e+02   3.8662000e+02   3.8805000e+02   3.8980000e+02   3.8383000e+02   3.9025000e+02
   3.7361000e+02   3.7452000e+02   3.7646000e+02   3.7835000e+02   3.6994000e+02   3.7526000e+02
   3.6654000e+02   3.6773000e+02   3.6965000e+02   3.7126000e+02   3.5921000e+02   3.6787000e+02
   3.5128000e+02   3.5158000e+02   3.5348000e+02   3.5575000e+02   3.4409000e+02   3.5252000e+02
   3.2296000e+02   3.2527000e+02   3.2784000e+02   3.3196000e+02   3.2249000e+02   3.3223000e+02
   2.8872000e+02   2.8660000e+02   2.9057000e+02   2.9245000e+02   2.9340000e+02   3.0298000e+02
   2.8067000e+02   2.8197000e+02   2.8678000e+02   2.9180000e+02   2.6977000e+02   2.7973000e+02
   2.7856000e+02   2.8389000e+02   2.8457000e+02   2.8435000e+02   2.5733000e+02   2.6652000e+02
   2.6067000e+02   2.6411000e+02   2.6490000e+02   2.6502000e+02   2.4211000e+02   2.5255000e+02
   2.4845000e+02   2.5607000e+02   2.5622000e+02   2.6101000e+02   2.2903000e+02   2.4435000e+02
   2.4804000e+02   2.5940000e+02   2.5470000e+02   2.5787000e+02   2.3241000e+02   2.4034000e+02
   2.6459000e+02   2.8163000e+02   2.7380000e+02   2.8160000e+02   2.2542000e+02   2.3679000e+02
   2.5516000e+02   2.6657000e+02   2.6906000e+02   2.7940000e+02   2.2092000e+02   2.3072000e+02
   2.4137000e+02   2.5343000e+02   2.5247000e+02   2.5473000e+02   2.1491000e+02   2.3010000e+02
   2.4331000e+02   2.5360000e+02   2.5176000e+02   2.5347000e+02   2.0628000e+02   2.1387000e+02
   2.3114000e+02   2.4210000e+02   2.3928000e+02   2.4370000e+02   2.0085000e+02   2.1192000e+02
   2.2080000e+02   2.3094000e+02   2.2811000e+02   2.3402000e+02   1.9938000e+02   2.0814000e+02
   2.2304000e+02   2.2753000e+02   2.2542000e+02   2.2818000e+02   2.0038000e+02   2.0700000e+02
   2.2579000e+02   2.2483000e+02   2.2943000e+02   2.2922000e+02   1.9088000e+02   2.0505000e+02
   2.2187000e+02   2.1968000e+02   2.2712000e+02   2.2846000e+02   1.9293000e+02   1.9797000e+02
   2.1583000e+02   2.1501000e+02   2.1896000e+02   2.1983000e+02   1.8317000e+02   1.9308000e+02
   2.1563000e+02   2.1576000e+02   2.1988000e+02   2.2207000e+02   1.8526000e+02   1.9359000e+02
   2.3417000e+02   2.3474000e+02   2.3651000e+02   2.3980000e+02   1.9361000e+02   1.9826000e+02
   2.5033000e+02   2.5009000e+02   2.5310000e+02   2.5573000e+02   2.0395000e+02   2.1092000e+02
   2.5648000e+02   2.5783000e+02   2.5917000e+02   2.6125000e+02   2.0929000e+02   2.1673000e+02
   2.6302000e+02   2.6102000e+02   2.6346000e+02   2.6229000e+02   2.2009000e+02   2.2784000e+02
   2.6346000e+02   2.6220000e+02   2.6550000e+02   2.6598000e+02   2.2251000e+02   2.2516000e+02
   2.7135000e+02   2.7094000e+02   2.7193000e+02   2.7214000e+02   2.2818000e+02   2.3710000e+02
   2.8768000e+02   2.8757000e+02   2.8968000e+02   2.9131000e+02   2.4078000e+02   2.4512000e+02
   2.9746000e+02   2.9444000e+02   2.9763000e+02   2.9610000e+02   2.5194000e+02   2.5675000e+02
   3.0533000e+02   3.0716000e+02   3.0713000e+02   3.0784000e+02   2.5936000e+02   2.6685000e+02
   3.1154000e+02   3.1381000e+02   3.1487000e+02   3.1570000e+02   2.6150000e+02   2.7190000e+02
   3.2081000e+02   3.2329000e+02   3.2288000e+02   3.2387000e+02   2.6605000e+02   2.7773000e+02
   3.2256000e+02   3.2378000e+02   3.2627000e+02   3.2717000e+02   2.7128000e+02   2.8231000e+02
   3.1268000e+02   3.1261000e+02   3.1651000e+02   3.1792000e+02   2.7127000e+02   2.8763000e+02
   3.1911000e+02   3.1824000e+02   3.2209000e+02   3.2304000e+02   2.7795000e+02   2.8700000e+02
   3.2975000e+02   3.2732000e+02   3.2987000e+02   3.2974000e+02   2.7623000e+02   2.8951000e+02
   3.3251000e+02   3.3102000e+02   3.3160000e+02   3.3226000e+02   2.9050000e+02   2.9735000e+02
   3.3639000e+02   3.3657000e+02   3.3817000e+02   3.3967000e+02   2.9624000e+02   2.9985000e+02
   3.4844000e+02   3.4760000e+02   3.4900000e+02   3.4939000e+02   3.0073000e+02   3.0847000e+02
   3.4746000e+02   3.4668000e+02   3.5059000e+02   3.5093000e+02   2.9890000e+02   3.0296000e+02
   3.6379000e+02   3.6147000e+02   3.6546000e+02   3.6639000e+02   2.9944000e+02   3.0401000e+02
   3.6588000e+02   3.6461000e+02   3.6696000e+02   3.6716000e+02   3.0905000e+02   3.1015000e+02
   3.7754000e+02   3.7456000e+02   3.7719000e+02   3.7803000e+02   3.1601000e+02   3.2222000e+02
   3.7991000e+02   3.7824000e+02   3.8088000e+02   3.8177000e+02   3.2418000e+02   3.2873000e+02
   3.8145000e+02   3.8057000e+02   3.8354000e+02   3.8546000e+02   3.3110000e+02   3.3293000e+02
   3.4670000e+02   3.4771000e+02   3.4978000e+02   3.5094000e+02   3.0520000e+02   3.0656000e+02
   3.2366000e+02   3.2027000e+02   3.2283000e+02   3.2324000e+02   2.7441000e+02   2.8048000e+02
