   1.6095000e+00   1.2526000e+00   1.3700000e+00   1.2262000e+00   3.1886000e+00   3.1490000e+00
   1.8676000e+00   1.5497000e+00   1.6502000e+00   1.5196000e+00   3.2529000e+00   3.2037000e+00
   1.8783000e+00   1.5541000e+00   1.6592000e+00   1.5302000e+00   3.4772000e+00   3.3981000e+00
   1.7930000e+00   1.4894000e+00   1.5766000e+00   1.4576000e+00   3.5065000e+00   3.3968000e+00
   1.6182000e+00   1.3514000e+00   1.4173000e+00   1.3137000e+00   3.4638000e+00   3.3322000e+00
   1.5809000e+00   1.3682000e+00   1.4141000e+00   1.3398000e+00   3.3744000e+00   3.1472000e+00
   1.5905000e+00   1.4010000e+00   1.4454000e+00   1.3889000e+00   3.3203000e+00   3.1870000e+00
   1.5264000e+00   1.3514000e+00   1.4078000e+00   1.3710000e+00   3.0949000e+00   3.0129000e+00
   1.4699000e+00   1.3211000e+00   1.3708000e+00   1.3431000e+00   3.1045000e+00   2.9257000e+00
   1.4050000e+00   1.2941000e+00   1.3389000e+00   1.3419000e+00   3.1617000e+00   2.9205000e+00
   1.4481000e+00   1.3449000e+00   1.3861000e+00   1.3983000e+00   3.3519000e+00   3.0968000e+00
   1.5382000e+00   1.4306000e+00   1.4577000e+00   1.4512000e+00   3.4515000e+00   3.2023000e+00
   1.5572000e+00   1.4643000e+00   1.4929000e+00   1.4966000e+00   3.5580000e+00   3.3143000e+00
   1.7278000e+00   1.6331000e+00   1.6615000e+00   1.6617000e+00   3.6339000e+00   3.3761000e+00
   1.8418000e+00   1.7514000e+00   1.7713000e+00   1.7682000e+00   3.6557000e+00   3.4413000e+00
   2.0941000e+00   1.9638000e+00   1.9706000e+00   1.9335000e+00   3.6658000e+00   3.5455000e+00
   2.4965000e+00   2.3375000e+00   2.3409000e+00   2.2812000e+00   3.7100000e+00   3.7331000e+00
   2.8678000e+00   2.7188000e+00   2.7037000e+00   2.6395000e+00   3.7118000e+00   3.8337000e+00
   3.0068000e+00   2.9171000e+00   2.8789000e+00   2.8189000e+00   3.7063000e+00   3.8117000e+00
   3.0145000e+00   3.0750000e+00   3.0499000e+00   3.0238000e+00   3.3059000e+00   3.3038000e+00
   2.8944000e+00   3.1352000e+00   3.1293000e+00   3.2345000e+00   3.1032000e+00   2.9981000e+00
   2.8348000e+00   3.0691000e+00   3.0809000e+00   3.2318000e+00   3.2490000e+00   3.1615000e+00
   2.8443000e+00   3.0656000e+00   3.0832000e+00   3.2410000e+00   3.5727000e+00   3.3632000e+00
   2.8259000e+00   3.0848000e+00   3.0989000e+00   3.2711000e+00   3.7778000e+00   3.5763000e+00
   2.7638000e+00   3.0071000e+00   3.0542000e+00   3.2489000e+00   4.0502000e+00   3.8392000e+00
   2.7180000e+00   2.9027000e+00   3.0033000e+00   3.2247000e+00   4.2469000e+00   4.0067000e+00
   2.6622000e+00   2.7984000e+00   2.9423000e+00   3.1946000e+00   4.3984000e+00   4.0710000e+00
   2.6674000e+00   2.7260000e+00   2.9162000e+00   3.1670000e+00   4.5437000e+00   4.1611000e+00
   2.7232000e+00   2.7784000e+00   3.0096000e+00   3.3342000e+00   4.7478000e+00   4.3519000e+00
   2.6586000e+00   2.6552000e+00   2.9404000e+00   3.3251000e+00   4.8317000e+00   4.3809000e+00
   2.5285000e+00   2.4459000e+00   2.7845000e+00   3.1973000e+00   4.8171000e+00   4.2573000e+00
   2.3539000e+00   2.2336000e+00   2.6101000e+00   3.0410000e+00   4.8383000e+00   4.1896000e+00
   2.1592000e+00   1.9315000e+00   2.3667000e+00   2.7830000e+00   4.9083000e+00   4.2339000e+00
   2.0370000e+00   1.6887000e+00   2.1736000e+00   2.5440000e+00   4.9828000e+00   4.3124000e+00
   1.9426000e+00   1.4958000e+00   2.0223000e+00   2.3325000e+00   5.0306000e+00   4.3746000e+00
   1.8532000e+00   1.3061000e+00   1.8403000e+00   2.0042000e+00   5.0482000e+00   4.3739000e+00
   1.8566000e+00   1.2259000e+00   1.6746000e+00   1.5769000e+00   5.0235000e+00   4.3606000e+00
   1.8022000e+00   1.1344000e+00   1.3850000e+00   9.8690000e-01   4.9987000e+00   4.3228000e+00
   1.5802000e+00   8.0650000e-01   8.7190000e-01   2.6680000e-01   4.9978000e+00   4.3036000e+00
   1.2217000e+00   3.0010000e-01   2.9170000e-01  -3.5380000e-01   5.0150000e+00   4.3387000e+00
   6.5950000e-01  -1.7080000e-01  -2.7950000e-01  -7.7650000e-01   5.0150000e+00   4.4199000e+00
  -1.9900000e-02  -6.5940000e-01  -9.7090000e-01  -1.4171000e+00   5.0261000e+00   4.5464000e+00
  -1.0185000e+00  -1.6360000e+00  -2.0881000e+00  -2.5913000e+00   5.0387000e+00   4.6578000e+00
  -2.5756000e+00  -2.8457000e+00  -3.0601000e+00  -3.4759000e+00   5.0888000e+00   4.7690000e+00
  -3.2660000e+00  -3.5687000e+00  -3.6057000e+00  -3.9898000e+00   5.1251000e+00   4.9006000e+00
  -3.5490000e+00  -3.9510000e+00  -3.9703000e+00  -4.2864000e+00   5.1603000e+00   5.0148000e+00
  -4.0096000e+00  -4.2944000e+00  -4.4196000e+00  -4.7516000e+00   5.1511000e+00   5.0848000e+00
  -4.4895000e+00  -4.7592000e+00  -4.8495000e+00  -5.1768000e+00   5.1196000e+00   5.1231000e+00
  -4.8860000e+00  -5.1482000e+00  -5.1599000e+00  -5.4806000e+00   5.0893000e+00   5.1324000e+00
  -5.1828000e+00  -5.4618000e+00  -5.4052000e+00  -5.7166000e+00   5.0759000e+00   5.1162000e+00
  -5.3601000e+00  -5.6772000e+00  -5.6107000e+00  -5.9244000e+00   5.1162000e+00   5.0962000e+00
  -5.6033000e+00  -5.8798000e+00  -5.8084000e+00  -6.1016000e+00   5.1689000e+00   5.0341000e+00
  -5.8557000e+00  -6.2074000e+00  -6.1341000e+00  -6.5003000e+00   5.2376000e+00   4.9403000e+00
  -6.1886000e+00  -6.7370000e+00  -6.5268000e+00  -6.8642000e+00   5.3102000e+00   4.8981000e+00
  -6.3825000e+00  -6.8830000e+00  -6.6326000e+00  -6.9311000e+00   5.3448000e+00   4.9192000e+00
  -6.3726000e+00  -6.8830000e+00  -6.6531000e+00  -6.9499000e+00   5.3864000e+00   5.0101000e+00
  -6.3874000e+00  -6.8775000e+00  -6.6654000e+00  -6.9727000e+00   5.4151000e+00   5.1140000e+00
  -6.3706000e+00  -6.8570000e+00  -6.6506000e+00  -6.9605000e+00   5.4294000e+00   5.1777000e+00
  -6.3143000e+00  -6.8393000e+00  -6.5917000e+00  -6.9171000e+00   5.4325000e+00   5.1945000e+00
  -6.1532000e+00  -6.7454000e+00  -6.4601000e+00  -6.8010000e+00   5.4322000e+00   5.1331000e+00
  -5.8462000e+00  -6.7370000e+00  -6.2523000e+00  -6.6800000e+00   5.3397000e+00   5.0609000e+00
  -5.3646000e+00  -6.4984000e+00  -5.8579000e+00  -6.3359000e+00   5.2281000e+00   4.9452000e+00
  -4.7822000e+00  -5.9345000e+00  -5.3374000e+00  -5.8130000e+00   5.1119000e+00   4.7610000e+00
  -4.2340000e+00  -5.2126000e+00  -4.7291000e+00  -5.1919000e+00   5.1517000e+00   4.7349000e+00
  -3.7740000e+00  -4.6705000e+00  -4.1997000e+00  -4.5644000e+00   5.3236000e+00   4.9012000e+00
  -2.9879000e+00  -3.8835000e+00  -3.4749000e+00  -3.8702000e+00   5.2998000e+00   4.8951000e+00
  -2.2627000e+00  -3.2547000e+00  -2.9164000e+00  -3.3860000e+00   5.5108000e+00   5.2119000e+00
  -1.7026000e+00  -2.7198000e+00  -2.4437000e+00  -2.9724000e+00   5.6203000e+00   5.5240000e+00
  -1.1724000e+00  -2.3027000e+00  -2.0861000e+00  -2.6370000e+00   5.6143000e+00   5.7520000e+00
  -5.7570000e-01  -1.8380000e+00  -1.4768000e+00  -2.0442000e+00   5.6092000e+00   5.6422000e+00
   1.1610000e-01  -1.1493000e+00  -7.5210000e-01  -1.3472000e+00   5.7156000e+00   5.6339000e+00
   6.7920000e-01  -3.4740000e-01  -2.0110000e-01  -6.7170000e-01   5.8619000e+00   5.7146000e+00
   3.8100000e-01   1.0910000e-01  -1.9930000e-01  -2.4610000e-01   6.0544000e+00   5.8329000e+00
  -1.9790000e-01  -7.8800000e-02  -3.8310000e-01  -2.1870000e-01   6.4018000e+00   5.7237000e+00
  -2.0200000e-01  -2.1040000e-01  -5.4090000e-01  -5.3660000e-01   6.9157000e+00   5.6198000e+00
   1.1180000e-01  -1.7340000e-01  -9.2700000e-02  -1.1240000e-01   6.8061000e+00   5.9245000e+00
   4.9570000e-01   4.0610000e-01   3.9780000e-01   3.4370000e-01   6.3460000e+00   6.6187000e+00
   1.1297000e+00   9.9950000e-01   9.5190000e-01   8.0410000e-01   6.1450000e+00   7.2707000e+00
   1.5988000e+00   1.6253000e+00   1.4587000e+00   1.3338000e+00   7.0579000e+00   7.4146000e+00
   2.1462000e+00   2.1550000e+00   2.0715000e+00   1.9537000e+00   5.7797000e+00   7.1848000e+00
   2.6155000e+00   2.9380000e+00   2.5991000e+00   2.5129000e+00   3.6952000e+00   7.2034000e+00
   2.8439000e+00   3.2168000e+00   2.9153000e+00   2.9136000e+00   2.5101000e+00   6.6937000e+00
   2.9720000e+00   3.3268000e+00   3.0110000e+00   3.0133000e+00   2.4301000e+00   4.8170000e+00
   3.0085000e+00   3.4125000e+00   3.1401000e+00   3.1126000e+00   2.3266000e+00   3.1355000e+00
   3.0318000e+00   3.5200000e+00   3.2833000e+00   3.3048000e+00   2.0462000e+00   2.6147000e+00
   3.3054000e+00   3.5705000e+00   3.4335000e+00   3.4791000e+00   1.5555000e+00   2.2902000e+00
   3.6561000e+00   3.7071000e+00   3.6515000e+00   3.6473000e+00   8.9360000e-01   1.9913000e+00
   3.8467000e+00   3.9251000e+00   3.9327000e+00   3.9680000e+00   1.7070000e-01   1.5824000e+00
   3.9193000e+00   4.0495000e+00   4.0708000e+00   4.1160000e+00  -2.9220000e-01   1.0950000e+00
   4.0945000e+00   4.1925000e+00   4.2089000e+00   4.2614000e+00  -7.0280000e-01   4.9080000e-01
   4.9808000e+00   4.9691000e+00   4.8051000e+00   4.7327000e+00  -1.0326000e+00  -9.5300000e-02
   5.2554000e+00   4.8500000e+00   5.1474000e+00   5.3227000e+00  -1.3665000e+00  -5.5370000e-01
   4.6842000e+00   4.3371000e+00   4.8122000e+00   4.9931000e+00  -1.6124000e+00  -8.4140000e-01
   3.8385000e+00   3.7692000e+00   4.1017000e+00   4.2946000e+00  -1.6085000e+00  -1.0053000e+00
   3.4091000e+00   3.4597000e+00   3.6529000e+00   3.7721000e+00  -1.2809000e+00  -1.1339000e+00
   2.8084000e+00   3.0817000e+00   3.3457000e+00   3.5163000e+00  -9.9800000e-01  -1.1297000e+00
   2.1618000e+00   2.4465000e+00   2.8394000e+00   3.1624000e+00  -8.5230000e-01  -9.1150000e-01
   1.6985000e+00   1.8252000e+00   2.2022000e+00   2.4996000e+00  -7.8020000e-01  -5.9110000e-01
   1.6904000e+00   1.7741000e+00   1.9557000e+00   2.0791000e+00  -6.4870000e-01  -4.0730000e-01
   1.9334000e+00   1.9905000e+00   1.9959000e+00   2.0344000e+00  -4.7210000e-01  -3.6020000e-01
   2.2090000e+00   2.2898000e+00   2.1974000e+00   2.1565000e+00  -2.9810000e-01  -3.3110000e-01
   2.4047000e+00   2.4548000e+00   2.3847000e+00   2.3717000e+00  -1.0390000e-01  -2.0610000e-01
   2.3524000e+00   2.3441000e+00   2.3472000e+00   2.3433000e+00   1.0270000e-01  -2.1700000e-02
   2.2865000e+00   2.2292000e+00   2.2553000e+00   2.2291000e+00   3.1530000e-01   1.9340000e-01
   2.3805000e+00   2.2980000e+00   2.2850000e+00   2.2227000e+00   4.6400000e-01   3.7260000e-01
   2.1235000e+00   2.0064000e+00   2.1498000e+00   2.1560000e+00   5.7580000e-01   5.2720000e-01
   1.7975000e+00   1.6260000e+00   1.7407000e+00   1.7463000e+00   7.1640000e-01   6.4630000e-01
   1.5826000e+00   1.4489000e+00   1.4663000e+00   1.3857000e+00   8.6270000e-01   7.4790000e-01
   1.7779000e+00   1.7475000e+00   1.4844000e+00   1.2895000e+00   1.0014000e+00   8.5670000e-01
   2.0104000e+00   2.0058000e+00   1.8656000e+00   1.7530000e+00   1.1130000e+00   9.7690000e-01
   2.0032000e+00   1.9618000e+00   1.8837000e+00   1.8435000e+00   1.2489000e+00   1.0943000e+00
   2.1703000e+00   2.1909000e+00   2.0567000e+00   1.9378000e+00   1.3982000e+00   1.2563000e+00
   2.0882000e+00   2.1280000e+00   2.1500000e+00   2.1513000e+00   1.5355000e+00   1.3711000e+00
   2.0811000e+00   2.0830000e+00   2.1106000e+00   2.1388000e+00   1.6822000e+00   1.4416000e+00
   2.0555000e+00   2.0077000e+00   2.0914000e+00   2.0974000e+00   1.8253000e+00   1.4751000e+00
   1.9221000e+00   1.9044000e+00   1.9810000e+00   2.0139000e+00   1.9978000e+00   1.5147000e+00
   1.8599000e+00   1.9106000e+00   1.9017000e+00   1.9017000e+00   2.1049000e+00   1.5444000e+00
   1.8303000e+00   1.8626000e+00   1.8810000e+00   1.8720000e+00   1.8877000e+00   1.4551000e+00
   1.8018000e+00   1.8033000e+00   1.8441000e+00   1.8672000e+00   1.7525000e+00   1.4806000e+00
   1.7390000e+00   1.7260000e+00   1.7991000e+00   1.8335000e+00   1.9257000e+00   1.7435000e+00
   1.6073000e+00   1.5195000e+00   1.7042000e+00   1.7816000e+00   2.1279000e+00   1.8505000e+00
   1.4470000e+00   1.2025000e+00   1.5450000e+00   1.6804000e+00   2.2498000e+00   2.0040000e+00
   1.1300000e+00   7.4030000e-01   1.2401000e+00   1.4383000e+00   2.4111000e+00   2.1672000e+00
   6.7970000e-01   2.8400000e-01   8.2680000e-01   1.0683000e+00   2.5277000e+00   2.2777000e+00
   5.1800000e-02  -3.6400000e-02   3.6480000e-01   6.3150000e-01   2.6723000e+00   2.3624000e+00
  -5.5890000e-01  -1.5120000e-01  -2.1200000e-02   2.4330000e-01   2.8078000e+00   2.4415000e+00
  -9.6640000e-01  -1.9890000e-01  -2.5410000e-01   2.1500000e-02   2.8831000e+00   2.5304000e+00
  -1.1933000e+00  -2.2810000e-01  -3.8500000e-01  -8.9000000e-02   2.9495000e+00   2.6206000e+00
  -1.3354000e+00  -2.5050000e-01  -5.0210000e-01  -2.0390000e-01   3.0278000e+00   2.7008000e+00
  -1.4899000e+00  -2.5690000e-01  -6.2960000e-01  -3.1860000e-01   3.0966000e+00   2.7462000e+00
  -1.6236000e+00  -2.9430000e-01  -7.4290000e-01  -4.0480000e-01   3.1207000e+00   2.7748000e+00
  -1.7289000e+00  -4.0290000e-01  -8.2390000e-01  -4.6060000e-01   3.1223000e+00   2.7787000e+00
  -1.8008000e+00  -5.6820000e-01  -8.9650000e-01  -5.2210000e-01   3.1341000e+00   2.7833000e+00
  -1.8585000e+00  -7.7390000e-01  -9.8780000e-01  -6.1580000e-01   3.1528000e+00   2.7975000e+00
  -1.9606000e+00  -9.9660000e-01  -1.1270000e+00  -7.5780000e-01   3.1299000e+00   2.7891000e+00
  -2.0553000e+00  -1.1772000e+00  -1.2835000e+00  -9.2440000e-01   3.0672000e+00   2.7526000e+00
  -2.2056000e+00  -1.3921000e+00  -1.4994000e+00  -1.1613000e+00   3.0573000e+00   2.7467000e+00
  -2.3964000e+00  -1.6309000e+00  -1.7666000e+00  -1.4491000e+00   3.0507000e+00   2.7242000e+00
  -2.6098000e+00  -1.9081000e+00  -2.0680000e+00  -1.7671000e+00   3.0618000e+00   2.7130000e+00
  -2.8693000e+00  -2.2448000e+00  -2.4168000e+00  -2.1430000e+00   3.0796000e+00   2.7194000e+00
  -3.1863000e+00  -2.6427000e+00  -2.8168000e+00  -2.5788000e+00   3.1373000e+00   2.7509000e+00
  -3.5044000e+00  -3.0472000e+00  -3.2029000e+00  -3.0083000e+00   3.2127000e+00   2.7655000e+00
  -3.8814000e+00  -3.5112000e+00  -3.6226000e+00  -3.4585000e+00   3.3053000e+00   2.7879000e+00
  -4.2642000e+00  -3.9989000e+00  -4.0390000e+00  -3.8929000e+00   3.3360000e+00   2.8130000e+00
  -4.6139000e+00  -4.4501000e+00  -4.4007000e+00  -4.2539000e+00   3.3795000e+00   2.8442000e+00
  -4.9111000e+00  -4.8255000e+00  -4.7014000e+00  -4.5431000e+00   3.4447000e+00   2.8868000e+00
  -5.1878000e+00  -5.1568000e+00  -4.9895000e+00  -4.8299000e+00   3.4569000e+00   2.9591000e+00
  -5.4739000e+00  -5.4351000e+00  -5.2545000e+00  -5.1068000e+00   3.4106000e+00   3.0242000e+00
  -5.7254000e+00  -5.7060000e+00  -5.5464000e+00  -5.4505000e+00   3.3551000e+00   3.1081000e+00
  -5.9187000e+00  -5.9426000e+00  -5.8057000e+00  -5.7556000e+00   3.3629000e+00   3.1656000e+00
  -6.0548000e+00  -6.1134000e+00  -5.9706000e+00  -5.9505000e+00   3.5504000e+00   3.1435000e+00
  -6.2257000e+00  -6.1998000e+00  -6.0833000e+00  -6.0725000e+00   3.6980000e+00   3.0863000e+00
  -6.3280000e+00  -6.2991000e+00  -6.2214000e+00  -6.2296000e+00   3.6509000e+00   2.9980000e+00
  -6.4229000e+00  -6.3876000e+00  -6.3549000e+00  -6.3620000e+00   3.6248000e+00   2.8855000e+00
  -6.5822000e+00  -6.4970000e+00  -6.4935000e+00  -6.4631000e+00   3.5906000e+00   2.8647000e+00
  -6.5744000e+00  -6.6269000e+00  -6.6248000e+00  -6.6270000e+00   3.4784000e+00   2.8280000e+00
  -6.5264000e+00  -6.6948000e+00  -6.6392000e+00  -6.6919000e+00   3.4442000e+00   2.7456000e+00
  -6.3382000e+00  -6.6170000e+00  -6.5009000e+00  -6.5815000e+00   3.2778000e+00   2.6027000e+00
  -6.1799000e+00  -6.2897000e+00  -6.2611000e+00  -6.3028000e+00   2.9771000e+00   2.4037000e+00
  -6.3279000e+00  -6.2286000e+00  -6.3197000e+00  -6.2940000e+00   2.7760000e+00   2.2766000e+00
  -6.5442000e+00  -6.4477000e+00  -6.4681000e+00  -6.4270000e+00   2.6401000e+00   2.1354000e+00
  -6.4562000e+00  -6.5651000e+00  -6.4609000e+00  -6.4538000e+00   2.5817000e+00   1.9079000e+00
  -6.4560000e+00  -6.5740000e+00  -6.3781000e+00  -6.3774000e+00   2.5427000e+00   1.4070000e+00
  -6.3496000e+00  -6.5606000e+00  -6.3037000e+00  -6.2862000e+00   2.4407000e+00   7.8990000e-01
  -6.1637000e+00  -6.3816000e+00  -6.1068000e+00  -6.0974000e+00   2.3349000e+00   2.8780000e-01
  -5.9613000e+00  -6.0902000e+00  -5.9085000e+00  -5.8959000e+00   2.1342000e+00  -8.4400000e-02
  -5.8194000e+00  -5.8752000e+00  -5.8331000e+00  -5.8490000e+00   1.4569000e+00  -6.0460000e-01
  -5.9429000e+00  -5.9112000e+00  -5.8939000e+00  -5.8546000e+00   3.8080000e-01  -8.5650000e-01
  -5.9565000e+00  -5.9206000e+00  -5.9102000e+00  -5.8865000e+00  -9.0900000e-02  -6.1510000e-01
  -5.9604000e+00  -5.8858000e+00  -5.8721000e+00  -5.8183000e+00  -5.8410000e-01  -7.9160000e-01
  -5.9364000e+00  -5.8834000e+00  -5.8384000e+00  -5.7637000e+00  -1.0284000e+00  -8.8040000e-01
  -5.7999000e+00  -5.8110000e+00  -5.7608000e+00  -5.7304000e+00  -9.3310000e-01  -1.0031000e+00
  -5.6886000e+00  -5.6692000e+00  -5.6619000e+00  -5.6443000e+00  -9.0170000e-01  -1.0589000e+00
  -5.4438000e+00  -5.4424000e+00  -5.4348000e+00  -5.4427000e+00  -8.7860000e-01  -1.1515000e+00
  -5.1434000e+00  -5.1150000e+00  -5.1549000e+00  -5.1633000e+00  -8.7620000e-01  -1.2600000e+00
  -4.9588000e+00  -4.9256000e+00  -5.0055000e+00  -5.0098000e+00  -9.1710000e-01  -1.3584000e+00
  -4.7314000e+00  -4.7524000e+00  -4.8205000e+00  -4.8508000e+00  -9.7490000e-01  -1.4777000e+00
  -4.4029000e+00  -4.4847000e+00  -4.5723000e+00  -4.6528000e+00  -1.0027000e+00  -1.6684000e+00
  -3.9536000e+00  -4.0877000e+00  -4.2161000e+00  -4.3441000e+00  -1.0358000e+00  -2.8897000e+00
  -3.6409000e+00  -3.6517000e+00  -3.8677000e+00  -3.9828000e+00  -1.1835000e+00  -5.2915000e+00
  -3.4656000e+00  -3.3956000e+00  -3.6484000e+00  -3.7414000e+00  -2.3749000e+00  -5.3270000e+00
  -3.3421000e+00  -3.2494000e+00  -3.4886000e+00  -3.5643000e+00  -4.9992000e+00  -4.7831000e+00
  -3.2045000e+00  -3.1485000e+00  -3.3466000e+00  -3.4047000e+00  -4.6648000e+00  -4.5285000e+00
  -3.0147000e+00  -3.0012000e+00  -3.1514000e+00  -3.2037000e+00  -4.2237000e+00  -4.3098000e+00
  -2.8252000e+00  -2.7949000e+00  -2.9417000e+00  -2.9947000e+00  -4.0560000e+00  -4.0085000e+00
  -2.6181000e+00  -2.5703000e+00  -2.7108000e+00  -2.7419000e+00  -3.8299000e+00  -3.8326000e+00
  -2.4129000e+00  -2.3647000e+00  -2.4989000e+00  -2.5251000e+00  -3.6433000e+00  -3.6837000e+00
  -2.1763000e+00  -2.1618000e+00  -2.2601000e+00  -2.2882000e+00  -3.5883000e+00  -3.5227000e+00
  -1.8316000e+00  -1.8513000e+00  -1.9354000e+00  -1.9679000e+00  -3.5801000e+00  -3.4208000e+00
  -1.4295000e+00  -1.4737000e+00  -1.5665000e+00  -1.6190000e+00  -3.5300000e+00  -3.3907000e+00
  -1.0659000e+00  -1.1323000e+00  -1.2098000e+00  -1.2961000e+00  -3.4600000e+00  -3.4105000e+00
  -7.3280000e-01  -7.8920000e-01  -8.6460000e-01  -9.5810000e-01  -3.3115000e+00  -3.4662000e+00
  -3.9140000e-01  -4.4820000e-01  -5.2190000e-01  -6.2500000e-01  -3.1654000e+00  -3.5326000e+00
  -1.0950000e-01  -1.0800000e-01  -1.9150000e-01  -2.6950000e-01  -3.1438000e+00  -3.5441000e+00
   1.0860000e-01   1.2940000e-01   5.9000000e-02   1.0800000e-02  -3.1443000e+00  -3.4931000e+00
   2.3790000e-01   2.7690000e-01   2.0820000e-01   1.6610000e-01  -3.1402000e+00  -3.3851000e+00
   2.7280000e-01   3.4880000e-01   2.6710000e-01   2.3340000e-01  -3.1517000e+00  -3.3232000e+00
   3.2390000e-01   3.6790000e-01   3.1370000e-01   2.6840000e-01  -3.1357000e+00  -3.2882000e+00
   3.7650000e-01   4.1290000e-01   3.6480000e-01   3.1000000e-01  -3.1724000e+00  -3.2829000e+00
   4.3010000e-01   4.6340000e-01   4.1300000e-01   3.5630000e-01  -3.2603000e+00  -3.3037000e+00
   4.6430000e-01   4.8310000e-01   4.3360000e-01   3.6320000e-01  -3.3253000e+00  -3.3793000e+00
   4.5960000e-01   4.9040000e-01   4.2990000e-01   3.6260000e-01  -3.3288000e+00  -3.4576000e+00
   4.4680000e-01   4.7990000e-01   4.2980000e-01   3.8380000e-01  -3.3319000e+00  -3.5513000e+00
   4.4320000e-01   4.7700000e-01   4.1510000e-01   3.5690000e-01  -3.3959000e+00  -3.6466000e+00
   3.8320000e-01   4.5030000e-01   3.6790000e-01   3.1270000e-01  -3.5078000e+00  -3.7054000e+00
   3.7100000e-01   4.4980000e-01   3.6540000e-01   3.2310000e-01  -3.6092000e+00  -3.7434000e+00
   3.9500000e-01   4.6810000e-01   3.7430000e-01   3.2980000e-01  -3.6894000e+00  -3.7624000e+00
   3.8690000e-01   4.5120000e-01   3.5750000e-01   3.0690000e-01  -3.6846000e+00  -3.7231000e+00
   3.7730000e-01   4.2390000e-01   3.3570000e-01   2.7360000e-01  -3.6845000e+00  -3.6921000e+00
   3.5080000e-01   3.9650000e-01   3.1120000e-01   2.5510000e-01  -3.5656000e+00  -3.5537000e+00
   3.0560000e-01   3.7280000e-01   2.8010000e-01   2.3540000e-01  -3.2376000e+00  -3.2477000e+00
   2.4220000e-01   3.1580000e-01   2.4970000e-01   2.4690000e-01  -3.0047000e+00  -3.0844000e+00
   2.4510000e-01   2.4800000e-01   2.3120000e-01   2.4050000e-01  -2.5239000e+00  -2.7343000e+00
   2.9510000e-01   2.6060000e-01   2.3750000e-01   2.2930000e-01  -2.2238000e+00  -2.5023000e+00
   2.6310000e-01   2.9780000e-01   2.3710000e-01   2.7270000e-01  -2.1196000e+00  -2.3692000e+00
   2.2040000e-01   2.2870000e-01   1.6360000e-01   1.9660000e-01  -2.1507000e+00  -2.3027000e+00
   1.0140000e-01   9.5400000e-02   1.5200000e-02   7.2300000e-02  -2.1398000e+00  -2.1743000e+00
  -1.5000000e-02  -5.2700000e-02  -1.1500000e-02   8.4400000e-02  -2.0523000e+00  -2.0875000e+00
  -1.5300000e-01  -8.7200000e-02  -9.4900000e-02  -4.6500000e-02  -1.9576000e+00  -2.0524000e+00
  -3.2490000e-01  -2.1930000e-01  -2.6810000e-01  -2.6140000e-01  -1.8160000e+00  -2.0102000e+00
  -5.0600000e-01  -4.1890000e-01  -4.7080000e-01  -5.4230000e-01  -1.7180000e+00  -1.9305000e+00
  -6.6480000e-01  -6.6340000e-01  -6.6980000e-01  -8.1910000e-01  -1.7051000e+00  -1.8674000e+00
  -8.1310000e-01  -8.7390000e-01  -8.4920000e-01  -1.0501000e+00  -1.6003000e+00  -1.7900000e+00
  -9.4960000e-01  -1.1056000e+00  -1.1202000e+00  -1.4065000e+00  -1.4569000e+00  -1.6718000e+00
  -1.0987000e+00  -1.4912000e+00  -1.4237000e+00  -1.7538000e+00  -1.3256000e+00  -1.5495000e+00
  -1.2064000e+00  -1.8131000e+00  -1.6397000e+00  -2.0055000e+00  -1.1818000e+00  -1.4506000e+00
  -1.3480000e+00  -2.1208000e+00  -1.9037000e+00  -2.3184000e+00  -9.7610000e-01  -1.3314000e+00
  -1.5497000e+00  -2.5676000e+00  -2.2228000e+00  -2.6541000e+00  -7.0630000e-01  -1.1840000e+00
  -1.7839000e+00  -3.0589000e+00  -2.5419000e+00  -2.9489000e+00  -4.3670000e-01  -1.0462000e+00
  -2.1031000e+00  -3.4738000e+00  -2.8739000e+00  -3.1912000e+00  -1.8160000e-01  -9.0420000e-01
  -2.5626000e+00  -3.6876000e+00  -3.1690000e+00  -3.3524000e+00   2.3100000e-02  -7.0760000e-01
  -3.0394000e+00  -3.7973000e+00  -3.3654000e+00  -3.4515000e+00   1.2640000e-01  -5.9990000e-01
  -3.4363000e+00  -3.9757000e+00  -3.5647000e+00  -3.6330000e+00   1.2720000e-01  -4.9360000e-01
  -3.7001000e+00  -4.2436000e+00  -3.8197000e+00  -3.9118000e+00   5.8800000e-02  -4.7290000e-01
  -3.9945000e+00  -4.5609000e+00  -4.1135000e+00  -4.2074000e+00  -9.1900000e-02  -5.4510000e-01
  -4.3555000e+00  -4.9013000e+00  -4.4358000e+00  -4.5618000e+00  -4.9210000e-01  -8.6530000e-01
  -4.5645000e+00  -5.2581000e+00  -4.7961000e+00  -4.9862000e+00  -9.5100000e-01  -1.4417000e+00
  -4.9824000e+00  -5.6760000e+00  -5.2096000e+00  -5.4535000e+00  -1.3060000e-01  -1.3632000e+00
  -5.5401000e+00  -6.1204000e+00  -5.6539000e+00  -5.9449000e+00  -1.3095000e+00  -1.1851000e+00
  -6.0424000e+00  -6.6177000e+00  -6.1081000e+00  -6.3898000e+00  -1.8944000e+00  -1.0869000e+00
  -6.3955000e+00  -7.0872000e+00  -6.5523000e+00  -6.8477000e+00  -1.4095000e+00  -3.0160000e-01
  -6.6839000e+00  -7.4672000e+00  -6.9623000e+00  -7.3226000e+00  -1.2702000e+00  -6.1590000e-01
  -7.1065000e+00  -7.8854000e+00  -7.4005000e+00  -7.7880000e+00  -1.9986000e+00  -1.1452000e+00
  -7.4597000e+00  -8.2518000e+00  -7.8523000e+00  -8.2964000e+00   2.0462000e+00  -1.0599000e+00
  -7.9901000e+00  -8.7274000e+00  -8.2139000e+00  -8.6538000e+00   1.2311000e+00  -9.7170000e-01
  -8.4406000e+00  -9.1764000e+00  -8.5028000e+00  -8.7937000e+00  -8.7170000e-01  -3.9200000e-01
  -8.4716000e+00  -9.1551000e+00  -8.4936000e+00  -8.8197000e+00  -1.6102000e+00   1.1205000e+00
  -8.4585000e+00  -9.0824000e+00  -8.4043000e+00  -8.7215000e+00  -2.5986000e+00   1.9842000e+00
  -8.6519000e+00  -9.2579000e+00  -8.6021000e+00  -8.7881000e+00  -3.2026000e+00   1.3740000e+00
  -8.5561000e+00  -9.2241000e+00  -8.6373000e+00  -8.8599000e+00  -2.9341000e+00   1.6605000e+00
  -8.5067000e+00  -9.0603000e+00  -8.5298000e+00  -8.5957000e+00  -2.6612000e+00  -4.9300000e-02
  -8.5650000e+00  -8.7161000e+00  -8.3768000e+00  -8.2165000e+00  -2.8547000e+00  -2.2922000e+00
  -8.1338000e+00  -8.3107000e+00  -8.0376000e+00  -7.9211000e+00  -2.6877000e+00  -2.9678000e+00
  -7.6681000e+00  -7.6662000e+00  -7.5067000e+00  -7.4991000e+00  -2.2532000e+00  -2.8156000e+00
  -7.1439000e+00  -7.4598000e+00  -7.1320000e+00  -7.2255000e+00  -1.8117000e+00  -2.6214000e+00
  -6.7181000e+00  -7.3053000e+00  -6.7964000e+00  -6.8990000e+00  -1.9012000e+00  -2.4577000e+00
  -6.2175000e+00  -6.9114000e+00  -6.4098000e+00  -6.5309000e+00  -2.3827000e+00  -2.4718000e+00
  -5.7842000e+00  -6.4397000e+00  -6.0135000e+00  -6.1246000e+00  -2.9029000e+00  -2.5940000e+00
  -5.5355000e+00  -5.9418000e+00  -5.6817000e+00  -5.7526000e+00  -3.0059000e+00  -2.5331000e+00
  -5.4016000e+00  -5.6704000e+00  -5.4337000e+00  -5.4037000e+00  -2.6412000e+00  -2.5048000e+00
  -5.3406000e+00  -5.5902000e+00  -5.3814000e+00  -5.2972000e+00  -1.5901000e+00  -2.6483000e+00
  -5.0933000e+00  -5.3902000e+00  -5.2018000e+00  -5.1670000e+00   7.0150000e-01  -3.7425000e+00
  -4.8513000e+00  -5.0571000e+00  -4.9922000e+00  -4.9622000e+00  -1.1592000e+00  -5.0870000e+00
  -4.5234000e+00  -4.8060000e+00  -4.6910000e+00  -4.7201000e+00  -2.9806000e+00  -5.7563000e+00
  -4.3509000e+00  -4.5653000e+00  -4.4884000e+00  -4.5478000e+00  -4.1140000e+00  -5.9456000e+00
  -4.3129000e+00  -4.5392000e+00  -4.4452000e+00  -4.5062000e+00  -4.3401000e+00  -5.0315000e+00
  -4.0858000e+00  -4.3205000e+00  -4.3274000e+00  -4.4741000e+00  -4.3450000e+00  -3.2070000e+00
  -3.6655000e+00  -3.9710000e+00  -3.9847000e+00  -4.2159000e+00  -4.9546000e+00  -3.0618000e+00
  -3.3491000e+00  -3.6244000e+00  -3.6278000e+00  -3.8301000e+00  -5.1315000e+00  -3.5470000e+00
  -3.1820000e+00  -3.3841000e+00  -3.3972000e+00  -3.5551000e+00  -3.8366000e+00  -3.8554000e+00
  -3.0362000e+00  -3.2173000e+00  -3.1998000e+00  -3.3084000e+00  -2.9521000e+00  -3.8557000e+00
  -2.9864000e+00  -3.1163000e+00  -3.1283000e+00  -3.1526000e+00  -3.3536000e+00  -3.9297000e+00
  -2.9381000e+00  -3.0155000e+00  -3.0487000e+00  -3.0804000e+00  -3.4349000e+00  -3.9054000e+00
  -2.9008000e+00  -2.9079000e+00  -2.9652000e+00  -2.9847000e+00  -3.3399000e+00  -4.0189000e+00
  -2.8227000e+00  -2.8652000e+00  -2.9526000e+00  -3.0043000e+00  -3.1711000e+00  -4.1248000e+00
  -2.6630000e+00  -2.7477000e+00  -2.8289000e+00  -2.8691000e+00  -3.3465000e+00  -4.1362000e+00
  -2.3752000e+00  -2.5393000e+00  -2.7398000e+00  -2.8264000e+00  -3.5712000e+00  -4.1122000e+00
  -2.0441000e+00  -2.2030000e+00  -2.5602000e+00  -2.8470000e+00  -3.6454000e+00  -4.0673000e+00
  -2.0001000e+00  -1.9237000e+00  -2.1549000e+00  -2.4953000e+00  -3.6739000e+00  -3.9801000e+00
  -2.2600000e+00  -2.1173000e+00  -2.1138000e+00  -2.0245000e+00  -3.6763000e+00  -3.8660000e+00
  -2.2101000e+00  -2.2366000e+00  -2.2786000e+00  -2.2597000e+00  -3.5532000e+00  -3.8635000e+00
  -2.3236000e+00  -2.2053000e+00  -2.2514000e+00  -2.1984000e+00  -3.5386000e+00  -4.0063000e+00
  -2.5005000e+00  -2.4263000e+00  -2.4194000e+00  -2.3519000e+00  -3.7075000e+00  -4.2079000e+00
  -2.4662000e+00  -2.5017000e+00  -2.5071000e+00  -2.5044000e+00  -3.8857000e+00  -4.4386000e+00
  -2.5082000e+00  -2.5166000e+00  -2.5768000e+00  -2.6150000e+00  -4.0298000e+00  -4.5846000e+00
  -2.5434000e+00  -2.5334000e+00  -2.5882000e+00  -2.6109000e+00  -4.1411000e+00  -4.6315000e+00
  -2.5966000e+00  -2.5428000e+00  -2.5906000e+00  -2.5584000e+00  -4.0840000e+00  -4.5034000e+00
  -2.6369000e+00  -2.6006000e+00  -2.6842000e+00  -2.6784000e+00  -3.9215000e+00  -4.2408000e+00
  -2.7009000e+00  -2.6476000e+00  -2.7642000e+00  -2.7761000e+00  -3.7658000e+00  -4.1234000e+00
  -2.7786000e+00  -2.6547000e+00  -2.7744000e+00  -2.7303000e+00  -3.5267000e+00  -4.1930000e+00
  -2.7210000e+00  -2.5765000e+00  -2.7196000e+00  -2.7126000e+00  -3.3312000e+00  -4.2070000e+00
  -2.8599000e+00  -2.7097000e+00  -2.8152000e+00  -2.7889000e+00  -3.3394000e+00  -4.1487000e+00
  -3.1116000e+00  -2.9543000e+00  -3.0028000e+00  -2.9330000e+00  -3.4789000e+00  -4.0906000e+00
  -3.2918000e+00  -3.0776000e+00  -3.1186000e+00  -3.0100000e+00  -3.6677000e+00  -4.0097000e+00
  -3.4697000e+00  -3.2901000e+00  -3.3091000e+00  -3.2004000e+00  -3.6991000e+00  -3.9694000e+00
  -3.5430000e+00  -3.4417000e+00  -3.4546000e+00  -3.3875000e+00  -3.7503000e+00  -3.9036000e+00
  -3.6468000e+00  -3.5743000e+00  -3.5984000e+00  -3.5470000e+00  -3.6968000e+00  -3.9834000e+00
  -3.7269000e+00  -3.6870000e+00  -3.6729000e+00  -3.6286000e+00  -3.6260000e+00  -4.0878000e+00
  -3.7786000e+00  -3.7201000e+00  -3.7272000e+00  -3.6934000e+00  -3.7072000e+00  -4.1511000e+00
  -3.8242000e+00  -3.7459000e+00  -3.7465000e+00  -3.6938000e+00  -3.8913000e+00  -4.2758000e+00
  -3.9080000e+00  -3.7916000e+00  -3.8004000e+00  -3.7364000e+00  -4.0103000e+00  -4.3713000e+00
  -3.9834000e+00  -3.8466000e+00  -3.8768000e+00  -3.8008000e+00  -4.1263000e+00  -4.4007000e+00
  -4.0178000e+00  -3.8545000e+00  -3.9339000e+00  -3.8751000e+00  -4.2682000e+00  -4.3445000e+00
  -3.9654000e+00  -3.8823000e+00  -3.9694000e+00  -3.9831000e+00  -4.2172000e+00  -4.2214000e+00
  -4.0637000e+00  -3.8857000e+00  -3.9804000e+00  -3.9124000e+00  -4.1140000e+00  -3.9757000e+00
  -3.7523000e+00  -3.9142000e+00  -3.8899000e+00  -3.9592000e+00  -3.7884000e+00  -3.5367000e+00
  -3.6664000e+00  -3.8026000e+00  -3.7360000e+00  -3.7902000e+00  -3.1823000e+00  -3.0277000e+00
  -3.2642000e+00  -3.7163000e+00  -3.5783000e+00  -3.7096000e+00  -2.6811000e+00  -2.4978000e+00
  -2.8430000e+00  -3.5021000e+00  -3.2287000e+00  -3.4155000e+00  -2.1477000e+00  -2.0007000e+00
  -2.2952000e+00  -3.0430000e+00  -2.6509000e+00  -2.8262000e+00  -1.6449000e+00  -1.6324000e+00
  -1.8982000e+00  -2.4288000e+00  -2.2434000e+00  -2.4377000e+00  -1.3207000e+00  -1.3108000e+00
  -1.6752000e+00  -2.0054000e+00  -1.9416000e+00  -2.1004000e+00  -1.1160000e+00  -1.0116000e+00
  -1.5396000e+00  -1.8685000e+00  -1.8054000e+00  -1.9819000e+00  -1.2101000e+00  -8.4280000e-01
  -1.5242000e+00  -1.8572000e+00  -1.7427000e+00  -1.8697000e+00  -1.3379000e+00  -9.5530000e-01
  -1.7499000e+00  -1.9031000e+00  -1.8413000e+00  -1.8744000e+00  -1.3553000e+00  -1.1084000e+00
  -2.0157000e+00  -2.2685000e+00  -2.2928000e+00  -2.3112000e+00  -1.8325000e+00  -1.2521000e+00
  -2.3436000e+00  -2.5715000e+00  -2.5969000e+00  -2.6985000e+00  -1.8067000e+00  -1.6104000e+00
  -2.6612000e+00  -2.7916000e+00  -2.9014000e+00  -2.8759000e+00  -1.9026000e+00  -1.6815000e+00
  -2.7349000e+00  -2.8191000e+00  -2.8746000e+00  -2.9566000e+00  -1.9955000e+00  -1.7032000e+00
  -2.9049000e+00  -2.7393000e+00  -2.9078000e+00  -2.8764000e+00  -2.5293000e+00  -1.8645000e+00
  -3.6350000e+00  -3.5720000e+00  -3.6149000e+00  -3.7310000e+00  -2.6524000e+00  -2.0735000e+00
  -4.0467000e+00  -4.1892000e+00  -4.2106000e+00  -4.3947000e+00  -2.4196000e+00  -2.3495000e+00
  -3.4549000e+00  -3.6921000e+00  -3.8872000e+00  -4.2984000e+00  -2.2634000e+00  -2.3100000e+00
  -4.5873000e+00  -4.6273000e+00  -4.7951000e+00  -4.9026000e+00  -2.2162000e+00  -2.1652000e+00
  -5.0437000e+00  -5.1795000e+00  -4.9797000e+00  -4.9453000e+00  -2.3730000e+00  -2.1110000e+00
  -5.4145000e+00  -5.4318000e+00  -5.8411000e+00  -6.1367000e+00  -2.5176000e+00  -2.0811000e+00
  -6.6015000e+00  -7.0312000e+00  -7.1972000e+00  -7.5122000e+00  -2.3020000e+00  -2.0902000e+00
  -6.6393000e+00  -6.9681000e+00  -6.5805000e+00  -6.5602000e+00  -1.9972000e+00  -2.0561000e+00
  -6.0437000e+00  -6.2791000e+00  -6.3671000e+00  -6.5647000e+00  -1.6858000e+00  -1.8690000e+00
  -6.3784000e+00  -6.6057000e+00  -6.6843000e+00  -6.8529000e+00  -1.5463000e+00  -1.7529000e+00
  -6.7121000e+00  -6.9757000e+00  -7.0605000e+00  -7.2324000e+00  -1.4200000e+00  -1.5638000e+00
  -6.9151000e+00  -7.1005000e+00  -7.2945000e+00  -7.5140000e+00  -1.1578000e+00  -1.3965000e+00
  -7.3163000e+00  -7.5588000e+00  -7.5264000e+00  -7.6330000e+00  -6.3590000e-01  -1.2496000e+00
  -7.2441000e+00  -7.2903000e+00  -7.4377000e+00  -7.5353000e+00  -3.6280000e-01  -1.2578000e+00
  -7.9339000e+00  -7.9807000e+00  -8.0974000e+00  -8.1325000e+00  -2.6440000e-01  -1.4210000e+00
  -7.9146000e+00  -8.1043000e+00  -8.1635000e+00  -8.3817000e+00  -2.8600000e-01  -1.5256000e+00
  -8.2724000e+00  -8.1476000e+00  -8.4531000e+00  -8.5067000e+00  -1.3866000e+00  -1.4002000e+00
  -8.8340000e+00  -8.5786000e+00  -8.6911000e+00  -8.5648000e+00  -1.9188000e+00  -1.0477000e+00
  -8.9390000e+00  -8.9771000e+00  -9.0227000e+00  -8.9848000e+00  -2.2156000e+00  -5.5290000e-01
  -8.9285000e+00  -8.9413000e+00  -9.2910000e+00  -9.4479000e+00  -2.0847000e+00  -5.3040000e-01
  -8.7563000e+00  -8.6639000e+00  -8.9162000e+00  -8.9710000e+00  -1.7785000e+00  -3.4240000e-01
  -8.5071000e+00  -8.5454000e+00  -8.6475000e+00  -8.6460000e+00  -1.9202000e+00  -6.8160000e-01
  -8.3825000e+00  -8.2737000e+00  -8.3584000e+00  -8.3143000e+00  -2.7341000e+00  -1.4949000e+00
  -8.5344000e+00  -8.3005000e+00  -8.3756000e+00  -8.2190000e+00  -2.3360000e+00  -1.4276000e+00
  -8.8594000e+00  -8.4557000e+00  -8.5656000e+00  -8.3136000e+00  -1.5253000e+00  -1.1677000e+00
  -8.8055000e+00  -8.6901000e+00  -8.8483000e+00  -8.7473000e+00  -2.5399000e+00  -1.4601000e+00
  -8.4247000e+00  -8.6532000e+00  -8.7007000e+00  -8.8551000e+00  -4.2665000e+00  -2.4676000e+00
  -8.3365000e+00  -8.4238000e+00  -8.4967000e+00  -8.4324000e+00  -6.5686000e+00  -5.0023000e+00
  -8.2211000e+00  -8.2549000e+00  -8.3582000e+00  -8.3827000e+00  -6.0792000e+00  -4.6467000e+00
  -8.2835000e+00  -8.4001000e+00  -8.3406000e+00  -8.3755000e+00  -7.8795000e+00  -5.7185000e+00
  -8.6440000e+00  -8.5903000e+00  -8.5824000e+00  -8.5252000e+00  -8.2167000e+00  -6.9429000e+00
  -8.6419000e+00  -8.6804000e+00  -8.7451000e+00  -8.7985000e+00  -8.6185000e+00  -6.8949000e+00
  -8.3873000e+00  -8.4307000e+00  -8.4380000e+00  -8.4720000e+00  -8.1082000e+00  -6.4520000e+00
  -8.0019000e+00  -8.0775000e+00  -8.1622000e+00  -8.2721000e+00  -7.6688000e+00  -5.2077000e+00
  -7.9632000e+00  -8.0238000e+00  -8.0705000e+00  -8.1803000e+00  -7.0322000e+00  -4.8463000e+00
  -7.9866000e+00  -8.0840000e+00  -8.1361000e+00  -8.2109000e+00  -6.5555000e+00  -5.2975000e+00
  -8.0937000e+00  -8.0783000e+00  -8.1946000e+00  -8.2859000e+00  -5.3547000e+00  -6.6861000e+00
  -8.2586000e+00  -8.3128000e+00  -8.3287000e+00  -8.3972000e+00  -4.8806000e+00  -6.6123000e+00
  -8.2579000e+00  -8.3999000e+00  -8.3258000e+00  -8.4272000e+00  -6.6992000e+00  -6.7795000e+00
  -8.1804000e+00  -8.3210000e+00  -8.2436000e+00  -8.3419000e+00  -7.8371000e+00  -6.8938000e+00
  -8.6667000e+00  -8.6507000e+00  -8.6396000e+00  -8.6962000e+00  -7.1176000e+00  -6.3243000e+00
  -8.6547000e+00  -8.9113000e+00  -8.8625000e+00  -9.0091000e+00  -6.9102000e+00  -6.3359000e+00
  -8.9398000e+00  -9.0889000e+00  -8.9050000e+00  -8.9153000e+00  -7.0565000e+00  -6.7456000e+00
  -9.5837000e+00  -9.7084000e+00  -9.5872000e+00  -9.6408000e+00  -6.5724000e+00  -6.8742000e+00
  -9.8711000e+00  -1.0108900e+01  -9.9737000e+00  -1.0054900e+01  -5.1225000e+00  -6.6616000e+00
  -1.0279200e+01  -1.0322400e+01  -1.0325400e+01  -1.0391900e+01  -5.0810000e+00  -6.6965000e+00
  -1.0456200e+01  -1.0459200e+01  -1.0546500e+01  -1.0620500e+01  -5.8365000e+00  -6.4127000e+00
  -1.0630100e+01  -1.0466400e+01  -1.0633200e+01  -1.0674700e+01  -6.6034000e+00  -5.9288000e+00
  -1.0546700e+01  -1.0334400e+01  -1.0523000e+01  -1.0540100e+01  -5.9909000e+00  -5.0146000e+00
  -1.0367900e+01  -1.0147700e+01  -1.0375500e+01  -1.0382200e+01  -6.2809000e+00  -5.4627000e+00
  -1.0719200e+01  -1.0795900e+01  -1.0936900e+01  -1.1101200e+01  -6.3283000e+00  -7.0537000e+00
  -1.0551800e+01  -1.0793700e+01  -1.0900700e+01  -1.1130600e+01  -7.4781000e+00  -7.8574000e+00
  -1.0330100e+01  -1.0351800e+01  -1.0666600e+01  -1.0898800e+01  -7.8424000e+00  -7.8896000e+00
  -1.0728500e+01  -1.0727700e+01  -1.0971400e+01  -1.1044300e+01  -7.4415000e+00  -7.4752000e+00
  -1.1288300e+01  -1.1108300e+01  -1.1159000e+01  -1.1084200e+01  -7.0216000e+00  -6.6637000e+00
  -1.1524500e+01  -1.1659300e+01  -1.1739200e+01  -1.1928600e+01  -6.7603000e+00  -5.6970000e+00
  -1.2167200e+01  -1.2317000e+01  -1.2517400e+01  -1.2594900e+01  -7.1389000e+00  -6.9096000e+00
