   4.3755000e+00   4.5310000e+00   4.4841000e+00   4.5577000e+00   2.0574000e+00   2.1848000e+00
   4.4153000e+00   4.5214000e+00   4.5137000e+00   4.5950000e+00   1.8168000e+00   2.0155000e+00
   4.3844000e+00   4.4411000e+00   4.4602000e+00   4.5594000e+00   2.0134000e+00   2.1660000e+00
   4.3814000e+00   4.4012000e+00   4.4113000e+00   4.5127000e+00   2.1959000e+00   2.2180000e+00
   4.4186000e+00   4.4505000e+00   4.4559000e+00   4.6023000e+00   2.0852000e+00   2.1866000e+00
   4.6739000e+00   4.7034000e+00   4.7058000e+00   4.8574000e+00   2.0919000e+00   2.1786000e+00
   4.5600000e+00   4.6204000e+00   4.6808000e+00   4.8627000e+00   1.9191000e+00   2.0344000e+00
   4.3859000e+00   4.4817000e+00   4.5454000e+00   4.7333000e+00   1.8871000e+00   2.0016000e+00
   4.0865000e+00   4.1956000e+00   4.2505000e+00   4.4061000e+00   1.6841000e+00   1.8866000e+00
   3.9931000e+00   4.0934000e+00   4.1096000e+00   4.2256000e+00   1.8037000e+00   1.8287000e+00
   3.9101000e+00   4.0047000e+00   4.0300000e+00   4.1409000e+00   2.0076000e+00   2.1151000e+00
   3.8679000e+00   3.9520000e+00   3.9615000e+00   4.0672000e+00   1.9539000e+00   2.1476000e+00
   3.8068000e+00   3.8052000e+00   3.9205000e+00   4.0537000e+00   1.9286000e+00   2.0228000e+00
   3.7567000e+00   3.7131000e+00   3.8442000e+00   3.9767000e+00   1.8062000e+00   1.9385000e+00
   3.7521000e+00   3.6980000e+00   3.8023000e+00   3.9249000e+00   1.8549000e+00   1.8468000e+00
   3.6018000e+00   3.5361000e+00   3.6516000e+00   3.7684000e+00   2.1161000e+00   1.9365000e+00
   3.3636000e+00   3.2946000e+00   3.3541000e+00   3.4427000e+00   2.2020000e+00   1.9898000e+00
   3.2248000e+00   3.1683000e+00   3.1824000e+00   3.2392000e+00   2.1959000e+00   2.0407000e+00
   3.0444000e+00   3.0841000e+00   3.0993000e+00   3.1679000e+00   2.1636000e+00   1.9150000e+00
   2.7679000e+00   2.9410000e+00   2.9986000e+00   3.1075000e+00   1.9521000e+00   1.6860000e+00
   2.6016000e+00   2.8149000e+00   2.9241000e+00   3.0817000e+00   2.1050000e+00   1.9835000e+00
   2.3358000e+00   2.5782000e+00   2.6912000e+00   2.9253000e+00   2.3784000e+00   2.2235000e+00
   2.0490000e+00   2.2741000e+00   2.4034000e+00   2.6748000e+00   2.5880000e+00   2.5513000e+00
   1.6842000e+00   1.8791000e+00   2.0294000e+00   2.2877000e+00   2.7949000e+00   2.7739000e+00
   1.4556000e+00   1.5296000e+00   1.7160000e+00   1.9840000e+00   2.9441000e+00   2.9124000e+00
   1.4244000e+00   1.3975000e+00   1.5391000e+00   1.7617000e+00   3.0434000e+00   3.0121000e+00
   1.3937000e+00   1.5163000e+00   1.4764000e+00   1.6252000e+00   2.9906000e+00   3.0733000e+00
   1.4650000e+00   1.9742000e+00   1.6598000e+00   1.6637000e+00   3.0209000e+00   3.1358000e+00
   1.8564000e+00   2.2126000e+00   1.9276000e+00   1.8586000e+00   3.0011000e+00   3.1308000e+00
   2.2981000e+00   2.1962000e+00   2.0620000e+00   1.9303000e+00   2.9075000e+00   3.0639000e+00
   2.5458000e+00   2.4091000e+00   2.2143000e+00   2.0258000e+00   2.8393000e+00   2.9806000e+00
   2.8071000e+00   2.7357000e+00   2.4874000e+00   2.2878000e+00   2.7803000e+00   2.9239000e+00
   3.0648000e+00   2.9079000e+00   2.7115000e+00   2.5746000e+00   2.7326000e+00   2.8965000e+00
   3.2060000e+00   3.0619000e+00   2.9485000e+00   2.8669000e+00   2.6521000e+00   2.8296000e+00
   3.4091000e+00   3.2559000e+00   3.2168000e+00   3.1548000e+00   2.5403000e+00   2.7730000e+00
   3.5959000e+00   3.5099000e+00   3.4534000e+00   3.3350000e+00   2.4221000e+00   2.6864000e+00
   3.6964000e+00   3.7757000e+00   3.6632000e+00   3.5196000e+00   2.3288000e+00   2.6107000e+00
   3.8484000e+00   4.0064000e+00   3.8324000e+00   3.7034000e+00   2.2098000e+00   2.4916000e+00
   4.0587000e+00   4.2248000e+00   3.9906000e+00   3.9076000e+00   2.0984000e+00   2.3709000e+00
   4.3449000e+00   4.5164000e+00   4.2249000e+00   4.1849000e+00   2.0378000e+00   2.2543000e+00
   4.6607000e+00   4.8062000e+00   4.5077000e+00   4.4737000e+00   2.0236000e+00   2.1777000e+00
   4.8734000e+00   5.0226000e+00   4.7709000e+00   4.7458000e+00   2.0233000e+00   2.1031000e+00
   4.9349000e+00   5.1333000e+00   4.9293000e+00   4.9549000e+00   1.9922000e+00   2.0405000e+00
   4.9565000e+00   5.1280000e+00   4.9564000e+00   5.0240000e+00   1.9368000e+00   1.9968000e+00
   4.9233000e+00   5.0311000e+00   4.9192000e+00   4.9925000e+00   1.8343000e+00   1.9442000e+00
   4.9116000e+00   4.9085000e+00   4.8674000e+00   4.8928000e+00   1.7481000e+00   1.8720000e+00
   4.9459000e+00   4.8656000e+00   4.8842000e+00   4.8715000e+00   1.6835000e+00   1.8147000e+00
   4.9881000e+00   4.8627000e+00   4.9395000e+00   4.9052000e+00   1.6282000e+00   1.7531000e+00
   5.0295000e+00   4.8971000e+00   4.9983000e+00   4.9465000e+00   1.5532000e+00   1.6656000e+00
   5.0413000e+00   4.9038000e+00   4.9891000e+00   4.9075000e+00   1.4235000e+00   1.5735000e+00
   5.0565000e+00   4.9068000e+00   4.9964000e+00   4.8902000e+00   1.3069000e+00   1.4951000e+00
   5.0740000e+00   4.9516000e+00   5.0564000e+00   4.9499000e+00   1.1858000e+00   1.3802000e+00
   5.1126000e+00   5.0360000e+00   5.1554000e+00   5.0770000e+00   1.0581000e+00   1.2363000e+00
   5.1931000e+00   5.1401000e+00   5.2774000e+00   5.2423000e+00   9.4560000e-01   1.1114000e+00
   5.3876000e+00   5.3546000e+00   5.4700000e+00   5.4454000e+00   7.9930000e-01   9.7530000e-01
   5.5553000e+00   5.5638000e+00   5.6230000e+00   5.5882000e+00   6.4940000e-01   8.2810000e-01
   5.7159000e+00   5.7504000e+00   5.7761000e+00   5.7391000e+00   4.9030000e-01   7.1960000e-01
   5.8830000e+00   5.9083000e+00   5.8719000e+00   5.8031000e+00   3.0730000e-01   6.5580000e-01
   5.8519000e+00   5.8662000e+00   5.8401000e+00   5.7832000e+00   1.2740000e-01   6.5320000e-01
   5.8278000e+00   5.8073000e+00   5.9279000e+00   5.9495000e+00   2.1420000e-01   6.9620000e-01
   6.0265000e+00   6.0065000e+00   6.0929000e+00   6.1019000e+00   4.3770000e-01   7.5910000e-01
   6.0574000e+00   6.1179000e+00   6.0685000e+00   6.0531000e+00   6.5980000e-01   8.5540000e-01
   5.9671000e+00   6.0460000e+00   6.0408000e+00   6.0722000e+00   8.8690000e-01   9.5980000e-01
   6.1253000e+00   6.1377000e+00   6.1360000e+00   6.1494000e+00   1.1769000e+00   1.0519000e+00
   6.1825000e+00   6.1389000e+00   6.1449000e+00   6.1667000e+00   1.5306000e+00   1.1993000e+00
   6.2688000e+00   6.1892000e+00   6.2648000e+00   6.2840000e+00   1.9489000e+00   1.4082000e+00
   6.4593000e+00   6.3107000e+00   6.4062000e+00   6.3885000e+00   2.4064000e+00   1.6857000e+00
   6.5865000e+00   6.4878000e+00   6.4975000e+00   6.4671000e+00   2.8344000e+00   2.1004000e+00
   6.5222000e+00   6.4863000e+00   6.5212000e+00   6.5323000e+00   3.0303000e+00   2.5781000e+00
   6.6002000e+00   6.5319000e+00   6.5508000e+00   6.5172000e+00   3.0983000e+00   2.8967000e+00
   6.5367000e+00   6.4899000e+00   6.4653000e+00   6.4428000e+00   3.5157000e+00   2.9283000e+00
   6.4415000e+00   6.4980000e+00   6.4476000e+00   6.4559000e+00   4.1021000e+00   2.8423000e+00
   6.4906000e+00   6.6109000e+00   6.5136000e+00   6.5139000e+00   4.1495000e+00   2.9959000e+00
   6.4327000e+00   6.6022000e+00   6.4782000e+00   6.4998000e+00   3.7256000e+00   3.2964000e+00
   6.3448000e+00   6.5218000e+00   6.4313000e+00   6.4626000e+00   3.4594000e+00   3.7565000e+00
   6.3391000e+00   6.4737000e+00   6.3963000e+00   6.3954000e+00   3.5027000e+00   5.3031000e+00
   6.3835000e+00   6.4331000e+00   6.4079000e+00   6.3790000e+00   3.7717000e+00   7.6656000e+00
   6.4258000e+00   6.4001000e+00   6.4029000e+00   6.3332000e+00   7.4817000e+00   9.4189000e+00
   6.5061000e+00   6.4130000e+00   6.4429000e+00   6.3441000e+00   9.4049000e+00   9.8200000e+00
   6.5384000e+00   6.4058000e+00   6.4426000e+00   6.3219000e+00   9.9596000e+00   9.5609000e+00
   6.5125000e+00   6.3635000e+00   6.4073000e+00   6.2827000e+00   9.9589000e+00   9.3958000e+00
   6.5175000e+00   6.3941000e+00   6.4276000e+00   6.3046000e+00   9.6247000e+00   9.2009000e+00
   6.5601000e+00   6.4373000e+00   6.4982000e+00   6.3879000e+00   9.4552000e+00   9.3458000e+00
   6.7110000e+00   6.5506000e+00   6.6382000e+00   6.5349000e+00   9.2093000e+00   9.3480000e+00
   6.9289000e+00   6.6749000e+00   6.7954000e+00   6.6771000e+00   9.5066000e+00   9.4523000e+00
   7.2334000e+00   6.8253000e+00   6.9958000e+00   6.8298000e+00   9.3497000e+00   9.4031000e+00
   7.5598000e+00   6.9871000e+00   7.2161000e+00   7.0006000e+00   9.4028000e+00   9.3570000e+00
   7.8313000e+00   7.1667000e+00   7.4184000e+00   7.1556000e+00   9.4053000e+00   9.2763000e+00
   7.9848000e+00   7.3043000e+00   7.5234000e+00   7.2273000e+00   9.2926000e+00   9.1550000e+00
   8.0450000e+00   7.3715000e+00   7.5892000e+00   7.2724000e+00   9.1559000e+00   9.1043000e+00
   8.0741000e+00   7.3996000e+00   7.6625000e+00   7.3400000e+00   9.0363000e+00   9.0595000e+00
   8.1030000e+00   7.4353000e+00   7.7423000e+00   7.4257000e+00   9.0627000e+00   8.9745000e+00
   8.2082000e+00   7.5887000e+00   7.8989000e+00   7.5966000e+00   9.1076000e+00   8.9363000e+00
   8.3346000e+00   7.7653000e+00   8.0574000e+00   7.7662000e+00   9.0726000e+00   8.9431000e+00
   8.4351000e+00   7.9321000e+00   8.1750000e+00   7.8764000e+00   9.1223000e+00   8.9394000e+00
   8.5291000e+00   8.0367000e+00   8.2611000e+00   7.9217000e+00   9.1264000e+00   8.9811000e+00
   8.6158000e+00   8.1177000e+00   8.3403000e+00   7.9392000e+00   9.0354000e+00   9.0230000e+00
   8.7661000e+00   8.2602000e+00   8.5009000e+00   8.0716000e+00   8.9602000e+00   9.0504000e+00
   8.8740000e+00   8.4585000e+00   8.6590000e+00   8.2496000e+00   8.8822000e+00   9.0403000e+00
   8.8268000e+00   8.5663000e+00   8.6968000e+00   8.3624000e+00   8.8232000e+00   8.9903000e+00
   8.6458000e+00   8.4445000e+00   8.5548000e+00   8.2774000e+00   8.7902000e+00   8.9377000e+00
   8.4422000e+00   8.2339000e+00   8.3718000e+00   8.1145000e+00   8.7273000e+00   8.8390000e+00
   8.1923000e+00   7.9805000e+00   8.1386000e+00   7.8955000e+00   8.6762000e+00   8.7351000e+00
   7.9978000e+00   7.7027000e+00   7.9148000e+00   7.6599000e+00   8.6506000e+00   8.6426000e+00
   7.8510000e+00   7.4537000e+00   7.7097000e+00   7.4256000e+00   8.6369000e+00   8.5915000e+00
   7.7587000e+00   7.3153000e+00   7.5792000e+00   7.2585000e+00   8.6592000e+00   8.5538000e+00
   7.7098000e+00   7.2796000e+00   7.5301000e+00   7.1960000e+00   8.7331000e+00   8.5323000e+00
   7.6675000e+00   7.2642000e+00   7.4957000e+00   7.1612000e+00   8.7752000e+00   8.5622000e+00
   7.6038000e+00   7.1967000e+00   7.4329000e+00   7.0955000e+00   8.8093000e+00   8.6129000e+00
   7.5656000e+00   7.1599000e+00   7.3841000e+00   7.0355000e+00   8.7905000e+00   8.6497000e+00
   7.5342000e+00   7.1396000e+00   7.3436000e+00   6.9942000e+00   8.7502000e+00   8.6302000e+00
   7.5354000e+00   7.1415000e+00   7.3284000e+00   6.9753000e+00   8.6631000e+00   8.4967000e+00
   7.4931000e+00   7.1052000e+00   7.2703000e+00   6.9080000e+00   8.3638000e+00   8.0992000e+00
   7.3483000e+00   7.0078000e+00   7.1422000e+00   6.8001000e+00   7.6027000e+00   7.3333000e+00
   6.9943000e+00   6.7909000e+00   6.8472000e+00   6.5768000e+00   7.3793000e+00   7.1255000e+00
   6.4035000e+00   6.3323000e+00   6.3748000e+00   6.2372000e+00   6.8226000e+00   6.1636000e+00
   5.9631000e+00   5.8561000e+00   5.9049000e+00   5.8309000e+00   5.7421000e+00   5.2188000e+00
   5.4043000e+00   5.3859000e+00   5.3459000e+00   5.3640000e+00   5.2360000e+00   5.0627000e+00
   4.9806000e+00   4.9074000e+00   4.9208000e+00   4.9939000e+00   5.5039000e+00   5.2838000e+00
   4.8069000e+00   4.5840000e+00   4.6698000e+00   4.7645000e+00   5.4705000e+00   5.1997000e+00
   4.6777000e+00   4.3576000e+00   4.5261000e+00   4.6327000e+00   5.2737000e+00   5.2201000e+00
   4.6028000e+00   4.2418000e+00   4.4317000e+00   4.5893000e+00   5.3262000e+00   5.5609000e+00
   4.5275000e+00   4.1683000e+00   4.3414000e+00   4.5958000e+00   5.4496000e+00   5.7339000e+00
   4.4597000e+00   4.0844000e+00   4.2972000e+00   4.7158000e+00   5.2811000e+00   5.6899000e+00
   4.3781000e+00   4.0690000e+00   4.3527000e+00   4.9333000e+00   5.1509000e+00   5.6490000e+00
   4.2713000e+00   4.2342000e+00   4.4504000e+00   5.1150000e+00   4.9971000e+00   5.5674000e+00
   4.1446000e+00   4.4493000e+00   4.5279000e+00   5.1517000e+00   4.7439000e+00   5.3911000e+00
   4.0938000e+00   4.7080000e+00   4.6094000e+00   5.0359000e+00   4.4342000e+00   5.1192000e+00
   4.1357000e+00   4.8294000e+00   4.6165000e+00   4.8195000e+00   4.1319000e+00   4.8196000e+00
   4.2295000e+00   4.7981000e+00   4.5793000e+00   4.6109000e+00   3.8549000e+00   4.5099000e+00
   4.4042000e+00   4.8024000e+00   4.5911000e+00   4.5186000e+00   3.6038000e+00   4.2021000e+00
   4.5794000e+00   4.8910000e+00   4.6551000e+00   4.5481000e+00   3.3661000e+00   3.8947000e+00
   4.6326000e+00   5.0676000e+00   4.7802000e+00   4.7473000e+00   3.0812000e+00   3.6062000e+00
   4.7037000e+00   5.3249000e+00   5.0254000e+00   5.0742000e+00   2.7406000e+00   3.3403000e+00
   5.0132000e+00   5.7184000e+00   5.3534000e+00   5.4514000e+00   2.4407000e+00   3.0736000e+00
   5.3608000e+00   6.2001000e+00   5.7477000e+00   5.9473000e+00   2.1365000e+00   2.8227000e+00
   5.5841000e+00   6.5682000e+00   6.0923000e+00   6.4419000e+00   1.8096000e+00   2.5792000e+00
   5.9960000e+00   7.1280000e+00   6.5268000e+00   6.9984000e+00   1.5756000e+00   2.2917000e+00
   6.6451000e+00   7.7514000e+00   7.2086000e+00   7.7416000e+00   1.4098000e+00   2.1326000e+00
   7.3838000e+00   8.4752000e+00   8.0277000e+00   8.5982000e+00   1.3066000e+00   2.0902000e+00
   8.1867000e+00   8.9957000e+00   8.6319000e+00   9.0386000e+00   6.9830000e-01   2.4389000e+00
   8.8232000e+00   9.3530000e+00   9.1783000e+00   9.5057000e+00   1.0163000e+00   2.1424000e+00
   9.4859000e+00   9.6089000e+00   9.5004000e+00   9.7935000e+00   1.5956000e+00   1.3121000e+00
   9.9109000e+00   1.0068900e+01   1.0042100e+01   1.0195800e+01   1.4669000e+00   7.6700000e-01
   9.9891000e+00   1.0256400e+01   1.0160100e+01   1.0442100e+01   1.8119000e+00   8.5160000e-01
   1.0469400e+01   1.0566300e+01   1.0586800e+01   1.0622800e+01   1.8980000e+00   2.1974000e+00
   1.0936700e+01   1.0867800e+01   1.0939700e+01   1.0983700e+01   2.1491000e+00   2.4855000e+00
   1.1184200e+01   1.1068800e+01   1.0972900e+01   1.0907000e+01   2.1518000e+00   2.6301000e+00
   1.1353700e+01   1.1060900e+01   1.0905400e+01   1.0774800e+01   2.0037000e+00   2.0695000e+00
   1.1497500e+01   1.1513000e+01   1.1183600e+01   1.1079400e+01   1.6135000e+00   1.6445000e+00
   1.1201600e+01   1.1205400e+01   1.1152000e+01   1.1156600e+01   6.1430000e-01   1.5679000e+00
   1.1353200e+01   1.1145100e+01   1.1138500e+01   1.1123400e+01   7.8960000e-01   1.5351000e+00
   1.1241900e+01   1.1139200e+01   1.1116600e+01   1.1192400e+01   9.6980000e-01   1.5859000e+00
   1.1358200e+01   1.1105900e+01   1.1076900e+01   1.1108500e+01   1.5432000e+00   2.0503000e+00
   1.1306300e+01   1.1002200e+01   1.1070200e+01   1.1036500e+01   2.4618000e+00   2.9081000e+00
   1.0950000e+01   1.0842400e+01   1.0946900e+01   1.1011700e+01   3.6087000e+00   3.2189000e+00
   1.0828100e+01   1.0819300e+01   1.0786200e+01   1.0894000e+01   3.0028000e+00   2.7112000e+00
   1.0830000e+01   1.0793100e+01   1.0677200e+01   1.0729000e+01   3.2276000e+00   2.5446000e+00
   1.0793400e+01   1.0868600e+01   1.0651200e+01   1.0701300e+01   4.1321000e+00   2.6623000e+00
   1.0537400e+01   1.0731800e+01   1.0450600e+01   1.0508800e+01   5.7324000e+00   3.0173000e+00
   1.0142400e+01   1.0415000e+01   1.0103900e+01   1.0200300e+01   6.5011000e+00   2.9820000e+00
   9.7860000e+00   1.0088200e+01   9.7550000e+00   9.7932000e+00   6.5462000e+00   2.4280000e+00
   9.4561000e+00   9.8318000e+00   9.4633000e+00   9.5477000e+00   6.2144000e+00   2.1488000e+00
   9.1553000e+00   9.5380000e+00   9.2214000e+00   9.3199000e+00   6.2539000e+00   1.9041000e+00
   8.9678000e+00   9.3389000e+00   9.0399000e+00   9.1275000e+00   5.8170000e+00   2.4708000e+00
   8.7816000e+00   9.2880000e+00   9.0081000e+00   9.1301000e+00   6.3217000e+00   3.6413000e+00
   8.4745000e+00   9.0797000e+00   8.7713000e+00   8.8642000e+00   6.3629000e+00   5.1384000e+00
   8.2527000e+00   8.8514000e+00   8.5867000e+00   8.6966000e+00   6.2723000e+00   5.5367000e+00
   8.1714000e+00   8.6934000e+00   8.4887000e+00   8.6001000e+00   6.9040000e+00   5.3344000e+00
   8.4115000e+00   8.7455000e+00   8.5907000e+00   8.6268000e+00   6.3335000e+00   5.5235000e+00
   8.5819000e+00   8.8633000e+00   8.6784000e+00   8.6971000e+00   5.9140000e+00   5.7464000e+00
   8.6176000e+00   8.8698000e+00   8.7751000e+00   8.8219000e+00   5.3258000e+00   6.1689000e+00
   8.7161000e+00   8.8467000e+00   8.6553000e+00   8.6218000e+00   5.4245000e+00   6.6607000e+00
   8.7198000e+00   8.6648000e+00   8.5250000e+00   8.4054000e+00   5.3451000e+00   6.8308000e+00
   8.9424000e+00   8.7702000e+00   8.6030000e+00   8.3559000e+00   5.8430000e+00   6.9160000e+00
   8.8497000e+00   8.8750000e+00   8.7688000e+00   8.6346000e+00   6.1534000e+00   6.9173000e+00
   8.4609000e+00   8.6133000e+00   8.5373000e+00   8.5393000e+00   6.4203000e+00   7.0372000e+00
   8.1789000e+00   8.3636000e+00   8.3248000e+00   8.3655000e+00   6.6279000e+00   7.2440000e+00
   7.8734000e+00   8.0185000e+00   8.0060000e+00   8.1107000e+00   6.5857000e+00   7.4075000e+00
   7.9957000e+00   7.9403000e+00   7.8936000e+00   7.8570000e+00   6.4865000e+00   7.3759000e+00
   8.1961000e+00   8.0030000e+00   8.0058000e+00   7.9035000e+00   6.3702000e+00   7.1604000e+00
   8.4214000e+00   8.1260000e+00   8.2005000e+00   8.1032000e+00   6.1705000e+00   6.8360000e+00
   8.5642000e+00   8.3379000e+00   8.4058000e+00   8.3381000e+00   5.9740000e+00   6.4625000e+00
   8.2382000e+00   8.1802000e+00   8.2908000e+00   8.3300000e+00   5.8356000e+00   6.0219000e+00
   7.8436000e+00   7.8291000e+00   8.0312000e+00   8.1498000e+00   5.7014000e+00   5.5525000e+00
   7.6160000e+00   7.5411000e+00   7.7562000e+00   7.9247000e+00   5.5406000e+00   5.2341000e+00
   7.4355000e+00   7.4541000e+00   7.5734000e+00   7.7042000e+00   5.3172000e+00   4.9938000e+00
   7.4428000e+00   7.3356000e+00   7.3587000e+00   7.3787000e+00   5.3350000e+00   4.8732000e+00
   7.5956000e+00   7.4879000e+00   7.4337000e+00   7.2924000e+00   5.1683000e+00   4.8548000e+00
   7.6875000e+00   7.4497000e+00   7.4610000e+00   7.3952000e+00   5.5388000e+00   4.7923000e+00
   7.9446000e+00   7.6346000e+00   7.6759000e+00   7.5209000e+00   5.7290000e+00   4.5819000e+00
   7.8975000e+00   7.6352000e+00   7.8493000e+00   7.8115000e+00   5.7149000e+00   4.5754000e+00
   8.0146000e+00   7.5633000e+00   7.9925000e+00   8.0191000e+00   5.5474000e+00   4.5718000e+00
   8.0478000e+00   7.5746000e+00   8.0479000e+00   8.2042000e+00   5.2903000e+00   4.6236000e+00
   7.8646000e+00   7.7103000e+00   8.0245000e+00   8.1366000e+00   5.0027000e+00   4.6747000e+00
   7.5860000e+00   7.4978000e+00   7.7167000e+00   7.9094000e+00   4.8038000e+00   4.6373000e+00
   7.6962000e+00   7.5523000e+00   7.4541000e+00   7.5022000e+00   4.8985000e+00   4.7889000e+00
   7.8833000e+00   7.7250000e+00   7.3882000e+00   7.2157000e+00   5.1568000e+00   4.8660000e+00
   7.8550000e+00   7.7603000e+00   7.3859000e+00   7.0892000e+00   5.5758000e+00   4.8735000e+00
   7.6756000e+00   7.5413000e+00   7.4312000e+00   7.2147000e+00   5.8392000e+00   5.2624000e+00
   7.4171000e+00   7.3306000e+00   7.4169000e+00   7.3898000e+00   5.9371000e+00   5.8186000e+00
   7.0106000e+00   6.9510000e+00   7.0830000e+00   7.1695000e+00   6.0712000e+00   6.2003000e+00
   6.8056000e+00   6.5769000e+00   6.8179000e+00   6.9237000e+00   6.1061000e+00   6.2335000e+00
   6.8442000e+00   6.6018000e+00   6.7181000e+00   6.7640000e+00   6.1514000e+00   6.1700000e+00
   7.2372000e+00   6.9326000e+00   6.7318000e+00   6.5158000e+00   6.2224000e+00   6.1082000e+00
   7.5256000e+00   7.3394000e+00   7.0160000e+00   6.7582000e+00   6.0752000e+00   5.9375000e+00
   7.9965000e+00   7.6905000e+00   7.2310000e+00   6.8553000e+00   5.8150000e+00   5.5651000e+00
   8.3730000e+00   8.3302000e+00   7.7380000e+00   7.2525000e+00   5.4308000e+00   5.1717000e+00
   8.1463000e+00   8.4177000e+00   7.9874000e+00   7.6805000e+00   4.9441000e+00   4.7417000e+00
   7.7851000e+00   8.0689000e+00   7.7741000e+00   7.6593000e+00   4.5388000e+00   4.5364000e+00
   7.2865000e+00   7.6214000e+00   7.4442000e+00   7.5366000e+00   3.8502000e+00   3.9566000e+00
   6.8433000e+00   7.2442000e+00   7.0450000e+00   7.2759000e+00   3.3587000e+00   3.4925000e+00
   6.5340000e+00   6.8244000e+00   6.6370000e+00   6.7550000e+00   2.9908000e+00   3.1967000e+00
   6.3214000e+00   6.8657000e+00   6.6243000e+00   6.6856000e+00   2.8401000e+00   2.9856000e+00
   6.1863000e+00   6.6365000e+00   6.3326000e+00   6.4191000e+00   2.6410000e+00   2.7375000e+00
   5.6283000e+00   6.0842000e+00   5.8127000e+00   5.8447000e+00   2.4088000e+00   2.4591000e+00
   4.8532000e+00   5.3417000e+00   5.2165000e+00   5.4223000e+00   2.1349000e+00   2.1287000e+00
   4.4762000e+00   4.9592000e+00   4.8926000e+00   5.1431000e+00   1.7591000e+00   1.7553000e+00
   4.6508000e+00   4.8685000e+00   4.7758000e+00   4.8924000e+00   1.5978000e+00   1.7629000e+00
   5.4598000e+00   5.3974000e+00   5.3491000e+00   5.2094000e+00   1.6619000e+00   2.1007000e+00
   6.0452000e+00   6.0036000e+00   5.9979000e+00   6.0122000e+00   1.9465000e+00   2.4610000e+00
   6.9257000e+00   6.8009000e+00   6.5896000e+00   6.3529000e+00   2.3848000e+00   2.7613000e+00
   7.6544000e+00   7.6302000e+00   7.4568000e+00   7.1983000e+00   2.8938000e+00   3.1734000e+00
   7.7812000e+00   8.1444000e+00   7.9710000e+00   8.0264000e+00   3.3840000e+00   3.4713000e+00
   7.3683000e+00   7.5431000e+00   7.5328000e+00   7.6319000e+00   3.6587000e+00   3.4744000e+00
   7.5918000e+00   7.5206000e+00   7.6189000e+00   7.4804000e+00   3.5992000e+00   3.2051000e+00
   7.6848000e+00   7.6134000e+00   7.8008000e+00   7.7925000e+00   3.5542000e+00   3.2637000e+00
   7.8618000e+00   7.7520000e+00   7.9682000e+00   8.0165000e+00   3.6657000e+00   3.5521000e+00
   8.0996000e+00   7.9139000e+00   8.0891000e+00   8.0939000e+00   3.8291000e+00   3.8201000e+00
   8.4798000e+00   8.3281000e+00   8.4967000e+00   8.4801000e+00   3.9205000e+00   4.0119000e+00
   8.6104000e+00   8.4461000e+00   8.6619000e+00   8.6709000e+00   3.9655000e+00   4.2142000e+00
   8.4707000e+00   8.1970000e+00   8.4235000e+00   8.3870000e+00   4.1425000e+00   4.3427000e+00
   8.8080000e+00   8.6263000e+00   8.7642000e+00   8.7376000e+00   4.3177000e+00   4.4912000e+00
   8.9386000e+00   8.7585000e+00   9.0226000e+00   9.0599000e+00   4.3563000e+00   4.7030000e+00
   8.8302000e+00   8.6963000e+00   8.8684000e+00   8.8912000e+00   4.4271000e+00   4.8632000e+00
   8.9924000e+00   8.9110000e+00   9.0515000e+00   9.0343000e+00   4.4753000e+00   5.1068000e+00
   8.8865000e+00   8.7696000e+00   8.9364000e+00   8.9601000e+00   4.5562000e+00   5.6540000e+00
   8.8911000e+00   8.7497000e+00   8.8743000e+00   8.8599000e+00   4.5959000e+00   5.5182000e+00
   9.0856000e+00   8.8947000e+00   9.0578000e+00   9.0383000e+00   4.9464000e+00   4.6103000e+00
   9.3298000e+00   9.0768000e+00   9.2669000e+00   9.2101000e+00   4.3862000e+00   4.5704000e+00
   9.3662000e+00   9.1640000e+00   9.3352000e+00   9.2910000e+00   4.5959000e+00   5.2789000e+00
   9.3855000e+00   9.2611000e+00   9.4048000e+00   9.3964000e+00   4.4573000e+00   6.4350000e+00
   9.5209000e+00   9.3980000e+00   9.5307000e+00   9.5428000e+00   4.6098000e+00   5.6664000e+00
   9.5446000e+00   9.4733000e+00   9.6593000e+00   9.6955000e+00   7.2921000e+00   4.7781000e+00
   9.3275000e+00   9.2898000e+00   9.4957000e+00   9.5497000e+00   4.6056000e+00   4.0039000e+00
   9.1792000e+00   9.1309000e+00   9.2756000e+00   9.2729000e+00   5.1893000e+00   3.8917000e+00
   9.0853000e+00   8.9989000e+00   9.1710000e+00   9.1597000e+00   4.7557000e+00   4.6460000e+00
   9.0928000e+00   8.9918000e+00   9.1277000e+00   9.0950000e+00   6.5804000e+00   4.6508000e+00
   8.8171000e+00   8.8382000e+00   9.0589000e+00   9.1577000e+00   8.7744000e+00   7.3114000e+00
   8.4881000e+00   8.5294000e+00   8.7660000e+00   8.8951000e+00   9.1676000e+00   1.1589900e+01
   7.9888000e+00   8.0258000e+00   8.3329000e+00   8.5140000e+00   1.0643200e+01   1.1883800e+01
   7.8714000e+00   7.8771000e+00   8.1557000e+00   8.3100000e+00   1.0599200e+01   1.1694700e+01
   7.7548000e+00   7.7133000e+00   7.9290000e+00   8.0531000e+00   1.0034100e+01   1.0001900e+01
   7.6073000e+00   7.5934000e+00   7.7409000e+00   7.8264000e+00   9.7876000e+00   8.9591000e+00
   7.7360000e+00   7.6276000e+00   7.8368000e+00   7.8726000e+00   1.0043800e+01   8.1201000e+00
   7.9977000e+00   7.8200000e+00   8.1495000e+00   8.2313000e+00   9.0718000e+00   7.7284000e+00
   7.9825000e+00   7.7999000e+00   8.1671000e+00   8.2663000e+00   7.5638000e+00   8.2719000e+00
   8.0583000e+00   8.0068000e+00   8.1705000e+00   8.2286000e+00   7.6876000e+00   8.5727000e+00
   8.3694000e+00   8.3804000e+00   8.3052000e+00   8.3079000e+00   8.0842000e+00   8.3136000e+00
   8.8414000e+00   8.9054000e+00   8.8157000e+00   8.7888000e+00   8.6724000e+00   8.6592000e+00
   8.8439000e+00   8.7541000e+00   9.0159000e+00   9.1475000e+00   1.0687600e+01   9.3074000e+00
   8.8975000e+00   8.5997000e+00   8.9734000e+00   9.0935000e+00   1.0783800e+01   9.3651000e+00
   9.1938000e+00   8.9001000e+00   9.1333000e+00   9.1451000e+00   1.0391900e+01   9.4531000e+00
   9.3903000e+00   9.1852000e+00   9.3910000e+00   9.4070000e+00   9.8888000e+00   9.0354000e+00
   9.4755000e+00   9.3863000e+00   9.5354000e+00   9.6110000e+00   9.2281000e+00   8.4349000e+00
   9.4171000e+00   9.3916000e+00   9.5401000e+00   9.6366000e+00   8.3414000e+00   8.4025000e+00
   9.6172000e+00   9.5657000e+00   9.6842000e+00   9.7937000e+00   7.6139000e+00   8.1438000e+00
   9.8801000e+00   9.7658000e+00   9.8634000e+00   9.9535000e+00   7.3073000e+00   7.7987000e+00
   1.0283800e+01   1.0160400e+01   1.0184500e+01   1.0228900e+01   7.3113000e+00   7.4148000e+00
   1.0537900e+01   1.0512700e+01   1.0499500e+01   1.0570700e+01   7.4877000e+00   6.9586000e+00
   1.0458400e+01   1.0533700e+01   1.0544800e+01   1.0668200e+01   7.4239000e+00   6.9454000e+00
   1.0175100e+01   1.0273900e+01   1.0303100e+01   1.0444800e+01   7.3240000e+00   7.3582000e+00
   9.9083000e+00   9.9634000e+00   9.9988000e+00   1.0135900e+01   6.9787000e+00   7.4010000e+00
   9.8577000e+00   9.8999000e+00   9.8813000e+00   9.9586000e+00   6.6940000e+00   7.5458000e+00
   9.8323000e+00   9.8426000e+00   9.8317000e+00   9.8964000e+00   6.6998000e+00   7.5886000e+00
   9.6246000e+00   9.6423000e+00   9.6742000e+00   9.7771000e+00   6.6900000e+00   7.6181000e+00
   9.3407000e+00   9.3427000e+00   9.3704000e+00   9.4718000e+00   6.4328000e+00   7.5207000e+00
   9.0881000e+00   9.0479000e+00   9.1253000e+00   9.2210000e+00   6.3581000e+00   7.2061000e+00
   8.8701000e+00   8.8920000e+00   8.9648000e+00   9.0603000e+00   6.3236000e+00   6.9575000e+00
   8.5729000e+00   8.5550000e+00   8.6011000e+00   8.6785000e+00   6.2614000e+00   6.7420000e+00
   8.6131000e+00   8.5917000e+00   8.6035000e+00   8.6456000e+00   6.2895000e+00   6.6131000e+00
   8.5456000e+00   8.5929000e+00   8.5684000e+00   8.6266000e+00   6.2691000e+00   6.5253000e+00
   8.2332000e+00   8.3380000e+00   8.3668000e+00   8.4906000e+00   6.0055000e+00   6.4168000e+00
   7.8239000e+00   7.8520000e+00   7.9434000e+00   8.0660000e+00   5.8763000e+00   6.2853000e+00
   7.6492000e+00   7.6131000e+00   7.6911000e+00   7.7435000e+00   5.9862000e+00   6.2043000e+00
   7.3988000e+00   7.3288000e+00   7.4400000e+00   7.4788000e+00   6.2306000e+00   6.2033000e+00
   7.2334000e+00   7.1596000e+00   7.2467000e+00   7.2647000e+00   6.3337000e+00   6.5449000e+00
   7.1337000e+00   7.0872000e+00   7.1635000e+00   7.1815000e+00   6.5942000e+00   6.8146000e+00
   7.0586000e+00   7.0208000e+00   7.0838000e+00   7.0958000e+00   6.7431000e+00   6.9687000e+00
   6.9607000e+00   6.9169000e+00   7.0442000e+00   7.1022000e+00   6.7232000e+00   6.9123000e+00
   6.9650000e+00   6.9060000e+00   6.9891000e+00   7.0197000e+00   6.8305000e+00   6.7266000e+00
   6.9639000e+00   6.9033000e+00   6.9103000e+00   6.8845000e+00   6.9529000e+00   6.4788000e+00
   7.0240000e+00   6.9202000e+00   6.9471000e+00   6.8921000e+00   6.7971000e+00   6.5182000e+00
   7.5663000e+00   7.5037000e+00   7.4738000e+00   7.4126000e+00   6.5140000e+00   6.4234000e+00
   7.6010000e+00   7.6366000e+00   7.6044000e+00   7.6269000e+00   6.6350000e+00   6.2073000e+00
   7.6364000e+00   7.5807000e+00   7.6128000e+00   7.6267000e+00   6.8092000e+00   6.2027000e+00
   7.4552000e+00   7.3798000e+00   7.5224000e+00   7.6002000e+00   7.0422000e+00   6.6003000e+00
   7.4487000e+00   7.2784000e+00   7.4440000e+00   7.4756000e+00   7.2545000e+00   7.0877000e+00
   7.2421000e+00   7.2997000e+00   7.4120000e+00   7.4559000e+00   7.2594000e+00   7.5218000e+00
   6.8866000e+00   6.8479000e+00   7.0640000e+00   7.2101000e+00   7.3014000e+00   7.7105000e+00
   7.3254000e+00   7.0421000e+00   7.1460000e+00   7.0297000e+00   7.4875000e+00   7.9230000e+00
   7.9864000e+00   7.6293000e+00   7.7603000e+00   7.5950000e+00   7.3399000e+00   7.7201000e+00
   8.7952000e+00   8.6268000e+00   8.6809000e+00   8.5592000e+00   7.2232000e+00   7.2557000e+00
   9.1139000e+00   9.2718000e+00   9.1659000e+00   9.2683000e+00   7.2722000e+00   7.1965000e+00
   9.7603000e+00   9.8094000e+00   9.6874000e+00   9.6483000e+00   7.3515000e+00   6.8782000e+00
   1.0025900e+01   1.0033100e+01   1.0048300e+01   1.0123700e+01   6.8788000e+00   6.7095000e+00
   9.9346000e+00   1.0041700e+01   1.0037100e+01   1.0123500e+01   6.5575000e+00   6.9666000e+00
   9.5615000e+00   9.5266000e+00   9.6559000e+00   9.7564000e+00   6.9672000e+00   7.3679000e+00
   9.8089000e+00   9.7498000e+00   9.7748000e+00   9.7549000e+00   7.1215000e+00   7.4497000e+00
   1.0579600e+01   1.0483600e+01   1.0506900e+01   1.0457400e+01   6.9336000e+00   7.3289000e+00
   1.0088000e+01   1.0120500e+01   1.0272800e+01   1.0396100e+01   6.9843000e+00   7.4812000e+00
   9.8805000e+00   9.7887000e+00   9.7667000e+00   9.7569000e+00   7.6439000e+00   7.9068000e+00
   1.0353800e+01   1.0345200e+01   1.0311000e+01   1.0252300e+01   8.2374000e+00   8.1137000e+00
   1.0190600e+01   1.0106900e+01   1.0176900e+01   1.0220000e+01   8.2324000e+00   8.7892000e+00
   1.0561400e+01   1.0486400e+01   1.0563100e+01   1.0521900e+01   8.0831000e+00   9.0595000e+00
   1.0079000e+01   1.0227000e+01   1.0229800e+01   1.0340700e+01   8.1136000e+00   8.9325000e+00
   9.6752000e+00   9.8350000e+00   9.8503000e+00   9.9630000e+00   8.2485000e+00   8.9786000e+00
   9.3719000e+00   9.5188000e+00   9.4514000e+00   9.5011000e+00   8.3340000e+00   9.1213000e+00
   9.4851000e+00   9.5484000e+00   9.4555000e+00   9.4663000e+00   8.2247000e+00   9.3556000e+00
   9.8484000e+00   9.8480000e+00   9.7687000e+00   9.7328000e+00   8.1808000e+00   9.4864000e+00
   9.8099000e+00   9.8671000e+00   9.8384000e+00   9.8598000e+00   8.1120000e+00   8.9983000e+00
   9.5353000e+00   9.6399000e+00   9.6223000e+00   9.6999000e+00   8.5322000e+00   8.7012000e+00
   9.6573000e+00   9.7101000e+00   9.6658000e+00   9.6645000e+00   9.1158000e+00   8.5898000e+00
   9.6613000e+00   9.6236000e+00   9.6596000e+00   9.6528000e+00   9.6349000e+00   8.3015000e+00
   9.5407000e+00   9.5563000e+00   9.5493000e+00   9.5283000e+00   9.9208000e+00   8.1585000e+00
   9.2733000e+00   9.3787000e+00   9.3738000e+00   9.4176000e+00   9.9080000e+00   8.3599000e+00
   8.4684000e+00   8.6532000e+00   8.8007000e+00   9.0285000e+00   9.7239000e+00   8.8288000e+00
   7.7466000e+00   7.6314000e+00   7.7808000e+00   7.8935000e+00   9.3153000e+00   9.0595000e+00
   7.5339000e+00   7.3770000e+00   7.5053000e+00   7.4173000e+00   8.6738000e+00   8.9350000e+00
   7.2250000e+00   7.1057000e+00   7.2269000e+00   7.1957000e+00   8.2144000e+00   8.6168000e+00
   6.9448000e+00   6.8781000e+00   6.9354000e+00   6.9033000e+00   8.0745000e+00   8.1238000e+00
   6.7413000e+00   6.6078000e+00   6.7103000e+00   6.6930000e+00   8.2889000e+00   7.7974000e+00
   6.6662000e+00   6.5061000e+00   6.6031000e+00   6.5674000e+00   8.4269000e+00   7.7219000e+00
   6.5460000e+00   6.4476000e+00   6.5616000e+00   6.5620000e+00   8.2013000e+00   7.6674000e+00
   6.4518000e+00   6.3361000e+00   6.4448000e+00   6.4360000e+00   7.9301000e+00   7.5579000e+00
   6.3336000e+00   6.1379000e+00   6.2602000e+00   6.2313000e+00   7.7781000e+00   7.4489000e+00
   6.1668000e+00   6.0016000e+00   6.1435000e+00   6.1395000e+00   7.5207000e+00   7.2952000e+00
   5.8097000e+00   5.6282000e+00   5.7450000e+00   5.7068000e+00   7.1653000e+00   7.2601000e+00
   5.6886000e+00   5.4554000e+00   5.5773000e+00   5.4936000e+00   6.6369000e+00   7.0258000e+00
   5.6764000e+00   5.4344000e+00   5.5627000e+00   5.4733000e+00   6.0899000e+00   6.5980000e+00
   5.6316000e+00   5.4319000e+00   5.5435000e+00   5.4681000e+00   5.9060000e+00   6.2206000e+00
   5.5594000e+00   5.4072000e+00   5.5000000e+00   5.4426000e+00   6.1983000e+00   6.0332000e+00
   5.5998000e+00   5.5343000e+00   5.5864000e+00   5.5591000e+00   6.0889000e+00   5.9440000e+00
   5.6565000e+00   5.6605000e+00   5.6841000e+00   5.6911000e+00   5.6109000e+00   5.5286000e+00
   5.6754000e+00   5.7001000e+00   5.7170000e+00   5.7310000e+00   5.4604000e+00   5.4475000e+00
   5.7381000e+00   5.7589000e+00   5.7772000e+00   5.7924000e+00   5.1654000e+00   5.2132000e+00
   5.8095000e+00   5.8349000e+00   5.8279000e+00   5.8296000e+00   5.4177000e+00   5.2460000e+00
   5.7379000e+00   5.6848000e+00   5.7156000e+00   5.6832000e+00   4.9847000e+00   5.3977000e+00
   5.8830000e+00   5.7593000e+00   5.8117000e+00   5.7545000e+00   5.1024000e+00   5.9141000e+00
   5.8486000e+00   5.7742000e+00   5.8299000e+00   5.8150000e+00   5.3918000e+00   6.4281000e+00
   5.6313000e+00   5.5500000e+00   5.5894000e+00   5.5662000e+00   5.9988000e+00   6.7607000e+00
   5.6948000e+00   5.6199000e+00   5.6499000e+00   5.6149000e+00   5.7191000e+00   6.4949000e+00
   5.4892000e+00   5.4996000e+00   5.4914000e+00   5.4775000e+00   5.7891000e+00   6.4639000e+00
   5.2081000e+00   5.2322000e+00   5.2072000e+00   5.1880000e+00   6.2462000e+00   6.6062000e+00
   5.1707000e+00   5.1799000e+00   5.1534000e+00   5.1276000e+00   6.0864000e+00   6.2400000e+00
   5.3431000e+00   5.3308000e+00   5.3146000e+00   5.2925000e+00   6.4456000e+00   5.9845000e+00
   5.5184000e+00   5.4943000e+00   5.4948000e+00   5.4742000e+00   6.4103000e+00   5.9826000e+00
   5.6893000e+00   5.6599000e+00   5.6740000e+00   5.6572000e+00   6.3076000e+00   6.1698000e+00
   5.8924000e+00   5.8280000e+00   5.8524000e+00   5.8278000e+00   6.3612000e+00   6.3661000e+00
   5.9606000e+00   5.9392000e+00   5.9451000e+00   5.9354000e+00   6.6834000e+00   6.4401000e+00
   6.0279000e+00   5.9981000e+00   6.0280000e+00   6.0331000e+00   6.7945000e+00   6.7109000e+00
   6.0935000e+00   6.0772000e+00   6.0992000e+00   6.1084000e+00   6.9965000e+00   6.9313000e+00
   6.0550000e+00   6.0489000e+00   6.0828000e+00   6.1054000e+00   7.3309000e+00   7.1106000e+00
   5.9572000e+00   5.9371000e+00   5.9744000e+00   5.9989000e+00   7.7335000e+00   7.2483000e+00
   5.8438000e+00   5.8330000e+00   5.8727000e+00   5.9082000e+00   7.9981000e+00   7.0313000e+00
   5.6799000e+00   5.6666000e+00   5.6943000e+00   5.7197000e+00   8.0642000e+00   6.8895000e+00
   5.6170000e+00   5.5912000e+00   5.5942000e+00   5.5989000e+00   7.8751000e+00   6.9422000e+00
   5.5947000e+00   5.6130000e+00   5.5789000e+00   5.5887000e+00   7.5970000e+00   7.1054000e+00
   5.3961000e+00   5.4459000e+00   5.4097000e+00   5.4255000e+00   7.1186000e+00   7.1098000e+00
   5.2011000e+00   5.2236000e+00   5.2015000e+00   5.2019000e+00   6.3766000e+00   6.8426000e+00
   5.0096000e+00   5.0259000e+00   5.0183000e+00   5.0194000e+00   5.7919000e+00   6.5723000e+00
   4.8828000e+00   4.9000000e+00   4.8915000e+00   4.8931000e+00   5.3536000e+00   6.1518000e+00
   4.7685000e+00   4.8004000e+00   4.7987000e+00   4.8057000e+00   5.1348000e+00   5.8014000e+00
   4.7381000e+00   4.7502000e+00   4.7644000e+00   4.7670000e+00   5.0466000e+00   5.4237000e+00
   4.7248000e+00   4.7091000e+00   4.7364000e+00   4.7387000e+00   4.9141000e+00   5.0585000e+00
   4.7242000e+00   4.6994000e+00   4.7261000e+00   4.7322000e+00   4.8395000e+00   4.7091000e+00
   4.6863000e+00   4.6977000e+00   4.7090000e+00   4.7352000e+00   5.1489000e+00   4.7093000e+00
