  -1.0590000e+00  -9.7240000e-01  -1.0102000e+00  -9.7520000e-01  -2.9458000e+00  -3.0478000e+00
  -1.0344000e+00  -9.2010000e-01  -9.7050000e-01  -9.3360000e-01  -3.1150000e+00  -3.1813000e+00
  -9.2550000e-01  -7.9050000e-01  -8.6450000e-01  -8.3360000e-01  -3.3069000e+00  -3.4321000e+00
  -9.3510000e-01  -7.6030000e-01  -8.6130000e-01  -8.2290000e-01  -3.5308000e+00  -3.6262000e+00
  -1.0161000e+00  -8.2440000e-01  -9.3660000e-01  -8.8780000e-01  -3.6286000e+00  -3.7282000e+00
  -1.0516000e+00  -8.8690000e-01  -9.7690000e-01  -9.2390000e-01  -3.7702000e+00  -3.8650000e+00
  -1.1246000e+00  -9.8730000e-01  -1.0588000e+00  -1.0085000e+00  -3.8085000e+00  -3.8889000e+00
  -1.1793000e+00  -1.0678000e+00  -1.1375000e+00  -1.0960000e+00  -3.8278000e+00  -3.8755000e+00
  -1.2886000e+00  -1.1892000e+00  -1.2591000e+00  -1.2221000e+00  -3.7266000e+00  -3.7734000e+00
  -1.4675000e+00  -1.3905000e+00  -1.4573000e+00  -1.4284000e+00  -3.6102000e+00  -3.7495000e+00
  -1.5452000e+00  -1.4975000e+00  -1.5432000e+00  -1.5175000e+00  -3.5498000e+00  -3.8137000e+00
  -1.6142000e+00  -1.5788000e+00  -1.6180000e+00  -1.5944000e+00  -3.5048000e+00  -3.8412000e+00
  -1.6251000e+00  -1.5911000e+00  -1.6342000e+00  -1.6128000e+00  -3.4763000e+00  -3.8678000e+00
  -1.6740000e+00  -1.6395000e+00  -1.6884000e+00  -1.6715000e+00  -3.4303000e+00  -3.8801000e+00
  -1.7244000e+00  -1.6775000e+00  -1.7344000e+00  -1.7122000e+00  -3.4376000e+00  -3.8394000e+00
  -1.7964000e+00  -1.7469000e+00  -1.7988000e+00  -1.7689000e+00  -3.4035000e+00  -3.6904000e+00
  -1.8738000e+00  -1.8145000e+00  -1.8612000e+00  -1.8198000e+00  -3.2697000e+00  -3.5202000e+00
  -1.8746000e+00  -1.8506000e+00  -1.8889000e+00  -1.8597000e+00  -3.0117000e+00  -3.1835000e+00
  -1.7965000e+00  -1.8365000e+00  -1.8590000e+00  -1.8532000e+00  -2.7313000e+00  -2.9078000e+00
  -1.6209000e+00  -1.7290000e+00  -1.7293000e+00  -1.7709000e+00  -2.3147000e+00  -2.4764000e+00
  -1.3946000e+00  -1.5642000e+00  -1.5758000e+00  -1.6552000e+00  -1.9370000e+00  -2.1846000e+00
  -1.2191000e+00  -1.4354000e+00  -1.4149000e+00  -1.5026000e+00  -1.7551000e+00  -2.0247000e+00
  -1.0380000e+00  -1.2864000e+00  -1.2463000e+00  -1.3600000e+00  -1.5786000e+00  -1.8413000e+00
  -9.3870000e-01  -1.1754000e+00  -1.1053000e+00  -1.2165000e+00  -1.4315000e+00  -1.6928000e+00
  -9.0030000e-01  -1.0448000e+00  -9.9780000e-01  -1.1011000e+00  -1.3073000e+00  -1.4922000e+00
  -9.2580000e-01  -1.0010000e+00  -1.0294000e+00  -1.1666000e+00  -1.0079000e+00  -1.2472000e+00
  -9.8660000e-01  -1.0621000e+00  -1.1286000e+00  -1.3054000e+00  -7.9680000e-01  -1.1000000e+00
  -1.1309000e+00  -1.2587000e+00  -1.2894000e+00  -1.5079000e+00  -6.5980000e-01  -9.6730000e-01
  -1.2911000e+00  -1.4703000e+00  -1.4439000e+00  -1.7069000e+00  -4.8920000e-01  -7.7490000e-01
  -1.5087000e+00  -1.7252000e+00  -1.7196000e+00  -2.0086000e+00  -2.9900000e-01  -6.0860000e-01
  -1.8302000e+00  -2.0924000e+00  -2.0745000e+00  -2.3299000e+00  -1.5320000e-01  -4.8740000e-01
  -2.2145000e+00  -2.4986000e+00  -2.4125000e+00  -2.6122000e+00  -5.1600000e-02  -3.9240000e-01
  -2.6066000e+00  -2.8433000e+00  -2.7782000e+00  -2.9306000e+00   1.8600000e-02  -3.0600000e-01
  -3.0954000e+00  -3.2141000e+00  -3.1583000e+00  -3.2188000e+00   6.0100000e-02  -2.5100000e-01
  -3.5253000e+00  -3.5635000e+00  -3.4706000e+00  -3.4810000e+00   4.8800000e-02  -2.6350000e-01
  -3.7718000e+00  -3.8994000e+00  -3.7650000e+00  -3.8006000e+00   2.6500000e-02  -3.2890000e-01
  -3.9474000e+00  -4.3289000e+00  -4.1257000e+00  -4.2083000e+00  -3.1000000e-02  -3.9250000e-01
  -4.2592000e+00  -4.7951000e+00  -4.5344000e+00  -4.6404000e+00  -8.9300000e-02  -5.0020000e-01
  -4.6986000e+00  -5.2709000e+00  -4.9520000e+00  -5.1044000e+00  -1.9200000e-01  -5.5040000e-01
  -5.1333000e+00  -5.7148000e+00  -5.3757000e+00  -5.5880000e+00  -2.6950000e-01  -7.4900000e-01
  -5.6192000e+00  -6.2113000e+00  -5.8915000e+00  -6.1591000e+00  -3.3090000e-01  -7.9890000e-01
  -6.2691000e+00  -6.8534000e+00  -6.5638000e+00  -6.8483000e+00  -4.0170000e-01  -8.9100000e-02
  -7.0592000e+00  -7.4798000e+00  -7.2981000e+00  -7.5402000e+00  -5.0690000e-01  -6.5130000e-01
  -7.8485000e+00  -7.9526000e+00  -7.9204000e+00  -8.0533000e+00  -5.2930000e-01  -1.0494000e+00
  -8.3674000e+00  -8.3899000e+00  -8.3477000e+00  -8.4363000e+00  -3.0000000e-01  -1.1480000e+00
  -8.6529000e+00  -8.7141000e+00  -8.6227000e+00  -8.7019000e+00  -1.6090000e-01  -1.2907000e+00
  -8.8997000e+00  -9.0878000e+00  -8.9550000e+00  -9.0678000e+00  -6.2540000e-01  -1.4989000e+00
  -9.2169000e+00  -9.3271000e+00  -9.2193000e+00  -9.2951000e+00  -9.1930000e-01  -1.9269000e+00
  -9.5445000e+00  -9.5793000e+00  -9.5075000e+00  -9.5409000e+00  -3.5930000e-01  -2.5014000e+00
  -9.7825000e+00  -9.8307000e+00  -9.7153000e+00  -9.7168000e+00   1.6100000e-01  -2.6232000e+00
  -1.0001600e+01  -1.0006800e+01  -9.8936000e+00  -9.8516000e+00  -1.0425000e+00  -2.2291000e+00
  -1.0156800e+01  -1.0044100e+01  -9.9366000e+00  -9.8319000e+00  -2.3485000e+00  -1.6595000e+00
  -1.0183200e+01  -1.0047300e+01  -9.9473000e+00  -9.8537000e+00  -2.3970000e+00  -1.2429000e+00
  -1.0133800e+01  -1.0020600e+01  -9.9218000e+00  -9.8679000e+00  -2.0696000e+00  -1.5161000e+00
  -1.0122700e+01  -9.9383000e+00  -9.9364000e+00  -9.9183000e+00  -2.1062000e+00  -1.7121000e+00
  -1.0090600e+01  -9.8555000e+00  -9.9475000e+00  -9.9508000e+00  -2.0346000e+00  -2.0647000e+00
  -1.0151300e+01  -9.8150000e+00  -9.9082000e+00  -9.8118000e+00  -2.8376000e+00  -2.7332000e+00
  -1.0106000e+01  -9.7487000e+00  -9.7881000e+00  -9.6046000e+00  -4.3948000e+00  -4.4468000e+00
  -9.8449000e+00  -9.5265000e+00  -9.5107000e+00  -9.3283000e+00  -4.7672000e+00  -5.5306000e+00
  -9.4789000e+00  -9.2779000e+00  -9.2102000e+00  -9.0806000e+00  -4.5252000e+00  -5.7545000e+00
  -9.1355000e+00  -9.0486000e+00  -8.9968000e+00  -8.9375000e+00  -4.3671000e+00  -5.7917000e+00
  -8.7683000e+00  -8.8552000e+00  -8.6893000e+00  -8.6413000e+00  -5.1530000e+00  -6.4137000e+00
  -8.2761000e+00  -8.5763000e+00  -8.2164000e+00  -8.2083000e+00  -5.7533000e+00  -6.5518000e+00
  -7.8290000e+00  -8.1796000e+00  -7.7974000e+00  -7.8495000e+00  -5.9380000e+00  -6.8910000e+00
  -7.4408000e+00  -7.6635000e+00  -7.3252000e+00  -7.3578000e+00  -5.5061000e+00  -7.0508000e+00
  -7.0595000e+00  -7.2046000e+00  -6.9534000e+00  -6.8992000e+00  -6.2841000e+00  -6.8324000e+00
  -6.6274000e+00  -6.6790000e+00  -6.4954000e+00  -6.4688000e+00  -6.2955000e+00  -6.5121000e+00
  -6.0790000e+00  -6.2304000e+00  -6.0608000e+00  -6.0606000e+00  -6.2619000e+00  -6.1573000e+00
  -5.5927000e+00  -5.8595000e+00  -5.6286000e+00  -5.6497000e+00  -5.7102000e+00  -6.3482000e+00
  -5.1608000e+00  -5.5024000e+00  -5.2617000e+00  -5.2798000e+00  -5.7892000e+00  -6.5902000e+00
  -4.7012000e+00  -5.2000000e+00  -4.9062000e+00  -4.9792000e+00  -6.2930000e+00  -6.9953000e+00
  -4.3783000e+00  -4.7556000e+00  -4.5455000e+00  -4.6334000e+00  -6.7439000e+00  -7.4056000e+00
  -4.3095000e+00  -4.4670000e+00  -4.3049000e+00  -4.2720000e+00  -6.9870000e+00  -7.6512000e+00
  -4.2215000e+00  -4.3417000e+00  -4.2359000e+00  -4.1637000e+00  -8.1039000e+00  -7.4363000e+00
  -4.0303000e+00  -4.1186000e+00  -4.0599000e+00  -4.0061000e+00  -8.6048000e+00  -6.7133000e+00
  -3.8123000e+00  -3.8672000e+00  -3.8261000e+00  -3.7979000e+00  -8.2908000e+00  -5.9178000e+00
  -3.5331000e+00  -3.4672000e+00  -3.4993000e+00  -3.4934000e+00  -7.2908000e+00  -5.5011000e+00
  -3.5467000e+00  -3.2827000e+00  -3.3008000e+00  -3.1698000e+00  -6.4135000e+00  -5.6726000e+00
  -3.5807000e+00  -3.3417000e+00  -3.3641000e+00  -3.1946000e+00  -5.8464000e+00  -5.4097000e+00
  -3.5473000e+00  -3.3246000e+00  -3.4053000e+00  -3.3105000e+00  -5.3417000e+00  -5.2397000e+00
  -3.5514000e+00  -3.3323000e+00  -3.4182000e+00  -3.3647000e+00  -5.1320000e+00  -5.3595000e+00
  -3.4573000e+00  -3.2191000e+00  -3.2413000e+00  -3.1205000e+00  -5.0359000e+00  -5.5385000e+00
  -3.1229000e+00  -3.0394000e+00  -3.1160000e+00  -3.0068000e+00  -4.9759000e+00  -5.7023000e+00
  -2.6668000e+00  -2.4648000e+00  -2.6925000e+00  -2.6796000e+00  -4.8859000e+00  -5.9176000e+00
  -2.7244000e+00  -2.3630000e+00  -2.5255000e+00  -2.3586000e+00  -5.0011000e+00  -6.1110000e+00
  -2.9505000e+00  -2.7206000e+00  -2.7544000e+00  -2.7032000e+00  -5.1825000e+00  -6.1252000e+00
  -3.1295000e+00  -3.2229000e+00  -3.3126000e+00  -3.2242000e+00  -5.2116000e+00  -6.0019000e+00
  -2.4441000e+00  -2.3310000e+00  -2.6300000e+00  -2.6819000e+00  -5.2397000e+00  -5.7938000e+00
  -2.4518000e+00  -2.2421000e+00  -2.3098000e+00  -2.2463000e+00  -5.3654000e+00  -5.6883000e+00
  -3.3357000e+00  -2.8365000e+00  -3.0347000e+00  -2.7975000e+00  -5.5300000e+00  -5.6592000e+00
  -3.5899000e+00  -3.0587000e+00  -3.2038000e+00  -2.9523000e+00  -5.6190000e+00  -5.7430000e+00
  -3.6630000e+00  -3.3906000e+00  -3.6217000e+00  -3.6789000e+00  -5.6489000e+00  -5.8501000e+00
  -3.8410000e+00  -3.5613000e+00  -3.7492000e+00  -3.6525000e+00  -5.6265000e+00  -5.8727000e+00
  -3.6082000e+00  -3.3417000e+00  -3.4172000e+00  -3.2980000e+00  -5.6470000e+00  -5.8520000e+00
  -3.3460000e+00  -3.2019000e+00  -3.3429000e+00  -3.3199000e+00  -5.4921000e+00  -5.7072000e+00
  -3.3390000e+00  -2.9809000e+00  -3.1096000e+00  -3.0522000e+00  -5.2371000e+00  -5.4180000e+00
  -3.5502000e+00  -3.3057000e+00  -3.4060000e+00  -3.2407000e+00  -4.9172000e+00  -5.1704000e+00
  -3.4375000e+00  -3.1150000e+00  -3.1872000e+00  -3.0552000e+00  -4.7377000e+00  -5.0309000e+00
  -3.6003000e+00  -3.1588000e+00  -3.2803000e+00  -3.1201000e+00  -4.6245000e+00  -4.8031000e+00
  -3.7017000e+00  -3.3227000e+00  -3.5825000e+00  -3.5800000e+00  -4.3765000e+00  -4.5114000e+00
  -3.9489000e+00  -3.7044000e+00  -3.7002000e+00  -3.5833000e+00  -4.3799000e+00  -4.4103000e+00
  -3.9709000e+00  -3.6260000e+00  -3.8142000e+00  -3.7285000e+00  -4.6236000e+00  -4.3533000e+00
  -4.2146000e+00  -3.9160000e+00  -3.9941000e+00  -3.8658000e+00  -4.6631000e+00  -4.3788000e+00
  -4.1724000e+00  -3.9263000e+00  -4.0830000e+00  -4.0328000e+00  -4.2606000e+00  -4.3365000e+00
  -3.9369000e+00  -3.8289000e+00  -3.9376000e+00  -3.9586000e+00  -4.4664000e+00  -4.6728000e+00
  -3.7645000e+00  -3.6344000e+00  -3.7132000e+00  -3.7275000e+00  -4.6800000e+00  -4.8297000e+00
  -3.6562000e+00  -3.4056000e+00  -3.4509000e+00  -3.3654000e+00  -4.8206000e+00  -4.6993000e+00
  -3.6957000e+00  -3.4534000e+00  -3.5002000e+00  -3.3989000e+00  -4.8149000e+00  -4.7484000e+00
  -3.8537000e+00  -3.6151000e+00  -3.6461000e+00  -3.5068000e+00  -4.5156000e+00  -4.4656000e+00
  -4.0727000e+00  -3.7624000e+00  -3.7635000e+00  -3.5740000e+00  -4.3884000e+00  -4.2965000e+00
  -4.1312000e+00  -3.8943000e+00  -3.9077000e+00  -3.7986000e+00  -4.5324000e+00  -4.4124000e+00
  -3.9886000e+00  -3.9036000e+00  -3.8626000e+00  -3.7954000e+00  -4.4348000e+00  -4.3494000e+00
  -4.2796000e+00  -3.9837000e+00  -4.0068000e+00  -3.9057000e+00  -4.2473000e+00  -4.1218000e+00
  -4.4222000e+00  -4.2859000e+00  -4.2484000e+00  -4.1476000e+00  -3.9315000e+00  -3.8647000e+00
  -4.3270000e+00  -4.3246000e+00  -4.2874000e+00  -4.2469000e+00  -3.3725000e+00  -3.3278000e+00
  -4.0885000e+00  -4.2348000e+00  -4.2664000e+00  -4.3120000e+00  -2.7244000e+00  -2.7755000e+00
  -4.1761000e+00  -4.4115000e+00  -4.4016000e+00  -4.4589000e+00  -2.1750000e+00  -2.3589000e+00
  -4.1441000e+00  -4.2408000e+00  -4.3026000e+00  -4.3950000e+00  -1.7416000e+00  -1.9385000e+00
  -4.0893000e+00  -4.2017000e+00  -4.3336000e+00  -4.4925000e+00  -1.5995000e+00  -1.4029000e+00
  -4.0101000e+00  -4.1986000e+00  -4.3049000e+00  -4.4660000e+00  -1.4823000e+00  -1.5836000e+00
  -4.3431000e+00  -4.4653000e+00  -4.6934000e+00  -4.8517000e+00  -1.1997000e+00  -1.1740000e+00
  -4.2415000e+00  -4.2988000e+00  -4.5710000e+00  -4.8102000e+00  -8.6690000e-01  -9.8370000e-01
  -4.4374000e+00  -4.2080000e+00  -4.5136000e+00  -4.6181000e+00  -5.6930000e-01  -5.5740000e-01
  -4.9308000e+00  -4.6341000e+00  -4.8089000e+00  -4.7959000e+00  -2.1270000e-01  -2.4600000e-01
  -5.2000000e+00  -5.0688000e+00  -5.2148000e+00  -5.2766000e+00  -1.2410000e-01  -8.2000000e-02
  -5.4142000e+00  -5.1536000e+00  -5.3305000e+00  -5.2780000e+00   3.5600000e-01   1.5970000e-01
  -5.8936000e+00  -5.7650000e+00  -5.8354000e+00  -5.7369000e+00   8.9210000e-01   8.1910000e-01
  -5.9113000e+00  -5.8763000e+00  -6.0374000e+00  -6.1510000e+00   1.0455000e+00   1.2546000e+00
  -6.0602000e+00  -5.9782000e+00  -6.0803000e+00  -6.0647000e+00   1.0010000e+00   1.4219000e+00
  -6.1161000e+00  -6.0738000e+00  -6.0119000e+00  -5.9079000e+00   8.4590000e-01   1.3459000e+00
  -6.0778000e+00  -6.0755000e+00  -6.0198000e+00  -5.9342000e+00   4.6870000e-01   1.2591000e+00
  -6.2843000e+00  -6.1956000e+00  -6.2778000e+00  -6.2343000e+00   2.9600000e-02   6.6870000e-01
  -6.4795000e+00  -6.2445000e+00  -6.3190000e+00  -6.1905000e+00  -4.4000000e-02   7.0190000e-01
  -6.4597000e+00  -6.3968000e+00  -6.4553000e+00  -6.4356000e+00  -5.0310000e-01   6.1840000e-01
  -6.7565000e+00  -6.6820000e+00  -6.7305000e+00  -6.6969000e+00  -8.5140000e-01   2.8840000e-01
  -7.0433000e+00  -6.7374000e+00  -6.9102000e+00  -6.7804000e+00  -9.6990000e-01   1.9590000e-01
  -6.9865000e+00  -6.5975000e+00  -6.8436000e+00  -6.7175000e+00  -1.2188000e+00  -2.0300000e-02
  -7.3276000e+00  -6.7720000e+00  -7.0170000e+00  -6.7994000e+00  -1.3157000e+00  -3.0190000e-01
  -7.5981000e+00  -7.0175000e+00  -7.3487000e+00  -7.2196000e+00  -1.4372000e+00  -4.3200000e-01
  -7.8985000e+00  -7.3656000e+00  -7.5376000e+00  -7.2950000e+00  -1.7198000e+00  -7.5140000e-01
  -8.0281000e+00  -7.6788000e+00  -7.8046000e+00  -7.5020000e+00  -2.0706000e+00  -1.0507000e+00
  -7.4777000e+00  -7.0207000e+00  -7.5571000e+00  -7.5700000e+00  -2.1448000e+00  -1.2093000e+00
  -7.2567000e+00  -6.8772000e+00  -7.1484000e+00  -7.1374000e+00  -2.0005000e+00  -1.6754000e+00
  -7.1460000e+00  -6.9607000e+00  -7.0704000e+00  -6.9628000e+00  -2.0025000e+00  -1.8441000e+00
  -7.0998000e+00  -6.9671000e+00  -7.0443000e+00  -6.9534000e+00  -2.8995000e+00  -2.2129000e+00
  -6.9156000e+00  -6.8814000e+00  -6.8680000e+00  -6.8044000e+00  -3.2889000e+00  -3.1329000e+00
  -6.8546000e+00  -6.8777000e+00  -6.8065000e+00  -6.7703000e+00  -3.8107000e+00  -3.7668000e+00
  -6.6971000e+00  -6.5179000e+00  -6.7019000e+00  -6.6954000e+00  -4.0765000e+00  -4.2812000e+00
  -6.2758000e+00  -6.0654000e+00  -6.3345000e+00  -6.3607000e+00  -4.9971000e+00  -5.1189000e+00
  -6.3106000e+00  -5.9675000e+00  -6.2953000e+00  -6.2912000e+00  -4.9539000e+00  -6.5534000e+00
  -6.3102000e+00  -6.1994000e+00  -6.2864000e+00  -6.2729000e+00  -7.0018000e+00  -8.2515000e+00
  -6.2731000e+00  -6.1536000e+00  -6.2607000e+00  -6.2632000e+00  -7.0366000e+00  -9.1502000e+00
  -5.9795000e+00  -5.5771000e+00  -5.9622000e+00  -5.9913000e+00  -7.1011000e+00  -9.1664000e+00
  -6.2085000e+00  -5.7507000e+00  -6.0155000e+00  -5.8420000e+00  -8.1598000e+00  -8.9204000e+00
  -6.4611000e+00  -6.0020000e+00  -6.4223000e+00  -6.3233000e+00  -8.6512000e+00  -9.2466000e+00
  -6.3418000e+00  -6.0578000e+00  -6.3537000e+00  -6.3228000e+00  -9.0955000e+00  -9.8937000e+00
  -6.2720000e+00  -6.1637000e+00  -6.2683000e+00  -6.1740000e+00  -9.3203000e+00  -1.0223900e+01
  -5.9037000e+00  -5.8011000e+00  -5.9399000e+00  -5.9459000e+00  -9.0225000e+00  -1.0322600e+01
  -5.4573000e+00  -5.3219000e+00  -5.5313000e+00  -5.5334000e+00  -8.8904000e+00  -1.0139900e+01
  -5.4008000e+00  -5.1152000e+00  -5.3284000e+00  -5.2852000e+00  -8.4914000e+00  -9.8041000e+00
  -5.6691000e+00  -5.3199000e+00  -5.4645000e+00  -5.2728000e+00  -8.0712000e+00  -9.6110000e+00
  -5.8111000e+00  -5.4118000e+00  -5.5563000e+00  -5.3853000e+00  -8.7122000e+00  -9.3417000e+00
  -5.6398000e+00  -5.2855000e+00  -5.4840000e+00  -5.3750000e+00  -9.1884000e+00  -8.6424000e+00
  -5.6572000e+00  -5.3435000e+00  -5.6030000e+00  -5.5561000e+00  -9.4034000e+00  -8.1981000e+00
  -5.4687000e+00  -5.1918000e+00  -5.5246000e+00  -5.5395000e+00  -9.6329000e+00  -8.3149000e+00
  -5.3466000e+00  -5.0937000e+00  -5.4277000e+00  -5.4706000e+00  -9.4996000e+00  -8.4680000e+00
  -5.2359000e+00  -5.0168000e+00  -5.2886000e+00  -5.3198000e+00  -9.3709000e+00  -8.2190000e+00
  -5.2087000e+00  -5.0159000e+00  -5.2442000e+00  -5.2606000e+00  -9.0094000e+00  -8.1034000e+00
  -4.9861000e+00  -4.8271000e+00  -5.0428000e+00  -5.0775000e+00  -8.7229000e+00  -8.3860000e+00
  -4.7348000e+00  -4.5680000e+00  -4.7380000e+00  -4.7305000e+00  -8.4941000e+00  -8.2029000e+00
  -4.6149000e+00  -4.4194000e+00  -4.6120000e+00  -4.6023000e+00  -8.0445000e+00  -8.0064000e+00
  -4.3640000e+00  -4.2241000e+00  -4.3824000e+00  -4.3906000e+00  -7.7503000e+00  -7.6160000e+00
  -4.1508000e+00  -4.0213000e+00  -4.1701000e+00  -4.1624000e+00  -7.7971000e+00  -7.2283000e+00
  -4.0154000e+00  -3.8590000e+00  -4.0252000e+00  -3.9848000e+00  -7.7596000e+00  -7.0527000e+00
  -3.9493000e+00  -3.7256000e+00  -3.9104000e+00  -3.8374000e+00  -7.4003000e+00  -6.8686000e+00
  -3.9729000e+00  -3.7194000e+00  -3.8818000e+00  -3.7687000e+00  -7.1388000e+00  -6.7878000e+00
  -3.9032000e+00  -3.6796000e+00  -3.8228000e+00  -3.6984000e+00  -7.1083000e+00  -6.6209000e+00
  -3.9100000e+00  -3.6807000e+00  -3.8354000e+00  -3.7299000e+00  -6.8726000e+00  -6.4483000e+00
  -4.0604000e+00  -3.7863000e+00  -3.9339000e+00  -3.8016000e+00  -6.6555000e+00  -6.4106000e+00
  -4.0323000e+00  -3.7828000e+00  -3.9294000e+00  -3.8053000e+00  -6.5812000e+00  -6.4252000e+00
  -3.9585000e+00  -3.6601000e+00  -3.8398000e+00  -3.7038000e+00  -6.5113000e+00  -6.4215000e+00
  -3.9183000e+00  -3.6139000e+00  -3.8045000e+00  -3.6707000e+00  -6.3976000e+00  -6.2884000e+00
  -3.9195000e+00  -3.6425000e+00  -3.8303000e+00  -3.7144000e+00  -6.2978000e+00  -6.1850000e+00
  -3.9547000e+00  -3.7305000e+00  -3.8878000e+00  -3.7985000e+00  -6.3921000e+00  -6.2122000e+00
  -3.9917000e+00  -3.8124000e+00  -3.9217000e+00  -3.8429000e+00  -6.2577000e+00  -6.0330000e+00
  -4.0237000e+00  -3.8985000e+00  -3.9719000e+00  -3.9069000e+00  -6.3635000e+00  -6.1108000e+00
  -3.9999000e+00  -3.9163000e+00  -3.9787000e+00  -3.9338000e+00  -6.4487000e+00  -6.2669000e+00
  -3.9714000e+00  -3.8878000e+00  -3.9531000e+00  -3.9182000e+00  -6.4629000e+00  -6.2387000e+00
  -4.0215000e+00  -3.9567000e+00  -4.0037000e+00  -3.9706000e+00  -6.6098000e+00  -6.2536000e+00
  -4.0013000e+00  -3.9641000e+00  -4.0029000e+00  -3.9864000e+00  -6.6989000e+00  -6.4179000e+00
  -4.0992000e+00  -4.0797000e+00  -4.0972000e+00  -4.0894000e+00  -6.6782000e+00  -6.3970000e+00
  -4.2420000e+00  -4.2228000e+00  -4.2491000e+00  -4.2495000e+00  -6.6085000e+00  -6.3818000e+00
  -4.3003000e+00  -4.2772000e+00  -4.3099000e+00  -4.3086000e+00  -6.5815000e+00  -6.3923000e+00
  -4.4047000e+00  -4.3732000e+00  -4.3969000e+00  -4.3870000e+00  -6.6551000e+00  -6.4737000e+00
  -4.5546000e+00  -4.5065000e+00  -4.5322000e+00  -4.5148000e+00  -6.5763000e+00  -6.7444000e+00
  -4.7326000e+00  -4.6340000e+00  -4.6878000e+00  -4.6556000e+00  -6.6374000e+00  -6.9408000e+00
  -4.8684000e+00  -4.7847000e+00  -4.8280000e+00  -4.8102000e+00  -6.7415000e+00  -6.7984000e+00
  -4.9593000e+00  -4.8207000e+00  -4.8805000e+00  -4.8227000e+00  -6.5770000e+00  -6.5895000e+00
  -5.1685000e+00  -5.0016000e+00  -5.0826000e+00  -5.0030000e+00  -6.0765000e+00  -5.9555000e+00
  -5.4290000e+00  -5.2502000e+00  -5.3481000e+00  -5.2744000e+00  -6.2696000e+00  -6.1573000e+00
  -5.5621000e+00  -5.4106000e+00  -5.5109000e+00  -5.4481000e+00  -6.2940000e+00  -6.5186000e+00
  -5.3885000e+00  -5.3892000e+00  -5.4418000e+00  -5.4513000e+00  -6.5267000e+00  -6.8586000e+00
  -6.1309000e+00  -5.9326000e+00  -5.9900000e+00  -5.8726000e+00  -6.8443000e+00  -7.1760000e+00
  -6.1761000e+00  -6.0392000e+00  -6.2142000e+00  -6.2369000e+00  -7.2681000e+00  -7.3344000e+00
  -6.5061000e+00  -6.4689000e+00  -6.5066000e+00  -6.4970000e+00  -7.6175000e+00  -7.5528000e+00
  -6.6179000e+00  -6.5765000e+00  -6.6083000e+00  -6.6072000e+00  -7.7033000e+00  -7.6546000e+00
  -6.7495000e+00  -6.7217000e+00  -6.7737000e+00  -6.7836000e+00  -7.5704000e+00  -7.6437000e+00
  -7.1291000e+00  -7.0629000e+00  -7.0714000e+00  -7.0300000e+00  -7.5038000e+00  -7.6310000e+00
  -7.3408000e+00  -7.3461000e+00  -7.4230000e+00  -7.4677000e+00  -7.4947000e+00  -7.8246000e+00
  -7.4008000e+00  -7.4297000e+00  -7.4725000e+00  -7.4957000e+00  -7.0478000e+00  -7.4156000e+00
  -7.5459000e+00  -7.4681000e+00  -7.5902000e+00  -7.6172000e+00  -5.9475000e+00  -6.9912000e+00
  -7.9624000e+00  -7.6990000e+00  -7.9375000e+00  -7.9226000e+00  -5.7316000e+00  -6.8731000e+00
  -8.1839000e+00  -7.9412000e+00  -8.1699000e+00  -8.1650000e+00  -5.9182000e+00  -6.8620000e+00
  -8.3369000e+00  -8.1798000e+00  -8.3404000e+00  -8.3438000e+00  -5.8610000e+00  -6.6773000e+00
  -8.2166000e+00  -8.0936000e+00  -8.2499000e+00  -8.2661000e+00  -6.2218000e+00  -6.7708000e+00
  -8.2378000e+00  -8.0943000e+00  -8.2632000e+00  -8.2811000e+00  -6.3340000e+00  -7.0256000e+00
  -8.3173000e+00  -8.2102000e+00  -8.3415000e+00  -8.3719000e+00  -6.8490000e+00  -6.8712000e+00
  -8.4087000e+00  -8.2187000e+00  -8.3742000e+00  -8.3726000e+00  -7.3635000e+00  -7.3033000e+00
  -8.5306000e+00  -8.2701000e+00  -8.4599000e+00  -8.4258000e+00  -7.7698000e+00  -7.7831000e+00
  -8.5309000e+00  -8.2023000e+00  -8.4345000e+00  -8.3862000e+00  -8.0488000e+00  -8.5297000e+00
  -8.3601000e+00  -7.9454000e+00  -8.2569000e+00  -8.2053000e+00  -8.0169000e+00  -8.6382000e+00
  -8.3401000e+00  -7.9886000e+00  -8.2070000e+00  -8.1319000e+00  -8.3352000e+00  -8.3715000e+00
  -8.2056000e+00  -7.9748000e+00  -8.1231000e+00  -8.0606000e+00  -8.9919000e+00  -8.7209000e+00
  -8.1677000e+00  -7.8669000e+00  -8.0245000e+00  -7.9174000e+00  -9.4908000e+00  -8.8512000e+00
  -8.0634000e+00  -7.7787000e+00  -7.9495000e+00  -7.8527000e+00  -1.0257700e+01  -9.0728000e+00
  -7.5909000e+00  -7.2592000e+00  -7.5314000e+00  -7.4819000e+00  -1.0528400e+01  -9.2766000e+00
  -7.6900000e+00  -7.0836000e+00  -7.3649000e+00  -7.1709000e+00  -1.0481200e+01  -9.4970000e+00
  -8.5657000e+00  -8.0172000e+00  -8.3281000e+00  -8.1267000e+00  -1.0418300e+01  -9.7543000e+00
  -8.1580000e+00  -7.6107000e+00  -8.1007000e+00  -8.0465000e+00  -1.0632100e+01  -1.0347000e+01
  -8.2105000e+00  -7.5928000e+00  -7.9047000e+00  -7.7129000e+00  -1.0571900e+01  -1.0695700e+01
  -8.4646000e+00  -8.1300000e+00  -8.3126000e+00  -8.1828000e+00  -1.0413100e+01  -1.0725800e+01
  -8.2107000e+00  -8.0386000e+00  -8.2537000e+00  -8.2704000e+00  -9.6640000e+00  -1.0245000e+01
  -7.9327000e+00  -7.5728000e+00  -7.8412000e+00  -7.7474000e+00  -1.0769600e+01  -9.7417000e+00
  -8.0221000e+00  -7.9262000e+00  -8.0440000e+00  -7.9968000e+00  -1.0713000e+01  -1.0977900e+01
  -7.8053000e+00  -7.5782000e+00  -7.8436000e+00  -7.8793000e+00  -1.0711300e+01  -1.0512000e+01
  -8.0974000e+00  -7.9071000e+00  -8.0299000e+00  -7.9509000e+00  -1.0849200e+01  -1.1614000e+01
  -7.9837000e+00  -7.6715000e+00  -7.9243000e+00  -7.8734000e+00  -1.0928100e+01  -1.1101400e+01
  -7.9594000e+00  -7.5730000e+00  -7.7687000e+00  -7.6388000e+00  -1.0943200e+01  -1.1533900e+01
  -7.9138000e+00  -7.8176000e+00  -7.9664000e+00  -7.9382000e+00  -1.0801900e+01  -1.1205200e+01
  -8.0612000e+00  -7.8540000e+00  -7.9349000e+00  -7.8013000e+00  -1.1038600e+01  -1.0989400e+01
  -8.5654000e+00  -8.2847000e+00  -8.2839000e+00  -8.1075000e+00  -1.1060900e+01  -1.0916700e+01
  -8.8165000e+00  -8.6697000e+00  -8.7615000e+00  -8.7293000e+00  -1.1137500e+01  -1.1030800e+01
  -9.2912000e+00  -9.3058000e+00  -9.3541000e+00  -9.3978000e+00  -1.0971700e+01  -1.1185900e+01
  -8.7564000e+00  -8.6093000e+00  -8.6852000e+00  -8.6764000e+00  -1.0662000e+01  -1.0937300e+01
  -9.1674000e+00  -9.0768000e+00  -9.1353000e+00  -9.1176000e+00  -1.0601600e+01  -1.1123000e+01
  -9.5220000e+00  -9.0406000e+00  -9.1720000e+00  -8.9942000e+00  -1.0708800e+01  -1.0882000e+01
  -9.7859000e+00  -9.7506000e+00  -9.7244000e+00  -9.6880000e+00  -1.0814100e+01  -1.0532200e+01
  -9.5303000e+00  -9.3785000e+00  -9.4972000e+00  -9.4815000e+00  -1.0617000e+01  -1.0531700e+01
  -8.8080000e+00  -8.7516000e+00  -8.9174000e+00  -8.9704000e+00  -1.0433900e+01  -1.0549600e+01
  -8.1791000e+00  -7.9604000e+00  -8.2399000e+00  -8.2621000e+00  -1.0510800e+01  -1.0687900e+01
  -8.2530000e+00  -7.9656000e+00  -8.1837000e+00  -8.1089000e+00  -1.0519200e+01  -1.0665200e+01
  -8.0927000e+00  -7.8933000e+00  -8.0454000e+00  -8.0060000e+00  -1.0213200e+01  -1.0553400e+01
  -7.9598000e+00  -7.7159000e+00  -7.9107000e+00  -7.8615000e+00  -1.0033400e+01  -1.0587000e+01
  -7.9592000e+00  -7.6975000e+00  -7.8985000e+00  -7.8369000e+00  -9.9465000e+00  -1.0513500e+01
  -7.9632000e+00  -7.7319000e+00  -7.8451000e+00  -7.7533000e+00  -9.9821000e+00  -1.0377300e+01
  -7.9865000e+00  -7.8407000e+00  -7.9364000e+00  -7.8872000e+00  -1.0006200e+01  -1.0168700e+01
  -8.1521000e+00  -8.0775000e+00  -8.1499000e+00  -8.1307000e+00  -9.8239000e+00  -9.9244000e+00
  -8.0212000e+00  -7.9823000e+00  -8.1282000e+00  -8.1979000e+00  -9.1499000e+00  -9.7858000e+00
  -7.8934000e+00  -7.8314000e+00  -7.9285000e+00  -7.9308000e+00  -8.9540000e+00  -9.7734000e+00
  -7.9629000e+00  -7.8354000e+00  -7.8459000e+00  -7.7908000e+00  -9.0883000e+00  -9.3836000e+00
  -8.4632000e+00  -8.4695000e+00  -8.3901000e+00  -8.3398000e+00  -9.1564000e+00  -8.9697000e+00
  -8.4678000e+00  -8.4253000e+00  -8.5431000e+00  -8.6228000e+00  -8.9882000e+00  -8.6497000e+00
  -8.8926000e+00  -8.8059000e+00  -8.8473000e+00  -8.8115000e+00  -8.3978000e+00  -8.1992000e+00
  -8.9617000e+00  -9.0673000e+00  -9.0595000e+00  -9.1138000e+00  -9.0492000e+00  -8.2318000e+00
  -9.1185000e+00  -9.2533000e+00  -9.1128000e+00  -9.1445000e+00  -8.8132000e+00  -9.0044000e+00
  -9.5312000e+00  -9.6129000e+00  -9.4009000e+00  -9.3148000e+00  -8.7969000e+00  -8.0713000e+00
  -1.0299100e+01  -1.0566500e+01  -1.0161800e+01  -1.0130600e+01  -8.6793000e+00  -8.3092000e+00
  -1.0404900e+01  -1.0573500e+01  -1.0461100e+01  -1.0566600e+01  -8.6307000e+00  -8.5547000e+00
  -9.5839000e+00  -9.6898000e+00  -9.7241000e+00  -9.8878000e+00  -8.6658000e+00  -9.1091000e+00
  -9.2882000e+00  -9.3699000e+00  -9.4965000e+00  -9.6479000e+00  -7.7037000e+00  -8.1044000e+00
  -9.5613000e+00  -9.7328000e+00  -9.5844000e+00  -9.6268000e+00  -6.6459000e+00  -7.4534000e+00
  -9.6338000e+00  -1.0040700e+01  -9.8228000e+00  -1.0005700e+01  -7.0280000e+00  -6.8501000e+00
  -9.7362000e+00  -9.8221000e+00  -9.7294000e+00  -9.8029000e+00  -7.5820000e+00  -7.1764000e+00
  -1.0079100e+01  -1.0205800e+01  -1.0107400e+01  -1.0198300e+01  -7.1183000e+00  -7.4417000e+00
  -1.0641900e+01  -1.0744600e+01  -1.0546700e+01  -1.0561800e+01  -7.3799000e+00  -7.4704000e+00
  -1.1635000e+01  -1.1882500e+01  -1.1598200e+01  -1.1619500e+01  -7.4219000e+00  -7.2121000e+00
  -1.0749100e+01  -1.1028200e+01  -1.0990200e+01  -1.1227900e+01  -7.2702000e+00  -7.2780000e+00
  -1.0167500e+01  -1.0449900e+01  -1.0353300e+01  -1.0513600e+01  -7.0231000e+00  -7.1405000e+00
  -1.0125700e+01  -1.0261600e+01  -1.0111000e+01  -1.0188800e+01  -6.9661000e+00  -6.9644000e+00
  -1.0458500e+01  -1.0610100e+01  -1.0363300e+01  -1.0383600e+01  -6.8594000e+00  -6.8001000e+00
  -1.0638600e+01  -1.0643500e+01  -1.0625200e+01  -1.0678700e+01  -6.7587000e+00  -6.7620000e+00
  -1.0571000e+01  -1.0625800e+01  -1.0627500e+01  -1.0712900e+01  -6.7654000e+00  -6.6926000e+00
  -1.0515300e+01  -1.0610100e+01  -1.0611500e+01  -1.0700800e+01  -6.6973000e+00  -6.5417000e+00
  -1.0349500e+01  -1.0467300e+01  -1.0425400e+01  -1.0500700e+01  -6.7339000e+00  -6.5365000e+00
  -1.0181700e+01  -1.0210500e+01  -1.0273700e+01  -1.0337900e+01  -6.9610000e+00  -6.5960000e+00
  -9.8757000e+00  -9.9543000e+00  -9.9957000e+00  -1.0074400e+01  -7.3322000e+00  -6.7325000e+00
  -9.6127000e+00  -9.7353000e+00  -9.7197000e+00  -9.7710000e+00  -7.3235000e+00  -6.9869000e+00
  -9.9782000e+00  -1.0066800e+01  -1.0021600e+01  -1.0058900e+01  -6.8570000e+00  -7.1208000e+00
  -1.0132700e+01  -1.0302200e+01  -1.0218700e+01  -1.0295300e+01  -6.3893000e+00  -7.1367000e+00
  -1.0386200e+01  -1.0575300e+01  -1.0461200e+01  -1.0535100e+01  -6.0327000e+00  -7.0203000e+00
  -1.0528600e+01  -1.0790600e+01  -1.0636700e+01  -1.0732100e+01  -6.2841000e+00  -6.8422000e+00
  -1.0799600e+01  -1.1083700e+01  -1.0908800e+01  -1.1009600e+01  -6.6455000e+00  -6.7839000e+00
  -1.1138700e+01  -1.1287800e+01  -1.1214900e+01  -1.1303700e+01  -6.8716000e+00  -6.7711000e+00
  -1.1137700e+01  -1.1213100e+01  -1.1231200e+01  -1.1323000e+01  -6.8934000e+00  -7.0434000e+00
  -1.1127700e+01  -1.1221100e+01  -1.1246900e+01  -1.1350900e+01  -6.9274000e+00  -7.1691000e+00
  -1.0993600e+01  -1.1159000e+01  -1.1162600e+01  -1.1276000e+01  -6.9690000e+00  -7.0745000e+00
  -1.0977100e+01  -1.1219400e+01  -1.1071100e+01  -1.1153500e+01  -7.2140000e+00  -7.0237000e+00
  -1.1103300e+01  -1.1257800e+01  -1.1186800e+01  -1.1262500e+01  -7.3041000e+00  -7.0092000e+00
  -1.1221300e+01  -1.1405900e+01  -1.1322300e+01  -1.1394200e+01  -7.3367000e+00  -6.7773000e+00
  -1.1313100e+01  -1.1524600e+01  -1.1409100e+01  -1.1482100e+01  -7.4050000e+00  -6.6726000e+00
  -1.1487600e+01  -1.1705300e+01  -1.1602700e+01  -1.1685900e+01  -7.6379000e+00  -6.9969000e+00
  -1.1623700e+01  -1.1878900e+01  -1.1772900e+01  -1.1878000e+01  -7.9510000e+00  -7.3271000e+00
  -1.1653300e+01  -1.1945700e+01  -1.1814600e+01  -1.1906400e+01  -8.3390000e+00  -7.5138000e+00
  -1.1714900e+01  -1.2087600e+01  -1.1926400e+01  -1.2058600e+01  -8.5458000e+00  -7.7047000e+00
  -1.1989700e+01  -1.2347300e+01  -1.2155600e+01  -1.2275100e+01  -8.2439000e+00  -8.1128000e+00
  -1.2433700e+01  -1.2683600e+01  -1.2539300e+01  -1.2629400e+01  -6.9759000e+00  -7.2541000e+00
  -1.2467100e+01  -1.2726100e+01  -1.2626700e+01  -1.2751500e+01  -6.8788000e+00  -6.3561000e+00
  -1.2457000e+01  -1.2793500e+01  -1.2657800e+01  -1.2802000e+01  -7.0813000e+00  -6.5564000e+00
  -1.2618900e+01  -1.2961500e+01  -1.2750200e+01  -1.2871200e+01  -6.9978000e+00  -7.2566000e+00
  -1.2876600e+01  -1.3117900e+01  -1.2946800e+01  -1.3033300e+01  -6.9673000e+00  -7.3862000e+00
  -1.3023800e+01  -1.3217200e+01  -1.3138300e+01  -1.3263400e+01  -7.6719000e+00  -7.6150000e+00
  -1.2840400e+01  -1.2956700e+01  -1.2951800e+01  -1.3040300e+01  -7.8357000e+00  -7.6326000e+00
  -1.3004800e+01  -1.3203000e+01  -1.3089300e+01  -1.3186400e+01  -7.8906000e+00  -7.6014000e+00
  -1.3337300e+01  -1.3483700e+01  -1.3404600e+01  -1.3498200e+01  -8.2306000e+00  -7.4206000e+00
  -1.3496000e+01  -1.3653400e+01  -1.3651100e+01  -1.3779900e+01  -8.3216000e+00  -7.2816000e+00
  -1.3493200e+01  -1.3574100e+01  -1.3599000e+01  -1.3708300e+01  -8.1278000e+00  -7.4487000e+00
  -1.2844800e+01  -1.2971900e+01  -1.3045200e+01  -1.3186200e+01  -8.0080000e+00  -7.4411000e+00
  -1.2201500e+01  -1.2292500e+01  -1.2365000e+01  -1.2423700e+01  -8.0574000e+00  -7.2187000e+00
  -1.2296100e+01  -1.2033700e+01  -1.2178800e+01  -1.2169900e+01  -7.9765000e+00  -7.3124000e+00
  -1.1891400e+01  -1.2020200e+01  -1.2104200e+01  -1.2227700e+01  -7.5962000e+00  -7.2089000e+00
  -1.1662900e+01  -1.1536900e+01  -1.1611900e+01  -1.1585100e+01  -7.1012000e+00  -6.8650000e+00
  -1.1698200e+01  -1.1730100e+01  -1.1759500e+01  -1.1760800e+01  -7.1829000e+00  -6.5918000e+00
  -1.0969600e+01  -1.1049300e+01  -1.1139300e+01  -1.1223200e+01  -7.2201000e+00  -6.6588000e+00
  -1.0700500e+01  -1.0683300e+01  -1.0739600e+01  -1.0781600e+01  -7.0148000e+00  -6.7667000e+00
  -1.0570800e+01  -1.0621600e+01  -1.0685100e+01  -1.0744900e+01  -6.8274000e+00  -6.7886000e+00
  -9.8980000e+00  -1.0141500e+01  -1.0252500e+01  -1.0380800e+01  -6.6563000e+00  -6.7456000e+00
  -9.2677000e+00  -9.0876000e+00  -9.2652000e+00  -9.2113000e+00  -6.5763000e+00  -6.7357000e+00
  -9.5474000e+00  -9.3612000e+00  -9.5794000e+00  -9.5267000e+00  -6.4314000e+00  -6.6263000e+00
  -8.8515000e+00  -8.9858000e+00  -9.0638000e+00  -9.1935000e+00  -6.2682000e+00  -6.2338000e+00
  -8.2908000e+00  -8.1300000e+00  -8.3277000e+00  -8.3674000e+00  -6.3530000e+00  -6.3416000e+00
  -9.4520000e+00  -9.0415000e+00  -9.2866000e+00  -8.9731000e+00  -6.3165000e+00  -6.2134000e+00
  -8.1086000e+00  -7.7871000e+00  -8.1769000e+00  -8.2450000e+00  -6.3082000e+00  -6.0477000e+00
  -8.0766000e+00  -7.7434000e+00  -7.8108000e+00  -7.6819000e+00  -6.6281000e+00  -5.7490000e+00
  -8.1050000e+00  -7.8787000e+00  -8.0046000e+00  -7.9721000e+00  -6.8488000e+00  -5.9453000e+00
  -8.1317000e+00  -7.7833000e+00  -8.0115000e+00  -7.8901000e+00  -6.8202000e+00  -5.9151000e+00
  -8.1657000e+00  -8.0131000e+00  -8.1275000e+00  -8.1080000e+00  -7.1180000e+00  -6.1922000e+00
  -8.2969000e+00  -7.9139000e+00  -8.0985000e+00  -7.9523000e+00  -7.3448000e+00  -6.4184000e+00
  -8.1149000e+00  -7.7487000e+00  -7.9193000e+00  -7.7830000e+00  -7.4160000e+00  -6.5129000e+00
  -8.4498000e+00  -8.1020000e+00  -8.2695000e+00  -8.1370000e+00  -7.3474000e+00  -6.6013000e+00
  -8.1334000e+00  -7.8621000e+00  -8.0476000e+00  -7.9707000e+00  -7.0518000e+00  -6.6424000e+00
  -8.3922000e+00  -8.1104000e+00  -8.2612000e+00  -8.1633000e+00  -6.9505000e+00  -6.7064000e+00
  -8.2674000e+00  -8.0837000e+00  -8.1735000e+00  -8.1072000e+00  -6.9957000e+00  -6.6160000e+00
  -8.6038000e+00  -8.2870000e+00  -8.4397000e+00  -8.3295000e+00  -6.8943000e+00  -6.7575000e+00
  -8.4142000e+00  -8.3010000e+00  -8.3841000e+00  -8.3629000e+00  -6.8578000e+00  -6.7306000e+00
  -8.2299000e+00  -8.0314000e+00  -8.1100000e+00  -8.0275000e+00  -6.8086000e+00  -6.6423000e+00
  -7.9349000e+00  -7.8203000e+00  -7.8994000e+00  -7.8726000e+00  -6.6602000e+00  -6.7831000e+00
  -7.4760000e+00  -7.3698000e+00  -7.4652000e+00  -7.4452000e+00  -6.5048000e+00  -7.0106000e+00
  -7.3360000e+00  -7.1734000e+00  -7.2488000e+00  -7.1874000e+00  -6.4932000e+00  -7.1389000e+00
  -7.5093000e+00  -7.3616000e+00  -7.4154000e+00  -7.3389000e+00  -6.6309000e+00  -7.1839000e+00
  -7.4946000e+00  -7.4185000e+00  -7.4500000e+00  -7.4131000e+00  -6.8697000e+00  -7.3789000e+00
  -7.3879000e+00  -7.2897000e+00  -7.3233000e+00  -7.2676000e+00  -6.9320000e+00  -7.3634000e+00
  -7.1851000e+00  -7.1073000e+00  -7.1440000e+00  -7.1160000e+00  -6.9979000e+00  -7.1861000e+00
  -6.9319000e+00  -6.8728000e+00  -6.8831000e+00  -6.8399000e+00  -7.0500000e+00  -6.8962000e+00
  -7.0180000e+00  -6.9626000e+00  -6.9589000e+00  -6.9100000e+00  -7.6874000e+00  -6.7778000e+00
  -7.0151000e+00  -7.0905000e+00  -7.0223000e+00  -7.0247000e+00  -7.5423000e+00  -6.7329000e+00
  -6.8913000e+00  -6.9936000e+00  -6.8978000e+00  -6.9001000e+00  -7.4025000e+00  -6.9661000e+00
  -6.6698000e+00  -6.8042000e+00  -6.6874000e+00  -6.6887000e+00  -7.4527000e+00  -7.3795000e+00
  -6.4605000e+00  -6.5585000e+00  -6.4591000e+00  -6.4421000e+00  -7.3555000e+00  -7.5893000e+00
  -6.3289000e+00  -6.4251000e+00  -6.3305000e+00  -6.2989000e+00  -7.3692000e+00  -7.7616000e+00
  -6.0806000e+00  -6.1060000e+00  -6.0225000e+00  -5.9278000e+00  -7.2825000e+00  -7.6970000e+00
  -5.8796000e+00  -5.8377000e+00  -5.7998000e+00  -5.6999000e+00  -7.1327000e+00  -7.7058000e+00
  -5.5933000e+00  -5.6210000e+00  -5.5545000e+00  -5.4750000e+00  -7.3601000e+00  -7.4994000e+00
  -5.6159000e+00  -5.6143000e+00  -5.5992000e+00  -5.5194000e+00  -7.9753000e+00  -7.2372000e+00
  -5.6988000e+00  -5.5950000e+00  -5.6665000e+00  -5.5859000e+00  -7.9644000e+00  -7.1634000e+00
  -5.8027000e+00  -5.5702000e+00  -5.7414000e+00  -5.6526000e+00  -7.5537000e+00  -6.9466000e+00
  -5.8299000e+00  -5.4763000e+00  -5.7253000e+00  -5.6120000e+00  -7.2214000e+00  -6.8066000e+00
  -5.7662000e+00  -5.3547000e+00  -5.6557000e+00  -5.5314000e+00  -6.8492000e+00  -6.5013000e+00
  -5.7313000e+00  -5.2770000e+00  -5.5974000e+00  -5.4713000e+00  -6.7592000e+00  -6.3331000e+00
  -5.6413000e+00  -5.2705000e+00  -5.5023000e+00  -5.3903000e+00  -6.3323000e+00  -6.0788000e+00
  -5.4108000e+00  -5.2151000e+00  -5.3288000e+00  -5.2419000e+00  -6.0369000e+00  -5.9662000e+00
  -5.1458000e+00  -5.1170000e+00  -5.1111000e+00  -5.0347000e+00  -5.9322000e+00  -5.9045000e+00
  -5.0527000e+00  -5.3099000e+00  -5.1203000e+00  -5.1633000e+00  -5.9221000e+00  -5.8188000e+00
  -4.8699000e+00  -5.4452000e+00  -5.2081000e+00  -5.4015000e+00  -6.0160000e+00  -5.6086000e+00
  -5.0436000e+00  -5.5204000e+00  -5.4348000e+00  -5.5988000e+00  -6.1147000e+00  -5.5046000e+00
  -5.2844000e+00  -5.5301000e+00  -5.4879000e+00  -5.5766000e+00  -6.0029000e+00  -5.4504000e+00
  -5.3719000e+00  -5.4903000e+00  -5.4903000e+00  -5.5727000e+00  -5.5350000e+00  -5.3412000e+00
  -5.3356000e+00  -5.2746000e+00  -5.5176000e+00  -5.5703000e+00  -5.2178000e+00  -5.3814000e+00
