   3.1648000e+02   3.1887000e+02   3.1642000e+02   3.1640000e+02   2.8153000e+02   2.7692000e+02
   3.5119000e+02   3.5339000e+02   3.5360000e+02   3.5419000e+02   2.9236000e+02   2.8598000e+02
   3.6821000e+02   3.6952000e+02   3.6577000e+02   3.6468000e+02   2.9228000e+02   2.8923000e+02
   3.3748000e+02   3.3980000e+02   3.3734000e+02   3.3679000e+02   2.9649000e+02   2.8931000e+02
   3.9125000e+02   3.9296000e+02   3.8905000e+02   3.8857000e+02   3.1996000e+02   3.1174000e+02
   3.5422000e+02   3.5554000e+02   3.5252000e+02   3.5131000e+02   3.2064000e+02   3.0447000e+02
   3.5664000e+02   3.5878000e+02   3.5541000e+02   3.5430000e+02   3.1659000e+02   3.1044000e+02
   3.4462000e+02   3.4586000e+02   3.4162000e+02   3.4190000e+02   2.9865000e+02   2.9545000e+02
   3.4475000e+02   3.4717000e+02   3.4548000e+02   3.4568000e+02   3.1623000e+02   3.0627000e+02
   3.2283000e+02   3.2407000e+02   3.2111000e+02   3.2192000e+02   2.9528000e+02   2.9036000e+02
   2.9360000e+02   3.0109000e+02   2.9684000e+02   2.9867000e+02   2.9612000e+02   2.9321000e+02
   2.9508000e+02   3.0335000e+02   2.9915000e+02   3.0108000e+02   2.8869000e+02   2.8687000e+02
   2.8472000e+02   2.8556000e+02   2.8270000e+02   2.8062000e+02   2.9690000e+02   2.9829000e+02
   2.7223000e+02   2.7052000e+02   2.6779000e+02   2.6704000e+02   2.8032000e+02   2.7240000e+02
   2.8428000e+02   2.7750000e+02   2.7735000e+02   2.7134000e+02   2.9036000e+02   2.8388000e+02
   3.1318000e+02   2.9844000e+02   3.0342000e+02   2.9537000e+02   3.0735000e+02   2.9689000e+02
   2.9318000e+02   3.1489000e+02   3.0218000e+02   3.1134000e+02   3.1224000e+02   3.0627000e+02
   3.0691000e+02   3.1627000e+02   3.0512000e+02   3.1834000e+02   3.1022000e+02   2.9772000e+02
   3.3729000e+02   3.2623000e+02   3.3712000e+02   3.4531000e+02   3.2477000e+02   2.9958000e+02
   3.3256000e+02   3.1479000e+02   3.0919000e+02   3.0669000e+02   3.3245000e+02   3.1229000e+02
   3.0481000e+02   3.2316000e+02   3.0607000e+02   3.0021000e+02   3.0332000e+02   3.0590000e+02
   3.3121000e+02   3.2513000e+02   3.2136000e+02   3.1553000e+02   3.1418000e+02   2.9661000e+02
   3.3511000e+02   3.2550000e+02   3.2428000e+02   3.2006000e+02   2.9790000e+02   2.9686000e+02
   3.8326000e+02   3.8138000e+02   3.7645000e+02   3.6682000e+02   2.9778000e+02   2.7718000e+02
   3.7779000e+02   3.7804000e+02   3.7469000e+02   3.6905000e+02   2.9454000e+02   2.7801000e+02
   3.7785000e+02   3.7129000e+02   3.7154000e+02   3.6508000e+02   2.9301000e+02   2.5784000e+02
   3.7011000e+02   3.6414000e+02   3.7159000e+02   3.7306000e+02   2.5993000e+02   2.6641000e+02
   3.6468000e+02   3.7436000e+02   3.6482000e+02   3.6641000e+02   2.6877000e+02   2.5538000e+02
   4.1062000e+02   4.0363000e+02   4.0095000e+02   4.0098000e+02   2.7887000e+02   2.6286000e+02
   4.0744000e+02   3.9885000e+02   4.0493000e+02   4.0893000e+02   2.8076000e+02   2.5959000e+02
   4.1225000e+02   4.2493000e+02   4.0902000e+02   4.0010000e+02   2.7576000e+02   2.5083000e+02
   4.0197000e+02   4.0909000e+02   4.1383000e+02   4.2545000e+02   2.6499000e+02   2.4139000e+02
   4.0411000e+02   3.9435000e+02   3.9999000e+02   4.0096000e+02   2.5415000e+02   2.3829000e+02
   4.1297000e+02   4.0317000e+02   4.0775000e+02   4.1366000e+02   2.4655000e+02   2.3105000e+02
   4.0442000e+02   4.0241000e+02   3.9563000e+02   3.9393000e+02   2.3478000e+02   2.2490000e+02
   4.0032000e+02   4.0491000e+02   4.0433000e+02   4.0386000e+02   2.1952000e+02   2.1737000e+02
   3.8608000e+02   3.8948000e+02   3.8838000e+02   3.9251000e+02   2.0894000e+02   2.0148000e+02
   3.6809000e+02   3.7932000e+02   3.7125000e+02   3.7181000e+02   1.9285000e+02   1.8497000e+02
   3.2559000e+02   3.4169000e+02   3.2540000e+02   3.2617000e+02   1.7725000e+02   1.7613000e+02
   2.8705000e+02   2.9730000e+02   2.8030000e+02   2.7557000e+02   1.5337000e+02   1.5834000e+02
   2.4445000e+02   2.5204000e+02   2.4359000e+02   2.4357000e+02   1.3149000e+02   1.4070000e+02
   2.2447000e+02   2.1994000e+02   2.1396000e+02   2.0794000e+02   1.1441000e+02   1.1840000e+02
   2.1562000e+02   1.9603000e+02   2.0906000e+02   2.0683000e+02   9.8345000e+01   9.5043000e+01
   2.1017000e+02   1.9671000e+02   2.0272000e+02   2.0135000e+02   8.6422000e+01   8.5958000e+01
   1.9263000e+02   1.8408000e+02   1.9193000e+02   1.9461000e+02   6.1938000e+01   6.4681000e+01
   1.9107000e+02   1.8717000e+02   1.8540000e+02   1.8787000e+02   3.6369000e+01   4.0692000e+01
   1.6380000e+02   1.6379000e+02   1.6238000e+02   1.6424000e+02   2.1882000e+01   2.0034000e+01
   1.4591000e+02   1.4272000e+02   1.4140000e+02   1.4110000e+02   8.9633000e+00   2.5531000e+00
   1.3799000e+02   1.3728000e+02   1.3401000e+02   1.3265000e+02  -1.8131000e+00  -6.0323000e+00
   1.3559000e+02   1.3153000e+02   1.3150000e+02   1.2990000e+02  -3.9506000e+00  -8.8809000e+00
   1.6105000e+02   1.5404000e+02   1.5534000e+02   1.5395000e+02  -1.2927000e+01  -1.3879000e+01
   1.6482000e+02   1.6034000e+02   1.5734000e+02   1.5488000e+02  -2.1257000e+01  -1.4451000e+01
   1.5004000e+02   1.4831000e+02   1.4433000e+02   1.4097000e+02  -2.5143000e+01  -2.2802000e+01
   1.4153000e+02   1.3687000e+02   1.3721000e+02   1.3572000e+02  -2.7787000e+01  -2.2338000e+01
   1.3970000e+02   1.3462000e+02   1.3381000e+02   1.3143000e+02  -3.1981000e+01  -3.1614000e+01
   1.3986000e+02   1.3794000e+02   1.3380000e+02   1.3071000e+02  -3.3666000e+01  -3.3828000e+01
   1.4077000e+02   1.3809000e+02   1.3730000e+02   1.3546000e+02  -3.0426000e+01  -4.1228000e+01
   1.3320000e+02   1.3248000e+02   1.2967000e+02   1.2974000e+02  -3.4616000e+01  -4.1419000e+01
   1.2275000e+02   1.2583000e+02   1.2053000e+02   1.2019000e+02  -4.2773000e+01  -3.4501000e+01
   1.2844000e+02   1.2767000e+02   1.2521000e+02   1.2401000e+02  -2.8420000e+01  -2.5639000e+01
   1.2770000e+02   1.2802000e+02   1.2256000e+02   1.2231000e+02  -1.9242000e+01  -1.5554000e+01
   1.0593000e+02   1.0998000e+02   1.0665000e+02   1.0495000e+02  -9.0169000e+00  -1.2055000e+01
   1.0228000e+02   9.2031000e+01   9.2765000e+01   8.7869000e+01  -9.2409000e-01  -9.8069000e+00
   8.9122000e+01   8.8778000e+01   8.1076000e+01   7.5929000e+01   2.7208000e+00  -8.2950000e+00
   7.9923000e+01   7.7044000e+01   7.5994000e+01   7.4037000e+01   5.4070000e+00  -7.8259000e+00
   5.8197000e+01   6.0161000e+01   5.6705000e+01   5.6713000e+01  -4.1718000e+00  -9.8249000e+00
   5.6117000e+01   5.4199000e+01   5.4628000e+01   5.2741000e+01   6.3233000e+00  -7.2992000e+00
   5.7933000e+01   5.8399000e+01   5.6734000e+01   5.6358000e+01   3.9548000e+00  -1.2718000e+01
   5.4959000e+01   5.8219000e+01   5.3072000e+01   5.2371000e+01   1.7341000e+00  -6.7276000e+00
   5.5460000e+01   5.6164000e+01   5.4762000e+01   5.5072000e+01   5.4943000e+00  -6.9248000e+00
   6.2636000e+01   6.5047000e+01   6.4989000e+01   6.6409000e+01   5.1898000e+00  -2.7321000e+00
   5.9873000e+01   5.8229000e+01   5.8949000e+01   5.8663000e+01   1.2998000e+01  -6.4465000e-01
   5.5075000e+01   5.5058000e+01   5.8531000e+01   6.0575000e+01   1.2919000e+01   2.4450000e-01
   5.6607000e+01   5.8326000e+01   6.0579000e+01   6.3106000e+01   2.0387000e+01   6.0923000e+00
   6.8137000e+01   7.2051000e+01   7.1755000e+01   7.5384000e+01   2.9193000e+01   6.8247000e+00
   7.9963000e+01   8.5389000e+01   8.2780000e+01   8.4100000e+01   3.6781000e+01   2.0202000e+01
   1.0251000e+02   1.0863000e+02   1.0506000e+02   1.0459000e+02   4.8750000e+01   3.3305000e+01
   1.0778000e+02   1.1100000e+02   1.0979000e+02   1.1021000e+02   6.1961000e+01   5.1534000e+01
   1.1392000e+02   1.1564000e+02   1.1387000e+02   1.1489000e+02   7.4563000e+01   6.5474000e+01
   1.2794000e+02   1.2846000e+02   1.2354000e+02   1.2170000e+02   8.3345000e+01   7.4184000e+01
   1.5305000e+02   1.5626000e+02   1.5149000e+02   1.4991000e+02   9.7871000e+01   8.8303000e+01
   1.6882000e+02   1.7302000e+02   1.6906000e+02   1.6851000e+02   1.1326000e+02   1.0305000e+02
   1.8561000e+02   1.8863000e+02   1.8656000e+02   1.8663000e+02   1.3006000e+02   1.1662000e+02
   1.9824000e+02   2.0494000e+02   2.0050000e+02   2.0254000e+02   1.3896000e+02   1.2395000e+02
   2.0811000e+02   2.0978000e+02   2.0868000e+02   2.1086000e+02   1.3764000e+02   1.2223000e+02
   2.1750000e+02   2.1755000e+02   2.1702000e+02   2.1729000e+02   1.3312000e+02   1.2055000e+02
   2.2555000e+02   2.3148000e+02   2.2763000e+02   2.2909000e+02   1.3639000e+02   1.1941000e+02
   1.8883000e+02   1.9448000e+02   1.9172000e+02   1.9321000e+02   1.0094000e+02   8.7697000e+01
   1.5568000e+02   1.6064000e+02   1.5667000e+02   1.5781000e+02   7.6681000e+01   6.4864000e+01
   1.4442000e+02   1.4825000e+02   1.4403000e+02   1.4421000e+02   6.6195000e+01   5.4186000e+01
   1.4171000e+02   1.4386000e+02   1.4380000e+02   1.4414000e+02   6.7929000e+01   5.5162000e+01
   1.5377000e+02   1.5698000e+02   1.5456000e+02   1.5552000e+02   7.1355000e+01   5.9660000e+01
   1.5523000e+02   1.5896000e+02   1.5589000e+02   1.5601000e+02   6.9677000e+01   5.9046000e+01
   1.4401000e+02   1.4782000e+02   1.4610000e+02   1.4678000e+02   5.4592000e+01   4.1312000e+01
   1.1805000e+02   1.2129000e+02   1.1993000e+02   1.2100000e+02   2.2807000e+01   1.1240000e+01
   1.1029000e+02   1.1504000e+02   1.1252000e+02   1.1321000e+02   8.5083000e+00  -4.0942000e+00
   1.1161000e+02   1.1637000e+02   1.1310000e+02   1.1422000e+02   2.7616000e+00  -1.1672000e+01
   1.0943000e+02   1.1600000e+02   1.1139000e+02   1.1214000e+02  -6.8186000e+00  -1.8355000e+01
   1.0858000e+02   1.1422000e+02   1.1196000e+02   1.1455000e+02  -1.2041000e+01  -2.0820000e+01
   1.0736000e+02   1.1245000e+02   1.1054000e+02   1.1197000e+02  -1.8302000e+01  -2.4252000e+01
   1.0010000e+02   1.0426000e+02   1.0267000e+02   1.0435000e+02  -2.3205000e+01  -2.8956000e+01
   9.1709000e+01   9.5427000e+01   9.3137000e+01   9.3059000e+01  -3.4733000e+01  -4.3236000e+01
   8.2832000e+01   8.5571000e+01   8.5451000e+01   8.7695000e+01  -4.4186000e+01  -5.4016000e+01
   7.6643000e+01   8.2748000e+01   8.1073000e+01   8.2930000e+01  -4.5685000e+01  -5.5230000e+01
   7.5610000e+01   8.0838000e+01   7.7672000e+01   8.0133000e+01  -4.9941000e+01  -5.8756000e+01
   7.3438000e+01   8.0981000e+01   7.9216000e+01   8.1197000e+01  -4.8576000e+01  -5.9795000e+01
   7.8931000e+01   7.4848000e+01   7.8285000e+01   7.8499000e+01  -5.1705000e+01  -6.1731000e+01
   7.3023000e+01   7.6917000e+01   7.4671000e+01   8.1585000e+01  -6.1271000e+01  -7.0265000e+01
   6.6999000e+01   7.3290000e+01   6.6325000e+01   7.0379000e+01  -6.2241000e+01  -7.1479000e+01
   7.6893000e+01   8.4216000e+01   8.3031000e+01   8.5277000e+01  -6.2460000e+01  -7.2676000e+01
   7.1627000e+01   7.3403000e+01   7.4391000e+01   7.7272000e+01  -6.1880000e+01  -7.0349000e+01
   8.7382000e+01   8.5383000e+01   8.7712000e+01   9.2694000e+01  -3.7818000e+01  -4.8643000e+01
   9.9909000e+01   1.0749000e+02   1.0059000e+02   1.0071000e+02  -2.0409000e+01  -3.2753000e+01
   1.0718000e+02   1.0932000e+02   1.0441000e+02   1.0372000e+02  -1.7110000e+01  -2.3871000e+01
   1.0563000e+02   1.1197000e+02   1.1238000e+02   1.1325000e+02  -2.0576000e+01  -2.2997000e+01
   9.5908000e+01   1.0557000e+02   1.0203000e+02   1.0476000e+02  -2.0349000e+01  -2.6356000e+01
   9.4661000e+01   1.0579000e+02   1.0181000e+02   1.0225000e+02  -2.0171000e+01  -2.6692000e+01
   9.9334000e+01   1.0239000e+02   1.0290000e+02   1.0903000e+02  -1.6906000e+01  -2.3733000e+01
   1.2114000e+02   1.2417000e+02   1.2206000e+02   1.2644000e+02  -3.0536000e+00  -1.1951000e+01
   1.2492000e+02   1.3153000e+02   1.2743000e+02   1.3289000e+02   1.0712000e-01  -8.1551000e+00
   1.1396000e+02   1.2013000e+02   1.2187000e+02   1.3180000e+02  -2.5140000e+00  -1.1855000e+01
   1.1366000e+02   1.1121000e+02   1.1482000e+02   1.1925000e+02  -3.1208000e+00  -1.3326000e+01
   1.1637000e+02   1.1649000e+02   1.1614000e+02   1.1771000e+02  -5.9249000e+00  -1.4801000e+01
   1.1607000e+02   1.2519000e+02   1.2071000e+02   1.2211000e+02   8.6608000e-01  -9.2833000e+00
   1.3381000e+02   1.4568000e+02   1.4029000e+02   1.4223000e+02   9.8739000e+00  -4.4684000e-01
   1.3992000e+02   1.4993000e+02   1.4551000e+02   1.4911000e+02   7.2718000e+00  -2.9467000e+00
   1.4302000e+02   1.5328000e+02   1.4915000e+02   1.5342000e+02   5.6183000e+00  -5.0695000e+00
   1.3926000e+02   1.4515000e+02   1.4256000e+02   1.4717000e+02   1.6838000e+00  -9.5528000e+00
   1.3737000e+02   1.4496000e+02   1.4133000e+02   1.4540000e+02   1.1387000e+00  -7.3931000e+00
   1.3904000e+02   1.4947000e+02   1.4555000e+02   1.4983000e+02  -2.3894000e+00  -1.2971000e+01
   1.4213000e+02   1.4955000e+02   1.4669000e+02   1.5072000e+02  -5.8259000e+00  -1.3760000e+01
   1.3929000e+02   1.4732000e+02   1.4399000e+02   1.4945000e+02  -1.3099000e+01  -2.2523000e+01
   1.3318000e+02   1.4618000e+02   1.4184000e+02   1.4871000e+02  -2.8129000e+01  -3.5999000e+01
   1.2726000e+02   1.4225000e+02   1.3842000e+02   1.4517000e+02  -4.4658000e+01  -4.8520000e+01
   1.2261000e+02   1.3355000e+02   1.2873000e+02   1.3509000e+02  -5.6851000e+01  -6.3309000e+01
   1.0868000e+02   1.2053000e+02   1.1775000e+02   1.2401000e+02  -8.3072000e+01  -9.2278000e+01
   8.5828000e+01   9.3203000e+01   9.1070000e+01   9.5012000e+01  -1.1632000e+02  -1.2737000e+02
   6.8276000e+01   7.9772000e+01   7.6275000e+01   8.3351000e+01  -1.3194000e+02  -1.4737000e+02
   6.8194000e+01   7.5172000e+01   7.7024000e+01   8.2951000e+01  -1.4864000e+02  -1.6438000e+02
   3.9867000e+01   4.8148000e+01   4.4766000e+01   5.3680000e+01  -1.5244000e+02  -1.7024000e+02
   5.4123000e+01   5.7560000e+01   5.3745000e+01   5.5000000e+01  -1.7542000e+02  -1.8492000e+02
   3.7359000e+01   4.0503000e+01   4.0447000e+01   4.4187000e+01  -1.8829000e+02  -1.8655000e+02
   2.3464000e+01   2.7385000e+01   2.8244000e+01   3.1652000e+01  -1.9061000e+02  -2.0016000e+02
   1.5138000e+01   2.0591000e+01   1.8336000e+01   2.3181000e+01  -1.7824000e+02  -2.2220000e+02
   5.1261000e-01   3.8184000e+00   2.0260000e+00   3.4054000e+00  -1.8080000e+02  -2.0356000e+02
  -7.4167000e+00   8.5051000e+00   2.9163000e+00   1.2184000e+01  -1.9679000e+02  -2.0197000e+02
  -4.5215000e+01  -3.8058000e+01  -3.7414000e+01  -3.2179000e+01  -1.8481000e+02  -2.1612000e+02
  -4.2976000e+01  -3.2915000e+01  -3.9236000e+01  -3.2848000e+01  -2.1058000e+02  -2.3527000e+02
  -6.6519000e+01  -5.5509000e+01  -6.1576000e+01  -5.6341000e+01  -2.4819000e+02  -2.6045000e+02
  -7.8995000e+01  -7.1910000e+01  -7.4937000e+01  -6.9405000e+01  -2.7856000e+02  -2.8027000e+02
  -7.7942000e+01  -7.3299000e+01  -7.8294000e+01  -7.3665000e+01  -2.8365000e+02  -2.9154000e+02
  -9.6201000e+01  -9.1718000e+01  -9.4426000e+01  -9.0572000e+01  -2.7913000e+02  -2.8525000e+02
  -8.4244000e+01  -7.7899000e+01  -8.8281000e+01  -8.8718000e+01  -2.8737000e+02  -2.9911000e+02
  -1.0752000e+02  -1.0012000e+02  -9.8828000e+01  -9.2702000e+01  -3.1419000e+02  -3.1923000e+02
  -1.3206000e+02  -1.2952000e+02  -1.3418000e+02  -1.3310000e+02  -3.1665000e+02  -3.2204000e+02
  -1.1316000e+02  -1.0584000e+02  -1.0759000e+02  -1.0302000e+02  -2.9607000e+02  -3.0289000e+02
  -9.9219000e+01  -9.5508000e+01  -9.8587000e+01  -9.7554000e+01  -2.8901000e+02  -2.9313000e+02
  -1.0080000e+02  -8.6273000e+01  -9.4169000e+01  -8.9539000e+01  -3.1008000e+02  -3.1842000e+02
  -1.1344000e+02  -1.0762000e+02  -1.1197000e+02  -1.1021000e+02  -2.9454000e+02  -2.9874000e+02
  -9.7428000e+01  -9.4151000e+01  -9.9964000e+01  -9.9522000e+01  -3.0192000e+02  -3.0197000e+02
  -1.1911000e+02  -1.1875000e+02  -1.1406000e+02  -1.0910000e+02  -2.9268000e+02  -3.0615000e+02
  -9.4437000e+01  -8.7253000e+01  -9.5626000e+01  -9.5417000e+01  -2.8322000e+02  -2.9210000e+02
  -8.4984000e+01  -8.1638000e+01  -8.4135000e+01  -8.2787000e+01  -2.6998000e+02  -2.8214000e+02
  -9.7441000e+01  -9.2604000e+01  -9.3434000e+01  -9.1198000e+01  -2.5890000e+02  -2.7087000e+02
  -9.3679000e+01  -8.9163000e+01  -9.5087000e+01  -9.3321000e+01  -2.5501000e+02  -2.7627000e+02
  -7.2298000e+01  -6.7371000e+01  -6.7875000e+01  -6.3814000e+01  -2.4971000e+02  -2.5808000e+02
  -7.1716000e+01  -6.7774000e+01  -6.8055000e+01  -6.4327000e+01  -2.2999000e+02  -2.3824000e+02
  -6.7885000e+01  -6.7768000e+01  -6.8413000e+01  -6.8089000e+01  -2.0496000e+02  -2.2786000e+02
  -5.2384000e+01  -4.8332000e+01  -5.3793000e+01  -5.3684000e+01  -2.0003000e+02  -2.1845000e+02
  -5.3978000e+01  -4.8798000e+01  -5.4197000e+01  -5.2682000e+01  -1.9072000e+02  -2.0421000e+02
  -6.4303000e+01  -6.0046000e+01  -5.9208000e+01  -5.6093000e+01  -1.9001000e+02  -1.9495000e+02
  -8.1406000e+01  -8.1726000e+01  -7.9701000e+01  -7.8344000e+01  -1.7509000e+02  -1.9007000e+02
  -6.6142000e+01  -6.6970000e+01  -7.0754000e+01  -7.4589000e+01  -1.6108000e+02  -1.8546000e+02
  -6.0341000e+01  -5.5467000e+01  -6.1915000e+01  -6.3871000e+01  -1.6557000e+02  -1.7613000e+02
  -5.9896000e+01  -5.4828000e+01  -6.0608000e+01  -6.0861000e+01  -1.6290000e+02  -1.7213000e+02
  -5.5876000e+01  -5.1534000e+01  -5.5722000e+01  -5.5271000e+01  -1.6059000e+02  -1.7057000e+02
  -5.7904000e+01  -5.0879000e+01  -5.5423000e+01  -5.3125000e+01  -1.6121000e+02  -1.6935000e+02
  -6.6624000e+01  -6.2576000e+01  -6.3470000e+01  -6.1844000e+01  -1.5723000e+02  -1.6954000e+02
  -6.4030000e+01  -5.8407000e+01  -6.2029000e+01  -6.0663000e+01  -1.5449000e+02  -1.6434000e+02
  -5.5401000e+01  -5.2098000e+01  -5.5017000e+01  -5.4660000e+01  -1.4081000e+02  -1.5249000e+02
  -3.9202000e+01  -3.5172000e+01  -3.8732000e+01  -3.8729000e+01  -1.3496000e+02  -1.5158000e+02
  -4.9549000e+01  -4.1363000e+01  -4.5913000e+01  -4.3484000e+01  -1.2678000e+02  -1.4214000e+02
  -4.8714000e+01  -4.6186000e+01  -4.8261000e+01  -4.7547000e+01  -1.2685000e+02  -1.4254000e+02
  -9.3530000e+01  -9.0778000e+01  -9.0911000e+01  -8.9845000e+01  -1.6573000e+02  -1.8171000e+02
  -1.3996000e+02  -1.3527000e+02  -1.3832000e+02  -1.3657000e+02  -1.9897000e+02  -2.1189000e+02
  -1.6738000e+02  -1.5935000e+02  -1.6402000e+02  -1.6244000e+02  -2.0629000e+02  -2.1812000e+02
  -1.7334000e+02  -1.6470000e+02  -1.6978000e+02  -1.6848000e+02  -2.0631000e+02  -2.1566000e+02
  -1.7024000e+02  -1.6351000e+02  -1.6840000e+02  -1.6662000e+02  -2.0168000e+02  -2.1099000e+02
  -1.7199000e+02  -1.6865000e+02  -1.7221000e+02  -1.7185000e+02  -2.0514000e+02  -2.1036000e+02
  -1.9565000e+02  -1.8876000e+02  -1.9319000e+02  -1.9218000e+02  -2.0831000e+02  -2.1892000e+02
  -2.2518000e+02  -2.1988000e+02  -2.2473000e+02  -2.2401000e+02  -2.3544000e+02  -2.5042000e+02
  -2.3580000e+02  -2.3253000e+02  -2.3683000e+02  -2.3735000e+02  -2.4451000e+02  -2.6283000e+02
  -2.4227000e+02  -2.3899000e+02  -2.4201000e+02  -2.4160000e+02  -2.4200000e+02  -2.6068000e+02
  -2.4791000e+02  -2.4363000e+02  -2.4461000e+02  -2.4454000e+02  -2.4486000e+02  -2.6108000e+02
  -2.6152000e+02  -2.5547000e+02  -2.5669000e+02  -2.5465000e+02  -2.4650000e+02  -2.6021000e+02
  -2.5920000e+02  -2.5902000e+02  -2.5943000e+02  -2.5873000e+02  -2.4009000e+02  -2.5110000e+02
  -2.6703000e+02  -2.6608000e+02  -2.6599000e+02  -2.6586000e+02  -2.4287000e+02  -2.5405000e+02
  -2.7136000e+02  -2.6765000e+02  -2.7086000e+02  -2.7063000e+02  -2.4412000e+02  -2.5389000e+02
  -2.8276000e+02  -2.7968000e+02  -2.8288000e+02  -2.8289000e+02  -2.4329000e+02  -2.5527000e+02
  -2.8729000e+02  -2.8648000e+02  -2.8861000e+02  -2.8933000e+02  -2.4400000e+02  -2.5489000e+02
  -2.8699000e+02  -2.8853000e+02  -2.8924000e+02  -2.9000000e+02  -2.4419000e+02  -2.5532000e+02
  -2.8853000e+02  -2.8825000e+02  -2.8942000e+02  -2.9075000e+02  -2.4061000e+02  -2.5272000e+02
  -2.8710000e+02  -2.8542000e+02  -2.8685000e+02  -2.8760000e+02  -2.3762000e+02  -2.4924000e+02
  -2.9112000e+02  -2.9080000e+02  -2.9235000e+02  -2.9278000e+02  -2.4127000e+02  -2.5309000e+02
  -2.9024000e+02  -2.9032000e+02  -2.9178000e+02  -2.9338000e+02  -2.4185000e+02  -2.5509000e+02
  -2.9023000e+02  -2.9084000e+02  -2.9063000e+02  -2.9126000e+02  -2.3957000e+02  -2.5124000e+02
  -2.9549000e+02  -2.9529000e+02  -2.9645000e+02  -2.9710000e+02  -2.3420000e+02  -2.4468000e+02
  -2.6914000e+02  -2.7092000e+02  -2.7004000e+02  -2.7006000e+02  -2.0208000e+02  -2.1131000e+02
  -2.4417000e+02  -2.4505000e+02  -2.4486000e+02  -2.4606000e+02  -1.7588000e+02  -1.8498000e+02
  -2.3595000e+02  -2.3727000e+02  -2.3707000e+02  -2.3764000e+02  -1.6893000e+02  -1.7616000e+02
  -2.2557000e+02  -2.2779000e+02  -2.2781000e+02  -2.2868000e+02  -1.6651000e+02  -1.7357000e+02
  -2.2685000e+02  -2.2746000e+02  -2.2746000e+02  -2.2891000e+02  -1.6815000e+02  -1.7625000e+02
  -2.1980000e+02  -2.2116000e+02  -2.2040000e+02  -2.2025000e+02  -1.6051000e+02  -1.6754000e+02
  -2.0986000e+02  -2.0959000e+02  -2.0973000e+02  -2.1012000e+02  -1.4662000e+02  -1.5433000e+02
  -1.8936000e+02  -1.8858000e+02  -1.8908000e+02  -1.8991000e+02  -1.2154000e+02  -1.2887000e+02
  -1.8356000e+02  -1.8203000e+02  -1.8045000e+02  -1.8137000e+02  -1.1023000e+02  -1.1756000e+02
  -1.8343000e+02  -1.8110000e+02  -1.8100000e+02  -1.8068000e+02  -1.0752000e+02  -1.1495000e+02
  -1.7810000e+02  -1.7497000e+02  -1.7585000e+02  -1.7391000e+02  -1.0325000e+02  -1.1072000e+02
  -1.7176000e+02  -1.6680000e+02  -1.6805000e+02  -1.6692000e+02  -9.8335000e+01  -1.0644000e+02
  -1.6593000e+02  -1.5909000e+02  -1.6168000e+02  -1.5969000e+02  -9.1300000e+01  -1.0030000e+02
  -1.5023000e+02  -1.4560000e+02  -1.4744000e+02  -1.4542000e+02  -8.1946000e+01  -9.0181000e+01
  -1.4165000e+02  -1.3882000e+02  -1.3994000e+02  -1.3881000e+02  -7.8539000e+01  -8.3818000e+01
  -1.3314000e+02  -1.3105000e+02  -1.3225000e+02  -1.3144000e+02  -7.5077000e+01  -8.1984000e+01
  -1.3121000e+02  -1.2961000e+02  -1.2859000e+02  -1.2752000e+02  -7.9059000e+01  -8.4562000e+01
  -1.2753000e+02  -1.2592000e+02  -1.2406000e+02  -1.2318000e+02  -7.6594000e+01  -8.1367000e+01
  -1.2346000e+02  -1.2213000e+02  -1.1974000e+02  -1.1802000e+02  -7.5988000e+01  -8.0339000e+01
  -1.2368000e+02  -1.1588000e+02  -1.1877000e+02  -1.1564000e+02  -7.6734000e+01  -8.1318000e+01
  -1.0062000e+02  -1.2009000e+02  -1.0934000e+02  -1.1097000e+02  -7.1368000e+01  -7.6738000e+01
  -1.1908000e+02  -9.7182000e+01  -1.0327000e+02  -8.9513000e+01  -7.3536000e+01  -7.6918000e+01
  -1.0228000e+02  -1.0834000e+02  -9.9848000e+01  -9.8533000e+01  -8.0073000e+01  -8.4747000e+01
  -1.0927000e+02  -9.8047000e+01  -9.8312000e+01  -9.4239000e+01  -8.1935000e+01  -8.8506000e+01
  -1.3441000e+02  -1.3019000e+02  -1.2443000e+02  -1.1728000e+02  -1.1632000e+02  -1.2104000e+02
  -1.4190000e+02  -1.4282000e+02  -1.3919000e+02  -1.3864000e+02  -1.3955000e+02  -1.4590000e+02
  -1.5906000e+02  -1.4730000e+02  -1.4828000e+02  -1.4346000e+02  -1.5214000e+02  -1.5634000e+02
  -1.5487000e+02  -1.4865000e+02  -1.4494000e+02  -1.4257000e+02  -1.6318000e+02  -1.6749000e+02
  -1.5345000e+02  -1.5035000e+02  -1.4697000e+02  -1.4266000e+02  -1.6671000e+02  -1.7217000e+02
  -1.6241000e+02  -1.5528000e+02  -1.5924000e+02  -1.5731000e+02  -1.8022000e+02  -1.8485000e+02
  -1.7805000e+02  -1.7128000e+02  -1.7168000e+02  -1.6816000e+02  -1.9939000e+02  -2.0502000e+02
  -1.9294000e+02  -1.9279000e+02  -1.9172000e+02  -1.9034000e+02  -2.2599000e+02  -2.3867000e+02
  -1.9742000e+02  -1.9281000e+02  -1.9516000e+02  -1.9300000e+02  -2.5071000e+02  -2.4610000e+02
  -2.0358000e+02  -2.0012000e+02  -2.0307000e+02  -2.0146000e+02  -2.5583000e+02  -2.4880000e+02
  -2.0901000e+02  -2.0566000e+02  -2.0709000e+02  -2.0517000e+02  -2.5969000e+02  -2.5323000e+02
  -2.1807000e+02  -2.1092000e+02  -2.1427000e+02  -2.1104000e+02  -2.7769000e+02  -2.6249000e+02
  -2.1116000e+02  -2.1295000e+02  -2.1370000e+02  -2.1399000e+02  -2.7437000e+02  -2.5174000e+02
  -2.1405000e+02  -2.1095000e+02  -2.1046000e+02  -2.0813000e+02  -2.6496000e+02  -2.4972000e+02
  -2.0640000e+02  -2.0380000e+02  -2.0397000e+02  -2.0142000e+02  -2.6519000e+02  -2.6114000e+02
  -1.9323000e+02  -1.9754000e+02  -1.9221000e+02  -1.9006000e+02  -2.6520000e+02  -2.7069000e+02
  -1.7407000e+02  -1.7584000e+02  -1.7587000e+02  -1.7639000e+02  -2.7053000e+02  -2.7877000e+02
  -1.8431000e+02  -1.8043000e+02  -1.8435000e+02  -1.8231000e+02  -2.7800000e+02  -2.8395000e+02
  -1.8106000e+02  -1.8404000e+02  -1.8354000e+02  -1.8394000e+02  -2.8440000e+02  -2.9155000e+02
  -1.7817000e+02  -1.7703000e+02  -1.8004000e+02  -1.8012000e+02  -2.8730000e+02  -2.7868000e+02
  -1.8433000e+02  -1.8009000e+02  -1.8266000e+02  -1.8139000e+02  -3.0098000e+02  -2.8928000e+02
  -1.8521000e+02  -1.8728000e+02  -1.8538000e+02  -1.8424000e+02  -3.0132000e+02  -2.9314000e+02
  -1.8483000e+02  -1.8363000e+02  -1.8650000e+02  -1.8539000e+02  -3.0008000e+02  -2.9134000e+02
  -1.8540000e+02  -1.8577000e+02  -1.8693000e+02  -1.8641000e+02  -2.9014000e+02  -2.8803000e+02
  -1.6937000e+02  -1.7023000e+02  -1.6925000e+02  -1.6888000e+02  -2.7177000e+02  -2.6851000e+02
  -1.4311000e+02  -1.4666000e+02  -1.4732000e+02  -1.4790000e+02  -2.4451000e+02  -2.4444000e+02
  -1.3750000e+02  -1.3472000e+02  -1.3800000e+02  -1.3696000e+02  -2.4464000e+02  -2.4833000e+02
  -1.3713000e+02  -1.3321000e+02  -1.3444000e+02  -1.3305000e+02  -2.3248000e+02  -2.3076000e+02
  -1.2119000e+02  -1.2479000e+02  -1.2344000e+02  -1.2496000e+02  -2.0844000e+02  -2.1052000e+02
  -9.4639000e+01  -9.4933000e+01  -9.5065000e+01  -9.6495000e+01  -2.0970000e+02  -2.1290000e+02
  -9.0596000e+01  -8.9941000e+01  -9.0354000e+01  -8.9705000e+01  -1.9488000e+02  -1.9020000e+02
  -6.4608000e+01  -6.8800000e+01  -6.6941000e+01  -6.6282000e+01  -1.6518000e+02  -1.6731000e+02
  -4.5205000e+01  -4.1663000e+01  -4.4806000e+01  -4.4075000e+01  -1.5841000e+02  -1.5871000e+02
  -5.9816000e+01  -5.7796000e+01  -5.8287000e+01  -5.7758000e+01  -1.4285000e+02  -1.4577000e+02
  -3.9460000e+01  -4.0684000e+01  -4.0776000e+01  -4.0123000e+01  -1.3175000e+02  -1.3260000e+02
  -4.2903000e+01  -4.4720000e+01  -4.1753000e+01  -4.2279000e+01  -1.1260000e+02  -1.1026000e+02
  -3.8648000e+01  -3.8456000e+01  -3.6955000e+01  -3.5676000e+01  -1.0283000e+02  -1.0114000e+02
  -2.1885000e+01  -2.1859000e+01  -2.2810000e+01  -2.4279000e+01  -9.2274000e+01  -9.6549000e+01
  -6.4197000e+00  -3.4867000e+00  -7.4826000e+00  -7.5613000e+00  -7.1017000e+01  -7.7967000e+01
  -1.4185000e+00  -1.4346000e+00  -4.3618000e+00  -3.8124000e+00  -6.2101000e+01  -6.3937000e+01
   3.8405000e+00   1.2004000e+00   2.1481000e+00  -2.2870000e-01  -5.6087000e+01  -7.0028000e+01
   1.1040000e+01   1.4141000e+01   1.2950000e+01   1.3864000e+01  -4.6266000e+01  -5.6863000e+01
   1.7655000e+01   1.8875000e+01   1.5052000e+01   1.5193000e+01  -3.7519000e+01  -4.0104000e+01
   1.4466000e+01   1.8233000e+01   1.5017000e+01   1.4010000e+01  -3.3476000e+01  -3.3621000e+01
   1.7021000e+01   1.8919000e+01   1.8540000e+01   1.8028000e+01  -2.8592000e+01  -2.4186000e+01
   2.7646000e+01   2.8279000e+01   2.8235000e+01   2.8817000e+01  -1.5365000e+01  -1.4844000e+01
   3.2543000e+01   3.5018000e+01   3.3755000e+01   3.4539000e+01  -1.5037000e+00   1.8002000e+00
   3.4338000e+01   4.0274000e+01   3.6330000e+01   3.6885000e+01   1.1575000e+01   9.4985000e+00
   6.7960000e+00   1.0895000e+01   7.7106000e+00   8.2520000e+00  -2.1650000e+01  -2.1986000e+01
  -2.0784000e+01  -1.9916000e+01  -1.9862000e+01  -1.8402000e+01  -4.8584000e+01  -5.1791000e+01
  -2.4063000e+01  -2.6566000e+01  -2.5786000e+01  -2.6952000e+01  -5.5246000e+01  -5.9186000e+01
  -2.0106000e+01  -2.1350000e+01  -2.0093000e+01  -2.0382000e+01  -5.6953000e+01  -5.4582000e+01
  -5.9142000e+00  -5.0865000e+00  -5.5950000e+00  -4.8339000e+00  -4.4141000e+01  -4.3408000e+01
  -1.0885000e+01  -1.0725000e+01  -1.0345000e+01  -1.0216000e+01  -4.6421000e+01  -4.4151000e+01
  -3.2404000e+01  -3.0566000e+01  -3.1406000e+01  -3.1371000e+01  -6.7552000e+01  -6.4558000e+01
  -5.6708000e+01  -5.6714000e+01  -5.7458000e+01  -5.7236000e+01  -9.1527000e+01  -9.2125000e+01
  -6.8636000e+01  -6.6677000e+01  -6.8115000e+01  -6.7937000e+01  -1.0001000e+02  -1.0058000e+02
  -6.5485000e+01  -6.5940000e+01  -6.6879000e+01  -6.7209000e+01  -9.8661000e+01  -9.8163000e+01
  -6.8767000e+01  -6.7678000e+01  -6.8438000e+01  -6.8283000e+01  -9.6790000e+01  -9.7163000e+01
  -6.8259000e+01  -6.6628000e+01  -6.8439000e+01  -6.9456000e+01  -9.1392000e+01  -9.4571000e+01
  -4.9879000e+01  -4.8649000e+01  -5.0470000e+01  -5.1017000e+01  -7.9117000e+01  -8.1279000e+01
  -4.6124000e+01  -4.4459000e+01  -4.5212000e+01  -4.5003000e+01  -7.7569000e+01  -7.8212000e+01
  -4.5937000e+01  -4.4876000e+01  -4.4499000e+01  -4.3157000e+01  -7.9163000e+01  -7.9829000e+01
  -4.4676000e+01  -4.4905000e+01  -4.4048000e+01  -4.3857000e+01  -8.0677000e+01  -8.0354000e+01
  -3.8884000e+01  -3.8960000e+01  -3.8897000e+01  -3.8353000e+01  -7.8734000e+01  -7.7291000e+01
  -2.9172000e+01  -2.9368000e+01  -2.9334000e+01  -2.9300000e+01  -7.2198000e+01  -7.2376000e+01
  -2.1446000e+01  -2.0963000e+01  -2.1388000e+01  -2.1696000e+01  -6.2466000e+01  -6.3898000e+01
  -1.1828000e+01  -1.0749000e+01  -1.1000000e+01  -1.0804000e+01  -4.7281000e+01  -5.3346000e+01
  -1.2216000e+01  -1.1604000e+01  -1.1348000e+01  -1.0692000e+01  -4.5659000e+01  -5.0632000e+01
  -1.0070000e+01  -1.0894000e+01  -9.9342000e+00  -9.7726000e+00  -4.1404000e+01  -4.3175000e+01
  -5.2112000e+00  -4.7435000e+00  -4.5303000e+00  -5.2364000e+00  -3.6211000e+01  -3.2341000e+01
  -5.0537000e+00  -1.6008000e+00  -2.8780000e+00  -1.9398000e+00  -3.2004000e+01  -2.5862000e+01
   2.4504000e+01   2.4717000e+01   2.4678000e+01   2.5837000e+01  -4.8954000e+00  -1.0844000e+00
   5.0730000e+01   5.0074000e+01   5.0571000e+01   5.0500000e+01   2.2388000e+01   1.9587000e+01
   5.6662000e+01   5.5301000e+01   5.6686000e+01   5.6005000e+01   3.4068000e+01   2.5064000e+01
   5.9014000e+01   5.9534000e+01   5.9582000e+01   5.9590000e+01   4.0669000e+01   3.3259000e+01
   5.9130000e+01   5.9667000e+01   5.8278000e+01   5.7528000e+01   3.8346000e+01   3.5144000e+01
   7.3220000e+01   7.2152000e+01   7.2295000e+01   7.1344000e+01   4.6983000e+01   4.6798000e+01
   9.0251000e+01   9.0252000e+01   8.8483000e+01   8.9553000e+01   6.2508000e+01   6.1017000e+01
   1.1225000e+02   1.1430000e+02   1.1197000e+02   1.1295000e+02   8.4068000e+01   8.4226000e+01
   1.2441000e+02   1.2722000e+02   1.2550000e+02   1.2661000e+02   9.1758000e+01   9.3216000e+01
   1.2742000e+02   1.2761000e+02   1.2758000e+02   1.2831000e+02   9.2228000e+01   9.2705000e+01
   1.2856000e+02   1.2968000e+02   1.2977000e+02   1.3093000e+02   9.3651000e+01   9.5751000e+01
   1.2755000e+02   1.3077000e+02   1.3026000e+02   1.3160000e+02   9.5801000e+01   9.6667000e+01
   1.2364000e+02   1.2480000e+02   1.2358000e+02   1.2591000e+02   9.1862000e+01   9.1404000e+01
   1.2689000e+02   1.2943000e+02   1.2782000e+02   1.2882000e+02   9.1928000e+01   9.1170000e+01
   1.3023000e+02   1.3461000e+02   1.3176000e+02   1.3389000e+02   8.9740000e+01   9.0052000e+01
   1.3413000e+02   1.3898000e+02   1.3608000e+02   1.3867000e+02   9.7129000e+01   9.3226000e+01
   1.3592000e+02   1.4020000e+02   1.3842000e+02   1.4178000e+02   9.5328000e+01   9.2951000e+01
   1.3512000e+02   1.3865000e+02   1.3758000e+02   1.4053000e+02   9.7064000e+01   9.1732000e+01
   1.3255000e+02   1.3492000e+02   1.3555000e+02   1.3837000e+02   8.6841000e+01   8.5964000e+01
   1.2422000e+02   1.2911000e+02   1.2773000e+02   1.3216000e+02   8.2972000e+01   7.5307000e+01
   1.2405000e+02   1.2938000e+02   1.2797000e+02   1.3248000e+02   6.9694000e+01   6.9503000e+01
   1.1859000e+02   1.2326000e+02   1.2312000e+02   1.2892000e+02   7.1774000e+01   5.9857000e+01
   1.1251000e+02   1.1416000e+02   1.1295000e+02   1.1741000e+02   4.5056000e+01   4.2983000e+01
   1.0827000e+02   1.1693000e+02   1.1228000e+02   1.1460000e+02   3.5221000e+01   2.4793000e+01
   8.3029000e+01   7.9753000e+01   8.1758000e+01   8.4045000e+01  -1.4037000e+01  -1.4929000e+01
   4.6715000e+01   6.1027000e+01   5.6991000e+01   6.0678000e+01  -3.0330000e+01  -4.7505000e+01
   3.3651000e+01   3.4114000e+01   2.9776000e+01   3.0649000e+01  -7.5579000e+01  -7.4109000e+01
   2.6040000e+01   2.9150000e+01   2.4231000e+01   2.6982000e+01  -7.3371000e+01  -8.5617000e+01
   2.3571000e+00   9.7106000e+00   4.0512000e+00   8.5964000e+00  -6.6623000e+01  -8.5326000e+01
  -1.4732000e+01  -1.9027000e+01  -1.3904000e+01  -1.2158000e+01  -1.0491000e+02  -1.1551000e+02
  -2.8820000e+01  -3.4772000e+01  -3.0720000e+01  -2.9813000e+01  -1.3000000e+02  -1.2596000e+02
  -4.2851000e+01  -5.0080000e+01  -4.6763000e+01  -4.4147000e+01  -1.6972000e+02  -1.6473000e+02
  -6.5102000e+01  -6.3731000e+01  -6.8072000e+01  -6.4292000e+01  -2.0940000e+02  -2.0568000e+02
  -7.0128000e+01  -7.6794000e+01  -7.4240000e+01  -7.2449000e+01  -2.0227000e+02  -2.0690000e+02
  -6.9186000e+01  -7.3792000e+01  -7.3890000e+01  -7.3174000e+01  -1.7926000e+02  -1.8160000e+02
  -8.5081000e+01  -8.2052000e+01  -8.2905000e+01  -8.1060000e+01  -2.1144000e+02  -2.0880000e+02
  -9.2126000e+01  -8.8020000e+01  -8.5170000e+01  -8.0127000e+01  -2.1297000e+02  -2.1376000e+02
  -8.5698000e+01  -9.0999000e+01  -8.8820000e+01  -8.5767000e+01  -2.0724000e+02  -2.1388000e+02
  -9.0393000e+01  -9.0399000e+01  -9.3816000e+01  -9.4159000e+01  -2.2813000e+02  -2.0658000e+02
  -8.4737000e+01  -8.1672000e+01  -8.3247000e+01  -8.0605000e+01  -2.3887000e+02  -2.3242000e+02
  -9.4354000e+01  -1.0642000e+02  -9.9466000e+01  -1.0042000e+02  -2.7698000e+02  -2.5562000e+02
  -8.4131000e+01  -8.9446000e+01  -8.7645000e+01  -8.6438000e+01  -2.6579000e+02  -2.4975000e+02
  -8.9890000e+01  -9.2199000e+01  -8.9459000e+01  -8.6251000e+01  -2.4242000e+02  -2.2026000e+02
  -7.0062000e+01  -6.6571000e+01  -7.4641000e+01  -7.6476000e+01  -2.2539000e+02  -2.1906000e+02
  -5.2845000e+01  -4.3573000e+01  -5.5303000e+01  -5.4995000e+01  -1.8163000e+02  -1.8978000e+02
  -6.4811000e+01  -7.2628000e+01  -6.3917000e+01  -6.3947000e+01  -1.9790000e+02  -2.0951000e+02
  -6.6582000e+01  -5.8242000e+01  -6.8221000e+01  -6.6983000e+01  -2.4628000e+02  -2.5293000e+02
  -5.1462000e+01  -4.6358000e+01  -4.8697000e+01  -4.5666000e+01  -2.3630000e+02  -2.4082000e+02
  -3.3561000e+01  -3.3765000e+01  -3.4030000e+01  -3.3167000e+01  -1.9622000e+02  -1.9340000e+02
  -1.9508000e+01  -1.3952000e+01  -1.4949000e+01  -1.0858000e+01  -2.0251000e+02  -2.0144000e+02
  -2.0183000e+01  -1.7236000e+01  -1.7157000e+01  -1.3295000e+01  -1.6001000e+02  -1.5918000e+02
   4.2877000e+00   7.7090000e+00   7.9389000e+00   1.0177000e+01  -1.4273000e+02  -1.3075000e+02
  -5.1386000e+00  -6.5500000e+00  -3.9789000e+00  -4.0117000e+00  -1.0451000e+02  -9.2987000e+01
   3.6286000e+01   3.5903000e+01   3.6457000e+01   3.5619000e+01  -6.8057000e+01  -5.0661000e+01
   8.2525000e+01   7.8990000e+01   8.1123000e+01   8.0294000e+01  -5.9674000e+01  -5.7629000e+01
   8.6931000e+01   9.3182000e+01   9.1647000e+01   9.4625000e+01  -3.8641000e+01  -4.4833000e+01
   9.1465000e+01   9.5095000e+01   9.3457000e+01   9.4388000e+01  -3.9322000e+01  -2.9688000e+01
   1.2472000e+02   1.3068000e+02   1.2593000e+02   1.2704000e+02  -1.3181000e+01  -2.7080000e+01
   1.3400000e+02   1.4204000e+02   1.3660000e+02   1.3728000e+02  -2.1706000e+01  -1.2826000e+01
   1.5626000e+02   1.6178000e+02   1.5410000e+02   1.5429000e+02  -1.9701000e+01  -1.1736000e+01
   1.2617000e+02   1.3299000e+02   1.2885000e+02   1.3062000e+02   7.7401000e+00   1.0941000e+01
   1.3119000e+02   1.3910000e+02   1.3237000e+02   1.3421000e+02   3.5666000e+01   2.2838000e+01
   1.2920000e+02   1.3304000e+02   1.3362000e+02   1.3908000e+02   4.9286000e+01   2.4773000e+01
   1.5372000e+02   1.5255000e+02   1.5623000e+02   1.5446000e+02   5.2780000e+01   4.3986000e+01
   1.4568000e+02   1.5717000e+02   1.5432000e+02   1.5982000e+02   6.6442000e+01   5.6805000e+01
   1.3103000e+02   1.3304000e+02   1.3204000e+02   1.3245000e+02   7.4746000e+01   5.1906000e+01
   1.4820000e+02   1.4617000e+02   1.4894000e+02   1.5089000e+02   6.9600000e+01   6.6449000e+01
   1.4522000e+02   1.4537000e+02   1.4452000e+02   1.4390000e+02   5.5780000e+01   5.4320000e+01
   1.5026000e+02   1.5145000e+02   1.4837000e+02   1.4986000e+02   7.4879000e+01   6.4284000e+01
   1.4949000e+02   1.5009000e+02   1.4956000e+02   1.5094000e+02   7.3759000e+01   7.3184000e+01
   1.5490000e+02   1.5210000e+02   1.5307000e+02   1.5274000e+02   6.5584000e+01   7.3492000e+01
   1.4433000e+02   1.4615000e+02   1.4716000e+02   1.4921000e+02   6.1789000e+01   6.1147000e+01
   1.1373000e+02   1.0807000e+02   1.1058000e+02   1.0944000e+02   4.8484000e+01   4.0897000e+01
   8.8151000e+01   8.3441000e+01   8.7035000e+01   8.6568000e+01   2.2660000e+01   1.6304000e+01
