  -5.2355000e+00  -5.5976000e+00  -5.5235000e+00  -5.7006000e+00  -4.9103000e+00  -4.7206000e+00
  -5.8518000e+00  -6.2293000e+00  -6.1465000e+00  -6.3339000e+00  -4.8716000e+00  -4.7813000e+00
  -6.4206000e+00  -6.8391000e+00  -6.6926000e+00  -6.8498000e+00  -4.9623000e+00  -4.9012000e+00
  -6.7817000e+00  -7.1147000e+00  -6.9930000e+00  -7.1138000e+00  -5.1606000e+00  -5.1941000e+00
  -6.9845000e+00  -7.1794000e+00  -7.0894000e+00  -7.1464000e+00  -5.6269000e+00  -5.6429000e+00
  -6.9170000e+00  -7.1628000e+00  -7.0621000e+00  -7.1503000e+00  -5.9645000e+00  -5.9337000e+00
  -6.7716000e+00  -6.9422000e+00  -6.8589000e+00  -6.8978000e+00  -6.1146000e+00  -6.0448000e+00
  -6.7732000e+00  -6.8785000e+00  -6.8426000e+00  -6.8742000e+00  -6.3136000e+00  -6.3127000e+00
  -6.5600000e+00  -6.6736000e+00  -6.6455000e+00  -6.6761000e+00  -6.5448000e+00  -6.4566000e+00
  -6.6266000e+00  -6.6998000e+00  -6.7241000e+00  -6.7681000e+00  -6.4155000e+00  -6.3941000e+00
  -7.0078000e+00  -7.0452000e+00  -7.1000000e+00  -7.1378000e+00  -6.3187000e+00  -6.2336000e+00
  -7.4289000e+00  -7.4846000e+00  -7.5328000e+00  -7.5823000e+00  -6.2169000e+00  -6.0183000e+00
  -7.3914000e+00  -7.5131000e+00  -7.5342000e+00  -7.6083000e+00  -6.3165000e+00  -6.0371000e+00
  -7.3389000e+00  -7.3580000e+00  -7.4009000e+00  -7.4598000e+00  -7.1130000e+00  -6.7378000e+00
  -7.1640000e+00  -7.3631000e+00  -7.3248000e+00  -7.4252000e+00  -7.2928000e+00  -6.9670000e+00
  -6.1143000e+00  -6.7057000e+00  -6.5743000e+00  -6.8200000e+00  -7.2152000e+00  -6.9212000e+00
  -6.1885000e+00  -5.8157000e+00  -6.2336000e+00  -6.1904000e+00  -7.6093000e+00  -7.1842000e+00
  -5.9333000e+00  -5.5331000e+00  -5.6071000e+00  -5.4911000e+00  -6.9780000e+00  -6.9190000e+00
  -5.5568000e+00  -5.5803000e+00  -5.4921000e+00  -5.4645000e+00  -6.0004000e+00  -6.6989000e+00
  -5.8366000e+00  -5.7302000e+00  -5.5406000e+00  -4.9547000e+00  -5.4231000e+00  -6.3080000e+00
  -5.7415000e+00  -5.6922000e+00  -5.6934000e+00  -5.6219000e+00  -6.5138000e+00  -6.3996000e+00
  -5.2588000e+00  -5.1285000e+00  -5.3762000e+00  -5.5981000e+00  -7.2189000e+00  -6.9409000e+00
  -4.8726000e+00  -4.9521000e+00  -5.0618000e+00  -5.2402000e+00  -7.4095000e+00  -7.0978000e+00
  -3.5868000e+00  -3.5338000e+00  -3.4033000e+00  -3.3335000e+00  -7.2369000e+00  -7.5246000e+00
  -4.0747000e+00  -4.2291000e+00  -3.9582000e+00  -3.6685000e+00  -7.7678000e+00  -8.1625000e+00
  -4.3479000e+00  -4.4352000e+00  -4.2455000e+00  -4.2457000e+00  -7.7514000e+00  -8.3668000e+00
  -4.2455000e+00  -4.3994000e+00  -4.2299000e+00  -4.3314000e+00  -8.4711000e+00  -7.8487000e+00
  -4.8441000e+00  -5.1292000e+00  -4.9483000e+00  -4.9615000e+00  -8.0721000e+00  -8.1123000e+00
  -4.6714000e+00  -4.7623000e+00  -4.6449000e+00  -4.7233000e+00  -7.4504000e+00  -7.4722000e+00
  -4.7635000e+00  -4.5561000e+00  -4.4616000e+00  -4.5657000e+00  -7.4328000e+00  -7.2101000e+00
  -5.1689000e+00  -5.1160000e+00  -5.1112000e+00  -5.0272000e+00  -7.2161000e+00  -7.0625000e+00
  -5.7986000e+00  -5.3075000e+00  -5.2242000e+00  -4.8911000e+00  -7.4201000e+00  -7.0245000e+00
  -5.5899000e+00  -5.6944000e+00  -5.5511000e+00  -5.5949000e+00  -7.2901000e+00  -6.8787000e+00
  -6.3159000e+00  -6.2273000e+00  -6.1053000e+00  -5.9899000e+00  -7.3314000e+00  -6.8225000e+00
  -6.5340000e+00  -6.3656000e+00  -6.2404000e+00  -6.1939000e+00  -7.4241000e+00  -6.7770000e+00
  -6.7031000e+00  -6.6933000e+00  -6.5627000e+00  -6.5057000e+00  -7.4224000e+00  -6.6994000e+00
  -6.7322000e+00  -6.8169000e+00  -6.8556000e+00  -7.0915000e+00  -7.4188000e+00  -6.5713000e+00
  -7.4470000e+00  -7.4937000e+00  -7.4912000e+00  -7.4718000e+00  -7.0255000e+00  -6.5390000e+00
  -8.0254000e+00  -8.1087000e+00  -8.1794000e+00  -8.2895000e+00  -6.8041000e+00  -6.4734000e+00
  -8.5019000e+00  -8.7498000e+00  -8.8303000e+00  -9.0414000e+00  -7.0926000e+00  -6.4140000e+00
  -8.6890000e+00  -8.9077000e+00  -8.9339000e+00  -9.1144000e+00  -7.4402000e+00  -6.4027000e+00
  -8.7308000e+00  -9.1224000e+00  -8.9635000e+00  -9.1069000e+00  -7.3669000e+00  -6.5829000e+00
  -8.5178000e+00  -8.9405000e+00  -8.7744000e+00  -8.8774000e+00  -7.3804000e+00  -6.6436000e+00
  -8.3081000e+00  -8.6444000e+00  -8.4146000e+00  -8.4548000e+00  -6.9625000e+00  -6.4203000e+00
  -9.0306000e+00  -9.2355000e+00  -8.8241000e+00  -8.6341000e+00  -6.6738000e+00  -6.0113000e+00
  -9.2164000e+00  -9.5928000e+00  -9.2770000e+00  -9.2634000e+00  -6.5968000e+00  -5.6500000e+00
  -9.5240000e+00  -9.7407000e+00  -9.5630000e+00  -9.5156000e+00  -6.3689000e+00  -5.3155000e+00
  -9.4538000e+00  -9.8020000e+00  -9.6639000e+00  -9.7478000e+00  -5.9637000e+00  -5.4272000e+00
  -9.1850000e+00  -9.3596000e+00  -9.3596000e+00  -9.3906000e+00  -5.7785000e+00  -6.2247000e+00
  -8.8451000e+00  -8.9906000e+00  -8.8987000e+00  -8.8903000e+00  -6.0063000e+00  -6.9768000e+00
  -8.1779000e+00  -8.3594000e+00  -8.1604000e+00  -8.1380000e+00  -5.9342000e+00  -7.1101000e+00
  -7.4282000e+00  -7.7046000e+00  -7.4663000e+00  -7.4536000e+00  -6.2132000e+00  -7.3963000e+00
  -6.6534000e+00  -6.7730000e+00  -6.3695000e+00  -6.1734000e+00  -6.5872000e+00  -7.5176000e+00
  -5.8399000e+00  -5.8351000e+00  -5.6095000e+00  -5.5019000e+00  -6.6450000e+00  -7.5414000e+00
  -5.0497000e+00  -5.1753000e+00  -5.0928000e+00  -5.1816000e+00  -6.4353000e+00  -7.5722000e+00
  -4.5713000e+00  -4.6743000e+00  -4.5279000e+00  -4.6202000e+00  -6.6842000e+00  -7.9129000e+00
  -4.4945000e+00  -4.6040000e+00  -4.3713000e+00  -4.4545000e+00  -7.0654000e+00  -8.5868000e+00
  -5.0284000e+00  -4.6815000e+00  -4.7234000e+00  -4.6915000e+00  -7.2845000e+00  -9.6763000e+00
  -5.2640000e+00  -5.1451000e+00  -5.1665000e+00  -5.4632000e+00  -9.3616000e+00  -9.6118000e+00
  -5.4126000e+00  -6.4349000e+00  -6.3429000e+00  -7.1609000e+00  -9.3597000e+00  -9.3964000e+00
  -6.9088000e+00  -7.6199000e+00  -7.4581000e+00  -7.5934000e+00  -9.7011000e+00  -9.4962000e+00
  -7.1563000e+00  -7.6246000e+00  -7.3728000e+00  -7.6393000e+00  -1.0364400e+01  -9.5299000e+00
  -6.9977000e+00  -7.6781000e+00  -7.3100000e+00  -7.4623000e+00  -9.8255000e+00  -9.4007000e+00
  -6.1857000e+00  -6.9220000e+00  -6.6507000e+00  -7.0811000e+00  -9.1703000e+00  -9.0039000e+00
  -6.0544000e+00  -7.1469000e+00  -6.6363000e+00  -7.0745000e+00  -8.9396000e+00  -8.8773000e+00
  -6.1380000e+00  -7.3383000e+00  -6.4980000e+00  -6.6165000e+00  -9.3944000e+00  -8.9643000e+00
  -5.5631000e+00  -6.3707000e+00  -5.8177000e+00  -6.0027000e+00  -9.2710000e+00  -8.6535000e+00
  -5.0360000e+00  -5.5963000e+00  -5.3007000e+00  -5.5342000e+00  -8.7297000e+00  -7.9556000e+00
  -4.7421000e+00  -5.3818000e+00  -5.4398000e+00  -5.8803000e+00  -8.4014000e+00  -7.9542000e+00
  -5.2344000e+00  -5.9549000e+00  -5.5933000e+00  -5.8553000e+00  -8.0208000e+00  -7.9355000e+00
  -5.3228000e+00  -5.9200000e+00  -5.8837000e+00  -6.3480000e+00  -7.5763000e+00  -7.7895000e+00
  -6.1929000e+00  -6.8526000e+00  -6.9061000e+00  -7.3071000e+00  -6.8438000e+00  -7.7871000e+00
  -6.7392000e+00  -7.2734000e+00  -7.1015000e+00  -7.2943000e+00  -6.1576000e+00  -7.7444000e+00
  -7.4451000e+00  -7.7996000e+00  -7.7064000e+00  -7.8024000e+00  -5.4829000e+00  -7.5017000e+00
  -7.7152000e+00  -8.0429000e+00  -7.8369000e+00  -7.9048000e+00  -6.0129000e+00  -7.3395000e+00
  -7.9621000e+00  -8.1747000e+00  -8.0248000e+00  -8.0478000e+00  -6.8299000e+00  -6.9263000e+00
  -7.7599000e+00  -7.9102000e+00  -7.8102000e+00  -7.8370000e+00  -6.7449000e+00  -6.3492000e+00
  -7.8421000e+00  -8.2583000e+00  -8.0088000e+00  -8.2393000e+00  -6.6297000e+00  -6.2674000e+00
  -7.8368000e+00  -8.6292000e+00  -8.3181000e+00  -8.5687000e+00  -6.5562000e+00  -6.4953000e+00
  -7.7999000e+00  -8.3049000e+00  -8.1640000e+00  -8.3930000e+00  -6.5941000e+00  -6.5605000e+00
  -7.4377000e+00  -7.6409000e+00  -7.5134000e+00  -7.6011000e+00  -6.6832000e+00  -6.4644000e+00
  -7.3041000e+00  -7.1799000e+00  -7.1273000e+00  -6.9779000e+00  -6.6933000e+00  -6.3361000e+00
  -6.9244000e+00  -6.6819000e+00  -6.7216000e+00  -6.5981000e+00  -6.5824000e+00  -6.2111000e+00
  -6.7671000e+00  -6.6490000e+00  -6.7133000e+00  -6.6667000e+00  -6.3900000e+00  -5.9777000e+00
  -6.8478000e+00  -6.8705000e+00  -6.8983000e+00  -6.8822000e+00  -6.3381000e+00  -5.9623000e+00
  -6.9832000e+00  -7.0519000e+00  -7.0629000e+00  -7.0767000e+00  -6.2306000e+00  -6.0289000e+00
  -7.1049000e+00  -7.0229000e+00  -7.1504000e+00  -7.1230000e+00  -6.0471000e+00  -6.1242000e+00
  -7.2624000e+00  -6.9186000e+00  -7.1826000e+00  -7.0611000e+00  -5.7780000e+00  -6.1540000e+00
  -7.2860000e+00  -7.2901000e+00  -7.3036000e+00  -7.2479000e+00  -5.7629000e+00  -6.1711000e+00
  -7.6832000e+00  -7.8559000e+00  -7.8241000e+00  -7.8681000e+00  -5.8064000e+00  -6.2734000e+00
  -7.9303000e+00  -7.9975000e+00  -8.0296000e+00  -8.0874000e+00  -5.8784000e+00  -6.3748000e+00
  -8.0332000e+00  -8.1040000e+00  -8.1781000e+00  -8.2584000e+00  -5.9372000e+00  -6.4000000e+00
  -8.1391000e+00  -8.1531000e+00  -8.2212000e+00  -8.2713000e+00  -5.9450000e+00  -6.3585000e+00
  -8.1867000e+00  -8.2731000e+00  -8.2872000e+00  -8.3591000e+00  -6.0481000e+00  -6.3272000e+00
  -8.3500000e+00  -8.4792000e+00  -8.4500000e+00  -8.5396000e+00  -6.1682000e+00  -6.3078000e+00
  -8.3910000e+00  -8.5060000e+00  -8.4537000e+00  -8.5472000e+00  -6.3097000e+00  -6.3570000e+00
  -8.4955000e+00  -8.6583000e+00  -8.4997000e+00  -8.5657000e+00  -6.4778000e+00  -6.3794000e+00
  -8.3296000e+00  -8.5910000e+00  -8.2370000e+00  -8.2559000e+00  -6.5924000e+00  -6.4354000e+00
  -8.1680000e+00  -8.6194000e+00  -8.1192000e+00  -8.1595000e+00  -6.6929000e+00  -6.6531000e+00
  -8.1642000e+00  -8.6572000e+00  -8.1505000e+00  -8.1685000e+00  -6.9650000e+00  -7.0103000e+00
  -8.0831000e+00  -8.5164000e+00  -8.0267000e+00  -8.0200000e+00  -7.2621000e+00  -7.3007000e+00
  -7.7286000e+00  -8.1612000e+00  -7.5499000e+00  -7.4329000e+00  -7.5570000e+00  -7.5030000e+00
  -7.0353000e+00  -7.3061000e+00  -6.8225000e+00  -6.6569000e+00  -7.7310000e+00  -7.6220000e+00
  -6.6005000e+00  -6.6556000e+00  -6.4948000e+00  -6.3791000e+00  -7.8169000e+00  -7.6738000e+00
  -6.5839000e+00  -6.3439000e+00  -6.3867000e+00  -6.3060000e+00  -7.9312000e+00  -7.6178000e+00
  -6.4306000e+00  -6.2082000e+00  -5.7742000e+00  -5.3973000e+00  -8.0392000e+00  -7.6550000e+00
  -4.8863000e+00  -5.2791000e+00  -4.6348000e+00  -4.4808000e+00  -8.1367000e+00  -7.6487000e+00
  -3.8493000e+00  -3.8962000e+00  -3.2700000e+00  -2.7281000e+00  -8.0912000e+00  -7.5961000e+00
  -3.7886000e+00  -3.3979000e+00  -3.6404000e+00  -3.1951000e+00  -7.8496000e+00  -7.6766000e+00
  -4.0929000e+00  -3.3047000e+00  -3.6457000e+00  -3.4484000e+00  -7.7199000e+00  -7.8836000e+00
  -4.3186000e+00  -3.6549000e+00  -3.9612000e+00  -3.6083000e+00  -7.7501000e+00  -7.9621000e+00
  -4.9255000e+00  -4.3636000e+00  -5.0065000e+00  -4.9327000e+00  -7.7591000e+00  -7.7858000e+00
  -6.0539000e+00  -5.6540000e+00  -6.2663000e+00  -6.3366000e+00  -7.4510000e+00  -7.2426000e+00
  -6.8050000e+00  -6.4966000e+00  -6.7111000e+00  -6.5775000e+00  -7.3464000e+00  -6.8527000e+00
  -6.5062000e+00  -6.0991000e+00  -6.2309000e+00  -6.1419000e+00  -6.9540000e+00  -6.4216000e+00
  -6.6965000e+00  -6.1566000e+00  -6.3224000e+00  -6.0518000e+00  -6.1540000e+00  -5.5303000e+00
  -6.6569000e+00  -6.3353000e+00  -6.3959000e+00  -6.2131000e+00  -5.4490000e+00  -4.9232000e+00
  -6.5297000e+00  -6.3408000e+00  -6.2427000e+00  -6.0849000e+00  -5.4518000e+00  -5.0755000e+00
  -6.3199000e+00  -6.1654000e+00  -6.2026000e+00  -6.1720000e+00  -5.3475000e+00  -5.2066000e+00
  -6.2279000e+00  -6.0567000e+00  -6.2049000e+00  -6.2576000e+00  -5.1939000e+00  -5.3387000e+00
  -6.8156000e+00  -6.6227000e+00  -6.7736000e+00  -6.7584000e+00  -5.0420000e+00  -5.4011000e+00
  -7.3847000e+00  -7.2225000e+00  -7.4340000e+00  -7.4994000e+00  -4.8607000e+00  -5.3937000e+00
  -7.9870000e+00  -7.7942000e+00  -8.0778000e+00  -8.2074000e+00  -4.7342000e+00  -5.3062000e+00
  -8.6402000e+00  -8.4480000e+00  -8.5767000e+00  -8.6543000e+00  -4.7703000e+00  -5.1933000e+00
  -9.0028000e+00  -8.7813000e+00  -8.8395000e+00  -8.8805000e+00  -4.7642000e+00  -5.2138000e+00
  -9.1680000e+00  -8.9891000e+00  -8.9875000e+00  -8.9805000e+00  -4.6893000e+00  -5.2048000e+00
  -9.4931000e+00  -9.1804000e+00  -9.2512000e+00  -9.1912000e+00  -4.6823000e+00  -5.2388000e+00
  -9.7346000e+00  -9.4583000e+00  -9.5005000e+00  -9.4073000e+00  -4.6945000e+00  -5.2472000e+00
  -9.8560000e+00  -9.4887000e+00  -9.5557000e+00  -9.4371000e+00  -4.7287000e+00  -5.1608000e+00
  -9.6592000e+00  -9.3165000e+00  -9.2696000e+00  -9.0750000e+00  -4.6838000e+00  -5.0957000e+00
  -9.4997000e+00  -9.1087000e+00  -9.1725000e+00  -8.9591000e+00  -4.7292000e+00  -5.0801000e+00
  -9.7145000e+00  -9.0744000e+00  -9.3956000e+00  -9.1406000e+00  -4.7739000e+00  -5.1457000e+00
  -1.0511000e+01  -9.5281000e+00  -9.9229000e+00  -9.5354000e+00  -4.8342000e+00  -5.2459000e+00
  -1.0869100e+01  -9.7824000e+00  -1.0134800e+01  -9.6737000e+00  -5.0239000e+00  -5.3336000e+00
  -1.1076000e+01  -1.0038900e+01  -1.0410800e+01  -9.9797000e+00  -5.2305000e+00  -5.3873000e+00
  -1.1037100e+01  -1.0029800e+01  -1.0391500e+01  -9.9550000e+00  -5.3120000e+00  -5.3951000e+00
  -1.1030400e+01  -1.0261900e+01  -1.0521100e+01  -1.0221000e+01  -5.1637000e+00  -5.3583000e+00
  -1.1241000e+01  -1.0276400e+01  -1.0636000e+01  -1.0199500e+01  -4.9950000e+00  -5.3330000e+00
  -1.1461600e+01  -1.0508900e+01  -1.0789300e+01  -1.0396000e+01  -4.8971000e+00  -5.1924000e+00
  -1.1576700e+01  -1.0952400e+01  -1.1309400e+01  -1.0994400e+01  -4.6726000e+00  -4.5008000e+00
  -1.0897800e+01  -1.0349800e+01  -1.0802200e+01  -1.0764700e+01  -4.2090000e+00  -5.1085000e+00
  -1.1240000e+01  -1.0567500e+01  -1.0772700e+01  -1.0517600e+01  -4.4252000e+00  -5.6459000e+00
  -1.1014000e+01  -1.0609900e+01  -1.0647700e+01  -1.0358600e+01  -8.1075000e+00  -7.2660000e+00
  -1.0989000e+01  -1.0453400e+01  -1.0705300e+01  -1.0462900e+01  -7.7021000e+00  -7.6100000e+00
  -1.1097800e+01  -1.0636300e+01  -1.0707100e+01  -1.0489900e+01  -6.1758000e+00  -9.1014000e+00
  -1.1235700e+01  -1.0295600e+01  -1.0622900e+01  -1.0235100e+01  -5.7905000e+00  -9.4088000e+00
  -1.1695900e+01  -1.1144600e+01  -1.1203200e+01  -1.0896300e+01  -4.5413000e+00  -8.6824000e+00
  -1.1526300e+01  -1.0799700e+01  -1.1084600e+01  -1.0812200e+01  -4.3944000e+00  -7.6627000e+00
  -1.1678900e+01  -1.0977700e+01  -1.1300300e+01  -1.1045700e+01  -5.5001000e+00  -7.1345000e+00
  -1.1813400e+01  -1.1278200e+01  -1.1466900e+01  -1.1194300e+01  -7.1491000e+00  -7.1407000e+00
  -1.1776800e+01  -1.1297700e+01  -1.1594900e+01  -1.1413100e+01  -7.2160000e+00  -7.5399000e+00
  -1.2022300e+01  -1.1736200e+01  -1.1925200e+01  -1.1832300e+01  -7.0596000e+00  -7.3791000e+00
  -1.1440100e+01  -1.1174200e+01  -1.1520500e+01  -1.1610100e+01  -7.0460000e+00  -7.2548000e+00
  -1.1819500e+01  -1.1505500e+01  -1.1655400e+01  -1.1616000e+01  -6.9464000e+00  -6.8752000e+00
  -1.1836800e+01  -1.1678100e+01  -1.1842400e+01  -1.1869000e+01  -7.0263000e+00  -6.5168000e+00
  -1.1446200e+01  -1.1101700e+01  -1.1164000e+01  -1.1019900e+01  -7.7400000e+00  -6.2067000e+00
  -1.1121700e+01  -1.0923900e+01  -1.1023100e+01  -1.1041600e+01  -7.7939000e+00  -6.1023000e+00
  -1.0948700e+01  -1.0544100e+01  -1.0720900e+01  -1.0671200e+01  -6.7089000e+00  -5.3083000e+00
  -1.0907000e+01  -1.0782600e+01  -1.1014700e+01  -1.1104100e+01  -6.2479000e+00  -4.8014000e+00
  -1.0980800e+01  -1.0830900e+01  -1.1051700e+01  -1.1102300e+01  -5.7340000e+00  -4.7379000e+00
  -1.1582900e+01  -1.1521700e+01  -1.1559900e+01  -1.1563900e+01  -5.2842000e+00  -5.0832000e+00
  -1.1188200e+01  -1.0929100e+01  -1.1249400e+01  -1.1354300e+01  -5.1864000e+00  -6.2803000e+00
  -1.1087900e+01  -1.0969900e+01  -1.1135200e+01  -1.1219700e+01  -6.9666000e+00  -7.9440000e+00
  -1.1347500e+01  -1.1312900e+01  -1.1339600e+01  -1.1412400e+01  -7.6476000e+00  -8.3016000e+00
  -1.1302800e+01  -1.1371500e+01  -1.1477100e+01  -1.1625500e+01  -7.3846000e+00  -8.1798000e+00
  -1.1189700e+01  -1.1281300e+01  -1.1248100e+01  -1.1292500e+01  -7.7164000e+00  -7.8964000e+00
  -1.1727400e+01  -1.1746800e+01  -1.1615300e+01  -1.1577500e+01  -8.1144000e+00  -7.9019000e+00
  -1.1307500e+01  -1.1564900e+01  -1.1430000e+01  -1.1588700e+01  -7.9132000e+00  -8.1762000e+00
  -1.0856700e+01  -1.1021500e+01  -1.1100200e+01  -1.1297000e+01  -7.9941000e+00  -8.1904000e+00
  -1.0703600e+01  -1.0832000e+01  -1.0850700e+01  -1.0986500e+01  -7.9199000e+00  -8.0795000e+00
  -1.0928300e+01  -1.1073200e+01  -1.0925600e+01  -1.1014700e+01  -8.1468000e+00  -7.9360000e+00
  -1.1157400e+01  -1.1436000e+01  -1.1355200e+01  -1.1546300e+01  -8.0526000e+00  -7.8935000e+00
  -1.0876500e+01  -1.1065200e+01  -1.1236900e+01  -1.1583500e+01  -7.7522000e+00  -7.7869000e+00
  -1.0538900e+01  -1.0537400e+01  -1.0780000e+01  -1.1040900e+01  -7.5615000e+00  -7.2433000e+00
  -1.0339100e+01  -1.0407100e+01  -1.0594700e+01  -1.0816800e+01  -7.3008000e+00  -7.1372000e+00
  -1.0236700e+01  -1.0326600e+01  -1.0415400e+01  -1.0601300e+01  -7.0855000e+00  -6.9907000e+00
  -1.0327100e+01  -1.0283800e+01  -1.0253600e+01  -1.0316600e+01  -6.9207000e+00  -6.9404000e+00
  -1.0439300e+01  -1.0550900e+01  -1.0342700e+01  -1.0395400e+01  -6.6567000e+00  -6.8046000e+00
  -1.0194000e+01  -1.0432900e+01  -1.0257600e+01  -1.0389100e+01  -6.4585000e+00  -6.6323000e+00
  -9.7525000e+00  -1.0040600e+01  -9.9038000e+00  -1.0086000e+01  -6.1341000e+00  -6.4335000e+00
  -9.3273000e+00  -9.5276000e+00  -9.3377000e+00  -9.4285000e+00  -5.8202000e+00  -6.3623000e+00
  -9.1099000e+00  -9.2653000e+00  -9.0149000e+00  -9.0268000e+00  -5.7753000e+00  -6.4163000e+00
  -8.8385000e+00  -9.0561000e+00  -8.7643000e+00  -8.8041000e+00  -6.1007000e+00  -6.4819000e+00
  -8.5325000e+00  -8.7176000e+00  -8.5042000e+00  -8.6016000e+00  -6.4015000e+00  -6.5095000e+00
  -8.4114000e+00  -8.3978000e+00  -8.2503000e+00  -8.2508000e+00  -6.4206000e+00  -6.3198000e+00
  -8.1370000e+00  -7.8968000e+00  -7.8590000e+00  -7.7561000e+00  -6.2649000e+00  -5.9581000e+00
  -7.8706000e+00  -7.4111000e+00  -7.5577000e+00  -7.3563000e+00  -6.1422000e+00  -5.6722000e+00
  -7.6786000e+00  -7.3330000e+00  -7.5146000e+00  -7.3761000e+00  -6.1109000e+00  -5.6867000e+00
  -7.2417000e+00  -7.1054000e+00  -7.2206000e+00  -7.1852000e+00  -5.9896000e+00  -5.6303000e+00
  -6.9529000e+00  -6.8895000e+00  -6.9036000e+00  -6.8986000e+00  -5.7498000e+00  -5.5531000e+00
  -6.5582000e+00  -6.6814000e+00  -6.4887000e+00  -6.4587000e+00  -5.5367000e+00  -5.4181000e+00
  -5.7646000e+00  -6.1594000e+00  -5.7842000e+00  -5.8089000e+00  -5.2072000e+00  -5.1883000e+00
  -5.0557000e+00  -5.4420000e+00  -5.0927000e+00  -5.0883000e+00  -4.9322000e+00  -4.9158000e+00
  -4.5587000e+00  -4.7909000e+00  -4.5541000e+00  -4.5148000e+00  -4.6633000e+00  -4.6571000e+00
  -4.4000000e+00  -4.5526000e+00  -4.4025000e+00  -4.3900000e+00  -4.4439000e+00  -4.4092000e+00
  -4.1266000e+00  -4.5193000e+00  -4.2613000e+00  -4.3080000e+00  -4.3067000e+00  -4.2724000e+00
  -3.5500000e+00  -3.9858000e+00  -3.6741000e+00  -3.7626000e+00  -4.2148000e+00  -4.2530000e+00
  -3.1019000e+00  -3.2477000e+00  -3.0669000e+00  -3.0052000e+00  -4.1626000e+00  -4.1418000e+00
  -2.6903000e+00  -2.6381000e+00  -2.6503000e+00  -2.5799000e+00  -4.0080000e+00  -3.7671000e+00
  -2.1520000e+00  -2.0331000e+00  -2.0846000e+00  -2.0620000e+00  -3.8406000e+00  -2.9951000e+00
  -1.6062000e+00  -1.5919000e+00  -1.5287000e+00  -1.4946000e+00  -3.6031000e+00  -2.2270000e+00
  -9.6240000e-01  -1.0210000e+00  -9.0660000e-01  -8.9780000e-01  -3.0203000e+00  -1.6920000e+00
  -3.0290000e-01  -3.6710000e-01  -2.6030000e-01  -2.7310000e-01  -2.3296000e+00  -1.3177000e+00
   2.9990000e-01   2.0600000e-01   3.2400000e-01   3.1040000e-01  -1.7024000e+00  -1.0429000e+00
   9.6140000e-01   6.7200000e-01   9.2800000e-01   8.9940000e-01  -1.1591000e+00  -7.6020000e-01
   1.5021000e+00   1.1116000e+00   1.4628000e+00   1.4557000e+00  -6.7710000e-01  -4.7150000e-01
   1.8821000e+00   1.5516000e+00   1.8564000e+00   1.8729000e+00  -2.2140000e-01  -1.9200000e-01
   2.1199000e+00   1.9112000e+00   2.1620000e+00   2.2206000e+00   2.0490000e-01   1.3470000e-01
   2.3875000e+00   2.2277000e+00   2.4332000e+00   2.5108000e+00   5.2660000e-01   4.4010000e-01
   2.7039000e+00   2.4824000e+00   2.6471000e+00   2.6799000e+00   8.3530000e-01   7.3800000e-01
   3.0268000e+00   2.8108000e+00   2.9285000e+00   2.9295000e+00   1.1587000e+00   1.0467000e+00
   2.9339000e+00   2.9252000e+00   3.0491000e+00   3.1282000e+00   1.4575000e+00   1.2850000e+00
   2.6209000e+00   2.7429000e+00   2.8970000e+00   3.0811000e+00   1.4801000e+00   1.2322000e+00
   2.4978000e+00   2.6308000e+00   2.7764000e+00   2.9431000e+00   1.3756000e+00   1.2656000e+00
   2.5297000e+00   2.6369000e+00   2.7944000e+00   2.9802000e+00   1.4580000e+00   1.4760000e+00
   2.4518000e+00   2.5296000e+00   2.7256000e+00   2.9207000e+00   1.9172000e+00   1.9887000e+00
   2.2972000e+00   2.3552000e+00   2.5780000e+00   2.7828000e+00   2.2544000e+00   2.3510000e+00
   2.1474000e+00   2.1139000e+00   2.4015000e+00   2.6290000e+00   2.6189000e+00   2.7276000e+00
   1.9305000e+00   1.7085000e+00   2.1221000e+00   2.3842000e+00   2.9259000e+00   3.1066000e+00
   1.5007000e+00   1.0942000e+00   1.6402000e+00   1.9142000e+00   3.0574000e+00   3.3279000e+00
   6.9480000e-01   3.7630000e-01   9.6950000e-01   1.3060000e+00   3.0658000e+00   3.4836000e+00
  -2.0880000e-01   4.9200000e-02   4.6050000e-01   8.8190000e-01   3.0410000e+00   3.5631000e+00
  -7.1740000e-01  -5.2800000e-02   1.6880000e-01   6.8420000e-01   2.9868000e+00   3.5503000e+00
  -9.0420000e-01  -7.9700000e-02   7.3000000e-02   5.2490000e-01   3.0107000e+00   3.5498000e+00
  -1.1985000e+00  -1.5290000e-01  -6.7700000e-02   3.7000000e-01   3.1070000e+00   3.5525000e+00
  -1.4740000e+00  -2.8990000e-01  -2.7140000e-01   2.2480000e-01   3.2149000e+00   3.5329000e+00
  -1.5672000e+00  -5.1450000e-01  -5.4610000e-01  -9.4900000e-02   3.3277000e+00   3.5958000e+00
  -1.5710000e+00  -6.8070000e-01  -5.7210000e-01  -1.9870000e-01   3.3779000e+00   3.6212000e+00
  -2.0934000e+00  -4.1360000e-01  -9.0580000e-01  -1.7770000e-01   3.5029000e+00   3.6753000e+00
  -1.7172000e+00  -4.2570000e-01  -9.6960000e-01  -5.7390000e-01   3.5785000e+00   3.7473000e+00
  -1.5946000e+00  -1.9880000e-01  -9.8090000e-01  -5.9800000e-01   3.5795000e+00   3.7570000e+00
  -1.4320000e+00  -3.4390000e-01  -9.8420000e-01  -6.4130000e-01   3.5572000e+00   3.7739000e+00
  -1.3902000e+00  -3.1180000e-01  -8.9970000e-01  -6.8730000e-01   3.4966000e+00   3.7717000e+00
  -1.5964000e+00  -4.6290000e-01  -9.4100000e-01  -5.8380000e-01   3.4214000e+00   3.6530000e+00
  -1.7548000e+00  -6.6790000e-01  -1.0601000e+00  -7.2980000e-01   3.3243000e+00   3.5126000e+00
  -1.9523000e+00  -9.9340000e-01  -1.2161000e+00  -8.7910000e-01   3.2117000e+00   3.3480000e+00
  -2.0427000e+00  -1.2187000e+00  -1.4568000e+00  -1.1327000e+00   3.1501000e+00   3.2280000e+00
  -2.2636000e+00  -1.5591000e+00  -1.7328000e+00  -1.4156000e+00   2.9927000e+00   2.9787000e+00
  -2.3152000e+00  -1.7092000e+00  -1.9108000e+00  -1.6993000e+00   2.7561000e+00   2.6309000e+00
  -2.5112000e+00  -1.9060000e+00  -2.0076000e+00  -1.7510000e+00   2.3965000e+00   2.8599000e+00
  -2.6757000e+00  -2.0953000e+00  -2.1517000e+00  -1.8968000e+00   2.5848000e+00   3.4759000e+00
  -2.8282000e+00  -2.2361000e+00  -2.2665000e+00  -1.9881000e+00   2.4894000e+00   3.8761000e+00
  -3.2393000e+00  -2.6132000e+00  -2.6859000e+00  -2.3981000e+00   2.3863000e+00   3.8891000e+00
  -3.2976000e+00  -2.9382000e+00  -3.0129000e+00  -2.8790000e+00   2.8030000e+00   3.4688000e+00
  -3.5154000e+00  -3.0069000e+00  -3.1571000e+00  -3.0734000e+00   3.1559000e+00   2.1190000e+00
  -3.9515000e+00  -3.4326000e+00  -3.5653000e+00  -3.3882000e+00   3.4505000e+00   2.1058000e+00
  -3.9213000e+00  -3.6508000e+00  -3.6846000e+00  -3.5938000e+00   3.1882000e+00   2.3199000e+00
  -3.7674000e+00  -3.4751000e+00  -3.5300000e+00  -3.4470000e+00   1.8021000e+00   2.4383000e+00
  -3.9587000e+00  -3.7651000e+00  -3.7637000e+00  -3.6175000e+00   1.6301000e+00   2.7699000e+00
  -3.9140000e+00  -3.8510000e+00  -3.8038000e+00  -3.7441000e+00   1.8185000e+00   3.4635000e+00
  -3.8180000e+00  -3.6862000e+00  -3.7451000e+00  -3.6969000e+00   1.5559000e+00   3.4229000e+00
  -3.9154000e+00  -3.6429000e+00  -3.6900000e+00  -3.5678000e+00   1.4711000e+00   2.2034000e+00
  -4.1592000e+00  -4.0417000e+00  -3.9485000e+00  -3.7951000e+00   1.6757000e+00   8.2220000e-01
  -4.1647000e+00  -4.1912000e+00  -4.0626000e+00  -3.9717000e+00   1.9228000e+00   9.6500000e-02
  -4.2584000e+00  -4.3277000e+00  -4.2630000e+00  -4.2179000e+00   1.7981000e+00  -2.3610000e-01
  -4.3173000e+00  -4.3211000e+00  -4.3302000e+00  -4.3210000e+00   1.3089000e+00  -5.3130000e-01
  -3.8848000e+00  -4.0093000e+00  -4.0358000e+00  -4.0573000e+00   6.4670000e-01  -6.8700000e-01
  -3.9416000e+00  -3.8301000e+00  -3.8575000e+00  -3.8414000e+00  -4.2630000e-01  -8.0380000e-01
  -4.3932000e+00  -4.2445000e+00  -4.1687000e+00  -4.0184000e+00  -1.5882000e+00  -8.9180000e-01
  -4.0824000e+00  -4.2569000e+00  -4.3292000e+00  -4.3828000e+00  -2.0337000e+00  -8.5970000e-01
  -3.9265000e+00  -3.8175000e+00  -3.9221000e+00  -3.9560000e+00  -2.0389000e+00  -8.5750000e-01
  -4.1720000e+00  -4.0017000e+00  -4.0363000e+00  -3.9145000e+00  -1.7838000e+00  -1.1356000e+00
  -4.2200000e+00  -4.0924000e+00  -4.0620000e+00  -3.9362000e+00  -1.4224000e+00  -1.5610000e+00
  -4.1899000e+00  -3.9731000e+00  -4.0173000e+00  -3.8746000e+00  -1.3575000e+00  -1.7025000e+00
  -4.2163000e+00  -4.0387000e+00  -4.1442000e+00  -4.0891000e+00  -1.7601000e+00  -1.7522000e+00
  -3.9428000e+00  -3.7470000e+00  -3.9034000e+00  -3.8716000e+00  -2.2027000e+00  -1.6125000e+00
  -3.8712000e+00  -3.6801000e+00  -3.6897000e+00  -3.5947000e+00  -2.4010000e+00  -1.5463000e+00
  -3.7772000e+00  -3.5807000e+00  -3.5613000e+00  -3.4040000e+00  -2.4768000e+00  -1.5893000e+00
  -3.4852000e+00  -3.2613000e+00  -3.3011000e+00  -3.1742000e+00  -2.4181000e+00  -1.5025000e+00
  -3.0664000e+00  -2.7561000e+00  -2.9262000e+00  -2.7897000e+00  -2.1050000e+00  -1.2527000e+00
  -2.6754000e+00  -2.5979000e+00  -2.6644000e+00  -2.5985000e+00  -1.9696000e+00  -1.1212000e+00
  -2.2103000e+00  -2.1236000e+00  -2.0499000e+00  -2.0382000e+00  -2.4103000e+00  -1.2730000e+00
  -2.0107000e+00  -1.6392000e+00  -1.6131000e+00  -1.3458000e+00  -3.9278000e+00  -1.7549000e+00
  -1.6198000e+00  -1.5453000e+00  -1.5731000e+00  -1.4307000e+00  -5.4051000e+00  -2.3228000e+00
  -1.3547000e+00  -1.1746000e+00  -1.1868000e+00  -1.1484000e+00  -6.2481000e+00  -2.6913000e+00
  -1.2013000e+00  -9.8120000e-01  -9.9650000e-01  -8.2400000e-01  -6.2932000e+00  -3.0353000e+00
  -1.1286000e+00  -8.9430000e-01  -9.1100000e-01  -7.5960000e-01  -5.9010000e+00  -3.3898000e+00
  -1.1594000e+00  -9.5430000e-01  -9.4330000e-01  -7.7260000e-01  -5.6727000e+00  -3.5774000e+00
  -1.1185000e+00  -1.0265000e+00  -1.0611000e+00  -9.8930000e-01  -5.3536000e+00  -3.7410000e+00
  -1.1445000e+00  -9.4310000e-01  -1.0148000e+00  -9.6250000e-01  -5.0848000e+00  -3.7327000e+00
  -1.2816000e+00  -1.1177000e+00  -1.1145000e+00  -9.9570000e-01  -4.7336000e+00  -3.2831000e+00
  -1.1764000e+00  -1.2177000e+00  -1.1568000e+00  -1.1452000e+00  -4.3775000e+00  -2.8128000e+00
  -1.1398000e+00  -9.9110000e-01  -1.0149000e+00  -9.6650000e-01  -3.9520000e+00  -2.3582000e+00
  -1.1590000e+00  -9.5370000e-01  -9.8810000e-01  -8.8720000e-01  -3.1009000e+00  -1.8811000e+00
  -1.1510000e+00  -1.0389000e+00  -1.0237000e+00  -9.4150000e-01  -2.4997000e+00  -1.4535000e+00
  -1.1208000e+00  -1.0167000e+00  -1.0240000e+00  -9.8880000e-01  -2.2848000e+00  -1.3493000e+00
  -9.2890000e-01  -8.6170000e-01  -8.4970000e-01  -8.1980000e-01  -1.9704000e+00  -1.1313000e+00
  -8.4170000e-01  -7.2210000e-01  -7.3030000e-01  -6.6380000e-01  -1.6661000e+00  -8.9710000e-01
  -7.4010000e-01  -6.7860000e-01  -6.8000000e-01  -6.5720000e-01  -1.3941000e+00  -6.5750000e-01
  -6.7460000e-01  -5.9620000e-01  -5.6520000e-01  -5.3910000e-01  -1.1222000e+00  -4.0590000e-01
  -6.6610000e-01  -5.7870000e-01  -5.7110000e-01  -5.3100000e-01  -8.4950000e-01  -1.5640000e-01
  -5.4420000e-01  -4.8450000e-01  -4.8570000e-01  -4.6290000e-01  -6.2540000e-01   2.3500000e-02
  -5.4650000e-01  -4.9680000e-01  -4.8370000e-01  -4.6680000e-01  -4.8500000e-01   9.2100000e-02
  -6.6470000e-01  -6.1920000e-01  -6.0110000e-01  -5.8450000e-01  -3.1000000e-01   1.3110000e-01
  -7.6680000e-01  -7.0570000e-01  -7.1900000e-01  -7.0500000e-01  -8.2700000e-02   2.1360000e-01
  -8.5220000e-01  -7.6690000e-01  -8.2560000e-01  -8.2300000e-01   2.3480000e-01   2.5900000e-01
  -8.8390000e-01  -8.7440000e-01  -9.1390000e-01  -9.4760000e-01   6.5890000e-01   2.7360000e-01
  -8.8120000e-01  -9.1120000e-01  -9.1760000e-01  -9.6880000e-01   1.0167000e+00   3.3590000e-01
  -9.9050000e-01  -9.7190000e-01  -9.6690000e-01  -9.8410000e-01   1.2247000e+00   3.9470000e-01
  -1.1292000e+00  -1.1002000e+00  -1.0836000e+00  -1.0796000e+00   1.3051000e+00   5.2960000e-01
  -1.1972000e+00  -1.2032000e+00  -1.1795000e+00  -1.1865000e+00   1.2553000e+00   7.3920000e-01
  -1.1733000e+00  -1.2098000e+00  -1.1704000e+00  -1.1910000e+00   1.0720000e+00   1.0581000e+00
  -1.1450000e+00  -1.1730000e+00  -1.1385000e+00  -1.1626000e+00   7.5470000e-01   1.1097000e+00
  -1.2305000e+00  -1.1693000e+00  -1.1714000e+00  -1.1600000e+00   5.4920000e-01   9.1600000e-01
  -1.1421000e+00  -1.1398000e+00  -1.1235000e+00  -1.1220000e+00   4.6770000e-01   4.2990000e-01
  -1.0330000e+00  -1.0860000e+00  -1.0415000e+00  -1.0667000e+00   6.1340000e-01   1.5430000e-01
  -9.2790000e-01  -9.7500000e-01  -9.3510000e-01  -9.5560000e-01   7.1320000e-01   2.8780000e-01
  -7.3330000e-01  -8.3710000e-01  -7.9690000e-01  -8.5350000e-01   6.6000000e-01   6.0280000e-01
  -5.1700000e-01  -6.3640000e-01  -5.9730000e-01  -6.6360000e-01   6.8990000e-01   8.1370000e-01
  -4.1420000e-01  -4.8450000e-01  -4.3530000e-01  -4.6170000e-01   6.2140000e-01   7.5610000e-01
  -3.0740000e-01  -3.6350000e-01  -3.2200000e-01  -3.4460000e-01   4.5200000e-01   5.5060000e-01
  -1.9310000e-01  -2.8040000e-01  -2.2810000e-01  -2.7970000e-01   2.7900000e-01   4.1030000e-01
  -5.2200000e-02  -1.8200000e-01  -9.8700000e-02  -1.7490000e-01   1.8970000e-01   4.5080000e-01
   9.9600000e-02  -6.9100000e-02   3.8000000e-02  -4.4200000e-02   2.5150000e-01   6.7770000e-01
   2.4630000e-01   3.6600000e-02   1.5250000e-01   5.6500000e-02   3.6630000e-01   7.7290000e-01
   3.9910000e-01   1.7440000e-01   2.9990000e-01   1.8570000e-01   4.4270000e-01   9.2730000e-01
   4.6020000e-01   3.0280000e-01   4.1290000e-01   3.0680000e-01   6.4520000e-01   1.1606000e+00
   4.3170000e-01   3.2970000e-01   4.6620000e-01   4.0750000e-01   7.3770000e-01   1.3857000e+00
   3.4120000e-01   2.3250000e-01   4.4030000e-01   4.2250000e-01   1.0892000e+00   1.6317000e+00
   1.3420000e-01   1.8500000e-02   2.7370000e-01   2.8660000e-01   1.4232000e+00   1.8029000e+00
  -4.6500000e-02  -1.3100000e-01   1.1220000e-01   1.5160000e-01   1.2959000e+00   2.0431000e+00
  -2.9490000e-01  -3.4350000e-01  -8.8400000e-02  -2.0700000e-02   1.7178000e+00   2.1963000e+00
  -7.2390000e-01  -7.5470000e-01  -4.5500000e-01  -3.3040000e-01   1.5911000e+00   2.3917000e+00
  -1.3645000e+00  -1.2106000e+00  -9.3970000e-01  -7.5430000e-01   2.1547000e+00   2.6617000e+00
  -1.9753000e+00  -1.7874000e+00  -1.4520000e+00  -1.2448000e+00   2.0206000e+00   2.8670000e+00
  -2.2856000e+00  -2.2257000e+00  -2.0020000e+00  -1.8665000e+00   2.3078000e+00   3.0545000e+00
  -2.9458000e+00  -2.5118000e+00  -2.4082000e+00  -2.2960000e+00   2.2606000e+00   3.0274000e+00
  -3.6000000e+00  -4.0026000e+00  -3.3815000e+00  -3.2021000e+00   2.8306000e+00   2.8964000e+00
  -4.5017000e+00  -3.9031000e+00  -3.8084000e+00  -3.6884000e+00   2.9493000e+00   2.8484000e+00
  -4.2119000e+00  -3.8626000e+00  -4.0434000e+00  -3.8180000e+00   1.8469000e+00   2.5097000e+00
  -3.8791000e+00  -3.9365000e+00  -3.8982000e+00  -3.8484000e+00   3.3445000e+00   1.8404000e+00
  -4.2829000e+00  -3.8932000e+00  -4.1865000e+00  -4.0917000e+00   2.7224000e+00   1.8567000e+00
  -4.6556000e+00  -4.4521000e+00  -4.6297000e+00  -4.5412000e+00   4.0170000e-01   2.3629000e+00
  -4.8782000e+00  -4.4793000e+00  -4.8455000e+00  -4.7927000e+00   1.4171000e+00   1.3930000e+00
  -5.1361000e+00  -5.0490000e+00  -5.0986000e+00  -4.9942000e+00   1.1207000e+00   3.7000000e-03
  -5.4889000e+00  -5.4705000e+00  -5.4336000e+00  -5.3495000e+00   2.0883000e+00   5.0180000e-01
  -5.5396000e+00  -5.6687000e+00  -5.6134000e+00  -5.5743000e+00   4.5429000e+00   3.8320000e-01
  -5.5939000e+00  -5.7437000e+00  -5.8593000e+00  -5.8819000e+00   4.8050000e-01   5.7530000e-01
  -6.3337000e+00  -6.3402000e+00  -6.3247000e+00  -6.3030000e+00  -4.0070000e-01  -6.7230000e-01
  -7.0092000e+00  -6.9097000e+00  -6.9638000e+00  -6.9043000e+00  -1.2210000e-01  -6.1440000e-01
  -7.2264000e+00  -7.2381000e+00  -7.3297000e+00  -7.3203000e+00   1.0600000e-01  -2.3810000e-01
  -7.3581000e+00  -7.4116000e+00  -7.3994000e+00  -7.4003000e+00   2.3710000e-01   1.5597000e+00
  -7.4462000e+00  -7.2622000e+00  -7.3785000e+00  -7.3208000e+00   6.8040000e-01   4.6860000e-01
  -7.6390000e+00  -7.9424000e+00  -7.8427000e+00  -7.8946000e+00   7.6250000e-01   4.4630000e-01
  -7.0442000e+00  -7.3029000e+00  -7.3551000e+00  -7.5255000e+00   6.1690000e-01  -4.0420000e-01
  -7.3973000e+00  -7.4344000e+00  -7.4740000e+00  -7.4572000e+00   6.9200000e-01  -2.1830000e-01
  -6.7764000e+00  -6.7367000e+00  -7.0790000e+00  -7.1928000e+00   7.7680000e-01  -6.8000000e-02
  -6.9723000e+00  -6.3335000e+00  -6.7163000e+00  -6.5808000e+00   8.7980000e-01   9.7600000e-02
  -7.1717000e+00  -7.2270000e+00  -7.0615000e+00  -7.0518000e+00  -5.7950000e-01   6.4200000e-02
  -7.1780000e+00  -7.0731000e+00  -7.1320000e+00  -7.0214000e+00  -1.9833000e+00  -5.6020000e-01
  -6.5297000e+00  -6.6606000e+00  -6.5395000e+00  -6.6999000e+00  -2.1472000e+00   1.0900000e-02
  -6.5025000e+00  -6.6636000e+00  -6.6095000e+00  -6.7230000e+00  -2.2542000e+00   3.3720000e-01
  -6.9828000e+00  -6.6862000e+00  -6.7391000e+00  -6.7291000e+00  -2.2730000e+00  -5.1520000e-01
  -7.1864000e+00  -7.0953000e+00  -7.0411000e+00  -7.0287000e+00  -2.1097000e+00  -9.2910000e-01
  -6.8556000e+00  -6.8801000e+00  -6.7220000e+00  -6.7276000e+00  -2.0981000e+00  -1.3710000e+00
  -6.7957000e+00  -7.1285000e+00  -6.8263000e+00  -6.8846000e+00  -1.8111000e+00  -1.0653000e+00
  -6.1833000e+00  -6.5293000e+00  -6.2950000e+00  -6.4970000e+00  -2.7465000e+00  -1.4274000e+00
  -5.6547000e+00  -6.2106000e+00  -5.7887000e+00  -5.9292000e+00  -3.7347000e+00  -1.9432000e+00
  -5.5454000e+00  -5.8878000e+00  -5.4889000e+00  -5.4242000e+00  -3.5390000e+00  -2.3906000e+00
  -5.1442000e+00  -5.5701000e+00  -5.2626000e+00  -5.3841000e+00  -3.0195000e+00  -2.9391000e+00
  -4.4581000e+00  -4.8632000e+00  -4.6834000e+00  -4.7547000e+00  -2.8811000e+00  -3.0702000e+00
  -4.2127000e+00  -4.4280000e+00  -4.3765000e+00  -4.4397000e+00  -3.6365000e+00  -2.7799000e+00
  -3.6380000e+00  -3.7178000e+00  -3.8043000e+00  -3.8665000e+00  -4.3328000e+00  -3.0272000e+00
  -3.8910000e+00  -4.0945000e+00  -4.0160000e+00  -4.0367000e+00  -3.4666000e+00  -3.8364000e+00
  -3.7212000e+00  -3.7048000e+00  -3.8010000e+00  -3.8214000e+00  -3.3197000e+00  -5.6295000e+00
  -4.1341000e+00  -4.1031000e+00  -4.1002000e+00  -3.9989000e+00  -4.0000000e+00  -6.5528000e+00
  -3.2898000e+00  -3.4383000e+00  -3.4006000e+00  -3.5247000e+00  -4.2719000e+00  -5.7312000e+00
  -3.9063000e+00  -3.4550000e+00  -3.5795000e+00  -3.3848000e+00  -4.8806000e+00  -5.4833000e+00
  -4.3194000e+00  -4.2844000e+00  -4.2233000e+00  -4.1303000e+00  -4.8546000e+00  -5.8395000e+00
  -3.6711000e+00  -3.8763000e+00  -3.7918000e+00  -3.8027000e+00  -6.5828000e+00  -6.2645000e+00
  -3.2526000e+00  -3.4708000e+00  -3.2978000e+00  -3.3540000e+00  -5.9885000e+00  -6.6259000e+00
  -3.0497000e+00  -3.1524000e+00  -3.1289000e+00  -3.1222000e+00  -6.0099000e+00  -5.7237000e+00
  -3.2012000e+00  -3.0289000e+00  -3.1742000e+00  -3.1686000e+00  -6.7704000e+00  -5.9600000e+00
  -3.2296000e+00  -3.0894000e+00  -3.1808000e+00  -3.1961000e+00  -6.4421000e+00  -5.7229000e+00
  -3.5341000e+00  -3.3257000e+00  -3.3759000e+00  -3.2976000e+00  -5.9747000e+00  -5.6849000e+00
  -2.9793000e+00  -3.0449000e+00  -3.0390000e+00  -3.0822000e+00  -5.7863000e+00  -5.0745000e+00
  -2.2578000e+00  -2.1318000e+00  -2.2484000e+00  -2.2859000e+00  -5.3852000e+00  -4.6757000e+00
