   3.4028000e+00   3.4004000e+00   3.3650000e+00   3.3345000e+00   5.5905000e+00   5.4791000e+00
   3.4136000e+00   3.4206000e+00   3.4001000e+00   3.3832000e+00   5.4583000e+00   5.4724000e+00
   3.6379000e+00   3.6172000e+00   3.6215000e+00   3.6063000e+00   5.4718000e+00   5.6234000e+00
   3.7048000e+00   3.7057000e+00   3.6920000e+00   3.6821000e+00   5.3062000e+00   5.6506000e+00
   3.6800000e+00   3.6695000e+00   3.6536000e+00   3.6337000e+00   5.3660000e+00   5.7729000e+00
   3.6540000e+00   3.6231000e+00   3.6264000e+00   3.6015000e+00   5.4065000e+00   5.9745000e+00
   3.6581000e+00   3.6169000e+00   3.6393000e+00   3.6162000e+00   5.5549000e+00   6.0596000e+00
   3.6457000e+00   3.6212000e+00   3.6336000e+00   3.6105000e+00   5.4078000e+00   6.0178000e+00
   3.7961000e+00   3.7565000e+00   3.7944000e+00   3.7719000e+00   5.5592000e+00   5.9838000e+00
   3.9926000e+00   3.9506000e+00   3.9859000e+00   3.9619000e+00   5.5900000e+00   6.0190000e+00
   4.2156000e+00   4.1959000e+00   4.2061000e+00   4.1862000e+00   5.7740000e+00   6.2093000e+00
   4.2169000e+00   4.2040000e+00   4.2079000e+00   4.1880000e+00   5.9837000e+00   6.4072000e+00
   4.1545000e+00   4.1721000e+00   4.1773000e+00   4.1752000e+00   6.2264000e+00   6.5220000e+00
   3.9659000e+00   3.9640000e+00   3.9824000e+00   3.9627000e+00   6.5081000e+00   6.8349000e+00
   3.9445000e+00   3.9341000e+00   3.9500000e+00   3.9197000e+00   6.7902000e+00   7.1930000e+00
   4.0892000e+00   4.0398000e+00   4.1005000e+00   4.0714000e+00   7.0129000e+00   7.4591000e+00
   4.5057000e+00   4.4253000e+00   4.4790000e+00   4.4381000e+00   7.2841000e+00   7.9366000e+00
   4.8897000e+00   4.8183000e+00   4.8530000e+00   4.8108000e+00   7.8392000e+00   8.4209000e+00
   5.2861000e+00   5.1460000e+00   5.2433000e+00   5.1999000e+00   8.3440000e+00   8.3576000e+00
   5.6555000e+00   5.6022000e+00   5.6414000e+00   5.6249000e+00   8.1992000e+00   7.9244000e+00
   5.6781000e+00   5.5793000e+00   5.6603000e+00   5.6192000e+00   7.5696000e+00   7.4805000e+00
   6.2444000e+00   6.0155000e+00   6.1852000e+00   6.1470000e+00   6.7823000e+00   6.9873000e+00
   6.3644000e+00   6.4706000e+00   6.3857000e+00   6.4126000e+00   6.4089000e+00   7.1216000e+00
   6.1431000e+00   6.2537000e+00   6.1592000e+00   6.2367000e+00   5.9605000e+00   6.4824000e+00
   5.5700000e+00   5.9197000e+00   5.5828000e+00   5.7653000e+00   5.4313000e+00   5.7123000e+00
   4.9516000e+00   5.2891000e+00   4.9726000e+00   5.2044000e+00   5.1263000e+00   5.2815000e+00
   4.6730000e+00   4.9160000e+00   4.6537000e+00   4.9006000e+00   5.1309000e+00   5.0621000e+00
   4.5603000e+00   4.6877000e+00   4.5168000e+00   4.8053000e+00   5.4223000e+00   5.2791000e+00
   4.4143000e+00   4.4586000e+00   4.3977000e+00   4.7548000e+00   5.2712000e+00   5.3507000e+00
   4.1008000e+00   4.1349000e+00   4.1190000e+00   4.5030000e+00   5.0295000e+00   5.2781000e+00
   3.8749000e+00   3.9456000e+00   3.8972000e+00   4.3030000e+00   4.9378000e+00   5.2743000e+00
   3.6766000e+00   3.7760000e+00   3.6849000e+00   4.1306000e+00   5.1793000e+00   5.3231000e+00
   3.4362000e+00   3.5033000e+00   3.4778000e+00   3.9881000e+00   5.3706000e+00   5.3446000e+00
   3.2684000e+00   3.3184000e+00   3.4194000e+00   4.0027000e+00   5.4426000e+00   5.3912000e+00
   3.1477000e+00   3.2985000e+00   3.4271000e+00   3.9866000e+00   5.4702000e+00   5.4149000e+00
   3.0126000e+00   3.3211000e+00   3.4067000e+00   3.8211000e+00   5.5189000e+00   5.4054000e+00
   3.0090000e+00   3.4039000e+00   3.4205000e+00   3.6178000e+00   5.5604000e+00   5.3133000e+00
   3.2114000e+00   3.5576000e+00   3.5060000e+00   3.4816000e+00   5.4937000e+00   5.1804000e+00
   3.5221000e+00   3.7107000e+00   3.6224000e+00   3.4539000e+00   5.3296000e+00   5.0346000e+00
   3.8251000e+00   3.8498000e+00   3.7530000e+00   3.5516000e+00   5.1309000e+00   4.8953000e+00
   4.1136000e+00   3.9727000e+00   3.8942000e+00   3.7609000e+00   4.8984000e+00   4.7472000e+00
   4.3012000e+00   4.1240000e+00   4.0793000e+00   4.0656000e+00   4.6934000e+00   4.5894000e+00
   4.4726000e+00   4.3961000e+00   4.3425000e+00   4.3981000e+00   4.5310000e+00   4.4798000e+00
   4.6941000e+00   4.7014000e+00   4.6300000e+00   4.7234000e+00   4.4433000e+00   4.3988000e+00
   4.9308000e+00   4.9935000e+00   4.9186000e+00   5.0588000e+00   4.3614000e+00   4.3260000e+00
   5.1821000e+00   5.2667000e+00   5.2098000e+00   5.4090000e+00   4.2631000e+00   4.2489000e+00
   5.4454000e+00   5.5517000e+00   5.5378000e+00   5.7613000e+00   4.1442000e+00   4.1470000e+00
   5.6755000e+00   5.7579000e+00   5.7676000e+00   5.9474000e+00   4.0079000e+00   4.0210000e+00
   5.8364000e+00   5.8380000e+00   5.8715000e+00   6.0042000e+00   3.8801000e+00   3.8894000e+00
   5.9260000e+00   5.8516000e+00   5.9096000e+00   6.0069000e+00   3.7826000e+00   3.7377000e+00
   6.0210000e+00   5.8684000e+00   5.9576000e+00   6.0421000e+00   3.6942000e+00   3.5924000e+00
   6.1664000e+00   5.9375000e+00   6.0555000e+00   6.1285000e+00   3.5924000e+00   3.4463000e+00
   6.2854000e+00   6.0419000e+00   6.1823000e+00   6.2285000e+00   3.5078000e+00   3.3274000e+00
   6.4072000e+00   6.1526000e+00   6.2988000e+00   6.3212000e+00   3.3965000e+00   3.2628000e+00
   6.5427000e+00   6.2672000e+00   6.4065000e+00   6.3963000e+00   3.2761000e+00   3.1861000e+00
   6.7084000e+00   6.4011000e+00   6.5505000e+00   6.5102000e+00   3.1055000e+00   3.1393000e+00
   6.9253000e+00   6.5811000e+00   6.7275000e+00   6.6473000e+00   2.9751000e+00   3.1594000e+00
   7.1280000e+00   6.7640000e+00   6.8809000e+00   6.7742000e+00   2.9050000e+00   3.1765000e+00
   7.2553000e+00   6.8837000e+00   6.9502000e+00   6.8235000e+00   2.8669000e+00   3.2122000e+00
   7.2895000e+00   6.9208000e+00   6.9395000e+00   6.8030000e+00   2.9400000e+00   3.3332000e+00
   7.2367000e+00   6.9029000e+00   6.8804000e+00   6.7377000e+00   3.0921000e+00   3.5690000e+00
   7.1564000e+00   6.8757000e+00   6.8188000e+00   6.6799000e+00   3.3144000e+00   3.9110000e+00
   7.0896000e+00   6.8734000e+00   6.7975000e+00   6.6774000e+00   3.7324000e+00   4.3453000e+00
   7.1215000e+00   6.9869000e+00   6.8892000e+00   6.7882000e+00   4.2144000e+00   4.6083000e+00
   7.2336000e+00   7.1880000e+00   7.0653000e+00   7.0048000e+00   4.7306000e+00   4.8284000e+00
   7.2772000e+00   7.3112000e+00   7.1327000e+00   7.0908000e+00   5.1403000e+00   4.7683000e+00
   7.3147000e+00   7.3794000e+00   7.2083000e+00   7.1825000e+00   5.3821000e+00   4.5919000e+00
   7.5161000e+00   7.5544000e+00   7.4285000e+00   7.4321000e+00   5.3378000e+00   4.3899000e+00
   7.7590000e+00   7.8694000e+00   7.7844000e+00   7.8899000e+00   5.0440000e+00   4.1410000e+00
   7.9255000e+00   8.1843000e+00   7.9834000e+00   8.0844000e+00   4.4984000e+00   3.9130000e+00
   7.6848000e+00   8.0218000e+00   7.7747000e+00   7.8511000e+00   4.2853000e+00   3.9341000e+00
   7.3605000e+00   7.6660000e+00   7.4490000e+00   7.4703000e+00   4.6271000e+00   4.9800000e+00
   7.3129000e+00   7.4857000e+00   7.3904000e+00   7.3912000e+00   5.1811000e+00   7.3924000e+00
   7.5105000e+00   7.6383000e+00   7.5602000e+00   7.5603000e+00   6.3646000e+00   9.0997000e+00
   7.5994000e+00   7.7544000e+00   7.6286000e+00   7.6346000e+00   8.6117000e+00   9.5846000e+00
   7.6010000e+00   7.6921000e+00   7.6145000e+00   7.6157000e+00   9.6490000e+00   1.0053600e+01
   7.7346000e+00   7.7315000e+00   7.7414000e+00   7.7382000e+00   1.0034500e+01   1.0226400e+01
   8.0699000e+00   7.9761000e+00   8.0594000e+00   8.0570000e+00   1.0321600e+01   1.0298200e+01
   8.4733000e+00   8.3373000e+00   8.4247000e+00   8.4062000e+00   1.0463500e+01   1.0350100e+01
   8.5355000e+00   8.5515000e+00   8.5346000e+00   8.5493000e+00   1.0514200e+01   1.0115500e+01
   8.1558000e+00   8.2501000e+00   8.2042000e+00   8.2041000e+00   1.0306000e+01   9.9035000e+00
   8.0272000e+00   7.9956000e+00   8.0275000e+00   7.9863000e+00   9.9075000e+00   9.8926000e+00
   8.0212000e+00   7.9412000e+00   7.9570000e+00   7.8884000e+00   9.8953000e+00   9.7017000e+00
   8.0295000e+00   7.8488000e+00   7.8950000e+00   7.7871000e+00   9.7477000e+00   9.4343000e+00
   7.9653000e+00   7.7801000e+00   7.8092000e+00   7.6746000e+00   9.3827000e+00   9.2595000e+00
   7.7390000e+00   7.5912000e+00   7.5928000e+00   7.4382000e+00   9.0975000e+00   9.1905000e+00
   7.5413000e+00   7.3848000e+00   7.4021000e+00   7.2701000e+00   8.9784000e+00   9.0639000e+00
   7.3697000e+00   7.2161000e+00   7.2295000e+00   7.0963000e+00   8.8519000e+00   8.9347000e+00
   7.1768000e+00   7.0291000e+00   7.0540000e+00   6.9213000e+00   8.6707000e+00   8.8225000e+00
   7.1283000e+00   6.9488000e+00   7.0127000e+00   6.8743000e+00   8.5888000e+00   8.6375000e+00
   7.1581000e+00   6.9512000e+00   7.0192000e+00   6.8579000e+00   8.4395000e+00   8.5811000e+00
   7.0314000e+00   6.8369000e+00   6.8978000e+00   6.7484000e+00   8.3435000e+00   8.5952000e+00
   6.7359000e+00   6.5769000e+00   6.6320000e+00   6.4788000e+00   8.3329000e+00   8.6039000e+00
   6.5130000e+00   6.3245000e+00   6.3953000e+00   6.2513000e+00   8.4190000e+00   8.5782000e+00
   6.3006000e+00   6.0924000e+00   6.1702000e+00   6.0230000e+00   8.3961000e+00   8.4595000e+00
   6.1332000e+00   5.8535000e+00   5.9691000e+00   5.8045000e+00   8.1608000e+00   8.3478000e+00
   6.1502000e+00   5.8555000e+00   5.9694000e+00   5.8076000e+00   7.9096000e+00   8.2611000e+00
   5.9794000e+00   5.7823000e+00   5.8284000e+00   5.6913000e+00   7.7935000e+00   8.1852000e+00
   5.6483000e+00   5.5009000e+00   5.5023000e+00   5.3736000e+00   7.7207000e+00   8.0169000e+00
   5.2734000e+00   5.1085000e+00   5.1059000e+00   4.9712000e+00   7.5632000e+00   7.7809000e+00
   5.1540000e+00   4.8619000e+00   4.9482000e+00   4.7905000e+00   7.3521000e+00   7.6041000e+00
   5.4669000e+00   4.9691000e+00   5.1958000e+00   5.0126000e+00   7.0670000e+00   7.3912000e+00
   5.8626000e+00   5.3792000e+00   5.5630000e+00   5.3891000e+00   6.8442000e+00   7.1205000e+00
   5.8268000e+00   5.4871000e+00   5.5751000e+00   5.4172000e+00   6.6559000e+00   6.8346000e+00
   5.7442000e+00   5.4161000e+00   5.4824000e+00   5.3011000e+00   6.4456000e+00   6.6797000e+00
   5.6582000e+00   5.4008000e+00   5.4169000e+00   5.2361000e+00   6.3720000e+00   6.6619000e+00
   5.5460000e+00   5.3277000e+00   5.3509000e+00   5.1941000e+00   6.3356000e+00   6.5949000e+00
   5.4929000e+00   5.2515000e+00   5.2971000e+00   5.1437000e+00   6.1417000e+00   6.4455000e+00
   5.4782000e+00   5.2124000e+00   5.2592000e+00   5.0995000e+00   5.8775000e+00   6.1687000e+00
   5.5119000e+00   5.1707000e+00   5.2716000e+00   5.1059000e+00   5.5999000e+00   5.7822000e+00
   5.5250000e+00   5.1559000e+00   5.2696000e+00   5.1026000e+00   5.2827000e+00   5.4386000e+00
   5.4765000e+00   5.1191000e+00   5.2299000e+00   5.0674000e+00   4.9921000e+00   5.2167000e+00
   5.3438000e+00   5.0566000e+00   5.1191000e+00   4.9634000e+00   4.7762000e+00   5.0963000e+00
   5.1164000e+00   4.9431000e+00   4.9282000e+00   4.7909000e+00   4.6758000e+00   5.0575000e+00
   4.8261000e+00   4.7466000e+00   4.6968000e+00   4.6011000e+00   4.6742000e+00   5.0506000e+00
   4.4393000e+00   4.3996000e+00   4.3810000e+00   4.3304000e+00   4.7320000e+00   5.1092000e+00
   3.9334000e+00   3.9345000e+00   3.9135000e+00   3.8780000e+00   4.8347000e+00   5.1681000e+00
   3.5596000e+00   3.5724000e+00   3.5234000e+00   3.4781000e+00   4.9969000e+00   5.2299000e+00
   3.4385000e+00   3.4421000e+00   3.3890000e+00   3.3440000e+00   5.1779000e+00   5.2535000e+00
   3.2948000e+00   3.3188000e+00   3.2796000e+00   3.2611000e+00   5.3321000e+00   5.1908000e+00
   3.1315000e+00   3.1756000e+00   3.1382000e+00   3.1472000e+00   4.9640000e+00   4.6429000e+00
   2.9799000e+00   2.9758000e+00   2.9682000e+00   2.9939000e+00   4.1194000e+00   4.2994000e+00
   2.9746000e+00   2.9342000e+00   2.9397000e+00   2.9627000e+00   3.7280000e+00   4.1082000e+00
   2.9820000e+00   2.8970000e+00   2.9632000e+00   2.9974000e+00   3.6106000e+00   3.8812000e+00
   2.9892000e+00   2.8805000e+00   2.9439000e+00   2.9537000e+00   3.7684000e+00   3.9780000e+00
   3.0945000e+00   2.9459000e+00   2.9966000e+00   2.9750000e+00   4.2196000e+00   4.2274000e+00
   3.3086000e+00   3.0944000e+00   3.1738000e+00   3.1430000e+00   4.4729000e+00   4.3685000e+00
   3.4711000e+00   3.2554000e+00   3.3509000e+00   3.3360000e+00   4.6458000e+00   4.6194000e+00
   3.5659000e+00   3.4011000e+00   3.4938000e+00   3.4993000e+00   4.9192000e+00   4.7948000e+00
   3.6702000e+00   3.5510000e+00   3.6261000e+00   3.6317000e+00   5.0059000e+00   4.8747000e+00
   3.8452000e+00   3.7370000e+00   3.7894000e+00   3.7823000e+00   4.9743000e+00   4.9408000e+00
   4.0751000e+00   3.9831000e+00   4.0245000e+00   4.0212000e+00   5.0174000e+00   4.9880000e+00
   4.3278000e+00   4.2548000e+00   4.3046000e+00   4.3150000e+00   5.0730000e+00   4.9422000e+00
   4.5870000e+00   4.5250000e+00   4.5861000e+00   4.5984000e+00   5.0735000e+00   4.8497000e+00
   4.8746000e+00   4.8201000e+00   4.8847000e+00   4.8944000e+00   5.0357000e+00   4.7595000e+00
   5.1225000e+00   5.0610000e+00   5.1423000e+00   5.1561000e+00   5.0358000e+00   4.7343000e+00
   5.3801000e+00   5.2901000e+00   5.3744000e+00   5.3666000e+00   5.0229000e+00   4.7399000e+00
   5.6247000e+00   5.5228000e+00   5.5855000e+00   5.5580000e+00   5.0405000e+00   4.8123000e+00
   5.8538000e+00   5.7373000e+00   5.7931000e+00   5.7551000e+00   5.0883000e+00   4.9455000e+00
   6.0908000e+00   5.9209000e+00   6.0027000e+00   5.9518000e+00   5.2009000e+00   5.0835000e+00
   6.3066000e+00   6.0995000e+00   6.1875000e+00   6.1156000e+00   5.4523000e+00   5.2212000e+00
   6.4141000e+00   6.1837000e+00   6.2765000e+00   6.1895000e+00   5.7247000e+00   5.4165000e+00
   6.4867000e+00   6.2398000e+00   6.3443000e+00   6.2479000e+00   5.9324000e+00   5.6399000e+00
   6.5331000e+00   6.2903000e+00   6.3894000e+00   6.2892000e+00   6.1526000e+00   5.9151000e+00
   6.5563000e+00   6.3139000e+00   6.4086000e+00   6.3055000e+00   6.3468000e+00   6.2876000e+00
   6.5890000e+00   6.3453000e+00   6.4371000e+00   6.3302000e+00   6.4092000e+00   6.4954000e+00
   6.6113000e+00   6.3870000e+00   6.4695000e+00   6.3664000e+00   6.3955000e+00   6.5531000e+00
   6.6451000e+00   6.4238000e+00   6.5204000e+00   6.4184000e+00   6.3884000e+00   6.6054000e+00
   6.6852000e+00   6.4719000e+00   6.5655000e+00   6.4637000e+00   6.3549000e+00   6.6678000e+00
   6.6996000e+00   6.4944000e+00   6.5813000e+00   6.4779000e+00   6.2678000e+00   6.5912000e+00
   6.6822000e+00   6.4915000e+00   6.5699000e+00   6.4699000e+00   6.2164000e+00   6.5020000e+00
   6.6490000e+00   6.4756000e+00   6.5477000e+00   6.4501000e+00   6.2600000e+00   6.4661000e+00
   6.6610000e+00   6.5050000e+00   6.5783000e+00   6.4907000e+00   6.4152000e+00   6.5137000e+00
   6.7466000e+00   6.6062000e+00   6.6686000e+00   6.5848000e+00   6.5935000e+00   6.5593000e+00
   6.8134000e+00   6.6939000e+00   6.7432000e+00   6.6715000e+00   6.7749000e+00   6.5519000e+00
   6.8993000e+00   6.7999000e+00   6.8458000e+00   6.7864000e+00   6.9503000e+00   6.6025000e+00
   6.9587000e+00   6.8802000e+00   6.9187000e+00   6.8705000e+00   6.9694000e+00   6.6991000e+00
   7.0292000e+00   6.9557000e+00   6.9952000e+00   6.9571000e+00   7.2536000e+00   6.9968000e+00
   7.0769000e+00   7.0013000e+00   7.0415000e+00   7.0078000e+00   7.8189000e+00   7.2989000e+00
   7.1143000e+00   7.0419000e+00   7.0748000e+00   7.0476000e+00   8.7442000e+00   7.6490000e+00
   7.1551000e+00   7.0811000e+00   7.1089000e+00   7.0933000e+00   9.3534000e+00   8.0701000e+00
   7.1443000e+00   7.1176000e+00   7.1158000e+00   7.0900000e+00   9.7280000e+00   9.1024000e+00
   7.1034000e+00   7.0821000e+00   7.0628000e+00   7.0440000e+00   1.0012500e+01   9.7668000e+00
   7.0134000e+00   7.0081000e+00   6.9724000e+00   6.9414000e+00   1.0158300e+01   1.0068300e+01
   6.9167000e+00   6.8948000e+00   6.8595000e+00   6.8190000e+00   9.7247000e+00   1.0020100e+01
   6.8888000e+00   6.8574000e+00   6.8236000e+00   6.7771000e+00   9.7557000e+00   1.0001700e+01
   6.8694000e+00   6.8374000e+00   6.8001000e+00   6.7520000e+00   9.8797000e+00   1.0060500e+01
   6.8306000e+00   6.8017000e+00   6.7736000e+00   6.7271000e+00   9.9195000e+00   9.8674000e+00
   6.8106000e+00   6.7657000e+00   6.7630000e+00   6.7214000e+00   9.9619000e+00   9.6271000e+00
   6.7834000e+00   6.7345000e+00   6.7489000e+00   6.7125000e+00   9.8466000e+00   9.5265000e+00
   6.7830000e+00   6.7260000e+00   6.7447000e+00   6.7092000e+00   9.6267000e+00   9.4620000e+00
   6.7502000e+00   6.7039000e+00   6.7207000e+00   6.6930000e+00   9.4683000e+00   9.3505000e+00
   6.7012000e+00   6.6478000e+00   6.6766000e+00   6.6515000e+00   9.2391000e+00   9.1149000e+00
   6.6311000e+00   6.5619000e+00   6.6065000e+00   6.5814000e+00   9.0239000e+00   8.9482000e+00
   6.5840000e+00   6.5033000e+00   6.5686000e+00   6.5493000e+00   8.9609000e+00   8.7822000e+00
   6.5617000e+00   6.4771000e+00   6.5461000e+00   6.5282000e+00   8.9529000e+00   8.5687000e+00
   6.5102000e+00   6.4348000e+00   6.4981000e+00   6.4837000e+00   8.8563000e+00   8.4285000e+00
   6.4871000e+00   6.4240000e+00   6.4805000e+00   6.4690000e+00   8.6746000e+00   8.3632000e+00
   6.4778000e+00   6.4095000e+00   6.4699000e+00   6.4575000e+00   8.5806000e+00   8.3310000e+00
   6.4757000e+00   6.4141000e+00   6.4768000e+00   6.4724000e+00   8.5318000e+00   8.3330000e+00
   6.4786000e+00   6.4384000e+00   6.4947000e+00   6.5007000e+00   8.4957000e+00   8.3234000e+00
   6.5112000e+00   6.4834000e+00   6.5346000e+00   6.5455000e+00   8.5085000e+00   8.3349000e+00
   6.5684000e+00   6.5404000e+00   6.5935000e+00   6.6047000e+00   8.5041000e+00   8.3427000e+00
   6.6313000e+00   6.5968000e+00   6.6538000e+00   6.6641000e+00   8.4854000e+00   8.4142000e+00
   6.7022000e+00   6.6649000e+00   6.7187000e+00   6.7260000e+00   8.4424000e+00   8.4428000e+00
   6.7451000e+00   6.7096000e+00   6.7612000e+00   6.7682000e+00   8.3501000e+00   8.4614000e+00
   6.7562000e+00   6.7179000e+00   6.7676000e+00   6.7717000e+00   8.2592000e+00   8.4325000e+00
   6.7430000e+00   6.7142000e+00   6.7585000e+00   6.7633000e+00   8.2278000e+00   8.3345000e+00
   6.7362000e+00   6.7098000e+00   6.7537000e+00   6.7575000e+00   8.1791000e+00   8.2534000e+00
   6.7111000e+00   6.6652000e+00   6.7174000e+00   6.7145000e+00   8.0857000e+00   8.2140000e+00
   6.6602000e+00   6.6057000e+00   6.6641000e+00   6.6607000e+00   8.0592000e+00   8.2380000e+00
   6.6215000e+00   6.5675000e+00   6.6197000e+00   6.6127000e+00   8.1237000e+00   8.2732000e+00
   6.5803000e+00   6.5118000e+00   6.5613000e+00   6.5463000e+00   8.1922000e+00   8.2877000e+00
   6.5474000e+00   6.4718000e+00   6.5213000e+00   6.5049000e+00   8.2199000e+00   8.3529000e+00
   6.5246000e+00   6.4463000e+00   6.5004000e+00   6.4879000e+00   8.2540000e+00   8.4113000e+00
   6.5271000e+00   6.4447000e+00   6.4992000e+00   6.4857000e+00   8.2796000e+00   8.4363000e+00
   6.5216000e+00   6.4406000e+00   6.4969000e+00   6.4867000e+00   8.3088000e+00   8.4197000e+00
   6.5467000e+00   6.4772000e+00   6.5263000e+00   6.5216000e+00   8.2689000e+00   8.3277000e+00
   6.5861000e+00   6.5307000e+00   6.5747000e+00   6.5771000e+00   8.1719000e+00   8.1670000e+00
   6.6493000e+00   6.5993000e+00   6.6400000e+00   6.6452000e+00   8.0315000e+00   8.0058000e+00
   6.7552000e+00   6.6888000e+00   6.7428000e+00   6.7439000e+00   7.9682000e+00   7.9379000e+00
   6.8795000e+00   6.7793000e+00   6.8551000e+00   6.8427000e+00   7.9776000e+00   7.9440000e+00
   6.9874000e+00   6.8581000e+00   6.9475000e+00   6.9186000e+00   8.1035000e+00   7.9355000e+00
   7.0857000e+00   6.9543000e+00   7.0431000e+00   7.0060000e+00   8.3181000e+00   7.9326000e+00
   7.1876000e+00   7.0682000e+00   7.1452000e+00   7.1043000e+00   8.4353000e+00   8.0064000e+00
   7.3273000e+00   7.2300000e+00   7.2926000e+00   7.2543000e+00   8.4289000e+00   8.1943000e+00
   7.4752000e+00   7.3697000e+00   7.4414000e+00   7.4066000e+00   8.3649000e+00   8.4713000e+00
   7.6272000e+00   7.5503000e+00   7.6085000e+00   7.5841000e+00   8.2941000e+00   8.7312000e+00
   7.8102000e+00   7.7365000e+00   7.7750000e+00   7.7268000e+00   8.3571000e+00   8.9244000e+00
   7.9195000e+00   7.8478000e+00   7.8691000e+00   7.8304000e+00   8.5072000e+00   8.9867000e+00
   8.0088000e+00   7.9265000e+00   7.9580000e+00   7.9147000e+00   8.6519000e+00   8.9014000e+00
   8.0631000e+00   7.9776000e+00   8.0131000e+00   7.9729000e+00   8.5690000e+00   8.5417000e+00
   8.0840000e+00   8.0145000e+00   8.0469000e+00   8.0124000e+00   8.1566000e+00   8.1648000e+00
   8.0821000e+00   8.0535000e+00   8.0743000e+00   8.0595000e+00   8.0899000e+00   7.9985000e+00
   8.0475000e+00   8.0663000e+00   8.0813000e+00   8.0899000e+00   7.1336000e+00   7.0904000e+00
   7.9632000e+00   8.0351000e+00   8.0259000e+00   8.0569000e+00   6.5426000e+00   6.5110000e+00
   7.8712000e+00   7.9763000e+00   7.9513000e+00   7.9986000e+00   6.1650000e+00   6.1532000e+00
   7.7708000e+00   7.9117000e+00   7.8806000e+00   7.9459000e+00   5.9315000e+00   6.0149000e+00
   7.7004000e+00   7.8742000e+00   7.8373000e+00   7.9126000e+00   6.3629000e+00   6.7016000e+00
   7.6739000e+00   7.7933000e+00   7.7892000e+00   7.8672000e+00   6.7654000e+00   7.1315000e+00
   7.6099000e+00   7.7107000e+00   7.7288000e+00   7.7967000e+00   6.6908000e+00   7.0756000e+00
   7.5268000e+00   7.6425000e+00   7.6412000e+00   7.7028000e+00   6.7067000e+00   7.1189000e+00
   7.4840000e+00   7.6089000e+00   7.6040000e+00   7.6629000e+00   7.0900000e+00   7.4568000e+00
   7.4897000e+00   7.5982000e+00   7.5985000e+00   7.6535000e+00   7.3333000e+00   7.5904000e+00
   7.4701000e+00   7.5663000e+00   7.5673000e+00   7.6201000e+00   7.5249000e+00   7.5892000e+00
   7.4091000e+00   7.4952000e+00   7.4924000e+00   7.5433000e+00   7.7084000e+00   7.7228000e+00
   7.3947000e+00   7.4663000e+00   7.4579000e+00   7.5006000e+00   7.8047000e+00   7.8667000e+00
   7.3917000e+00   7.4483000e+00   7.4349000e+00   7.4695000e+00   7.7940000e+00   7.9223000e+00
   7.3646000e+00   7.3949000e+00   7.3872000e+00   7.4096000e+00   7.8063000e+00   7.9974000e+00
   7.3265000e+00   7.2812000e+00   7.2973000e+00   7.2920000e+00   7.9032000e+00   8.0509000e+00
   7.3111000e+00   7.1915000e+00   7.2343000e+00   7.1976000e+00   7.9538000e+00   8.0217000e+00
   7.2950000e+00   7.1139000e+00   7.1826000e+00   7.1285000e+00   7.9899000e+00   7.9670000e+00
   7.2971000e+00   7.0641000e+00   7.1458000e+00   7.0711000e+00   8.0512000e+00   7.8645000e+00
   7.2898000e+00   7.1234000e+00   7.1186000e+00   7.0316000e+00   8.2081000e+00   7.8122000e+00
   7.2388000e+00   7.0941000e+00   7.0557000e+00   6.9621000e+00   8.3063000e+00   7.8636000e+00
   7.1852000e+00   7.0219000e+00   6.9851000e+00   6.8823000e+00   8.2385000e+00   7.9488000e+00
   7.1807000e+00   6.9844000e+00   7.0114000e+00   6.9114000e+00   8.1216000e+00   7.9912000e+00
   7.1809000e+00   6.9166000e+00   6.9725000e+00   6.8381000e+00   8.0508000e+00   8.0579000e+00
   7.1297000e+00   6.8796000e+00   6.9345000e+00   6.8124000e+00   8.0394000e+00   8.2076000e+00
   7.1138000e+00   6.8639000e+00   6.9412000e+00   6.8204000e+00   8.1445000e+00   8.4185000e+00
   7.0892000e+00   6.8333000e+00   6.9442000e+00   6.8355000e+00   8.3807000e+00   8.6508000e+00
   7.1327000e+00   6.8750000e+00   7.0016000e+00   6.8967000e+00   8.6198000e+00   8.8727000e+00
   7.1918000e+00   6.9716000e+00   7.0887000e+00   7.0057000e+00   8.8168000e+00   9.0560000e+00
   7.2225000e+00   7.0529000e+00   7.1108000e+00   7.0404000e+00   9.0150000e+00   9.2275000e+00
   7.2829000e+00   7.1503000e+00   7.2239000e+00   7.1877000e+00   9.2288000e+00   9.3835000e+00
   7.4168000e+00   7.3144000e+00   7.3736000e+00   7.3508000e+00   9.4179000e+00   9.5035000e+00
   7.4776000e+00   7.4058000e+00   7.4562000e+00   7.4570000e+00   9.5791000e+00   9.6480000e+00
   7.4988000e+00   7.4873000e+00   7.5191000e+00   7.5356000e+00   9.7964000e+00   9.7640000e+00
   7.6111000e+00   7.5973000e+00   7.6377000e+00   7.6373000e+00   1.0031000e+01   9.8703000e+00
   7.7883000e+00   7.8046000e+00   7.8084000e+00   7.8019000e+00   1.0260600e+01   1.0047000e+01
   7.8900000e+00   7.9515000e+00   7.9215000e+00   7.9244000e+00   1.0473100e+01   1.0306500e+01
   7.9186000e+00   8.0016000e+00   7.9529000e+00   7.9598000e+00   1.0731000e+01   1.0560500e+01
   7.9641000e+00   8.0493000e+00   7.9901000e+00   7.9888000e+00   1.0773100e+01   1.0651800e+01
   8.0750000e+00   8.1494000e+00   8.0850000e+00   8.0708000e+00   1.0993500e+01   1.0715100e+01
   8.2215000e+00   8.2652000e+00   8.2178000e+00   8.1948000e+00   1.1282700e+01   1.0723000e+01
   8.4241000e+00   8.4535000e+00   8.4255000e+00   8.4114000e+00   1.1190900e+01   1.0529300e+01
   8.6187000e+00   8.6604000e+00   8.6452000e+00   8.6403000e+00   1.1318400e+01   1.0645600e+01
   8.8091000e+00   8.8479000e+00   8.8449000e+00   8.8526000e+00   1.1513700e+01   1.0711200e+01
   8.9667000e+00   9.0435000e+00   9.0427000e+00   9.0792000e+00   1.1875600e+01   1.0775000e+01
   9.0945000e+00   9.2384000e+00   9.2262000e+00   9.3070000e+00   1.2109000e+01   1.1001000e+01
   9.1203000e+00   9.3492000e+00   9.2918000e+00   9.3938000e+00   1.2084700e+01   1.1197000e+01
   9.0835000e+00   9.3767000e+00   9.2875000e+00   9.3989000e+00   1.1970200e+01   1.1285000e+01
   8.9777000e+00   9.2678000e+00   9.1890000e+00   9.3124000e+00   1.1764700e+01   1.1310000e+01
   8.8358000e+00   9.1162000e+00   9.0762000e+00   9.2176000e+00   1.1583600e+01   1.1391000e+01
   8.7248000e+00   8.9999000e+00   8.9815000e+00   9.1280000e+00   1.1587800e+01   1.1520500e+01
   8.6876000e+00   8.9161000e+00   8.9211000e+00   9.0517000e+00   1.1827700e+01   1.1644500e+01
   8.8773000e+00   9.0566000e+00   9.0728000e+00   9.1775000e+00   1.2059100e+01   1.1882800e+01
   8.9630000e+00   9.1126000e+00   9.1306000e+00   9.2193000e+00   1.2173900e+01   1.2065000e+01
   8.9178000e+00   9.0838000e+00   9.0879000e+00   9.1767000e+00   1.2104200e+01   1.2136800e+01
   8.8659000e+00   9.0277000e+00   9.0302000e+00   9.1104000e+00   1.1942000e+01   1.2063000e+01
   8.8373000e+00   8.9980000e+00   9.0042000e+00   9.0816000e+00   1.1708100e+01   1.1853200e+01
   8.8116000e+00   8.9334000e+00   8.9672000e+00   9.0395000e+00   1.1456500e+01   1.1526000e+01
   8.8269000e+00   8.9033000e+00   8.9622000e+00   9.0202000e+00   1.1211800e+01   1.1147300e+01
   8.8908000e+00   8.9117000e+00   8.9705000e+00   8.9966000e+00   1.0969500e+01   1.0837100e+01
   9.1568000e+00   9.2027000e+00   9.2199000e+00   9.2263000e+00   1.0699600e+01   1.0490400e+01
   9.3521000e+00   9.4621000e+00   9.4409000e+00   9.4682000e+00   1.0410600e+01   1.0275400e+01
   9.4730000e+00   9.6389000e+00   9.5836000e+00   9.6181000e+00   1.0149500e+01   1.0091600e+01
   9.4629000e+00   9.6504000e+00   9.5834000e+00   9.6207000e+00   1.0258800e+01   9.8680000e+00
   9.5220000e+00   9.6600000e+00   9.6248000e+00   9.6413000e+00   1.0220400e+01   9.8409000e+00
   9.6833000e+00   9.8270000e+00   9.8063000e+00   9.8276000e+00   1.0411900e+01   9.8554000e+00
   9.7199000e+00   9.9811000e+00   9.9449000e+00   1.0034800e+01   1.0516200e+01   9.7916000e+00
   9.5145000e+00   9.8135000e+00   9.7583000e+00   9.8999000e+00   1.0347400e+01   9.6051000e+00
   9.3916000e+00   9.5325000e+00   9.4705000e+00   9.5300000e+00   1.0208300e+01   9.4359000e+00
   9.6003000e+00   9.5795000e+00   9.5211000e+00   9.4375000e+00   1.0114100e+01   9.3980000e+00
   9.8599000e+00   9.8696000e+00   9.7796000e+00   9.6523000e+00   1.0067100e+01   9.4130000e+00
   9.9177000e+00   1.0248200e+01   1.0054800e+01   1.0075200e+01   1.0131900e+01   9.4033000e+00
   1.0170200e+01   1.0558000e+01   1.0142500e+01   1.0097100e+01   1.0163700e+01   9.4369000e+00
   1.0130600e+01   1.0578700e+01   1.0141600e+01   1.0156800e+01   1.0143200e+01   9.4835000e+00
   9.8717000e+00   1.0388800e+01   1.0061000e+01   1.0145500e+01   1.0192800e+01   9.6216000e+00
   9.6967000e+00   1.0002400e+01   9.9783000e+00   1.0050300e+01   1.0343700e+01   9.8828000e+00
   9.6102000e+00   9.8649000e+00   9.9402000e+00   1.0032400e+01   1.0379800e+01   1.0192800e+01
   9.5546000e+00   9.7588000e+00   9.8197000e+00   9.9129000e+00   1.0202000e+01   1.0490500e+01
   9.7377000e+00   9.7184000e+00   9.7799000e+00   9.7418000e+00   9.9606000e+00   1.0761400e+01
   1.0144600e+01   9.9239000e+00   9.9509000e+00   9.8095000e+00   9.8350000e+00   1.0941700e+01
   1.1063300e+01   1.0554500e+01   1.0522400e+01   1.0149900e+01   9.8673000e+00   1.0958300e+01
   1.1154800e+01   1.1168500e+01   1.1215100e+01   1.1161900e+01   1.0002400e+01   1.0817300e+01
   1.1174700e+01   1.1324000e+01   1.1200400e+01   1.1226900e+01   1.0103000e+01   1.0697600e+01
   1.0994800e+01   1.1288000e+01   1.1206300e+01   1.1273600e+01   1.0256800e+01   1.0657700e+01
   1.0790100e+01   1.1042000e+01   1.1103300e+01   1.1251900e+01   1.0543300e+01   1.0662900e+01
   1.0766700e+01   1.0941600e+01   1.1072400e+01   1.1190100e+01   1.0810800e+01   1.0613000e+01
   1.0799200e+01   1.0938700e+01   1.1167000e+01   1.1285700e+01   1.0957200e+01   1.0509300e+01
   1.1094300e+01   1.0857400e+01   1.1243600e+01   1.1423200e+01   1.1043800e+01   1.0421000e+01
   1.1937700e+01   1.1877800e+01   1.2027800e+01   1.1992200e+01   1.0936100e+01   1.0356800e+01
   1.2356700e+01   1.2507400e+01   1.2267100e+01   1.2250500e+01   1.0653500e+01   1.0303000e+01
   1.2258100e+01   1.2731700e+01   1.2274600e+01   1.2271800e+01   1.0444200e+01   1.0329300e+01
   1.2008200e+01   1.2589800e+01   1.2073000e+01   1.2008300e+01   1.0270900e+01   1.0327200e+01
   1.1406100e+01   1.2095200e+01   1.1645300e+01   1.1620900e+01   1.0241200e+01   1.0337700e+01
   1.1050300e+01   1.1516600e+01   1.1363500e+01   1.1361200e+01   1.0462000e+01   1.0570400e+01
   1.0824000e+01   1.1492500e+01   1.1308900e+01   1.1489600e+01   1.0388200e+01   1.0540800e+01
   1.0944600e+01   1.1577400e+01   1.1408600e+01   1.1556100e+01   9.5679000e+00   9.7355000e+00
   1.0921500e+01   1.1233000e+01   1.1166300e+01   1.1275500e+01   9.0673000e+00   9.2062000e+00
   1.0813800e+01   1.1023600e+01   1.0879500e+01   1.1000000e+01   9.4229000e+00   9.4709000e+00
   1.0704100e+01   1.1114600e+01   1.0919300e+01   1.1097900e+01   9.4201000e+00   9.7345000e+00
   1.0856600e+01   1.1452000e+01   1.1304700e+01   1.1610000e+01   9.3076000e+00   9.6856000e+00
   1.1146100e+01   1.1930100e+01   1.1676800e+01   1.2016900e+01   9.5736000e+00   9.9558000e+00
   1.1393600e+01   1.2273500e+01   1.1890300e+01   1.2287300e+01   9.8511000e+00   1.0399700e+01
   1.1334800e+01   1.2470100e+01   1.1940400e+01   1.2415100e+01   9.9522000e+00   1.0518100e+01
   1.1293200e+01   1.2492000e+01   1.1907400e+01   1.2264000e+01   9.9389000e+00   1.0456100e+01
   1.1171500e+01   1.2053900e+01   1.1441000e+01   1.1724400e+01   1.0086100e+01   1.0453300e+01
   1.1261100e+01   1.2092600e+01   1.1340800e+01   1.1404700e+01   1.0211900e+01   1.0453400e+01
   1.1019200e+01   1.1731400e+01   1.1128900e+01   1.1190000e+01   1.0192000e+01   1.0332500e+01
   1.1065700e+01   1.1233700e+01   1.0889400e+01   1.0900800e+01   1.0048900e+01   1.0181900e+01
   1.1489600e+01   1.1482700e+01   1.1195200e+01   1.1216600e+01   9.7515000e+00   1.0017500e+01
   1.2224200e+01   1.2325700e+01   1.1910400e+01   1.1650400e+01   9.3908000e+00   9.7811000e+00
   1.2406900e+01   1.2747900e+01   1.2217500e+01   1.2144000e+01   8.9422000e+00   9.4677000e+00
   1.2521200e+01   1.2758900e+01   1.2356600e+01   1.2224800e+01   8.4814000e+00   9.0700000e+00
   1.2559000e+01   1.2861500e+01   1.2240900e+01   1.1937100e+01   7.9757000e+00   8.5450000e+00
   1.2632100e+01   1.2683500e+01   1.2309600e+01   1.2083800e+01   7.4290000e+00   7.9143000e+00
   1.2457100e+01   1.2740800e+01   1.2351400e+01   1.2291200e+01   6.8411000e+00   7.2268000e+00
   1.1881900e+01   1.2319600e+01   1.2246200e+01   1.2534300e+01   6.2353000e+00   6.5666000e+00
   1.1932600e+01   1.2182300e+01   1.2098400e+01   1.2170900e+01   5.5862000e+00   5.9790000e+00
   1.1898000e+01   1.2423500e+01   1.2008700e+01   1.1949200e+01   4.9404000e+00   5.4087000e+00
   1.1509000e+01   1.2299100e+01   1.1731300e+01   1.1779900e+01   4.3803000e+00   4.8978000e+00
   1.1198800e+01   1.2194700e+01   1.1627900e+01   1.1847200e+01   3.9250000e+00   4.4486000e+00
   1.0792900e+01   1.1924100e+01   1.1367300e+01   1.1869600e+01   3.5503000e+00   4.0065000e+00
   1.0604600e+01   1.1781400e+01   1.1159000e+01   1.1687700e+01   3.1919000e+00   3.5297000e+00
   1.0412500e+01   1.1898400e+01   1.1106200e+01   1.1706400e+01   2.8881000e+00   3.0768000e+00
   1.0231000e+01   1.1273200e+01   1.0665900e+01   1.1134500e+01   2.5708000e+00   2.7382000e+00
   1.0135800e+01   1.1449600e+01   1.0697400e+01   1.1159900e+01   1.8656000e+00   2.3347000e+00
   1.0185700e+01   1.1511500e+01   1.0770700e+01   1.1243800e+01   1.5172000e+00   1.9232000e+00
   1.0121000e+01   1.1434600e+01   1.0718900e+01   1.1122800e+01   1.6357000e+00   1.7065000e+00
   1.0148000e+01   1.1240800e+01   1.0623100e+01   1.0907700e+01   2.2945000e+00   2.2005000e+00
   9.9866000e+00   1.1153200e+01   1.0635900e+01   1.0924100e+01   2.5970000e+00   1.9642000e+00
   9.7028000e+00   1.0916800e+01   1.0438900e+01   1.0825500e+01   3.0952000e+00   2.2964000e+00
   9.5994000e+00   1.0838300e+01   1.0315000e+01   1.0618600e+01   3.0117000e+00   2.4853000e+00
   9.1703000e+00   1.0418900e+01   9.9240000e+00   1.0302500e+01   2.6134000e+00   2.6808000e+00
   9.0760000e+00   1.0168500e+01   9.6946000e+00   9.9422000e+00   3.0306000e+00   2.4033000e+00
   8.8088000e+00   9.8433000e+00   9.4221000e+00   9.7169000e+00   2.4336000e+00   2.1423000e+00
   8.7037000e+00   9.6494000e+00   9.3040000e+00   9.6233000e+00   2.6844000e+00   1.9040000e+00
   8.6502000e+00   9.4856000e+00   9.2426000e+00   9.5779000e+00   2.4443000e+00   2.0294000e+00
   8.4114000e+00   9.1742000e+00   8.9657000e+00   9.3050000e+00   2.4162000e+00   2.0598000e+00
   8.4295000e+00   9.1529000e+00   8.8237000e+00   9.1043000e+00   2.4609000e+00   1.8463000e+00
   8.4589000e+00   9.2497000e+00   8.9278000e+00   9.2296000e+00   2.8599000e+00   1.5589000e+00
   8.4969000e+00   9.2145000e+00   8.9956000e+00   9.3431000e+00   4.7569000e+00   1.6475000e+00
   8.7898000e+00   9.4752000e+00   9.2785000e+00   9.6325000e+00   4.9899000e+00   1.6364000e+00
   9.0408000e+00   9.6151000e+00   9.4631000e+00   9.7087000e+00   5.0904000e+00   1.7504000e+00
   9.2458000e+00   9.6637000e+00   9.5752000e+00   9.7915000e+00   5.5018000e+00   1.7278000e+00
   9.2839000e+00   9.4459000e+00   9.4904000e+00   9.6946000e+00   4.7367000e+00   1.4497000e+00
   9.5382000e+00   9.4185000e+00   9.4672000e+00   9.4686000e+00   4.3176000e+00   1.3600000e+00
   9.4672000e+00   9.2973000e+00   9.3950000e+00   9.4072000e+00   4.0054000e+00   1.4365000e+00
   9.2598000e+00   9.1875000e+00   9.1986000e+00   9.2480000e+00   3.4286000e+00   1.5713000e+00
   9.1820000e+00   9.0456000e+00   9.0403000e+00   9.0961000e+00   3.0271000e+00   1.4192000e+00
   9.1319000e+00   9.0955000e+00   8.9926000e+00   9.0622000e+00   2.8256000e+00   1.1376000e+00
   9.2338000e+00   9.2317000e+00   9.1331000e+00   9.2187000e+00   2.9271000e+00   9.1220000e-01
   9.2588000e+00   9.2726000e+00   9.2026000e+00   9.2564000e+00   3.1813000e+00   9.0010000e-01
   9.2028000e+00   9.3387000e+00   9.2530000e+00   9.3367000e+00   3.3799000e+00   6.5000000e-01
   9.2691000e+00   9.5380000e+00   9.3721000e+00   9.4803000e+00   3.5686000e+00   4.6120000e-01
   9.2647000e+00   9.5406000e+00   9.3487000e+00   9.4340000e+00   4.0234000e+00   3.6120000e-01
   9.1332000e+00   9.4287000e+00   9.1994000e+00   9.2372000e+00   4.4623000e+00   3.9960000e-01
   9.0258000e+00   9.3309000e+00   9.1458000e+00   9.1731000e+00   4.8233000e+00   4.2930000e-01
   8.6102000e+00   8.9834000e+00   8.8580000e+00   8.9966000e+00   4.7861000e+00   6.0640000e-01
   8.5518000e+00   8.6112000e+00   8.5824000e+00   8.6469000e+00   4.5543000e+00   9.2270000e-01
   8.5027000e+00   8.5367000e+00   8.4710000e+00   8.4882000e+00   4.3624000e+00   1.3630000e+00
   8.5475000e+00   8.5086000e+00   8.4671000e+00   8.4650000e+00   4.1554000e+00   1.7987000e+00
   8.6427000e+00   8.6345000e+00   8.5934000e+00   8.5843000e+00   3.9231000e+00   2.3581000e+00
   8.4623000e+00   8.4881000e+00   8.5166000e+00   8.5825000e+00   3.7183000e+00   2.7701000e+00
   8.3088000e+00   8.3082000e+00   8.3044000e+00   8.3448000e+00   3.6684000e+00   3.1732000e+00
