   6.1143000e+02   6.1135000e+02   6.1295000e+02   6.1336000e+02   5.3697000e+02   5.4143000e+02
   6.2398000e+02   6.2616000e+02   6.2670000e+02   6.2571000e+02   5.8735000e+02   5.9644000e+02
   6.3053000e+02   6.3008000e+02   6.3032000e+02   6.3034000e+02   5.5180000e+02   5.5677000e+02
   6.1903000e+02   6.2070000e+02   6.2026000e+02   6.2052000e+02   5.6154000e+02   5.6758000e+02
   6.6768000e+02   6.6724000e+02   6.6899000e+02   6.6831000e+02   5.9818000e+02   6.0298000e+02
   6.5136000e+02   6.5156000e+02   6.5279000e+02   6.5332000e+02   5.7850000e+02   5.7851000e+02
   6.5520000e+02   6.5599000e+02   6.5575000e+02   6.5645000e+02   5.7363000e+02   5.7547000e+02
   6.6511000e+02   6.6480000e+02   6.6555000e+02   6.6539000e+02   5.7559000e+02   5.7815000e+02
   6.6274000e+02   6.6280000e+02   6.6420000e+02   6.6526000e+02   5.6823000e+02   5.6535000e+02
   6.6458000e+02   6.6527000e+02   6.6565000e+02   6.6670000e+02   5.7469000e+02   5.7291000e+02
   6.7101000e+02   6.7176000e+02   6.7158000e+02   6.7329000e+02   5.8841000e+02   5.8697000e+02
   6.9154000e+02   6.9250000e+02   6.9315000e+02   6.9378000e+02   6.0076000e+02   5.9759000e+02
   6.8664000e+02   6.8783000e+02   6.8792000e+02   6.8765000e+02   6.0554000e+02   5.9996000e+02
   6.9151000e+02   6.9238000e+02   6.9361000e+02   6.9342000e+02   5.9612000e+02   5.9035000e+02
   6.9980000e+02   7.0026000e+02   7.0168000e+02   7.0283000e+02   6.0620000e+02   5.9990000e+02
   7.1037000e+02   7.1202000e+02   7.1247000e+02   7.1394000e+02   6.2630000e+02   6.2145000e+02
   7.3738000e+02   7.3605000e+02   7.3705000e+02   7.3927000e+02   6.5895000e+02   6.5390000e+02
   7.4487000e+02   7.4697000e+02   7.4591000e+02   7.4628000e+02   6.7259000e+02   6.6885000e+02
   7.4714000e+02   7.4685000e+02   7.4752000e+02   7.4756000e+02   6.8092000e+02   6.7402000e+02
   7.4426000e+02   7.4489000e+02   7.4497000e+02   7.4553000e+02   6.8287000e+02   6.7669000e+02
   7.4493000e+02   7.4801000e+02   7.4723000e+02   7.4695000e+02   6.8468000e+02   6.8113000e+02
   7.4858000e+02   7.4946000e+02   7.4903000e+02   7.5035000e+02   6.9179000e+02   6.8850000e+02
   7.6649000e+02   7.6764000e+02   7.6716000e+02   7.6842000e+02   7.0379000e+02   7.0374000e+02
   7.7434000e+02   7.7597000e+02   7.7638000e+02   7.7753000e+02   7.1119000e+02   7.0808000e+02
   7.7739000e+02   7.7928000e+02   7.7876000e+02   7.8019000e+02   7.0887000e+02   7.0977000e+02
   7.7416000e+02   7.7652000e+02   7.7519000e+02   7.7656000e+02   7.0939000e+02   7.0968000e+02
   7.7430000e+02   7.7707000e+02   7.7580000e+02   7.7723000e+02   7.1019000e+02   7.1144000e+02
   7.8109000e+02   7.8552000e+02   7.8317000e+02   7.8524000e+02   7.1699000e+02   7.1923000e+02
   7.9557000e+02   8.0071000e+02   7.9803000e+02   8.0032000e+02   7.2741000e+02   7.3034000e+02
   8.0129000e+02   8.0540000e+02   8.0359000e+02   8.0593000e+02   7.3681000e+02   7.4027000e+02
   8.0308000e+02   8.0724000e+02   8.0536000e+02   8.0774000e+02   7.3914000e+02   7.3991000e+02
   8.0119000e+02   8.0642000e+02   8.0338000e+02   8.0556000e+02   7.3215000e+02   7.3317000e+02
   8.0125000e+02   8.0553000e+02   8.0301000e+02   8.0535000e+02   7.2964000e+02   7.3135000e+02
   8.0571000e+02   8.0959000e+02   8.0688000e+02   8.0972000e+02   7.3094000e+02   7.3186000e+02
   8.1040000e+02   8.1476000e+02   8.1157000e+02   8.1451000e+02   7.3849000e+02   7.3860000e+02
   8.1824000e+02   8.2029000e+02   8.1988000e+02   8.2327000e+02   7.4137000e+02   7.4194000e+02
   8.1964000e+02   8.2360000e+02   8.2178000e+02   8.2561000e+02   7.4473000e+02   7.4453000e+02
   8.1506000e+02   8.1921000e+02   8.1805000e+02   8.2071000e+02   7.3987000e+02   7.4003000e+02
   8.1728000e+02   8.2059000e+02   8.1956000e+02   8.2255000e+02   7.3513000e+02   7.3543000e+02
   8.0932000e+02   8.1283000e+02   8.1085000e+02   8.1376000e+02   7.2357000e+02   7.2487000e+02
   8.0561000e+02   8.0873000e+02   8.0642000e+02   8.0920000e+02   7.1395000e+02   7.1395000e+02
   8.0685000e+02   8.0966000e+02   8.0763000e+02   8.1031000e+02   7.1058000e+02   7.1114000e+02
   8.0706000e+02   8.1004000e+02   8.0791000e+02   8.1080000e+02   7.0609000e+02   7.0597000e+02
   8.0498000e+02   8.0850000e+02   8.0675000e+02   8.1007000e+02   7.0224000e+02   7.0177000e+02
   8.0145000e+02   8.0500000e+02   8.0376000e+02   8.0706000e+02   6.9667000e+02   6.9483000e+02
   7.9650000e+02   8.0001000e+02   7.9835000e+02   8.0186000e+02   6.8847000e+02   6.8623000e+02
   7.8868000e+02   7.9372000e+02   7.9169000e+02   7.9454000e+02   6.7803000e+02   6.7675000e+02
   7.8340000e+02   7.8905000e+02   7.8665000e+02   7.9037000e+02   6.7107000e+02   6.6980000e+02
   7.8199000e+02   7.8864000e+02   7.8580000e+02   7.8909000e+02   6.6843000e+02   6.6693000e+02
   7.7865000e+02   7.8418000e+02   7.8221000e+02   7.8473000e+02   6.6005000e+02   6.5840000e+02
   7.7581000e+02   7.7948000e+02   7.7663000e+02   7.8017000e+02   6.5004000e+02   6.4852000e+02
   7.6589000e+02   7.7260000e+02   7.6876000e+02   7.7257000e+02   6.3670000e+02   6.3579000e+02
   7.5143000e+02   7.5923000e+02   7.5621000e+02   7.6030000e+02   6.2470000e+02   6.2441000e+02
   7.4615000e+02   7.5278000e+02   7.5053000e+02   7.5344000e+02   6.1615000e+02   6.1756000e+02
   7.4259000e+02   7.4969000e+02   7.4673000e+02   7.5010000e+02   6.1156000e+02   6.1379000e+02
   7.4042000e+02   7.4840000e+02   7.4424000e+02   7.4684000e+02   6.0484000e+02   6.0617000e+02
   7.3375000e+02   7.3958000e+02   7.3727000e+02   7.4041000e+02   5.9618000e+02   6.0072000e+02
   7.2751000e+02   7.3198000e+02   7.3077000e+02   7.3375000e+02   5.8650000e+02   5.9258000e+02
   7.1807000e+02   7.2306000e+02   7.2272000e+02   7.2603000e+02   5.8014000e+02   5.8600000e+02
   7.1762000e+02   7.2219000e+02   7.2181000e+02   7.2541000e+02   5.7912000e+02   5.8513000e+02
   7.2024000e+02   7.2362000e+02   7.2350000e+02   7.2646000e+02   5.7918000e+02   5.8162000e+02
   7.1654000e+02   7.2069000e+02   7.2181000e+02   7.2568000e+02   5.8067000e+02   5.8427000e+02
   7.1564000e+02   7.2065000e+02   7.2131000e+02   7.2522000e+02   5.8409000e+02   5.8732000e+02
   7.2406000e+02   7.2791000e+02   7.2904000e+02   7.3229000e+02   5.8615000e+02   5.9529000e+02
   7.2833000e+02   7.2959000e+02   7.3284000e+02   7.3685000e+02   5.8819000e+02   5.9517000e+02
   7.3546000e+02   7.4017000e+02   7.4129000e+02   7.4374000e+02   5.9899000e+02   6.0364000e+02
   7.4361000e+02   7.4714000e+02   7.4935000e+02   7.5285000e+02   6.0831000e+02   6.1043000e+02
   7.5132000e+02   7.5318000e+02   7.5458000e+02   7.5688000e+02   6.1776000e+02   6.1598000e+02
   7.6097000e+02   7.6352000e+02   7.6413000e+02   7.6603000e+02   6.2871000e+02   6.2431000e+02
   7.7221000e+02   7.7293000e+02   7.7392000e+02   7.7710000e+02   6.3053000e+02   6.3795000e+02
   7.7848000e+02   7.7865000e+02   7.8073000e+02   7.8290000e+02   6.3674000e+02   6.5298000e+02
   7.8778000e+02   7.8787000e+02   7.8969000e+02   7.9108000e+02   6.4679000e+02   6.5736000e+02
   7.9813000e+02   7.9905000e+02   7.9854000e+02   7.9866000e+02   6.6280000e+02   6.6935000e+02
   8.0799000e+02   8.0969000e+02   8.1146000e+02   8.1264000e+02   6.6920000e+02   6.7580000e+02
   8.1465000e+02   8.1735000e+02   8.1596000e+02   8.1787000e+02   6.8205000e+02   6.8862000e+02
   8.2398000e+02   8.2540000e+02   8.2525000e+02   8.2536000e+02   6.9827000e+02   7.0447000e+02
   8.3913000e+02   8.4171000e+02   8.4171000e+02   8.4263000e+02   7.1090000e+02   7.1898000e+02
   8.4854000e+02   8.4928000e+02   8.4929000e+02   8.5064000e+02   7.2913000e+02   7.3022000e+02
   8.5743000e+02   8.5938000e+02   8.5912000e+02   8.6041000e+02   7.4037000e+02   7.4601000e+02
   8.6419000e+02   8.6569000e+02   8.6576000e+02   8.6584000e+02   7.5430000e+02   7.5566000e+02
   8.7609000e+02   8.7842000e+02   8.7776000e+02   8.7867000e+02   7.6092000e+02   7.6468000e+02
   8.8927000e+02   8.9287000e+02   8.9186000e+02   8.9474000e+02   7.7374000e+02   7.7772000e+02
   9.0178000e+02   9.0478000e+02   9.0535000e+02   9.0785000e+02   7.8952000e+02   7.9174000e+02
   9.0974000e+02   9.1173000e+02   9.0962000e+02   9.0951000e+02   7.9905000e+02   8.0123000e+02
   9.1643000e+02   9.1867000e+02   9.1942000e+02   9.2122000e+02   8.0796000e+02   8.0853000e+02
   9.2797000e+02   9.3091000e+02   9.3046000e+02   9.3169000e+02   8.1110000e+02   8.1287000e+02
   9.2864000e+02   9.3336000e+02   9.3245000e+02   9.3454000e+02   8.1826000e+02   8.1495000e+02
   9.0184000e+02   9.0514000e+02   9.0515000e+02   9.0652000e+02   7.8862000e+02   7.8963000e+02
   8.8183000e+02   8.8252000e+02   8.8337000e+02   8.8422000e+02   7.6786000e+02   7.6786000e+02
   8.7732000e+02   8.7901000e+02   8.7927000e+02   8.8164000e+02   7.6531000e+02   7.6126000e+02
   8.8171000e+02   8.8409000e+02   8.8268000e+02   8.8374000e+02   7.6586000e+02   7.6068000e+02
   8.8938000e+02   8.9148000e+02   8.9228000e+02   8.9457000e+02   7.7187000e+02   7.6979000e+02
   8.8887000e+02   8.9076000e+02   8.9127000e+02   8.9280000e+02   7.6871000e+02   7.6495000e+02
   8.7972000e+02   8.8033000e+02   8.8217000e+02   8.8487000e+02   7.5990000e+02   7.5782000e+02
   8.5989000e+02   8.6246000e+02   8.6285000e+02   8.6492000e+02   7.3603000e+02   7.3438000e+02
   8.5131000e+02   8.5324000e+02   8.5359000e+02   8.5503000e+02   7.2840000e+02   7.2819000e+02
   8.5632000e+02   8.5833000e+02   8.5809000e+02   8.5824000e+02   7.2933000e+02   7.2832000e+02
   8.5533000e+02   8.5751000e+02   8.5776000e+02   8.5912000e+02   7.3020000e+02   7.2849000e+02
   8.5516000e+02   8.5802000e+02   8.5882000e+02   8.6082000e+02   7.3142000e+02   7.2860000e+02
   8.6131000e+02   8.6411000e+02   8.6430000e+02   8.6694000e+02   7.3419000e+02   7.3164000e+02
   8.5743000e+02   8.5954000e+02   8.6030000e+02   8.6196000e+02   7.2965000e+02   7.2907000e+02
   8.5481000e+02   8.5835000e+02   8.5885000e+02   8.6087000e+02   7.2852000e+02   7.2583000e+02
   8.5425000e+02   8.5659000e+02   8.5709000e+02   8.5890000e+02   7.2738000e+02   7.2607000e+02
   8.5759000e+02   8.5973000e+02   8.6019000e+02   8.6160000e+02   7.3090000e+02   7.2836000e+02
   8.6010000e+02   8.6343000e+02   8.6320000e+02   8.6446000e+02   7.3068000e+02   7.2955000e+02
   8.6001000e+02   8.6347000e+02   8.6383000e+02   8.6584000e+02   7.3523000e+02   7.3375000e+02
   8.6297000e+02   8.6541000e+02   8.6560000e+02   8.6726000e+02   7.3670000e+02   7.3732000e+02
   8.5997000e+02   8.6223000e+02   8.6264000e+02   8.6404000e+02   7.3447000e+02   7.3598000e+02
   8.6155000e+02   8.6390000e+02   8.6362000e+02   8.6470000e+02   7.3602000e+02   7.3708000e+02
   8.6362000e+02   8.6576000e+02   8.6600000e+02   8.6752000e+02   7.3951000e+02   7.4148000e+02
   8.6508000e+02   8.6730000e+02   8.6697000e+02   8.6808000e+02   7.4446000e+02   7.4563000e+02
   8.9126000e+02   8.9331000e+02   8.9410000e+02   8.9754000e+02   7.7504000e+02   7.7554000e+02
   9.1176000e+02   9.1558000e+02   9.1638000e+02   9.1796000e+02   7.9810000e+02   7.9871000e+02
   9.1778000e+02   9.1966000e+02   9.2043000e+02   9.2182000e+02   8.0532000e+02   8.0616000e+02
   9.1856000e+02   9.1947000e+02   9.2085000e+02   9.2328000e+02   8.0924000e+02   8.0884000e+02
   9.1621000e+02   9.1747000e+02   9.1777000e+02   9.1900000e+02   8.0860000e+02   8.0782000e+02
   9.2260000e+02   9.2445000e+02   9.2444000e+02   9.2559000e+02   8.1507000e+02   8.1519000e+02
   9.3226000e+02   9.3430000e+02   9.3354000e+02   9.3413000e+02   8.2716000e+02   8.2580000e+02
   9.4815000e+02   9.5185000e+02   9.5122000e+02   9.5277000e+02   8.4274000e+02   8.4435000e+02
   9.5727000e+02   9.5904000e+02   9.5920000e+02   9.6085000e+02   8.4922000e+02   8.4975000e+02
   9.5799000e+02   9.6040000e+02   9.5975000e+02   9.6147000e+02   8.4695000e+02   8.4821000e+02
   9.5924000e+02   9.6182000e+02   9.6116000e+02   9.6377000e+02   8.4828000e+02   8.5055000e+02
   9.5851000e+02   9.6222000e+02   9.6133000e+02   9.6352000e+02   8.4596000e+02   8.4874000e+02
   9.5892000e+02   9.6279000e+02   9.6214000e+02   9.6479000e+02   8.4973000e+02   8.5194000e+02
   9.6899000e+02   9.7274000e+02   9.7155000e+02   9.7436000e+02   8.5634000e+02   8.5820000e+02
   9.6692000e+02   9.7201000e+02   9.7139000e+02   9.7434000e+02   8.5725000e+02   8.6016000e+02
   9.6555000e+02   9.6974000e+02   9.6848000e+02   9.7110000e+02   8.5468000e+02   8.5678000e+02
   9.6077000e+02   9.6451000e+02   9.6398000e+02   9.6696000e+02   8.4767000e+02   8.5052000e+02
   9.5777000e+02   9.6177000e+02   9.6076000e+02   9.6348000e+02   8.4559000e+02   8.4829000e+02
   9.5775000e+02   9.6236000e+02   9.6141000e+02   9.6433000e+02   8.4328000e+02   8.4622000e+02
   9.5855000e+02   9.6325000e+02   9.6212000e+02   9.6533000e+02   8.4323000e+02   8.4720000e+02
   9.6056000e+02   9.6549000e+02   9.6447000e+02   9.6771000e+02   8.4452000e+02   8.4918000e+02
   9.5490000e+02   9.6201000e+02   9.6112000e+02   9.6534000e+02   8.3993000e+02   8.4577000e+02
   9.5194000e+02   9.5739000e+02   9.5607000e+02   9.5948000e+02   8.3366000e+02   8.3955000e+02
   9.4828000e+02   9.5394000e+02   9.5296000e+02   9.5617000e+02   8.2629000e+02   8.3227000e+02
   9.2577000e+02   9.3054000e+02   9.2919000e+02   9.3266000e+02   8.0109000e+02   8.0732000e+02
   9.0365000e+02   9.0896000e+02   9.0804000e+02   9.1048000e+02   7.7735000e+02   7.8643000e+02
   8.9073000e+02   8.9800000e+02   8.9634000e+02   8.9986000e+02   7.6627000e+02   7.7356000e+02
   8.8227000e+02   8.8832000e+02   8.8831000e+02   8.9218000e+02   7.5459000e+02   7.6190000e+02
   8.7833000e+02   8.8228000e+02   8.8236000e+02   8.8597000e+02   7.4567000e+02   7.5356000e+02
   8.6487000e+02   8.7143000e+02   8.7004000e+02   8.7379000e+02   7.3418000e+02   7.4194000e+02
   8.4925000e+02   8.5504000e+02   8.5329000e+02   8.5779000e+02   7.1680000e+02   7.2502000e+02
   8.2592000e+02   8.3201000e+02   8.3171000e+02   8.3543000e+02   6.9233000e+02   7.0322000e+02
   8.1480000e+02   8.2126000e+02   8.1959000e+02   8.2463000e+02   6.8027000e+02   6.8948000e+02
   8.0689000e+02   8.1392000e+02   8.1252000e+02   8.1707000e+02   6.7169000e+02   6.8106000e+02
   7.9503000e+02   8.0277000e+02   8.0161000e+02   8.0784000e+02   6.6129000e+02   6.6947000e+02
   7.8657000e+02   7.9584000e+02   7.9471000e+02   8.0016000e+02   6.5172000e+02   6.6030000e+02
   7.7876000e+02   7.8933000e+02   7.8694000e+02   7.9301000e+02   6.3891000e+02   6.4703000e+02
   7.6228000e+02   7.7231000e+02   7.7117000e+02   7.7675000e+02   6.2162000e+02   6.2973000e+02
   7.5464000e+02   7.6447000e+02   7.6375000e+02   7.6887000e+02   6.1014000e+02   6.1781000e+02
   7.5147000e+02   7.6056000e+02   7.6027000e+02   7.6599000e+02   6.0215000e+02   6.0941000e+02
   7.4416000e+02   7.5285000e+02   7.5310000e+02   7.5874000e+02   5.9895000e+02   6.0488000e+02
   7.4109000e+02   7.4946000e+02   7.4982000e+02   7.5520000e+02   5.8833000e+02   5.9446000e+02
   7.3434000e+02   7.3989000e+02   7.4120000e+02   7.4666000e+02   5.8083000e+02   5.8960000e+02
   7.2399000e+02   7.3244000e+02   7.3338000e+02   7.3861000e+02   5.7290000e+02   5.7855000e+02
   7.1472000e+02   7.2095000e+02   7.2188000e+02   7.2640000e+02   5.5904000e+02   5.6670000e+02
   7.1873000e+02   7.2338000e+02   7.2414000e+02   7.2748000e+02   5.5248000e+02   5.6027000e+02
   7.1272000e+02   7.1757000e+02   7.1896000e+02   7.2312000e+02   5.5486000e+02   5.6085000e+02
   7.1380000e+02   7.1778000e+02   7.1918000e+02   7.2224000e+02   5.5502000e+02   5.6150000e+02
   7.3248000e+02   7.3683000e+02   7.3797000e+02   7.4093000e+02   5.6390000e+02   5.7189000e+02
   7.4307000e+02   7.4506000e+02   7.4670000e+02   7.4972000e+02   5.7635000e+02   5.8456000e+02
   7.4689000e+02   7.5118000e+02   7.5119000e+02   7.5424000e+02   5.8117000e+02   5.9033000e+02
   7.5382000e+02   7.5697000e+02   7.5866000e+02   7.6209000e+02   5.8793000e+02   5.9024000e+02
   7.5273000e+02   7.5728000e+02   7.5732000e+02   7.6107000e+02   5.9038000e+02   5.9422000e+02
   7.5551000e+02   7.5676000e+02   7.6099000e+02   7.6420000e+02   5.9659000e+02   6.0425000e+02
   7.6829000e+02   7.7164000e+02   7.7234000e+02   7.7664000e+02   6.0267000e+02   6.1725000e+02
   7.8356000e+02   7.8634000e+02   7.8730000e+02   7.8945000e+02   6.2224000e+02   6.3213000e+02
   7.9378000e+02   7.9609000e+02   7.9684000e+02   7.9916000e+02   6.3112000e+02   6.4311000e+02
   7.9513000e+02   7.9522000e+02   7.9856000e+02   8.0110000e+02   6.4107000e+02   6.5250000e+02
   8.0065000e+02   8.0228000e+02   8.0271000e+02   8.0297000e+02   6.5265000e+02   6.5789000e+02
   8.0728000e+02   8.0667000e+02   8.0671000e+02   8.0782000e+02   6.5554000e+02   6.6339000e+02
   7.9942000e+02   8.0005000e+02   8.0178000e+02   8.0243000e+02   6.6473000e+02   6.7121000e+02
   8.0959000e+02   8.0940000e+02   8.1093000e+02   8.1193000e+02   6.7549000e+02   6.8244000e+02
   8.1349000e+02   8.1355000e+02   8.1563000e+02   8.1697000e+02   6.8392000e+02   6.8866000e+02
   8.1671000e+02   8.1646000e+02   8.1892000e+02   8.2046000e+02   6.8662000e+02   6.9535000e+02
   8.1623000e+02   8.1563000e+02   8.1870000e+02   8.1992000e+02   6.9370000e+02   7.0001000e+02
   8.2108000e+02   8.2087000e+02   8.2251000e+02   8.2363000e+02   6.9932000e+02   7.0654000e+02
   8.2640000e+02   8.2565000e+02   8.2799000e+02   8.2830000e+02   6.9615000e+02   7.0763000e+02
   8.2409000e+02   8.2472000e+02   8.2613000e+02   8.2718000e+02   6.9726000e+02   7.0640000e+02
   8.3210000e+02   8.3148000e+02   8.3164000e+02   8.3192000e+02   7.0467000e+02   7.1116000e+02
   8.3327000e+02   8.3351000e+02   8.3509000e+02   8.3471000e+02   7.0826000e+02   7.1296000e+02
   8.3773000e+02   8.3815000e+02   8.3830000e+02   8.3993000e+02   7.1187000e+02   7.2186000e+02
   8.4501000e+02   8.4469000e+02   8.4587000e+02   8.4719000e+02   7.1705000e+02   7.2291000e+02
   8.1244000e+02   8.1282000e+02   8.1309000e+02   8.1277000e+02   6.8035000e+02   6.8570000e+02
   7.8067000e+02   7.8284000e+02   7.8267000e+02   7.8326000e+02   6.5097000e+02   6.5713000e+02
   7.7103000e+02   7.7224000e+02   7.7396000e+02   7.7417000e+02   6.4211000e+02   6.4585000e+02
   7.6691000e+02   7.6822000e+02   7.6916000e+02   7.7084000e+02   6.3807000e+02   6.4313000e+02
   7.7164000e+02   7.7246000e+02   7.7395000e+02   7.7489000e+02   6.4168000e+02   6.4749000e+02
   7.6435000e+02   7.6421000e+02   7.6650000e+02   7.6783000e+02   6.3512000e+02   6.3709000e+02
   7.4617000e+02   7.4747000e+02   7.4764000e+02   7.4894000e+02   6.1805000e+02   6.2190000e+02
   7.1913000e+02   7.2136000e+02   7.2086000e+02   7.2328000e+02   5.8920000e+02   5.9294000e+02
   6.9997000e+02   7.0217000e+02   7.0130000e+02   7.0289000e+02   5.7299000e+02   5.7752000e+02
   6.9483000e+02   6.9509000e+02   6.9693000e+02   6.9844000e+02   5.6748000e+02   5.7084000e+02
   6.8474000e+02   6.8748000e+02   6.8764000e+02   6.8840000e+02   5.5411000e+02   5.5789000e+02
   6.8014000e+02   6.7945000e+02   6.8130000e+02   6.8208000e+02   5.5136000e+02   5.5507000e+02
   6.8035000e+02   6.8165000e+02   6.8288000e+02   6.8389000e+02   5.4859000e+02   5.5254000e+02
   6.6706000e+02   6.6780000e+02   6.6860000e+02   6.7023000e+02   5.3555000e+02   5.4041000e+02
   6.5683000e+02   6.5777000e+02   6.5893000e+02   6.6001000e+02   5.2732000e+02   5.2995000e+02
   6.5081000e+02   6.5201000e+02   6.5241000e+02   6.5360000e+02   5.2038000e+02   5.1977000e+02
   6.4434000e+02   6.4587000e+02   6.4688000e+02   6.4810000e+02   5.1586000e+02   5.1529000e+02
   6.3884000e+02   6.4063000e+02   6.4119000e+02   6.4262000e+02   5.1545000e+02   5.1079000e+02
   6.3354000e+02   6.3696000e+02   6.3706000e+02   6.3930000e+02   5.1084000e+02   5.0739000e+02
   6.3220000e+02   6.3347000e+02   6.3419000e+02   6.3538000e+02   5.0865000e+02   5.0567000e+02
   6.2456000e+02   6.2583000e+02   6.2638000e+02   6.2724000e+02   5.0056000e+02   5.0034000e+02
   6.2141000e+02   6.2318000e+02   6.2378000e+02   6.2465000e+02   4.9514000e+02   4.9612000e+02
   6.2127000e+02   6.2266000e+02   6.2391000e+02   6.2453000e+02   4.9398000e+02   4.9556000e+02
   6.1655000e+02   6.1956000e+02   6.1970000e+02   6.2077000e+02   4.9298000e+02   4.9493000e+02
   6.4783000e+02   6.4903000e+02   6.4862000e+02   6.5051000e+02   5.2371000e+02   5.2713000e+02
   6.7306000e+02   6.7401000e+02   6.7457000e+02   6.7525000e+02   5.5014000e+02   5.5162000e+02
   6.7812000e+02   6.7775000e+02   6.7857000e+02   6.7924000e+02   5.5798000e+02   5.5908000e+02
   6.7810000e+02   6.7705000e+02   6.7918000e+02   6.8005000e+02   5.5945000e+02   5.5970000e+02
   6.6870000e+02   6.6830000e+02   6.7012000e+02   6.7248000e+02   5.5366000e+02   5.5442000e+02
   6.6977000e+02   6.7183000e+02   6.7199000e+02   6.7449000e+02   5.5339000e+02   5.5656000e+02
   6.7828000e+02   6.7968000e+02   6.8017000e+02   6.8169000e+02   5.6056000e+02   5.6470000e+02
   6.9454000e+02   6.9687000e+02   6.9705000e+02   6.9910000e+02   5.7953000e+02   5.8519000e+02
   6.9911000e+02   7.0225000e+02   7.0249000e+02   7.0412000e+02   5.8398000e+02   5.8874000e+02
   6.9190000e+02   6.9359000e+02   6.9437000e+02   6.9658000e+02   5.7791000e+02   5.8429000e+02
   6.8729000e+02   6.8982000e+02   6.9041000e+02   6.9242000e+02   5.7161000e+02   5.7956000e+02
   6.8190000e+02   6.8480000e+02   6.8627000e+02   6.8763000e+02   5.6453000e+02   5.7197000e+02
   6.7670000e+02   6.7875000e+02   6.7925000e+02   6.8180000e+02   5.5936000e+02   5.6646000e+02
   6.7867000e+02   6.8157000e+02   6.8205000e+02   6.8462000e+02   5.6031000e+02   5.6738000e+02
   6.7599000e+02   6.7886000e+02   6.7889000e+02   6.8143000e+02   5.5884000e+02   5.6464000e+02
   6.7187000e+02   6.7440000e+02   6.7431000e+02   6.7654000e+02   5.5280000e+02   5.5930000e+02
   6.6433000e+02   6.6787000e+02   6.6700000e+02   6.6937000e+02   5.4371000e+02   5.5003000e+02
   6.5979000e+02   6.6272000e+02   6.6246000e+02   6.6518000e+02   5.3800000e+02   5.4500000e+02
   6.5513000e+02   6.5883000e+02   6.5839000e+02   6.6105000e+02   5.3235000e+02   5.3814000e+02
   6.4946000e+02   6.5265000e+02   6.5312000e+02   6.5615000e+02   5.2791000e+02   5.3442000e+02
   6.4838000e+02   6.5325000e+02   6.5208000e+02   6.5539000e+02   5.2842000e+02   5.3475000e+02
   6.4048000e+02   6.4229000e+02   6.4400000e+02   6.4757000e+02   5.2261000e+02   5.2783000e+02
   6.3292000e+02   6.3728000e+02   6.3700000e+02   6.4061000e+02   5.1405000e+02   5.2034000e+02
   6.2756000e+02   6.3242000e+02   6.3165000e+02   6.3693000e+02   5.0641000e+02   5.1100000e+02
   5.9700000e+02   6.0178000e+02   6.0111000e+02   6.0484000e+02   4.7318000e+02   4.8007000e+02
   5.7154000e+02   5.7657000e+02   5.7677000e+02   5.8020000e+02   4.4831000e+02   4.5498000e+02
   5.5785000e+02   5.6248000e+02   5.6243000e+02   5.6517000e+02   4.3335000e+02   4.4254000e+02
   5.4570000e+02   5.4993000e+02   5.5000000e+02   5.5379000e+02   4.2003000e+02   4.3073000e+02
   5.3884000e+02   5.4180000e+02   5.4346000e+02   5.4755000e+02   4.1116000e+02   4.2262000e+02
   5.2449000e+02   5.2772000e+02   5.2792000e+02   5.3269000e+02   3.9652000e+02   4.0850000e+02
   5.0509000e+02   5.0814000e+02   5.0932000e+02   5.1406000e+02   3.7602000e+02   3.8880000e+02
   4.7973000e+02   4.8553000e+02   4.8538000e+02   4.8877000e+02   3.4945000e+02   3.6174000e+02
   4.6073000e+02   4.6747000e+02   4.6777000e+02   4.7242000e+02   3.3421000e+02   3.4402000e+02
   4.5143000e+02   4.5720000e+02   4.5850000e+02   4.6231000e+02   3.2292000e+02   3.3384000e+02
   4.3765000e+02   4.4428000e+02   4.4426000e+02   4.4995000e+02   3.1027000e+02   3.2038000e+02
   4.3025000e+02   4.3571000e+02   4.3636000e+02   4.3978000e+02   3.0014000e+02   3.0915000e+02
   4.3052000e+02   4.3553000e+02   4.3721000e+02   4.4138000e+02   2.9472000e+02   3.0457000e+02
   4.2535000e+02   4.3046000e+02   4.3136000e+02   4.3501000e+02   2.8914000e+02   2.9751000e+02
   4.1742000e+02   4.2210000e+02   4.2380000e+02   4.2673000e+02   2.7696000e+02   2.8599000e+02
   4.1016000e+02   4.1420000e+02   4.1656000e+02   4.2093000e+02   2.6315000e+02   2.7641000e+02
   4.0267000e+02   4.0712000e+02   4.0914000e+02   4.1269000e+02   2.5527000e+02   2.6543000e+02
   3.9521000e+02   3.9944000e+02   4.0078000e+02   4.0510000e+02   2.4697000e+02   2.5806000e+02
   3.8825000e+02   3.9259000e+02   3.9432000e+02   3.9904000e+02   2.4192000e+02   2.5461000e+02
   3.8700000e+02   3.9110000e+02   3.9270000e+02   3.9705000e+02   2.4360000e+02   2.5856000e+02
   3.8336000e+02   3.8621000e+02   3.8858000e+02   3.9200000e+02   2.2666000e+02   2.4298000e+02
   3.8407000e+02   3.8804000e+02   3.9056000e+02   3.9465000e+02   2.3289000e+02   2.5032000e+02
   3.8345000e+02   3.8932000e+02   3.9002000e+02   3.9698000e+02   2.3940000e+02   2.5493000e+02
   3.7843000e+02   3.8095000e+02   3.8429000e+02   3.8682000e+02   2.3417000e+02   2.4889000e+02
   4.0429000e+02   4.0851000e+02   4.1141000e+02   4.1359000e+02   2.5439000e+02   2.6820000e+02
   4.2391000e+02   4.2731000e+02   4.2973000e+02   4.3386000e+02   2.7587000e+02   2.9002000e+02
   4.2973000e+02   4.3401000e+02   4.3606000e+02   4.3915000e+02   2.8916000e+02   2.9760000e+02
   4.4156000e+02   4.4307000e+02   4.4697000e+02   4.4902000e+02   2.9789000e+02   3.0948000e+02
   4.5283000e+02   4.5408000e+02   4.5540000e+02   4.6032000e+02   3.0817000e+02   3.1647000e+02
   4.5998000e+02   4.6217000e+02   4.6416000e+02   4.6917000e+02   3.1832000e+02   3.2611000e+02
   4.7125000e+02   4.7328000e+02   4.7586000e+02   4.7895000e+02   3.3257000e+02   3.4058000e+02
   5.0174000e+02   5.0136000e+02   5.0384000e+02   5.0502000e+02   3.5025000e+02   3.5603000e+02
   5.0992000e+02   5.1252000e+02   5.1432000e+02   5.1718000e+02   3.6281000e+02   3.6583000e+02
   5.1724000e+02   5.1887000e+02   5.2074000e+02   5.2333000e+02   3.6943000e+02   3.8704000e+02
   5.2514000e+02   5.2732000e+02   5.2835000e+02   5.3005000e+02   3.7809000e+02   3.9830000e+02
   5.3410000e+02   5.3486000e+02   5.3653000e+02   5.3820000e+02   4.0422000e+02   4.1004000e+02
   5.2991000e+02   5.3245000e+02   5.3244000e+02   5.3354000e+02   4.0849000e+02   4.1264000e+02
   5.4361000e+02   5.4485000e+02   5.4614000e+02   5.4677000e+02   4.1523000e+02   4.2532000e+02
   5.4793000e+02   5.4930000e+02   5.5007000e+02   5.5272000e+02   4.2886000e+02   4.3722000e+02
   5.5099000e+02   5.5243000e+02   5.5405000e+02   5.5453000e+02   4.3451000e+02   4.4317000e+02
   5.5976000e+02   5.6099000e+02   5.6171000e+02   5.6168000e+02   4.4289000e+02   4.5295000e+02
   5.5899000e+02   5.5916000e+02   5.6082000e+02   5.6235000e+02   4.5242000e+02   4.5949000e+02
   5.6392000e+02   5.6510000e+02   5.6617000e+02   5.6733000e+02   4.5444000e+02   4.6005000e+02
   5.6642000e+02   5.6712000e+02   5.6868000e+02   5.7015000e+02   4.5465000e+02   4.6002000e+02
   5.7376000e+02   5.7404000e+02   5.7635000e+02   5.7692000e+02   4.5883000e+02   4.6555000e+02
   5.7562000e+02   5.7590000e+02   5.7737000e+02   5.7855000e+02   4.6599000e+02   4.7132000e+02
   5.8019000e+02   5.8203000e+02   5.8347000e+02   5.8484000e+02   4.7061000e+02   4.7681000e+02
   5.8231000e+02   5.8333000e+02   5.8390000e+02   5.8485000e+02   4.6851000e+02   4.7455000e+02
   5.3846000e+02   5.4070000e+02   5.4141000e+02   5.4356000e+02   4.3583000e+02   4.3734000e+02
   5.0781000e+02   5.0862000e+02   5.0932000e+02   5.1146000e+02   4.0303000e+02   4.0672000e+02
   5.0134000e+02   5.0070000e+02   5.0192000e+02   5.0244000e+02   3.8899000e+02   3.9369000e+02
   4.9684000e+02   4.9758000e+02   4.9856000e+02   4.9978000e+02   3.9185000e+02   3.8956000e+02
   5.0771000e+02   5.0987000e+02   5.1045000e+02   5.1264000e+02   3.9887000e+02   3.9161000e+02
   4.9692000e+02   5.0195000e+02   5.0176000e+02   5.0353000e+02   3.9100000e+02   3.8591000e+02
   4.8387000e+02   4.8623000e+02   4.8690000e+02   4.8744000e+02   3.7641000e+02   3.6801000e+02
   4.5507000e+02   4.5823000e+02   4.5767000e+02   4.6004000e+02   3.4743000e+02   3.4017000e+02
   4.3914000e+02   4.4201000e+02   4.4250000e+02   4.4506000e+02   3.3231000e+02   3.3009000e+02
   4.3981000e+02   4.4196000e+02   4.4176000e+02   4.4319000e+02   3.2811000e+02   3.3008000e+02
   4.3601000e+02   4.3873000e+02   4.3835000e+02   4.3991000e+02   3.2518000e+02   3.2531000e+02
   4.3430000e+02   4.3580000e+02   4.3513000e+02   4.3595000e+02   3.2724000e+02   3.2837000e+02
   4.3955000e+02   4.4366000e+02   4.4251000e+02   4.4398000e+02   3.3548000e+02   3.3857000e+02
   4.3186000e+02   4.3559000e+02   4.3496000e+02   4.3668000e+02   3.3806000e+02   3.3717000e+02
   4.2665000e+02   4.2986000e+02   4.2903000e+02   4.3051000e+02   3.3334000e+02   3.3521000e+02
   4.1952000e+02   4.2328000e+02   4.2350000e+02   4.2552000e+02   3.2770000e+02   3.3111000e+02
   4.1554000e+02   4.1749000e+02   4.1785000e+02   4.1933000e+02   3.2517000e+02   3.2831000e+02
   4.1212000e+02   4.1501000e+02   4.1591000e+02   4.1787000e+02   3.2509000e+02   3.2866000e+02
   4.0911000e+02   4.1139000e+02   4.1228000e+02   4.1345000e+02   3.2842000e+02   3.3088000e+02
   4.1226000e+02   4.1435000e+02   4.1570000e+02   4.1758000e+02   3.3341000e+02   3.3635000e+02
   4.0590000e+02   4.0892000e+02   4.0775000e+02   4.1071000e+02   3.2816000e+02   3.3049000e+02
   4.0271000e+02   4.0557000e+02   4.0534000e+02   4.0764000e+02   3.2700000e+02   3.2775000e+02
   4.0624000e+02   4.0873000e+02   4.0860000e+02   4.0877000e+02   3.3003000e+02   3.3068000e+02
   4.0097000e+02   4.0390000e+02   4.0519000e+02   4.0674000e+02   3.3558000e+02   3.3876000e+02
   4.3785000e+02   4.4003000e+02   4.3950000e+02   4.4165000e+02   3.7103000e+02   3.7935000e+02
   4.6691000e+02   4.6912000e+02   4.7004000e+02   4.7165000e+02   4.0743000e+02   4.0968000e+02
   4.7338000e+02   4.7594000e+02   4.7654000e+02   4.7846000e+02   4.1917000e+02   4.2209000e+02
   4.7655000e+02   4.7920000e+02   4.7872000e+02   4.8076000e+02   4.2759000e+02   4.3087000e+02
   4.7011000e+02   4.7130000e+02   4.7232000e+02   4.7560000e+02   4.2639000e+02   4.2991000e+02
   4.7382000e+02   4.7609000e+02   4.7724000e+02   4.7858000e+02   4.3742000e+02   4.4250000e+02
   4.9156000e+02   4.9269000e+02   4.9169000e+02   4.9257000e+02   4.5438000e+02   4.5801000e+02
   5.1704000e+02   5.1849000e+02   5.1767000e+02   5.1857000e+02   4.8220000e+02   4.8578000e+02
   5.2475000e+02   5.2594000e+02   5.2628000e+02   5.2700000e+02   4.9272000e+02   4.9817000e+02
   5.2328000e+02   5.2525000e+02   5.2561000e+02   5.2685000e+02   4.8947000e+02   4.9664000e+02
   5.2628000e+02   5.2843000e+02   5.2756000e+02   5.2943000e+02   4.9092000e+02   4.9681000e+02
   5.2356000e+02   5.2530000e+02   5.2688000e+02   5.2850000e+02   4.8684000e+02   4.9406000e+02
   5.1327000e+02   5.1637000e+02   5.1704000e+02   5.1930000e+02   4.8360000e+02   4.8983000e+02
   5.1696000e+02   5.1982000e+02   5.2019000e+02   5.2136000e+02   4.8530000e+02   4.9084000e+02
   5.1801000e+02   5.1981000e+02   5.1965000e+02   5.2075000e+02   4.8401000e+02   4.9129000e+02
   5.1551000e+02   5.1869000e+02   5.1894000e+02   5.2034000e+02   4.8229000e+02   4.9084000e+02
   5.1178000e+02   5.1595000e+02   5.1696000e+02   5.1855000e+02   4.7884000e+02   4.8657000e+02
   5.0559000e+02   5.1023000e+02   5.1051000e+02   5.1327000e+02   4.7608000e+02   4.8446000e+02
   5.0001000e+02   5.0348000e+02   5.0560000e+02   5.0645000e+02   4.7160000e+02   4.8063000e+02
   4.9377000e+02   4.9771000e+02   4.9887000e+02   5.0104000e+02   4.6706000e+02   4.7441000e+02
   4.9373000e+02   4.9767000e+02   4.9928000e+02   5.0181000e+02   4.6697000e+02   4.7468000e+02
   4.8806000e+02   4.9245000e+02   4.9482000e+02   4.9806000e+02   4.6252000e+02   4.7011000e+02
   4.7938000e+02   4.8376000e+02   4.8620000e+02   4.8963000e+02   4.5537000e+02   4.6434000e+02
   4.7442000e+02   4.7909000e+02   4.8140000e+02   4.8493000e+02   4.4805000e+02   4.5535000e+02
   4.4057000e+02   4.4523000e+02   4.4863000e+02   4.5432000e+02   4.1608000e+02   4.2328000e+02
   4.1056000e+02   4.1608000e+02   4.1870000e+02   4.2435000e+02   3.9145000e+02   3.9736000e+02
   3.9682000e+02   4.0157000e+02   4.0472000e+02   4.0910000e+02   3.7717000e+02   3.8277000e+02
   3.8504000e+02   3.8984000e+02   3.9314000e+02   3.9804000e+02   3.6456000e+02   3.7012000e+02
   3.7952000e+02   3.8471000e+02   3.8669000e+02   3.9133000e+02   3.5571000e+02   3.6254000e+02
   3.6719000e+02   3.7097000e+02   3.7346000e+02   3.7752000e+02   3.4199000e+02   3.4754000e+02
   3.4739000e+02   3.4977000e+02   3.5231000e+02   3.5496000e+02   3.2282000e+02   3.2748000e+02
   3.2239000e+02   3.2479000e+02   3.2865000e+02   3.3217000e+02   2.9790000e+02   3.0293000e+02
   3.0840000e+02   3.0963000e+02   3.1139000e+02   3.1424000e+02   2.8217000e+02   2.8566000e+02
   2.9908000e+02   2.9874000e+02   3.0121000e+02   3.0432000e+02   2.7420000e+02   2.7827000e+02
   2.8513000e+02   2.8515000e+02   2.8745000e+02   2.9175000e+02   2.5991000e+02   2.6283000e+02
   2.7645000e+02   2.7625000e+02   2.7935000e+02   2.8150000e+02   2.4583000e+02   2.5420000e+02
   2.8152000e+02   2.8263000e+02   2.8340000e+02   2.8591000e+02   2.4248000e+02   2.4985000e+02
   2.6540000e+02   2.6662000e+02   2.6874000e+02   2.7138000e+02   2.3312000e+02   2.4169000e+02
   2.6478000e+02   2.6836000e+02   2.6929000e+02   2.7198000e+02   2.2623000e+02   2.3115000e+02
   2.4683000e+02   2.4847000e+02   2.5002000e+02   2.5251000e+02   2.1362000e+02   2.2670000e+02
   2.4340000e+02   2.4139000e+02   2.4880000e+02   2.5230000e+02   2.1045000e+02   2.1649000e+02
   2.2749000e+02   2.3561000e+02   2.3062000e+02   2.3015000e+02   1.8782000e+02   2.0302000e+02
   2.4009000e+02   2.4279000e+02   2.4431000e+02   2.4515000e+02   1.7784000e+02   1.8075000e+02
   2.2090000e+02   2.2536000e+02   2.2422000e+02   2.2556000e+02   2.0015000e+02   2.1791000e+02
   2.2851000e+02   2.2993000e+02   2.3465000e+02   2.3684000e+02   1.7078000e+02   1.8037000e+02
   2.2117000e+02   2.2682000e+02   2.2442000e+02   2.2432000e+02   1.8220000e+02   1.9412000e+02
   2.0127000e+02   2.0973000e+02   2.0852000e+02   2.1065000e+02   1.6172000e+02   1.8558000e+02
   2.0772000e+02   2.1166000e+02   2.1077000e+02   2.1407000e+02   1.8276000e+02   1.7063000e+02
   2.3467000e+02   2.3844000e+02   2.4156000e+02   2.4973000e+02   1.8565000e+02   1.9569000e+02
   2.6906000e+02   2.7554000e+02   2.7459000e+02   2.7389000e+02   2.3654000e+02   2.4181000e+02
   3.0541000e+02   3.0279000e+02   3.0319000e+02   3.0209000e+02   2.1370000e+02   2.1914000e+02
   2.9579000e+02   2.9847000e+02   3.0472000e+02   3.0977000e+02   2.6317000e+02   2.8044000e+02
   3.0506000e+02   3.0502000e+02   3.0660000e+02   3.0970000e+02   2.9445000e+02   2.7434000e+02
   3.3431000e+02   3.3727000e+02   3.3754000e+02   3.3857000e+02   2.8672000e+02   2.9691000e+02
   3.6439000e+02   3.6517000e+02   3.6859000e+02   3.7105000e+02   3.2001000e+02   3.4110000e+02
   4.2072000e+02   4.2027000e+02   4.2276000e+02   4.2706000e+02   3.6047000e+02   3.5410000e+02
   4.0019000e+02   4.0118000e+02   4.0599000e+02   4.0852000e+02   3.4572000e+02   3.7606000e+02
   4.1485000e+02   4.1445000e+02   4.1756000e+02   4.2028000e+02   3.8225000e+02   3.7734000e+02
   4.1192000e+02   4.1264000e+02   4.1589000e+02   4.1651000e+02   3.7985000e+02   3.9990000e+02
   4.3956000e+02   4.3807000e+02   4.4139000e+02   4.4193000e+02   3.8199000e+02   3.8966000e+02
   4.2580000e+02   4.2695000e+02   4.2763000e+02   4.3117000e+02   3.4619000e+02   3.7031000e+02
   4.5196000e+02   4.5189000e+02   4.5279000e+02   4.5385000e+02   3.6533000e+02   3.6423000e+02
   4.2327000e+02   4.2340000e+02   4.3053000e+02   4.3460000e+02   3.9971000e+02   3.8446000e+02
   4.3291000e+02   4.3212000e+02   4.3427000e+02   4.3398000e+02   4.1712000e+02   4.1838000e+02
   4.5740000e+02   4.5378000e+02   4.5502000e+02   4.5500000e+02   4.3479000e+02   4.3146000e+02
   4.6758000e+02   4.6154000e+02   4.6620000e+02   4.6630000e+02   4.2838000e+02   4.4346000e+02
   4.6877000e+02   4.6775000e+02   4.7023000e+02   4.7109000e+02   4.1651000e+02   4.3788000e+02
   4.5957000e+02   4.5807000e+02   4.6185000e+02   4.6337000e+02   4.0675000e+02   4.1519000e+02
   4.6698000e+02   4.6731000e+02   4.6758000e+02   4.6882000e+02   4.1489000e+02   4.1382000e+02
   4.6660000e+02   4.6504000e+02   4.6672000e+02   4.6560000e+02   4.1738000e+02   4.1625000e+02
   4.7027000e+02   4.6921000e+02   4.7035000e+02   4.7073000e+02   4.1691000e+02   4.1976000e+02
   4.6576000e+02   4.6333000e+02   4.6597000e+02   4.6553000e+02   4.1371000e+02   4.2215000e+02
   4.3574000e+02   4.3287000e+02   4.3358000e+02   4.3454000e+02   3.7540000e+02   3.8162000e+02
   3.9548000e+02   3.9128000e+02   3.9671000e+02   3.9760000e+02   3.4535000e+02   3.5284000e+02
