   9.2460000e-01   1.0069000e+00   9.8670000e-01   1.0169000e+00   3.3538000e+00   3.0068000e+00
   8.2140000e-01   9.0990000e-01   8.8560000e-01   9.1400000e-01   3.1958000e+00   2.9023000e+00
   8.1360000e-01   8.8610000e-01   8.4830000e-01   8.7680000e-01   3.0519000e+00   2.8008000e+00
   7.6360000e-01   8.6030000e-01   8.2340000e-01   8.8650000e-01   2.8723000e+00   2.7092000e+00
   7.2240000e-01   8.7300000e-01   8.2470000e-01   9.1500000e-01   2.7371000e+00   2.6085000e+00
   7.0800000e-01   8.9230000e-01   8.0990000e-01   8.8780000e-01   2.6278000e+00   2.4853000e+00
   6.9820000e-01   8.6720000e-01   7.8790000e-01   8.4930000e-01   2.5487000e+00   2.4054000e+00
   7.0590000e-01   8.4570000e-01   7.8040000e-01   8.3140000e-01   2.4412000e+00   2.3465000e+00
   7.0980000e-01   8.4370000e-01   7.6970000e-01   8.1170000e-01   2.3336000e+00   2.2549000e+00
   6.8600000e-01   8.2830000e-01   7.3870000e-01   7.7580000e-01   2.2714000e+00   2.1545000e+00
   6.4130000e-01   7.9140000e-01   6.9840000e-01   7.3490000e-01   2.1716000e+00   2.0103000e+00
   6.1060000e-01   7.5590000e-01   6.6700000e-01   7.0380000e-01   2.0319000e+00   1.8257000e+00
   5.8260000e-01   7.2740000e-01   6.3510000e-01   6.7130000e-01   1.8687000e+00   1.6486000e+00
   5.4380000e-01   6.9390000e-01   6.0400000e-01   6.4410000e-01   1.6698000e+00   1.4745000e+00
   5.0800000e-01   6.6640000e-01   5.7650000e-01   6.2090000e-01   1.4756000e+00   1.2908000e+00
   4.8340000e-01   6.4560000e-01   5.5690000e-01   6.0530000e-01   1.2968000e+00   1.0840000e+00
   4.6420000e-01   6.3180000e-01   5.3860000e-01   5.8900000e-01   1.0857000e+00   8.4260000e-01
   4.2480000e-01   6.1220000e-01   5.0590000e-01   5.6050000e-01   7.5920000e-01   5.0920000e-01
   3.6240000e-01   5.8550000e-01   4.6410000e-01   5.1530000e-01   4.5750000e-01   2.4810000e-01
   3.3080000e-01   5.4750000e-01   4.2480000e-01   4.5180000e-01   2.9370000e-01   1.3160000e-01
   3.1410000e-01   4.8690000e-01   3.7440000e-01   3.9680000e-01   2.5180000e-01   1.4980000e-01
   3.3070000e-01   4.5570000e-01   4.1250000e-01   4.1460000e-01   4.4550000e-01   3.7310000e-01
   4.6000000e-01   5.0980000e-01   5.0520000e-01   4.7270000e-01   7.5360000e-01   6.9850000e-01
   5.9580000e-01   5.6880000e-01   5.8670000e-01   5.2160000e-01   1.1362000e+00   1.0907000e+00
   7.5560000e-01   6.2560000e-01   7.1210000e-01   6.2280000e-01   1.5930000e+00   1.5883000e+00
   1.0080000e+00   7.5680000e-01   9.2430000e-01   8.3940000e-01   2.0922000e+00   2.0233000e+00
   1.2886000e+00   1.0235000e+00   1.2051000e+00   1.1246000e+00   2.4682000e+00   2.3755000e+00
   1.5111000e+00   1.2698000e+00   1.4164000e+00   1.3136000e+00   2.8122000e+00   2.7581000e+00
   1.7328000e+00   1.4495000e+00   1.6164000e+00   1.4988000e+00   3.2203000e+00   3.2045000e+00
   1.9613000e+00   1.6487000e+00   1.8447000e+00   1.7454000e+00   3.5857000e+00   3.5854000e+00
   2.1697000e+00   1.8935000e+00   2.0555000e+00   1.9568000e+00   3.9039000e+00   3.9111000e+00
   2.3396000e+00   2.0794000e+00   2.2057000e+00   2.1037000e+00   4.2931000e+00   4.3026000e+00
   2.4623000e+00   2.2081000e+00   2.3316000e+00   2.2198000e+00   4.6666000e+00   4.6660000e+00
   2.5935000e+00   2.3127000e+00   2.4521000e+00   2.3288000e+00   4.9774000e+00   4.9684000e+00
   2.7324000e+00   2.4062000e+00   2.5886000e+00   2.4466000e+00   5.2602000e+00   5.2561000e+00
   2.8677000e+00   2.4893000e+00   2.6962000e+00   2.5036000e+00   5.5833000e+00   5.5742000e+00
   2.9684000e+00   2.5014000e+00   2.7694000e+00   2.5499000e+00   5.8786000e+00   5.8485000e+00
   3.0826000e+00   2.5405000e+00   2.8366000e+00   2.5861000e+00   6.1189000e+00   6.0701000e+00
   3.1668000e+00   2.5698000e+00   2.8784000e+00   2.6145000e+00   6.3356000e+00   6.2866000e+00
   3.2273000e+00   2.5865000e+00   2.9061000e+00   2.6355000e+00   6.5570000e+00   6.4989000e+00
   3.2725000e+00   2.5981000e+00   2.9233000e+00   2.6434000e+00   6.7585000e+00   6.6830000e+00
   3.2964000e+00   2.5779000e+00   2.9131000e+00   2.6215000e+00   6.9260000e+00   6.8354000e+00
   3.3403000e+00   2.5677000e+00   2.9338000e+00   2.5942000e+00   7.0632000e+00   6.9656000e+00
   3.3457000e+00   2.5447000e+00   2.9262000e+00   2.5797000e+00   7.1857000e+00   7.0948000e+00
   3.3467000e+00   2.5132000e+00   2.9200000e+00   2.5753000e+00   7.3191000e+00   7.2358000e+00
   3.3543000e+00   2.4882000e+00   2.9087000e+00   2.5507000e+00   7.4562000e+00   7.3647000e+00
   3.3209000e+00   2.4257000e+00   2.8585000e+00   2.4852000e+00   7.5744000e+00   7.4666000e+00
   3.2911000e+00   2.3595000e+00   2.8183000e+00   2.4247000e+00   7.6675000e+00   7.5418000e+00
   3.2609000e+00   2.2567000e+00   2.7666000e+00   2.3696000e+00   7.7382000e+00   7.5945000e+00
   3.2156000e+00   2.2287000e+00   2.7361000e+00   2.3458000e+00   7.7860000e+00   7.6272000e+00
   3.1431000e+00   2.1879000e+00   2.6727000e+00   2.2814000e+00   7.8091000e+00   7.6449000e+00
   3.0672000e+00   2.1276000e+00   2.5936000e+00   2.1988000e+00   7.8130000e+00   7.6549000e+00
   3.0178000e+00   2.0737000e+00   2.5388000e+00   2.1461000e+00   7.8076000e+00   7.6574000e+00
   2.9941000e+00   2.0512000e+00   2.5138000e+00   2.1384000e+00   7.7899000e+00   7.6489000e+00
   2.9816000e+00   2.0484000e+00   2.4952000e+00   2.1245000e+00   7.7549000e+00   7.6243000e+00
   2.9268000e+00   2.0245000e+00   2.4423000e+00   2.1095000e+00   7.7140000e+00   7.5767000e+00
   2.8850000e+00   2.0209000e+00   2.4092000e+00   2.0941000e+00   7.6744000e+00   7.4807000e+00
   2.8420000e+00   2.0327000e+00   2.3880000e+00   2.0931000e+00   7.5808000e+00   7.3523000e+00
   2.7848000e+00   2.0161000e+00   2.3352000e+00   2.0339000e+00   7.4788000e+00   7.2474000e+00
   2.6626000e+00   2.0552000e+00   2.2998000e+00   2.0589000e+00   7.3390000e+00   7.1191000e+00
   2.4968000e+00   2.0856000e+00   2.2133000e+00   2.0281000e+00   7.1738000e+00   6.9436000e+00
   2.3458000e+00   2.0578000e+00   2.1055000e+00   1.9611000e+00   7.0409000e+00   6.7161000e+00
   2.1689000e+00   1.9607000e+00   1.9600000e+00   1.8463000e+00   6.8572000e+00   6.4515000e+00
   1.9870000e+00   1.8302000e+00   1.8061000e+00   1.7176000e+00   6.6380000e+00   6.1680000e+00
   1.7814000e+00   1.6912000e+00   1.6461000e+00   1.5817000e+00   6.4452000e+00   5.8909000e+00
   1.5762000e+00   1.5393000e+00   1.4705000e+00   1.4248000e+00   5.9404000e+00   5.4095000e+00
   1.3551000e+00   1.3484000e+00   1.2605000e+00   1.2204000e+00   5.5440000e+00   5.0235000e+00
   1.1310000e+00   1.1312000e+00   1.0491000e+00   1.0165000e+00   5.1658000e+00   4.6122000e+00
   9.2540000e-01   9.3540000e-01   8.5850000e-01   8.3170000e-01   4.7596000e+00   4.1919000e+00
   7.3850000e-01   7.6880000e-01   6.9080000e-01   6.7550000e-01   4.3188000e+00   3.7806000e+00
   5.7300000e-01   6.2630000e-01   5.4600000e-01   5.4300000e-01   3.8638000e+00   3.4218000e+00
   4.2840000e-01   4.9980000e-01   4.1320000e-01   4.1380000e-01   3.4504000e+00   3.0702000e+00
   2.9890000e-01   3.7810000e-01   2.9870000e-01   3.0530000e-01   3.0849000e+00   2.6886000e+00
   2.1120000e-01   2.9460000e-01   2.2820000e-01   2.4620000e-01   2.7354000e+00   2.3174000e+00
   1.6300000e-01   2.5740000e-01   1.9440000e-01   2.2020000e-01   2.3635000e+00   1.9470000e+00
   1.2740000e-01   2.3730000e-01   1.6970000e-01   2.0300000e-01   1.9843000e+00   1.5915000e+00
   9.4000000e-02   2.1980000e-01   1.4620000e-01   1.8570000e-01   1.6104000e+00   1.2574000e+00
   6.0900000e-02   1.9720000e-01   1.1800000e-01   1.6400000e-01   1.2811000e+00   9.6360000e-01
   3.3500000e-02   1.7610000e-01   9.3300000e-02   1.4170000e-01   9.7570000e-01   7.1880000e-01
   1.3700000e-02   1.5250000e-01   6.8900000e-02   1.1590000e-01   7.0090000e-01   5.0270000e-01
  -5.2000000e-03   1.3300000e-01   5.2900000e-02   1.0170000e-01   4.5850000e-01   3.2290000e-01
  -1.8300000e-02   1.2190000e-01   4.4100000e-02   9.4900000e-02   2.6240000e-01   1.5570000e-01
  -2.3600000e-02   1.1760000e-01   4.0900000e-02   9.2000000e-02   1.1580000e-01  -1.6800000e-02
  -2.3000000e-02   1.1440000e-01   3.9700000e-02   8.9000000e-02  -2.7000000e-02  -1.7670000e-01
  -2.6000000e-02   1.0920000e-01   3.3900000e-02   8.1500000e-02  -1.7460000e-01  -3.2300000e-01
  -4.8000000e-02   9.8000000e-02   1.7900000e-02   6.7000000e-02  -3.2150000e-01  -4.5720000e-01
  -8.1200000e-02   7.8900000e-02  -6.2000000e-03   4.6200000e-02  -4.7050000e-01  -5.6350000e-01
  -1.1960000e-01   4.7600000e-02  -4.6100000e-02   4.2000000e-03  -6.1110000e-01  -6.5700000e-01
  -1.5400000e-01   3.9000000e-03  -8.5600000e-02  -4.2500000e-02  -7.3740000e-01  -7.5420000e-01
  -1.8070000e-01  -4.7800000e-02  -1.2100000e-01  -8.0500000e-02  -8.3580000e-01  -8.5350000e-01
  -1.9130000e-01  -6.6500000e-02  -1.2120000e-01  -6.1000000e-02  -9.3140000e-01  -9.4060000e-01
  -1.9350000e-01  -2.7000000e-02  -1.1050000e-01  -4.8400000e-02  -1.0318000e+00  -1.0083000e+00
  -2.2010000e-01  -4.7200000e-02  -1.5080000e-01  -9.5800000e-02  -1.1201000e+00  -1.0521000e+00
  -2.7220000e-01  -1.1430000e-01  -1.7940000e-01  -1.1540000e-01  -1.1910000e+00  -1.0774000e+00
  -2.9110000e-01  -7.9500000e-02  -1.2930000e-01  -2.8000000e-02  -1.2543000e+00  -1.1032000e+00
  -2.5380000e-01   5.6400000e-02  -8.9400000e-02  -2.6700000e-02  -1.2920000e+00  -1.1284000e+00
  -2.4670000e-01   1.5500000e-02  -1.3300000e-01  -8.3700000e-02  -1.3107000e+00  -1.1426000e+00
  -3.0570000e-01  -1.3960000e-01  -2.1040000e-01  -1.0510000e-01  -1.3310000e+00  -1.1633000e+00
  -2.6360000e-01  -1.1070000e-01  -1.7820000e-01  -1.1160000e-01  -1.3560000e+00  -1.1932000e+00
  -2.4010000e-01  -8.5900000e-02  -1.6410000e-01  -1.0840000e-01  -1.3800000e+00  -1.2221000e+00
  -2.1810000e-01  -7.8900000e-02  -1.5140000e-01  -9.8700000e-02  -1.4083000e+00  -1.2419000e+00
  -1.9970000e-01  -7.5100000e-02  -1.4910000e-01  -1.0490000e-01  -1.4415000e+00  -1.2620000e+00
  -2.0500000e-01  -8.9900000e-02  -1.6990000e-01  -1.3430000e-01  -1.4621000e+00  -1.2838000e+00
  -2.2960000e-01  -1.2390000e-01  -2.0100000e-01  -1.6810000e-01  -1.4829000e+00  -1.3048000e+00
  -2.4340000e-01  -1.5850000e-01  -2.0940000e-01  -1.6910000e-01  -1.5340000e+00  -1.3381000e+00
  -2.1810000e-01  -1.0120000e-01  -1.6470000e-01  -1.1500000e-01  -1.5725000e+00  -1.3827000e+00
  -1.8570000e-01  -8.9100000e-02  -1.3620000e-01  -8.8900000e-02  -1.6166000e+00  -1.4168000e+00
  -1.5430000e-01  -4.8500000e-02  -1.0470000e-01  -5.9200000e-02  -1.6736000e+00  -1.4395000e+00
  -1.3580000e-01  -2.6100000e-02  -8.7200000e-02  -4.2400000e-02  -1.7258000e+00  -1.4562000e+00
  -1.2720000e-01  -1.7100000e-02  -8.8900000e-02  -5.1700000e-02  -1.7669000e+00  -1.4714000e+00
  -1.3620000e-01  -3.2200000e-02  -9.9900000e-02  -6.7500000e-02  -1.8002000e+00  -1.4944000e+00
  -1.4070000e-01  -4.9500000e-02  -1.1090000e-01  -8.5400000e-02  -1.8290000e+00  -1.5423000e+00
  -1.3880000e-01  -6.3900000e-02  -1.1610000e-01  -9.2400000e-02  -1.8710000e+00  -1.6132000e+00
  -1.3050000e-01  -6.5900000e-02  -1.0930000e-01  -8.4800000e-02  -1.8804000e+00  -1.6377000e+00
  -1.1290000e-01  -5.3800000e-02  -1.0310000e-01  -7.7100000e-02  -1.7509000e+00  -1.4741000e+00
  -1.0390000e-01  -4.0500000e-02  -9.6200000e-02  -7.7300000e-02  -1.7337000e+00  -1.4672000e+00
  -1.0180000e-01  -3.7900000e-02  -1.0520000e-01  -1.0150000e-01  -1.5804000e+00  -1.3381000e+00
  -1.2250000e-01  -6.0400000e-02  -1.2920000e-01  -1.3170000e-01  -1.3088000e+00  -1.0897000e+00
  -1.4270000e-01  -8.9000000e-02  -1.3600000e-01  -1.4900000e-01  -9.3150000e-01  -7.2000000e-01
  -1.4280000e-01  -9.7300000e-02  -1.3520000e-01  -1.5780000e-01  -5.4030000e-01  -3.5580000e-01
  -1.2020000e-01  -1.0600000e-01  -1.0770000e-01  -1.3350000e-01  -1.8290000e-01   1.1600000e-02
  -8.9400000e-02  -6.5300000e-02  -5.6200000e-02  -7.3700000e-02   2.3130000e-01   4.0560000e-01
  -2.5800000e-02   5.9000000e-03   4.9600000e-02   3.5600000e-02   5.8680000e-01   7.3430000e-01
   9.1700000e-02   1.0180000e-01   1.6470000e-01   1.2730000e-01   9.2750000e-01   1.0285000e+00
   2.0520000e-01   1.7550000e-01   2.5530000e-01   1.9420000e-01   1.2210000e+00   1.3147000e+00
   3.0430000e-01   2.2930000e-01   3.2330000e-01   2.0010000e-01   1.4750000e+00   1.6168000e+00
   3.7270000e-01   2.0050000e-01   3.2770000e-01   1.6870000e-01   1.7652000e+00   1.8864000e+00
   3.7670000e-01   1.6060000e-01   2.6600000e-01   8.7800000e-02   2.0513000e+00   2.1206000e+00
   2.6120000e-01   9.4100000e-02   1.8850000e-01   3.4000000e-02   2.3033000e+00   2.3312000e+00
   1.7700000e-01   8.0400000e-02   1.5540000e-01   3.1800000e-02   2.5318000e+00   2.5331000e+00
   1.2350000e-01   1.0990000e-01   1.6690000e-01   1.8600000e-02   2.7447000e+00   2.7383000e+00
   1.1840000e-01   1.2560000e-01   1.6940000e-01   2.8700000e-02   2.9605000e+00   2.9702000e+00
   1.3900000e-01   1.4530000e-01   1.9700000e-01   4.2400000e-02   3.1998000e+00   3.2002000e+00
   1.6980000e-01   1.4590000e-01   2.0620000e-01   5.9600000e-02   3.4295000e+00   3.4136000e+00
   1.8350000e-01   1.7850000e-01   2.1580000e-01   5.0900000e-02   3.6349000e+00   3.6024000e+00
   1.9100000e-01   1.8190000e-01   2.3380000e-01   6.9100000e-02   3.8173000e+00   3.7669000e+00
   2.1420000e-01   2.1230000e-01   2.4850000e-01   8.0700000e-02   3.9834000e+00   3.9217000e+00
   2.2470000e-01   2.2080000e-01   2.6360000e-01   8.5600000e-02   4.1379000e+00   4.0756000e+00
   2.3610000e-01   2.1770000e-01   2.6590000e-01   8.9800000e-02   4.2824000e+00   4.2330000e+00
   2.3860000e-01   2.1760000e-01   2.6580000e-01   8.2900000e-02   4.4242000e+00   4.3923000e+00
   2.4430000e-01   2.1340000e-01   2.7920000e-01   9.8800000e-02   4.5701000e+00   4.5535000e+00
   2.7390000e-01   2.4300000e-01   3.1470000e-01   1.3480000e-01   4.7435000e+00   4.7181000e+00
   3.1700000e-01   2.8320000e-01   3.5480000e-01   1.7640000e-01   4.9041000e+00   4.8807000e+00
   3.6090000e-01   3.1990000e-01   3.8690000e-01   2.0880000e-01   5.0323000e+00   5.0301000e+00
   3.8620000e-01   3.4010000e-01   4.0200000e-01   2.2220000e-01   5.0710000e+00   5.0850000e+00
   4.0280000e-01   3.4350000e-01   3.9870000e-01   2.1960000e-01   5.2531000e+00   5.1425000e+00
   3.9340000e-01   3.3130000e-01   3.7930000e-01   2.0490000e-01   5.4934000e+00   4.7621000e+00
   3.7000000e-01   3.0910000e-01   3.5080000e-01   1.8650000e-01   5.2336000e+00   4.9447000e+00
   3.4780000e-01   2.9010000e-01   3.2690000e-01   1.7050000e-01   5.2523000e+00   5.3150000e+00
   3.2540000e-01   2.7080000e-01   3.0380000e-01   1.5640000e-01   5.2434000e+00   5.4779000e+00
   3.0770000e-01   2.5750000e-01   2.8980000e-01   1.5180000e-01   5.3950000e+00   5.4665000e+00
   2.9640000e-01   2.5520000e-01   2.8230000e-01   1.5200000e-01   5.5530000e+00   5.5048000e+00
   2.9970000e-01   2.5430000e-01   2.8670000e-01   1.6450000e-01   5.5987000e+00   5.4766000e+00
   3.1650000e-01   2.5720000e-01   3.0250000e-01   1.8600000e-01   5.5087000e+00   5.4454000e+00
   3.5210000e-01   2.6780000e-01   3.2470000e-01   2.1170000e-01   5.5038000e+00   5.3831000e+00
   3.8220000e-01   2.8140000e-01   3.4710000e-01   2.4000000e-01   5.4306000e+00   5.3198000e+00
   4.4900000e-01   3.0270000e-01   3.8130000e-01   2.5810000e-01   5.3680000e+00   5.2445000e+00
   4.7950000e-01   2.7320000e-01   3.5360000e-01   2.2220000e-01   5.2936000e+00   5.0029000e+00
   4.5880000e-01   2.2760000e-01   3.2460000e-01   2.0560000e-01   5.0272000e+00   4.6194000e+00
   4.7100000e-01   2.2790000e-01   3.3900000e-01   2.3740000e-01   4.2819000e+00   4.1803000e+00
   5.2170000e-01   2.6250000e-01   3.7390000e-01   2.8520000e-01   3.7445000e+00   3.6756000e+00
   5.4430000e-01   3.0010000e-01   3.8510000e-01   2.9840000e-01   3.0087000e+00   3.2520000e+00
   5.1050000e-01   2.9090000e-01   3.4210000e-01   2.6740000e-01   2.9927000e+00   3.2374000e+00
   4.2060000e-01   2.5170000e-01   2.7600000e-01   2.1970000e-01   2.9227000e+00   3.0877000e+00
   3.3800000e-01   2.1300000e-01   2.1980000e-01   1.8040000e-01   2.8933000e+00   2.8207000e+00
   2.6340000e-01   1.7560000e-01   1.6570000e-01   1.4220000e-01   2.6721000e+00   2.5672000e+00
   2.0450000e-01   1.4910000e-01   1.2780000e-01   1.1930000e-01   2.3861000e+00   2.3795000e+00
   1.5340000e-01   1.2800000e-01   9.2300000e-02   9.4900000e-02   2.1589000e+00   2.2282000e+00
   1.0220000e-01   9.5000000e-02   5.0600000e-02   5.8600000e-02   1.9833000e+00   1.9313000e+00
   5.1200000e-02   5.4800000e-02   5.9000000e-03   1.9600000e-02   1.8048000e+00   1.4563000e+00
   9.5000000e-03   2.4800000e-02  -2.2100000e-02   4.0000000e-04   1.3509000e+00   1.0794000e+00
  -0.0000000e+00   1.5300000e-02  -2.4500000e-02   1.8000000e-03   1.0163000e+00   7.5850000e-01
   7.0000000e-03   2.0700000e-02  -1.9200000e-02   6.9000000e-03   6.6490000e-01   5.6380000e-01
   1.1900000e-02   2.6800000e-02  -2.1000000e-02   2.7000000e-03   4.2680000e-01   4.0870000e-01
   1.4000000e-03   2.2300000e-02  -3.4700000e-02  -1.0500000e-02   2.3050000e-01   2.4960000e-01
  -2.5100000e-02   9.1000000e-03  -6.1800000e-02  -3.7400000e-02   4.4700000e-02   7.2700000e-02
  -8.0200000e-02  -2.6800000e-02  -1.0190000e-01  -6.9900000e-02  -7.5900000e-02  -9.3300000e-02
  -1.1420000e-01  -4.6900000e-02  -1.1440000e-01  -7.5500000e-02  -1.8700000e-01  -2.6690000e-01
  -1.1310000e-01  -5.0100000e-02  -1.0620000e-01  -6.7600000e-02  -3.3360000e-01  -4.2450000e-01
  -1.0640000e-01  -4.5100000e-02  -1.0210000e-01  -6.5900000e-02  -4.6920000e-01  -5.8800000e-01
  -1.1500000e-01  -5.3600000e-02  -1.1490000e-01  -8.2400000e-02  -5.9900000e-01  -7.3400000e-01
  -1.3620000e-01  -7.8100000e-02  -1.4190000e-01  -1.1320000e-01  -7.4600000e-01  -8.8080000e-01
  -1.7240000e-01  -1.1750000e-01  -1.7760000e-01  -1.5040000e-01  -8.9610000e-01  -1.0247000e+00
  -2.2060000e-01  -1.7380000e-01  -2.3610000e-01  -2.0400000e-01  -1.0410000e+00  -1.1424000e+00
  -2.3720000e-01  -1.8340000e-01  -2.2220000e-01  -1.8320000e-01  -1.1770000e+00  -1.2474000e+00
  -2.2520000e-01  -1.7030000e-01  -2.2310000e-01  -1.8460000e-01  -1.2859000e+00  -1.3406000e+00
  -2.2970000e-01  -1.7130000e-01  -2.2730000e-01  -1.9850000e-01  -1.4055000e+00  -1.3996000e+00
  -2.4170000e-01  -1.8860000e-01  -2.3510000e-01  -2.0530000e-01  -1.5084000e+00  -1.4636000e+00
  -2.4190000e-01  -1.9060000e-01  -2.3550000e-01  -2.0650000e-01  -1.5979000e+00  -1.5253000e+00
  -2.3140000e-01  -1.8160000e-01  -2.2460000e-01  -1.9720000e-01  -1.6913000e+00  -1.5891000e+00
  -2.1310000e-01  -1.7030000e-01  -2.2220000e-01  -2.0390000e-01  -1.7879000e+00  -1.6477000e+00
  -2.2320000e-01  -1.9300000e-01  -2.3960000e-01  -2.2350000e-01  -1.8579000e+00  -1.7306000e+00
  -2.3040000e-01  -2.1210000e-01  -2.7160000e-01  -2.8450000e-01  -1.9290000e+00  -1.8012000e+00
  -3.1630000e-01  -3.2130000e-01  -3.6650000e-01  -3.6960000e-01  -1.9875000e+00  -1.8900000e+00
  -3.3800000e-01  -3.5170000e-01  -3.2660000e-01  -2.9360000e-01  -2.0537000e+00  -1.9597000e+00
  -2.3180000e-01  -2.3650000e-01  -2.5680000e-01  -2.4260000e-01  -2.0981000e+00  -2.0247000e+00
  -2.0880000e-01  -2.0850000e-01  -2.4870000e-01  -2.3960000e-01  -2.1441000e+00  -2.0756000e+00
  -2.2560000e-01  -2.2030000e-01  -2.5360000e-01  -2.4270000e-01  -2.1703000e+00  -2.1386000e+00
  -2.3720000e-01  -2.2920000e-01  -2.6050000e-01  -2.4690000e-01  -2.1716000e+00  -2.1883000e+00
  -2.3300000e-01  -2.2910000e-01  -2.5300000e-01  -2.3420000e-01  -2.1939000e+00  -2.2030000e+00
  -2.2230000e-01  -2.1620000e-01  -2.4270000e-01  -2.2120000e-01  -2.2459000e+00  -2.2036000e+00
  -2.1270000e-01  -2.0280000e-01  -2.3300000e-01  -2.1620000e-01  -2.2848000e+00  -2.1911000e+00
  -1.9480000e-01  -1.9760000e-01  -2.2360000e-01  -2.0430000e-01  -2.3046000e+00  -2.2035000e+00
  -1.7920000e-01  -1.8410000e-01  -2.0630000e-01  -1.8570000e-01  -2.3069000e+00  -2.2291000e+00
  -1.5440000e-01  -1.6850000e-01  -1.8730000e-01  -1.6910000e-01  -2.3005000e+00  -2.2529000e+00
  -1.3490000e-01  -1.5370000e-01  -1.7550000e-01  -1.5580000e-01  -2.2961000e+00  -2.2784000e+00
  -1.2640000e-01  -1.4430000e-01  -1.6360000e-01  -1.3750000e-01  -2.3083000e+00  -2.2961000e+00
  -1.1650000e-01  -1.2100000e-01  -1.4620000e-01  -1.1040000e-01  -2.3460000e+00  -2.2951000e+00
  -1.0520000e-01  -9.0100000e-02  -1.2050000e-01  -7.6100000e-02  -2.3713000e+00  -2.3087000e+00
  -8.6600000e-02  -5.2700000e-02  -9.5900000e-02  -5.1400000e-02  -2.3655000e+00  -2.3124000e+00
  -7.2700000e-02  -3.3600000e-02  -7.6300000e-02  -2.8800000e-02  -2.2592000e+00  -2.2110000e+00
  -5.1800000e-02  -5.0000000e-03  -5.5700000e-02  -1.5100000e-02  -2.2022000e+00  -2.1530000e+00
  -3.9600000e-02   1.0600000e-02  -3.7300000e-02  -2.4000000e-03  -1.9826000e+00  -1.9290000e+00
  -2.0300000e-02   3.2600000e-02  -1.0500000e-02   1.4400000e-02  -1.6871000e+00  -1.6244000e+00
   1.0900000e-02   5.6700000e-02   1.9000000e-02   2.8000000e-02  -1.3234000e+00  -1.2389000e+00
   3.2700000e-02   7.3200000e-02   4.0100000e-02   4.0200000e-02  -9.6460000e-01  -8.7560000e-01
   5.1600000e-02   9.0400000e-02   6.4200000e-02   5.2500000e-02  -5.9580000e-01  -4.8370000e-01
   7.3500000e-02   1.0530000e-01   8.6700000e-02   6.2800000e-02  -2.1330000e-01  -1.0290000e-01
   9.4000000e-02   1.1440000e-01   1.0920000e-01   7.2400000e-02   1.2760000e-01   2.4960000e-01
   1.1870000e-01   1.2120000e-01   1.3060000e-01   7.8100000e-02   4.6140000e-01   5.7480000e-01
   1.4430000e-01   1.2400000e-01   1.3910000e-01   6.4700000e-02   7.5610000e-01   8.5830000e-01
   1.4180000e-01   1.0680000e-01   1.2270000e-01   3.1100000e-02   1.0660000e+00   1.1515000e+00
   1.1260000e-01   8.0300000e-02   9.0800000e-02  -7.3000000e-03   1.3670000e+00   1.4346000e+00
   6.6300000e-02   5.2900000e-02   5.8200000e-02  -3.3100000e-02   1.6331000e+00   1.6898000e+00
   2.4800000e-02   4.2000000e-02   5.3100000e-02  -3.0000000e-02   1.8729000e+00   1.9220000e+00
   3.2500000e-02   4.3000000e-02   6.4600000e-02  -2.9500000e-02   2.1120000e+00   2.1627000e+00
   4.7600000e-02   4.2300000e-02   7.3600000e-02  -2.4000000e-02   2.3645000e+00   2.4232000e+00
   5.8700000e-02   5.0400000e-02   8.4700000e-02  -1.5400000e-02   2.6099000e+00   2.6670000e+00
   7.0200000e-02   6.2200000e-02   9.6900000e-02  -5.8000000e-03   2.8325000e+00   2.8842000e+00
   8.1300000e-02   7.1100000e-02   1.0600000e-01   3.3000000e-03   3.0331000e+00   3.0804000e+00
   9.2300000e-02   7.5300000e-02   1.0740000e-01   3.7000000e-03   3.2258000e+00   3.2640000e+00
   8.5100000e-02   7.0500000e-02   1.0490000e-01   2.5000000e-03   3.3991000e+00   3.4507000e+00
   8.4600000e-02   6.7400000e-02   1.0160000e-01   1.8000000e-03   3.6069000e+00   3.6586000e+00
   8.2500000e-02   6.7900000e-02   1.0030000e-01  -2.4000000e-03   3.8480000e+00   3.8739000e+00
   8.0600000e-02   6.6000000e-02   1.0000000e-01   7.0000000e-04   4.0539000e+00   4.0656000e+00
   8.5600000e-02   6.9500000e-02   1.0650000e-01   1.2500000e-02   4.2558000e+00   4.2506000e+00
   9.4800000e-02   8.0500000e-02   1.1700000e-01   2.5300000e-02   4.4457000e+00   4.4343000e+00
   1.0090000e-01   9.0300000e-02   1.2350000e-01   3.4200000e-02   4.6355000e+00   4.6115000e+00
   1.1130000e-01   1.0470000e-01   1.3520000e-01   5.2400000e-02   4.8032000e+00   4.7674000e+00
   1.2850000e-01   1.2600000e-01   1.5340000e-01   7.8300000e-02   4.9539000e+00   4.8820000e+00
   1.4170000e-01   1.5190000e-01   1.7510000e-01   1.0160000e-01   5.0628000e+00   5.0180000e+00
   1.6940000e-01   1.7710000e-01   1.9600000e-01   1.2490000e-01   5.1698000e+00   5.1416000e+00
   1.8500000e-01   1.8960000e-01   2.0320000e-01   1.3140000e-01   5.3033000e+00   5.2656000e+00
   1.9090000e-01   1.9470000e-01   2.0740000e-01   1.4040000e-01   5.4285000e+00   5.4025000e+00
   1.9650000e-01   2.0210000e-01   2.1430000e-01   1.5020000e-01   5.5415000e+00   5.4941000e+00
   2.1400000e-01   2.1530000e-01   2.2690000e-01   1.6670000e-01   5.5908000e+00   5.5343000e+00
   2.3300000e-01   2.3250000e-01   2.3960000e-01   1.8010000e-01   5.5474000e+00   5.5293000e+00
   2.4610000e-01   2.3530000e-01   2.4330000e-01   1.8540000e-01   5.4696000e+00   5.4855000e+00
   2.5030000e-01   2.3930000e-01   2.4790000e-01   1.9440000e-01   4.7860000e+00   5.0717000e+00
   2.5610000e-01   2.4460000e-01   2.5340000e-01   2.0410000e-01   4.3208000e+00   4.1823000e+00
   2.6070000e-01   2.5190000e-01   2.5400000e-01   2.0550000e-01   4.5176000e+00   3.9041000e+00
   2.5800000e-01   2.4280000e-01   2.3540000e-01   1.8310000e-01   4.1175000e+00   3.8724000e+00
   2.2480000e-01   2.1540000e-01   2.0410000e-01   1.5880000e-01   3.9128000e+00   3.8618000e+00
   2.1350000e-01   2.0400000e-01   1.9860000e-01   1.5920000e-01   3.8372000e+00   3.8387000e+00
   2.2570000e-01   2.0710000e-01   2.0330000e-01   1.6630000e-01   3.7890000e+00   3.6617000e+00
   2.4130000e-01   2.0770000e-01   2.0810000e-01   1.7240000e-01   3.7217000e+00   3.5330000e+00
   2.6730000e-01   1.9760000e-01   2.1100000e-01   1.7340000e-01   3.6929000e+00   3.2825000e+00
   2.7710000e-01   1.8470000e-01   2.0150000e-01   1.6510000e-01   3.4513000e+00   3.0698000e+00
   2.6390000e-01   1.6380000e-01   1.7740000e-01   1.4650000e-01   3.0493000e+00   2.8146000e+00
   2.4000000e-01   1.4700000e-01   1.5870000e-01   1.3500000e-01   2.7434000e+00   2.5117000e+00
   2.1330000e-01   1.3820000e-01   1.3930000e-01   1.2650000e-01   2.4077000e+00   2.2743000e+00
   1.8890000e-01   1.3900000e-01   1.3100000e-01   1.3050000e-01   2.0325000e+00   1.9828000e+00
   1.7970000e-01   1.5350000e-01   1.3030000e-01   1.3880000e-01   1.7135000e+00   1.7614000e+00
   1.6330000e-01   1.6000000e-01   1.2830000e-01   1.4630000e-01   1.5452000e+00   1.5632000e+00
   1.5530000e-01   1.6660000e-01   1.2670000e-01   1.4770000e-01   1.3282000e+00   1.3464000e+00
   1.4650000e-01   1.6910000e-01   1.1850000e-01   1.4140000e-01   1.0827000e+00   1.1552000e+00
   1.3410000e-01   1.6320000e-01   1.0720000e-01   1.3220000e-01   8.8640000e-01   9.6750000e-01
   1.2160000e-01   1.6000000e-01   1.0110000e-01   1.3120000e-01   7.2940000e-01   7.3360000e-01
   1.1450000e-01   1.6050000e-01   9.7100000e-02   1.2880000e-01   5.6760000e-01   5.0580000e-01
   1.0350000e-01   1.5670000e-01   9.1500000e-02   1.2480000e-01   4.2320000e-01   3.0620000e-01
   9.8100000e-02   1.4950000e-01   8.5200000e-02   1.1660000e-01   2.6380000e-01   1.3090000e-01
   9.0500000e-02   1.3850000e-01   7.7700000e-02   1.0770000e-01   6.7200000e-02  -8.5000000e-03
   8.5800000e-02   1.2940000e-01   7.1900000e-02   1.0060000e-01  -1.1070000e-01  -1.2100000e-01
   8.0700000e-02   1.2170000e-01   6.5800000e-02   9.5000000e-02  -2.5920000e-01  -2.4740000e-01
   6.9600000e-02   1.1180000e-01   5.4600000e-02   8.2200000e-02  -3.9520000e-01  -3.8190000e-01
   5.0100000e-02   9.6500000e-02   3.9200000e-02   6.9500000e-02  -4.8370000e-01  -5.0250000e-01
   3.3400000e-02   8.6900000e-02   2.9100000e-02   6.0300000e-02  -5.4710000e-01  -6.1830000e-01
   2.5600000e-02   7.8600000e-02   2.5200000e-02   5.5800000e-02  -7.0090000e-01  -7.4300000e-01
   2.8000000e-02   7.4900000e-02   2.4100000e-02   5.2800000e-02  -8.5180000e-01  -8.7340000e-01
   2.5500000e-02   7.0900000e-02   2.0400000e-02   4.6700000e-02  -9.4790000e-01  -9.9700000e-01
   2.0300000e-02   6.6100000e-02   1.8800000e-02   4.6500000e-02  -1.0363000e+00  -1.1225000e+00
   3.5100000e-02   6.9600000e-02   2.1400000e-02   4.7400000e-02  -1.1331000e+00  -1.2500000e+00
   4.9600000e-02   7.1000000e-02   1.9800000e-02   4.4200000e-02  -1.2216000e+00  -1.3655000e+00
   4.3600000e-02   6.3000000e-02   0.0000000e+00   2.0000000e-02  -1.3173000e+00  -1.4601000e+00
   1.3900000e-02   3.7400000e-02  -3.5900000e-02  -2.2200000e-02  -1.4229000e+00  -1.4927000e+00
   9.1000000e-03   3.8000000e-03  -5.5700000e-02  -5.4100000e-02  -1.5119000e+00  -1.4931000e+00
   1.2500000e-02  -2.8300000e-02  -4.4600000e-02  -3.2400000e-02  -1.5066000e+00  -1.4890000e+00
   7.1100000e-02   7.6000000e-03   2.7000000e-03   3.4000000e-03  -1.4932000e+00  -1.4998000e+00
   9.2500000e-02   3.9900000e-02   2.4000000e-02   2.3600000e-02  -1.4995000e+00  -1.5060000e+00
   6.1900000e-02   5.3000000e-02   2.4000000e-02   3.0000000e-02  -1.5064000e+00  -1.5002000e+00
   1.0270000e-01   6.4800000e-02   3.2400000e-02   2.6400000e-02  -1.5259000e+00  -1.4800000e+00
   7.9100000e-02   6.5100000e-02   3.4000000e-02   2.8600000e-02  -1.5540000e+00  -1.4644000e+00
   6.6600000e-02   6.1000000e-02   1.2600000e-02   1.2100000e-02  -1.5555000e+00  -1.4427000e+00
   3.6600000e-02   3.9500000e-02  -1.3900000e-02  -1.1200000e-02  -1.5304000e+00  -1.4192000e+00
   9.0000000e-03   2.1700000e-02  -2.0300000e-02  -2.9000000e-03  -1.5081000e+00  -1.4131000e+00
   6.1000000e-03   2.8900000e-02  -3.0000000e-03   2.5000000e-02  -1.5077000e+00  -1.4231000e+00
   3.8200000e-02   5.5100000e-02   3.7400000e-02   7.6000000e-02  -1.5165000e+00  -1.4295000e+00
   8.6400000e-02   1.0350000e-01   9.0100000e-02   1.3080000e-01  -1.5346000e+00  -1.4357000e+00
   1.0760000e-01   1.6250000e-01   1.1770000e-01   1.6140000e-01  -1.5313000e+00  -1.4394000e+00
   1.1540000e-01   1.8470000e-01   1.3090000e-01   1.7670000e-01  -1.5477000e+00  -1.4448000e+00
   1.2010000e-01   1.9960000e-01   1.3610000e-01   1.8030000e-01  -1.5572000e+00  -1.4518000e+00
   1.1740000e-01   2.0780000e-01   1.3580000e-01   1.7910000e-01  -1.5710000e+00  -1.4555000e+00
   1.1580000e-01   2.0820000e-01   1.3260000e-01   1.7420000e-01  -1.5752000e+00  -1.4486000e+00
   1.1310000e-01   2.0590000e-01   1.2690000e-01   1.6600000e-01  -1.5836000e+00  -1.4615000e+00
   1.0420000e-01   1.9570000e-01   1.1750000e-01   1.5610000e-01  -1.6082000e+00  -1.4861000e+00
   9.9300000e-02   1.8810000e-01   1.1590000e-01   1.5920000e-01  -1.6395000e+00  -1.5297000e+00
   9.9300000e-02   1.9110000e-01   1.0700000e-01   1.4770000e-01  -1.6101000e+00  -1.5162000e+00
   8.1300000e-02   1.7530000e-01   1.2000000e-02  -3.7300000e-02  -1.5561000e+00  -1.4780000e+00
  -7.6100000e-02  -1.3100000e-02  -1.5910000e-01  -1.8910000e-01  -1.4479000e+00  -1.3663000e+00
  -1.5160000e-01  -9.2600000e-02  -1.1080000e-01  -8.2800000e-02  -1.3032000e+00  -1.0524000e+00
  -9.2900000e-02  -9.1000000e-03  -4.5900000e-02  -3.9800000e-02  -8.9460000e-01  -6.2340000e-01
  -6.7700000e-02   2.5200000e-02  -6.0800000e-02  -8.4700000e-02  -4.1960000e-01  -2.0100000e-01
  -9.8200000e-02  -4.3700000e-02  -8.0500000e-02  -1.2540000e-01  -2.3000000e-02   1.7620000e-01
  -3.6000000e-03  -9.6000000e-03   2.2400000e-02  -3.3500000e-02   4.3380000e-01   5.4270000e-01
   1.0690000e-01   9.5000000e-02   1.2790000e-01   8.2300000e-02   8.3360000e-01   8.5810000e-01
   2.0530000e-01   1.9350000e-01   2.3940000e-01   1.7800000e-01   1.1743000e+00   1.1766000e+00
   3.3020000e-01   2.7690000e-01   3.6360000e-01   3.0330000e-01   1.4405000e+00   1.4695000e+00
   4.6620000e-01   3.9810000e-01   5.0220000e-01   4.0740000e-01   1.6981000e+00   1.7683000e+00
   6.0910000e-01   4.7170000e-01   5.8800000e-01   4.5620000e-01   1.9959000e+00   2.0657000e+00
   6.6020000e-01   4.8330000e-01   6.0860000e-01   4.3340000e-01   2.2806000e+00   2.3492000e+00
   6.2120000e-01   4.4580000e-01   5.3010000e-01   3.3700000e-01   2.5435000e+00   2.6213000e+00
   4.8450000e-01   3.8720000e-01   4.4900000e-01   2.9780000e-01   2.7787000e+00   2.8840000e+00
   4.0310000e-01   4.0180000e-01   4.5510000e-01   2.9420000e-01   3.0430000e+00   3.1472000e+00
   4.2700000e-01   4.0540000e-01   4.7850000e-01   3.3330000e-01   3.3213000e+00   3.3918000e+00
   3.3150000e-01   3.6530000e-01   3.1900000e-01   1.3780000e-01   3.5711000e+00   3.6168000e+00
   2.3630000e-01   3.2080000e-01   3.2180000e-01   2.2120000e-01   3.7825000e+00   3.8197000e+00
   3.5050000e-01   3.4360000e-01   4.8070000e-01   3.3650000e-01   3.9985000e+00   4.0051000e+00
   3.7800000e-01   4.7020000e-01   5.8080000e-01   3.8010000e-01   4.1776000e+00   4.1773000e+00
   6.7450000e-01   5.2600000e-01   6.4060000e-01   4.6010000e-01   4.3629000e+00   4.3466000e+00
   7.1590000e-01   5.5900000e-01   6.6350000e-01   4.8370000e-01   4.5430000e+00   4.5186000e+00
   7.0390000e-01   5.3990000e-01   6.5480000e-01   4.4590000e-01   4.7428000e+00   4.6947000e+00
   6.7740000e-01   5.5310000e-01   6.3720000e-01   4.3720000e-01   4.9359000e+00   4.8653000e+00
   6.6350000e-01   5.2220000e-01   6.1490000e-01   4.1390000e-01   5.1085000e+00   5.0279000e+00
   6.5510000e-01   5.2480000e-01   6.2020000e-01   4.3150000e-01   5.2604000e+00   5.1799000e+00
   7.2090000e-01   5.6220000e-01   6.7240000e-01   4.8260000e-01   5.3872000e+00   5.3204000e+00
   7.3260000e-01   5.7310000e-01   6.7570000e-01   4.8420000e-01   5.4959000e+00   5.4458000e+00
   7.5960000e-01   5.8530000e-01   6.9880000e-01   5.0720000e-01   5.5827000e+00   5.5654000e+00
   7.7290000e-01   5.7470000e-01   7.1000000e-01   5.1840000e-01   5.6892000e+00   5.6693000e+00
   7.4290000e-01   5.2370000e-01   6.8200000e-01   4.8710000e-01   5.8066000e+00   5.7516000e+00
   7.3330000e-01   5.1040000e-01   6.7370000e-01   4.8730000e-01   5.8596000e+00   5.5779000e+00
   7.9120000e-01   5.6490000e-01   7.2980000e-01   5.4990000e-01   5.9781000e+00   5.3416000e+00
   9.2710000e-01   6.3620000e-01   8.3350000e-01   6.3750000e-01   5.5733000e+00   5.5076000e+00
   1.1208000e+00   7.1740000e-01   9.6950000e-01   7.7040000e-01   4.8035000e+00   5.5333000e+00
   1.3456000e+00   9.0080000e-01   1.1600000e+00   9.6920000e-01   4.9281000e+00   5.6866000e+00
   1.5423000e+00   1.1099000e+00   1.3511000e+00   1.1849000e+00   4.6338000e+00   4.1541000e+00
   1.7232000e+00   1.3159000e+00   1.5283000e+00   1.3758000e+00   3.4122000e+00   3.3817000e+00
   1.8638000e+00   1.4692000e+00   1.6485000e+00   1.4959000e+00   3.2422000e+00   3.1983000e+00
   1.9577000e+00   1.5803000e+00   1.7205000e+00   1.5707000e+00   3.3607000e+00   3.1802000e+00
   1.9229000e+00   1.6024000e+00   1.6965000e+00   1.5627000e+00   3.4099000e+00   3.0187000e+00
   1.8457000e+00   1.5581000e+00   1.6295000e+00   1.4983000e+00   3.0750000e+00   2.8138000e+00
   1.7157000e+00   1.4631000e+00   1.5051000e+00   1.3842000e+00   2.8218000e+00   2.5974000e+00
   1.5613000e+00   1.3456000e+00   1.3824000e+00   1.2823000e+00   2.4042000e+00   2.5852000e+00
   1.4551000e+00   1.2820000e+00   1.3081000e+00   1.2248000e+00   2.0670000e+00   2.8977000e+00
   1.3495000e+00   1.2249000e+00   1.2239000e+00   1.1539000e+00   2.0698000e+00   3.0227000e+00
   1.2024000e+00   1.1258000e+00   1.0895000e+00   1.0355000e+00   2.1501000e+00   2.9394000e+00
   1.0230000e+00   9.8250000e-01   9.4910000e-01   9.1630000e-01   2.0285000e+00   2.7395000e+00
   9.1510000e-01   8.9560000e-01   8.6400000e-01   8.4880000e-01   2.0470000e+00   2.4569000e+00
   8.0550000e-01   8.3100000e-01   7.7630000e-01   7.7070000e-01   2.0923000e+00   2.1745000e+00
   6.9920000e-01   7.4290000e-01   6.8410000e-01   6.8390000e-01   2.0851000e+00   1.9499000e+00
   6.1980000e-01   6.6850000e-01   6.1200000e-01   6.1840000e-01   1.9261000e+00   1.7766000e+00
   5.5590000e-01   6.2540000e-01   5.6260000e-01   5.7510000e-01   1.6831000e+00   1.6191000e+00
   4.9770000e-01   5.8440000e-01   5.2060000e-01   5.4270000e-01   1.4954000e+00   1.3933000e+00
   4.6910000e-01   5.6720000e-01   5.0270000e-01   5.3400000e-01   1.2707000e+00   1.1767000e+00
   4.5630000e-01   5.6040000e-01   4.9120000e-01   5.2560000e-01   1.0867000e+00   1.0069000e+00
   4.3820000e-01   5.5540000e-01   4.8160000e-01   5.2220000e-01   8.9440000e-01   8.5440000e-01
   4.0610000e-01   5.4260000e-01   4.6150000e-01   5.1140000e-01   7.1580000e-01   7.0040000e-01
   3.8370000e-01   5.3000000e-01   4.4840000e-01   5.0110000e-01   5.7570000e-01   5.6450000e-01
   3.8960000e-01   5.2110000e-01   4.3890000e-01   4.7770000e-01   4.8800000e-01   4.3750000e-01
   3.8680000e-01   4.9320000e-01   4.1960000e-01   4.5170000e-01   3.7650000e-01   3.4160000e-01
   3.7270000e-01   4.7030000e-01   4.0050000e-01   4.2790000e-01   2.5080000e-01   2.5080000e-01
   3.6280000e-01   4.4480000e-01   3.7580000e-01   3.9220000e-01   1.6300000e-01   1.8610000e-01
   3.5790000e-01   4.1650000e-01   3.5080000e-01   3.4810000e-01   1.1110000e-01   1.5040000e-01
   3.3270000e-01   3.4930000e-01   3.0860000e-01   3.1410000e-01   7.5900000e-02   1.1430000e-01
   3.2360000e-01   3.5540000e-01   3.0650000e-01   3.2360000e-01   8.4000000e-03   7.9300000e-02
   3.1180000e-01   3.6580000e-01   3.0770000e-01   3.2120000e-01  -7.8400000e-02   5.1100000e-02
   2.9020000e-01   3.6130000e-01   2.9770000e-01   3.2160000e-01  -1.6370000e-01   3.9200000e-02
   2.8220000e-01   3.8410000e-01   3.0260000e-01   3.3420000e-01  -2.3560000e-01  -1.4000000e-03
