   5.6857000e+00   5.9467000e+00   5.8911000e+00   6.0182000e+00   4.7430000e+00   4.3261000e+00
   5.2182000e+00   5.4821000e+00   5.4383000e+00   5.5271000e+00   4.5594000e+00   4.1770000e+00
   5.1859000e+00   5.3771000e+00   5.3794000e+00   5.4111000e+00   4.5415000e+00   4.1957000e+00
   5.1505000e+00   5.2612000e+00   5.2727000e+00   5.3119000e+00   4.3982000e+00   4.1332000e+00
   5.1077000e+00   5.2867000e+00   5.2891000e+00   5.4086000e+00   4.3127000e+00   4.1877000e+00
   5.1863000e+00   5.4220000e+00   5.3609000e+00   5.4435000e+00   4.1689000e+00   4.1515000e+00
   5.3387000e+00   5.5258000e+00   5.4661000e+00   5.5096000e+00   4.0359000e+00   4.1448000e+00
   5.4547000e+00   5.5826000e+00   5.5578000e+00   5.5890000e+00   4.0154000e+00   4.1022000e+00
   5.5166000e+00   5.6229000e+00   5.5937000e+00   5.6039000e+00   4.1453000e+00   4.0156000e+00
   5.5862000e+00   5.6647000e+00   5.6340000e+00   5.6309000e+00   4.2075000e+00   3.9093000e+00
   5.6811000e+00   5.7507000e+00   5.7180000e+00   5.7064000e+00   4.1293000e+00   3.8406000e+00
   5.7401000e+00   5.8143000e+00   5.7693000e+00   5.7595000e+00   3.9017000e+00   3.8095000e+00
   5.6743000e+00   5.7626000e+00   5.7212000e+00   5.7322000e+00   3.8098000e+00   3.8800000e+00
   5.7297000e+00   5.8361000e+00   5.8100000e+00   5.8378000e+00   3.8056000e+00   4.0028000e+00
   5.8328000e+00   5.9537000e+00   5.9218000e+00   5.9507000e+00   3.9041000e+00   4.1523000e+00
   5.9194000e+00   6.0364000e+00   5.9902000e+00   6.0113000e+00   3.9991000e+00   4.2233000e+00
   6.0040000e+00   6.1338000e+00   6.0621000e+00   6.0850000e+00   4.0417000e+00   4.1872000e+00
   5.9789000e+00   6.1314000e+00   6.0496000e+00   6.0921000e+00   3.8194000e+00   3.9611000e+00
   5.8821000e+00   6.1324000e+00   6.0097000e+00   6.0765000e+00   3.5037000e+00   3.6217000e+00
   5.8010000e+00   6.1579000e+00   5.9811000e+00   6.0343000e+00   3.2810000e+00   3.4022000e+00
   5.6811000e+00   6.0693000e+00   5.8650000e+00   6.0349000e+00   2.6628000e+00   2.8191000e+00
   5.6305000e+00   6.1531000e+00   5.9645000e+00   6.1427000e+00   2.3214000e+00   2.4511000e+00
   5.5626000e+00   6.0687000e+00   5.8924000e+00   6.0125000e+00   2.1692000e+00   2.2431000e+00
   5.5219000e+00   5.9152000e+00   5.7748000e+00   5.8669000e+00   2.0550000e+00   2.1147000e+00
   5.4536000e+00   5.7410000e+00   5.6583000e+00   5.7331000e+00   2.1302000e+00   2.4150000e+00
   5.4068000e+00   5.5988000e+00   5.5800000e+00   5.6770000e+00   2.5559000e+00   2.7296000e+00
   5.2838000e+00   5.5404000e+00   5.5043000e+00   5.6515000e+00   2.6986000e+00   2.7438000e+00
   5.0898000e+00   5.4460000e+00   5.3899000e+00   5.5425000e+00   2.6660000e+00   2.7064000e+00
   4.9121000e+00   5.3320000e+00   5.2512000e+00   5.3816000e+00   2.6388000e+00   2.7089000e+00
   4.7718000e+00   5.1797000e+00   5.1552000e+00   5.2827000e+00   2.5252000e+00   2.6316000e+00
   4.6854000e+00   5.1763000e+00   5.1671000e+00   5.2956000e+00   2.4096000e+00   2.5437000e+00
   4.6280000e+00   5.1886000e+00   5.1145000e+00   5.2268000e+00   2.2712000e+00   2.4376000e+00
   4.4950000e+00   5.0524000e+00   4.9779000e+00   5.0350000e+00   2.1248000e+00   2.3234000e+00
   4.4015000e+00   4.8069000e+00   4.8039000e+00   4.7917000e+00   2.0126000e+00   2.2590000e+00
   4.3085000e+00   4.5439000e+00   4.7238000e+00   4.6978000e+00   1.9304000e+00   2.2082000e+00
   4.2509000e+00   4.3797000e+00   4.5704000e+00   4.4625000e+00   1.8356000e+00   2.0979000e+00
   4.1082000e+00   4.1529000e+00   4.4562000e+00   4.4168000e+00   1.7588000e+00   2.0127000e+00
   4.0936000e+00   4.2009000e+00   4.4753000e+00   4.4691000e+00   1.7141000e+00   1.9350000e+00
   4.1088000e+00   4.3004000e+00   4.4872000e+00   4.5170000e+00   1.7105000e+00   1.9096000e+00
   4.1175000e+00   4.3739000e+00   4.4968000e+00   4.5563000e+00   1.6919000e+00   1.8886000e+00
   4.1604000e+00   4.4838000e+00   4.5479000e+00   4.6366000e+00   1.6517000e+00   1.8504000e+00
   4.2019000e+00   4.5883000e+00   4.6032000e+00   4.7311000e+00   1.6547000e+00   1.8584000e+00
   4.2769000e+00   4.7471000e+00   4.7132000e+00   4.8200000e+00   1.6074000e+00   1.8556000e+00
   4.3255000e+00   4.8422000e+00   4.7649000e+00   4.8850000e+00   1.6171000e+00   1.8835000e+00
   4.4212000e+00   4.9681000e+00   4.8607000e+00   4.9973000e+00   1.6157000e+00   1.8916000e+00
   4.4951000e+00   5.0476000e+00   4.9266000e+00   5.0673000e+00   1.6311000e+00   1.8894000e+00
   4.5998000e+00   5.1495000e+00   5.0020000e+00   5.1345000e+00   1.6258000e+00   1.8951000e+00
   4.6955000e+00   5.2160000e+00   5.0755000e+00   5.1865000e+00   1.6382000e+00   1.8645000e+00
   4.7697000e+00   5.1927000e+00   5.1163000e+00   5.2471000e+00   1.6466000e+00   1.9315000e+00
   4.8543000e+00   5.2735000e+00   5.2165000e+00   5.3539000e+00   1.8612000e+00   2.1298000e+00
   4.9763000e+00   5.3736000e+00   5.3044000e+00   5.4191000e+00   1.9227000e+00   2.2546000e+00
   5.0955000e+00   5.4380000e+00   5.3853000e+00   5.4725000e+00   1.8929000e+00   2.2540000e+00
   5.1718000e+00   5.4375000e+00   5.4296000e+00   5.4925000e+00   2.1524000e+00   2.3900000e+00
   5.2562000e+00   5.4749000e+00   5.5014000e+00   5.5621000e+00   2.2314000e+00   2.4343000e+00
   5.3696000e+00   5.4936000e+00   5.5438000e+00   5.5560000e+00   2.2994000e+00   2.4631000e+00
   5.5454000e+00   5.5979000e+00   5.6824000e+00   5.7047000e+00   2.6636000e+00   2.5242000e+00
   5.6565000e+00   5.6397000e+00   5.7678000e+00   5.7788000e+00   2.5001000e+00   2.6633000e+00
   5.7930000e+00   5.7346000e+00   5.8920000e+00   5.8939000e+00   2.7973000e+00   3.1599000e+00
   6.1107000e+00   5.8883000e+00   6.1269000e+00   6.0684000e+00   2.7345000e+00   3.3603000e+00
   6.5440000e+00   6.4125000e+00   6.5851000e+00   6.5264000e+00   2.6991000e+00   3.5036000e+00
   6.7079000e+00   6.7518000e+00   6.7955000e+00   6.8081000e+00   3.3850000e+00   3.7379000e+00
   6.6752000e+00   6.7995000e+00   6.7849000e+00   6.8420000e+00   3.8779000e+00   3.8472000e+00
   6.8365000e+00   6.9826000e+00   6.9095000e+00   6.9692000e+00   3.9504000e+00   4.0156000e+00
   6.8097000e+00   6.9737000e+00   6.8963000e+00   6.9861000e+00   4.1647000e+00   4.4093000e+00
   6.7827000e+00   7.0038000e+00   6.9110000e+00   7.0044000e+00   4.6192000e+00   5.1627000e+00
   6.9301000e+00   7.1708000e+00   7.0385000e+00   7.1344000e+00   4.5317000e+00   5.0876000e+00
   6.8630000e+00   7.1145000e+00   6.9739000e+00   7.0611000e+00   4.7250000e+00   5.2601000e+00
   6.9738000e+00   7.1463000e+00   7.0290000e+00   7.0912000e+00   5.0475000e+00   5.3043000e+00
   6.9336000e+00   7.0529000e+00   6.9195000e+00   6.9455000e+00   5.5090000e+00   5.5512000e+00
   6.9273000e+00   7.0180000e+00   6.8886000e+00   6.9079000e+00   5.8250000e+00   5.6376000e+00
   7.1123000e+00   7.2439000e+00   7.0718000e+00   7.0995000e+00   5.9726000e+00   5.8018000e+00
   7.0097000e+00   7.1585000e+00   6.9980000e+00   7.0336000e+00   5.9638000e+00   6.0731000e+00
   6.9716000e+00   7.1170000e+00   6.9625000e+00   6.9933000e+00   6.0136000e+00   6.1717000e+00
   6.9425000e+00   7.0999000e+00   6.9339000e+00   6.9636000e+00   6.2568000e+00   6.2407000e+00
   6.9085000e+00   7.0917000e+00   6.9337000e+00   6.9788000e+00   6.3415000e+00   6.2525000e+00
   6.7116000e+00   6.9419000e+00   6.7806000e+00   6.8435000e+00   6.1203000e+00   6.2111000e+00
   6.5390000e+00   6.8236000e+00   6.6408000e+00   6.7115000e+00   5.9200000e+00   6.0447000e+00
   6.4230000e+00   6.7788000e+00   6.5358000e+00   6.6106000e+00   5.9221000e+00   5.8074000e+00
   6.3058000e+00   6.6957000e+00   6.4290000e+00   6.5122000e+00   5.9043000e+00   5.8883000e+00
   6.2029000e+00   6.5895000e+00   6.3268000e+00   6.3993000e+00   5.8221000e+00   5.8499000e+00
   6.0834000e+00   6.4773000e+00   6.2542000e+00   6.3452000e+00   5.7315000e+00   5.7935000e+00
   6.0565000e+00   6.4793000e+00   6.2528000e+00   6.3536000e+00   5.6886000e+00   5.6107000e+00
   6.1593000e+00   6.6087000e+00   6.3839000e+00   6.4935000e+00   5.7755000e+00   5.3846000e+00
   6.1823000e+00   6.6248000e+00   6.4227000e+00   6.5300000e+00   5.7570000e+00   5.2338000e+00
   6.2962000e+00   6.6990000e+00   6.5183000e+00   6.6012000e+00   5.6346000e+00   5.1581000e+00
   6.3259000e+00   6.7108000e+00   6.5432000e+00   6.6185000e+00   5.4945000e+00   5.0663000e+00
   6.2856000e+00   6.7096000e+00   6.4943000e+00   6.5577000e+00   5.3657000e+00   5.1769000e+00
   6.1995000e+00   6.6381000e+00   6.3961000e+00   6.4563000e+00   5.1747000e+00   5.2220000e+00
   6.1708000e+00   6.6067000e+00   6.3745000e+00   6.4109000e+00   5.1607000e+00   5.1726000e+00
   6.0929000e+00   6.4044000e+00   6.2531000e+00   6.2909000e+00   5.2817000e+00   5.0940000e+00
   6.1468000e+00   6.4718000e+00   6.3364000e+00   6.4198000e+00   5.2305000e+00   5.1749000e+00
   6.1167000e+00   6.5714000e+00   6.3681000e+00   6.4679000e+00   5.0472000e+00   5.1681000e+00
   6.0265000e+00   6.4738000e+00   6.2595000e+00   6.3652000e+00   4.9217000e+00   5.1111000e+00
   5.9075000e+00   6.3884000e+00   6.1231000e+00   6.2876000e+00   4.7424000e+00   5.1133000e+00
   5.8182000e+00   6.4368000e+00   6.4153000e+00   6.6452000e+00   4.6470000e+00   5.0962000e+00
   6.1618000e+00   6.6627000e+00   6.5305000e+00   6.6530000e+00   4.6665000e+00   5.0525000e+00
   6.4841000e+00   6.8333000e+00   6.4686000e+00   6.3961000e+00   4.6810000e+00   5.1063000e+00
   6.2298000e+00   6.5086000e+00   6.3218000e+00   6.4087000e+00   4.6480000e+00   5.0894000e+00
   6.0620000e+00   6.5082000e+00   6.3255000e+00   6.4287000e+00   4.6566000e+00   5.0331000e+00
   5.8538000e+00   6.2769000e+00   6.0969000e+00   6.1759000e+00   4.7994000e+00   4.9935000e+00
   5.7921000e+00   6.1536000e+00   5.9641000e+00   6.0013000e+00   4.9196000e+00   5.0423000e+00
   5.7754000e+00   6.0528000e+00   5.8774000e+00   5.8911000e+00   5.0817000e+00   5.1163000e+00
   5.7670000e+00   5.9865000e+00   5.8014000e+00   5.7954000e+00   5.2086000e+00   5.2434000e+00
   5.7242000e+00   5.9156000e+00   5.7252000e+00   5.6978000e+00   5.1475000e+00   5.4135000e+00
   5.5602000e+00   5.8041000e+00   5.6455000e+00   5.7223000e+00   5.0436000e+00   5.4238000e+00
   5.3424000e+00   5.4715000e+00   5.3617000e+00   5.3515000e+00   5.0075000e+00   5.4032000e+00
   5.3515000e+00   5.4745000e+00   5.3659000e+00   5.3430000e+00   4.9462000e+00   5.3652000e+00
   5.2182000e+00   5.3681000e+00   5.3205000e+00   5.3437000e+00   4.7853000e+00   5.3317000e+00
   5.1255000e+00   5.2326000e+00   5.2016000e+00   5.2406000e+00   4.7023000e+00   5.2595000e+00
   5.0749000e+00   5.1831000e+00   5.0700000e+00   5.0533000e+00   4.7043000e+00   5.2347000e+00
   5.1247000e+00   5.1724000e+00   5.0694000e+00   5.0196000e+00   4.6762000e+00   5.2466000e+00
   5.0470000e+00   5.1029000e+00   4.9856000e+00   4.9366000e+00   4.6309000e+00   5.2020000e+00
   4.8973000e+00   4.9229000e+00   4.8092000e+00   4.7589000e+00   4.4973000e+00   5.0130000e+00
   4.7548000e+00   4.7338000e+00   4.6603000e+00   4.6137000e+00   4.3253000e+00   4.7205000e+00
   4.7284000e+00   4.7090000e+00   4.6376000e+00   4.6232000e+00   4.4473000e+00   4.7329000e+00
   4.7537000e+00   4.7530000e+00   4.6477000e+00   4.6312000e+00   4.0590000e+00   4.4134000e+00
   4.6789000e+00   4.6766000e+00   4.5821000e+00   4.5785000e+00   3.3736000e+00   3.6527000e+00
   4.5867000e+00   4.6264000e+00   4.5314000e+00   4.5601000e+00   3.0709000e+00   3.1087000e+00
   4.5489000e+00   4.7140000e+00   4.4326000e+00   4.3599000e+00   3.4039000e+00   3.4544000e+00
   4.2939000e+00   4.1584000e+00   4.3678000e+00   4.3689000e+00   3.9018000e+00   3.8777000e+00
   4.0610000e+00   4.2513000e+00   3.8651000e+00   3.9071000e+00   4.0088000e+00   4.1426000e+00
   3.8351000e+00   4.0055000e+00   3.7883000e+00   3.6083000e+00   4.4394000e+00   4.5345000e+00
   3.1981000e+00   3.3402000e+00   3.5398000e+00   3.7132000e+00   4.6345000e+00   4.6933000e+00
   3.4770000e+00   3.9042000e+00   3.3714000e+00   3.1879000e+00   4.6447000e+00   4.7979000e+00
   2.7256000e+00   3.0756000e+00   3.1936000e+00   3.3336000e+00   4.7126000e+00   4.7258000e+00
   2.7517000e+00   3.3713000e+00   3.0731000e+00   3.1941000e+00   4.7278000e+00   4.6495000e+00
   2.4377000e+00   3.1369000e+00   2.8889000e+00   2.9594000e+00   4.6187000e+00   4.6456000e+00
   2.1442000e+00   2.8559000e+00   2.5943000e+00   2.6861000e+00   4.6039000e+00   4.6442000e+00
   1.9835000e+00   2.4744000e+00   2.2987000e+00   2.3545000e+00   4.5595000e+00   4.6520000e+00
   1.7760000e+00   2.2614000e+00   2.0066000e+00   2.0931000e+00   4.4906000e+00   4.6642000e+00
   1.3508000e+00   2.1216000e+00   1.7669000e+00   1.8068000e+00   4.4411000e+00   4.6226000e+00
   1.1654000e+00   1.8922000e+00   1.6723000e+00   1.7619000e+00   4.4411000e+00   4.5793000e+00
   1.2486000e+00   1.8369000e+00   1.6234000e+00   1.7198000e+00   4.4089000e+00   4.5495000e+00
   1.2894000e+00   1.8307000e+00   1.6191000e+00   1.7060000e+00   4.3478000e+00   4.4925000e+00
   1.3432000e+00   1.9259000e+00   1.6698000e+00   1.7389000e+00   4.2960000e+00   4.4443000e+00
   1.3991000e+00   1.9800000e+00   1.7185000e+00   1.7995000e+00   4.3091000e+00   4.3458000e+00
   1.5207000e+00   2.0564000e+00   1.8268000e+00   1.9196000e+00   4.2438000e+00   4.2484000e+00
   1.6348000e+00   2.1571000e+00   1.9526000e+00   2.0440000e+00   4.2382000e+00   4.1473000e+00
   1.6912000e+00   2.1896000e+00   1.9966000e+00   2.0828000e+00   4.2289000e+00   4.0626000e+00
   1.7954000e+00   2.2657000e+00   2.0628000e+00   2.1337000e+00   4.1369000e+00   4.1462000e+00
   1.8831000e+00   2.3570000e+00   2.1563000e+00   2.2289000e+00   4.0873000e+00   4.2357000e+00
   1.9674000e+00   2.4104000e+00   2.2208000e+00   2.2839000e+00   4.0339000e+00   4.0090000e+00
   2.0800000e+00   2.5237000e+00   2.3486000e+00   2.4128000e+00   4.0021000e+00   3.6816000e+00
   2.0922000e+00   2.5161000e+00   2.3555000e+00   2.4185000e+00   3.7143000e+00   3.3210000e+00
   2.2012000e+00   2.6272000e+00   2.4327000e+00   2.4650000e+00   2.7726000e+00   3.7375000e+00
   2.3182000e+00   2.7061000e+00   2.4996000e+00   2.5133000e+00   2.8879000e+00   4.0766000e+00
   2.2828000e+00   2.6465000e+00   2.4218000e+00   2.4234000e+00   3.9379000e+00   5.3238000e+00
   2.3758000e+00   2.7306000e+00   2.4876000e+00   2.4933000e+00   4.8570000e+00   4.3610000e+00
   2.2782000e+00   2.6164000e+00   2.3894000e+00   2.4021000e+00   4.7529000e+00   3.5950000e+00
   2.3874000e+00   2.7310000e+00   2.5304000e+00   2.5648000e+00   5.1335000e+00   3.5712000e+00
   2.1673000e+00   2.5086000e+00   2.3280000e+00   2.3737000e+00   4.3445000e+00   3.6548000e+00
   2.3633000e+00   2.7247000e+00   2.5273000e+00   2.5822000e+00   3.4268000e+00   3.3287000e+00
   2.6637000e+00   3.0274000e+00   2.8516000e+00   2.9243000e+00   3.6592000e+00   3.3696000e+00
   2.8537000e+00   3.2202000e+00   3.0420000e+00   3.1234000e+00   3.7487000e+00   3.7860000e+00
   3.2954000e+00   3.6438000e+00   3.4900000e+00   3.5907000e+00   3.6955000e+00   3.4342000e+00
   3.3004000e+00   3.6279000e+00   3.4475000e+00   3.5170000e+00   3.5005000e+00   3.6075000e+00
   3.7578000e+00   4.0545000e+00   3.9201000e+00   4.0051000e+00   3.6747000e+00   3.5612000e+00
   3.8594000e+00   4.1064000e+00   3.9055000e+00   3.9503000e+00   3.8303000e+00   3.2344000e+00
   4.0052000e+00   4.2080000e+00   4.0592000e+00   4.1252000e+00   3.2198000e+00   3.0922000e+00
   4.3613000e+00   4.5102000e+00   4.3957000e+00   4.4719000e+00   1.7704000e+00   1.9120000e+00
   4.6723000e+00   4.7619000e+00   4.6955000e+00   4.8007000e+00   2.3528000e+00   1.6324000e+00
   4.7591000e+00   4.8677000e+00   4.8241000e+00   4.9355000e+00   2.0174000e+00   2.2929000e+00
   4.9527000e+00   5.0410000e+00   4.9490000e+00   5.0285000e+00   2.5997000e+00   3.4861000e+00
   5.0233000e+00   5.1116000e+00   5.0012000e+00   5.0815000e+00   3.1171000e+00   4.0250000e+00
   4.9752000e+00   5.0593000e+00   4.9423000e+00   5.0001000e+00   3.9450000e+00   4.3774000e+00
   5.3244000e+00   5.3945000e+00   5.2847000e+00   5.3385000e+00   4.0761000e+00   4.4517000e+00
   5.2977000e+00   5.3056000e+00   5.1868000e+00   5.2037000e+00   4.3975000e+00   4.4910000e+00
   5.0774000e+00   5.0889000e+00   5.0411000e+00   5.0988000e+00   4.4662000e+00   4.6187000e+00
   5.0730000e+00   5.0880000e+00   4.9899000e+00   5.0105000e+00   4.7481000e+00   4.4489000e+00
   5.2274000e+00   5.2201000e+00   5.1052000e+00   5.1162000e+00   4.1579000e+00   3.3304000e+00
   5.2677000e+00   5.2343000e+00   5.1957000e+00   5.2355000e+00   3.3270000e+00   3.2856000e+00
   5.0579000e+00   5.0586000e+00   4.9475000e+00   4.9539000e+00   3.3654000e+00   3.5729000e+00
   5.5195000e+00   5.5294000e+00   5.3893000e+00   5.3904000e+00   3.7152000e+00   3.8316000e+00
   5.4239000e+00   5.4038000e+00   5.3181000e+00   5.3279000e+00   4.1143000e+00   3.9430000e+00
   5.2591000e+00   5.2467000e+00   5.1400000e+00   5.1399000e+00   4.2553000e+00   4.4492000e+00
   5.4338000e+00   5.4752000e+00   5.2712000e+00   5.2458000e+00   4.3463000e+00   4.0272000e+00
   5.8361000e+00   5.8582000e+00   5.7617000e+00   5.7992000e+00   4.4889000e+00   4.1842000e+00
   5.5729000e+00   5.6060000e+00   5.4908000e+00   5.5140000e+00   4.6996000e+00   4.2114000e+00
   5.8394000e+00   5.8794000e+00   5.7398000e+00   5.7439000e+00   4.7276000e+00   4.6849000e+00
   5.9490000e+00   5.9973000e+00   5.8453000e+00   5.8473000e+00   4.7543000e+00   4.5193000e+00
   5.9775000e+00   6.0124000e+00   5.8839000e+00   5.8952000e+00   5.1456000e+00   4.6632000e+00
   5.8259000e+00   5.8120000e+00   5.7605000e+00   5.7773000e+00   5.2843000e+00   5.1057000e+00
   5.7360000e+00   5.7200000e+00   5.5899000e+00   5.5242000e+00   5.4309000e+00   5.0372000e+00
   5.8124000e+00   5.6818000e+00   5.6719000e+00   5.6638000e+00   5.3787000e+00   5.2463000e+00
   6.0638000e+00   6.0420000e+00   5.9288000e+00   5.9104000e+00   5.0710000e+00   5.2358000e+00
   6.0017000e+00   6.0304000e+00   5.8777000e+00   5.8629000e+00   5.4949000e+00   5.1267000e+00
   6.0128000e+00   6.0182000e+00   5.9555000e+00   5.9635000e+00   5.5620000e+00   5.5859000e+00
   5.9093000e+00   5.8917000e+00   5.8167000e+00   5.8035000e+00   5.5063000e+00   5.6690000e+00
   5.8096000e+00   5.7900000e+00   5.7333000e+00   5.7351000e+00   5.3004000e+00   5.6109000e+00
   5.9484000e+00   5.9334000e+00   5.8428000e+00   5.8172000e+00   4.7806000e+00   5.2969000e+00
   5.8387000e+00   5.7947000e+00   5.7390000e+00   5.7170000e+00   4.1235000e+00   5.1319000e+00
   5.8848000e+00   5.8408000e+00   5.7321000e+00   5.6509000e+00   3.8346000e+00   4.5252000e+00
   5.7979000e+00   5.5956000e+00   5.6169000e+00   5.5098000e+00   3.6013000e+00   4.2680000e+00
   5.4606000e+00   4.9364000e+00   5.2300000e+00   5.2242000e+00   3.4618000e+00   3.7923000e+00
   5.2952000e+00   5.3602000e+00   4.9634000e+00   4.8063000e+00   3.1503000e+00   3.5285000e+00
   5.0183000e+00   4.9479000e+00   4.9502000e+00   4.9128000e+00   3.1187000e+00   3.1485000e+00
   4.9318000e+00   4.8573000e+00   4.8281000e+00   4.7972000e+00   3.2663000e+00   3.0549000e+00
   4.6744000e+00   4.5734000e+00   4.5654000e+00   4.5393000e+00   3.4091000e+00   3.1053000e+00
   4.4557000e+00   4.3592000e+00   4.3644000e+00   4.3463000e+00   3.6341000e+00   2.9909000e+00
   4.4284000e+00   4.3214000e+00   4.2696000e+00   4.2222000e+00   3.7902000e+00   3.1351000e+00
   4.4895000e+00   4.3932000e+00   4.2703000e+00   4.1785000e+00   3.7521000e+00   3.2418000e+00
   4.4761000e+00   4.3157000e+00   4.3027000e+00   4.2545000e+00   3.2828000e+00   3.3069000e+00
   4.2774000e+00   4.1862000e+00   4.1840000e+00   4.1963000e+00   2.9407000e+00   3.0318000e+00
   3.9814000e+00   3.9232000e+00   3.8853000e+00   3.8766000e+00   2.8269000e+00   2.6787000e+00
   3.7933000e+00   3.7309000e+00   3.6981000e+00   3.6993000e+00   2.8280000e+00   2.4717000e+00
   3.6352000e+00   3.6139000e+00   3.5275000e+00   3.5484000e+00   2.9851000e+00   2.4198000e+00
   3.6534000e+00   3.7337000e+00   3.5794000e+00   3.6365000e+00   3.0963000e+00   2.4844000e+00
   3.5951000e+00   3.7696000e+00   3.6062000e+00   3.7176000e+00   3.0396000e+00   2.6176000e+00
   3.5066000e+00   3.7853000e+00   3.5434000e+00   3.5987000e+00   2.8505000e+00   2.7286000e+00
   3.4172000e+00   3.5744000e+00   3.4698000e+00   3.5201000e+00   2.6018000e+00   2.5616000e+00
   3.3461000e+00   3.4350000e+00   3.2904000e+00   3.2930000e+00   2.6896000e+00   2.4697000e+00
   3.2669000e+00   3.3096000e+00   3.2341000e+00   3.2463000e+00   2.4967000e+00   2.1934000e+00
   3.3343000e+00   3.3757000e+00   3.2990000e+00   3.3609000e+00   2.2148000e+00   1.9517000e+00
   3.3229000e+00   3.4063000e+00   3.2938000e+00   3.3090000e+00   2.3412000e+00   1.8671000e+00
   3.4697000e+00   3.5222000e+00   3.3979000e+00   3.3873000e+00   2.9041000e+00   2.4087000e+00
   3.5210000e+00   3.5302000e+00   3.4316000e+00   3.4263000e+00   3.3412000e+00   2.9388000e+00
   3.4282000e+00   3.4369000e+00   3.3473000e+00   3.3334000e+00   3.5748000e+00   3.3694000e+00
   3.2005000e+00   3.2579000e+00   3.1482000e+00   3.1389000e+00   3.9434000e+00   3.8432000e+00
   3.0265000e+00   3.1424000e+00   2.9906000e+00   2.9883000e+00   4.0960000e+00   4.0788000e+00
   2.8793000e+00   3.0671000e+00   2.8904000e+00   2.9015000e+00   4.2587000e+00   4.1659000e+00
   2.6286000e+00   2.8415000e+00   2.6746000e+00   2.6901000e+00   4.3914000e+00   4.2227000e+00
   2.3367000e+00   2.5917000e+00   2.3878000e+00   2.3962000e+00   4.5236000e+00   4.2891000e+00
   2.1185000e+00   2.4204000e+00   2.2162000e+00   2.2407000e+00   4.4582000e+00   4.3448000e+00
   1.8131000e+00   2.1892000e+00   1.9400000e+00   1.9810000e+00   4.3935000e+00   4.2803000e+00
   1.5433000e+00   1.9772000e+00   1.7462000e+00   1.8207000e+00   4.3421000e+00   4.2126000e+00
   1.4708000e+00   1.9480000e+00   1.6885000e+00   1.7608000e+00   4.0753000e+00   4.0509000e+00
   1.3312000e+00   1.8125000e+00   1.5751000e+00   1.6796000e+00   3.8778000e+00   3.8399000e+00
   1.0476000e+00   1.5292000e+00   1.2907000e+00   1.3976000e+00   3.8094000e+00   3.6806000e+00
   7.9910000e-01   1.2741000e+00   1.0416000e+00   1.1565000e+00   3.5884000e+00   3.5492000e+00
   6.8710000e-01   1.1394000e+00   9.9410000e-01   1.1281000e+00   3.3749000e+00   3.3499000e+00
   5.9330000e-01   9.7580000e-01   8.6720000e-01   1.0041000e+00   3.0673000e+00   3.1447000e+00
   4.6960000e-01   7.9800000e-01   7.2220000e-01   8.3270000e-01   3.0366000e+00   3.0222000e+00
   6.3600000e-01   9.0680000e-01   8.1380000e-01   8.8830000e-01   2.7801000e+00   2.7153000e+00
   7.2980000e-01   1.0565000e+00   8.9690000e-01   9.7300000e-01   2.7053000e+00   2.2785000e+00
   6.3020000e-01   1.0326000e+00   8.4790000e-01   9.3980000e-01   2.4470000e+00   2.0396000e+00
   6.5190000e-01   9.4540000e-01   8.4450000e-01   9.1440000e-01   1.5895000e+00   2.2899000e+00
   7.7310000e-01   1.0593000e+00   9.1430000e-01   9.6490000e-01   1.8969000e+00   2.3018000e+00
   9.6070000e-01   1.2283000e+00   1.0666000e+00   1.0956000e+00   2.4269000e+00   2.3897000e+00
   1.0271000e+00   1.2933000e+00   1.1483000e+00   1.1770000e+00   2.4802000e+00   2.2667000e+00
   1.1811000e+00   1.4248000e+00   1.2709000e+00   1.2935000e+00   2.3370000e+00   2.3797000e+00
   1.2484000e+00   1.4674000e+00   1.3063000e+00   1.3118000e+00   2.4641000e+00   2.2559000e+00
   1.3855000e+00   1.5676000e+00   1.3870000e+00   1.3723000e+00   2.4714000e+00   2.4785000e+00
   1.4903000e+00   1.6330000e+00   1.5072000e+00   1.4999000e+00   2.2736000e+00   2.4416000e+00
   1.4480000e+00   1.6728000e+00   1.5138000e+00   1.5453000e+00   2.3620000e+00   2.5466000e+00
   1.6554000e+00   1.8250000e+00   1.6625000e+00   1.6539000e+00   2.3182000e+00   2.6064000e+00
   1.8786000e+00   2.0336000e+00   1.8722000e+00   1.8466000e+00   2.5628000e+00   2.5414000e+00
   2.0468000e+00   2.1929000e+00   2.0782000e+00   2.0900000e+00   2.2129000e+00   2.4352000e+00
   2.2309000e+00   2.3769000e+00   2.2374000e+00   2.2363000e+00   1.7601000e+00   2.3079000e+00
   2.3080000e+00   2.4411000e+00   2.3925000e+00   2.4453000e+00  -1.1340000e-01   1.6167000e+00
   2.6134000e+00   2.7241000e+00   2.6507000e+00   2.6997000e+00  -6.5800000e-01   9.5990000e-01
   3.1490000e+00   3.2739000e+00   3.1299000e+00   3.1531000e+00   2.0810000e-01   6.3610000e-01
   3.3569000e+00   3.4967000e+00   3.4002000e+00   3.4452000e+00   1.8108000e+00   9.0880000e-01
   3.6683000e+00   3.8228000e+00   3.7508000e+00   3.8348000e+00   2.2374000e+00   1.3460000e+00
   3.8180000e+00   3.9820000e+00   3.8471000e+00   3.9035000e+00   1.9836000e+00   2.2559000e+00
   4.1271000e+00   4.3685000e+00   4.0718000e+00   4.0790000e+00   2.0225000e+00   2.3852000e+00
   4.4056000e+00   4.5803000e+00   4.3638000e+00   4.3948000e+00   2.5578000e+00   1.9646000e+00
   4.5348000e+00   4.6570000e+00   4.4545000e+00   4.4897000e+00   2.8571000e+00   1.4875000e+00
   4.6676000e+00   4.7595000e+00   4.6174000e+00   4.6784000e+00   2.0218000e+00   1.1566000e+00
   4.5997000e+00   4.5893000e+00   4.5586000e+00   4.6354000e+00   1.7184000e+00   1.1577000e+00
   4.5659000e+00   4.5638000e+00   4.5623000e+00   4.6418000e+00   1.9724000e+00   1.3324000e+00
   4.6226000e+00   4.6017000e+00   4.6223000e+00   4.7010000e+00   1.7956000e+00   1.3754000e+00
   4.5741000e+00   4.5885000e+00   4.5733000e+00   4.6600000e+00   1.5206000e+00   1.5585000e+00
   4.6925000e+00   4.7188000e+00   4.7174000e+00   4.8254000e+00   1.8173000e+00   1.6599000e+00
   4.5794000e+00   4.5870000e+00   4.5791000e+00   4.6439000e+00   2.4534000e+00   2.0072000e+00
   4.7893000e+00   4.7983000e+00   4.7536000e+00   4.8096000e+00   2.3305000e+00   2.2747000e+00
   4.6777000e+00   4.6671000e+00   4.6771000e+00   4.7492000e+00   2.2636000e+00   2.3835000e+00
   4.9045000e+00   4.9390000e+00   4.8400000e+00   4.8803000e+00   2.5103000e+00   2.7642000e+00
   5.0629000e+00   5.1009000e+00   4.9992000e+00   5.0428000e+00   2.5202000e+00   2.7315000e+00
   5.2482000e+00   5.2676000e+00   5.1707000e+00   5.2067000e+00   2.6762000e+00   3.0112000e+00
   5.4774000e+00   5.5634000e+00   5.4079000e+00   5.4541000e+00   2.9075000e+00   3.4068000e+00
   5.6812000e+00   5.7572000e+00   5.6473000e+00   5.7197000e+00   3.2032000e+00   3.6873000e+00
   5.6848000e+00   5.7439000e+00   5.6217000e+00   5.6701000e+00   3.4302000e+00   3.8277000e+00
   5.5495000e+00   5.6026000e+00   5.4943000e+00   5.5450000e+00   3.6319000e+00   3.9425000e+00
   5.3503000e+00   5.3963000e+00   5.2960000e+00   5.3397000e+00   3.7448000e+00   3.8672000e+00
   5.3454000e+00   5.4087000e+00   5.2733000e+00   5.3032000e+00   3.7917000e+00   3.9562000e+00
   5.3984000e+00   5.4292000e+00   5.2875000e+00   5.2835000e+00   3.7464000e+00   3.9663000e+00
   5.4517000e+00   5.4726000e+00   5.3676000e+00   5.3764000e+00   3.8689000e+00   3.8510000e+00
   5.4281000e+00   5.4698000e+00   5.3733000e+00   5.3969000e+00   3.7542000e+00   3.8522000e+00
   5.3902000e+00   5.4165000e+00   5.3111000e+00   5.3105000e+00   3.5990000e+00   3.5528000e+00
   5.4747000e+00   5.4624000e+00   5.3690000e+00   5.3630000e+00   3.5600000e+00   3.2707000e+00
   5.3951000e+00   5.3490000e+00   5.3401000e+00   5.3546000e+00   3.4100000e+00   3.1961000e+00
   5.2884000e+00   5.2817000e+00   5.2538000e+00   5.2678000e+00   3.0734000e+00   2.9911000e+00
   5.0931000e+00   5.1947000e+00   5.1342000e+00   5.1609000e+00   2.9295000e+00   2.7174000e+00
   5.1639000e+00   5.2660000e+00   5.2670000e+00   5.2990000e+00   2.8039000e+00   2.5312000e+00
   5.4664000e+00   5.3186000e+00   5.4069000e+00   5.4065000e+00   2.8126000e+00   2.2625000e+00
   5.2790000e+00   5.1668000e+00   5.1385000e+00   5.0997000e+00   2.6765000e+00   2.2443000e+00
   4.8938000e+00   4.9811000e+00   4.8369000e+00   4.8801000e+00   2.6045000e+00   2.0564000e+00
   4.2877000e+00   4.6262000e+00   4.4249000e+00   4.5538000e+00   2.5009000e+00   1.9033000e+00
   4.5583000e+00   4.5034000e+00   4.5886000e+00   4.6342000e+00   2.4525000e+00   1.9455000e+00
   5.1260000e+00   4.8247000e+00   4.8948000e+00   4.8289000e+00   2.2207000e+00   2.1021000e+00
   4.8690000e+00   4.7706000e+00   4.6751000e+00   4.6124000e+00   2.0257000e+00   2.1104000e+00
   4.9707000e+00   4.5316000e+00   4.5800000e+00   4.4236000e+00   2.0338000e+00   2.0806000e+00
   4.7244000e+00   4.5389000e+00   4.4192000e+00   4.2222000e+00   2.1300000e+00   2.2100000e+00
   4.4469000e+00   4.1964000e+00   4.1722000e+00   4.0870000e+00   2.2671000e+00   2.4495000e+00
   4.0384000e+00   4.0388000e+00   3.9398000e+00   3.9046000e+00   2.2863000e+00   2.6204000e+00
   3.9605000e+00   3.9193000e+00   3.8441000e+00   3.7880000e+00   2.3721000e+00   2.7019000e+00
   3.7442000e+00   3.7463000e+00   3.7333000e+00   3.7287000e+00   2.4227000e+00   2.8377000e+00
   3.7050000e+00   3.6937000e+00   3.6446000e+00   3.6125000e+00   2.5362000e+00   2.9568000e+00
   3.6754000e+00   3.6032000e+00   3.5946000e+00   3.5549000e+00   2.5104000e+00   3.0008000e+00
   3.7875000e+00   3.7488000e+00   3.7140000e+00   3.6927000e+00   2.4347000e+00   3.0437000e+00
   3.7941000e+00   3.7936000e+00   3.7077000e+00   3.6776000e+00   2.4377000e+00   3.0505000e+00
   3.8334000e+00   3.8190000e+00   3.7658000e+00   3.7450000e+00   2.5240000e+00   3.0894000e+00
   3.8260000e+00   3.8056000e+00   3.7337000e+00   3.6975000e+00   2.7532000e+00   3.3083000e+00
   3.8724000e+00   3.8462000e+00   3.7827000e+00   3.7551000e+00   2.9424000e+00   3.4239000e+00
   4.0200000e+00   3.9982000e+00   3.9160000e+00   3.8811000e+00   3.0168000e+00   3.5434000e+00
   3.8947000e+00   3.8404000e+00   3.8119000e+00   3.7929000e+00   2.8726000e+00   3.3729000e+00
   3.9962000e+00   3.9612000e+00   3.9401000e+00   3.9628000e+00   2.9248000e+00   3.4230000e+00
   4.0515000e+00   4.0518000e+00   3.9865000e+00   4.0210000e+00   2.7713000e+00   3.2783000e+00
   3.9696000e+00   4.0819000e+00   3.8600000e+00   3.8988000e+00   2.4109000e+00   2.8797000e+00
   3.7986000e+00   4.0471000e+00   3.9007000e+00   3.9661000e+00   2.0858000e+00   2.7383000e+00
   3.9447000e+00   3.9479000e+00   4.1262000e+00   4.2014000e+00   2.1388000e+00   3.0163000e+00
   4.5689000e+00   4.5428000e+00   4.6776000e+00   4.7641000e+00   2.8593000e+00   3.3940000e+00
   4.1423000e+00   4.8037000e+00   4.4104000e+00   4.4626000e+00   3.1009000e+00   3.3842000e+00
   3.8862000e+00   4.2337000e+00   3.9102000e+00   3.8890000e+00   3.5815000e+00   3.6641000e+00
   3.6371000e+00   3.8764000e+00   3.7875000e+00   3.8283000e+00   3.8002000e+00   3.7563000e+00
   3.5266000e+00   3.9066000e+00   3.7475000e+00   3.7817000e+00   3.8252000e+00   3.8249000e+00
   3.2681000e+00   3.7285000e+00   3.5087000e+00   3.5360000e+00   3.8455000e+00   3.9361000e+00
   3.0459000e+00   3.5635000e+00   3.2715000e+00   3.2470000e+00   3.7745000e+00   3.8885000e+00
   2.8083000e+00   3.2802000e+00   2.9666000e+00   2.9587000e+00   3.6475000e+00   3.8317000e+00
   2.3656000e+00   2.9454000e+00   2.6555000e+00   2.7054000e+00   3.5991000e+00   3.8650000e+00
   2.1645000e+00   2.9063000e+00   2.5767000e+00   2.6621000e+00   3.5821000e+00   3.8578000e+00
   1.9465000e+00   2.7640000e+00   2.3551000e+00   2.3746000e+00   3.5024000e+00   3.8525000e+00
   1.7682000e+00   2.3956000e+00   2.0367000e+00   2.0687000e+00   3.5256000e+00   3.8698000e+00
   1.2080000e+00   2.1023000e+00   1.8159000e+00   1.8186000e+00   3.5066000e+00   4.0358000e+00
   3.0149000e+00   3.1555000e+00   3.1647000e+00   3.2658000e+00   3.4574000e+00   4.1446000e+00
   1.8419000e+00   2.4853000e+00   2.1404000e+00   2.4078000e+00   3.2800000e+00   4.0233000e+00
   8.6120000e-01   1.9286000e+00   1.8322000e+00   2.3075000e+00   3.6611000e+00   4.0401000e+00
   1.3743000e+00   3.6446000e+00   2.9512000e+00   3.4328000e+00   4.3230000e+00   4.0627000e+00
   3.2936000e+00   4.2851000e+00   3.7087000e+00   3.6124000e+00   4.1168000e+00   4.1716000e+00
   2.7484000e+00   2.8014000e+00   3.3352000e+00   3.6374000e+00   4.1307000e+00   4.1672000e+00
   3.7850000e+00   4.1361000e+00   3.8012000e+00   3.6926000e+00   4.1385000e+00   4.2857000e+00
   3.0879000e+00   3.7966000e+00   3.5462000e+00   3.6891000e+00   4.3885000e+00   4.4844000e+00
   3.7680000e+00   4.4797000e+00   4.1972000e+00   4.3821000e+00   4.3054000e+00   4.5411000e+00
   3.3752000e+00   4.7582000e+00   3.9463000e+00   4.0985000e+00   4.3818000e+00   4.5070000e+00
   3.6249000e+00   4.3649000e+00   4.3036000e+00   4.5793000e+00   4.3884000e+00   4.5561000e+00
   3.8212000e+00   4.4299000e+00   4.1123000e+00   4.2251000e+00   4.5292000e+00   4.7658000e+00
   4.2710000e+00   5.0496000e+00   4.7480000e+00   4.9491000e+00   4.7547000e+00   4.7754000e+00
   3.7419000e+00   3.8773000e+00   4.2757000e+00   4.5006000e+00   4.8203000e+00   4.7713000e+00
   3.0372000e+00   3.1013000e+00   3.2789000e+00   3.3095000e+00   4.9130000e+00   4.7969000e+00
   3.4763000e+00   4.1128000e+00   3.9552000e+00   4.0567000e+00   4.1594000e+00   4.2641000e+00
   3.8817000e+00   4.5364000e+00   4.3286000e+00   4.4124000e+00   4.3479000e+00   2.1806000e+00
   4.8156000e+00   5.5620000e+00   5.3547000e+00   5.5025000e+00   4.4674000e+00   4.3359000e+00
   5.6787000e+00   5.8853000e+00   5.9763000e+00   6.0395000e+00   2.1698000e+00   4.8251000e+00
   5.7330000e+00   6.0496000e+00   5.9299000e+00   5.9079000e+00   3.2707000e+00   4.3239000e+00
   6.0577000e+00   6.2155000e+00   6.1317000e+00   6.1038000e+00   4.2135000e+00   2.9374000e+00
   6.6329000e+00   6.6416000e+00   6.5843000e+00   6.5062000e+00   3.2320000e+00   2.8190000e+00
   6.7330000e+00   6.7572000e+00   6.7638000e+00   6.7696000e+00   3.1563000e+00   2.3909000e+00
   6.9006000e+00   7.2332000e+00   7.1228000e+00   7.2224000e+00   2.9159000e+00   2.6274000e+00
   7.5519000e+00   7.5718000e+00   7.3882000e+00   7.2899000e+00   3.3905000e+00   2.4989000e+00
   7.6509000e+00   7.6909000e+00   7.6163000e+00   7.6412000e+00   3.2408000e+00   2.5220000e+00
   7.6777000e+00   7.8089000e+00   7.6567000e+00   7.6913000e+00   2.8116000e+00   2.3437000e+00
   8.0907000e+00   8.2830000e+00   8.0536000e+00   8.1136000e+00   2.1654000e+00   2.4876000e+00
   8.0611000e+00   8.2206000e+00   8.1111000e+00   8.2033000e+00   2.6469000e+00   3.6697000e+00
   8.3511000e+00   8.4356000e+00   8.3673000e+00   8.4662000e+00   3.3904000e+00   4.2380000e+00
   8.0854000e+00   8.1744000e+00   7.9943000e+00   8.0061000e+00   2.9909000e+00   4.7518000e+00
   7.6876000e+00   7.8061000e+00   7.7591000e+00   7.8795000e+00   2.2570000e+00   5.1443000e+00
   7.7470000e+00   7.9040000e+00   7.8219000e+00   7.9485000e+00   2.9509000e+00   5.4227000e+00
   7.4282000e+00   7.7263000e+00   7.4902000e+00   7.5739000e+00   2.8185000e+00   4.7458000e+00
   7.7205000e+00   8.0531000e+00   7.7704000e+00   7.8800000e+00   3.4915000e+00   4.5225000e+00
   7.7996000e+00   8.1766000e+00   7.9240000e+00   8.0661000e+00   4.3414000e+00   4.5087000e+00
   7.5243000e+00   7.8859000e+00   7.7188000e+00   7.8730000e+00   4.1478000e+00   4.7717000e+00
   7.4120000e+00   7.8136000e+00   7.6238000e+00   7.7703000e+00   4.2495000e+00   4.3813000e+00
   7.4044000e+00   7.7433000e+00   7.5675000e+00   7.6961000e+00   3.9565000e+00   3.9491000e+00
   7.7231000e+00   8.0177000e+00   7.8119000e+00   7.9076000e+00   3.5397000e+00   3.7828000e+00
   7.5656000e+00   8.0052000e+00   7.7917000e+00   7.9773000e+00   3.0673000e+00   3.8293000e+00
   7.4754000e+00   7.9973000e+00   7.6976000e+00   7.8751000e+00   3.3279000e+00   3.6733000e+00
   7.2837000e+00   7.8479000e+00   7.6081000e+00   7.8168000e+00   3.3919000e+00   3.7495000e+00
   6.9966000e+00   7.5133000e+00   7.2871000e+00   7.4732000e+00   3.6931000e+00   3.7335000e+00
   6.9670000e+00   7.4219000e+00   7.2653000e+00   7.4741000e+00   4.0398000e+00   3.9142000e+00
   6.6269000e+00   7.1337000e+00   6.9469000e+00   7.1405000e+00   4.0230000e+00   3.9848000e+00
   6.5996000e+00   7.0532000e+00   6.7971000e+00   6.9271000e+00   4.2482000e+00   3.9682000e+00
   6.4413000e+00   6.8860000e+00   6.7045000e+00   6.8455000e+00   4.3839000e+00   4.2640000e+00
   6.2118000e+00   6.6060000e+00   6.4170000e+00   6.6015000e+00   4.5522000e+00   4.4488000e+00
   6.4914000e+00   6.9948000e+00   6.8302000e+00   7.0816000e+00   4.2330000e+00   4.5122000e+00
   6.5110000e+00   7.0253000e+00   6.8140000e+00   7.0190000e+00   4.3915000e+00   4.7897000e+00
   6.2173000e+00   6.6809000e+00   6.4474000e+00   6.6197000e+00   4.0825000e+00   4.9673000e+00
   6.0941000e+00   6.5922000e+00   6.3016000e+00   6.4375000e+00   3.7243000e+00   5.1055000e+00
