   5.7402000e+00   5.8818000e+00   5.8360000e+00   5.8957000e+00   6.7973000e+00   6.6881000e+00
   6.2220000e+00   6.4031000e+00   6.3134000e+00   6.3752000e+00   7.1773000e+00   7.0220000e+00
   6.5833000e+00   6.8150000e+00   6.6848000e+00   6.7547000e+00   7.2130000e+00   7.0453000e+00
   6.8550000e+00   7.1079000e+00   7.0209000e+00   7.1322000e+00   7.0509000e+00   6.7730000e+00
   7.1289000e+00   7.3478000e+00   7.3408000e+00   7.4796000e+00   7.0111000e+00   6.5464000e+00
   7.0711000e+00   7.2428000e+00   7.2754000e+00   7.4034000e+00   7.1701000e+00   6.7316000e+00
   7.2628000e+00   7.4774000e+00   7.4421000e+00   7.5606000e+00   7.3088000e+00   6.9653000e+00
   7.6243000e+00   7.9593000e+00   7.8333000e+00   7.9920000e+00   7.5127000e+00   7.0730000e+00
   7.9788000e+00   8.4143000e+00   8.2474000e+00   8.4573000e+00   7.4445000e+00   6.9615000e+00
   8.0157000e+00   8.4966000e+00   8.3480000e+00   8.5856000e+00   7.4664000e+00   6.9594000e+00
   8.0530000e+00   8.5602000e+00   8.4054000e+00   8.6486000e+00   7.3394000e+00   6.6990000e+00
   7.8990000e+00   8.4402000e+00   8.2813000e+00   8.5415000e+00   7.4448000e+00   6.9256000e+00
   8.1022000e+00   8.4119000e+00   8.2999000e+00   8.5112000e+00   7.7273000e+00   7.2423000e+00
   7.7816000e+00   8.2470000e+00   8.1388000e+00   8.3092000e+00   7.8321000e+00   7.3519000e+00
   7.5754000e+00   7.9692000e+00   7.9730000e+00   8.2145000e+00   8.0119000e+00   7.5340000e+00
   7.3709000e+00   7.6341000e+00   7.7029000e+00   7.8686000e+00   8.0341000e+00   7.7348000e+00
   7.1447000e+00   7.4097000e+00   7.3977000e+00   7.4775000e+00   8.0462000e+00   7.7903000e+00
   6.7436000e+00   7.0516000e+00   7.0863000e+00   7.1682000e+00   7.6088000e+00   7.4967000e+00
   6.3211000e+00   6.6692000e+00   6.6497000e+00   6.7334000e+00   6.7987000e+00   6.9530000e+00
   5.9669000e+00   6.6461000e+00   6.4916000e+00   6.6058000e+00   5.8663000e+00   6.0943000e+00
   6.0414000e+00   6.7283000e+00   6.5598000e+00   6.7719000e+00   4.5563000e+00   4.8394000e+00
   6.4891000e+00   7.1118000e+00   6.8790000e+00   7.1550000e+00   3.5459000e+00   3.8887000e+00
   6.5572000e+00   7.2787000e+00   7.0492000e+00   7.4505000e+00   2.9149000e+00   3.3375000e+00
   6.5870000e+00   7.2754000e+00   7.0213000e+00   7.4696000e+00   3.3391000e+00   3.1197000e+00
   6.5533000e+00   7.1809000e+00   6.9202000e+00   7.3290000e+00   4.4668000e+00   3.3478000e+00
   6.4161000e+00   7.0702000e+00   6.8223000e+00   7.2262000e+00   5.1155000e+00   4.0743000e+00
   6.2851000e+00   7.0507000e+00   6.7656000e+00   7.1829000e+00   5.2023000e+00   4.9957000e+00
   6.1534000e+00   7.0284000e+00   6.7446000e+00   7.1885000e+00   5.2189000e+00   5.3290000e+00
   6.0999000e+00   6.9881000e+00   6.7381000e+00   7.2121000e+00   5.0536000e+00   5.4251000e+00
   6.2605000e+00   7.1060000e+00   6.8571000e+00   7.3283000e+00   4.8523000e+00   5.2709000e+00
   6.4346000e+00   7.2277000e+00   6.9664000e+00   7.4093000e+00   4.6347000e+00   5.0847000e+00
   6.6616000e+00   7.3923000e+00   7.1511000e+00   7.6085000e+00   4.5415000e+00   4.9681000e+00
   6.7434000e+00   7.4632000e+00   7.2072000e+00   7.6452000e+00   4.5819000e+00   4.8507000e+00
   6.8609000e+00   7.6411000e+00   7.3373000e+00   7.7688000e+00   4.7143000e+00   4.9078000e+00
   7.0204000e+00   7.9191000e+00   7.6017000e+00   8.0824000e+00   4.8191000e+00   4.9644000e+00
   7.0363000e+00   8.0785000e+00   7.8201000e+00   8.3754000e+00   4.7721000e+00   4.9262000e+00
   6.8769000e+00   7.8796000e+00   7.7922000e+00   8.3710000e+00   4.6533000e+00   4.8232000e+00
   6.5726000e+00   7.4327000e+00   7.4253000e+00   7.9346000e+00   4.5024000e+00   4.6643000e+00
   6.2684000e+00   7.1853000e+00   7.0676000e+00   7.5201000e+00   4.4814000e+00   4.5695000e+00
   6.0619000e+00   7.1483000e+00   6.9153000e+00   7.3800000e+00   4.5452000e+00   4.5851000e+00
   5.9755000e+00   7.1112000e+00   6.8528000e+00   7.3346000e+00   4.5138000e+00   4.6000000e+00
   6.0010000e+00   7.0599000e+00   6.8330000e+00   7.3002000e+00   4.4888000e+00   4.5310000e+00
   6.0177000e+00   6.9232000e+00   6.7767000e+00   7.1713000e+00   4.4735000e+00   4.4025000e+00
   5.9304000e+00   6.7146000e+00   6.6169000e+00   6.9312000e+00   4.4294000e+00   4.3257000e+00
   5.8073000e+00   6.5524000e+00   6.4460000e+00   6.7165000e+00   4.4090000e+00   4.1969000e+00
   5.7257000e+00   6.4075000e+00   6.3238000e+00   6.5884000e+00   4.4078000e+00   4.0943000e+00
   5.6796000e+00   6.2416000e+00   6.2001000e+00   6.4692000e+00   4.4246000e+00   4.1303000e+00
   5.4814000e+00   5.9650000e+00   5.9277000e+00   6.1782000e+00   4.5065000e+00   4.2099000e+00
   5.3654000e+00   5.7861000e+00   5.7209000e+00   5.9374000e+00   4.6188000e+00   4.3098000e+00
   5.3671000e+00   5.6292000e+00   5.5660000e+00   5.7467000e+00   4.7377000e+00   4.4111000e+00
   5.4436000e+00   5.5777000e+00   5.4959000e+00   5.6716000e+00   4.8396000e+00   4.4630000e+00
   5.3689000e+00   5.5220000e+00   5.3604000e+00   5.5781000e+00   4.8927000e+00   4.4241000e+00
   5.1843000e+00   5.3557000e+00   5.1249000e+00   5.3839000e+00   4.9389000e+00   4.3900000e+00
   4.8655000e+00   5.0005000e+00   4.7457000e+00   5.0063000e+00   4.9708000e+00   4.3927000e+00
   4.4498000e+00   4.5270000e+00   4.2730000e+00   4.5221000e+00   4.9886000e+00   4.3059000e+00
   4.0300000e+00   3.9769000e+00   3.8027000e+00   4.0338000e+00   5.0248000e+00   4.2254000e+00
   3.7547000e+00   3.5362000e+00   3.4983000e+00   3.7139000e+00   5.1070000e+00   4.1571000e+00
   3.3844000e+00   3.1908000e+00   3.2429000e+00   3.4658000e+00   4.9990000e+00   4.0494000e+00
   3.2288000e+00   2.9351000e+00   3.0281000e+00   3.1588000e+00   4.8363000e+00   3.9924000e+00
   3.2039000e+00   2.9136000e+00   3.0670000e+00   3.0397000e+00   4.6408000e+00   4.0309000e+00
   2.9018000e+00   2.8965000e+00   2.9015000e+00   2.9853000e+00   4.6014000e+00   3.9661000e+00
   2.9945000e+00   2.7278000e+00   2.7740000e+00   2.7043000e+00   4.6841000e+00   3.9521000e+00
   3.0254000e+00   2.7463000e+00   2.8613000e+00   2.7782000e+00   4.9157000e+00   4.0157000e+00
   3.0926000e+00   2.7716000e+00   2.8576000e+00   2.7574000e+00   5.0331000e+00   3.7836000e+00
   2.9866000e+00   2.7666000e+00   2.8800000e+00   2.8481000e+00   5.3577000e+00   3.5680000e+00
   3.0827000e+00   2.7582000e+00   2.8554000e+00   2.7995000e+00   5.5756000e+00   3.3715000e+00
   3.4521000e+00   3.1262000e+00   3.0799000e+00   2.9110000e+00   5.5290000e+00   3.1420000e+00
   3.3848000e+00   3.2981000e+00   3.2998000e+00   3.2078000e+00   5.1667000e+00   2.8519000e+00
   3.4531000e+00   3.2989000e+00   3.2870000e+00   3.2063000e+00   4.5042000e+00   2.5723000e+00
   3.8144000e+00   3.7258000e+00   3.6442000e+00   3.5618000e+00   3.6533000e+00   2.2947000e+00
   3.9172000e+00   4.0810000e+00   3.8350000e+00   3.8002000e+00   2.8384000e+00   1.9739000e+00
   4.0601000e+00   4.0047000e+00   3.9772000e+00   3.9163000e+00   2.1288000e+00   1.8041000e+00
   4.4338000e+00   4.3584000e+00   4.3775000e+00   4.3353000e+00   1.9763000e+00   1.8506000e+00
   4.6620000e+00   4.7153000e+00   4.6710000e+00   4.6813000e+00   2.2861000e+00   1.9594000e+00
   4.8583000e+00   4.7704000e+00   4.8662000e+00   4.8878000e+00   2.5136000e+00   2.0673000e+00
   5.0807000e+00   5.1137000e+00   5.1151000e+00   5.1624000e+00   2.5892000e+00   2.2449000e+00
   4.9119000e+00   5.0965000e+00   4.9665000e+00   5.0063000e+00   2.7651000e+00   2.4575000e+00
   4.7529000e+00   4.9524000e+00   4.8388000e+00   4.8933000e+00   2.9662000e+00   2.6055000e+00
   4.5276000e+00   4.8380000e+00   4.7519000e+00   4.8471000e+00   3.1342000e+00   2.6838000e+00
   4.2813000e+00   4.6557000e+00   4.6430000e+00   4.8094000e+00   3.1729000e+00   2.6958000e+00
   4.1093000e+00   4.4248000e+00   4.4925000e+00   4.7175000e+00   3.2077000e+00   2.6898000e+00
   4.0412000e+00   4.2725000e+00   4.3774000e+00   4.5932000e+00   3.2266000e+00   2.6536000e+00
   4.0187000e+00   4.2058000e+00   4.3321000e+00   4.5187000e+00   3.1845000e+00   2.5887000e+00
   4.1014000e+00   4.2604000e+00   4.4249000e+00   4.5933000e+00   3.1008000e+00   2.5850000e+00
   4.3157000e+00   4.4206000e+00   4.6573000e+00   4.8292000e+00   3.0370000e+00   2.6305000e+00
   4.8398000e+00   4.7572000e+00   5.1614000e+00   5.3168000e+00   3.1173000e+00   2.7428000e+00
   5.9676000e+00   5.6685000e+00   6.4000000e+00   6.5553000e+00   3.3999000e+00   2.9408000e+00
   7.1954000e+00   6.8295000e+00   6.8576000e+00   6.8089000e+00   3.5815000e+00   3.1952000e+00
   7.0275000e+00   6.9738000e+00   6.7568000e+00   6.5972000e+00   3.7873000e+00   3.5391000e+00
   6.9302000e+00   7.0477000e+00   7.0977000e+00   7.1152000e+00   3.9338000e+00   3.7736000e+00
   7.2858000e+00   7.2836000e+00   7.3369000e+00   7.3844000e+00   3.9839000e+00   3.8760000e+00
   7.4397000e+00   7.5154000e+00   7.4724000e+00   7.5291000e+00   3.8899000e+00   3.7915000e+00
   7.3894000e+00   7.4993000e+00   7.4578000e+00   7.5314000e+00   3.7371000e+00   3.5886000e+00
   7.4778000e+00   7.5220000e+00   7.5297000e+00   7.5853000e+00   3.6185000e+00   3.3761000e+00
   7.4986000e+00   7.5891000e+00   7.5370000e+00   7.5800000e+00   3.5805000e+00   3.2482000e+00
   7.4419000e+00   7.5071000e+00   7.4489000e+00   7.4698000e+00   3.5960000e+00   3.2385000e+00
   7.4529000e+00   7.4795000e+00   7.4425000e+00   7.4458000e+00   3.6683000e+00   3.3263000e+00
   7.7038000e+00   7.6076000e+00   7.6429000e+00   7.6122000e+00   3.7603000e+00   3.5125000e+00
   8.1617000e+00   7.9679000e+00   8.0054000e+00   7.9976000e+00   3.8751000e+00   3.7632000e+00
   8.2512000e+00   8.1323000e+00   8.0692000e+00   8.0594000e+00   4.0349000e+00   3.9829000e+00
   8.2607000e+00   8.1076000e+00   8.0941000e+00   8.0530000e+00   4.2604000e+00   4.1819000e+00
   8.4707000e+00   8.2693000e+00   8.3132000e+00   8.2618000e+00   4.5739000e+00   4.4730000e+00
   8.7414000e+00   8.5357000e+00   8.5950000e+00   8.5470000e+00   4.8671000e+00   4.8621000e+00
   8.9079000e+00   8.7356000e+00   8.7592000e+00   8.7061000e+00   5.0241000e+00   5.0791000e+00
   8.9480000e+00   8.8198000e+00   8.8318000e+00   8.7829000e+00   5.1554000e+00   5.0279000e+00
   8.9488000e+00   8.8310000e+00   8.8573000e+00   8.8207000e+00   5.2385000e+00   4.8816000e+00
   8.9088000e+00   8.7894000e+00   8.8165000e+00   8.7944000e+00   5.2732000e+00   4.7542000e+00
   8.8696000e+00   8.7279000e+00   8.7646000e+00   8.7448000e+00   5.1960000e+00   4.6086000e+00
   8.8439000e+00   8.6845000e+00   8.7276000e+00   8.7115000e+00   5.0593000e+00   4.4875000e+00
   8.7867000e+00   8.6518000e+00   8.6739000e+00   8.6708000e+00   4.8608000e+00   4.3714000e+00
   8.6958000e+00   8.5750000e+00   8.5840000e+00   8.5902000e+00   4.7027000e+00   4.2674000e+00
   8.6196000e+00   8.5168000e+00   8.5000000e+00   8.5092000e+00   4.6533000e+00   4.1886000e+00
   8.6439000e+00   8.5668000e+00   8.5278000e+00   8.5425000e+00   4.5834000e+00   4.0848000e+00
   8.6844000e+00   8.6200000e+00   8.5849000e+00   8.5926000e+00   4.5698000e+00   4.0171000e+00
   8.6827000e+00   8.6572000e+00   8.6045000e+00   8.6083000e+00   4.5989000e+00   3.9571000e+00
   8.5384000e+00   8.6489000e+00   8.5668000e+00   8.6058000e+00   4.6667000e+00   3.9766000e+00
   8.0335000e+00   8.4068000e+00   8.3147000e+00   8.4520000e+00   4.7272000e+00   4.0538000e+00
   7.5438000e+00   7.9482000e+00   7.8932000e+00   8.0905000e+00   4.7819000e+00   4.1773000e+00
   7.2834000e+00   7.7363000e+00   7.7183000e+00   7.9108000e+00   4.7456000e+00   4.2210000e+00
   6.4045000e+00   7.3696000e+00   7.3106000e+00   7.6974000e+00   4.5450000e+00   3.8508000e+00
   5.6632000e+00   6.6402000e+00   6.6206000e+00   7.0596000e+00   3.9265000e+00   3.2235000e+00
   5.2239000e+00   6.0774000e+00   6.1070000e+00   6.4982000e+00   3.1463000e+00   2.7501000e+00
   5.0138000e+00   5.7846000e+00   5.8225000e+00   6.1969000e+00   2.7029000e+00   2.3916000e+00
   5.0629000e+00   5.6090000e+00   5.6615000e+00   6.0067000e+00   2.5775000e+00   2.3575000e+00
   4.9603000e+00   5.3991000e+00   5.4497000e+00   5.7738000e+00   2.9162000e+00   2.6498000e+00
   4.7900000e+00   5.1855000e+00   5.2159000e+00   5.5414000e+00   3.0968000e+00   2.7118000e+00
   4.7136000e+00   4.9739000e+00   5.0154000e+00   5.3017000e+00   3.1972000e+00   3.0220000e+00
   4.5275000e+00   4.6556000e+00   4.7544000e+00   5.0148000e+00   3.1979000e+00   3.1564000e+00
   4.1387000e+00   4.1935000e+00   4.3505000e+00   4.6240000e+00   2.8838000e+00   3.0323000e+00
   3.7606000e+00   3.7853000e+00   3.9128000e+00   4.2031000e+00   2.5706000e+00   2.8484000e+00
   3.6384000e+00   3.6348000e+00   3.7156000e+00   4.0081000e+00   2.2631000e+00   2.6290000e+00
   3.4298000e+00   3.2685000e+00   3.4481000e+00   3.7405000e+00   1.8782000e+00   2.3953000e+00
   2.7498000e+00   2.3444000e+00   2.7084000e+00   3.0047000e+00   1.5094000e+00   2.1273000e+00
   1.8945000e+00   1.3317000e+00   1.7749000e+00   2.0929000e+00   1.2355000e+00   1.8021000e+00
   1.1859000e+00   7.8920000e-01   1.0980000e+00   1.4693000e+00   1.0341000e+00   1.4282000e+00
   4.0540000e-01   7.3800000e-01   6.6420000e-01   1.0028000e+00   9.1140000e-01   1.1799000e+00
   5.7630000e-01   1.0546000e+00   6.8950000e-01   7.2710000e-01   8.4410000e-01   1.1275000e+00
   1.5068000e+00   1.6304000e+00   1.1623000e+00   1.0298000e+00   7.5210000e-01   1.1484000e+00
   2.5500000e+00   2.5993000e+00   1.7339000e+00   1.4778000e+00   7.9250000e-01   1.1299000e+00
   3.5296000e+00   3.3645000e+00   2.6806000e+00   2.3728000e+00   9.6200000e-01   1.1057000e+00
   4.1481000e+00   3.7824000e+00   3.5148000e+00   3.3680000e+00   1.2250000e+00   1.1452000e+00
   4.3934000e+00   4.0274000e+00   3.9974000e+00   3.8259000e+00   1.5188000e+00   1.3030000e+00
   4.6662000e+00   4.0941000e+00   4.1827000e+00   3.9848000e+00   1.8028000e+00   1.5215000e+00
   4.6872000e+00   4.1576000e+00   4.3178000e+00   4.1724000e+00   2.0537000e+00   1.7432000e+00
   4.7545000e+00   4.2430000e+00   4.4940000e+00   4.3724000e+00   2.2786000e+00   1.9603000e+00
   4.9326000e+00   4.4425000e+00   4.7112000e+00   4.5811000e+00   2.4829000e+00   2.1987000e+00
   5.0431000e+00   4.6890000e+00   4.8479000e+00   4.7234000e+00   2.6656000e+00   2.4807000e+00
   5.1454000e+00   4.9086000e+00   4.9889000e+00   4.8872000e+00   2.8921000e+00   2.8111000e+00
   5.3523000e+00   5.0969000e+00   5.2107000e+00   5.1521000e+00   3.1567000e+00   3.1398000e+00
   5.6559000e+00   5.2703000e+00   5.4660000e+00   5.4494000e+00   3.4152000e+00   3.4489000e+00
   5.8329000e+00   5.4193000e+00   5.6785000e+00   5.6340000e+00   3.6472000e+00   3.7452000e+00
   5.9508000e+00   5.5292000e+00   5.8169000e+00   5.7838000e+00   3.8128000e+00   4.0022000e+00
   6.1142000e+00   5.7393000e+00   6.0310000e+00   6.0124000e+00   3.9020000e+00   4.2109000e+00
   6.4445000e+00   6.1071000e+00   6.3556000e+00   6.3444000e+00   4.0203000e+00   4.4209000e+00
   6.7329000e+00   6.5672000e+00   6.6210000e+00   6.6133000e+00   4.1096000e+00   4.6000000e+00
   6.9216000e+00   6.9134000e+00   6.7997000e+00   6.7617000e+00   4.1044000e+00   4.7620000e+00
   7.0247000e+00   7.0728000e+00   6.9005000e+00   6.8939000e+00   4.7047000e+00   4.6844000e+00
   7.1201000e+00   7.2296000e+00   7.0796000e+00   7.1094000e+00   5.3740000e+00   4.8974000e+00
   7.2252000e+00   7.3362000e+00   7.1731000e+00   7.1749000e+00   6.0029000e+00   5.9411000e+00
   7.2684000e+00   7.2952000e+00   7.2160000e+00   7.2184000e+00   7.0033000e+00   6.8648000e+00
   7.2568000e+00   7.2816000e+00   7.2020000e+00   7.2353000e+00   6.7908000e+00   7.6799000e+00
   7.3179000e+00   7.3124000e+00   7.2158000e+00   7.2337000e+00   7.3965000e+00   8.0665000e+00
   7.2562000e+00   7.2249000e+00   7.1734000e+00   7.2069000e+00   8.0984000e+00   8.1204000e+00
   7.1626000e+00   7.1176000e+00   7.1286000e+00   7.1653000e+00   8.4127000e+00   8.3623000e+00
   6.9603000e+00   6.9548000e+00   6.9457000e+00   6.9634000e+00   8.5167000e+00   8.7006000e+00
   6.7542000e+00   6.8874000e+00   6.7937000e+00   6.8034000e+00   8.5967000e+00   8.7626000e+00
   6.7081000e+00   6.9935000e+00   6.7119000e+00   6.7042000e+00   8.1773000e+00   9.1999000e+00
   6.8606000e+00   7.2068000e+00   6.7998000e+00   6.7874000e+00   1.0265500e+01   9.3948000e+00
   7.0714000e+00   7.4318000e+00   6.9838000e+00   6.9675000e+00   1.1102600e+01   9.3659000e+00
   7.3662000e+00   7.6176000e+00   7.2273000e+00   7.1772000e+00   1.0700200e+01   9.4944000e+00
   7.5853000e+00   7.7093000e+00   7.3722000e+00   7.2779000e+00   1.0658200e+01   9.5658000e+00
   7.6688000e+00   7.7661000e+00   7.4494000e+00   7.3459000e+00   9.9254000e+00   8.5222000e+00
   7.7249000e+00   7.8549000e+00   7.5281000e+00   7.4353000e+00   9.4666000e+00   8.0692000e+00
   7.8027000e+00   7.9660000e+00   7.6319000e+00   7.5606000e+00   9.2261000e+00   8.5078000e+00
   7.8712000e+00   8.0323000e+00   7.7338000e+00   7.6924000e+00   9.5139000e+00   8.5058000e+00
   7.9541000e+00   8.0813000e+00   7.8341000e+00   7.8089000e+00   9.5425000e+00   8.6997000e+00
   8.0283000e+00   8.1254000e+00   7.9051000e+00   7.8835000e+00   9.4814000e+00   8.5934000e+00
   8.0561000e+00   8.1248000e+00   7.9424000e+00   7.9315000e+00   8.8455000e+00   8.1890000e+00
   8.0766000e+00   8.1254000e+00   7.9819000e+00   7.9810000e+00   8.1371000e+00   7.9245000e+00
   8.1236000e+00   8.1174000e+00   8.0306000e+00   8.0242000e+00   7.9463000e+00   7.9320000e+00
   8.0539000e+00   8.0002000e+00   7.9858000e+00   7.9840000e+00   8.1948000e+00   8.0213000e+00
   7.9784000e+00   7.9134000e+00   7.9207000e+00   7.9200000e+00   8.3443000e+00   7.9351000e+00
   7.9441000e+00   7.9204000e+00   7.9152000e+00   7.9254000e+00   8.4125000e+00   7.9890000e+00
   7.8616000e+00   8.0352000e+00   7.8862000e+00   7.9148000e+00   8.4428000e+00   8.1012000e+00
   7.8056000e+00   7.9307000e+00   7.8781000e+00   7.9327000e+00   8.4152000e+00   8.3162000e+00
   7.6859000e+00   7.7276000e+00   7.7290000e+00   7.7726000e+00   8.4880000e+00   8.5899000e+00
   7.4337000e+00   7.3833000e+00   7.4581000e+00   7.4862000e+00   8.5668000e+00   8.8483000e+00
   7.2596000e+00   7.2540000e+00   7.3084000e+00   7.3477000e+00   8.5994000e+00   8.8719000e+00
   7.1453000e+00   7.1470000e+00   7.2046000e+00   7.2255000e+00   8.7423000e+00   8.8516000e+00
   7.1794000e+00   7.1455000e+00   7.2168000e+00   7.2176000e+00   8.9464000e+00   8.9011000e+00
   7.2798000e+00   7.2181000e+00   7.3082000e+00   7.2955000e+00   9.0899000e+00   8.8931000e+00
   7.3121000e+00   7.2514000e+00   7.3389000e+00   7.3219000e+00   9.1069000e+00   8.8847000e+00
   7.3388000e+00   7.3025000e+00   7.3500000e+00   7.3261000e+00   9.1525000e+00   8.8567000e+00
   7.3481000e+00   7.3597000e+00   7.3590000e+00   7.3359000e+00   9.2631000e+00   8.9629000e+00
   7.4758000e+00   7.5057000e+00   7.4683000e+00   7.4374000e+00   9.3288000e+00   9.0918000e+00
   7.6231000e+00   7.6768000e+00   7.6406000e+00   7.6270000e+00   9.3064000e+00   9.0921000e+00
   7.7791000e+00   7.8292000e+00   7.8393000e+00   7.8613000e+00   9.4699000e+00   9.1957000e+00
   7.7594000e+00   7.8260000e+00   7.7914000e+00   7.7996000e+00   9.6346000e+00   9.4859000e+00
   7.8775000e+00   7.9642000e+00   7.8718000e+00   7.8519000e+00   9.7111000e+00   9.4595000e+00
   7.9499000e+00   8.0392000e+00   8.0055000e+00   7.9995000e+00   9.5448000e+00   9.2353000e+00
   7.8314000e+00   7.8925000e+00   8.0133000e+00   8.0804000e+00   9.2527000e+00   9.0656000e+00
   7.6869000e+00   7.7603000e+00   7.8872000e+00   7.9794000e+00   9.2864000e+00   8.9643000e+00
   7.8577000e+00   7.8853000e+00   7.9650000e+00   8.0077000e+00   9.6471000e+00   8.9642000e+00
   8.1480000e+00   8.1744000e+00   8.2191000e+00   8.2395000e+00   9.6529000e+00   9.2910000e+00
   8.2174000e+00   8.3520000e+00   8.3685000e+00   8.4229000e+00   9.6009000e+00   9.4255000e+00
   7.9644000e+00   8.1678000e+00   8.1837000e+00   8.2768000e+00   9.6321000e+00   9.6101000e+00
   8.0904000e+00   8.1076000e+00   8.1452000e+00   8.1426000e+00   9.7926000e+00   9.6909000e+00
   8.3674000e+00   8.3188000e+00   8.3521000e+00   8.2955000e+00   9.9107000e+00   9.8484000e+00
   8.3943000e+00   8.2673000e+00   8.4281000e+00   8.3878000e+00   9.5030000e+00   9.7121000e+00
   8.2173000e+00   8.0195000e+00   8.1804000e+00   8.1254000e+00   8.7005000e+00   8.9362000e+00
   8.1557000e+00   7.9856000e+00   8.0883000e+00   8.0240000e+00   7.7691000e+00   8.1026000e+00
   8.5319000e+00   8.3524000e+00   8.5301000e+00   8.4708000e+00   6.1451000e+00   6.3415000e+00
   9.0392000e+00   9.1050000e+00   9.1507000e+00   9.2540000e+00   5.9780000e+00   5.3398000e+00
   9.2838000e+00   9.5120000e+00   9.5003000e+00   9.6699000e+00   5.6382000e+00   5.8266000e+00
   9.3297000e+00   9.6509000e+00   9.4149000e+00   9.4887000e+00   5.4982000e+00   5.1189000e+00
   8.7891000e+00   9.1157000e+00   8.8316000e+00   8.8859000e+00   6.4525000e+00   5.9627000e+00
   8.7405000e+00   8.6337000e+00   8.6075000e+00   8.5179000e+00   7.6405000e+00   6.8534000e+00
   8.6111000e+00   8.4345000e+00   8.4258000e+00   8.3395000e+00   8.3945000e+00   7.5955000e+00
   7.6086000e+00   7.3696000e+00   7.3911000e+00   7.3326000e+00   7.5873000e+00   7.5110000e+00
   7.1672000e+00   6.8818000e+00   6.9174000e+00   6.8399000e+00   7.7956000e+00   7.3571000e+00
   6.9287000e+00   6.5321000e+00   6.6129000e+00   6.4797000e+00   7.9665000e+00   7.8944000e+00
   7.1986000e+00   6.8018000e+00   6.8208000e+00   6.6897000e+00   8.1685000e+00   7.8683000e+00
   7.7935000e+00   7.3835000e+00   7.3117000e+00   7.1072000e+00   8.1315000e+00   7.8170000e+00
   8.7361000e+00   8.3136000e+00   8.1863000e+00   7.9344000e+00   9.6759000e+00   8.6917000e+00
   7.7539000e+00   7.5328000e+00   7.5079000e+00   7.4871000e+00   9.9009000e+00   8.7468000e+00
   7.4795000e+00   6.8492000e+00   6.9978000e+00   6.8666000e+00   1.1460000e+01   1.0220900e+01
   7.1804000e+00   6.8096000e+00   6.9203000e+00   6.9202000e+00   1.2797100e+01   1.3073400e+01
   5.3846000e+00   4.8866000e+00   4.9881000e+00   5.0007000e+00   1.3595700e+01   1.2441800e+01
   7.7720000e+00   6.8672000e+00   7.1187000e+00   6.9081000e+00   1.5695700e+01   1.1666900e+01
   9.5436000e+00   8.7973000e+00   8.8866000e+00   8.6783000e+00   1.5079600e+01   1.1638900e+01
   1.0173500e+01   9.7419000e+00   9.6494000e+00   9.5645000e+00   1.5573700e+01   1.2757900e+01
   1.1051900e+01   1.0444900e+01   1.0454000e+01   1.0419000e+01   1.4801400e+01   1.3165000e+01
   1.1364700e+01   1.0810600e+01   1.0864000e+01   1.0868900e+01   1.4722200e+01   1.3154500e+01
   1.1703900e+01   1.1501300e+01   1.1175400e+01   1.1128700e+01   1.4834600e+01   1.4543100e+01
   1.2445100e+01   1.2428500e+01   1.2008800e+01   1.2039000e+01   1.4745900e+01   1.5226000e+01
   1.2846600e+01   1.2673000e+01   1.2520800e+01   1.2635300e+01   1.4568200e+01   1.4781700e+01
   1.3190300e+01   1.3126200e+01   1.2924400e+01   1.3085500e+01   1.4871200e+01   1.4543400e+01
   1.3363700e+01   1.3254900e+01   1.3226200e+01   1.3434800e+01   1.4896200e+01   1.5132300e+01
   1.3587900e+01   1.3345600e+01   1.3325700e+01   1.3410700e+01   1.5343600e+01   1.6176400e+01
   1.3266000e+01   1.3081000e+01   1.3130700e+01   1.3253800e+01   1.5227500e+01   1.5775100e+01
   1.2739400e+01   1.2453100e+01   1.2566400e+01   1.2617700e+01   1.5041400e+01   1.5334600e+01
   1.2733400e+01   1.2373700e+01   1.2572800e+01   1.2620500e+01   1.5196200e+01   1.5509500e+01
   1.2362900e+01   1.2050400e+01   1.2246000e+01   1.2291800e+01   1.5520400e+01   1.4859200e+01
   1.2100200e+01   1.1769600e+01   1.1960100e+01   1.1959300e+01   1.6235500e+01   1.6580100e+01
   1.2020600e+01   1.1791500e+01   1.1955600e+01   1.1980900e+01   1.6700500e+01   1.6438300e+01
   1.2445700e+01   1.2046100e+01   1.2322300e+01   1.2310800e+01   1.6316300e+01   1.6169900e+01
   1.2404200e+01   1.1987000e+01   1.2234200e+01   1.2185400e+01   1.6291900e+01   1.5954900e+01
   1.2577300e+01   1.2235600e+01   1.2497200e+01   1.2487300e+01   1.6022300e+01   1.5897000e+01
   1.3297800e+01   1.3077900e+01   1.3260400e+01   1.3262200e+01   1.6132000e+01   1.6033400e+01
   1.3561300e+01   1.3486100e+01   1.3840600e+01   1.4068400e+01   1.6398900e+01   1.5936600e+01
   1.4040700e+01   1.3936000e+01   1.4067000e+01   1.4124200e+01   1.5844800e+01   1.5939600e+01
   1.4604800e+01   1.4528700e+01   1.4515900e+01   1.4528700e+01   1.5269200e+01   1.5659100e+01
   1.4877100e+01   1.4885400e+01   1.4716000e+01   1.4655900e+01   1.4627600e+01   1.5380600e+01
   1.4980700e+01   1.5261400e+01   1.4953300e+01   1.4969100e+01   1.4369900e+01   1.5031000e+01
   1.4736000e+01   1.5167500e+01   1.4732700e+01   1.4758400e+01   1.3861600e+01   1.4582900e+01
   1.4441500e+01   1.4911000e+01   1.4444500e+01   1.4486900e+01   1.3345800e+01   1.3675000e+01
   1.4095400e+01   1.4475700e+01   1.3961000e+01   1.3924600e+01   1.2686400e+01   1.2800900e+01
   1.4083700e+01   1.4446500e+01   1.3958400e+01   1.3891400e+01   1.1989200e+01   1.2499400e+01
   1.3773900e+01   1.4073900e+01   1.3777000e+01   1.3783000e+01   1.1620400e+01   1.1809300e+01
   1.3200100e+01   1.3422400e+01   1.3234100e+01   1.3261400e+01   1.1429900e+01   1.1801800e+01
   1.3110500e+01   1.3328200e+01   1.3087400e+01   1.3071000e+01   1.0919500e+01   1.1397600e+01
   1.3345900e+01   1.3654000e+01   1.3263100e+01   1.3199900e+01   1.0574100e+01   1.0921900e+01
   1.3425900e+01   1.3913600e+01   1.3508800e+01   1.3535100e+01   1.0371300e+01   1.0688700e+01
   1.3441700e+01   1.3870200e+01   1.3501300e+01   1.3504700e+01   9.9176000e+00   1.0394100e+01
   1.2858000e+01   1.3188400e+01   1.3031100e+01   1.3071200e+01   9.3649000e+00   9.9751000e+00
   1.2512800e+01   1.2698500e+01   1.2571600e+01   1.2518700e+01   9.0327000e+00   9.4892000e+00
   1.2756000e+01   1.3134800e+01   1.2869000e+01   1.2855500e+01   8.6586000e+00   9.4053000e+00
   1.2754200e+01   1.3308800e+01   1.3106900e+01   1.3275700e+01   7.6504000e+00   9.2717000e+00
   1.2918300e+01   1.3465000e+01   1.3376300e+01   1.3648800e+01   6.9736000e+00   8.9485000e+00
   1.3275900e+01   1.3535500e+01   1.3570400e+01   1.3760600e+01   6.5624000e+00   8.8239000e+00
   1.3259900e+01   1.3233100e+01   1.3444900e+01   1.3567600e+01   6.2525000e+00   8.8760000e+00
   1.3352500e+01   1.3247000e+01   1.3391900e+01   1.3425500e+01   5.7733000e+00   8.7319000e+00
   1.3125100e+01   1.3091700e+01   1.3189000e+01   1.3230900e+01   5.3830000e+00   8.0705000e+00
   1.2562400e+01   1.2569300e+01   1.2670100e+01   1.2739800e+01   5.7215000e+00   7.6395000e+00
   1.2073600e+01   1.2070600e+01   1.2167500e+01   1.2226500e+01   6.4372000e+00   7.7967000e+00
   1.1558000e+01   1.1559400e+01   1.1660300e+01   1.1733100e+01   7.1599000e+00   7.9355000e+00
   1.1009300e+01   1.1028200e+01   1.1105200e+01   1.1169400e+01   7.2266000e+00   7.4325000e+00
   1.0389700e+01   1.0286800e+01   1.0401000e+01   1.0409300e+01   7.0545000e+00   6.5899000e+00
   9.7120000e+00   9.5681000e+00   9.7108000e+00   9.7232000e+00   6.9158000e+00   6.2232000e+00
   9.3149000e+00   9.2337000e+00   9.3701000e+00   9.4112000e+00   6.9505000e+00   6.2356000e+00
   9.2627000e+00   9.1747000e+00   9.2731000e+00   9.3018000e+00   7.2690000e+00   6.2561000e+00
   9.2300000e+00   9.2008000e+00   9.2764000e+00   9.3246000e+00   7.5110000e+00   6.4188000e+00
   9.2686000e+00   9.1733000e+00   9.2200000e+00   9.2125000e+00   7.8053000e+00   6.8486000e+00
   9.2508000e+00   9.2827000e+00   9.3457000e+00   9.4287000e+00   8.1880000e+00   7.2205000e+00
   9.6316000e+00   9.5188000e+00   9.5890000e+00   9.5927000e+00   8.2515000e+00   7.6126000e+00
   9.6435000e+00   9.5136000e+00   9.6031000e+00   9.6128000e+00   8.3585000e+00   7.5899000e+00
   9.6917000e+00   9.6406000e+00   9.7063000e+00   9.7576000e+00   8.5097000e+00   7.5742000e+00
   9.8826000e+00   9.8726000e+00   9.8855000e+00   9.9192000e+00   8.4413000e+00   7.6469000e+00
   9.9757000e+00   9.9208000e+00   9.8951000e+00   9.8815000e+00   8.2758000e+00   7.8256000e+00
   9.9818000e+00   9.9782000e+00   9.9177000e+00   9.9227000e+00   8.1170000e+00   8.0712000e+00
   1.0041000e+01   1.0004700e+01   9.9569000e+00   9.9444000e+00   8.0208000e+00   8.1840000e+00
   1.0130500e+01   1.0162200e+01   1.0132500e+01   1.0185200e+01   8.0311000e+00   8.1328000e+00
   1.0332200e+01   1.0285800e+01   1.0296600e+01   1.0320100e+01   8.0769000e+00   8.1366000e+00
   1.0383300e+01   1.0368100e+01   1.0374900e+01   1.0419400e+01   8.1251000e+00   8.1981000e+00
   1.0476800e+01   1.0486000e+01   1.0502700e+01   1.0573900e+01   8.1642000e+00   8.2214000e+00
   1.0742900e+01   1.0788700e+01   1.0786400e+01   1.0867200e+01   8.2402000e+00   8.2540000e+00
   1.1046100e+01   1.1062500e+01   1.1043500e+01   1.1098300e+01   8.3342000e+00   8.3262000e+00
   1.1199900e+01   1.1203700e+01   1.1196800e+01   1.1266200e+01   8.3428000e+00   8.4201000e+00
   1.1288500e+01   1.1295900e+01   1.1310000e+01   1.1388500e+01   8.3119000e+00   8.4400000e+00
   1.1279700e+01   1.1267300e+01   1.1295100e+01   1.1370600e+01   8.2985000e+00   8.3598000e+00
   1.1266500e+01   1.1253600e+01   1.1278600e+01   1.1350000e+01   8.2488000e+00   8.2591000e+00
   1.1387400e+01   1.1376200e+01   1.1384600e+01   1.1445800e+01   8.3318000e+00   8.3647000e+00
   1.1529400e+01   1.1501200e+01   1.1525300e+01   1.1593300e+01   8.4700000e+00   8.4898000e+00
   1.1539000e+01   1.1481200e+01   1.1535800e+01   1.1607900e+01   8.5494000e+00   8.5195000e+00
   1.1440800e+01   1.1369500e+01   1.1430400e+01   1.1496400e+01   8.6114000e+00   8.4888000e+00
   1.1374300e+01   1.1324700e+01   1.1383500e+01   1.1457600e+01   8.7019000e+00   8.4779000e+00
   1.1372600e+01   1.1371500e+01   1.1423000e+01   1.1514600e+01   8.9721000e+00   8.7241000e+00
   1.1469000e+01   1.1457300e+01   1.1508800e+01   1.1610300e+01   8.3750000e+00   8.2170000e+00
   1.1517700e+01   1.1508700e+01   1.1557400e+01   1.1647600e+01   7.8066000e+00   7.9237000e+00
   1.1529300e+01   1.1533500e+01   1.1563200e+01   1.1642200e+01   8.0761000e+00   8.3032000e+00
   1.1521700e+01   1.1544200e+01   1.1548500e+01   1.1619500e+01   8.2264000e+00   8.4849000e+00
   1.1475100e+01   1.1508400e+01   1.1493000e+01   1.1552800e+01   8.5523000e+00   8.8452000e+00
   1.1430600e+01   1.1465800e+01   1.1440400e+01   1.1489500e+01   8.7852000e+00   9.0117000e+00
   1.1396300e+01   1.1424600e+01   1.1400600e+01   1.1439500e+01   9.0089000e+00   9.2416000e+00
   1.1295100e+01   1.1307300e+01   1.1289000e+01   1.1322000e+01   9.4085000e+00   9.4954000e+00
   1.1204100e+01   1.1218800e+01   1.1207200e+01   1.1245800e+01   9.5151000e+00   9.6680000e+00
   1.1109300e+01   1.1102700e+01   1.1117800e+01   1.1158300e+01   9.5001000e+00   9.8442000e+00
   1.0941900e+01   1.0880400e+01   1.0931500e+01   1.0952200e+01   9.7666000e+00   1.0162000e+01
   1.0696400e+01   1.0593100e+01   1.0671000e+01   1.0680000e+01   1.0069800e+01   1.0426000e+01
   1.0455300e+01   1.0326600e+01   1.0426800e+01   1.0436400e+01   1.0257000e+01   1.0510800e+01
   1.0243200e+01   1.0050100e+01   1.0184800e+01   1.0177600e+01   1.0321100e+01   1.0581000e+01
   9.9571000e+00   9.6658000e+00   9.8389000e+00   9.7994000e+00   1.0383900e+01   1.0646400e+01
   9.5875000e+00   9.2752000e+00   9.4498000e+00   9.4080000e+00   1.0584100e+01   1.0687200e+01
   9.2817000e+00   8.9967000e+00   9.1488000e+00   9.1244000e+00   1.0833800e+01   1.0799900e+01
   9.0929000e+00   8.8073000e+00   8.9510000e+00   8.9330000e+00   1.1204200e+01   1.0899700e+01
   8.9366000e+00   8.6396000e+00   8.7799000e+00   8.7671000e+00   1.1620600e+01   1.0924700e+01
   8.7993000e+00   8.4992000e+00   8.6314000e+00   8.6255000e+00   1.1944900e+01   1.0886800e+01
   8.6696000e+00   8.4034000e+00   8.5173000e+00   8.5303000e+00   1.2149800e+01   1.0806800e+01
   8.5565000e+00   8.3102000e+00   8.4110000e+00   8.4351000e+00   1.2172100e+01   1.0690800e+01
   8.4120000e+00   8.1760000e+00   8.2646000e+00   8.2941000e+00   1.2138600e+01   1.0549800e+01
   8.2531000e+00   8.0076000e+00   8.0905000e+00   8.1143000e+00   1.2043500e+01   1.0420600e+01
   8.0701000e+00   7.8191000e+00   7.8965000e+00   7.9144000e+00   1.1956000e+01   1.0388600e+01
   7.8647000e+00   7.6208000e+00   7.6897000e+00   7.7055000e+00   1.1855600e+01   1.0430200e+01
   7.6829000e+00   7.4616000e+00   7.5157000e+00   7.5331000e+00   1.1773000e+01   1.0559300e+01
   7.5443000e+00   7.3091000e+00   7.3692000e+00   7.3765000e+00   1.1619000e+01   1.0662100e+01
   7.3959000e+00   7.1767000e+00   7.2399000e+00   7.2683000e+00   1.1434800e+01   1.0649100e+01
   7.3131000e+00   7.0920000e+00   7.1586000e+00   7.1899000e+00   1.1257500e+01   1.0595000e+01
   7.2491000e+00   7.0178000e+00   7.0842000e+00   7.1227000e+00   1.1125700e+01   1.0518500e+01
   7.2024000e+00   6.9721000e+00   7.0324000e+00   7.0770000e+00   1.0937100e+01   1.0377700e+01
   7.1786000e+00   6.9530000e+00   7.0091000e+00   7.0562000e+00   1.0720300e+01   1.0214100e+01
   7.1563000e+00   6.9298000e+00   6.9840000e+00   7.0300000e+00   1.0528700e+01   1.0049300e+01
   7.1365000e+00   6.9181000e+00   6.9715000e+00   7.0156000e+00   1.0273100e+01   9.8253000e+00
   7.0960000e+00   6.8928000e+00   6.9446000e+00   6.9879000e+00   1.0033400e+01   9.5710000e+00
   7.0539000e+00   6.8840000e+00   6.9246000e+00   6.9720000e+00   9.7076000e+00   9.3138000e+00
   7.0366000e+00   6.8938000e+00   6.9268000e+00   6.9773000e+00   9.3929000e+00   9.0919000e+00
   7.0171000e+00   6.9063000e+00   6.9307000e+00   6.9921000e+00   9.1139000e+00   8.9084000e+00
   6.9793000e+00   6.8978000e+00   6.9153000e+00   6.9834000e+00   8.9347000e+00   8.7468000e+00
   6.9329000e+00   6.8776000e+00   6.8926000e+00   6.9666000e+00   8.7350000e+00   8.6136000e+00
   6.8953000e+00   6.8742000e+00   6.8785000e+00   6.9591000e+00   8.4891000e+00   8.2773000e+00
   6.8642000e+00   6.8753000e+00   6.8693000e+00   6.9549000e+00   8.7324000e+00   8.2228000e+00
   6.8327000e+00   6.8779000e+00   6.8627000e+00   6.9566000e+00   9.4176000e+00   8.3212000e+00
   6.8110000e+00   6.8787000e+00   6.8577000e+00   6.9539000e+00   8.8179000e+00   7.6881000e+00
   6.7848000e+00   6.8813000e+00   6.8525000e+00   6.9429000e+00   8.7489000e+00   7.5233000e+00
   6.7936000e+00   6.9231000e+00   6.8878000e+00   6.9669000e+00   8.6611000e+00   7.6265000e+00
   6.8413000e+00   6.9814000e+00   6.9476000e+00   7.0168000e+00   8.9053000e+00   7.8852000e+00
   6.9043000e+00   7.0437000e+00   7.0131000e+00   7.0780000e+00   9.0931000e+00   8.1575000e+00
   6.9985000e+00   7.1260000e+00   7.0985000e+00   7.1552000e+00   9.0155000e+00   8.4310000e+00
   7.1023000e+00   7.2186000e+00   7.1895000e+00   7.2378000e+00   8.3300000e+00   8.6847000e+00
   7.1648000e+00   7.2616000e+00   7.2328000e+00   7.2705000e+00   7.5505000e+00   8.6859000e+00
   7.1741000e+00   7.2569000e+00   7.2237000e+00   7.2484000e+00   7.9983000e+00   8.5306000e+00
   7.1442000e+00   7.2153000e+00   7.1770000e+00   7.1916000e+00   8.4538000e+00   8.4031000e+00
   7.0909000e+00   7.1501000e+00   7.1143000e+00   7.1245000e+00   8.3712000e+00   8.3889000e+00
   7.0198000e+00   7.0629000e+00   7.0360000e+00   7.0424000e+00   8.4376000e+00   8.4347000e+00
   6.9145000e+00   6.9441000e+00   6.9297000e+00   6.9350000e+00   8.5870000e+00   8.5131000e+00
   6.8350000e+00   6.8486000e+00   6.8449000e+00   6.8447000e+00   8.7077000e+00   8.4738000e+00
   6.7771000e+00   6.7631000e+00   6.7645000e+00   6.7489000e+00   8.8120000e+00   8.4259000e+00
   6.6719000e+00   6.6359000e+00   6.6390000e+00   6.6104000e+00   8.8765000e+00   8.3730000e+00
   6.5437000e+00   6.4929000e+00   6.4977000e+00   6.4579000e+00   8.8704000e+00   8.3357000e+00
   6.4132000e+00   6.3374000e+00   6.3479000e+00   6.2944000e+00   8.8519000e+00   8.3168000e+00
   6.2846000e+00   6.1894000e+00   6.2056000e+00   6.1421000e+00   8.8603000e+00   8.3626000e+00
   6.1731000e+00   6.0647000e+00   6.0826000e+00   6.0126000e+00   8.7826000e+00   8.3599000e+00
   6.0635000e+00   5.9404000e+00   5.9854000e+00   5.9337000e+00   8.7276000e+00   8.2914000e+00
   6.0109000e+00   5.9181000e+00   5.9799000e+00   5.9553000e+00   8.6719000e+00   8.1674000e+00
   6.0617000e+00   5.9759000e+00   6.0196000e+00   5.9810000e+00   8.6380000e+00   8.0353000e+00
   6.0831000e+00   5.9658000e+00   6.0124000e+00   5.9696000e+00   8.6749000e+00   7.9856000e+00
   6.0791000e+00   5.9496000e+00   5.9998000e+00   5.9297000e+00   8.7795000e+00   8.0013000e+00
   6.0561000e+00   5.9084000e+00   5.9388000e+00   5.8571000e+00   8.7756000e+00   7.9531000e+00
