  -9.4745000e+00  -9.5009000e+00  -9.4742000e+00  -9.4635000e+00  -1.1027600e+01  -1.0962900e+01
  -9.5793000e+00  -9.6128000e+00  -9.5721000e+00  -9.5584000e+00  -1.1131900e+01  -1.1060900e+01
  -9.7385000e+00  -9.7844000e+00  -9.7182000e+00  -9.6972000e+00  -1.1248300e+01  -1.1157200e+01
  -9.9154000e+00  -9.9774000e+00  -9.8864000e+00  -9.8601000e+00  -1.1398300e+01  -1.1258100e+01
  -1.0143300e+01  -1.0219900e+01  -1.0111500e+01  -1.0087200e+01  -1.1569700e+01  -1.1373800e+01
  -1.0359200e+01  -1.0444800e+01  -1.0332500e+01  -1.0316100e+01  -1.1746800e+01  -1.1500500e+01
  -1.0607700e+01  -1.0717200e+01  -1.0586600e+01  -1.0578300e+01  -1.1900200e+01  -1.1639800e+01
  -1.0889200e+01  -1.1027000e+01  -1.0874600e+01  -1.0876800e+01  -1.2046500e+01  -1.1762900e+01
  -1.1206000e+01  -1.1338100e+01  -1.1193500e+01  -1.1203000e+01  -1.2176900e+01  -1.1873900e+01
  -1.1525700e+01  -1.1631300e+01  -1.1508300e+01  -1.1517300e+01  -1.2314400e+01  -1.2013900e+01
  -1.1806600e+01  -1.1881700e+01  -1.1780800e+01  -1.1784900e+01  -1.2445500e+01  -1.2155600e+01
  -1.2031900e+01  -1.2079000e+01  -1.1998700e+01  -1.1997200e+01  -1.2567900e+01  -1.2283800e+01
  -1.2187800e+01  -1.2215800e+01  -1.2153200e+01  -1.2146200e+01  -1.2692100e+01  -1.2405300e+01
  -1.2346100e+01  -1.2339700e+01  -1.2289000e+01  -1.2265000e+01  -1.2822300e+01  -1.2540600e+01
  -1.2463300e+01  -1.2460100e+01  -1.2408100e+01  -1.2381500e+01  -1.2930600e+01  -1.2680000e+01
  -1.2576800e+01  -1.2560200e+01  -1.2514200e+01  -1.2487400e+01  -1.3010800e+01  -1.2833000e+01
  -1.2655100e+01  -1.2626900e+01  -1.2603300e+01  -1.2584300e+01  -1.3060200e+01  -1.2965400e+01
  -1.2696500e+01  -1.2657300e+01  -1.2643100e+01  -1.2630600e+01  -1.3085100e+01  -1.3057300e+01
  -1.2679900e+01  -1.2659800e+01  -1.2654700e+01  -1.2649600e+01  -1.3045200e+01  -1.3078300e+01
  -1.2687100e+01  -1.2681800e+01  -1.2677300e+01  -1.2681400e+01  -1.2994300e+01  -1.3053300e+01
  -1.2611900e+01  -1.2675600e+01  -1.2681400e+01  -1.2713600e+01  -1.2879400e+01  -1.2943200e+01
  -1.2482300e+01  -1.2599600e+01  -1.2626900e+01  -1.2699400e+01  -1.2670500e+01  -1.2680600e+01
  -1.2251400e+01  -1.2442200e+01  -1.2487300e+01  -1.2610400e+01  -1.2300400e+01  -1.2270100e+01
  -1.1930700e+01  -1.2274300e+01  -1.2295000e+01  -1.2486000e+01  -1.1839800e+01  -1.1783100e+01
  -1.1614500e+01  -1.2109900e+01  -1.2095400e+01  -1.2368200e+01  -1.1462800e+01  -1.1361700e+01
  -1.1344800e+01  -1.1969100e+01  -1.1922500e+01  -1.2261100e+01  -1.1065700e+01  -1.0969400e+01
  -1.1109600e+01  -1.1850700e+01  -1.1782900e+01  -1.2184200e+01  -1.0712500e+01  -1.0533900e+01
  -1.0920800e+01  -1.1767400e+01  -1.1677400e+01  -1.2126900e+01  -1.0367100e+01  -1.0213700e+01
  -1.0718700e+01  -1.1664600e+01  -1.1576200e+01  -1.2068300e+01  -9.9585000e+00  -9.8203000e+00
  -1.0446200e+01  -1.1459900e+01  -1.1396400e+01  -1.1921900e+01  -9.4939000e+00  -9.4228000e+00
  -1.0110600e+01  -1.1166800e+01  -1.1131600e+01  -1.1715100e+01  -9.0319000e+00  -9.0263000e+00
  -9.7806000e+00  -1.0862800e+01  -1.0825100e+01  -1.1425500e+01  -8.6015000e+00  -8.6352000e+00
  -9.4531000e+00  -1.0559100e+01  -1.0529700e+01  -1.1156200e+01  -8.2042000e+00  -8.2420000e+00
  -9.1123000e+00  -1.0226400e+01  -1.0208500e+01  -1.0854000e+01  -7.7812000e+00  -7.8004000e+00
  -8.7896000e+00  -9.9112000e+00  -9.8924000e+00  -1.0527600e+01  -7.3872000e+00  -7.3667000e+00
  -8.5581000e+00  -9.7390000e+00  -9.6553000e+00  -1.0265100e+01  -7.0556000e+00  -6.9941000e+00
  -8.4166000e+00  -9.6021000e+00  -9.5039000e+00  -1.0074800e+01  -6.7313000e+00  -6.6750000e+00
  -8.2766000e+00  -9.3729000e+00  -9.2720000e+00  -9.7773000e+00  -6.3971000e+00  -6.3722000e+00
  -8.1227000e+00  -9.0751000e+00  -9.0017000e+00  -9.4390000e+00  -6.0525000e+00  -6.0637000e+00
  -8.0450000e+00  -8.8031000e+00  -8.7577000e+00  -9.1286000e+00  -5.7072000e+00  -5.7522000e+00
  -7.9704000e+00  -8.5589000e+00  -8.5289000e+00  -8.8394000e+00  -5.3955000e+00  -5.4578000e+00
  -7.8805000e+00  -8.3429000e+00  -8.3109000e+00  -8.5763000e+00  -5.1324000e+00  -5.1858000e+00
  -7.7330000e+00  -8.1006000e+00  -8.0631000e+00  -8.3284000e+00  -4.9183000e+00  -4.9287000e+00
  -7.5620000e+00  -7.8219000e+00  -7.7918000e+00  -8.0519000e+00  -4.7186000e+00  -4.6866000e+00
  -7.4112000e+00  -7.5723000e+00  -7.5510000e+00  -7.7949000e+00  -4.5120000e+00  -4.4625000e+00
  -7.1939000e+00  -7.3279000e+00  -7.3316000e+00  -7.5695000e+00  -4.3055000e+00  -4.2537000e+00
  -6.8272000e+00  -7.1528000e+00  -7.1331000e+00  -7.3674000e+00  -4.0934000e+00  -4.0556000e+00
  -6.4267000e+00  -7.1569000e+00  -7.0570000e+00  -7.2843000e+00  -3.8651000e+00  -3.8628000e+00
  -6.2175000e+00  -7.2673000e+00  -7.1339000e+00  -7.3411000e+00  -3.6469000e+00  -3.6744000e+00
  -6.3064000e+00  -7.3902000e+00  -7.2387000e+00  -7.3923000e+00  -3.4642000e+00  -3.5015000e+00
  -6.5946000e+00  -7.4973000e+00  -7.3339000e+00  -7.4208000e+00  -3.3224000e+00  -3.3549000e+00
  -7.0639000e+00  -7.5830000e+00  -7.4575000e+00  -7.4714000e+00  -3.2128000e+00  -3.2343000e+00
  -7.4957000e+00  -7.7068000e+00  -7.6290000e+00  -7.5851000e+00  -3.1218000e+00  -3.1393000e+00
  -7.8093000e+00  -7.8609000e+00  -7.8153000e+00  -7.7645000e+00  -3.0456000e+00  -3.0646000e+00
  -8.0873000e+00  -7.9869000e+00  -8.0004000e+00  -7.9658000e+00  -2.9807000e+00  -3.0054000e+00
  -8.3093000e+00  -8.1454000e+00  -8.2037000e+00  -8.1894000e+00  -2.9261000e+00  -2.9601000e+00
  -8.4825000e+00  -8.3672000e+00  -8.3882000e+00  -8.3778000e+00  -2.8938000e+00  -2.9277000e+00
  -8.6208000e+00  -8.5443000e+00  -8.4933000e+00  -8.4709000e+00  -2.8807000e+00  -2.9101000e+00
  -8.6515000e+00  -8.6511000e+00  -8.4916000e+00  -8.4814000e+00  -2.8820000e+00  -2.9095000e+00
  -8.5507000e+00  -8.5924000e+00  -8.3147000e+00  -8.3367000e+00  -2.9129000e+00  -2.9388000e+00
  -8.5871000e+00  -8.3663000e+00  -8.2505000e+00  -8.1709000e+00  -2.9498000e+00  -3.0032000e+00
  -8.3496000e+00  -8.3524000e+00  -8.2641000e+00  -8.2382000e+00  -2.9851000e+00  -3.0736000e+00
  -8.1400000e+00  -8.2354000e+00  -8.1172000e+00  -8.1544000e+00  -3.0088000e+00  -3.1192000e+00
  -8.0208000e+00  -7.9948000e+00  -7.9954000e+00  -8.0099000e+00  -3.0596000e+00  -3.2197000e+00
  -8.2147000e+00  -7.9826000e+00  -8.0359000e+00  -7.9895000e+00  -3.0019000e+00  -3.2941000e+00
  -8.4350000e+00  -8.1636000e+00  -8.2922000e+00  -8.2091000e+00  -2.9318000e+00  -3.3789000e+00
  -8.0529000e+00  -8.3652000e+00  -8.1494000e+00  -8.2700000e+00  -2.9034000e+00  -3.4607000e+00
  -7.8746000e+00  -8.1550000e+00  -7.8314000e+00  -7.8418000e+00  -2.9740000e+00  -3.5414000e+00
  -7.9300000e+00  -7.9684000e+00  -7.8783000e+00  -7.8248000e+00  -3.2021000e+00  -3.6002000e+00
  -7.8930000e+00  -7.8653000e+00  -7.9054000e+00  -7.9819000e+00  -3.5682000e+00  -3.6440000e+00
  -7.4469000e+00  -7.6609000e+00  -7.6086000e+00  -7.7414000e+00  -3.8842000e+00  -3.6809000e+00
  -7.2874000e+00  -7.3219000e+00  -7.3911000e+00  -7.4822000e+00  -4.0745000e+00  -3.7494000e+00
  -7.3000000e+00  -7.3079000e+00  -7.4190000e+00  -7.4972000e+00  -4.2285000e+00  -3.8179000e+00
  -7.3129000e+00  -7.3460000e+00  -7.4766000e+00  -7.6231000e+00  -4.1917000e+00  -3.8377000e+00
  -7.4094000e+00  -7.4059000e+00  -7.3927000e+00  -7.4848000e+00  -3.9973000e+00  -3.9399000e+00
  -7.2109000e+00  -7.2642000e+00  -7.1513000e+00  -7.2163000e+00  -4.0649000e+00  -4.0953000e+00
  -7.1401000e+00  -7.0033000e+00  -7.0020000e+00  -7.0178000e+00  -4.2726000e+00  -4.0838000e+00
  -7.2303000e+00  -6.9810000e+00  -7.0051000e+00  -6.9591000e+00  -4.3225000e+00  -4.0187000e+00
  -7.2952000e+00  -7.1624000e+00  -7.1468000e+00  -7.0414000e+00  -4.3958000e+00  -3.9711000e+00
  -7.1551000e+00  -7.2854000e+00  -7.2494000e+00  -7.2435000e+00  -4.4625000e+00  -3.9368000e+00
  -6.9639000e+00  -7.2145000e+00  -7.2168000e+00  -7.3344000e+00  -4.5248000e+00  -3.9216000e+00
  -6.8426000e+00  -7.0558000e+00  -7.0794000e+00  -7.2007000e+00  -4.5887000e+00  -3.9343000e+00
  -6.8115000e+00  -6.9547000e+00  -7.0070000e+00  -7.1026000e+00  -4.6293000e+00  -4.0112000e+00
  -6.8556000e+00  -6.9703000e+00  -7.0433000e+00  -7.1235000e+00  -4.7090000e+00  -4.2042000e+00
  -6.9698000e+00  -7.0713000e+00  -7.2073000e+00  -7.3111000e+00  -4.9138000e+00  -4.4210000e+00
  -7.3586000e+00  -7.3449000e+00  -7.6163000e+00  -7.7094000e+00  -5.2489000e+00  -4.5624000e+00
  -8.1308000e+00  -8.0032000e+00  -8.2107000e+00  -8.2249000e+00  -5.5716000e+00  -4.8670000e+00
  -8.1269000e+00  -8.1317000e+00  -8.0567000e+00  -8.0523000e+00  -5.6942000e+00  -5.3403000e+00
  -7.9862000e+00  -8.0134000e+00  -8.1288000e+00  -8.1811000e+00  -5.7111000e+00  -5.6951000e+00
  -8.1444000e+00  -8.1928000e+00  -8.1394000e+00  -8.1479000e+00  -5.6869000e+00  -5.7889000e+00
  -8.1253000e+00  -8.2208000e+00  -8.0840000e+00  -8.0682000e+00  -5.6976000e+00  -5.8889000e+00
  -7.9201000e+00  -8.0503000e+00  -7.9378000e+00  -7.9256000e+00  -5.8970000e+00  -5.9133000e+00
  -7.8014000e+00  -7.8923000e+00  -7.8323000e+00  -7.8049000e+00  -6.2081000e+00  -5.8207000e+00
  -7.7670000e+00  -7.8405000e+00  -7.7978000e+00  -7.7752000e+00  -6.2699000e+00  -5.7320000e+00
  -7.8091000e+00  -7.8355000e+00  -7.8047000e+00  -7.7598000e+00  -6.2340000e+00  -5.6870000e+00
  -7.9026000e+00  -7.8666000e+00  -7.8935000e+00  -7.8439000e+00  -6.2654000e+00  -5.6898000e+00
  -8.0992000e+00  -7.9882000e+00  -8.0869000e+00  -8.0366000e+00  -6.3192000e+00  -5.7666000e+00
  -8.4471000e+00  -8.2774000e+00  -8.4244000e+00  -8.3777000e+00  -6.3365000e+00  -5.9699000e+00
  -8.8117000e+00  -8.7405000e+00  -8.8082000e+00  -8.8029000e+00  -6.3383000e+00  -6.2566000e+00
  -8.7841000e+00  -8.8156000e+00  -8.8176000e+00  -8.8327000e+00  -6.3977000e+00  -6.4732000e+00
  -8.8159000e+00  -8.7895000e+00  -8.8770000e+00  -8.9057000e+00  -6.5446000e+00  -6.5696000e+00
  -9.1058000e+00  -9.0054000e+00  -9.1909000e+00  -9.2364000e+00  -6.8036000e+00  -6.7322000e+00
  -9.4707000e+00  -9.4199000e+00  -9.5482000e+00  -9.6033000e+00  -7.1761000e+00  -7.1412000e+00
  -9.5818000e+00  -9.6158000e+00  -9.6124000e+00  -9.6469000e+00  -7.4231000e+00  -7.6101000e+00
  -9.5570000e+00  -9.5520000e+00  -9.5225000e+00  -9.5068000e+00  -7.5838000e+00  -7.8679000e+00
  -9.5002000e+00  -9.4916000e+00  -9.4657000e+00  -9.4352000e+00  -7.7140000e+00  -8.0271000e+00
  -9.3651000e+00  -9.3869000e+00  -9.3670000e+00  -9.3508000e+00  -7.8851000e+00  -8.1811000e+00
  -9.2778000e+00  -9.2966000e+00  -9.2981000e+00  -9.2886000e+00  -7.9787000e+00  -8.3380000e+00
  -9.2989000e+00  -9.3100000e+00  -9.3375000e+00  -9.3422000e+00  -7.9886000e+00  -8.4756000e+00
  -9.3915000e+00  -9.3972000e+00  -9.4364000e+00  -9.4561000e+00  -8.0634000e+00  -8.5742000e+00
  -9.5293000e+00  -9.5317000e+00  -9.5843000e+00  -9.6174000e+00  -8.2932000e+00  -8.5687000e+00
  -9.6701000e+00  -9.6729000e+00  -9.7365000e+00  -9.7800000e+00  -8.6438000e+00  -8.5333000e+00
  -9.7663000e+00  -9.7702000e+00  -9.8025000e+00  -9.8297000e+00  -8.9011000e+00  -8.5445000e+00
  -9.8200000e+00  -9.8192000e+00  -9.8144000e+00  -9.8214000e+00  -8.8340000e+00  -8.6066000e+00
  -9.8925000e+00  -9.8535000e+00  -9.8291000e+00  -9.8150000e+00  -8.5233000e+00  -8.7529000e+00
  -1.0061200e+01  -9.9091000e+00  -9.8655000e+00  -9.7984000e+00  -8.2297000e+00  -8.9075000e+00
  -1.0409900e+01  -1.0063600e+01  -1.0038600e+01  -9.8872000e+00  -8.0684000e+00  -8.9821000e+00
  -1.0607600e+01  -1.0328200e+01  -1.0322200e+01  -1.0171700e+01  -8.0425000e+00  -8.9390000e+00
  -1.0466300e+01  -1.0308700e+01  -1.0274200e+01  -1.0206200e+01  -8.0926000e+00  -8.8303000e+00
  -1.0420300e+01  -1.0221400e+01  -1.0217300e+01  -1.0102000e+01  -8.2744000e+00  -8.9116000e+00
  -1.0140200e+01  -1.0147800e+01  -1.0120600e+01  -1.0087200e+01  -8.5769000e+00  -8.8557000e+00
  -9.6988000e+00  -9.8327000e+00  -9.7983000e+00  -9.8314000e+00  -8.5112000e+00  -8.4744000e+00
  -9.1947000e+00  -9.4036000e+00  -9.3841000e+00  -9.4495000e+00  -8.0515000e+00  -7.9518000e+00
  -8.6488000e+00  -8.9832000e+00  -8.9737000e+00  -9.0708000e+00  -7.4484000e+00  -7.2843000e+00
  -8.0740000e+00  -8.5224000e+00  -8.5264000e+00  -8.6962000e+00  -6.7540000e+00  -6.6106000e+00
  -7.5218000e+00  -8.0058000e+00  -8.0297000e+00  -8.2378000e+00  -6.2103000e+00  -6.0748000e+00
  -6.9537000e+00  -7.4861000e+00  -7.5311000e+00  -7.7861000e+00  -5.6598000e+00  -5.4998000e+00
  -6.4451000e+00  -6.9650000e+00  -7.0188000e+00  -7.3019000e+00  -5.1473000e+00  -5.0335000e+00
  -5.9998000e+00  -6.5043000e+00  -6.5513000e+00  -6.8225000e+00  -4.7310000e+00  -4.6316000e+00
  -5.5966000e+00  -6.0978000e+00  -6.1404000e+00  -6.4053000e+00  -4.3611000e+00  -4.2978000e+00
  -5.2495000e+00  -5.7351000e+00  -5.7667000e+00  -6.0066000e+00  -4.0316000e+00  -3.9795000e+00
  -4.9282000e+00  -5.4409000e+00  -5.4419000e+00  -5.6473000e+00  -3.6901000e+00  -3.6867000e+00
  -4.6507000e+00  -5.2342000e+00  -5.1723000e+00  -5.3489000e+00  -3.3999000e+00  -3.4273000e+00
  -4.4643000e+00  -5.0878000e+00  -4.9557000e+00  -5.0879000e+00  -3.1339000e+00  -3.1780000e+00
  -4.4023000e+00  -4.9088000e+00  -4.7668000e+00  -4.8490000e+00  -2.8454000e+00  -2.9186000e+00
  -4.4791000e+00  -4.6772000e+00  -4.5917000e+00  -4.6777000e+00  -2.5884000e+00  -2.6977000e+00
  -4.6154000e+00  -4.5346000e+00  -4.4785000e+00  -4.6226000e+00  -2.3663000e+00  -2.4950000e+00
  -4.6163000e+00  -4.7776000e+00  -4.4726000e+00  -4.5889000e+00  -2.1584000e+00  -2.2890000e+00
  -4.7724000e+00  -5.5857000e+00  -4.6912000e+00  -4.5292000e+00  -1.9526000e+00  -2.0810000e+00
  -5.3986000e+00  -5.7192000e+00  -5.1577000e+00  -4.9102000e+00  -1.7430000e+00  -1.8660000e+00
  -5.4854000e+00  -5.4205000e+00  -5.3343000e+00  -5.3910000e+00  -1.5469000e+00  -1.6456000e+00
  -5.3955000e+00  -5.2981000e+00  -5.2303000e+00  -5.3038000e+00  -1.3898000e+00  -1.4623000e+00
  -5.1638000e+00  -5.2536000e+00  -5.1514000e+00  -5.1790000e+00  -1.2690000e+00  -1.3279000e+00
  -5.1693000e+00  -5.2633000e+00  -5.1458000e+00  -5.1690000e+00  -1.1722000e+00  -1.2252000e+00
  -5.2884000e+00  -5.3162000e+00  -5.3528000e+00  -5.3799000e+00  -1.0905000e+00  -1.1430000e+00
  -5.7243000e+00  -5.5947000e+00  -5.6362000e+00  -5.6489000e+00  -1.0153000e+00  -1.0778000e+00
  -6.0027000e+00  -5.8665000e+00  -5.7437000e+00  -5.7558000e+00  -9.4280000e-01  -1.0272000e+00
  -5.9852000e+00  -5.9915000e+00  -5.7947000e+00  -5.8369000e+00  -8.8010000e-01  -9.8880000e-01
  -5.9224000e+00  -6.0174000e+00  -5.9612000e+00  -6.0416000e+00  -8.3040000e-01  -9.6090000e-01
  -6.0447000e+00  -6.0334000e+00  -6.0630000e+00  -6.1570000e+00  -7.9160000e-01  -9.4290000e-01
  -6.0422000e+00  -6.0206000e+00  -6.0261000e+00  -6.1150000e+00  -7.6500000e-01  -9.3850000e-01
  -5.9561000e+00  -5.9385000e+00  -5.9564000e+00  -6.0582000e+00  -7.5460000e-01  -9.4970000e-01
  -5.9166000e+00  -5.9409000e+00  -5.9210000e+00  -6.0298000e+00  -7.6160000e-01  -9.7210000e-01
  -5.8877000e+00  -6.0563000e+00  -5.8446000e+00  -5.9303000e+00  -7.9560000e-01  -1.0097000e+00
  -5.6085000e+00  -6.0453000e+00  -5.6626000e+00  -5.7474000e+00  -8.6940000e-01  -1.0775000e+00
  -5.4074000e+00  -5.9560000e+00  -5.5911000e+00  -5.6681000e+00  -9.9940000e-01  -1.1460000e+00
  -5.3985000e+00  -5.9952000e+00  -5.6484000e+00  -5.7397000e+00  -1.1462000e+00  -1.1987000e+00
  -5.5155000e+00  -6.0370000e+00  -5.7515000e+00  -5.8122000e+00  -1.0014000e+00  -1.2959000e+00
  -5.6032000e+00  -5.9192000e+00  -5.8052000e+00  -5.8540000e+00  -1.1515000e+00  -1.6996000e+00
  -5.5836000e+00  -5.9671000e+00  -5.9189000e+00  -5.9304000e+00  -1.6038000e+00  -2.0138000e+00
  -5.7884000e+00  -6.0959000e+00  -6.0432000e+00  -6.0586000e+00  -1.9409000e+00  -2.0518000e+00
  -5.9445000e+00  -6.2892000e+00  -6.1960000e+00  -6.2021000e+00  -2.0236000e+00  -2.1617000e+00
  -6.1426000e+00  -6.5641000e+00  -6.4138000e+00  -6.4366000e+00  -1.9084000e+00  -2.4851000e+00
  -6.5654000e+00  -7.1236000e+00  -6.8184000e+00  -6.8313000e+00  -2.1310000e+00  -2.8156000e+00
  -7.0962000e+00  -7.8684000e+00  -7.2793000e+00  -7.2964000e+00  -2.3719000e+00  -3.1080000e+00
  -7.9280000e+00  -8.4355000e+00  -7.9930000e+00  -8.0156000e+00  -2.8779000e+00  -3.4876000e+00
  -8.5824000e+00  -8.7518000e+00  -8.5659000e+00  -8.5671000e+00  -3.7265000e+00  -3.3983000e+00
  -8.8985000e+00  -8.9973000e+00  -8.9399000e+00  -8.9313000e+00  -5.6649000e+00  -4.5120000e+00
  -9.1439000e+00  -9.2850000e+00  -9.2245000e+00  -9.2138000e+00  -6.6853000e+00  -6.0539000e+00
  -9.4247000e+00  -9.5675000e+00  -9.5267000e+00  -9.5221000e+00  -7.3832000e+00  -6.6544000e+00
  -9.6778000e+00  -9.8400000e+00  -9.7843000e+00  -9.7802000e+00  -7.5771000e+00  -6.9260000e+00
  -9.8858000e+00  -1.0108700e+01  -1.0002900e+01  -1.0004400e+01  -8.2884000e+00  -7.8941000e+00
  -1.0134200e+01  -1.0396100e+01  -1.0248600e+01  -1.0256200e+01  -8.8408000e+00  -8.2273000e+00
  -1.0410300e+01  -1.0718100e+01  -1.0504000e+01  -1.0508500e+01  -9.2062000e+00  -8.7229000e+00
  -1.0666000e+01  -1.1030400e+01  -1.0740500e+01  -1.0739500e+01  -9.4646000e+00  -9.0542000e+00
  -1.0927600e+01  -1.1318400e+01  -1.0981100e+01  -1.0979200e+01  -9.5641000e+00  -9.3739000e+00
  -1.1189100e+01  -1.1567400e+01  -1.1241900e+01  -1.1252700e+01  -9.6030000e+00  -9.2893000e+00
  -1.1457500e+01  -1.1802700e+01  -1.1513500e+01  -1.1538400e+01  -9.6733000e+00  -9.6030000e+00
  -1.1720000e+01  -1.2023200e+01  -1.1772000e+01  -1.1802400e+01  -1.0063900e+01  -9.9762000e+00
  -1.1927800e+01  -1.2209500e+01  -1.1972900e+01  -1.2005400e+01  -1.0396100e+01  -1.0234100e+01
  -1.2106500e+01  -1.2392700e+01  -1.2145100e+01  -1.2177200e+01  -1.0485200e+01  -1.0392300e+01
  -1.2252500e+01  -1.2516200e+01  -1.2298500e+01  -1.2338300e+01  -1.0571500e+01  -1.0623200e+01
  -1.2410600e+01  -1.2608600e+01  -1.2450600e+01  -1.2485900e+01  -1.0754800e+01  -1.0856300e+01
  -1.2569200e+01  -1.2689300e+01  -1.2583500e+01  -1.2608900e+01  -1.0999500e+01  -1.1016000e+01
  -1.2674500e+01  -1.2804900e+01  -1.2674900e+01  -1.2695800e+01  -1.1187900e+01  -1.1148000e+01
  -1.2762600e+01  -1.2911600e+01  -1.2778100e+01  -1.2802800e+01  -1.1429900e+01  -1.1317400e+01
  -1.2838600e+01  -1.3004000e+01  -1.2865900e+01  -1.2892200e+01  -1.1656000e+01  -1.1543500e+01
  -1.2892800e+01  -1.3049400e+01  -1.2918200e+01  -1.2939500e+01  -1.1806800e+01  -1.1731800e+01
  -1.2945300e+01  -1.3099900e+01  -1.2977600e+01  -1.3008000e+01  -1.1959000e+01  -1.1885200e+01
  -1.2990500e+01  -1.3158000e+01  -1.3037900e+01  -1.3080600e+01  -1.2012400e+01  -1.2033700e+01
  -1.3055200e+01  -1.3224600e+01  -1.3114700e+01  -1.3163800e+01  -1.2099700e+01  -1.2237900e+01
  -1.3136200e+01  -1.3297600e+01  -1.3200600e+01  -1.3252900e+01  -1.2240500e+01  -1.2471800e+01
  -1.3211400e+01  -1.3351200e+01  -1.3274000e+01  -1.3321800e+01  -1.2377400e+01  -1.2669800e+01
  -1.3283900e+01  -1.3394400e+01  -1.3340600e+01  -1.3382800e+01  -1.2513500e+01  -1.2861100e+01
  -1.3308900e+01  -1.3417600e+01  -1.3360700e+01  -1.3407700e+01  -1.2685200e+01  -1.3045700e+01
  -1.3369200e+01  -1.3445100e+01  -1.3420400e+01  -1.3441800e+01  -1.2882100e+01  -1.3210900e+01
  -1.3406300e+01  -1.3480500e+01  -1.3452800e+01  -1.3474300e+01  -1.3085400e+01  -1.3233400e+01
  -1.3435500e+01  -1.3522600e+01  -1.3489200e+01  -1.3511900e+01  -1.3272100e+01  -1.3303400e+01
  -1.3466500e+01  -1.3560500e+01  -1.3528000e+01  -1.3554900e+01  -1.3326600e+01  -1.3707500e+01
  -1.3499500e+01  -1.3599600e+01  -1.3562400e+01  -1.3590000e+01  -1.3495700e+01  -1.4011600e+01
  -1.3531200e+01  -1.3639400e+01  -1.3594100e+01  -1.3622500e+01  -1.3813700e+01  -1.4089000e+01
  -1.3556400e+01  -1.3666000e+01  -1.3615500e+01  -1.3640700e+01  -1.3986300e+01  -1.3930600e+01
  -1.3571500e+01  -1.3674900e+01  -1.3629600e+01  -1.3654700e+01  -1.4114200e+01  -1.3815900e+01
  -1.3586900e+01  -1.3686600e+01  -1.3645200e+01  -1.3668400e+01  -1.4182800e+01  -1.3827700e+01
  -1.3606600e+01  -1.3697100e+01  -1.3659600e+01  -1.3680400e+01  -1.4163800e+01  -1.3886500e+01
  -1.3625900e+01  -1.3705600e+01  -1.3673600e+01  -1.3691500e+01  -1.4162200e+01  -1.3925800e+01
  -1.3629500e+01  -1.3702400e+01  -1.3674700e+01  -1.3690400e+01  -1.4129200e+01  -1.3979200e+01
  -1.3639000e+01  -1.3707500e+01  -1.3682000e+01  -1.3698500e+01  -1.4086000e+01  -1.4092600e+01
  -1.3647000e+01  -1.3711700e+01  -1.3687300e+01  -1.3704800e+01  -1.3944700e+01  -1.4219100e+01
  -1.3650200e+01  -1.3713700e+01  -1.3685400e+01  -1.3699300e+01  -1.3833900e+01  -1.4277500e+01
  -1.3636000e+01  -1.3709900e+01  -1.3668600e+01  -1.3685300e+01  -1.3707200e+01  -1.4192600e+01
  -1.3601700e+01  -1.3690800e+01  -1.3637200e+01  -1.3662200e+01  -1.3598300e+01  -1.4153700e+01
  -1.3582500e+01  -1.3574900e+01  -1.3563700e+01  -1.3588000e+01  -1.3532500e+01  -1.4031800e+01
  -1.3525400e+01  -1.3481800e+01  -1.3478900e+01  -1.3500200e+01  -1.3356800e+01  -1.3824200e+01
  -1.3466500e+01  -1.3405800e+01  -1.3445400e+01  -1.3506200e+01  -1.3135600e+01  -1.3578600e+01
  -1.3505700e+01  -1.3423600e+01  -1.3477300e+01  -1.3525500e+01  -1.2969700e+01  -1.3331500e+01
  -1.3513100e+01  -1.3477000e+01  -1.3469600e+01  -1.3528000e+01  -1.2712200e+01  -1.3055600e+01
  -1.3500700e+01  -1.3475800e+01  -1.3482700e+01  -1.3563300e+01  -1.2411200e+01  -1.2742800e+01
  -1.3478300e+01  -1.3487900e+01  -1.3465900e+01  -1.3562200e+01  -1.2167300e+01  -1.2425400e+01
  -1.3403500e+01  -1.3426500e+01  -1.3398000e+01  -1.3498900e+01  -1.1955900e+01  -1.2138500e+01
  -1.3359500e+01  -1.3334700e+01  -1.3335100e+01  -1.3438500e+01  -1.1779700e+01  -1.1947900e+01
  -1.3305000e+01  -1.3243400e+01  -1.3275300e+01  -1.3389400e+01  -1.1596700e+01  -1.1752800e+01
  -1.3241900e+01  -1.3161600e+01  -1.3217900e+01  -1.3339800e+01  -1.1389300e+01  -1.1559600e+01
  -1.3237800e+01  -1.3120700e+01  -1.3228400e+01  -1.3371100e+01  -1.1337300e+01  -1.1400800e+01
  -1.3290500e+01  -1.3158700e+01  -1.3284500e+01  -1.3412900e+01  -1.1320900e+01  -1.1246800e+01
  -1.3355400e+01  -1.3213200e+01  -1.3314900e+01  -1.3437100e+01  -1.1212900e+01  -1.1124200e+01
  -1.3458400e+01  -1.3295700e+01  -1.3370500e+01  -1.3476200e+01  -1.1061200e+01  -1.1026600e+01
  -1.3521600e+01  -1.3310600e+01  -1.3380900e+01  -1.3476200e+01  -1.0886800e+01  -1.1091700e+01
  -1.3727700e+01  -1.3506500e+01  -1.3542100e+01  -1.3633700e+01  -1.0735900e+01  -1.1183000e+01
  -1.3929300e+01  -1.3830300e+01  -1.3755500e+01  -1.3830100e+01  -1.0930900e+01  -1.1127600e+01
  -1.4282300e+01  -1.4245100e+01  -1.3942900e+01  -1.3937400e+01  -1.1009500e+01  -1.0886300e+01
  -1.4790600e+01  -1.4791900e+01  -1.4336600e+01  -1.4245300e+01  -1.1388900e+01  -1.1254000e+01
  -1.5253800e+01  -1.5270100e+01  -1.4859900e+01  -1.4796000e+01  -1.1497000e+01  -1.1210600e+01
  -1.5645200e+01  -1.5793300e+01  -1.5315900e+01  -1.5320400e+01  -1.1736200e+01  -1.1556900e+01
  -1.6360500e+01  -1.6576100e+01  -1.6020200e+01  -1.6050700e+01  -1.2112700e+01  -1.1964900e+01
  -1.6877600e+01  -1.6938400e+01  -1.6525900e+01  -1.6535300e+01  -1.1848700e+01  -1.1804100e+01
  -1.7086500e+01  -1.7112100e+01  -1.6869000e+01  -1.6955500e+01  -1.1449600e+01  -1.1425800e+01
  -1.7141300e+01  -1.7150800e+01  -1.6974700e+01  -1.7073700e+01  -1.0987000e+01  -1.1250200e+01
  -1.7175400e+01  -1.7160300e+01  -1.7040100e+01  -1.7128400e+01  -1.0885500e+01  -1.0996800e+01
  -1.7148200e+01  -1.7106300e+01  -1.7045400e+01  -1.7129600e+01  -1.1084300e+01  -1.0855500e+01
  -1.7088000e+01  -1.7043200e+01  -1.7016900e+01  -1.7102500e+01  -1.1239600e+01  -1.0770100e+01
  -1.7070200e+01  -1.7039800e+01  -1.7022100e+01  -1.7110400e+01  -1.1130900e+01  -1.0937700e+01
  -1.6998800e+01  -1.6946900e+01  -1.6950200e+01  -1.7027700e+01  -1.0816600e+01  -1.1021300e+01
  -1.6880100e+01  -1.6823300e+01  -1.6827600e+01  -1.6890200e+01  -1.0964000e+01  -1.1355800e+01
  -1.6780200e+01  -1.6739500e+01  -1.6733200e+01  -1.6791400e+01  -1.1146200e+01  -1.1591300e+01
  -1.6707000e+01  -1.6668200e+01  -1.6662900e+01  -1.6710800e+01  -1.1325400e+01  -1.1739600e+01
  -1.6525100e+01  -1.6473400e+01  -1.6467800e+01  -1.6494400e+01  -1.1542600e+01  -1.1990700e+01
  -1.6284400e+01  -1.6238300e+01  -1.6231800e+01  -1.6251800e+01  -1.1893700e+01  -1.2401000e+01
  -1.6059900e+01  -1.6037700e+01  -1.6031300e+01  -1.6045500e+01  -1.2482900e+01  -1.2892200e+01
  -1.5903100e+01  -1.5888100e+01  -1.5846700e+01  -1.5834500e+01  -1.2944300e+01  -1.3208700e+01
  -1.5780900e+01  -1.5813500e+01  -1.5765400e+01  -1.5772400e+01  -1.3298800e+01  -1.3428700e+01
  -1.5739500e+01  -1.5795000e+01  -1.5736400e+01  -1.5745000e+01  -1.3516100e+01  -1.3658000e+01
  -1.5712300e+01  -1.5778700e+01  -1.5710700e+01  -1.5719300e+01  -1.3695200e+01  -1.3858900e+01
  -1.5661200e+01  -1.5728200e+01  -1.5663600e+01  -1.5673000e+01  -1.3838200e+01  -1.4018900e+01
  -1.5581900e+01  -1.5636200e+01  -1.5582000e+01  -1.5587100e+01  -1.3978400e+01  -1.4169300e+01
  -1.5480500e+01  -1.5550000e+01  -1.5488200e+01  -1.5492800e+01  -1.4170000e+01  -1.4322500e+01
  -1.5410000e+01  -1.5510000e+01  -1.5426400e+01  -1.5427600e+01  -1.4386400e+01  -1.4478600e+01
  -1.5347100e+01  -1.5477200e+01  -1.5388000e+01  -1.5399800e+01  -1.4615600e+01  -1.4626600e+01
  -1.5331800e+01  -1.5461900e+01  -1.5384100e+01  -1.5396100e+01  -1.4827900e+01  -1.4762300e+01
  -1.5312600e+01  -1.5428800e+01  -1.5360100e+01  -1.5365200e+01  -1.5000000e+01  -1.4887000e+01
  -1.5268200e+01  -1.5361300e+01  -1.5310100e+01  -1.5307800e+01  -1.5153500e+01  -1.4986500e+01
  -1.5195300e+01  -1.5269800e+01  -1.5234300e+01  -1.5228500e+01  -1.5301700e+01  -1.5081200e+01
  -1.5144600e+01  -1.5230100e+01  -1.5207700e+01  -1.5213500e+01  -1.5436500e+01  -1.5131100e+01
  -1.5139300e+01  -1.5235000e+01  -1.5219200e+01  -1.5229400e+01  -1.5534800e+01  -1.5190400e+01
  -1.5162600e+01  -1.5269400e+01  -1.5251700e+01  -1.5261500e+01  -1.5594200e+01  -1.5269300e+01
  -1.5205700e+01  -1.5323000e+01  -1.5290500e+01  -1.5299300e+01  -1.5640300e+01  -1.5338800e+01
  -1.5254100e+01  -1.5391400e+01  -1.5337700e+01  -1.5351600e+01  -1.5659900e+01  -1.5415000e+01
  -1.5306600e+01  -1.5424600e+01  -1.5380900e+01  -1.5393200e+01  -1.5694700e+01  -1.5509600e+01
  -1.5337300e+01  -1.5434100e+01  -1.5411500e+01  -1.5426400e+01  -1.5707900e+01  -1.5650900e+01
  -1.5393000e+01  -1.5472400e+01  -1.5468700e+01  -1.5485600e+01  -1.5694200e+01  -1.5799300e+01
  -1.5452100e+01  -1.5518300e+01  -1.5528100e+01  -1.5546400e+01  -1.5762400e+01  -1.5930200e+01
  -1.5504600e+01  -1.5557300e+01  -1.5566100e+01  -1.5576700e+01  -1.5940900e+01  -1.6042100e+01
  -1.5508300e+01  -1.5554600e+01  -1.5553600e+01  -1.5555600e+01  -1.6071300e+01  -1.6137200e+01
  -1.5477100e+01  -1.5531000e+01  -1.5522300e+01  -1.5524200e+01  -1.6249000e+01  -1.6196300e+01
  -1.5454700e+01  -1.5511600e+01  -1.5500700e+01  -1.5501800e+01  -1.6309500e+01  -1.6207600e+01
  -1.5435100e+01  -1.5490700e+01  -1.5479700e+01  -1.5478900e+01  -1.6387800e+01  -1.6213700e+01
  -1.5415500e+01  -1.5470600e+01  -1.5456800e+01  -1.5454200e+01  -1.6450200e+01  -1.6291200e+01
  -1.5388300e+01  -1.5443100e+01  -1.5431400e+01  -1.5429800e+01  -1.6531300e+01  -1.6421200e+01
  -1.5363100e+01  -1.5428500e+01  -1.5416300e+01  -1.5419100e+01  -1.6671200e+01  -1.6540300e+01
  -1.5358700e+01  -1.5425600e+01  -1.5412500e+01  -1.5411800e+01  -1.6810000e+01  -1.6646400e+01
  -1.5356000e+01  -1.5420300e+01  -1.5404100e+01  -1.5398900e+01  -1.6971600e+01  -1.6783500e+01
  -1.5350700e+01  -1.5420500e+01  -1.5404600e+01  -1.5405000e+01  -1.7000200e+01  -1.6913000e+01
  -1.5364600e+01  -1.5432000e+01  -1.5424500e+01  -1.5428200e+01  -1.6969800e+01  -1.6976000e+01
  -1.5378400e+01  -1.5445200e+01  -1.5441600e+01  -1.5443900e+01  -1.6947300e+01  -1.6984500e+01
  -1.5394800e+01  -1.5455000e+01  -1.5437800e+01  -1.5423300e+01  -1.6962100e+01  -1.6950600e+01
  -1.5389500e+01  -1.5452700e+01  -1.5425100e+01  -1.5412700e+01  -1.6946800e+01  -1.6964900e+01
  -1.5399200e+01  -1.5480700e+01  -1.5444100e+01  -1.5436800e+01  -1.6930800e+01  -1.7019000e+01
  -1.5422900e+01  -1.5485800e+01  -1.5449000e+01  -1.5429700e+01  -1.6947400e+01  -1.7055300e+01
  -1.5399100e+01  -1.5436100e+01  -1.5393700e+01  -1.5352400e+01  -1.6996300e+01  -1.7058700e+01
  -1.5314100e+01  -1.5341300e+01  -1.5303800e+01  -1.5266200e+01  -1.7047900e+01  -1.7029400e+01
  -1.5226100e+01  -1.5271500e+01  -1.5249600e+01  -1.5232100e+01  -1.7075800e+01  -1.7009000e+01
  -1.5194500e+01  -1.5264500e+01  -1.5242600e+01  -1.5237600e+01  -1.7080700e+01  -1.7027000e+01
  -1.5210200e+01  -1.5277600e+01  -1.5254300e+01  -1.5244800e+01  -1.7089000e+01  -1.7054500e+01
  -1.5204000e+01  -1.5264400e+01  -1.5231500e+01  -1.5214000e+01  -1.7107200e+01  -1.7068100e+01
  -1.5195600e+01  -1.5267600e+01  -1.5226500e+01  -1.5214600e+01  -1.7130600e+01  -1.7089000e+01
  -1.5204300e+01  -1.5270700e+01  -1.5235600e+01  -1.5223300e+01  -1.7162300e+01  -1.7115500e+01
  -1.5194600e+01  -1.5249300e+01  -1.5224400e+01  -1.5211000e+01  -1.7199900e+01  -1.7148100e+01
  -1.5157000e+01  -1.5201200e+01  -1.5187100e+01  -1.5172500e+01  -1.7236800e+01  -1.7153000e+01
  -1.5105900e+01  -1.5156000e+01  -1.5146200e+01  -1.5135300e+01  -1.7261900e+01  -1.7156500e+01
  -1.5072700e+01  -1.5131000e+01  -1.5119600e+01  -1.5111400e+01  -1.7278100e+01  -1.7167800e+01
  -1.5055800e+01  -1.5108900e+01  -1.5103300e+01  -1.5096000e+01  -1.7298200e+01  -1.7179300e+01
  -1.5031200e+01  -1.5075900e+01  -1.5076700e+01  -1.5066500e+01  -1.7328200e+01  -1.7208100e+01
  -1.4989600e+01  -1.5036900e+01  -1.5035600e+01  -1.5025400e+01  -1.7349600e+01  -1.7222900e+01
  -1.4955500e+01  -1.5004000e+01  -1.5001000e+01  -1.4990400e+01  -1.7368400e+01  -1.7235600e+01
  -1.4928000e+01  -1.4974100e+01  -1.4966300e+01  -1.4954300e+01  -1.7377700e+01  -1.7221000e+01
  -1.4902300e+01  -1.4944800e+01  -1.4934200e+01  -1.4925300e+01  -1.7313800e+01  -1.7163300e+01
  -1.4877200e+01  -1.4920500e+01  -1.4907100e+01  -1.4902600e+01  -1.7070900e+01  -1.6996200e+01
  -1.4873300e+01  -1.4913000e+01  -1.4891200e+01  -1.4889200e+01  -1.6956000e+01  -1.6787200e+01
  -1.4872700e+01  -1.4911900e+01  -1.4885100e+01  -1.4890600e+01  -1.6693600e+01  -1.6507200e+01
  -1.4883600e+01  -1.4920800e+01  -1.4889100e+01  -1.4899400e+01  -1.6393100e+01  -1.6198300e+01
  -1.4896600e+01  -1.4929200e+01  -1.4896300e+01  -1.4911700e+01  -1.6006500e+01  -1.5822600e+01
  -1.4906400e+01  -1.4930900e+01  -1.4901000e+01  -1.4922400e+01  -1.5559500e+01  -1.5419700e+01
  -1.4905700e+01  -1.4921600e+01  -1.4897400e+01  -1.4924400e+01  -1.5125100e+01  -1.5020400e+01
  -1.4892100e+01  -1.4897600e+01  -1.4879000e+01  -1.4911000e+01  -1.4668700e+01  -1.4582700e+01
  -1.4863700e+01  -1.4862500e+01  -1.4848100e+01  -1.4885500e+01  -1.4214700e+01  -1.4176400e+01
  -1.4833200e+01  -1.4832700e+01  -1.4817700e+01  -1.4860700e+01  -1.3853700e+01  -1.3784900e+01
  -1.4814100e+01  -1.4815800e+01  -1.4796000e+01  -1.4843300e+01  -1.3458400e+01  -1.3394500e+01
  -1.4804200e+01  -1.4806800e+01  -1.4780900e+01  -1.4831500e+01  -1.3013300e+01  -1.3024700e+01
  -1.4797400e+01  -1.4800300e+01  -1.4768100e+01  -1.4824300e+01  -1.2620500e+01  -1.2708000e+01
  -1.4797100e+01  -1.4795100e+01  -1.4759600e+01  -1.4821400e+01  -1.2282300e+01  -1.2444100e+01
  -1.4795700e+01  -1.4786800e+01  -1.4748400e+01  -1.4814500e+01  -1.1932200e+01  -1.2163100e+01
  -1.4789900e+01  -1.4772400e+01  -1.4731700e+01  -1.4804300e+01  -1.1608600e+01  -1.1870800e+01
  -1.4789200e+01  -1.4753000e+01  -1.4715100e+01  -1.4796200e+01  -1.1274500e+01  -1.1563400e+01
  -1.4790300e+01  -1.4725600e+01  -1.4693200e+01  -1.4781800e+01  -1.0988700e+01  -1.1215200e+01
  -1.4778400e+01  -1.4685400e+01  -1.4657600e+01  -1.4750300e+01  -1.0745700e+01  -1.0914700e+01
  -1.4749300e+01  -1.4634900e+01  -1.4609900e+01  -1.4705800e+01  -1.0515200e+01  -1.0663900e+01
  -1.4707100e+01  -1.4577300e+01  -1.4554100e+01  -1.4652600e+01  -1.0315700e+01  -1.0451100e+01
  -1.4663400e+01  -1.4528000e+01  -1.4503000e+01  -1.4608100e+01  -1.0143300e+01  -1.0254600e+01
  -1.4631300e+01  -1.4487100e+01  -1.4461200e+01  -1.4570200e+01  -9.9591000e+00  -1.0068400e+01
  -1.4604100e+01  -1.4447300e+01  -1.4421500e+01  -1.4534800e+01  -9.7845000e+00  -9.8849000e+00
  -1.4577600e+01  -1.4406800e+01  -1.4383700e+01  -1.4499600e+01  -9.6158000e+00  -9.7019000e+00
  -1.4542300e+01  -1.4351200e+01  -1.4335100e+01  -1.4450600e+01  -9.4598000e+00  -9.5229000e+00
  -1.4488100e+01  -1.4275600e+01  -1.4269500e+01  -1.4382900e+01  -9.3214000e+00  -9.3578000e+00
  -1.4415400e+01  -1.4189000e+01  -1.4188800e+01  -1.4297500e+01  -9.2079000e+00  -9.2119000e+00
  -1.4331200e+01  -1.4088100e+01  -1.4091800e+01  -1.4190300e+01  -9.1144000e+00  -9.0999000e+00
  -1.4236700e+01  -1.4021100e+01  -1.4012700e+01  -1.4129100e+01  -9.0291000e+00  -9.0070000e+00
  -1.4192500e+01  -1.3996700e+01  -1.3986800e+01  -1.4106900e+01  -8.9507000e+00  -8.9282000e+00
  -1.4169500e+01  -1.3988800e+01  -1.3973600e+01  -1.4094900e+01  -8.8829000e+00  -8.8664000e+00
  -1.4162100e+01  -1.3994900e+01  -1.3974700e+01  -1.4095500e+01  -8.8274000e+00  -8.8181000e+00
  -1.4166700e+01  -1.4018900e+01  -1.3994000e+01  -1.4115400e+01  -8.7844000e+00  -8.7857000e+00
  -1.4178000e+01  -1.4051400e+01  -1.4022800e+01  -1.4143800e+01  -8.7578000e+00  -8.7694000e+00
  -1.4193300e+01  -1.4098000e+01  -1.4063400e+01  -1.4182900e+01  -8.7536000e+00  -8.7674000e+00
  -1.4216500e+01  -1.4147400e+01  -1.4109200e+01  -1.4222800e+01  -8.7747000e+00  -8.7785000e+00
  -1.4237600e+01  -1.4201000e+01  -1.4158200e+01  -1.4259900e+01  -8.8208000e+00  -8.8025000e+00
  -1.4266700e+01  -1.4250000e+01  -1.4202100e+01  -1.4288400e+01  -8.8779000e+00  -8.8452000e+00
  -1.4295800e+01  -1.4289200e+01  -1.4238700e+01  -1.4312800e+01  -8.9378000e+00  -8.9092000e+00
  -1.4323800e+01  -1.4320500e+01  -1.4270200e+01  -1.4335300e+01  -9.0155000e+00  -8.9963000e+00
  -1.4345400e+01  -1.4344400e+01  -1.4297500e+01  -1.4354500e+01  -9.1243000e+00  -9.1132000e+00
  -1.4358100e+01  -1.4365100e+01  -1.4321500e+01  -1.4369100e+01  -9.2702000e+00  -9.2635000e+00
  -1.4362100e+01  -1.4385000e+01  -1.4343000e+01  -1.4377400e+01  -9.4133000e+00  -9.4234000e+00
  -1.4363900e+01  -1.4399900e+01  -1.4361000e+01  -1.4383200e+01  -9.5050000e+00  -9.6004000e+00
  -1.4361900e+01  -1.4412800e+01  -1.4378200e+01  -1.4392000e+01  -9.7040000e+00  -9.8755000e+00
  -1.4361900e+01  -1.4426500e+01  -1.4396300e+01  -1.4401900e+01  -9.8438000e+00  -1.0157900e+01
  -1.4368300e+01  -1.4438600e+01  -1.4412800e+01  -1.4415400e+01  -1.0015400e+01  -1.0441300e+01
  -1.4380800e+01  -1.4456800e+01  -1.4433800e+01  -1.4437400e+01  -1.0306400e+01  -1.0687900e+01
  -1.4404000e+01  -1.4486900e+01  -1.4464900e+01  -1.4471400e+01  -1.0585200e+01  -1.0877200e+01
  -1.4439300e+01  -1.4521100e+01  -1.4501100e+01  -1.4506200e+01  -1.0898000e+01  -1.1018900e+01
  -1.4470700e+01  -1.4552100e+01  -1.4532100e+01  -1.4536500e+01  -1.1337000e+01  -1.1175000e+01
  -1.4497900e+01  -1.4580200e+01  -1.4561500e+01  -1.4567200e+01  -1.1787300e+01  -1.1470400e+01
  -1.4523600e+01  -1.4608800e+01  -1.4593000e+01  -1.4601800e+01  -1.2220900e+01  -1.1972300e+01
  -1.4551200e+01  -1.4640300e+01  -1.4627300e+01  -1.4639300e+01  -1.2757600e+01  -1.2434000e+01
  -1.4583500e+01  -1.4678700e+01  -1.4665900e+01  -1.4680300e+01  -1.3253100e+01  -1.2918600e+01
  -1.4623900e+01  -1.4722000e+01  -1.4708600e+01  -1.4724000e+01  -1.3627900e+01  -1.3377300e+01
  -1.4668200e+01  -1.4767600e+01  -1.4752900e+01  -1.4768600e+01  -1.3933300e+01  -1.3749900e+01
  -1.4713100e+01  -1.4810200e+01  -1.4793200e+01  -1.4806500e+01  -1.4174100e+01  -1.4116000e+01
  -1.4748300e+01  -1.4839100e+01  -1.4818400e+01  -1.4825300e+01  -1.4397900e+01  -1.4415500e+01
  -1.4762600e+01  -1.4843300e+01  -1.4818500e+01  -1.4816600e+01  -1.4602100e+01  -1.4672900e+01
  -1.4749800e+01  -1.4819400e+01  -1.4790900e+01  -1.4779200e+01  -1.4781400e+01  -1.4856800e+01
  -1.4710300e+01  -1.4765900e+01  -1.4734300e+01  -1.4710200e+01  -1.4979400e+01  -1.4997300e+01
  -1.4642200e+01  -1.4685100e+01  -1.4653100e+01  -1.4619000e+01  -1.5137900e+01  -1.5215900e+01
  -1.4553200e+01  -1.4583100e+01  -1.4556500e+01  -1.4515300e+01  -1.5235800e+01  -1.5373900e+01
  -1.4446100e+01  -1.4454500e+01  -1.4450700e+01  -1.4416400e+01  -1.5399200e+01  -1.5487600e+01
  -1.4337500e+01  -1.4400100e+01  -1.4400000e+01  -1.4415700e+01  -1.5498200e+01  -1.5577800e+01
  -1.4326500e+01  -1.4456500e+01  -1.4433600e+01  -1.4453300e+01  -1.5592200e+01  -1.5639000e+01
  -1.4363900e+01  -1.4446900e+01  -1.4430200e+01  -1.4428300e+01  -1.5646200e+01  -1.5641800e+01
  -1.4335700e+01  -1.4423100e+01  -1.4405100e+01  -1.4412800e+01  -1.5652200e+01  -1.5629800e+01
  -1.4311600e+01  -1.4415500e+01  -1.4398500e+01  -1.4423000e+01  -1.5636000e+01  -1.5607700e+01
