   5.0349000e+00   5.1346000e+00   5.1844000e+00   5.2793000e+00   3.0006000e+00   3.5441000e+00
   5.2429000e+00   5.3354000e+00   5.3997000e+00   5.5034000e+00   3.0741000e+00   3.5526000e+00
   5.2382000e+00   5.3129000e+00   5.4016000e+00   5.5076000e+00   3.0794000e+00   3.5127000e+00
   5.1812000e+00   5.2343000e+00   5.3833000e+00   5.5059000e+00   3.0364000e+00   3.2751000e+00
   4.9486000e+00   5.0023000e+00   5.1894000e+00   5.3299000e+00   3.0448000e+00   3.1263000e+00
   4.3898000e+00   4.3723000e+00   4.5768000e+00   4.6759000e+00   3.1632000e+00   3.1863000e+00
   4.1026000e+00   4.1100000e+00   4.2706000e+00   4.3549000e+00   3.2522000e+00   3.4488000e+00
   3.9034000e+00   3.9927000e+00   4.0753000e+00   4.1783000e+00   3.2784000e+00   3.6233000e+00
   3.7846000e+00   3.9597000e+00   3.9762000e+00   4.1055000e+00   3.1418000e+00   3.5297000e+00
   3.5154000e+00   3.7332000e+00   3.7475000e+00   3.8967000e+00   3.0150000e+00   3.3918000e+00
   3.4510000e+00   3.6720000e+00   3.6745000e+00   3.8107000e+00   3.1388000e+00   3.3576000e+00
   3.2422000e+00   3.4422000e+00   3.4482000e+00   3.5749000e+00   3.3493000e+00   3.5016000e+00
   2.9763000e+00   3.1445000e+00   3.1781000e+00   3.3043000e+00   3.5523000e+00   3.5903000e+00
   2.7468000e+00   2.8731000e+00   2.8947000e+00   2.9896000e+00   3.7474000e+00   3.7331000e+00
   2.6814000e+00   2.7775000e+00   2.7827000e+00   2.8400000e+00   3.8490000e+00   3.8326000e+00
   2.7089000e+00   2.7790000e+00   2.7835000e+00   2.8376000e+00   3.8452000e+00   3.9921000e+00
   2.9321000e+00   3.0224000e+00   2.9871000e+00   3.0241000e+00   3.7866000e+00   4.0083000e+00
   2.9699000e+00   3.0692000e+00   3.0704000e+00   3.1227000e+00   3.4743000e+00   3.6552000e+00
   2.8983000e+00   3.0385000e+00   3.0087000e+00   3.0589000e+00   3.0322000e+00   3.2923000e+00
   2.9994000e+00   3.2691000e+00   3.1518000e+00   3.2056000e+00   2.6685000e+00   2.8458000e+00
   3.2763000e+00   3.5194000e+00   3.4080000e+00   3.4837000e+00   2.1312000e+00   2.2682000e+00
   3.6962000e+00   3.9328000e+00   3.7943000e+00   3.8891000e+00   1.8238000e+00   1.9302000e+00
   3.7242000e+00   4.0184000e+00   3.9538000e+00   4.1417000e+00   1.5980000e+00   1.7170000e+00
   3.6920000e+00   4.0347000e+00   3.9251000e+00   4.1529000e+00   1.7184000e+00   1.6412000e+00
   3.5444000e+00   3.8821000e+00   3.7506000e+00   3.9874000e+00   2.1639000e+00   1.8231000e+00
   3.3976000e+00   3.6939000e+00   3.5703000e+00   3.8045000e+00   2.5455000e+00   2.3380000e+00
   3.2252000e+00   3.5045000e+00   3.3606000e+00   3.5945000e+00   2.6857000e+00   2.7809000e+00
   3.0314000e+00   3.3297000e+00   3.1735000e+00   3.4381000e+00   2.8208000e+00   3.0232000e+00
   2.9999000e+00   3.3216000e+00   3.1309000e+00   3.4219000e+00   2.8707000e+00   3.1080000e+00
   3.2215000e+00   3.4936000e+00   3.2902000e+00   3.5834000e+00   2.9423000e+00   3.0685000e+00
   3.4588000e+00   3.5948000e+00   3.3857000e+00   3.6134000e+00   2.8978000e+00   3.0309000e+00
   3.6650000e+00   3.7022000e+00   3.5087000e+00   3.7116000e+00   2.9374000e+00   3.0522000e+00
   3.7988000e+00   3.7703000e+00   3.5838000e+00   3.7433000e+00   3.0706000e+00   3.1347000e+00
   3.8999000e+00   3.8943000e+00   3.6768000e+00   3.8019000e+00   3.2513000e+00   3.2981000e+00
   3.8998000e+00   3.9423000e+00   3.7412000e+00   3.8999000e+00   3.4322000e+00   3.4621000e+00
   3.6465000e+00   3.7584000e+00   3.6315000e+00   3.8883000e+00   3.5183000e+00   3.5076000e+00
   3.2211000e+00   3.4294000e+00   3.3446000e+00   3.7131000e+00   3.5406000e+00   3.4975000e+00
   2.8154000e+00   3.0809000e+00   3.0268000e+00   3.4436000e+00   3.5252000e+00   3.4581000e+00
   2.4432000e+00   2.8074000e+00   2.6751000e+00   3.1320000e+00   3.5850000e+00   3.4683000e+00
   2.0574000e+00   2.5136000e+00   2.3078000e+00   2.8134000e+00   3.6519000e+00   3.5307000e+00
   1.7377000e+00   2.2501000e+00   2.0134000e+00   2.5563000e+00   3.6794000e+00   3.6151000e+00
   1.5189000e+00   2.0439000e+00   1.8098000e+00   2.3816000e+00   3.7538000e+00   3.6619000e+00
   1.4270000e+00   1.8714000e+00   1.6736000e+00   2.2021000e+00   3.8472000e+00   3.6827000e+00
   1.2793000e+00   1.6792000e+00   1.5125000e+00   1.9700000e+00   3.8860000e+00   3.7118000e+00
   9.9960000e-01   1.4423000e+00   1.2863000e+00   1.7020000e+00   3.9333000e+00   3.6885000e+00
   6.4490000e-01   1.1649000e+00   1.0287000e+00   1.4240000e+00   4.0101000e+00   3.6858000e+00
   2.4910000e-01   8.3970000e-01   7.5100000e-01   1.1203000e+00   4.0849000e+00   3.7778000e+00
  -2.4720000e-01   4.2810000e-01   3.5950000e-01   6.9990000e-01   4.1861000e+00   3.8667000e+00
  -7.5650000e-01   1.2900000e-02  -1.0570000e-01   1.9980000e-01   4.2548000e+00   3.9280000e+00
  -1.1758000e+00  -3.4250000e-01  -5.0710000e-01  -2.3690000e-01   4.2722000e+00   3.9395000e+00
  -1.4205000e+00  -6.8820000e-01  -8.3730000e-01  -6.1190000e-01   4.2719000e+00   3.8877000e+00
  -1.5330000e+00  -9.7510000e-01  -1.1320000e+00  -9.8770000e-01   4.2476000e+00   3.7648000e+00
  -1.5897000e+00  -1.1278000e+00  -1.3156000e+00  -1.2556000e+00   4.2173000e+00   3.6412000e+00
  -1.7344000e+00  -1.2542000e+00  -1.4783000e+00  -1.4471000e+00   4.3037000e+00   3.6205000e+00
  -1.9812000e+00  -1.4629000e+00  -1.7316000e+00  -1.6986000e+00   4.4526000e+00   3.6098000e+00
  -2.2926000e+00  -1.7434000e+00  -2.0307000e+00  -2.0141000e+00   4.6295000e+00   3.5987000e+00
  -2.6114000e+00  -2.1145000e+00  -2.3579000e+00  -2.3643000e+00   4.7763000e+00   3.5624000e+00
  -2.7419000e+00  -2.4062000e+00  -2.5529000e+00  -2.5863000e+00   4.6874000e+00   3.4933000e+00
  -2.8747000e+00  -2.5359000e+00  -2.6198000e+00  -2.6190000e+00   4.4519000e+00   3.4427000e+00
  -3.0116000e+00  -2.7011000e+00  -2.7987000e+00  -2.7378000e+00   4.0812000e+00   3.3716000e+00
  -2.8742000e+00  -2.7622000e+00  -2.7622000e+00  -2.7873000e+00   3.7504000e+00   3.1100000e+00
  -2.9930000e+00  -2.7230000e+00  -2.7581000e+00  -2.6763000e+00   3.4806000e+00   2.9014000e+00
  -3.0213000e+00  -2.7098000e+00  -2.8600000e+00  -2.7768000e+00   3.3554000e+00   2.7809000e+00
  -3.0644000e+00  -2.7155000e+00  -2.8431000e+00  -2.7497000e+00   3.3126000e+00   2.5234000e+00
  -2.8682000e+00  -2.6904000e+00  -2.8216000e+00  -2.8182000e+00   3.4721000e+00   2.3066000e+00
  -2.6338000e+00  -2.4182000e+00  -2.5413000e+00  -2.5856000e+00   3.5637000e+00   2.1598000e+00
  -2.7691000e+00  -2.3813000e+00  -2.4374000e+00  -2.2683000e+00   3.5243000e+00   2.0945000e+00
  -2.4039000e+00  -2.3507000e+00  -2.3806000e+00  -2.3314000e+00   3.3430000e+00   2.0608000e+00
  -2.1570000e+00  -1.8663000e+00  -1.9969000e+00  -1.9935000e+00   3.0407000e+00   2.0549000e+00
  -2.0588000e+00  -1.7031000e+00  -1.8655000e+00  -1.7991000e+00   2.6680000e+00   2.0000000e+00
  -1.8132000e+00  -1.6085000e+00  -1.7207000e+00  -1.7002000e+00   2.2945000e+00   1.8536000e+00
  -1.5014000e+00  -1.2809000e+00  -1.4685000e+00  -1.4551000e+00   1.9683000e+00   1.7888000e+00
  -1.3122000e+00  -1.0740000e+00  -1.2280000e+00  -1.1932000e+00   1.9745000e+00   1.8337000e+00
  -1.0681000e+00  -9.1040000e-01  -1.0226000e+00  -9.6820000e-01   2.0726000e+00   1.8077000e+00
  -7.3370000e-01  -5.8860000e-01  -7.6930000e-01  -7.9190000e-01   1.9946000e+00   1.7638000e+00
  -3.7010000e-01  -2.6850000e-01  -3.9280000e-01  -4.5730000e-01   1.8282000e+00   1.7915000e+00
   1.3470000e-01   1.5320000e-01   1.5370000e-01   1.2540000e-01   1.9356000e+00   2.0521000e+00
   6.6910000e-01   6.6280000e-01   6.7730000e-01   6.6290000e-01   2.4204000e+00   2.3707000e+00
   1.1201000e+00   1.1642000e+00   1.1634000e+00   1.1736000e+00   2.7557000e+00   2.5306000e+00
   1.4727000e+00   1.5276000e+00   1.5276000e+00   1.5586000e+00   2.8451000e+00   2.5540000e+00
   1.7308000e+00   1.7960000e+00   1.7908000e+00   1.8263000e+00   2.9351000e+00   2.5610000e+00
   1.9386000e+00   2.0271000e+00   2.0129000e+00   2.0610000e+00   2.9998000e+00   2.5356000e+00
   2.0871000e+00   2.2195000e+00   2.1696000e+00   2.2333000e+00   3.0037000e+00   2.4604000e+00
   2.2009000e+00   2.3900000e+00   2.3002000e+00   2.3663000e+00   2.9046000e+00   2.3765000e+00
   2.2379000e+00   2.4715000e+00   2.3562000e+00   2.4187000e+00   2.7551000e+00   2.2503000e+00
   2.2716000e+00   2.4802000e+00   2.3545000e+00   2.4015000e+00   2.6767000e+00   2.1992000e+00
   2.2771000e+00   2.4669000e+00   2.4439000e+00   2.5770000e+00   2.7670000e+00   2.1620000e+00
   2.7120000e+00   2.8349000e+00   2.8081000e+00   2.8315000e+00   2.8552000e+00   2.1159000e+00
   3.0040000e+00   3.1463000e+00   2.9461000e+00   2.9126000e+00   3.0449000e+00   2.2377000e+00
   3.1604000e+00   3.2537000e+00   3.1444000e+00   3.1274000e+00   3.1899000e+00   2.3714000e+00
   3.2955000e+00   3.4495000e+00   3.3876000e+00   3.4439000e+00   3.2488000e+00   2.3150000e+00
   3.5654000e+00   3.7333000e+00   3.6729000e+00   3.7526000e+00   3.0930000e+00   2.0778000e+00
   3.7541000e+00   3.9623000e+00   3.9077000e+00   4.0199000e+00   2.7373000e+00   1.8843000e+00
   3.9487000e+00   4.1458000e+00   4.0955000e+00   4.2169000e+00   2.3839000e+00   1.7115000e+00
   4.0477000e+00   4.2761000e+00   4.2128000e+00   4.3435000e+00   2.1369000e+00   1.5924000e+00
   4.0942000e+00   4.3271000e+00   4.2784000e+00   4.4164000e+00   2.0042000e+00   1.5797000e+00
   4.1798000e+00   4.4097000e+00   4.3686000e+00   4.5111000e+00   1.9299000e+00   1.5980000e+00
   4.3253000e+00   4.5198000e+00   4.4665000e+00   4.5891000e+00   1.8867000e+00   1.6071000e+00
   4.5009000e+00   4.6582000e+00   4.5878000e+00   4.6771000e+00   1.8424000e+00   1.5573000e+00
   4.6580000e+00   4.7815000e+00   4.7263000e+00   4.8192000e+00   1.7361000e+00   1.5343000e+00
   4.7492000e+00   4.8470000e+00   4.8115000e+00   4.8866000e+00   1.6612000e+00   1.5549000e+00
   4.7862000e+00   4.8645000e+00   4.8264000e+00   4.8767000e+00   1.7179000e+00   1.6257000e+00
   4.7958000e+00   4.8482000e+00   4.8431000e+00   4.8927000e+00   1.9159000e+00   1.6312000e+00
   4.8435000e+00   4.8870000e+00   4.9016000e+00   4.9630000e+00   2.1655000e+00   1.5131000e+00
   4.8308000e+00   4.8962000e+00   4.9180000e+00   5.0002000e+00   2.4719000e+00   1.4658000e+00
   4.8500000e+00   4.9163000e+00   4.9463000e+00   5.0410000e+00   2.6277000e+00   1.4540000e+00
   4.9314000e+00   5.0012000e+00   5.0213000e+00   5.1199000e+00   2.7661000e+00   1.3889000e+00
   5.0244000e+00   5.0840000e+00   5.0904000e+00   5.1829000e+00   2.8885000e+00   1.3161000e+00
   5.1417000e+00   5.1666000e+00   5.1655000e+00   5.2393000e+00   2.9506000e+00   1.2398000e+00
   5.2264000e+00   5.2368000e+00   5.2238000e+00   5.2855000e+00   2.8346000e+00   1.2014000e+00
   5.3239000e+00   5.3247000e+00   5.2909000e+00   5.3380000e+00   2.6392000e+00   1.2118000e+00
   5.3502000e+00   5.3464000e+00   5.3067000e+00   5.3532000e+00   2.3755000e+00   1.3498000e+00
   5.3591000e+00   5.3674000e+00   5.3227000e+00   5.3744000e+00   1.9464000e+00   1.3957000e+00
   5.4181000e+00   5.4566000e+00   5.3916000e+00   5.4452000e+00   1.6723000e+00   1.3521000e+00
   5.3626000e+00   5.4620000e+00   5.3651000e+00   5.4257000e+00   1.5958000e+00   1.3241000e+00
   5.1843000e+00   5.3864000e+00   5.2787000e+00   5.3674000e+00   1.5466000e+00   1.3192000e+00
   4.8960000e+00   5.2673000e+00   5.1464000e+00   5.2960000e+00   1.4995000e+00   1.2793000e+00
   4.6328000e+00   5.0463000e+00   4.9123000e+00   5.0882000e+00   1.4927000e+00   1.2586000e+00
   4.5213000e+00   4.9460000e+00   4.8328000e+00   4.9832000e+00   1.3944000e+00   1.2511000e+00
   4.0898000e+00   4.8354000e+00   4.6578000e+00   4.9251000e+00   1.1899000e+00   1.1393000e+00
   3.7562000e+00   4.5382000e+00   4.3527000e+00   4.6252000e+00   8.7990000e-01   9.4430000e-01
   3.5694000e+00   4.2655000e+00   4.1402000e+00   4.3792000e+00   6.6460000e-01   7.8830000e-01
   3.5286000e+00   4.1548000e+00   4.0577000e+00   4.2861000e+00   5.7610000e-01   6.5990000e-01
   3.6764000e+00   4.1486000e+00   4.0664000e+00   4.2613000e+00   5.7820000e-01   6.3570000e-01
   3.6730000e+00   4.1033000e+00   4.0311000e+00   4.2209000e+00   7.8750000e-01   7.7310000e-01
   3.6054000e+00   3.9654000e+00   3.9343000e+00   4.1551000e+00   8.3960000e-01   7.8290000e-01
   3.5828000e+00   3.7898000e+00   3.8069000e+00   4.0219000e+00   8.4760000e-01   8.4130000e-01
   3.4712000e+00   3.5552000e+00   3.6171000e+00   3.8264000e+00   9.0400000e-01   8.4360000e-01
   3.2789000e+00   3.2680000e+00   3.3807000e+00   3.6163000e+00   8.6060000e-01   7.7390000e-01
   3.0811000e+00   2.9453000e+00   3.0894000e+00   3.3412000e+00   7.9910000e-01   7.0780000e-01
   2.9306000e+00   2.6876000e+00   2.8375000e+00   3.0750000e+00   7.0610000e-01   6.3760000e-01
   2.7183000e+00   2.3410000e+00   2.5441000e+00   2.7747000e+00   6.1260000e-01   5.4550000e-01
   2.3105000e+00   1.7187000e+00   2.0605000e+00   2.3059000e+00   4.9800000e-01   4.5740000e-01
   1.7604000e+00   9.3020000e-01   1.4250000e+00   1.6889000e+00   3.5580000e-01   3.4270000e-01
   1.1488000e+00   1.9710000e-01   7.7940000e-01   1.0631000e+00   1.7470000e-01   2.0100000e-01
   3.9870000e-01  -4.4090000e-01   1.3970000e-01   4.2590000e-01  -4.9200000e-02   1.5500000e-02
  -5.5140000e-01  -1.0035000e+00  -5.4160000e-01  -3.0030000e-01  -2.3950000e-01  -1.3710000e-01
  -1.4788000e+00  -1.6183000e+00  -1.1459000e+00  -9.2650000e-01  -4.7080000e-01  -3.2750000e-01
  -2.3967000e+00  -2.2855000e+00  -1.6822000e+00  -1.4778000e+00  -7.2570000e-01  -5.5120000e-01
  -2.9321000e+00  -2.9079000e+00  -2.3032000e+00  -2.1442000e+00  -9.5500000e-01  -7.6300000e-01
  -3.4581000e+00  -3.2842000e+00  -3.0043000e+00  -2.8061000e+00  -1.2235000e+00  -9.8070000e-01
  -3.7008000e+00  -3.4143000e+00  -3.4163000e+00  -3.2498000e+00  -1.5041000e+00  -1.2417000e+00
  -3.9116000e+00  -3.5832000e+00  -3.6106000e+00  -3.4435000e+00  -1.7769000e+00  -1.5000000e+00
  -4.0294000e+00  -3.7156000e+00  -3.8471000e+00  -3.7069000e+00  -2.0143000e+00  -1.7360000e+00
  -4.2620000e+00  -3.9002000e+00  -4.1553000e+00  -4.0599000e+00  -2.2243000e+00  -1.9574000e+00
  -4.6395000e+00  -4.2212000e+00  -4.5050000e+00  -4.3856000e+00  -2.4170000e+00  -2.1944000e+00
  -4.8535000e+00  -4.5420000e+00  -4.7111000e+00  -4.5911000e+00  -2.5909000e+00  -2.4658000e+00
  -4.9979000e+00  -4.7951000e+00  -4.8819000e+00  -4.7817000e+00  -2.8153000e+00  -2.7682000e+00
  -5.2194000e+00  -5.0053000e+00  -5.1183000e+00  -5.0621000e+00  -3.0903000e+00  -3.0589000e+00
  -5.5518000e+00  -5.1909000e+00  -5.3846000e+00  -5.3804000e+00  -3.3622000e+00  -3.3285000e+00
  -5.7682000e+00  -5.3768000e+00  -5.6319000e+00  -5.6004000e+00  -3.6027000e+00  -3.5772000e+00
  -5.9320000e+00  -5.5227000e+00  -5.8098000e+00  -5.7818000e+00  -3.7701000e+00  -3.7831000e+00
  -6.1126000e+00  -5.7327000e+00  -6.0196000e+00  -5.9866000e+00  -3.8573000e+00  -3.9525000e+00
  -6.3746000e+00  -6.0362000e+00  -6.2450000e+00  -6.1881000e+00  -3.9655000e+00  -4.1299000e+00
  -6.5167000e+00  -6.3584000e+00  -6.3624000e+00  -6.3056000e+00  -4.0732000e+00  -4.2728000e+00
  -6.6058000e+00  -6.6251000e+00  -6.4645000e+00  -6.3941000e+00  -4.1004000e+00  -4.3843000e+00
  -6.7194000e+00  -6.7797000e+00  -6.5564000e+00  -6.4937000e+00  -4.7009000e+00  -4.2852000e+00
  -6.7851000e+00  -6.8147000e+00  -6.6137000e+00  -6.5272000e+00  -5.3739000e+00  -4.6184000e+00
  -6.7067000e+00  -6.7006000e+00  -6.5181000e+00  -6.4105000e+00  -6.0022000e+00  -5.9136000e+00
  -6.6130000e+00  -6.5754000e+00  -6.4599000e+00  -6.3611000e+00  -6.9475000e+00  -6.8589000e+00
  -6.5328000e+00  -6.5077000e+00  -6.3856000e+00  -6.3060000e+00  -6.5481000e+00  -7.6548000e+00
  -6.5231000e+00  -6.5338000e+00  -6.3717000e+00  -6.2866000e+00  -7.1253000e+00  -7.9863000e+00
  -6.5079000e+00  -6.5642000e+00  -6.3824000e+00  -6.3246000e+00  -7.7787000e+00  -7.9310000e+00
  -6.5179000e+00  -6.6518000e+00  -6.4189000e+00  -6.3620000e+00  -8.1610000e+00  -8.0438000e+00
  -6.4928000e+00  -6.6996000e+00  -6.4174000e+00  -6.3603000e+00  -8.2324000e+00  -8.2558000e+00
  -6.5329000e+00  -6.7958000e+00  -6.4862000e+00  -6.4379000e+00  -8.2642000e+00  -8.2390000e+00
  -6.6322000e+00  -6.9689000e+00  -6.5664000e+00  -6.5262000e+00  -8.0997000e+00  -8.6015000e+00
  -6.8327000e+00  -7.2023000e+00  -6.7364000e+00  -6.7106000e+00  -9.6517000e+00  -8.9910000e+00
  -7.0580000e+00  -7.4316000e+00  -6.9561000e+00  -6.9368000e+00  -1.0725700e+01  -9.3436000e+00
  -7.3618000e+00  -7.6159000e+00  -7.2181000e+00  -7.1685000e+00  -1.0429100e+01  -9.4706000e+00
  -7.5835000e+00  -7.7063000e+00  -7.3688000e+00  -7.2753000e+00  -1.0369100e+01  -9.5055000e+00
  -7.6687000e+00  -7.7614000e+00  -7.4489000e+00  -7.3456000e+00  -9.7010000e+00  -8.5217000e+00
  -7.7246000e+00  -7.8482000e+00  -7.5281000e+00  -7.4353000e+00  -9.2968000e+00  -8.0678000e+00
  -7.8013000e+00  -7.9584000e+00  -7.6317000e+00  -7.5604000e+00  -9.1090000e+00  -8.4465000e+00
  -7.8689000e+00  -8.0243000e+00  -7.7329000e+00  -7.6916000e+00  -9.4313000e+00  -8.4947000e+00
  -7.9485000e+00  -8.0680000e+00  -7.8311000e+00  -7.8057000e+00  -9.4702000e+00  -8.6909000e+00
  -8.0189000e+00  -8.1072000e+00  -7.8983000e+00  -7.8753000e+00  -9.4246000e+00  -8.5610000e+00
  -8.0402000e+00  -8.0990000e+00  -7.9294000e+00  -7.9162000e+00  -8.8175000e+00  -8.1659000e+00
  -8.0588000e+00  -8.1021000e+00  -7.9662000e+00  -7.9624000e+00  -8.1109000e+00  -7.9196000e+00
  -8.1123000e+00  -8.1043000e+00  -8.0207000e+00  -8.0126000e+00  -7.9251000e+00  -7.9320000e+00
  -8.0485000e+00  -7.9943000e+00  -7.9826000e+00  -7.9805000e+00  -8.1936000e+00  -8.0206000e+00
  -7.9777000e+00  -7.9129000e+00  -7.9206000e+00  -7.9197000e+00  -8.3441000e+00  -7.9322000e+00
  -7.9439000e+00  -7.9203000e+00  -7.9147000e+00  -7.9251000e+00  -8.4081000e+00  -7.9867000e+00
  -7.8569000e+00  -8.0320000e+00  -7.8808000e+00  -7.9106000e+00  -8.4275000e+00  -8.0982000e+00
  -7.7892000e+00  -7.9182000e+00  -7.8603000e+00  -7.9167000e+00  -8.3981000e+00  -8.3126000e+00
  -7.6543000e+00  -7.7056000e+00  -7.6979000e+00  -7.7447000e+00  -8.4784000e+00  -8.5860000e+00
  -7.3947000e+00  -7.3509000e+00  -7.4187000e+00  -7.4482000e+00  -8.5659000e+00  -8.8448000e+00
  -7.2356000e+00  -7.2339000e+00  -7.2836000e+00  -7.3234000e+00  -8.5994000e+00  -8.8687000e+00
  -7.1310000e+00  -7.1343000e+00  -7.1888000e+00  -7.2096000e+00  -8.7416000e+00  -8.8478000e+00
  -7.1766000e+00  -7.1426000e+00  -7.2136000e+00  -7.2146000e+00  -8.9463000e+00  -8.8935000e+00
  -7.2798000e+00  -7.2181000e+00  -7.3082000e+00  -7.2954000e+00  -9.0868000e+00  -8.8708000e+00
  -7.3108000e+00  -7.2495000e+00  -7.3369000e+00  -7.3188000e+00  -9.0746000e+00  -8.8257000e+00
  -7.3365000e+00  -7.3003000e+00  -7.3471000e+00  -7.3221000e+00  -9.0649000e+00  -8.7563000e+00
  -7.3478000e+00  -7.3595000e+00  -7.3584000e+00  -7.3350000e+00  -9.1369000e+00  -8.8146000e+00
  -7.4748000e+00  -7.5055000e+00  -7.4671000e+00  -7.4354000e+00  -9.1541000e+00  -8.8880000e+00
  -7.6224000e+00  -7.6749000e+00  -7.6397000e+00  -7.6257000e+00  -9.1248000e+00  -8.8492000e+00
  -7.7787000e+00  -7.8286000e+00  -7.8389000e+00  -7.8612000e+00  -9.2829000e+00  -8.9450000e+00
  -7.7478000e+00  -7.8225000e+00  -7.7845000e+00  -7.7952000e+00  -9.4599000e+00  -9.3283000e+00
  -7.8213000e+00  -7.9319000e+00  -7.8336000e+00  -7.8237000e+00  -9.6181000e+00  -9.3154000e+00
  -7.8025000e+00  -7.9316000e+00  -7.8769000e+00  -7.8809000e+00  -9.5100000e+00  -8.9683000e+00
  -7.6804000e+00  -7.7602000e+00  -7.8572000e+00  -7.9167000e+00  -9.1925000e+00  -8.5076000e+00
  -7.6003000e+00  -7.6627000e+00  -7.7900000e+00  -7.8728000e+00  -9.1060000e+00  -8.2151000e+00
  -7.8176000e+00  -7.8365000e+00  -7.9175000e+00  -7.9568000e+00  -9.3057000e+00  -8.3772000e+00
  -8.1233000e+00  -8.1503000e+00  -8.1906000e+00  -8.2108000e+00  -9.2753000e+00  -8.9650000e+00
  -8.1935000e+00  -8.3318000e+00  -8.3417000e+00  -8.3966000e+00  -9.3197000e+00  -9.2405000e+00
  -7.9373000e+00  -8.1504000e+00  -8.1577000e+00  -8.2547000e+00  -9.4317000e+00  -9.4890000e+00
  -8.0696000e+00  -8.0937000e+00  -8.1206000e+00  -8.1202000e+00  -9.6478000e+00  -9.6145000e+00
  -8.3375000e+00  -8.3083000e+00  -8.3180000e+00  -8.2631000e+00  -9.8300000e+00  -9.8239000e+00
  -8.3727000e+00  -8.2542000e+00  -8.4025000e+00  -8.3628000e+00  -9.4604000e+00  -9.7076000e+00
  -8.1741000e+00  -7.9949000e+00  -8.1356000e+00  -8.0848000e+00  -8.6622000e+00  -8.9314000e+00
  -8.1371000e+00  -7.9575000e+00  -8.0592000e+00  -7.9883000e+00  -7.7212000e+00  -8.0962000e+00
  -8.5131000e+00  -8.3523000e+00  -8.5241000e+00  -8.4669000e+00  -6.0670000e+00  -6.3255000e+00
  -8.9386000e+00  -9.0502000e+00  -9.0805000e+00  -9.1790000e+00  -5.9277000e+00  -5.3340000e+00
  -9.1477000e+00  -9.4099000e+00  -9.3880000e+00  -9.5388000e+00  -5.4884000e+00  -5.7811000e+00
  -9.2409000e+00  -9.5394000e+00  -9.3221000e+00  -9.3640000e+00  -5.4285000e+00  -5.0843000e+00
  -8.7891000e+00  -9.1059000e+00  -8.8316000e+00  -8.8848000e+00  -6.4510000e+00  -5.9607000e+00
  -8.6071000e+00  -8.5292000e+00  -8.4641000e+00  -8.3718000e+00  -7.6290000e+00  -6.7676000e+00
  -8.3070000e+00  -8.0235000e+00  -8.1001000e+00  -7.9823000e+00  -8.3813000e+00  -7.4755000e+00
  -7.3811000e+00  -6.8589000e+00  -7.1282000e+00  -7.0364000e+00  -7.5389000e+00  -7.4475000e+00
  -7.1057000e+00  -6.6127000e+00  -6.8331000e+00  -6.7446000e+00  -7.6844000e+00  -7.2202000e+00
  -6.9287000e+00  -6.4966000e+00  -6.6122000e+00  -6.4793000e+00  -7.7647000e+00  -7.7288000e+00
  -7.1411000e+00  -6.7966000e+00  -6.7622000e+00  -6.6170000e+00  -7.9903000e+00  -7.7554000e+00
  -7.6751000e+00  -7.3481000e+00  -7.1996000e+00  -6.9750000e+00  -8.1144000e+00  -7.7402000e+00
  -8.5557000e+00  -8.2124000e+00  -8.0237000e+00  -7.7317000e+00  -9.5030000e+00  -8.5034000e+00
  -7.3907000e+00  -7.3200000e+00  -7.2099000e+00  -7.1504000e+00  -9.8101000e+00  -8.6465000e+00
  -6.6709000e+00  -6.3488000e+00  -6.4567000e+00  -6.3521000e+00  -1.1419200e+01  -1.0116800e+01
  -6.0925000e+00  -6.0526000e+00  -6.1376000e+00  -6.1112000e+00  -1.2778200e+01  -1.3052100e+01
  -4.2331000e+00  -3.9905000e+00  -3.8959000e+00  -3.7293000e+00  -1.3527500e+01  -1.2411900e+01
  -6.5406000e+00  -5.9271000e+00  -6.0795000e+00  -5.8016000e+00  -1.5679600e+01  -1.1650600e+01
  -7.7321000e+00  -7.1581000e+00  -7.3700000e+00  -7.1638000e+00  -1.5025400e+01  -1.1544800e+01
  -7.8035000e+00  -7.5448000e+00  -7.6451000e+00  -7.5004000e+00  -1.5459200e+01  -1.2751900e+01
  -7.8917000e+00  -7.4579000e+00  -7.6798000e+00  -7.4609000e+00  -1.4744900e+01  -1.2587100e+01
  -7.7426000e+00  -7.4434000e+00  -7.5992000e+00  -7.4276000e+00  -1.4670200e+01  -1.2606200e+01
  -8.4986000e+00  -8.2035000e+00  -8.0979000e+00  -7.7634000e+00  -1.4772200e+01  -1.3605300e+01
  -9.1847000e+00  -9.1412000e+00  -9.0649000e+00  -8.8842000e+00  -1.4568400e+01  -1.4161700e+01
  -9.1925000e+00  -9.0893000e+00  -9.3961000e+00  -9.4642000e+00  -1.4228000e+01  -1.3757300e+01
  -9.2596000e+00  -9.1842000e+00  -9.2708000e+00  -9.1988000e+00  -1.4484000e+01  -1.3625800e+01
  -9.4392000e+00  -9.4271000e+00  -9.6409000e+00  -9.6621000e+00  -1.4415100e+01  -1.4193400e+01
  -9.5670000e+00  -9.5309000e+00  -9.6201000e+00  -9.5488000e+00  -1.4789500e+01  -1.5399500e+01
  -9.4720000e+00  -9.5361000e+00  -9.5648000e+00  -9.5266000e+00  -1.4779100e+01  -1.5091800e+01
  -9.3130000e+00  -9.2552000e+00  -9.2829000e+00  -9.1750000e+00  -1.4431000e+01  -1.4631800e+01
  -9.2498000e+00  -9.1235000e+00  -9.1887000e+00  -9.0856000e+00  -1.4570100e+01  -1.5006300e+01
  -9.0188000e+00  -8.9279000e+00  -8.9957000e+00  -8.9201000e+00  -1.4532700e+01  -1.4531400e+01
  -8.9640000e+00  -8.8387000e+00  -8.9241000e+00  -8.8371000e+00  -1.5106300e+01  -1.5835200e+01
  -9.0320000e+00  -8.9654000e+00  -9.0785000e+00  -9.0383000e+00  -1.5447000e+01  -1.5478500e+01
  -9.4706000e+00  -9.3653000e+00  -9.3951000e+00  -9.2946000e+00  -1.5331200e+01  -1.5229900e+01
  -1.0023500e+01  -9.8357000e+00  -9.8416000e+00  -9.6973000e+00  -1.5706500e+01  -1.5179900e+01
  -1.0858200e+01  -1.0661300e+01  -1.0783600e+01  -1.0725300e+01  -1.5750100e+01  -1.5315600e+01
  -1.2235600e+01  -1.2110200e+01  -1.2170900e+01  -1.2136200e+01  -1.5746300e+01  -1.5348100e+01
  -1.2638600e+01  -1.2643000e+01  -1.2936600e+01  -1.3150900e+01  -1.5965500e+01  -1.5350000e+01
  -1.3093800e+01  -1.3000700e+01  -1.3103500e+01  -1.3135500e+01  -1.5508700e+01  -1.5339300e+01
  -1.3598500e+01  -1.3493400e+01  -1.3562800e+01  -1.3577700e+01  -1.4925500e+01  -1.5020400e+01
  -1.3829300e+01  -1.3833500e+01  -1.3730100e+01  -1.3664800e+01  -1.4285100e+01  -1.4873400e+01
  -1.4049500e+01  -1.4346200e+01  -1.4072000e+01  -1.4062300e+01  -1.4077800e+01  -1.4660600e+01
  -1.4005400e+01  -1.4487300e+01  -1.4067800e+01  -1.4093000e+01  -1.3612500e+01  -1.4216500e+01
  -1.3998700e+01  -1.4507600e+01  -1.4042400e+01  -1.4082000e+01  -1.3016200e+01  -1.3347500e+01
  -1.3867200e+01  -1.4245200e+01  -1.3755800e+01  -1.3717200e+01  -1.2418400e+01  -1.2442500e+01
  -1.3989200e+01  -1.4349200e+01  -1.3862800e+01  -1.3786800e+01  -1.1747400e+01  -1.2067500e+01
  -1.3683100e+01  -1.3989200e+01  -1.3688100e+01  -1.3686100e+01  -1.1439200e+01  -1.1423000e+01
  -1.3173900e+01  -1.3401700e+01  -1.3207200e+01  -1.3230100e+01  -1.1187200e+01  -1.1518600e+01
  -1.3107300e+01  -1.3327900e+01  -1.3082900e+01  -1.3065000e+01  -1.0670000e+01  -1.1145100e+01
  -1.3340000e+01  -1.3641300e+01  -1.3259800e+01  -1.3198700e+01  -1.0313100e+01  -1.0659300e+01
  -1.3395100e+01  -1.3877600e+01  -1.3486000e+01  -1.3517000e+01  -1.0020100e+01  -1.0443600e+01
  -1.3331700e+01  -1.3773500e+01  -1.3405900e+01  -1.3413000e+01  -9.5928000e+00  -1.0237400e+01
  -1.2746200e+01  -1.3108500e+01  -1.2928900e+01  -1.2969900e+01  -9.0853000e+00  -9.9068000e+00
  -1.2471600e+01  -1.2678600e+01  -1.2544000e+01  -1.2497500e+01  -8.8426000e+00  -9.4729000e+00
  -1.2755200e+01  -1.3134800e+01  -1.2868700e+01  -1.2853700e+01  -8.5800000e+00  -9.4045000e+00
  -1.2742500e+01  -1.3301800e+01  -1.3094900e+01  -1.3261800e+01  -7.6432000e+00  -9.2704000e+00
  -1.2904300e+01  -1.3458300e+01  -1.3368000e+01  -1.3643000e+01  -6.9658000e+00  -8.9483000e+00
  -1.3271000e+01  -1.3534700e+01  -1.3568400e+01  -1.3759800e+01  -6.5596000e+00  -8.8216000e+00
  -1.3257200e+01  -1.3230400e+01  -1.3441600e+01  -1.3564400e+01  -6.2289000e+00  -8.8433000e+00
  -1.3337500e+01  -1.3229100e+01  -1.3372400e+01  -1.3403700e+01  -5.5746000e+00  -8.6213000e+00
  -1.3087300e+01  -1.3049100e+01  -1.3146600e+01  -1.3185500e+01  -4.9067000e+00  -7.8245000e+00
  -1.2486500e+01  -1.2482700e+01  -1.2588600e+01  -1.2654400e+01  -4.8193000e+00  -7.2167000e+00
  -1.1953800e+01  -1.1940000e+01  -1.2041500e+01  -1.2096200e+01  -5.3723000e+00  -7.2529000e+00
  -1.1391600e+01  -1.1379600e+01  -1.1491600e+01  -1.1561700e+01  -6.0374000e+00  -7.3226000e+00
  -1.0826100e+01  -1.0839800e+01  -1.0917500e+01  -1.0978700e+01  -6.0004000e+00  -6.6972000e+00
  -1.0183000e+01  -1.0065000e+01  -1.0184000e+01  -1.0183500e+01  -5.6731000e+00  -5.6847000e+00
  -9.4295000e+00  -9.2408000e+00  -9.4020000e+00  -9.3981000e+00  -5.1958000e+00  -5.1405000e+00
  -8.8751000e+00  -8.7585000e+00  -8.9301000e+00  -8.9723000e+00  -5.2182000e+00  -5.0054000e+00
  -8.7013000e+00  -8.5903000e+00  -8.7087000e+00  -8.7314000e+00  -5.5266000e+00  -4.6294000e+00
  -8.4978000e+00  -8.4495000e+00  -8.5444000e+00  -8.5879000e+00  -5.7176000e+00  -4.4314000e+00
  -8.3643000e+00  -8.2711000e+00  -8.3179000e+00  -8.2999000e+00  -6.0391000e+00  -4.9489000e+00
  -8.0610000e+00  -8.0592000e+00  -8.1435000e+00  -8.2136000e+00  -6.5834000e+00  -5.5363000e+00
  -8.1407000e+00  -8.0204000e+00  -8.1381000e+00  -8.1390000e+00  -6.7741000e+00  -6.0876000e+00
  -7.9489000e+00  -7.8257000e+00  -7.9578000e+00  -7.9567000e+00  -6.7842000e+00  -6.2139000e+00
  -7.9149000e+00  -7.8627000e+00  -7.9822000e+00  -8.0318000e+00  -6.8530000e+00  -5.9632000e+00
  -8.0948000e+00  -8.1216000e+00  -8.1713000e+00  -8.2167000e+00  -6.7395000e+00  -5.8476000e+00
  -8.2243000e+00  -8.2685000e+00  -8.2510000e+00  -8.2718000e+00  -6.5216000e+00  -5.8830000e+00
  -8.3589000e+00  -8.4514000e+00  -8.3774000e+00  -8.4049000e+00  -6.2753000e+00  -6.1082000e+00
  -8.5197000e+00  -8.5658000e+00  -8.5014000e+00  -8.5121000e+00  -6.1339000e+00  -6.1841000e+00
  -8.6293000e+00  -8.7400000e+00  -8.6812000e+00  -8.7535000e+00  -6.0915000e+00  -5.9749000e+00
  -8.8600000e+00  -8.8560000e+00  -8.8324000e+00  -8.8509000e+00  -6.0743000e+00  -5.9629000e+00
  -8.7971000e+00  -8.7227000e+00  -8.7229000e+00  -8.7056000e+00  -6.1038000e+00  -6.0625000e+00
  -8.5849000e+00  -8.5249000e+00  -8.5475000e+00  -8.5498000e+00  -6.1404000e+00  -6.1086000e+00
  -8.6202000e+00  -8.6618000e+00  -8.6544000e+00  -8.6918000e+00  -6.1855000e+00  -6.1000000e+00
  -8.8329000e+00  -8.9182000e+00  -8.8662000e+00  -8.8983000e+00  -6.3137000e+00  -6.1640000e+00
  -9.0489000e+00  -9.1243000e+00  -9.0741000e+00  -9.1212000e+00  -6.3279000e+00  -6.3212000e+00
  -9.1896000e+00  -9.2422000e+00  -9.2494000e+00  -9.3124000e+00  -6.2816000e+00  -6.4538000e+00
  -9.2312000e+00  -9.2270000e+00  -9.2692000e+00  -9.3209000e+00  -6.2257000e+00  -6.3930000e+00
  -9.1811000e+00  -9.1780000e+00  -9.1984000e+00  -9.2329000e+00  -6.1770000e+00  -6.2078000e+00
  -9.2822000e+00  -9.3162000e+00  -9.2969000e+00  -9.3297000e+00  -6.2408000e+00  -6.2284000e+00
  -9.4543000e+00  -9.4865000e+00  -9.4913000e+00  -9.5458000e+00  -6.3930000e+00  -6.3380000e+00
  -9.5379000e+00  -9.5229000e+00  -9.5678000e+00  -9.6228000e+00  -6.5063000e+00  -6.3672000e+00
  -9.5001000e+00  -9.4640000e+00  -9.5108000e+00  -9.5513000e+00  -6.6619000e+00  -6.4016000e+00
  -9.4847000e+00  -9.4700000e+00  -9.5119000e+00  -9.5570000e+00  -6.9137000e+00  -6.5740000e+00
  -9.5036000e+00  -9.5305000e+00  -9.5724000e+00  -9.6320000e+00  -7.3799000e+00  -6.9850000e+00
  -9.6228000e+00  -9.6309000e+00  -9.6876000e+00  -9.7660000e+00  -6.9256000e+00  -6.6646000e+00
  -9.6928000e+00  -9.6962000e+00  -9.7599000e+00  -9.8257000e+00  -6.5661000e+00  -6.5194000e+00
  -9.6960000e+00  -9.6943000e+00  -9.7469000e+00  -9.7931000e+00  -6.9496000e+00  -7.0011000e+00
  -9.6664000e+00  -9.6642000e+00  -9.7085000e+00  -9.7423000e+00  -7.2539000e+00  -7.3692000e+00
  -9.6307000e+00  -9.6345000e+00  -9.6674000e+00  -9.6893000e+00  -7.8006000e+00  -7.9868000e+00
  -9.6509000e+00  -9.6582000e+00  -9.6741000e+00  -9.6811000e+00  -8.1794000e+00  -8.3597000e+00
  -9.7042000e+00  -9.6962000e+00  -9.7053000e+00  -9.6964000e+00  -8.5356000e+00  -8.7970000e+00
  -9.6966000e+00  -9.6596000e+00  -9.6741000e+00  -9.6509000e+00  -9.0928000e+00  -9.1717000e+00
  -9.6596000e+00  -9.6118000e+00  -9.6322000e+00  -9.6104000e+00  -9.2863000e+00  -9.4087000e+00
  -9.5783000e+00  -9.5103000e+00  -9.5585000e+00  -9.5421000e+00  -9.3273000e+00  -9.6027000e+00
  -9.3898000e+00  -9.2679000e+00  -9.3555000e+00  -9.3240000e+00  -9.6360000e+00  -9.9529000e+00
  -9.0891000e+00  -8.9336000e+00  -9.0488000e+00  -9.0087000e+00  -9.9758000e+00  -1.0238200e+01
  -8.8068000e+00  -8.6560000e+00  -8.7802000e+00  -8.7460000e+00  -1.0175900e+01  -1.0335300e+01
  -8.6117000e+00  -8.4116000e+00  -8.5603000e+00  -8.5068000e+00  -1.0246300e+01  -1.0429700e+01
  -8.3362000e+00  -8.0326000e+00  -8.2158000e+00  -8.1159000e+00  -1.0327700e+01  -1.0511000e+01
  -7.9037000e+00  -7.5788000e+00  -7.7521000e+00  -7.6371000e+00  -1.0550900e+01  -1.0544600e+01
  -7.4769000e+00  -7.2101000e+00  -7.3422000e+00  -7.2483000e+00  -1.0821400e+01  -1.0674300e+01
  -7.1761000e+00  -6.9440000e+00  -7.0584000e+00  -6.9783000e+00  -1.1201200e+01  -1.0799700e+01
  -6.9741000e+00  -6.7590000e+00  -6.8668000e+00  -6.7998000e+00  -1.1620300e+01  -1.0847800e+01
  -6.8071000e+00  -6.5960000e+00  -6.7034000e+00  -6.6484000e+00  -1.1944800e+01  -1.0825700e+01
  -6.6548000e+00  -6.4553000e+00  -6.5578000e+00  -6.5136000e+00  -1.2149500e+01  -1.0754600e+01
  -6.4935000e+00  -6.2927000e+00  -6.3974000e+00  -6.3607000e+00  -1.2171600e+01  -1.0643100e+01
  -6.2834000e+00  -6.0825000e+00  -6.1926000e+00  -6.1626000e+00  -1.2137600e+01  -1.0506500e+01
  -6.0646000e+00  -5.8568000e+00  -5.9687000e+00  -5.9368000e+00  -1.2042400e+01  -1.0379700e+01
  -5.8498000e+00  -5.6405000e+00  -5.7499000e+00  -5.7163000e+00  -1.1954700e+01  -1.0354600e+01
  -5.6417000e+00  -5.4354000e+00  -5.5344000e+00  -5.4953000e+00  -1.1854600e+01  -1.0408500e+01
  -5.4478000e+00  -5.2522000e+00  -5.3328000e+00  -5.2871000e+00  -1.1772100e+01  -1.0549100e+01
  -5.3029000e+00  -5.0861000e+00  -5.1716000e+00  -5.1100000e+00  -1.1617600e+01  -1.0657400e+01
  -5.1135000e+00  -4.8421000e+00  -4.9608000e+00  -4.8828000e+00  -1.1432100e+01  -1.0646200e+01
  -4.9159000e+00  -4.6774000e+00  -4.7845000e+00  -4.7200000e+00  -1.1253400e+01  -1.0592600e+01
  -4.7921000e+00  -4.5642000e+00  -4.6660000e+00  -4.6029000e+00  -1.1119100e+01  -1.0516400e+01
  -4.6673000e+00  -4.4587000e+00  -4.5549000e+00  -4.4952000e+00  -1.0927500e+01  -1.0375800e+01
  -4.5701000e+00  -4.3903000e+00  -4.4761000e+00  -4.4201000e+00  -1.0709000e+01  -1.0212400e+01
  -4.5102000e+00  -4.3494000e+00  -4.4221000e+00  -4.3641000e+00  -1.0516900e+01  -1.0047300e+01
  -4.4622000e+00  -4.3186000e+00  -4.3892000e+00  -4.3345000e+00  -1.0262200e+01  -9.8227000e+00
  -4.4064000e+00  -4.2918000e+00  -4.3564000e+00  -4.3087000e+00  -1.0024400e+01  -9.5666000e+00
  -4.3797000e+00  -4.3039000e+00  -4.3558000e+00  -4.3205000e+00  -9.7028000e+00  -9.3054000e+00
  -4.3663000e+00  -4.3263000e+00  -4.3685000e+00  -4.3448000e+00  -9.3915000e+00  -9.0770000e+00
  -4.3681000e+00  -4.3632000e+00  -4.4012000e+00  -4.3959000e+00  -9.1138000e+00  -8.8844000e+00
  -4.3766000e+00  -4.4018000e+00  -4.4333000e+00  -4.4395000e+00  -8.9344000e+00  -8.7138000e+00
  -4.3874000e+00  -4.4452000e+00  -4.4698000e+00  -4.4859000e+00  -8.7338000e+00  -8.5735000e+00
  -4.4156000e+00  -4.5067000e+00  -4.5185000e+00  -4.5442000e+00  -8.4877000e+00  -8.2339000e+00
  -4.4460000e+00  -4.5710000e+00  -4.5715000e+00  -4.6074000e+00  -8.7301000e+00  -8.1673000e+00
  -4.5200000e+00  -4.6805000e+00  -4.6716000e+00  -4.7211000e+00  -9.4139000e+00  -8.2500000e+00
  -4.6824000e+00  -4.8529000e+00  -4.8392000e+00  -4.8981000e+00  -8.8118000e+00  -7.6047000e+00
  -4.8923000e+00  -5.0711000e+00  -5.0465000e+00  -5.1064000e+00  -8.7438000e+00  -7.4118000e+00
  -5.1445000e+00  -5.3233000e+00  -5.2955000e+00  -5.3570000e+00  -8.6603000e+00  -7.4847000e+00
  -5.4062000e+00  -5.5771000e+00  -5.5506000e+00  -5.6099000e+00  -8.8931000e+00  -7.7364000e+00
  -5.6656000e+00  -5.8232000e+00  -5.8002000e+00  -5.8576000e+00  -9.0808000e+00  -8.0345000e+00
  -5.9268000e+00  -6.0675000e+00  -6.0401000e+00  -6.0891000e+00  -9.0131000e+00  -8.3293000e+00
  -6.1723000e+00  -6.2932000e+00  -6.2589000e+00  -6.2952000e+00  -8.3056000e+00  -8.6145000e+00
  -6.3393000e+00  -6.4326000e+00  -6.3947000e+00  -6.4156000e+00  -7.3492000e+00  -8.6377000e+00
  -6.4371000e+00  -6.5106000e+00  -6.4656000e+00  -6.4708000e+00  -7.7351000e+00  -8.4465000e+00
  -6.4840000e+00  -6.5443000e+00  -6.4939000e+00  -6.4900000e+00  -8.2081000e+00  -8.2564000e+00
  -6.4866000e+00  -6.5331000e+00  -6.4899000e+00  -6.4848000e+00  -8.1307000e+00  -8.1774000e+00
  -6.4663000e+00  -6.4972000e+00  -6.4686000e+00  -6.4640000e+00  -8.2100000e+00  -8.2134000e+00
  -6.4114000e+00  -6.4328000e+00  -6.4198000e+00  -6.4190000e+00  -8.3704000e+00  -8.2696000e+00
  -6.3797000e+00  -6.3942000e+00  -6.3885000e+00  -6.3870000e+00  -8.5034000e+00  -8.2307000e+00
  -6.3631000e+00  -6.3569000e+00  -6.3527000e+00  -6.3390000e+00  -8.6158000e+00  -8.1827000e+00
  -6.3017000e+00  -6.2775000e+00  -6.2715000e+00  -6.2467000e+00  -8.6824000e+00  -8.1245000e+00
  -6.1993000e+00  -6.1633000e+00  -6.1571000e+00  -6.1238000e+00  -8.6701000e+00  -8.0684000e+00
  -6.0832000e+00  -6.0267000e+00  -6.0246000e+00  -5.9812000e+00  -8.6442000e+00  -8.0095000e+00
  -5.9692000e+00  -5.8966000e+00  -5.8980000e+00  -5.8475000e+00  -8.6625000e+00  -8.0426000e+00
  -5.8679000e+00  -5.7921000e+00  -5.7896000e+00  -5.7422000e+00  -8.5837000e+00  -8.0589000e+00
  -5.7786000e+00  -5.7214000e+00  -5.7272000e+00  -5.7018000e+00  -8.5447000e+00  -8.0213000e+00
  -5.7705000e+00  -5.6810000e+00  -5.7040000e+00  -5.6466000e+00  -8.5055000e+00  -7.9301000e+00
  -5.7585000e+00  -5.5951000e+00  -5.6223000e+00  -5.5488000e+00  -8.4949000e+00  -7.8343000e+00
  -5.6755000e+00  -5.5479000e+00  -5.5683000e+00  -5.5207000e+00  -8.5596000e+00  -7.8107000e+00
  -5.6372000e+00  -5.4913000e+00  -5.5209000e+00  -5.4364000e+00  -8.6874000e+00  -7.8603000e+00
  -5.5938000e+00  -5.4016000e+00  -5.4141000e+00  -5.2903000e+00  -8.7077000e+00  -7.8446000e+00
