   7.3741000e+02   7.3862000e+02   7.3560000e+02   7.3350000e+02   8.5520000e+02   8.3105000e+02
   7.1411000e+02   7.1645000e+02   7.1442000e+02   7.1707000e+02   7.6277000e+02   7.4671000e+02
   6.9163000e+02   6.8227000e+02   6.8720000e+02   6.8500000e+02   8.2302000e+02   8.0837000e+02
   7.4973000e+02   7.4934000e+02   7.4637000e+02   7.4588000e+02   7.9884000e+02   7.7869000e+02
   7.7109000e+02   7.7576000e+02   7.7340000e+02   7.7256000e+02   8.3365000e+02   8.1975000e+02
   7.5789000e+02   7.6245000e+02   7.5915000e+02   7.5999000e+02   8.4622000e+02   8.3030000e+02
   7.6331000e+02   7.6559000e+02   7.6132000e+02   7.6000000e+02   8.4159000e+02   8.1528000e+02
   7.4544000e+02   7.4452000e+02   7.4046000e+02   7.3716000e+02   8.6870000e+02   8.4152000e+02
   7.4300000e+02   7.3683000e+02   7.4204000e+02   7.3970000e+02   8.6449000e+02   8.3347000e+02
   7.1720000e+02   7.2331000e+02   7.2149000e+02   7.2074000e+02   8.9732000e+02   8.7077000e+02
   7.3957000e+02   7.3321000e+02   7.3422000e+02   7.2972000e+02   9.2445000e+02   9.0024000e+02
   8.0477000e+02   7.9987000e+02   7.9455000e+02   7.8367000e+02   9.3671000e+02   9.0434000e+02
   7.2903000e+02   7.4633000e+02   7.4128000e+02   7.4469000e+02   9.5373000e+02   9.2886000e+02
   7.3736000e+02   7.3602000e+02   7.2787000e+02   7.2373000e+02   9.5145000e+02   9.4299000e+02
   7.5079000e+02   7.5992000e+02   7.6029000e+02   7.6575000e+02   9.6119000e+02   9.3803000e+02
   7.6877000e+02   7.5368000e+02   7.6033000e+02   7.5151000e+02   9.6508000e+02   9.4701000e+02
   8.1129000e+02   8.1810000e+02   8.1264000e+02   8.1297000e+02   9.5722000e+02   9.5682000e+02
   8.2868000e+02   8.2757000e+02   8.2371000e+02   8.1768000e+02   9.6114000e+02   9.5918000e+02
   8.3976000e+02   8.4763000e+02   8.4491000e+02   8.4387000e+02   9.6852000e+02   9.5684000e+02
   8.3551000e+02   8.4352000e+02   8.3673000e+02   8.3084000e+02   9.7298000e+02   9.4831000e+02
   8.4377000e+02   8.4703000e+02   8.4425000e+02   8.4246000e+02   9.8819000e+02   9.6579000e+02
   8.2447000e+02   8.3124000e+02   8.2869000e+02   8.3254000e+02   1.0010000e+03   9.7671000e+02
   8.1367000e+02   8.2006000e+02   8.1250000e+02   8.1236000e+02   1.0138000e+03   9.9509000e+02
   8.4955000e+02   8.3783000e+02   8.4321000e+02   8.3598000e+02   1.0233000e+03   1.0067000e+03
   8.4559000e+02   8.4905000e+02   8.4646000e+02   8.4688000e+02   1.0236000e+03   1.0087000e+03
   8.3802000e+02   8.3663000e+02   8.3609000e+02   8.3530000e+02   1.0175000e+03   1.0040000e+03
   8.4792000e+02   8.4553000e+02   8.4562000e+02   8.4477000e+02   1.0222000e+03   1.0093000e+03
   8.5683000e+02   8.5414000e+02   8.5179000e+02   8.4991000e+02   1.0212000e+03   1.0107000e+03
   8.6362000e+02   8.6601000e+02   8.6206000e+02   8.5761000e+02   1.0242000e+03   1.0103000e+03
   8.7138000e+02   8.6931000e+02   8.6986000e+02   8.6823000e+02   1.0275000e+03   1.0165000e+03
   8.7894000e+02   8.7770000e+02   8.7372000e+02   8.7522000e+02   1.0338000e+03   1.0194000e+03
   8.9126000e+02   8.8716000e+02   8.8447000e+02   8.8260000e+02   1.0351000e+03   1.0201000e+03
   9.0099000e+02   8.9739000e+02   8.9635000e+02   8.9456000e+02   1.0349000e+03   1.0197000e+03
   9.1724000e+02   9.1733000e+02   9.1270000e+02   9.1283000e+02   1.0387000e+03   1.0254000e+03
   9.2906000e+02   9.2789000e+02   9.2705000e+02   9.2583000e+02   1.0433000e+03   1.0296000e+03
   9.4422000e+02   9.4609000e+02   9.4278000e+02   9.4327000e+02   1.0478000e+03   1.0330000e+03
   9.5875000e+02   9.5947000e+02   9.5718000e+02   9.5670000e+02   1.0532000e+03   1.0388000e+03
   9.6997000e+02   9.7024000e+02   9.6799000e+02   9.6852000e+02   1.0574000e+03   1.0399000e+03
   9.8069000e+02   9.8206000e+02   9.7909000e+02   9.7855000e+02   1.0560000e+03   1.0391000e+03
   9.7695000e+02   9.7800000e+02   9.7497000e+02   9.7499000e+02   1.0430000e+03   1.0281000e+03
   9.7504000e+02   9.7601000e+02   9.7262000e+02   9.7300000e+02   1.0301000e+03   1.0141000e+03
   9.7973000e+02   9.7947000e+02   9.7677000e+02   9.7607000e+02   1.0187000e+03   1.0038000e+03
   9.8498000e+02   9.8438000e+02   9.8157000e+02   9.8207000e+02   1.0144000e+03   9.9567000e+02
   9.8911000e+02   9.9005000e+02   9.8752000e+02   9.8662000e+02   1.0128000e+03   9.9379000e+02
   9.8818000e+02   9.8853000e+02   9.8611000e+02   9.8575000e+02   1.0058000e+03   9.8763000e+02
   9.8209000e+02   9.8308000e+02   9.8070000e+02   9.8086000e+02   9.9877000e+02   9.8161000e+02
   9.7755000e+02   9.7934000e+02   9.7696000e+02   9.7684000e+02   9.8395000e+02   9.6817000e+02
   9.6968000e+02   9.7575000e+02   9.7144000e+02   9.7065000e+02   9.7985000e+02   9.6617000e+02
   9.7080000e+02   9.7551000e+02   9.7214000e+02   9.7246000e+02   9.8174000e+02   9.6850000e+02
   9.7332000e+02   9.7756000e+02   9.7481000e+02   9.7498000e+02   9.8219000e+02   9.7022000e+02
   9.7194000e+02   9.7832000e+02   9.7549000e+02   9.7724000e+02   9.7667000e+02   9.6620000e+02
   9.7847000e+02   9.8699000e+02   9.8289000e+02   9.8313000e+02   9.7656000e+02   9.6454000e+02
   9.7629000e+02   9.8329000e+02   9.8047000e+02   9.8132000e+02   9.6930000e+02   9.5908000e+02
   9.7414000e+02   9.8122000e+02   9.7898000e+02   9.7935000e+02   9.6410000e+02   9.5423000e+02
   9.7169000e+02   9.7878000e+02   9.7629000e+02   9.7796000e+02   9.5878000e+02   9.4932000e+02
   9.7072000e+02   9.7723000e+02   9.7586000e+02   9.7670000e+02   9.5384000e+02   9.4618000e+02
   9.7307000e+02   9.7905000e+02   9.7674000e+02   9.7844000e+02   9.4892000e+02   9.4303000e+02
   9.7072000e+02   9.7600000e+02   9.7386000e+02   9.7492000e+02   9.5068000e+02   9.4032000e+02
   9.7141000e+02   9.7563000e+02   9.7383000e+02   9.7436000e+02   9.5019000e+02   9.3841000e+02
   9.7033000e+02   9.7395000e+02   9.7239000e+02   9.7429000e+02   9.5218000e+02   9.4010000e+02
   9.6879000e+02   9.7189000e+02   9.7215000e+02   9.7285000e+02   9.5409000e+02   9.4122000e+02
   9.6767000e+02   9.7071000e+02   9.7082000e+02   9.7236000e+02   9.6081000e+02   9.4861000e+02
   9.7110000e+02   9.7242000e+02   9.7240000e+02   9.7263000e+02   9.6852000e+02   9.5667000e+02
   9.7675000e+02   9.7581000e+02   9.7601000e+02   9.7584000e+02   9.7057000e+02   9.5894000e+02
   9.7674000e+02   9.7593000e+02   9.7629000e+02   9.7600000e+02   9.7497000e+02   9.6543000e+02
   9.8030000e+02   9.7993000e+02   9.8031000e+02   9.7988000e+02   9.8088000e+02   9.7446000e+02
   9.8451000e+02   9.8440000e+02   9.8432000e+02   9.8424000e+02   9.9184000e+02   9.8469000e+02
   9.8899000e+02   9.8879000e+02   9.8834000e+02   9.8845000e+02   9.9810000e+02   9.9459000e+02
   9.9275000e+02   9.9105000e+02   9.9248000e+02   9.9237000e+02   1.0044000e+03   1.0022000e+03
   9.9714000e+02   9.9602000e+02   9.9635000e+02   9.9571000e+02   1.0121000e+03   1.0092000e+03
   1.0006000e+03   9.9914000e+02   9.9956000e+02   9.9901000e+02   1.0190000e+03   1.0159000e+03
   1.0088000e+03   1.0082000e+03   1.0084000e+03   1.0074000e+03   1.0274000e+03   1.0242000e+03
   1.0217000e+03   1.0195000e+03   1.0201000e+03   1.0191000e+03   1.0386000e+03   1.0333000e+03
   1.0326000e+03   1.0304000e+03   1.0306000e+03   1.0294000e+03   1.0485000e+03   1.0433000e+03
   1.0417000e+03   1.0388000e+03   1.0388000e+03   1.0367000e+03   1.0642000e+03   1.0574000e+03
   1.0574000e+03   1.0523000e+03   1.0528000e+03   1.0511000e+03   1.0845000e+03   1.0787000e+03
   1.0731000e+03   1.0690000e+03   1.0690000e+03   1.0678000e+03   1.1015000e+03   1.0976000e+03
   1.0791000e+03   1.0751000e+03   1.0761000e+03   1.0750000e+03   1.1109000e+03   1.1094000e+03
   1.0877000e+03   1.0826000e+03   1.0841000e+03   1.0832000e+03   1.1179000e+03   1.1194000e+03
   1.0970000e+03   1.0892000e+03   1.0924000e+03   1.0900000e+03   1.1222000e+03   1.1252000e+03
   1.1053000e+03   1.0990000e+03   1.1014000e+03   1.0998000e+03   1.1288000e+03   1.1307000e+03
   1.1192000e+03   1.1145000e+03   1.1155000e+03   1.1127000e+03   1.1403000e+03   1.1406000e+03
   1.1355000e+03   1.1302000e+03   1.1314000e+03   1.1293000e+03   1.1576000e+03   1.1598000e+03
   1.1476000e+03   1.1429000e+03   1.1446000e+03   1.1428000e+03   1.1730000e+03   1.1749000e+03
   1.1641000e+03   1.1584000e+03   1.1591000e+03   1.1575000e+03   1.1894000e+03   1.1907000e+03
   1.1794000e+03   1.1742000e+03   1.1767000e+03   1.1740000e+03   1.2086000e+03   1.2085000e+03
   1.1963000e+03   1.1936000e+03   1.1932000e+03   1.1909000e+03   1.2244000e+03   1.2261000e+03
   1.1672000e+03   1.1605000e+03   1.1611000e+03   1.1584000e+03   1.1916000e+03   1.2010000e+03
   1.1405000e+03   1.1362000e+03   1.1359000e+03   1.1348000e+03   1.1674000e+03   1.1822000e+03
   1.1284000e+03   1.1241000e+03   1.1248000e+03   1.1231000e+03   1.1553000e+03   1.1697000e+03
   1.1207000e+03   1.1158000e+03   1.1171000e+03   1.1150000e+03   1.1561000e+03   1.1693000e+03
   1.1268000e+03   1.1235000e+03   1.1242000e+03   1.1220000e+03   1.1658000e+03   1.1798000e+03
   1.1192000e+03   1.1146000e+03   1.1158000e+03   1.1137000e+03   1.1656000e+03   1.1772000e+03
   1.1009000e+03   1.0977000e+03   1.0985000e+03   1.0959000e+03   1.1526000e+03   1.1602000e+03
   1.0747000e+03   1.0721000e+03   1.0720000e+03   1.0700000e+03   1.1271000e+03   1.1290000e+03
   1.0632000e+03   1.0600000e+03   1.0602000e+03   1.0587000e+03   1.1059000e+03   1.1092000e+03
   1.0695000e+03   1.0676000e+03   1.0673000e+03   1.0660000e+03   1.1068000e+03   1.1113000e+03
   1.0817000e+03   1.0782000e+03   1.0782000e+03   1.0765000e+03   1.1103000e+03   1.1144000e+03
   1.0906000e+03   1.0875000e+03   1.0872000e+03   1.0852000e+03   1.1106000e+03   1.1152000e+03
   1.0972000e+03   1.0946000e+03   1.0944000e+03   1.0929000e+03   1.1067000e+03   1.1101000e+03
   1.0894000e+03   1.0866000e+03   1.0869000e+03   1.0848000e+03   1.1004000e+03   1.1045000e+03
   1.0822000e+03   1.0789000e+03   1.0790000e+03   1.0773000e+03   1.0920000e+03   1.0958000e+03
   1.0810000e+03   1.0778000e+03   1.0781000e+03   1.0767000e+03   1.0886000e+03   1.0917000e+03
   1.0839000e+03   1.0815000e+03   1.0816000e+03   1.0803000e+03   1.0904000e+03   1.0928000e+03
   1.0885000e+03   1.0855000e+03   1.0861000e+03   1.0856000e+03   1.0911000e+03   1.0931000e+03
   1.0858000e+03   1.0829000e+03   1.0836000e+03   1.0829000e+03   1.0894000e+03   1.0910000e+03
   1.0857000e+03   1.0829000e+03   1.0834000e+03   1.0822000e+03   1.0863000e+03   1.0877000e+03
   1.0782000e+03   1.0744000e+03   1.0760000e+03   1.0761000e+03   1.0772000e+03   1.0796000e+03
   1.0725000e+03   1.0712000e+03   1.0720000e+03   1.0710000e+03   1.0753000e+03   1.0780000e+03
   1.0704000e+03   1.0696000e+03   1.0698000e+03   1.0698000e+03   1.0773000e+03   1.0808000e+03
   1.0626000e+03   1.0628000e+03   1.0638000e+03   1.0623000e+03   1.0798000e+03   1.0846000e+03
   1.0899000e+03   1.0865000e+03   1.0885000e+03   1.0877000e+03   1.1081000e+03   1.1114000e+03
   1.1164000e+03   1.1124000e+03   1.1137000e+03   1.1123000e+03   1.1308000e+03   1.1340000e+03
   1.1237000e+03   1.1205000e+03   1.1213000e+03   1.1198000e+03   1.1353000e+03   1.1383000e+03
   1.1288000e+03   1.1258000e+03   1.1271000e+03   1.1240000e+03   1.1354000e+03   1.1373000e+03
   1.1250000e+03   1.1222000e+03   1.1230000e+03   1.1222000e+03   1.1317000e+03   1.1349000e+03
   1.1331000e+03   1.1286000e+03   1.1300000e+03   1.1306000e+03   1.1362000e+03   1.1398000e+03
   1.1418000e+03   1.1386000e+03   1.1413000e+03   1.1420000e+03   1.1453000e+03   1.1491000e+03
   1.1593000e+03   1.1587000e+03   1.1592000e+03   1.1580000e+03   1.1632000e+03   1.1691000e+03
   1.1709000e+03   1.1700000e+03   1.1718000e+03   1.1709000e+03   1.1689000e+03   1.1750000e+03
   1.1679000e+03   1.1710000e+03   1.1708000e+03   1.1715000e+03   1.1627000e+03   1.1690000e+03
   1.1739000e+03   1.1748000e+03   1.1760000e+03   1.1756000e+03   1.1574000e+03   1.1641000e+03
   1.1820000e+03   1.1818000e+03   1.1837000e+03   1.1851000e+03   1.1579000e+03   1.1648000e+03
   1.1823000e+03   1.1842000e+03   1.1864000e+03   1.1876000e+03   1.1610000e+03   1.1669000e+03
   1.1935000e+03   1.1943000e+03   1.1972000e+03   1.1991000e+03   1.1683000e+03   1.1735000e+03
   1.2002000e+03   1.2042000e+03   1.2043000e+03   1.2065000e+03   1.1725000e+03   1.1774000e+03
   1.2008000e+03   1.2042000e+03   1.2057000e+03   1.2082000e+03   1.1701000e+03   1.1751000e+03
   1.1947000e+03   1.1992000e+03   1.2009000e+03   1.2038000e+03   1.1658000e+03   1.1704000e+03
   1.1934000e+03   1.1979000e+03   1.1994000e+03   1.2023000e+03   1.1626000e+03   1.1677000e+03
   1.1953000e+03   1.1990000e+03   1.2011000e+03   1.2046000e+03   1.1597000e+03   1.1650000e+03
   1.1960000e+03   1.1994000e+03   1.2012000e+03   1.2047000e+03   1.1591000e+03   1.1640000e+03
   1.1980000e+03   1.2012000e+03   1.2033000e+03   1.2070000e+03   1.1607000e+03   1.1661000e+03
   1.1945000e+03   1.1975000e+03   1.2001000e+03   1.2034000e+03   1.1575000e+03   1.1622000e+03
   1.1882000e+03   1.1912000e+03   1.1940000e+03   1.1985000e+03   1.1491000e+03   1.1536000e+03
   1.1860000e+03   1.1908000e+03   1.1926000e+03   1.1993000e+03   1.1416000e+03   1.1456000e+03
   1.1740000e+03   1.1761000e+03   1.1788000e+03   1.1845000e+03   1.1185000e+03   1.1219000e+03
   1.1616000e+03   1.1644000e+03   1.1657000e+03   1.1721000e+03   1.0996000e+03   1.1040000e+03
   1.1560000e+03   1.1575000e+03   1.1584000e+03   1.1635000e+03   1.0858000e+03   1.0917000e+03
   1.1498000e+03   1.1505000e+03   1.1514000e+03   1.1548000e+03   1.0703000e+03   1.0775000e+03
   1.1445000e+03   1.1472000e+03   1.1469000e+03   1.1506000e+03   1.0554000e+03   1.0663000e+03
   1.1373000e+03   1.1383000e+03   1.1394000e+03   1.1436000e+03   1.0411000e+03   1.0511000e+03
   1.1287000e+03   1.1300000e+03   1.1312000e+03   1.1376000e+03   1.0260000e+03   1.0357000e+03
   1.1189000e+03   1.1229000e+03   1.1227000e+03   1.1272000e+03   1.0061000e+03   1.0161000e+03
   1.1126000e+03   1.1154000e+03   1.1163000e+03   1.1207000e+03   9.9109000e+02   1.0007000e+03
   1.1093000e+03   1.1121000e+03   1.1143000e+03   1.1189000e+03   9.8288000e+02   9.9228000e+02
   1.1061000e+03   1.1090000e+03   1.1110000e+03   1.1141000e+03   9.7612000e+02   9.8791000e+02
   1.1014000e+03   1.1046000e+03   1.1043000e+03   1.1075000e+03   9.7310000e+02   9.8482000e+02
   1.0930000e+03   1.0976000e+03   1.0968000e+03   1.1005000e+03   9.6190000e+02   9.7766000e+02
   1.0804000e+03   1.0850000e+03   1.0832000e+03   1.0872000e+03   9.5254000e+02   9.6889000e+02
   1.0686000e+03   1.0752000e+03   1.0729000e+03   1.0773000e+03   9.4519000e+02   9.6215000e+02
   1.0604000e+03   1.0658000e+03   1.0625000e+03   1.0674000e+03   9.3717000e+02   9.5447000e+02
   1.0522000e+03   1.0608000e+03   1.0584000e+03   1.0630000e+03   9.2936000e+02   9.4733000e+02
   1.0492000e+03   1.0549000e+03   1.0531000e+03   1.0570000e+03   9.1937000e+02   9.3738000e+02
   1.0355000e+03   1.0431000e+03   1.0419000e+03   1.0486000e+03   9.0974000e+02   9.2707000e+02
   1.0254000e+03   1.0315000e+03   1.0316000e+03   1.0363000e+03   9.0065000e+02   9.1504000e+02
   1.0135000e+03   1.0206000e+03   1.0208000e+03   1.0258000e+03   8.9032000e+02   9.0449000e+02
   1.0074000e+03   1.0146000e+03   1.0144000e+03   1.0193000e+03   8.8349000e+02   8.9505000e+02
   1.0033000e+03   1.0103000e+03   1.0101000e+03   1.0152000e+03   8.7775000e+02   8.8823000e+02
   1.0006000e+03   1.0080000e+03   1.0077000e+03   1.0122000e+03   8.7132000e+02   8.8168000e+02
   1.0246000e+03   1.0323000e+03   1.0308000e+03   1.0354000e+03   8.8558000e+02   8.9507000e+02
   1.0439000e+03   1.0499000e+03   1.0510000e+03   1.0544000e+03   8.9686000e+02   9.0595000e+02
   1.0564000e+03   1.0627000e+03   1.0632000e+03   1.0658000e+03   9.0115000e+02   9.1007000e+02
   1.0703000e+03   1.0732000e+03   1.0757000e+03   1.0796000e+03   9.0844000e+02   9.1569000e+02
   1.0761000e+03   1.0809000e+03   1.0823000e+03   1.0860000e+03   9.0892000e+02   9.1588000e+02
   1.0920000e+03   1.0944000e+03   1.0969000e+03   1.0998000e+03   9.1359000e+02   9.2211000e+02
   1.1099000e+03   1.1117000e+03   1.1136000e+03   1.1158000e+03   9.2436000e+02   9.3122000e+02
   1.1321000e+03   1.1331000e+03   1.1355000e+03   1.1375000e+03   9.4232000e+02   9.4868000e+02
   1.1485000e+03   1.1504000e+03   1.1507000e+03   1.1524000e+03   9.5236000e+02   9.6183000e+02
   1.1554000e+03   1.1578000e+03   1.1584000e+03   1.1603000e+03   9.5452000e+02   9.7256000e+02
   1.1613000e+03   1.1630000e+03   1.1635000e+03   1.1653000e+03   9.6385000e+02   9.8315000e+02
   1.1640000e+03   1.1645000e+03   1.1658000e+03   1.1682000e+03   9.7657000e+02   9.9196000e+02
   1.1519000e+03   1.1522000e+03   1.1553000e+03   1.1565000e+03   9.7688000e+02   9.9527000e+02
   1.1517000e+03   1.1521000e+03   1.1548000e+03   1.1569000e+03   9.7805000e+02   9.9848000e+02
   1.1575000e+03   1.1576000e+03   1.1605000e+03   1.1628000e+03   9.9120000e+02   1.0112000e+03
   1.1645000e+03   1.1638000e+03   1.1662000e+03   1.1681000e+03   1.0065000e+03   1.0278000e+03
   1.1723000e+03   1.1724000e+03   1.1743000e+03   1.1757000e+03   1.0234000e+03   1.0450000e+03
   1.1756000e+03   1.1762000e+03   1.1782000e+03   1.1786000e+03   1.0350000e+03   1.0590000e+03
   1.1802000e+03   1.1808000e+03   1.1819000e+03   1.1833000e+03   1.0416000e+03   1.0662000e+03
   1.1794000e+03   1.1798000e+03   1.1808000e+03   1.1821000e+03   1.0465000e+03   1.0714000e+03
   1.1866000e+03   1.1866000e+03   1.1891000e+03   1.1910000e+03   1.0554000e+03   1.0801000e+03
   1.1966000e+03   1.1960000e+03   1.1979000e+03   1.1998000e+03   1.0653000e+03   1.0886000e+03
   1.2061000e+03   1.2062000e+03   1.2079000e+03   1.2092000e+03   1.0752000e+03   1.0947000e+03
   1.2170000e+03   1.2174000e+03   1.2190000e+03   1.2201000e+03   1.0785000e+03   1.0967000e+03
   1.1835000e+03   1.1840000e+03   1.1845000e+03   1.1858000e+03   1.0420000e+03   1.0598000e+03
   1.1504000e+03   1.1511000e+03   1.1525000e+03   1.1533000e+03   1.0076000e+03   1.0240000e+03
   1.1392000e+03   1.1406000e+03   1.1416000e+03   1.1428000e+03   9.9366000e+02   1.0080000e+03
   1.1390000e+03   1.1391000e+03   1.1401000e+03   1.1413000e+03   9.8612000e+02   1.0011000e+03
   1.1493000e+03   1.1502000e+03   1.1513000e+03   1.1526000e+03   9.9221000e+02   1.0054000e+03
   1.1435000e+03   1.1455000e+03   1.1454000e+03   1.1463000e+03   9.8317000e+02   9.9733000e+02
   1.1305000e+03   1.1292000e+03   1.1311000e+03   1.1319000e+03   9.6633000e+02   9.8043000e+02
   1.1017000e+03   1.1025000e+03   1.1033000e+03   1.1034000e+03   9.3118000e+02   9.4643000e+02
   1.0820000e+03   1.0835000e+03   1.0839000e+03   1.0853000e+03   9.0889000e+02   9.2249000e+02
   1.0776000e+03   1.0791000e+03   1.0800000e+03   1.0813000e+03   9.0420000e+02   9.1684000e+02
   1.0737000e+03   1.0746000e+03   1.0761000e+03   1.0776000e+03   8.9869000e+02   9.1133000e+02
   1.0682000e+03   1.0698000e+03   1.0709000e+03   1.0727000e+03   8.8948000e+02   9.0215000e+02
   1.0822000e+03   1.0834000e+03   1.0844000e+03   1.0866000e+03   8.9862000e+02   9.0994000e+02
   1.0803000e+03   1.0824000e+03   1.0837000e+03   1.0854000e+03   8.9680000e+02   9.0817000e+02
   1.0705000e+03   1.0720000e+03   1.0729000e+03   1.0743000e+03   8.8605000e+02   8.9748000e+02
   1.0612000e+03   1.0631000e+03   1.0637000e+03   1.0658000e+03   8.7673000e+02   8.8700000e+02
   1.0540000e+03   1.0557000e+03   1.0564000e+03   1.0577000e+03   8.6906000e+02   8.7976000e+02
   1.0536000e+03   1.0544000e+03   1.0560000e+03   1.0575000e+03   8.6783000e+02   8.7730000e+02
   1.0535000e+03   1.0555000e+03   1.0560000e+03   1.0577000e+03   8.6932000e+02   8.7836000e+02
   1.0587000e+03   1.0599000e+03   1.0619000e+03   1.0625000e+03   8.7522000e+02   8.8500000e+02
   1.0525000e+03   1.0544000e+03   1.0554000e+03   1.0569000e+03   8.7152000e+02   8.8208000e+02
   1.0467000e+03   1.0491000e+03   1.0500000e+03   1.0517000e+03   8.6461000e+02   8.7688000e+02
   1.0478000e+03   1.0499000e+03   1.0509000e+03   1.0525000e+03   8.6343000e+02   8.7649000e+02
   1.0464000e+03   1.0481000e+03   1.0496000e+03   1.0514000e+03   8.6219000e+02   8.7700000e+02
   1.0758000e+03   1.0770000e+03   1.0783000e+03   1.0805000e+03   8.9170000e+02   9.0625000e+02
   1.1053000e+03   1.1068000e+03   1.1074000e+03   1.1090000e+03   9.1633000e+02   9.3057000e+02
   1.1124000e+03   1.1141000e+03   1.1152000e+03   1.1169000e+03   9.2332000e+02   9.3670000e+02
   1.1146000e+03   1.1165000e+03   1.1179000e+03   1.1187000e+03   9.2426000e+02   9.3683000e+02
   1.1079000e+03   1.1111000e+03   1.1111000e+03   1.1134000e+03   9.1667000e+02   9.2939000e+02
   1.1096000e+03   1.1128000e+03   1.1136000e+03   1.1162000e+03   9.2208000e+02   9.3472000e+02
   1.1211000e+03   1.1245000e+03   1.1232000e+03   1.1269000e+03   9.2938000e+02   9.4322000e+02
   1.1414000e+03   1.1425000e+03   1.1448000e+03   1.1479000e+03   9.4753000e+02   9.6215000e+02
   1.1553000e+03   1.1587000e+03   1.1588000e+03   1.1615000e+03   9.6143000e+02   9.7561000e+02
   1.1546000e+03   1.1576000e+03   1.1581000e+03   1.1612000e+03   9.6136000e+02   9.7617000e+02
   1.1558000e+03   1.1590000e+03   1.1596000e+03   1.1637000e+03   9.6275000e+02   9.7809000e+02
   1.1597000e+03   1.1619000e+03   1.1633000e+03   1.1660000e+03   9.6799000e+02   9.8250000e+02
   1.1417000e+03   1.1434000e+03   1.1434000e+03   1.1475000e+03   9.5824000e+02   9.7321000e+02
   1.1350000e+03   1.1385000e+03   1.1383000e+03   1.1422000e+03   9.5529000e+02   9.7051000e+02
   1.1374000e+03   1.1407000e+03   1.1414000e+03   1.1449000e+03   9.6239000e+02   9.7735000e+02
   1.1379000e+03   1.1413000e+03   1.1419000e+03   1.1456000e+03   9.6814000e+02   9.8360000e+02
   1.1409000e+03   1.1450000e+03   1.1450000e+03   1.1484000e+03   9.7501000e+02   9.9023000e+02
   1.1396000e+03   1.1431000e+03   1.1437000e+03   1.1469000e+03   9.8042000e+02   9.9352000e+02
   1.1371000e+03   1.1407000e+03   1.1410000e+03   1.1450000e+03   9.8243000e+02   9.9550000e+02
   1.1313000e+03   1.1353000e+03   1.1363000e+03   1.1393000e+03   9.8188000e+02   9.9447000e+02
   1.1332000e+03   1.1369000e+03   1.1371000e+03   1.1411000e+03   9.9095000e+02   1.0041000e+03
   1.1366000e+03   1.1389000e+03   1.1404000e+03   1.1438000e+03   1.0022000e+03   1.0157000e+03
   1.1381000e+03   1.1408000e+03   1.1408000e+03   1.1443000e+03   1.0077000e+03   1.0219000e+03
   1.1418000e+03   1.1455000e+03   1.1458000e+03   1.1485000e+03   1.0099000e+03   1.0239000e+03
   1.1101000e+03   1.1137000e+03   1.1132000e+03   1.1168000e+03   9.7841000e+02   9.9464000e+02
   1.0769000e+03   1.0822000e+03   1.0809000e+03   1.0847000e+03   9.4623000e+02   9.6215000e+02
   1.0663000e+03   1.0708000e+03   1.0705000e+03   1.0743000e+03   9.3121000e+02   9.4784000e+02
   1.0611000e+03   1.0653000e+03   1.0652000e+03   1.0682000e+03   9.2131000e+02   9.3800000e+02
   1.0627000e+03   1.0669000e+03   1.0668000e+03   1.0694000e+03   9.1970000e+02   9.3556000e+02
   1.0484000e+03   1.0540000e+03   1.0533000e+03   1.0567000e+03   9.0858000e+02   9.2411000e+02
   1.0298000e+03   1.0340000e+03   1.0349000e+03   1.0377000e+03   8.8919000e+02   9.0447000e+02
   9.9990000e+02   1.0035000e+03   1.0046000e+03   1.0087000e+03   8.5921000e+02   8.7469000e+02
   9.7703000e+02   9.8081000e+02   9.8143000e+02   9.8511000e+02   8.3850000e+02   8.5307000e+02
   9.7080000e+02   9.7479000e+02   9.7601000e+02   9.7935000e+02   8.3079000e+02   8.4649000e+02
   9.6516000e+02   9.6891000e+02   9.6997000e+02   9.7426000e+02   8.2501000e+02   8.4079000e+02
   9.5793000e+02   9.6219000e+02   9.6306000e+02   9.6754000e+02   8.1506000e+02   8.3141000e+02
   9.7194000e+02   9.7619000e+02   9.7730000e+02   9.8224000e+02   8.2015000e+02   8.3596000e+02
   9.6787000e+02   9.7260000e+02   9.7384000e+02   9.7866000e+02   8.1575000e+02   8.3127000e+02
   9.6116000e+02   9.6664000e+02   9.6884000e+02   9.7366000e+02   8.0458000e+02   8.2099000e+02
   9.5390000e+02   9.5978000e+02   9.6179000e+02   9.6747000e+02   7.9485000e+02   8.1090000e+02
   9.4636000e+02   9.5197000e+02   9.5443000e+02   9.5987000e+02   7.8879000e+02   8.0326000e+02
   9.4759000e+02   9.5304000e+02   9.5540000e+02   9.6048000e+02   7.8615000e+02   8.0147000e+02
   9.4757000e+02   9.5249000e+02   9.5473000e+02   9.5947000e+02   7.9037000e+02   8.0423000e+02
   9.5120000e+02   9.5611000e+02   9.5712000e+02   9.6263000e+02   7.9645000e+02   8.0797000e+02
   9.5110000e+02   9.5575000e+02   9.5778000e+02   9.6213000e+02   7.9728000e+02   8.0894000e+02
   9.4924000e+02   9.5456000e+02   9.5702000e+02   9.6164000e+02   8.0094000e+02   8.0908000e+02
   9.5475000e+02   9.5970000e+02   9.6202000e+02   9.6719000e+02   8.1084000e+02   8.1711000e+02
   9.5705000e+02   9.6186000e+02   9.6438000e+02   9.7015000e+02   8.1932000e+02   8.2680000e+02
   9.8567000e+02   9.9049000e+02   9.9252000e+02   9.9679000e+02   8.5085000e+02   8.5658000e+02
   1.0152000e+03   1.0205000e+03   1.0203000e+03   1.0254000e+03   8.7883000e+02   8.8396000e+02
   1.0319000e+03   1.0368000e+03   1.0362000e+03   1.0390000e+03   8.9554000e+02   8.9753000e+02
   1.0491000e+03   1.0527000e+03   1.0537000e+03   1.0575000e+03   9.1190000e+02   9.1187000e+02
   1.0596000e+03   1.0631000e+03   1.0645000e+03   1.0675000e+03   9.2628000e+02   9.2590000e+02
   1.0786000e+03   1.0805000e+03   1.0825000e+03   1.0858000e+03   9.4393000e+02   9.4456000e+02
   1.1038000e+03   1.1062000e+03   1.1068000e+03   1.1091000e+03   9.6645000e+02   9.6533000e+02
   1.1348000e+03   1.1385000e+03   1.1380000e+03   1.1397000e+03   9.9721000e+02   9.9459000e+02
   1.1567000e+03   1.1610000e+03   1.1614000e+03   1.1645000e+03   1.0218000e+03   1.0190000e+03
   1.1732000e+03   1.1742000e+03   1.1762000e+03   1.1787000e+03   1.0372000e+03   1.0385000e+03
   1.1919000e+03   1.1931000e+03   1.1934000e+03   1.1961000e+03   1.0534000e+03   1.0545000e+03
   1.2081000e+03   1.2119000e+03   1.2117000e+03   1.2132000e+03   1.0751000e+03   1.0745000e+03
   1.2053000e+03   1.2077000e+03   1.2081000e+03   1.2099000e+03   1.0877000e+03   1.0851000e+03
   1.2099000e+03   1.2138000e+03   1.2145000e+03   1.2164000e+03   1.0946000e+03   1.0927000e+03
   1.2260000e+03   1.2284000e+03   1.2280000e+03   1.2298000e+03   1.1149000e+03   1.1120000e+03
   1.2405000e+03   1.2437000e+03   1.2436000e+03   1.2453000e+03   1.1361000e+03   1.1332000e+03
   1.2582000e+03   1.2612000e+03   1.2614000e+03   1.2612000e+03   1.1581000e+03   1.1563000e+03
   1.2740000e+03   1.2748000e+03   1.2758000e+03   1.2765000e+03   1.1796000e+03   1.1789000e+03
   1.2858000e+03   1.2885000e+03   1.2889000e+03   1.2903000e+03   1.1973000e+03   1.1976000e+03
   1.2936000e+03   1.2974000e+03   1.2960000e+03   1.2983000e+03   1.2108000e+03   1.2138000e+03
   1.3071000e+03   1.3095000e+03   1.3085000e+03   1.3106000e+03   1.2295000e+03   1.2345000e+03
   1.3220000e+03   1.3233000e+03   1.3237000e+03   1.3247000e+03   1.2450000e+03   1.2520000e+03
   1.3346000e+03   1.3341000e+03   1.3357000e+03   1.3365000e+03   1.2665000e+03   1.2680000e+03
   1.3492000e+03   1.3521000e+03   1.3520000e+03   1.3536000e+03   1.2839000e+03   1.2808000e+03
   1.3304000e+03   1.3327000e+03   1.3330000e+03   1.3340000e+03   1.2621000e+03   1.2607000e+03
   1.3104000e+03   1.3111000e+03   1.3110000e+03   1.3114000e+03   1.2412000e+03   1.2396000e+03
   1.3136000e+03   1.3162000e+03   1.3144000e+03   1.3150000e+03   1.2416000e+03   1.2369000e+03
   1.3227000e+03   1.3250000e+03   1.3234000e+03   1.3245000e+03   1.2493000e+03   1.2465000e+03
   1.3419000e+03   1.3451000e+03   1.3438000e+03   1.3448000e+03   1.2678000e+03   1.2651000e+03
   1.3463000e+03   1.3487000e+03   1.3487000e+03   1.3500000e+03   1.3874000e+03   1.2782000e+03
   1.3375000e+03   1.3388000e+03   1.3406000e+03   1.3417000e+03   1.3861000e+03   1.3444000e+03
   1.3245000e+03   1.3273000e+03   1.3263000e+03   1.3271000e+03   1.3740000e+03   1.3601000e+03
   1.3220000e+03   1.3229000e+03   1.3233000e+03   1.3240000e+03   1.3713000e+03   1.3469000e+03
   1.3258000e+03   1.3271000e+03   1.3293000e+03   1.3298000e+03   1.3807000e+03   1.3600000e+03
   1.4176000e+03   1.4394000e+03   1.3711000e+03   1.3472000e+03   1.3930000e+03   1.3711000e+03
   1.4560000e+03   1.4572000e+03   1.4499000e+03   1.4499000e+03   1.4050000e+03   1.3787000e+03
   1.4773000e+03   1.4767000e+03   1.4770000e+03   1.4766000e+03   1.4400000e+03   1.4115000e+03
   1.4872000e+03   1.4886000e+03   1.4884000e+03   1.4895000e+03   1.4640000e+03   1.4392000e+03
   1.4893000e+03   1.4893000e+03   1.4886000e+03   1.4885000e+03   1.4766000e+03   1.4519000e+03
   1.4921000e+03   1.4958000e+03   1.4943000e+03   1.4954000e+03   1.4901000e+03   1.4675000e+03
   1.4976000e+03   1.5001000e+03   1.4981000e+03   1.4985000e+03   1.5008000e+03   1.4763000e+03
   1.5130000e+03   1.5159000e+03   1.5137000e+03   1.5127000e+03   1.5178000e+03   1.4931000e+03
   1.5286000e+03   1.5307000e+03   1.5285000e+03   1.5285000e+03   1.5424000e+03   1.5169000e+03
   1.5528000e+03   1.5550000e+03   1.5535000e+03   1.5530000e+03   1.5707000e+03   1.5471000e+03
   1.5645000e+03   1.5661000e+03   1.5652000e+03   1.5656000e+03   1.5910000e+03   1.5674000e+03
   1.5701000e+03   1.5716000e+03   1.5702000e+03   1.5697000e+03   1.6026000e+03   1.5802000e+03
   1.5830000e+03   1.5853000e+03   1.5835000e+03   1.5829000e+03   1.6210000e+03   1.5987000e+03
   1.5942000e+03   1.5959000e+03   1.5921000e+03   1.5917000e+03   1.6399000e+03   1.6201000e+03
   1.6251000e+03   1.6265000e+03   1.6235000e+03   1.6231000e+03   1.6746000e+03   1.6543000e+03
   1.6623000e+03   1.6625000e+03   1.6611000e+03   1.6598000e+03   1.7123000e+03   1.6913000e+03
   1.6834000e+03   1.6857000e+03   1.6817000e+03   1.6799000e+03   1.7352000e+03   1.7141000e+03
   1.7064000e+03   1.7069000e+03   1.7035000e+03   1.7004000e+03   1.7550000e+03   1.7338000e+03
   1.7175000e+03   1.7178000e+03   1.7138000e+03   1.7117000e+03   1.7706000e+03   1.7476000e+03
   1.7413000e+03   1.7384000e+03   1.7374000e+03   1.7349000e+03   1.7898000e+03   1.7670000e+03
   1.7652000e+03   1.7656000e+03   1.7617000e+03   1.7597000e+03   1.8114000e+03   1.7898000e+03
   1.7989000e+03   1.7983000e+03   1.7949000e+03   1.7923000e+03   1.8384000e+03   1.8197000e+03
   1.8315000e+03   1.8296000e+03   1.8264000e+03   1.8239000e+03   1.8596000e+03   1.8419000e+03
   1.8506000e+03   1.8520000e+03   1.8461000e+03   1.8451000e+03   1.8742000e+03   1.8557000e+03
   1.8705000e+03   1.8722000e+03   1.8668000e+03   1.8666000e+03   1.8896000e+03   1.8700000e+03
   1.8911000e+03   1.8915000e+03   1.8884000e+03   1.8877000e+03   1.9088000e+03   1.8892000e+03
   1.8905000e+03   1.8902000e+03   1.8873000e+03   1.8863000e+03   1.9104000e+03   1.8918000e+03
   1.9022000e+03   1.9014000e+03   1.8981000e+03   1.8979000e+03   1.9153000e+03   1.8944000e+03
   1.9193000e+03   1.9186000e+03   1.9157000e+03   1.9141000e+03   1.9277000e+03   1.9083000e+03
   1.9373000e+03   1.9370000e+03   1.9338000e+03   1.9321000e+03   1.9351000e+03   1.9166000e+03
   1.9571000e+03   1.9571000e+03   1.9530000e+03   1.9516000e+03   1.9429000e+03   1.9244000e+03
   1.9705000e+03   1.9703000e+03   1.9661000e+03   1.9647000e+03   1.9458000e+03   1.9294000e+03
   1.9828000e+03   1.9826000e+03   1.9787000e+03   1.9768000e+03   1.9470000e+03   1.9289000e+03
   1.9868000e+03   1.9868000e+03   1.9826000e+03   1.9805000e+03   1.9449000e+03   1.9251000e+03
   1.9940000e+03   1.9955000e+03   1.9899000e+03   1.9890000e+03   1.9507000e+03   1.9296000e+03
   2.0038000e+03   2.0034000e+03   1.9995000e+03   1.9990000e+03   1.9587000e+03   1.9387000e+03
   2.0094000e+03   2.0090000e+03   2.0052000e+03   2.0037000e+03   1.9612000e+03   1.9431000e+03
   2.0181000e+03   2.0178000e+03   2.0142000e+03   2.0122000e+03   1.9613000e+03   1.9430000e+03
   2.0008000e+03   1.9982000e+03   1.9951000e+03   1.9940000e+03   1.9354000e+03   1.9171000e+03
   1.9741000e+03   1.9736000e+03   1.9693000e+03   1.9682000e+03   1.9113000e+03   1.8914000e+03
   1.9689000e+03   1.9685000e+03   1.9638000e+03   1.9624000e+03   1.9032000e+03   1.8826000e+03
   1.9712000e+03   1.9703000e+03   1.9657000e+03   1.9644000e+03   1.9003000e+03   1.8787000e+03
   1.9842000e+03   1.9835000e+03   1.9792000e+03   1.9790000e+03   1.9063000e+03   1.8846000e+03
   1.9863000e+03   1.9855000e+03   1.9813000e+03   1.9797000e+03   1.9036000e+03   1.8820000e+03
   1.9815000e+03   1.9822000e+03   1.9785000e+03   1.9765000e+03   1.8975000e+03   1.8755000e+03
   1.9710000e+03   1.9710000e+03   1.9662000e+03   1.9643000e+03   1.8758000e+03   1.8550000e+03
   1.9618000e+03   1.9620000e+03   1.9578000e+03   1.9566000e+03   1.8646000e+03   1.8424000e+03
   1.9610000e+03   1.9625000e+03   1.9581000e+03   1.9568000e+03   1.8648000e+03   1.8426000e+03
   1.9643000e+03   1.9646000e+03   1.9603000e+03   1.9593000e+03   1.8656000e+03   1.8431000e+03
   1.9631000e+03   1.9633000e+03   1.9593000e+03   1.9582000e+03   1.8641000e+03   1.8416000e+03
   1.9781000e+03   1.9813000e+03   1.9754000e+03   1.9746000e+03   1.8710000e+03   1.8489000e+03
   1.9800000e+03   1.9808000e+03   1.9768000e+03   1.9759000e+03   1.8721000e+03   1.8500000e+03
   1.9712000e+03   1.9723000e+03   1.9681000e+03   1.9679000e+03   1.8660000e+03   1.8415000e+03
   1.9644000e+03   1.9657000e+03   1.9608000e+03   1.9610000e+03   1.8577000e+03   1.8349000e+03
   1.9566000e+03   1.9582000e+03   1.9542000e+03   1.9542000e+03   1.8522000e+03   1.8283000e+03
   1.9534000e+03   1.9554000e+03   1.9516000e+03   1.9515000e+03   1.8488000e+03   1.8258000e+03
   1.9491000e+03   1.9510000e+03   1.9472000e+03   1.9469000e+03   1.8494000e+03   1.8288000e+03
   1.9498000e+03   1.9514000e+03   1.9483000e+03   1.9490000e+03   1.8534000e+03   1.8361000e+03
   1.9441000e+03   1.9457000e+03   1.9425000e+03   1.9423000e+03   1.8494000e+03   1.8338000e+03
   1.9424000e+03   1.9436000e+03   1.9405000e+03   1.9402000e+03   1.8451000e+03   1.8312000e+03
   1.9453000e+03   1.9466000e+03   1.9437000e+03   1.9434000e+03   1.8472000e+03   1.8349000e+03
   1.9458000e+03   1.9465000e+03   1.9440000e+03   1.9435000e+03   1.8498000e+03   1.8396000e+03
   1.9592000e+03   1.9599000e+03   1.9575000e+03   1.9567000e+03   1.8617000e+03   1.8518000e+03
   1.9766000e+03   1.9777000e+03   1.9759000e+03   1.9744000e+03   1.8758000e+03   1.8679000e+03
   1.9815000e+03   1.9815000e+03   1.9803000e+03   1.9795000e+03   1.8849000e+03   1.8756000e+03
   1.9868000e+03   1.9882000e+03   1.9857000e+03   1.9854000e+03   1.8933000e+03   1.8842000e+03
   1.9860000e+03   1.9869000e+03   1.9853000e+03   1.9855000e+03   1.8969000e+03   1.8884000e+03
   1.9902000e+03   1.9936000e+03   1.9902000e+03   1.9902000e+03   1.9027000e+03   1.8949000e+03
   1.9952000e+03   1.9968000e+03   1.9943000e+03   1.9944000e+03   1.9091000e+03   1.9026000e+03
   2.0038000e+03   2.0076000e+03   2.0040000e+03   2.0040000e+03   1.9213000e+03   1.9145000e+03
   2.0102000e+03   2.0134000e+03   2.0105000e+03   2.0109000e+03   1.9279000e+03   1.9225000e+03
   2.0143000e+03   2.0164000e+03   2.0149000e+03   2.0144000e+03   1.9310000e+03   1.9251000e+03
   2.0160000e+03   2.0188000e+03   2.0161000e+03   2.0162000e+03   1.9358000e+03   1.9313000e+03
   2.0202000e+03   2.0238000e+03   2.0211000e+03   2.0210000e+03   1.9438000e+03   1.9384000e+03
   2.0008000e+03   2.0027000e+03   2.0009000e+03   2.0008000e+03   1.9392000e+03   1.9320000e+03
   1.9951000e+03   1.9984000e+03   1.9952000e+03   1.9952000e+03   1.9297000e+03   1.9239000e+03
   1.9971000e+03   1.9996000e+03   1.9977000e+03   1.9980000e+03   1.9296000e+03   1.9249000e+03
   2.0014000e+03   2.0037000e+03   2.0020000e+03   2.0022000e+03   1.9339000e+03   1.9312000e+03
   2.0086000e+03   2.0105000e+03   2.0090000e+03   2.0093000e+03   1.9437000e+03   1.9417000e+03
   2.0071000e+03   2.0089000e+03   2.0075000e+03   2.0077000e+03   1.9485000e+03   1.9469000e+03
   2.0043000e+03   2.0059000e+03   2.0048000e+03   2.0053000e+03   1.9451000e+03   1.9445000e+03
   1.9935000e+03   1.9955000e+03   1.9942000e+03   1.9945000e+03   1.9406000e+03   1.9388000e+03
   1.9885000e+03   1.9903000e+03   1.9890000e+03   1.9892000e+03   1.9405000e+03   1.9382000e+03
   1.9892000e+03   1.9913000e+03   1.9898000e+03   1.9900000e+03   1.9432000e+03   1.9417000e+03
   1.9897000e+03   1.9910000e+03   1.9901000e+03   1.9907000e+03   1.9408000e+03   1.9405000e+03
   1.9916000e+03   1.9935000e+03   1.9923000e+03   1.9928000e+03   1.9365000e+03   1.9361000e+03
   1.9572000e+03   1.9591000e+03   1.9576000e+03   1.9597000e+03   1.9019000e+03   1.9016000e+03
   1.9196000e+03   1.9215000e+03   1.9204000e+03   1.9208000e+03   1.8693000e+03   1.8678000e+03
