  -1.2319100e+01  -1.2315000e+01  -1.2292000e+01  -1.2281300e+01  -1.2220900e+01  -1.2009900e+01
  -1.2177700e+01  -1.2193600e+01  -1.2175700e+01  -1.2157700e+01  -1.2300200e+01  -1.2093500e+01
  -1.2056600e+01  -1.2120100e+01  -1.2097100e+01  -1.2080200e+01  -1.2425400e+01  -1.2205300e+01
  -1.2030800e+01  -1.2112200e+01  -1.2085400e+01  -1.2073300e+01  -1.2601000e+01  -1.2378200e+01
  -1.2198900e+01  -1.2322900e+01  -1.2279900e+01  -1.2287700e+01  -1.2784700e+01  -1.2603400e+01
  -1.2352800e+01  -1.2474000e+01  -1.2443800e+01  -1.2452600e+01  -1.2965000e+01  -1.2832400e+01
  -1.2415200e+01  -1.2540500e+01  -1.2513400e+01  -1.2520300e+01  -1.3151300e+01  -1.3023900e+01
  -1.2436600e+01  -1.2563900e+01  -1.2538600e+01  -1.2543200e+01  -1.3341400e+01  -1.3185700e+01
  -1.2457200e+01  -1.2579500e+01  -1.2555900e+01  -1.2553900e+01  -1.3522300e+01  -1.3334100e+01
  -1.2457300e+01  -1.2578600e+01  -1.2556600e+01  -1.2554100e+01  -1.3650500e+01  -1.3488000e+01
  -1.2461700e+01  -1.2581000e+01  -1.2558000e+01  -1.2550900e+01  -1.3706200e+01  -1.3628000e+01
  -1.2462800e+01  -1.2587100e+01  -1.2576700e+01  -1.2581100e+01  -1.3789200e+01  -1.3746100e+01
  -1.2530100e+01  -1.2647900e+01  -1.2606600e+01  -1.2586300e+01  -1.3940600e+01  -1.3862100e+01
  -1.2616300e+01  -1.2745100e+01  -1.2689300e+01  -1.2662400e+01  -1.4118600e+01  -1.3967100e+01
  -1.2576400e+01  -1.2704700e+01  -1.2709500e+01  -1.2717400e+01  -1.4256500e+01  -1.4083100e+01
  -1.2526100e+01  -1.2610700e+01  -1.2627800e+01  -1.2631700e+01  -1.4351600e+01  -1.4208800e+01
  -1.2527100e+01  -1.2599600e+01  -1.2596000e+01  -1.2598900e+01  -1.4448500e+01  -1.4303400e+01
  -1.2543800e+01  -1.2597600e+01  -1.2601800e+01  -1.2598700e+01  -1.4615400e+01  -1.4354000e+01
  -1.2540200e+01  -1.2600800e+01  -1.2580400e+01  -1.2584700e+01  -1.4630100e+01  -1.4348300e+01
  -1.2582100e+01  -1.2635300e+01  -1.2573300e+01  -1.2561300e+01  -1.4549200e+01  -1.4241100e+01
  -1.2571000e+01  -1.2642900e+01  -1.2614600e+01  -1.2624400e+01  -1.4412000e+01  -1.4054900e+01
  -1.2408100e+01  -1.2452100e+01  -1.2509700e+01  -1.2555000e+01  -1.4270000e+01  -1.3889700e+01
  -1.2288400e+01  -1.2325500e+01  -1.2329500e+01  -1.2400600e+01  -1.4087500e+01  -1.3740100e+01
  -1.2397200e+01  -1.2414700e+01  -1.2364800e+01  -1.2355000e+01  -1.3842400e+01  -1.3527500e+01
  -1.2367000e+01  -1.2345300e+01  -1.2357200e+01  -1.2416900e+01  -1.3567100e+01  -1.3281700e+01
  -1.2248300e+01  -1.2253800e+01  -1.2246800e+01  -1.2292100e+01  -1.3298800e+01  -1.3029000e+01
  -1.2232800e+01  -1.2181700e+01  -1.2183000e+01  -1.2225900e+01  -1.3014100e+01  -1.2770000e+01
  -1.2184700e+01  -1.2148400e+01  -1.2133400e+01  -1.2186100e+01  -1.2695200e+01  -1.2487600e+01
  -1.2230900e+01  -1.2202400e+01  -1.2150300e+01  -1.2180600e+01  -1.2373400e+01  -1.2197100e+01
  -1.2273000e+01  -1.2243000e+01  -1.2241500e+01  -1.2300200e+01  -1.2094000e+01  -1.1915200e+01
  -1.2344200e+01  -1.2317900e+01  -1.2277800e+01  -1.2365000e+01  -1.1842000e+01  -1.1634800e+01
  -1.2403400e+01  -1.2376000e+01  -1.2314700e+01  -1.2379100e+01  -1.1598500e+01  -1.1338100e+01
  -1.2465100e+01  -1.2424400e+01  -1.2397800e+01  -1.2461300e+01  -1.1358100e+01  -1.1054100e+01
  -1.2521200e+01  -1.2495200e+01  -1.2462200e+01  -1.2543600e+01  -1.1107800e+01  -1.0789600e+01
  -1.2556800e+01  -1.2523300e+01  -1.2491700e+01  -1.2582600e+01  -1.0841900e+01  -1.0528400e+01
  -1.2616100e+01  -1.2543600e+01  -1.2525300e+01  -1.2623000e+01  -1.0572100e+01  -1.0259500e+01
  -1.2663600e+01  -1.2579800e+01  -1.2554100e+01  -1.2655200e+01  -1.0298600e+01  -9.9874000e+00
  -1.2699500e+01  -1.2608700e+01  -1.2581400e+01  -1.2677100e+01  -1.0017600e+01  -9.7156000e+00
  -1.2723100e+01  -1.2611700e+01  -1.2589100e+01  -1.2677800e+01  -9.7380000e+00  -9.4473000e+00
  -1.2724400e+01  -1.2632500e+01  -1.2597500e+01  -1.2684100e+01  -9.4654000e+00  -9.1852000e+00
  -1.2768300e+01  -1.2626000e+01  -1.2595300e+01  -1.2648800e+01  -9.2074000e+00  -8.9185000e+00
  -1.2743000e+01  -1.2617200e+01  -1.2581100e+01  -1.2638300e+01  -8.9607000e+00  -8.6502000e+00
  -1.2711100e+01  -1.2595200e+01  -1.2557900e+01  -1.2608600e+01  -8.7166000e+00  -8.3950000e+00
  -1.2688400e+01  -1.2576200e+01  -1.2544800e+01  -1.2615800e+01  -8.4748000e+00  -8.1583000e+00
  -1.2632700e+01  -1.2549800e+01  -1.2521400e+01  -1.2598300e+01  -8.2386000e+00  -7.9432000e+00
  -1.2575600e+01  -1.2521000e+01  -1.2485500e+01  -1.2555400e+01  -8.0152000e+00  -7.7624000e+00
  -1.2560500e+01  -1.2484900e+01  -1.2434100e+01  -1.2497800e+01  -7.8060000e+00  -7.6365000e+00
  -1.2486900e+01  -1.2471000e+01  -1.2397700e+01  -1.2443600e+01  -7.6095000e+00  -7.5216000e+00
  -1.2368400e+01  -1.2422200e+01  -1.2356900e+01  -1.2402900e+01  -7.4446000e+00  -7.4048000e+00
  -1.2308500e+01  -1.2375400e+01  -1.2304300e+01  -1.2351600e+01  -7.3021000e+00  -7.3408000e+00
  -1.2148600e+01  -1.2330700e+01  -1.2253500e+01  -1.2317600e+01  -7.1778000e+00  -7.2296000e+00
  -1.2085300e+01  -1.2286000e+01  -1.2209700e+01  -1.2280200e+01  -7.0989000e+00  -7.0856000e+00
  -1.2006800e+01  -1.2226200e+01  -1.2154700e+01  -1.2231700e+01  -6.9994000e+00  -6.9445000e+00
  -1.1911300e+01  -1.2178900e+01  -1.2103600e+01  -1.2190700e+01  -6.9264000e+00  -6.8222000e+00
  -1.1856900e+01  -1.2134400e+01  -1.2060600e+01  -1.2150300e+01  -6.8526000e+00  -6.7130000e+00
  -1.1809300e+01  -1.2082900e+01  -1.2015800e+01  -1.2102500e+01  -6.8031000e+00  -6.6648000e+00
  -1.1755600e+01  -1.2030500e+01  -1.1967800e+01  -1.2052400e+01  -6.7655000e+00  -6.6341000e+00
  -1.1722800e+01  -1.1983300e+01  -1.1922500e+01  -1.2000900e+01  -6.7754000e+00  -6.5898000e+00
  -1.1698100e+01  -1.1938100e+01  -1.1880800e+01  -1.1951400e+01  -6.7433000e+00  -6.5752000e+00
  -1.1674900e+01  -1.1893800e+01  -1.1841500e+01  -1.1906700e+01  -6.7890000e+00  -6.5834000e+00
  -1.1663600e+01  -1.1843400e+01  -1.1800200e+01  -1.1859700e+01  -6.8166000e+00  -6.6356000e+00
  -1.1660500e+01  -1.1787700e+01  -1.1753200e+01  -1.1805600e+01  -6.8907000e+00  -6.7364000e+00
  -1.1641800e+01  -1.1726500e+01  -1.1698300e+01  -1.1744800e+01  -7.0017000e+00  -6.8609000e+00
  -1.1603600e+01  -1.1662800e+01  -1.1640600e+01  -1.1681500e+01  -7.1294000e+00  -6.9835000e+00
  -1.1557700e+01  -1.1602100e+01  -1.1587300e+01  -1.1620100e+01  -7.2638000e+00  -7.1493000e+00
  -1.1502600e+01  -1.1545000e+01  -1.1535800e+01  -1.1562400e+01  -7.4008000e+00  -7.3377000e+00
  -1.1452700e+01  -1.1494200e+01  -1.1490500e+01  -1.1511800e+01  -7.4683000e+00  -7.4738000e+00
  -1.1389400e+01  -1.1435600e+01  -1.1443300e+01  -1.1465600e+01  -7.5100000e+00  -7.5644000e+00
  -1.1318700e+01  -1.1365300e+01  -1.1385200e+01  -1.1413300e+01  -7.5483000e+00  -7.6014000e+00
  -1.1257600e+01  -1.1286500e+01  -1.1317300e+01  -1.1347700e+01  -7.5653000e+00  -7.6292000e+00
  -1.1229100e+01  -1.1211200e+01  -1.1245400e+01  -1.1267200e+01  -7.5975000e+00  -7.6600000e+00
  -1.1236600e+01  -1.1152100e+01  -1.1176500e+01  -1.1180700e+01  -7.6868000e+00  -7.6636000e+00
  -1.1248900e+01  -1.1117100e+01  -1.1128900e+01  -1.1127600e+01  -7.7796000e+00  -7.6449000e+00
  -1.1257100e+01  -1.1092600e+01  -1.1102600e+01  -1.1098900e+01  -7.8510000e+00  -7.6798000e+00
  -1.1263900e+01  -1.1085200e+01  -1.1088300e+01  -1.1075500e+01  -7.9006000e+00  -7.7665000e+00
  -1.1281200e+01  -1.1086000e+01  -1.1085900e+01  -1.1065000e+01  -7.9041000e+00  -7.8644000e+00
  -1.1317400e+01  -1.1090100e+01  -1.1089600e+01  -1.1056800e+01  -7.8480000e+00  -7.9469000e+00
  -1.1358500e+01  -1.1098000e+01  -1.1097000e+01  -1.1046000e+01  -7.7911000e+00  -8.0009000e+00
  -1.1395200e+01  -1.1104400e+01  -1.1108000e+01  -1.1037500e+01  -7.7570000e+00  -8.0085000e+00
  -1.1429900e+01  -1.1111400e+01  -1.1127200e+01  -1.1029300e+01  -7.7437000e+00  -7.9777000e+00
  -1.1466000e+01  -1.1123000e+01  -1.1157600e+01  -1.1023500e+01  -7.7499000e+00  -7.9530000e+00
  -1.1449100e+01  -1.1143900e+01  -1.1195900e+01  -1.1033700e+01  -7.7689000e+00  -7.9629000e+00
  -1.1402800e+01  -1.1184200e+01  -1.1245400e+01  -1.1059200e+01  -7.8050000e+00  -7.9692000e+00
  -1.1261300e+01  -1.1194700e+01  -1.1271100e+01  -1.1109000e+01  -7.8533000e+00  -7.9946000e+00
  -1.1150200e+01  -1.1159900e+01  -1.1202700e+01  -1.1127100e+01  -7.8857000e+00  -8.0390000e+00
  -1.1082800e+01  -1.1086300e+01  -1.1132900e+01  -1.1152800e+01  -7.8915000e+00  -8.1173000e+00
  -1.1054200e+01  -1.1014700e+01  -1.1074700e+01  -1.1153400e+01  -7.8716000e+00  -8.2502000e+00
  -1.1065400e+01  -1.0966800e+01  -1.1046300e+01  -1.1136900e+01  -7.8512000e+00  -9.0556000e+00
  -1.1096300e+01  -1.0982900e+01  -1.1035800e+01  -1.1089700e+01  -7.8441000e+00  -9.9916000e+00
  -1.1145300e+01  -1.1048200e+01  -1.1046700e+01  -1.1033200e+01  -7.8448000e+00  -1.0010100e+01
  -1.1230300e+01  -1.1107500e+01  -1.1097200e+01  -1.1042000e+01  -7.8834000e+00  -9.9404000e+00
  -1.1363400e+01  -1.1215400e+01  -1.1193000e+01  -1.1094600e+01  -7.9522000e+00  -1.0039100e+01
  -1.1422300e+01  -1.1359700e+01  -1.1320500e+01  -1.1216900e+01  -8.0993000e+00  -1.0104400e+01
  -1.1362100e+01  -1.1384000e+01  -1.1360700e+01  -1.1321000e+01  -8.8347000e+00  -1.0166500e+01
  -1.1300100e+01  -1.1340400e+01  -1.1329100e+01  -1.1320500e+01  -9.6696000e+00  -1.0168200e+01
  -1.1281100e+01  -1.1315000e+01  -1.1304000e+01  -1.1295800e+01  -9.6439000e+00  -1.0138200e+01
  -1.1291100e+01  -1.1315900e+01  -1.1298200e+01  -1.1283900e+01  -9.4377000e+00  -1.0114200e+01
  -1.1324200e+01  -1.1343000e+01  -1.1313300e+01  -1.1289700e+01  -9.5890000e+00  -1.0080700e+01
  -1.1368300e+01  -1.1376200e+01  -1.1344500e+01  -1.1314600e+01  -9.6382000e+00  -1.0031200e+01
  -1.1386100e+01  -1.1379800e+01  -1.1365400e+01  -1.1339900e+01  -9.6632000e+00  -9.9884000e+00
  -1.1388100e+01  -1.1389600e+01  -1.1379200e+01  -1.1358400e+01  -9.6165000e+00  -9.9869000e+00
  -1.1356000e+01  -1.1399600e+01  -1.1383800e+01  -1.1374900e+01  -9.6198000e+00  -1.0000000e+01
  -1.1305500e+01  -1.1367500e+01  -1.1366100e+01  -1.1381200e+01  -9.6736000e+00  -1.0010300e+01
  -1.1272900e+01  -1.1331700e+01  -1.1338800e+01  -1.1360400e+01  -9.7936000e+00  -1.0024500e+01
  -1.1250300e+01  -1.1309000e+01  -1.1317700e+01  -1.1341000e+01  -9.8964000e+00  -1.0033700e+01
  -1.1239200e+01  -1.1282200e+01  -1.1295500e+01  -1.1325200e+01  -9.9247000e+00  -1.0025500e+01
  -1.1277600e+01  -1.1267600e+01  -1.1293600e+01  -1.1317700e+01  -9.9161000e+00  -1.0013900e+01
  -1.1334700e+01  -1.1279400e+01  -1.1313100e+01  -1.1341800e+01  -9.9107000e+00  -1.0005900e+01
  -1.1316500e+01  -1.1251800e+01  -1.1307600e+01  -1.1303700e+01  -9.9243000e+00  -1.0009600e+01
  -1.1209200e+01  -1.1148100e+01  -1.1235200e+01  -1.1235000e+01  -9.9694000e+00  -1.0041200e+01
  -1.1090500e+01  -1.1020200e+01  -1.1118300e+01  -1.1139200e+01  -1.0045300e+01  -1.0116300e+01
  -1.1037800e+01  -1.0935400e+01  -1.1038900e+01  -1.1067100e+01  -1.0129100e+01  -1.0203100e+01
  -1.1058600e+01  -1.0932700e+01  -1.1026200e+01  -1.1038600e+01  -1.0218400e+01  -1.0251200e+01
  -1.1117900e+01  -1.0978900e+01  -1.1063700e+01  -1.1051800e+01  -1.0290400e+01  -1.0252200e+01
  -1.1169000e+01  -1.1031000e+01  -1.1130500e+01  -1.1110000e+01  -1.0302200e+01  -1.0244000e+01
  -1.1102700e+01  -1.0991200e+01  -1.1136100e+01  -1.1166400e+01  -1.0266400e+01  -1.0247300e+01
  -1.1041900e+01  -1.0891300e+01  -1.1048300e+01  -1.1109600e+01  -1.0222200e+01  -1.0253500e+01
  -1.1085100e+01  -1.0853200e+01  -1.1004900e+01  -1.1018600e+01  -1.0177600e+01  -1.0246600e+01
  -1.1243900e+01  -1.0918000e+01  -1.1043800e+01  -1.0981000e+01  -1.0342200e+01  -1.0422500e+01
  -1.1173600e+01  -1.1019000e+01  -1.1092000e+01  -1.1017600e+01  -1.0315000e+01  -1.0340000e+01
  -1.0831400e+01  -1.1000800e+01  -1.1038000e+01  -1.1050000e+01  -9.9259000e+00  -9.9085000e+00
  -1.0364500e+01  -1.0776500e+01  -1.0797100e+01  -1.0979400e+01  -9.3799000e+00  -9.3521000e+00
  -9.8950000e+00  -1.0425500e+01  -1.0454000e+01  -1.0726700e+01  -8.8915000e+00  -8.8858000e+00
  -9.4348000e+00  -1.0042300e+01  -1.0072000e+01  -1.0397200e+01  -8.4075000e+00  -8.3832000e+00
  -9.0076000e+00  -9.6155000e+00  -9.6490000e+00  -1.0010900e+01  -7.9308000e+00  -7.9231000e+00
  -8.6607000e+00  -9.1878000e+00  -9.2121000e+00  -9.5549000e+00  -7.5700000e+00  -7.5778000e+00
  -8.3141000e+00  -8.7898000e+00  -8.7913000e+00  -9.1149000e+00  -7.2467000e+00  -7.2456000e+00
  -7.9213000e+00  -8.4344000e+00  -8.4133000e+00  -8.7211000e+00  -6.9237000e+00  -6.9401000e+00
  -7.5776000e+00  -8.1561000e+00  -8.1117000e+00  -8.3835000e+00  -6.6360000e+00  -6.6637000e+00
  -7.3494000e+00  -7.9521000e+00  -7.8832000e+00  -8.0964000e+00  -6.3609000e+00  -6.3825000e+00
  -7.2103000e+00  -7.7909000e+00  -7.6985000e+00  -7.8519000e+00  -6.0781000e+00  -6.1061000e+00
  -7.1061000e+00  -7.6413000e+00  -7.5322000e+00  -7.6410000e+00  -5.8042000e+00  -5.8409000e+00
  -7.0091000e+00  -7.4840000e+00  -7.3786000e+00  -7.4606000e+00  -5.5461000e+00  -5.5863000e+00
  -6.9268000e+00  -7.3227000e+00  -7.2406000e+00  -7.3159000e+00  -5.3014000e+00  -5.3420000e+00
  -6.8744000e+00  -7.1694000e+00  -7.1201000e+00  -7.2085000e+00  -5.0646000e+00  -5.1092000e+00
  -6.8517000e+00  -7.0406000e+00  -7.0245000e+00  -7.1242000e+00  -4.8328000e+00  -4.8871000e+00
  -6.8470000e+00  -6.9615000e+00  -6.9611000e+00  -7.0513000e+00  -4.6077000e+00  -4.6738000e+00
  -6.8217000e+00  -6.9312000e+00  -6.9078000e+00  -6.9759000e+00  -4.3864000e+00  -4.4700000e+00
  -6.7656000e+00  -6.9031000e+00  -6.8343000e+00  -6.8851000e+00  -4.1720000e+00  -4.2722000e+00
  -6.6962000e+00  -6.8435000e+00  -6.7591000e+00  -6.8107000e+00  -3.9798000e+00  -4.0768000e+00
  -6.6707000e+00  -6.7854000e+00  -6.7744000e+00  -6.8766000e+00  -3.7947000e+00  -3.8885000e+00
  -6.9120000e+00  -6.8919000e+00  -7.0429000e+00  -7.2354000e+00  -3.6112000e+00  -3.7183000e+00
  -7.2650000e+00  -7.2591000e+00  -7.3527000e+00  -7.5066000e+00  -3.4637000e+00  -3.5843000e+00
  -7.4696000e+00  -7.5691000e+00  -7.5389000e+00  -7.6359000e+00  -3.3464000e+00  -3.4887000e+00
  -7.4390000e+00  -7.6816000e+00  -7.5786000e+00  -7.7146000e+00  -3.2280000e+00  -3.4290000e+00
  -7.4453000e+00  -7.7243000e+00  -7.6445000e+00  -7.7559000e+00  -3.1157000e+00  -3.4239000e+00
  -7.5375000e+00  -7.7769000e+00  -7.6846000e+00  -7.7827000e+00  -3.0362000e+00  -3.4218000e+00
  -7.4878000e+00  -7.7453000e+00  -7.5862000e+00  -7.6776000e+00  -3.0151000e+00  -3.4023000e+00
  -7.3456000e+00  -7.6569000e+00  -7.4927000e+00  -7.5713000e+00  -3.0525000e+00  -3.4126000e+00
  -7.2423000e+00  -7.5905000e+00  -7.4010000e+00  -7.4576000e+00  -3.1016000e+00  -3.4309000e+00
  -7.2771000e+00  -7.4989000e+00  -7.3533000e+00  -7.3940000e+00  -3.1457000e+00  -3.4440000e+00
  -7.3015000e+00  -7.4602000e+00  -7.3500000e+00  -7.4334000e+00  -3.1887000e+00  -3.4705000e+00
  -7.3941000e+00  -7.4684000e+00  -7.4443000e+00  -7.4436000e+00  -3.2276000e+00  -3.4908000e+00
  -7.4830000e+00  -7.3617000e+00  -7.3917000e+00  -7.4583000e+00  -3.2615000e+00  -3.5243000e+00
  -7.4415000e+00  -7.5386000e+00  -7.4509000e+00  -7.5683000e+00  -3.3383000e+00  -3.5792000e+00
  -7.2847000e+00  -7.5452000e+00  -7.4151000e+00  -7.5208000e+00  -3.4428000e+00  -3.6695000e+00
  -7.3026000e+00  -7.5778000e+00  -7.4346000e+00  -7.5547000e+00  -3.5488000e+00  -3.7844000e+00
  -7.3340000e+00  -7.5756000e+00  -7.4395000e+00  -7.5586000e+00  -3.6636000e+00  -3.8993000e+00
  -7.3442000e+00  -7.6196000e+00  -7.4939000e+00  -7.6107000e+00  -3.7759000e+00  -4.0075000e+00
  -7.4092000e+00  -7.6841000e+00  -7.5718000e+00  -7.6590000e+00  -3.9627000e+00  -4.1222000e+00
  -7.5400000e+00  -7.7497000e+00  -7.6992000e+00  -7.7724000e+00  -4.1447000e+00  -4.2169000e+00
  -7.7052000e+00  -7.8668000e+00  -7.8626000e+00  -7.9342000e+00  -4.2539000e+00  -4.2122000e+00
  -7.9307000e+00  -8.0129000e+00  -8.0584000e+00  -8.1267000e+00  -4.2894000e+00  -4.1613000e+00
  -8.2278000e+00  -8.2491000e+00  -8.3504000e+00  -8.4254000e+00  -4.2660000e+00  -4.1064000e+00
  -8.6042000e+00  -8.5843000e+00  -8.7035000e+00  -8.7564000e+00  -4.1551000e+00  -4.0594000e+00
  -8.9975000e+00  -8.9393000e+00  -9.0866000e+00  -9.1407000e+00  -4.0503000e+00  -4.0178000e+00
  -9.3811000e+00  -9.3233000e+00  -9.4320000e+00  -9.4639000e+00  -4.0452000e+00  -3.9837000e+00
  -9.6590000e+00  -9.6150000e+00  -9.6947000e+00  -9.7126000e+00  -4.0748000e+00  -4.1651000e+00
  -9.8425000e+00  -9.8247000e+00  -9.8649000e+00  -9.8707000e+00  -4.1041000e+00  -4.8174000e+00
  -9.9776000e+00  -9.9383000e+00  -9.9610000e+00  -9.9466000e+00  -4.4948000e+00  -5.7156000e+00
  -1.0057900e+01  -9.9900000e+00  -1.0014000e+01  -9.9925000e+00  -5.3310000e+00  -6.5635000e+00
  -1.0093100e+01  -1.0017700e+01  -1.0065700e+01  -1.0059100e+01  -6.3096000e+00  -7.2047000e+00
  -1.0139900e+01  -1.0062100e+01  -1.0112600e+01  -1.0107400e+01  -7.1590000e+00  -7.7979000e+00
  -1.0155900e+01  -1.0086400e+01  -1.0154200e+01  -1.0165100e+01  -7.8702000e+00  -8.3095000e+00
  -1.0218700e+01  -1.0159100e+01  -1.0221000e+01  -1.0224400e+01  -8.3228000e+00  -8.7929000e+00
  -1.0294700e+01  -1.0229800e+01  -1.0279500e+01  -1.0272200e+01  -8.8442000e+00  -9.1568000e+00
  -1.0371500e+01  -1.0296100e+01  -1.0327700e+01  -1.0306400e+01  -9.2172000e+00  -9.4939000e+00
  -1.0403400e+01  -1.0330800e+01  -1.0339900e+01  -1.0309900e+01  -9.5222000e+00  -9.7870000e+00
  -1.0397800e+01  -1.0327100e+01  -1.0337700e+01  -1.0309600e+01  -9.7629000e+00  -1.0051400e+01
  -1.0419500e+01  -1.0329600e+01  -1.0364600e+01  -1.0335200e+01  -9.9962000e+00  -1.0266900e+01
  -1.0482000e+01  -1.0380300e+01  -1.0418100e+01  -1.0373100e+01  -1.0251700e+01  -1.0422800e+01
  -1.0562600e+01  -1.0449100e+01  -1.0488600e+01  -1.0436700e+01  -1.0456900e+01  -1.0539700e+01
  -1.0666100e+01  -1.0541200e+01  -1.0582100e+01  -1.0525200e+01  -1.0595000e+01  -1.0664900e+01
  -1.0751000e+01  -1.0640400e+01  -1.0677200e+01  -1.0627500e+01  -1.0719600e+01  -1.0776800e+01
  -1.0815300e+01  -1.0728400e+01  -1.0755900e+01  -1.0718300e+01  -1.0809900e+01  -1.0841300e+01
  -1.0847300e+01  -1.0788500e+01  -1.0803800e+01  -1.0779000e+01  -1.0859300e+01  -1.0900200e+01
  -1.0875800e+01  -1.0821300e+01  -1.0841000e+01  -1.0823400e+01  -1.0876100e+01  -1.0940200e+01
  -1.0947700e+01  -1.0864200e+01  -1.0902100e+01  -1.0877800e+01  -1.0896000e+01  -1.0965100e+01
  -1.1070200e+01  -1.0952800e+01  -1.0999600e+01  -1.0956600e+01  -1.0937000e+01  -1.0968500e+01
  -1.1221500e+01  -1.1054900e+01  -1.1104800e+01  -1.1034000e+01  -1.1021500e+01  -1.0987000e+01
  -1.1365300e+01  -1.1161700e+01  -1.1208900e+01  -1.1111100e+01  -1.1087100e+01  -1.1034100e+01
  -1.1461200e+01  -1.1248500e+01  -1.1285500e+01  -1.1170100e+01  -1.1131600e+01  -1.1072500e+01
  -1.1519400e+01  -1.1303800e+01  -1.1335200e+01  -1.1207700e+01  -1.1162200e+01  -1.1062700e+01
  -1.1549400e+01  -1.1340600e+01  -1.1371700e+01  -1.1242100e+01  -1.1159600e+01  -1.1032300e+01
  -1.1574000e+01  -1.1368700e+01  -1.1400500e+01  -1.1271900e+01  -1.1145100e+01  -1.1025700e+01
  -1.1595300e+01  -1.1390900e+01  -1.1423800e+01  -1.1294100e+01  -1.1138000e+01  -1.1024500e+01
  -1.1634700e+01  -1.1419800e+01  -1.1460200e+01  -1.1326600e+01  -1.1149500e+01  -1.1064200e+01
  -1.1681800e+01  -1.1464700e+01  -1.1506100e+01  -1.1370100e+01  -1.1182700e+01  -1.1125300e+01
  -1.1725800e+01  -1.1514700e+01  -1.1555600e+01  -1.1422800e+01  -1.1227800e+01  -1.1164200e+01
  -1.1766800e+01  -1.1560500e+01  -1.1599400e+01  -1.1469500e+01  -1.1255600e+01  -1.1189600e+01
  -1.1796500e+01  -1.1598900e+01  -1.1635900e+01  -1.1509900e+01  -1.1294700e+01  -1.1203900e+01
  -1.1820100e+01  -1.1628900e+01  -1.1662900e+01  -1.1538700e+01  -1.1320900e+01  -1.1203100e+01
  -1.1855000e+01  -1.1653300e+01  -1.1690800e+01  -1.1559700e+01  -1.1327000e+01  -1.1214100e+01
  -1.1898000e+01  -1.1684000e+01  -1.1725400e+01  -1.1586800e+01  -1.1325000e+01  -1.1239000e+01
  -1.1946800e+01  -1.1722300e+01  -1.1770700e+01  -1.1626300e+01  -1.1328900e+01  -1.1265300e+01
  -1.2016800e+01  -1.1772100e+01  -1.1822600e+01  -1.1665900e+01  -1.1327300e+01  -1.1291900e+01
  -1.2059100e+01  -1.1810500e+01  -1.1860500e+01  -1.1697000e+01  -1.1336400e+01  -1.1326000e+01
  -1.2098600e+01  -1.1842000e+01  -1.1896100e+01  -1.1727600e+01  -1.1377400e+01  -1.1381000e+01
  -1.2124700e+01  -1.1867500e+01  -1.1922900e+01  -1.1755300e+01  -1.1447200e+01  -1.1417600e+01
  -1.2099100e+01  -1.1873000e+01  -1.1912900e+01  -1.1764400e+01  -1.1426500e+01  -1.1321700e+01
  -1.1990000e+01  -1.1819400e+01  -1.1824400e+01  -1.1724100e+01  -1.1142900e+01  -1.0980900e+01
  -1.1663700e+01  -1.1635200e+01  -1.1661200e+01  -1.1651400e+01  -1.0841200e+01  -1.0567900e+01
  -1.1546200e+01  -1.1541600e+01  -1.1505300e+01  -1.1443300e+01  -1.0533500e+01  -1.0299300e+01
  -1.1251600e+01  -1.1307200e+01  -1.1260900e+01  -1.1280000e+01  -1.0074100e+01  -9.8622000e+00
  -1.0929900e+01  -1.1033100e+01  -1.0959800e+01  -1.1020600e+01  -9.5907000e+00  -9.3938000e+00
  -1.0636700e+01  -1.0745900e+01  -1.0660100e+01  -1.0751400e+01  -9.0412000e+00  -8.9211000e+00
  -1.0250200e+01  -1.0381600e+01  -1.0273100e+01  -1.0404400e+01  -8.4971000e+00  -8.4821000e+00
  -9.8281000e+00  -9.9880000e+00  -9.8923000e+00  -1.0051600e+01  -7.9992000e+00  -8.0406000e+00
  -9.4715000e+00  -9.6159000e+00  -9.5192000e+00  -9.6502000e+00  -7.4489000e+00  -7.5441000e+00
  -9.1334000e+00  -9.2810000e+00  -9.1958000e+00  -9.3330000e+00  -6.9040000e+00  -7.1155000e+00
  -8.7803000e+00  -8.9684000e+00  -8.8627000e+00  -9.0191000e+00  -6.4498000e+00  -6.7479000e+00
  -8.4013000e+00  -8.6160000e+00  -8.4964000e+00  -8.6702000e+00  -6.0577000e+00  -6.4179000e+00
  -7.9966000e+00  -8.2292000e+00  -8.1131000e+00  -8.3078000e+00  -5.7041000e+00  -6.1099000e+00
  -7.5979000e+00  -7.8450000e+00  -7.7332000e+00  -7.9313000e+00  -5.3626000e+00  -5.8017000e+00
  -7.2430000e+00  -7.4787000e+00  -7.3857000e+00  -7.5781000e+00  -5.0267000e+00  -5.4908000e+00
  -6.9557000e+00  -7.1642000e+00  -7.0899000e+00  -7.2825000e+00  -4.6590000e+00  -5.1810000e+00
  -6.6860000e+00  -6.8977000e+00  -6.8203000e+00  -7.0199000e+00  -4.2429000e+00  -4.8666000e+00
  -6.3925000e+00  -6.6321000e+00  -6.5373000e+00  -6.7442000e+00  -3.8408000e+00  -4.5411000e+00
  -6.0627000e+00  -6.3419000e+00  -6.2327000e+00  -6.4521000e+00  -3.4878000e+00  -4.2060000e+00
  -5.7214000e+00  -6.0303000e+00  -5.9107000e+00  -6.1383000e+00  -3.1725000e+00  -3.8738000e+00
  -5.4011000e+00  -5.7158000e+00  -5.5987000e+00  -5.8357000e+00  -2.8795000e+00  -3.5533000e+00
  -5.1007000e+00  -5.4151000e+00  -5.2979000e+00  -5.5444000e+00  -2.6024000e+00  -3.2392000e+00
  -4.8163000e+00  -5.1276000e+00  -5.0090000e+00  -5.2618000e+00  -2.3307000e+00  -2.9247000e+00
  -4.5519000e+00  -4.8644000e+00  -4.7477000e+00  -5.0061000e+00  -2.0466000e+00  -2.6232000e+00
  -4.3006000e+00  -4.6328000e+00  -4.5151000e+00  -4.7789000e+00  -1.7530000e+00  -2.3405000e+00
  -4.0718000e+00  -4.4250000e+00  -4.3042000e+00  -4.5718000e+00  -1.4808000e+00  -2.0765000e+00
  -3.8732000e+00  -4.2341000e+00  -4.1213000e+00  -4.3958000e+00  -1.2410000e+00  -1.8258000e+00
  -3.7077000e+00  -4.0690000e+00  -3.9714000e+00  -4.2528000e+00  -1.0307000e+00  -1.5867000e+00
  -3.5722000e+00  -3.9381000e+00  -3.8576000e+00  -4.1481000e+00  -8.3640000e-01  -1.3682000e+00
  -3.4628000e+00  -3.8511000e+00  -3.7756000e+00  -4.0678000e+00  -6.5640000e-01  -1.1735000e+00
  -3.3789000e+00  -3.7988000e+00  -3.7261000e+00  -4.0167000e+00  -4.8930000e-01  -9.9660000e-01
  -3.3249000e+00  -3.7767000e+00  -3.7139000e+00  -3.9953000e+00  -3.3250000e-01  -8.3520000e-01
  -3.3078000e+00  -3.7863000e+00  -3.7392000e+00  -4.0052000e+00  -1.8520000e-01  -6.8970000e-01
  -3.3331000e+00  -3.8167000e+00  -3.7929000e+00  -4.0426000e+00  -5.3900000e-02  -5.6200000e-01
  -3.4010000e+00  -3.8557000e+00  -3.8615000e+00  -4.0970000e+00   5.4500000e-02  -4.5590000e-01
  -3.5087000e+00  -3.9067000e+00  -3.9463000e+00  -4.1755000e+00   1.3510000e-01  -3.7600000e-01
  -3.6598000e+00  -4.0046000e+00  -4.0716000e+00  -4.3033000e+00   1.8650000e-01  -3.2640000e-01
  -3.8494000e+00  -4.1568000e+00  -4.2280000e+00  -4.4845000e+00   2.0690000e-01  -3.0510000e-01
  -4.0324000e+00  -4.3602000e+00  -4.4089000e+00  -4.7274000e+00   1.9790000e-01  -3.0670000e-01
  -4.1952000e+00  -4.6439000e+00  -4.6592000e+00  -5.0276000e+00   1.5820000e-01  -3.2430000e-01
  -4.4130000e+00  -4.9989000e+00  -4.9955000e+00  -5.3856000e+00   5.9900000e-02  -3.5470000e-01
  -4.7405000e+00  -5.4217000e+00  -5.4090000e+00  -5.7645000e+00  -1.2020000e-01  -4.1780000e-01
  -5.1880000e+00  -5.7693000e+00  -5.7599000e+00  -6.0271000e+00  -3.0450000e-01  -5.2230000e-01
  -5.5783000e+00  -6.0637000e+00  -6.0720000e+00  -6.3073000e+00  -4.5040000e-01  -6.3960000e-01
  -5.9356000e+00  -6.3677000e+00  -6.3857000e+00  -6.5979000e+00  -5.9210000e-01  -7.4590000e-01
  -6.3034000e+00  -6.6960000e+00  -6.7418000e+00  -6.9532000e+00  -7.3560000e-01  -8.4450000e-01
  -6.7878000e+00  -7.0916000e+00  -7.1585000e+00  -7.3370000e+00  -9.2340000e-01  -9.0500000e-01
  -7.2670000e+00  -7.4974000e+00  -7.5562000e+00  -7.7071000e+00  -1.0129000e+00  -8.6950000e-01
  -7.6854000e+00  -7.8818000e+00  -7.9679000e+00  -8.1211000e+00  -9.9510000e-01  -8.5020000e-01
  -8.1379000e+00  -8.3009000e+00  -8.3809000e+00  -8.5076000e+00  -9.3850000e-01  -8.7410000e-01
  -8.5836000e+00  -8.6788000e+00  -8.7674000e+00  -8.8722000e+00  -9.3890000e-01  -8.7970000e-01
  -8.9442000e+00  -8.9945000e+00  -9.0500000e+00  -9.1274000e+00  -9.8030000e-01  -8.8330000e-01
  -9.1996000e+00  -9.2609000e+00  -9.3457000e+00  -9.4242000e+00  -1.0307000e+00  -9.1660000e-01
  -9.3476000e+00  -9.4582000e+00  -9.4921000e+00  -9.5813000e+00  -1.0985000e+00  -1.0514000e+00
  -9.5420000e+00  -9.5919000e+00  -9.6315000e+00  -9.6858000e+00  -1.2201000e+00  -2.4735000e+00
  -9.6733000e+00  -9.6953000e+00  -9.7366000e+00  -9.7867000e+00  -1.3697000e+00  -3.5040000e+00
  -9.7644000e+00  -9.7755000e+00  -9.8148000e+00  -9.8580000e+00  -2.3873000e+00  -3.8846000e+00
  -9.8728000e+00  -9.8549000e+00  -9.8903000e+00  -9.9186000e+00  -3.7695000e+00  -4.2913000e+00
  -9.9667000e+00  -9.9310000e+00  -9.9648000e+00  -9.9841000e+00  -3.8821000e+00  -4.8190000e+00
  -1.0035400e+01  -1.0008800e+01  -1.0027600e+01  -1.0042700e+01  -4.2538000e+00  -5.1672000e+00
  -1.0090300e+01  -1.0070900e+01  -1.0091200e+01  -1.0106900e+01  -4.9248000e+00  -5.5483000e+00
  -1.0150600e+01  -1.0145500e+01  -1.0173000e+01  -1.0190600e+01  -5.0642000e+00  -5.8519000e+00
  -1.0250300e+01  -1.0234000e+01  -1.0271000e+01  -1.0282700e+01  -5.3474000e+00  -6.1271000e+00
  -1.0333700e+01  -1.0292400e+01  -1.0342600e+01  -1.0349000e+01  -5.6125000e+00  -6.3927000e+00
  -1.0403100e+01  -1.0353800e+01  -1.0399800e+01  -1.0402500e+01  -5.8000000e+00  -6.6409000e+00
  -1.0450600e+01  -1.0395800e+01  -1.0440900e+01  -1.0441300e+01  -5.9952000e+00  -6.8457000e+00
  -1.0470500e+01  -1.0404300e+01  -1.0452600e+01  -1.0464000e+01  -6.1887000e+00  -6.9439000e+00
  -1.0500600e+01  -1.0432100e+01  -1.0474400e+01  -1.0491700e+01  -6.3732000e+00  -6.9445000e+00
  -1.0534400e+01  -1.0498900e+01  -1.0514000e+01  -1.0532800e+01  -6.5475000e+00  -6.9232000e+00
  -1.0566900e+01  -1.0549700e+01  -1.0547400e+01  -1.0560100e+01  -6.6264000e+00  -6.9205000e+00
  -1.0586700e+01  -1.0587900e+01  -1.0572700e+01  -1.0594400e+01  -6.6349000e+00  -6.8829000e+00
  -1.0577500e+01  -1.0618300e+01  -1.0569000e+01  -1.0606100e+01  -6.6412000e+00  -6.9227000e+00
  -1.0547500e+01  -1.0597400e+01  -1.0540000e+01  -1.0592500e+01  -6.6432000e+00  -7.0580000e+00
  -1.0489800e+01  -1.0547900e+01  -1.0489500e+01  -1.0549800e+01  -6.7068000e+00  -7.2443000e+00
  -1.0395800e+01  -1.0477500e+01  -1.0420500e+01  -1.0496700e+01  -8.2572000e+00  -7.5111000e+00
  -1.0302600e+01  -1.0376600e+01  -1.0342200e+01  -1.0425100e+01  -7.8059000e+00  -9.5513000e+00
  -1.0297100e+01  -1.0361500e+01  -1.0332400e+01  -1.0404400e+01  -9.0242000e+00  -8.5779000e+00
  -1.0279900e+01  -1.0352800e+01  -1.0343000e+01  -1.0412700e+01  -9.8885000e+00  -8.2287000e+00
  -1.0238500e+01  -1.0337500e+01  -1.0327700e+01  -1.0395000e+01  -1.0146100e+01  -9.2808000e+00
  -1.1353000e+01  -1.1231000e+01  -1.0730500e+01  -1.0537000e+01  -1.0484800e+01  -9.9563000e+00
  -1.1728700e+01  -1.1431300e+01  -1.1345800e+01  -1.1185000e+01  -1.0784400e+01  -1.0307400e+01
  -1.1489700e+01  -1.1310600e+01  -1.1302400e+01  -1.1138200e+01  -1.0976700e+01  -1.0637000e+01
  -1.1230400e+01  -1.1110900e+01  -1.1133000e+01  -1.1038400e+01  -1.1066200e+01  -1.0885100e+01
  -1.1068900e+01  -1.0940300e+01  -1.0958200e+01  -1.0895500e+01  -1.1088400e+01  -1.1037500e+01
  -1.0914200e+01  -1.0826800e+01  -1.0844300e+01  -1.0804500e+01  -1.1045800e+01  -1.1130100e+01
  -1.0771600e+01  -1.0697000e+01  -1.0726500e+01  -1.0689900e+01  -1.1036100e+01  -1.1188100e+01
  -1.0622900e+01  -1.0552500e+01  -1.0606600e+01  -1.0552900e+01  -1.1105900e+01  -1.1235100e+01
  -1.0445500e+01  -1.0378900e+01  -1.0442900e+01  -1.0398000e+01  -1.1191300e+01  -1.1239200e+01
  -1.0330700e+01  -1.0320100e+01  -1.0354300e+01  -1.0329200e+01  -1.1276400e+01  -1.1235200e+01
  -1.0225900e+01  -1.0204000e+01  -1.0271200e+01  -1.0238000e+01  -1.1362800e+01  -1.1256100e+01
  -1.0160500e+01  -1.0259900e+01  -1.0234400e+01  -1.0198300e+01  -1.1466100e+01  -1.1285500e+01
  -1.0260300e+01  -1.0363100e+01  -1.0322600e+01  -1.0289900e+01  -1.1599700e+01  -1.1338800e+01
  -1.0357400e+01  -1.0460600e+01  -1.0408600e+01  -1.0380200e+01  -1.1714900e+01  -1.1403400e+01
  -1.0432000e+01  -1.0519400e+01  -1.0482300e+01  -1.0463200e+01  -1.1745000e+01  -1.1451200e+01
  -1.0462700e+01  -1.0529400e+01  -1.0520200e+01  -1.0512800e+01  -1.1674700e+01  -1.1431200e+01
  -1.0477200e+01  -1.0523700e+01  -1.0531200e+01  -1.0539400e+01  -1.1514900e+01  -1.1247500e+01
  -1.0516300e+01  -1.0541300e+01  -1.0543600e+01  -1.0565700e+01  -1.1193800e+01  -1.0835000e+01
  -1.0535000e+01  -1.0562000e+01  -1.0566400e+01  -1.0597100e+01  -1.1195300e+01  -1.0655600e+01
  -1.0577400e+01  -1.0597700e+01  -1.0596800e+01  -1.0626300e+01  -1.1042700e+01  -1.0566100e+01
  -1.0644100e+01  -1.0656300e+01  -1.0647000e+01  -1.0683000e+01  -1.0872000e+01  -1.0472400e+01
  -1.0736900e+01  -1.0748200e+01  -1.0728200e+01  -1.0768600e+01  -1.0649700e+01  -1.0298100e+01
  -1.0861600e+01  -1.0877700e+01  -1.0840000e+01  -1.0888200e+01  -1.0362800e+01  -1.0008100e+01
  -1.1023100e+01  -1.1029600e+01  -1.0981300e+01  -1.1042700e+01  -1.0075700e+01  -9.7374000e+00
  -1.1200100e+01  -1.1188100e+01  -1.1133200e+01  -1.1205100e+01  -9.8473000e+00  -9.5113000e+00
  -1.1363900e+01  -1.1338500e+01  -1.1283500e+01  -1.1362900e+01  -9.6029000e+00  -9.2163000e+00
  -1.1492700e+01  -1.1453300e+01  -1.1410100e+01  -1.1499200e+01  -9.2892000e+00  -8.9667000e+00
  -1.1586900e+01  -1.1534700e+01  -1.1501200e+01  -1.1595100e+01  -9.0407000e+00  -8.6366000e+00
  -1.1656500e+01  -1.1598100e+01  -1.1568800e+01  -1.1665000e+01  -8.7986000e+00  -8.3917000e+00
  -1.1719100e+01  -1.1658100e+01  -1.1628800e+01  -1.1725100e+01  -8.5069000e+00  -8.1493000e+00
  -1.1773600e+01  -1.1714800e+01  -1.1687100e+01  -1.1787300e+01  -8.2191000e+00  -7.8983000e+00
  -1.1807400e+01  -1.1769600e+01  -1.1741300e+01  -1.1837600e+01  -7.9359000e+00  -7.6419000e+00
  -1.1847600e+01  -1.1821300e+01  -1.1791500e+01  -1.1884500e+01  -7.7308000e+00  -7.4277000e+00
  -1.1897200e+01  -1.1879900e+01  -1.1849100e+01  -1.1937400e+01  -7.5641000e+00  -7.2413000e+00
  -1.1960000e+01  -1.1943200e+01  -1.1909400e+01  -1.1996900e+01  -7.4063000e+00  -7.0856000e+00
  -1.2028700e+01  -1.2007900e+01  -1.1970000e+01  -1.2057100e+01  -7.2538000e+00  -6.9288000e+00
  -1.2094000e+01  -1.2077300e+01  -1.2033300e+01  -1.2120400e+01  -7.0933000e+00  -6.7733000e+00
  -1.2161400e+01  -1.2142900e+01  -1.2097600e+01  -1.2185500e+01  -6.9418000e+00  -6.6339000e+00
  -1.2221100e+01  -1.2201300e+01  -1.2157200e+01  -1.2245400e+01  -6.8246000e+00  -6.5206000e+00
  -1.2264100e+01  -1.2240000e+01  -1.2197500e+01  -1.2283300e+01  -6.7388000e+00  -6.4308000e+00
  -1.2295300e+01  -1.2272800e+01  -1.2230500e+01  -1.2315400e+01  -6.6755000e+00  -6.3556000e+00
  -1.2314400e+01  -1.2281400e+01  -1.2249500e+01  -1.2332400e+01  -6.6326000e+00  -6.2988000e+00
  -1.2311200e+01  -1.2273300e+01  -1.2254500e+01  -1.2337900e+01  -6.6138000e+00  -6.2611000e+00
  -1.2295400e+01  -1.2253000e+01  -1.2248500e+01  -1.2332100e+01  -6.6063000e+00  -6.2426000e+00
  -1.2267200e+01  -1.2225200e+01  -1.2225300e+01  -1.2307800e+01  -6.6022000e+00  -6.2370000e+00
  -1.2242700e+01  -1.2210900e+01  -1.2204900e+01  -1.2286200e+01  -6.5854000e+00  -6.2426000e+00
  -1.2234400e+01  -1.2210100e+01  -1.2197100e+01  -1.2273900e+01  -6.5763000e+00  -6.2619000e+00
  -1.2236700e+01  -1.2214200e+01  -1.2196400e+01  -1.2267200e+01  -6.5934000e+00  -6.2937000e+00
  -1.2238300e+01  -1.2218900e+01  -1.2197200e+01  -1.2263900e+01  -6.6230000e+00  -6.3350000e+00
  -1.2246200e+01  -1.2236200e+01  -1.2206400e+01  -1.2269900e+01  -6.6747000e+00  -6.3850000e+00
  -1.2267900e+01  -1.2266600e+01  -1.2227100e+01  -1.2286400e+01  -6.7417000e+00  -6.4436000e+00
  -1.2294900e+01  -1.2297900e+01  -1.2252800e+01  -1.2307900e+01  -6.8230000e+00  -6.5146000e+00
  -1.2318900e+01  -1.2324700e+01  -1.2277300e+01  -1.2329500e+01  -6.9415000e+00  -6.5911000e+00
  -1.2335100e+01  -1.2342500e+01  -1.2296900e+01  -1.2346800e+01  -7.0721000e+00  -6.6781000e+00
  -1.2342000e+01  -1.2353700e+01  -1.2309500e+01  -1.2356200e+01  -7.2132000e+00  -6.7953000e+00
  -1.2344600e+01  -1.2363100e+01  -1.2320000e+01  -1.2364200e+01  -7.3761000e+00  -6.9378000e+00
  -1.2349200e+01  -1.2377200e+01  -1.2333100e+01  -1.2373500e+01  -7.5520000e+00  -7.1137000e+00
  -1.2358500e+01  -1.2392900e+01  -1.2348100e+01  -1.2385100e+01  -7.7239000e+00  -7.3446000e+00
  -1.2368200e+01  -1.2405300e+01  -1.2362700e+01  -1.2397500e+01  -7.9099000e+00  -7.5834000e+00
  -1.2376700e+01  -1.2415800e+01  -1.2377200e+01  -1.2409300e+01  -8.1127000e+00  -7.8173000e+00
  -1.2382400e+01  -1.2420600e+01  -1.2388700e+01  -1.2416600e+01  -8.3246000e+00  -8.0592000e+00
  -1.2380800e+01  -1.2419900e+01  -1.2393100e+01  -1.2417300e+01  -8.5541000e+00  -8.3091000e+00
  -1.2378800e+01  -1.2422000e+01  -1.2396400e+01  -1.2416200e+01  -8.8019000e+00  -8.5688000e+00
  -1.2381600e+01  -1.2431700e+01  -1.2403900e+01  -1.2419400e+01  -9.0585000e+00  -8.8189000e+00
  -1.2388700e+01  -1.2449400e+01  -1.2418800e+01  -1.2430000e+01  -9.3690000e+00  -9.1216000e+00
  -1.2403200e+01  -1.2467900e+01  -1.2437000e+01  -1.2444300e+01  -9.6885000e+00  -9.4420000e+00
  -1.2416900e+01  -1.2481800e+01  -1.2452400e+01  -1.2457200e+01  -1.0015500e+01  -9.7774000e+00
  -1.2428600e+01  -1.2492300e+01  -1.2465300e+01  -1.2468300e+01  -1.0333500e+01  -1.0122400e+01
  -1.2438500e+01  -1.2503300e+01  -1.2477300e+01  -1.2480200e+01  -1.0629100e+01  -1.0451200e+01
  -1.2450800e+01  -1.2517700e+01  -1.2491400e+01  -1.2494400e+01  -1.0910500e+01  -1.0747400e+01
  -1.2463200e+01  -1.2529900e+01  -1.2503800e+01  -1.2506000e+01  -1.1183700e+01  -1.1038300e+01
  -1.2472000e+01  -1.2538000e+01  -1.2513100e+01  -1.2515400e+01  -1.1465200e+01  -1.1313800e+01
  -1.2479600e+01  -1.2545700e+01  -1.2522300e+01  -1.2524700e+01  -1.1743700e+01  -1.1565800e+01
  -1.2487000e+01  -1.2549700e+01  -1.2529500e+01  -1.2531100e+01  -1.1997100e+01  -1.1794800e+01
  -1.2489500e+01  -1.2547500e+01  -1.2531100e+01  -1.2531700e+01  -1.2223500e+01  -1.2004500e+01
  -1.2485900e+01  -1.2540000e+01  -1.2525800e+01  -1.2525300e+01  -1.2400900e+01  -1.2189100e+01
  -1.2475900e+01  -1.2528500e+01  -1.2515800e+01  -1.2513900e+01  -1.2559800e+01  -1.2356700e+01
  -1.2462100e+01  -1.2512300e+01  -1.2501800e+01  -1.2499000e+01  -1.2717900e+01  -1.2513700e+01
  -1.2445400e+01  -1.2491400e+01  -1.2486300e+01  -1.2483600e+01  -1.2875900e+01  -1.2664600e+01
  -1.2428400e+01  -1.2470500e+01  -1.2470900e+01  -1.2468300e+01  -1.3029400e+01  -1.2805900e+01
  -1.2411200e+01  -1.2450100e+01  -1.2453500e+01  -1.2450100e+01  -1.3176000e+01  -1.2936000e+01
  -1.2392000e+01  -1.2428400e+01  -1.2433200e+01  -1.2428900e+01  -1.3287300e+01  -1.3045000e+01
  -1.2371000e+01  -1.2406000e+01  -1.2410900e+01  -1.2406000e+01  -1.3359200e+01  -1.3132500e+01
  -1.2346000e+01  -1.2380900e+01  -1.2386300e+01  -1.2381300e+01  -1.3394400e+01  -1.3215600e+01
  -1.2319300e+01  -1.2353700e+01  -1.2362800e+01  -1.2358700e+01  -1.3431100e+01  -1.3277500e+01
  -1.2296600e+01  -1.2329400e+01  -1.2343300e+01  -1.2339800e+01  -1.3472100e+01  -1.3312100e+01
  -1.2277300e+01  -1.2308300e+01  -1.2323700e+01  -1.2318300e+01  -1.3515600e+01  -1.3319300e+01
  -1.2256300e+01  -1.2284600e+01  -1.2299700e+01  -1.2291400e+01  -1.3507000e+01  -1.3278100e+01
