   5.5570000e+00   5.7120000e+00   5.7080000e+00   5.7950000e+00   5.8000000e+00   5.6880000e+00
   5.8040000e+00   5.9290000e+00   5.9340000e+00   6.0140000e+00   5.7620000e+00   5.7310000e+00
   6.1130000e+00   6.2270000e+00   6.2420000e+00   6.3190000e+00   5.7280000e+00   5.8620000e+00
   6.2540000e+00   6.3630000e+00   6.3950000e+00   6.4740000e+00   5.7400000e+00   5.9180000e+00
   6.4880000e+00   6.5840000e+00   6.6280000e+00   6.7060000e+00   5.7780000e+00   5.9800000e+00
   6.7350000e+00   6.8200000e+00   6.8640000e+00   6.9350000e+00   5.8080000e+00   6.0550000e+00
   6.8470000e+00   6.9100000e+00   6.9560000e+00   7.0140000e+00   5.7990000e+00   5.9200000e+00
   6.9540000e+00   7.0010000e+00   7.0510000e+00   7.1040000e+00   5.7830000e+00   5.9460000e+00
   7.0080000e+00   7.0540000e+00   7.1240000e+00   7.1870000e+00   5.8880000e+00   5.9850000e+00
   7.0460000e+00   7.0960000e+00   7.1510000e+00   7.2040000e+00   5.9380000e+00   6.1520000e+00
   7.0030000e+00   7.0350000e+00   7.1090000e+00   7.1600000e+00   5.9550000e+00   6.1560000e+00
   7.0530000e+00   7.0900000e+00   7.1480000e+00   7.1860000e+00   5.9200000e+00   6.1280000e+00
   7.1080000e+00   7.1380000e+00   7.1980000e+00   7.2290000e+00   5.9280000e+00   6.0980000e+00
   7.1370000e+00   7.1800000e+00   7.2430000e+00   7.2830000e+00   5.8560000e+00   6.0290000e+00
   7.0650000e+00   7.1040000e+00   7.1970000e+00   7.2500000e+00   5.8130000e+00   5.9620000e+00
   6.9980000e+00   7.0550000e+00   7.1360000e+00   7.1920000e+00   5.8750000e+00   6.1360000e+00
   6.8900000e+00   6.9310000e+00   7.0320000e+00   7.0920000e+00   6.0010000e+00   6.3560000e+00
   6.8140000e+00   6.8420000e+00   6.9400000e+00   6.9840000e+00   6.2110000e+00   6.7940000e+00
   6.9180000e+00   6.9480000e+00   7.0360000e+00   7.0840000e+00   7.6280000e+00   7.1590000e+00
   7.1720000e+00   7.2540000e+00   7.2800000e+00   7.3210000e+00   6.3490000e+00   6.8940000e+00
   7.2300000e+00   7.4110000e+00   7.4170000e+00   7.5000000e+00   5.8810000e+00   6.1120000e+00
   7.1830000e+00   7.3990000e+00   7.4220000e+00   7.5060000e+00   5.3670000e+00   5.3660000e+00
   7.0570000e+00   7.2910000e+00   7.2900000e+00   7.5080000e+00   4.8880000e+00   5.0690000e+00
   6.7610000e+00   7.2300000e+00   7.1370000e+00   7.4150000e+00   3.8950000e+00   4.6940000e+00
   6.8300000e+00   7.1990000e+00   7.1460000e+00   7.3690000e+00   3.4170000e+00   4.4130000e+00
   6.8980000e+00   7.2120000e+00   7.1630000e+00   7.4120000e+00   3.1510000e+00   4.1760000e+00
   6.6410000e+00   6.9100000e+00   6.8870000e+00   7.1470000e+00   2.7640000e+00   3.8990000e+00
   6.6900000e+00   6.9040000e+00   6.9080000e+00   7.1660000e+00   2.8660000e+00   3.7520000e+00
   6.3220000e+00   6.4950000e+00   6.5220000e+00   6.7620000e+00   2.9550000e+00   3.3700000e+00
   5.8310000e+00   6.0910000e+00   6.0890000e+00   6.2510000e+00   3.4780000e+00   2.9100000e+00
   5.4620000e+00   5.5980000e+00   5.7780000e+00   5.9760000e+00   4.0850000e+00   2.4220000e+00
   4.6330000e+00   4.8780000e+00   5.0970000e+00   5.4350000e+00   3.3190000e+00   2.3310000e+00
   4.5940000e+00   4.8100000e+00   5.0320000e+00   5.3540000e+00   3.2660000e+00   2.4150000e+00
   4.6580000e+00   4.7520000e+00   4.9480000e+00   5.2010000e+00   3.4220000e+00   2.5230000e+00
   5.7590000e+00   5.4690000e+00   5.6940000e+00   5.7560000e+00   3.5240000e+00   2.9650000e+00
   5.1810000e+00   5.7020000e+00   5.3250000e+00   5.4080000e+00   4.0050000e+00   3.4070000e+00
   4.0960000e+00   4.4140000e+00   4.4200000e+00   4.5260000e+00   4.3200000e+00   4.1510000e+00
   3.9420000e+00   4.0550000e+00   4.1740000e+00   4.3750000e+00   4.0200000e+00   4.4240000e+00
   5.7610000e+00   5.5110000e+00   5.7860000e+00   6.2490000e+00   4.4200000e+00   4.2050000e+00
   5.7890000e+00   6.0510000e+00   5.9900000e+00   6.2750000e+00   5.4450000e+00   4.2550000e+00
   5.4350000e+00   5.7090000e+00   5.8940000e+00   6.3290000e+00   5.2440000e+00   4.2330000e+00
   5.7170000e+00   6.3470000e+00   6.2950000e+00   6.7450000e+00   5.3080000e+00   4.2420000e+00
   5.5040000e+00   5.8760000e+00   6.0550000e+00   6.4150000e+00   5.0040000e+00   4.5640000e+00
   5.6380000e+00   6.1390000e+00   5.9350000e+00   6.2250000e+00   5.2330000e+00   4.1930000e+00
   5.7800000e+00   6.2370000e+00   6.0330000e+00   6.3340000e+00   5.6710000e+00   4.6260000e+00
   6.1310000e+00   6.7000000e+00   6.7970000e+00   7.2020000e+00   5.3750000e+00   4.4600000e+00
   6.7650000e+00   7.4060000e+00   7.3920000e+00   7.6920000e+00   4.9450000e+00   4.4230000e+00
   6.7820000e+00   7.3370000e+00   7.2250000e+00   7.3890000e+00   5.3290000e+00   3.7830000e+00
   7.0260000e+00   7.5740000e+00   7.5060000e+00   7.7760000e+00   5.2810000e+00   3.1350000e+00
   7.3670000e+00   7.9710000e+00   7.6560000e+00   7.7760000e+00   5.3220000e+00   2.9390000e+00
   7.4340000e+00   7.9360000e+00   7.7320000e+00   7.8770000e+00   4.9890000e+00   3.8020000e+00
   7.1530000e+00   7.5920000e+00   7.3820000e+00   7.4560000e+00   4.4580000e+00   4.7020000e+00
   6.6270000e+00   7.2130000e+00   7.0950000e+00   7.2980000e+00   4.2050000e+00   5.7460000e+00
   6.6400000e+00   7.2360000e+00   6.9730000e+00   7.1640000e+00   4.9400000e+00   5.9720000e+00
   7.0970000e+00   7.5340000e+00   7.1890000e+00   7.2140000e+00   6.2460000e+00   6.4980000e+00
   7.6810000e+00   8.0550000e+00   7.6470000e+00   7.6160000e+00   6.0870000e+00   6.5290000e+00
   7.8570000e+00   8.2350000e+00   7.9530000e+00   8.0030000e+00   6.1010000e+00   6.4330000e+00
   7.9060000e+00   8.2240000e+00   8.0390000e+00   8.1410000e+00   5.9480000e+00   6.4040000e+00
   7.5090000e+00   8.0550000e+00   8.1080000e+00   8.4220000e+00   6.1260000e+00   6.0450000e+00
   7.1180000e+00   7.5980000e+00   7.6570000e+00   7.9200000e+00   6.6990000e+00   6.0370000e+00
   6.8640000e+00   7.2680000e+00   7.1560000e+00   7.3150000e+00   6.3550000e+00   6.1230000e+00
   6.8310000e+00   7.3030000e+00   7.1820000e+00   7.3890000e+00   6.2980000e+00   6.1700000e+00
   6.5510000e+00   7.0330000e+00   6.8910000e+00   7.1140000e+00   6.2250000e+00   6.2510000e+00
   6.4880000e+00   6.8540000e+00   6.8280000e+00   7.0540000e+00   5.8180000e+00   5.8760000e+00
   6.6480000e+00   7.0530000e+00   6.9760000e+00   7.1760000e+00   5.8490000e+00   5.7830000e+00
   7.3010000e+00   7.6130000e+00   7.6250000e+00   7.8400000e+00   6.0600000e+00   5.9550000e+00
   6.4560000e+00   7.0860000e+00   7.1590000e+00   7.6030000e+00   5.6530000e+00   6.3400000e+00
   6.1950000e+00   6.6680000e+00   6.6060000e+00   6.8280000e+00   5.4400000e+00   6.5930000e+00
   6.2130000e+00   7.1040000e+00   6.7710000e+00   7.0190000e+00   5.4780000e+00   6.2000000e+00
   5.7130000e+00   6.3590000e+00   6.1400000e+00   6.3840000e+00   5.3170000e+00   6.0150000e+00
   6.1980000e+00   6.6970000e+00   6.0650000e+00   5.9360000e+00   5.2260000e+00   5.7660000e+00
   6.3650000e+00   6.6200000e+00   6.2830000e+00   6.2370000e+00   4.9980000e+00   5.5540000e+00
   6.7980000e+00   7.0160000e+00   6.8180000e+00   6.7770000e+00   4.3070000e+00   5.1950000e+00
   6.8900000e+00   7.0630000e+00   7.2200000e+00   7.4200000e+00   5.4270000e+00   4.7950000e+00
   5.8280000e+00   6.0500000e+00   6.5150000e+00   6.8930000e+00   5.8540000e+00   4.8590000e+00
   5.1590000e+00   5.5220000e+00   5.6320000e+00   5.8210000e+00   5.7120000e+00   5.3040000e+00
   5.2430000e+00   5.7020000e+00   5.2200000e+00   5.1320000e+00   5.6280000e+00   5.6920000e+00
   5.5840000e+00   6.1130000e+00   5.4020000e+00   5.2650000e+00   6.3110000e+00   5.5190000e+00
   5.6540000e+00   5.7370000e+00   5.6040000e+00   5.6800000e+00   6.0640000e+00   6.1860000e+00
   5.6440000e+00   5.7360000e+00   5.8250000e+00   5.9130000e+00   5.2960000e+00   6.4060000e+00
   5.7980000e+00   5.8490000e+00   5.8020000e+00   5.8050000e+00   5.3010000e+00   5.9350000e+00
   5.9580000e+00   6.1520000e+00   6.1920000e+00   6.2660000e+00   6.1920000e+00   6.2660000e+00
   5.8090000e+00   5.9720000e+00   6.0340000e+00   6.2010000e+00   6.1380000e+00   6.2800000e+00
   6.2780000e+00   6.2390000e+00   6.0790000e+00   6.0160000e+00   5.3900000e+00   5.9500000e+00
   6.2950000e+00   6.4430000e+00   6.6150000e+00   6.7230000e+00   5.1530000e+00   5.6090000e+00
   5.6530000e+00   5.8850000e+00   5.9010000e+00   6.0050000e+00   4.9910000e+00   4.8630000e+00
   5.6540000e+00   5.9930000e+00   5.8310000e+00   5.8970000e+00   4.6840000e+00   4.4710000e+00
   5.5020000e+00   5.8650000e+00   5.7180000e+00   5.8250000e+00   4.8340000e+00   4.2430000e+00
   5.6490000e+00   6.1110000e+00   5.8680000e+00   5.9690000e+00   5.0630000e+00   4.5440000e+00
   6.0050000e+00   6.2620000e+00   6.0250000e+00   6.0220000e+00   4.7750000e+00   4.7190000e+00
   6.1460000e+00   6.3360000e+00   6.1130000e+00   6.1090000e+00   4.6020000e+00   4.6270000e+00
   6.3090000e+00   6.5500000e+00   6.1960000e+00   6.1670000e+00   4.7250000e+00   4.5300000e+00
   6.3830000e+00   6.5180000e+00   6.3060000e+00   6.2670000e+00   4.9270000e+00   4.6180000e+00
   6.0730000e+00   6.2270000e+00   6.1020000e+00   6.1950000e+00   5.1950000e+00   4.9720000e+00
   6.1890000e+00   6.2420000e+00   6.2390000e+00   6.3130000e+00   5.3760000e+00   5.2920000e+00
   6.3820000e+00   6.3440000e+00   6.3030000e+00   6.3120000e+00   5.5250000e+00   5.5130000e+00
   6.3300000e+00   6.4240000e+00   6.3510000e+00   6.4250000e+00   5.6560000e+00   5.6170000e+00
   6.4810000e+00   6.6010000e+00   6.4840000e+00   6.5380000e+00   5.8670000e+00   5.6140000e+00
   6.4860000e+00   6.6620000e+00   6.4740000e+00   6.5130000e+00   6.1400000e+00   5.7100000e+00
   6.5500000e+00   6.7300000e+00   6.4840000e+00   6.4990000e+00   6.4660000e+00   5.9700000e+00
   6.4820000e+00   6.7750000e+00   6.4620000e+00   6.4880000e+00   6.6010000e+00   6.0850000e+00
   6.5320000e+00   6.9060000e+00   6.5390000e+00   6.5850000e+00   6.4230000e+00   5.8610000e+00
   6.5160000e+00   6.8390000e+00   6.4940000e+00   6.5100000e+00   6.4920000e+00   6.3190000e+00
   6.4520000e+00   6.7420000e+00   6.4620000e+00   6.5110000e+00   6.4550000e+00   6.6750000e+00
   6.7380000e+00   6.9020000e+00   6.6540000e+00   6.6620000e+00   6.9680000e+00   6.5130000e+00
   6.9310000e+00   7.0840000e+00   6.9060000e+00   6.9480000e+00   6.8100000e+00   6.0760000e+00
   6.9650000e+00   7.1260000e+00   6.9870000e+00   7.0690000e+00   6.5870000e+00   6.4200000e+00
   7.2700000e+00   7.4220000e+00   7.0520000e+00   7.0940000e+00   7.1940000e+00   7.1320000e+00
   7.7200000e+00   7.7870000e+00   7.8360000e+00   8.0290000e+00   7.1030000e+00   7.1510000e+00
   7.5760000e+00   7.6010000e+00   7.2760000e+00   7.2410000e+00   7.1840000e+00   7.2760000e+00
   7.7510000e+00   7.9930000e+00   7.7940000e+00   7.9350000e+00   7.5150000e+00   7.3610000e+00
   8.0610000e+00   8.1850000e+00   8.0170000e+00   8.0980000e+00   7.7480000e+00   7.2900000e+00
   8.2600000e+00   8.0980000e+00   8.1460000e+00   8.1820000e+00   8.0410000e+00   7.6240000e+00
   8.6700000e+00   8.5930000e+00   8.6470000e+00   8.7230000e+00   8.5330000e+00   8.1010000e+00
   8.6910000e+00   8.7790000e+00   8.8700000e+00   9.0630000e+00   8.8750000e+00   8.4960000e+00
   8.7230000e+00   8.7830000e+00   8.7260000e+00   8.7790000e+00   8.7000000e+00   8.5020000e+00
   8.4990000e+00   8.5720000e+00   8.5970000e+00   8.6760000e+00   8.1790000e+00   8.2650000e+00
   8.8170000e+00   8.7380000e+00   8.8250000e+00   8.8750000e+00   7.6800000e+00   7.8510000e+00
   9.0300000e+00   9.1280000e+00   9.1150000e+00   9.2260000e+00   7.5780000e+00   7.3220000e+00
   8.9440000e+00   9.2980000e+00   9.1010000e+00   9.2600000e+00   7.1630000e+00   6.7810000e+00
   9.1270000e+00   9.5100000e+00   9.2490000e+00   9.3440000e+00   7.1610000e+00   6.4970000e+00
   9.2570000e+00   9.4630000e+00   9.2940000e+00   9.3230000e+00   7.5350000e+00   6.8620000e+00
   9.3800000e+00   9.6720000e+00   9.6090000e+00   9.8000000e+00   7.6310000e+00   7.2770000e+00
   9.3860000e+00   9.5460000e+00   9.5480000e+00   9.6920000e+00   7.5690000e+00   7.3180000e+00
   9.0860000e+00   9.2880000e+00   9.4330000e+00   9.6640000e+00   7.5910000e+00   7.1990000e+00
   8.1620000e+00   8.2650000e+00   8.7530000e+00   9.1550000e+00   7.7450000e+00   7.1580000e+00
   7.8540000e+00   8.0670000e+00   8.0470000e+00   8.3310000e+00   7.7420000e+00   7.1990000e+00
   8.1140000e+00   8.3120000e+00   7.9200000e+00   7.9050000e+00   7.7520000e+00   7.5050000e+00
   8.5050000e+00   8.6250000e+00   8.2690000e+00   8.1430000e+00   7.7370000e+00   7.3280000e+00
   8.6270000e+00   8.7870000e+00   8.6210000e+00   8.6180000e+00   7.8830000e+00   7.2540000e+00
   8.3190000e+00   8.5630000e+00   8.4290000e+00   8.5390000e+00   7.9190000e+00   7.2660000e+00
   8.6090000e+00   8.5700000e+00   8.3790000e+00   8.3620000e+00   7.9600000e+00   7.3330000e+00
   9.0100000e+00   9.2360000e+00   8.8650000e+00   8.8600000e+00   7.7730000e+00   7.3470000e+00
   8.9610000e+00   9.2280000e+00   9.0300000e+00   9.1270000e+00   7.8400000e+00   7.4990000e+00
   8.9840000e+00   9.0910000e+00   8.9090000e+00   8.9450000e+00   7.9080000e+00   7.6610000e+00
   9.0010000e+00   9.0880000e+00   8.9790000e+00   9.0280000e+00   7.9550000e+00   7.6670000e+00
   9.1950000e+00   9.1890000e+00   9.0980000e+00   9.1110000e+00   8.0430000e+00   7.6440000e+00
   9.4840000e+00   9.6010000e+00   9.4670000e+00   9.5000000e+00   8.0630000e+00   7.6780000e+00
   9.2600000e+00   9.6020000e+00   9.4880000e+00   9.6580000e+00   8.2180000e+00   7.9400000e+00
   9.1060000e+00   9.3610000e+00   9.2280000e+00   9.3420000e+00   8.3980000e+00   8.2140000e+00
   9.2930000e+00   9.4360000e+00   9.3100000e+00   9.3620000e+00   8.5390000e+00   8.4640000e+00
   9.4010000e+00   9.4560000e+00   9.3510000e+00   9.3670000e+00   8.6890000e+00   8.6210000e+00
   9.5480000e+00   9.5710000e+00   9.4670000e+00   9.4730000e+00   8.6950000e+00   8.5230000e+00
   9.6560000e+00   9.7080000e+00   9.6110000e+00   9.6440000e+00   8.5360000e+00   8.4010000e+00
   9.7530000e+00   9.7370000e+00   9.7360000e+00   9.7760000e+00   8.6050000e+00   8.5220000e+00
   9.7560000e+00   9.7150000e+00   9.7620000e+00   9.8100000e+00   8.6620000e+00   8.6190000e+00
   9.7030000e+00   9.7280000e+00   9.7430000e+00   9.8140000e+00   8.6300000e+00   8.6370000e+00
   9.7020000e+00   9.7330000e+00   9.7090000e+00   9.7740000e+00   8.6420000e+00   8.7180000e+00
   9.6800000e+00   9.6920000e+00   9.6620000e+00   9.7200000e+00   8.6430000e+00   8.7570000e+00
   9.6270000e+00   9.6040000e+00   9.6110000e+00   9.6520000e+00   8.6460000e+00   8.8010000e+00
   9.7630000e+00   9.7260000e+00   9.7630000e+00   9.8080000e+00   8.6540000e+00   8.8600000e+00
   9.7560000e+00   9.7940000e+00   9.7420000e+00   9.7460000e+00   8.5570000e+00   8.7990000e+00
   9.6330000e+00   9.6780000e+00   9.6500000e+00   9.7140000e+00   8.3940000e+00   8.6240000e+00
   9.4460000e+00   9.4790000e+00   9.4980000e+00   9.5790000e+00   8.2220000e+00   8.4260000e+00
   9.3420000e+00   9.3600000e+00   9.4160000e+00   9.5260000e+00   7.9720000e+00   8.1870000e+00
   9.2040000e+00   9.2080000e+00   9.2550000e+00   9.3550000e+00   7.7210000e+00   7.9330000e+00
   8.9340000e+00   8.9390000e+00   8.9900000e+00   9.0880000e+00   7.6760000e+00   7.8540000e+00
   8.6350000e+00   8.6390000e+00   8.6880000e+00   8.7740000e+00   7.5930000e+00   7.6270000e+00
   8.3090000e+00   8.2780000e+00   8.3450000e+00   8.4190000e+00   7.4340000e+00   7.4330000e+00
   8.0380000e+00   7.9980000e+00   8.0620000e+00   8.1440000e+00   7.2370000e+00   7.2570000e+00
   7.6190000e+00   7.6060000e+00   7.7050000e+00   7.7790000e+00   6.9490000e+00   6.8890000e+00
   7.4300000e+00   7.3710000e+00   7.4720000e+00   7.5230000e+00   6.7760000e+00   6.6390000e+00
   7.1820000e+00   7.0870000e+00   7.1800000e+00   7.2270000e+00   6.6460000e+00   6.3100000e+00
   7.1720000e+00   7.0490000e+00   7.1120000e+00   7.1400000e+00   6.4730000e+00   6.0750000e+00
   7.0240000e+00   7.0260000e+00   7.0740000e+00   7.0850000e+00   6.3010000e+00   6.0440000e+00
   6.5420000e+00   6.5240000e+00   6.5480000e+00   6.6110000e+00   6.1210000e+00   6.0940000e+00
   6.3610000e+00   6.3300000e+00   6.3310000e+00   6.3670000e+00   6.1080000e+00   6.0380000e+00
   6.3070000e+00   6.2290000e+00   6.2610000e+00   6.2770000e+00   6.3040000e+00   5.9940000e+00
   6.2160000e+00   6.1050000e+00   6.1380000e+00   6.1430000e+00   6.4610000e+00   5.8970000e+00
   6.2360000e+00   6.1490000e+00   6.1160000e+00   6.0970000e+00   6.5540000e+00   5.8970000e+00
   6.3780000e+00   6.3190000e+00   6.2380000e+00   6.1950000e+00   6.5150000e+00   5.9150000e+00
   6.4740000e+00   6.4390000e+00   6.3470000e+00   6.3020000e+00   6.1980000e+00   5.7850000e+00
   6.4120000e+00   6.4130000e+00   6.3590000e+00   6.3610000e+00   5.9690000e+00   5.8650000e+00
   6.3170000e+00   6.3270000e+00   6.3230000e+00   6.3710000e+00   5.9290000e+00   5.9830000e+00
   6.3520000e+00   6.3530000e+00   6.3370000e+00   6.3900000e+00   5.7880000e+00   5.9190000e+00
   6.3690000e+00   6.3630000e+00   6.3130000e+00   6.3740000e+00   5.6120000e+00   5.8120000e+00
   6.5090000e+00   6.5130000e+00   6.4600000e+00   6.5360000e+00   5.4620000e+00   5.7020000e+00
   6.7530000e+00   6.7230000e+00   6.7290000e+00   6.7930000e+00   5.3270000e+00   5.6050000e+00
   6.8410000e+00   6.8310000e+00   6.8660000e+00   6.9350000e+00   5.2180000e+00   5.5130000e+00
   6.8430000e+00   6.8480000e+00   6.8850000e+00   6.9570000e+00   5.1810000e+00   5.3500000e+00
   6.7590000e+00   6.7860000e+00   6.8070000e+00   6.8760000e+00   5.0530000e+00   5.1340000e+00
   6.6260000e+00   6.6620000e+00   6.6790000e+00   6.7540000e+00   4.8520000e+00   4.9990000e+00
   6.4290000e+00   6.4890000e+00   6.4890000e+00   6.5750000e+00   4.7140000e+00   4.9480000e+00
   6.1650000e+00   6.2150000e+00   6.2170000e+00   6.3010000e+00   4.6520000e+00   4.9490000e+00
   5.9360000e+00   5.9430000e+00   5.9780000e+00   6.0750000e+00   4.6270000e+00   5.0390000e+00
   5.6960000e+00   5.6700000e+00   5.7020000e+00   5.7760000e+00   4.6260000e+00   5.1140000e+00
   5.4800000e+00   5.4370000e+00   5.4360000e+00   5.4740000e+00   4.6760000e+00   5.1230000e+00
   5.3600000e+00   5.3190000e+00   5.2850000e+00   5.2950000e+00   4.7580000e+00   5.2070000e+00
   5.2690000e+00   5.2430000e+00   5.2090000e+00   5.2360000e+00   4.8740000e+00   5.2920000e+00
   5.1880000e+00   5.1760000e+00   5.1620000e+00   5.2020000e+00   5.0840000e+00   5.3470000e+00
   5.1680000e+00   5.1460000e+00   5.1580000e+00   5.1970000e+00   5.3160000e+00   5.2960000e+00
   5.1820000e+00   5.1360000e+00   5.1590000e+00   5.1850000e+00   5.4340000e+00   5.2080000e+00
   5.1800000e+00   5.1320000e+00   5.1450000e+00   5.1580000e+00   5.4780000e+00   5.1250000e+00
   5.2530000e+00   5.2010000e+00   5.2070000e+00   5.2150000e+00   5.4650000e+00   5.0320000e+00
   5.3810000e+00   5.3440000e+00   5.3450000e+00   5.3540000e+00   5.3880000e+00   4.9570000e+00
   5.5290000e+00   5.4890000e+00   5.5040000e+00   5.5140000e+00   5.2750000e+00   4.9170000e+00
   5.5980000e+00   5.5520000e+00   5.5840000e+00   5.6080000e+00   5.2390000e+00   4.8830000e+00
   5.5740000e+00   5.5270000e+00   5.5800000e+00   5.6080000e+00   5.2770000e+00   4.8520000e+00
   5.5270000e+00   5.4900000e+00   5.5450000e+00   5.5730000e+00   5.3230000e+00   4.8680000e+00
   5.4680000e+00   5.4330000e+00   5.4890000e+00   5.5160000e+00   5.3170000e+00   4.8960000e+00
   5.4340000e+00   5.4030000e+00   5.4630000e+00   5.4930000e+00   5.2450000e+00   4.9030000e+00
   5.4210000e+00   5.3770000e+00   5.4520000e+00   5.4830000e+00   5.1200000e+00   4.8140000e+00
   5.3810000e+00   5.3070000e+00   5.4090000e+00   5.4470000e+00   4.9660000e+00   4.6500000e+00
   5.3310000e+00   5.2080000e+00   5.3470000e+00   5.3890000e+00   4.7900000e+00   4.4970000e+00
   5.2790000e+00   5.1780000e+00   5.2600000e+00   5.2820000e+00   4.5490000e+00   4.3400000e+00
   5.3030000e+00   5.2250000e+00   5.2710000e+00   5.2810000e+00   4.3480000e+00   4.1870000e+00
   5.3450000e+00   5.2850000e+00   5.3190000e+00   5.3620000e+00   4.2180000e+00   4.0420000e+00
   5.3660000e+00   5.3370000e+00   5.3810000e+00   5.4350000e+00   4.1110000e+00   3.9240000e+00
   5.3550000e+00   5.3020000e+00   5.3670000e+00   5.4000000e+00   4.0490000e+00   3.9010000e+00
   5.2760000e+00   5.1840000e+00   5.2690000e+00   5.3020000e+00   4.0170000e+00   3.9450000e+00
   5.1540000e+00   5.0830000e+00   5.1610000e+00   5.2030000e+00   4.0560000e+00   4.0330000e+00
   5.0120000e+00   4.9520000e+00   5.0270000e+00   5.0700000e+00   4.0180000e+00   3.9780000e+00
   4.8720000e+00   4.8210000e+00   4.8870000e+00   4.9210000e+00   4.0540000e+00   3.9500000e+00
   4.7830000e+00   4.7230000e+00   4.7780000e+00   4.7990000e+00   4.0070000e+00   3.8800000e+00
   4.6960000e+00   4.6230000e+00   4.6750000e+00   4.6970000e+00   3.6040000e+00   3.5270000e+00
   4.5870000e+00   4.5220000e+00   4.5760000e+00   4.5980000e+00   3.3080000e+00   3.2920000e+00
   4.4450000e+00   4.3790000e+00   4.4360000e+00   4.4260000e+00   3.1340000e+00   3.1720000e+00
   4.2900000e+00   4.2110000e+00   4.2610000e+00   4.2540000e+00   3.3100000e+00   3.3830000e+00
   4.1860000e+00   4.1000000e+00   4.1280000e+00   4.1310000e+00   3.5000000e+00   3.5350000e+00
   4.1140000e+00   4.0160000e+00   4.0310000e+00   4.0300000e+00   3.4980000e+00   3.4820000e+00
   4.0540000e+00   3.9340000e+00   3.9430000e+00   3.9300000e+00   3.5760000e+00   3.5340000e+00
   3.9950000e+00   3.8580000e+00   3.8550000e+00   3.8310000e+00   3.7280000e+00   3.6770000e+00
   3.9280000e+00   3.7860000e+00   3.7670000e+00   3.7370000e+00   3.7800000e+00   3.7130000e+00
   3.8570000e+00   3.7050000e+00   3.6740000e+00   3.6370000e+00   3.7350000e+00   3.6610000e+00
   3.7820000e+00   3.6240000e+00   3.5760000e+00   3.5310000e+00   3.6730000e+00   3.5870000e+00
   3.6980000e+00   3.5370000e+00   3.4730000e+00   3.4200000e+00   3.6460000e+00   3.5760000e+00
   3.6090000e+00   3.4350000e+00   3.3710000e+00   3.3120000e+00   3.6080000e+00   3.5760000e+00
   3.5060000e+00   3.3220000e+00   3.2600000e+00   3.1990000e+00   3.5440000e+00   3.5580000e+00
   3.4390000e+00   3.2310000e+00   3.1790000e+00   3.1100000e+00   3.4730000e+00   3.5370000e+00
   3.4040000e+00   3.1940000e+00   3.1460000e+00   3.0770000e+00   3.4300000e+00   3.5210000e+00
   3.4240000e+00   3.2070000e+00   3.1650000e+00   3.0930000e+00   3.4040000e+00   3.4910000e+00
   3.4730000e+00   3.2580000e+00   3.2160000e+00   3.1430000e+00   3.3760000e+00   3.4430000e+00
   3.4960000e+00   3.2930000e+00   3.2480000e+00   3.1780000e+00   3.3200000e+00   3.3450000e+00
   3.5290000e+00   3.3500000e+00   3.2950000e+00   3.2320000e+00   3.2830000e+00   3.2590000e+00
   3.5480000e+00   3.3790000e+00   3.3230000e+00   3.2650000e+00   3.3110000e+00   3.2200000e+00
   3.5860000e+00   3.4070000e+00   3.3580000e+00   3.2970000e+00   3.3860000e+00   3.2070000e+00
   3.6350000e+00   3.4400000e+00   3.4010000e+00   3.3370000e+00   3.4880000e+00   3.2020000e+00
   3.6840000e+00   3.4720000e+00   3.4460000e+00   3.3790000e+00   3.5490000e+00   3.2130000e+00
   3.7570000e+00   3.5260000e+00   3.5130000e+00   3.4450000e+00   3.5590000e+00   3.2520000e+00
   3.8330000e+00   3.5950000e+00   3.5940000e+00   3.5300000e+00   3.5620000e+00   3.3220000e+00
   3.9040000e+00   3.6620000e+00   3.6800000e+00   3.6220000e+00   3.5640000e+00   3.4190000e+00
   3.9540000e+00   3.7100000e+00   3.7440000e+00   3.6900000e+00   3.5570000e+00   3.5330000e+00
   3.9660000e+00   3.7270000e+00   3.7710000e+00   3.7160000e+00   3.5360000e+00   3.6010000e+00
   3.9970000e+00   3.7670000e+00   3.8130000e+00   3.7560000e+00   3.5180000e+00   3.5640000e+00
   3.9960000e+00   3.7850000e+00   3.8310000e+00   3.7780000e+00   3.5490000e+00   3.5570000e+00
   3.9440000e+00   3.7450000e+00   3.7930000e+00   3.7470000e+00   3.5880000e+00   3.6420000e+00
   3.9030000e+00   3.7050000e+00   3.7580000e+00   3.7130000e+00   3.6130000e+00   3.6570000e+00
   3.8620000e+00   3.6810000e+00   3.7330000e+00   3.6940000e+00   3.6790000e+00   3.6770000e+00
   3.8130000e+00   3.6640000e+00   3.7070000e+00   3.6790000e+00   3.8390000e+00   3.7710000e+00
   3.7530000e+00   3.6370000e+00   3.6670000e+00   3.6450000e+00   4.0300000e+00   3.8820000e+00
   3.6740000e+00   3.5900000e+00   3.6100000e+00   3.5950000e+00   4.2180000e+00   4.0250000e+00
   3.6180000e+00   3.5530000e+00   3.5700000e+00   3.5610000e+00   4.4290000e+00   4.1870000e+00
   3.5730000e+00   3.5220000e+00   3.5420000e+00   3.5330000e+00   4.6370000e+00   4.3270000e+00
   3.5650000e+00   3.4990000e+00   3.5340000e+00   3.5190000e+00   4.7330000e+00   4.3740000e+00
   3.5690000e+00   3.4820000e+00   3.5380000e+00   3.5220000e+00   4.8730000e+00   4.5220000e+00
   3.5640000e+00   3.4810000e+00   3.5450000e+00   3.5300000e+00   4.9400000e+00   4.6280000e+00
   3.5920000e+00   3.5090000e+00   3.5730000e+00   3.5590000e+00   5.2090000e+00   4.8130000e+00
   3.6560000e+00   3.5740000e+00   3.6390000e+00   3.6260000e+00   5.5300000e+00   5.0290000e+00
   3.7470000e+00   3.6760000e+00   3.7300000e+00   3.7100000e+00   5.7180000e+00   5.2540000e+00
   3.8640000e+00   3.8050000e+00   3.8380000e+00   3.8100000e+00   5.7440000e+00   5.6440000e+00
   3.9710000e+00   3.9360000e+00   3.9380000e+00   3.9020000e+00   5.8590000e+00   6.0930000e+00
   4.0890000e+00   4.0660000e+00   4.0370000e+00   3.9880000e+00   6.2570000e+00   6.4880000e+00
   4.1820000e+00   4.1780000e+00   4.1260000e+00   4.0710000e+00   6.5400000e+00   6.7130000e+00
   4.2280000e+00   4.2400000e+00   4.1800000e+00   4.1290000e+00   6.6820000e+00   6.9250000e+00
   4.2580000e+00   4.2810000e+00   4.2300000e+00   4.1900000e+00   6.7420000e+00   7.0410000e+00
   4.3040000e+00   4.3260000e+00   4.2970000e+00   4.2720000e+00   6.7640000e+00   6.9280000e+00
   4.3870000e+00   4.3880000e+00   4.3840000e+00   4.3660000e+00   6.7480000e+00   6.8020000e+00
   4.4750000e+00   4.4270000e+00   4.4560000e+00   4.4240000e+00   6.6780000e+00   6.6780000e+00
   4.5420000e+00   4.4680000e+00   4.5120000e+00   4.4590000e+00   6.6180000e+00   6.5090000e+00
   4.5700000e+00   4.5220000e+00   4.5510000e+00   4.4980000e+00   6.4100000e+00   6.3810000e+00
   4.5420000e+00   4.5130000e+00   4.5330000e+00   4.4950000e+00   6.1010000e+00   6.1430000e+00
   4.5040000e+00   4.4560000e+00   4.5070000e+00   4.4830000e+00   5.9740000e+00   5.9670000e+00
   4.4620000e+00   4.4350000e+00   4.4700000e+00   4.4500000e+00   5.9110000e+00   5.8670000e+00
   4.3530000e+00   4.3760000e+00   4.3700000e+00   4.3580000e+00   5.8410000e+00   5.7780000e+00
   4.2460000e+00   4.2590000e+00   4.2630000e+00   4.2520000e+00   5.7670000e+00   5.7140000e+00
   4.1650000e+00   4.1450000e+00   4.1770000e+00   4.1620000e+00   5.6800000e+00   5.6360000e+00
   4.1180000e+00   4.0600000e+00   4.1060000e+00   4.0730000e+00   5.6390000e+00   5.5690000e+00
   4.0820000e+00   3.9900000e+00   4.0430000e+00   4.0030000e+00   5.7060000e+00   5.5490000e+00
   4.1010000e+00   4.0100000e+00   4.0570000e+00   4.0060000e+00   5.6740000e+00   5.5400000e+00
   4.0690000e+00   4.0270000e+00   4.0610000e+00   4.0220000e+00   5.6210000e+00   5.5590000e+00
   4.0510000e+00   4.0270000e+00   4.0700000e+00   4.0470000e+00   5.5620000e+00   5.5310000e+00
   4.1110000e+00   4.0670000e+00   4.1280000e+00   4.1100000e+00   5.5540000e+00   5.5250000e+00
   4.1610000e+00   4.0990000e+00   4.1760000e+00   4.1630000e+00   5.5740000e+00   5.5450000e+00
   4.2150000e+00   4.1350000e+00   4.2280000e+00   4.2160000e+00   5.5780000e+00   5.5260000e+00
   4.2450000e+00   4.1560000e+00   4.2430000e+00   4.2310000e+00   5.5750000e+00   5.5160000e+00
   4.3920000e+00   4.2190000e+00   4.3150000e+00   4.2580000e+00   5.5030000e+00   5.4950000e+00
   4.5390000e+00   4.3720000e+00   4.4860000e+00   4.4340000e+00   5.3760000e+00   5.5040000e+00
   4.5980000e+00   4.4140000e+00   4.5340000e+00   4.4850000e+00   5.3130000e+00   5.4850000e+00
   4.6260000e+00   4.4650000e+00   4.5600000e+00   4.5040000e+00   5.2920000e+00   5.4120000e+00
   4.5380000e+00   4.4270000e+00   4.5000000e+00   4.4650000e+00   5.1940000e+00   5.4250000e+00
   4.4270000e+00   4.3240000e+00   4.3340000e+00   4.2710000e+00   5.1790000e+00   5.2980000e+00
   4.3620000e+00   4.3060000e+00   4.3430000e+00   4.3100000e+00   4.8690000e+00   5.1940000e+00
   4.3260000e+00   4.2090000e+00   4.2630000e+00   4.2090000e+00   4.7870000e+00   5.2330000e+00
   4.2740000e+00   4.1750000e+00   4.2350000e+00   4.1970000e+00   4.7740000e+00   5.0270000e+00
   4.2390000e+00   4.1430000e+00   4.1880000e+00   4.1410000e+00   4.8220000e+00   4.9600000e+00
   4.2520000e+00   4.1640000e+00   4.2020000e+00   4.1490000e+00   4.8860000e+00   4.9420000e+00
   4.2110000e+00   4.1310000e+00   4.1620000e+00   4.1190000e+00   4.8670000e+00   5.0070000e+00
   4.3890000e+00   4.1860000e+00   4.2630000e+00   4.1550000e+00   5.0270000e+00   4.9650000e+00
   4.3910000e+00   4.2310000e+00   4.2940000e+00   4.1910000e+00   5.1040000e+00   4.9350000e+00
   4.4250000e+00   4.2490000e+00   4.3040000e+00   4.2250000e+00   5.0430000e+00   5.0130000e+00
   4.4170000e+00   4.4510000e+00   4.4880000e+00   4.4760000e+00   5.0950000e+00   5.1130000e+00
   4.5710000e+00   4.4010000e+00   4.4720000e+00   4.3870000e+00   5.1390000e+00   5.2170000e+00
   4.6670000e+00   4.6090000e+00   4.6240000e+00   4.5900000e+00   5.0360000e+00   5.2760000e+00
   4.8200000e+00   4.6940000e+00   4.7870000e+00   4.7140000e+00   5.0130000e+00   5.2870000e+00
   4.6290000e+00   4.4990000e+00   4.5560000e+00   4.6130000e+00   5.0750000e+00   5.3370000e+00
   4.8350000e+00   4.7750000e+00   4.9350000e+00   4.9150000e+00   5.1360000e+00   5.3070000e+00
   4.8160000e+00   4.7960000e+00   4.8630000e+00   4.8980000e+00   4.9720000e+00   5.1760000e+00
   5.1140000e+00   4.9470000e+00   5.0580000e+00   4.9680000e+00   4.9500000e+00   5.1240000e+00
   5.0910000e+00   5.0770000e+00   5.1150000e+00   5.1890000e+00   4.6020000e+00   4.9670000e+00
   5.3320000e+00   5.3560000e+00   5.4690000e+00   5.4660000e+00   4.1920000e+00   4.4760000e+00
   5.4240000e+00   5.3080000e+00   5.3860000e+00   5.4060000e+00   3.9780000e+00   4.1940000e+00
   5.3000000e+00   5.3630000e+00   5.3790000e+00   5.5620000e+00   3.8890000e+00   4.1280000e+00
   5.5110000e+00   5.6470000e+00   5.6060000e+00   5.5980000e+00   4.3160000e+00   4.4200000e+00
   5.5350000e+00   5.5370000e+00   5.5150000e+00   5.5270000e+00   4.5460000e+00   4.5230000e+00
   5.7510000e+00   5.7980000e+00   5.7110000e+00   5.6850000e+00   4.4670000e+00   4.5240000e+00
   5.5920000e+00   5.6930000e+00   5.6160000e+00   5.6550000e+00   4.3070000e+00   4.3670000e+00
   5.6390000e+00   5.6860000e+00   5.6660000e+00   5.6810000e+00   4.2830000e+00   4.2610000e+00
   5.5730000e+00   5.6140000e+00   5.6380000e+00   5.7000000e+00   4.2230000e+00   4.2520000e+00
   5.6880000e+00   5.6260000e+00   5.5940000e+00   5.5930000e+00   4.0830000e+00   4.1740000e+00
   5.7350000e+00   5.7310000e+00   5.7140000e+00   5.7480000e+00   4.0860000e+00   4.1620000e+00
   5.8390000e+00   5.8380000e+00   5.8110000e+00   5.8540000e+00   4.0340000e+00   4.1290000e+00
   5.7740000e+00   5.8350000e+00   5.8130000e+00   5.8640000e+00   4.0430000e+00   4.0520000e+00
   5.5940000e+00   5.6450000e+00   5.7580000e+00   5.9010000e+00   4.0230000e+00   3.9470000e+00
   5.6800000e+00   5.7140000e+00   5.6740000e+00   5.7840000e+00   4.0150000e+00   3.9290000e+00
   5.7390000e+00   5.8120000e+00   5.7090000e+00   5.6820000e+00   3.9790000e+00   3.9320000e+00
   5.6350000e+00   5.6120000e+00   5.6750000e+00   5.7810000e+00   3.9770000e+00   3.8950000e+00
   5.7290000e+00   5.6640000e+00   5.7210000e+00   5.8150000e+00   3.9630000e+00   3.8110000e+00
   5.7110000e+00   5.7060000e+00   5.6650000e+00   5.7580000e+00   4.0100000e+00   3.7410000e+00
   5.8420000e+00   5.7530000e+00   5.6990000e+00   5.7090000e+00   4.0030000e+00   3.7090000e+00
   5.9220000e+00   5.9070000e+00   5.8130000e+00   5.8430000e+00   3.9800000e+00   3.6970000e+00
   6.2840000e+00   6.0670000e+00   5.9680000e+00   5.8000000e+00   3.8940000e+00   3.6720000e+00
   5.8690000e+00   5.9260000e+00   6.0090000e+00   6.1730000e+00   3.8060000e+00   3.6600000e+00
   6.0900000e+00   5.8420000e+00   5.8440000e+00   5.8560000e+00   3.7320000e+00   3.6380000e+00
   6.4300000e+00   6.4110000e+00   6.3600000e+00   6.1420000e+00   3.7230000e+00   3.6420000e+00
   6.2080000e+00   6.0750000e+00   6.1550000e+00   6.2570000e+00   3.7300000e+00   3.6120000e+00
   6.3750000e+00   6.2140000e+00   6.2530000e+00   6.2120000e+00   3.7010000e+00   3.6510000e+00
   6.5780000e+00   6.2700000e+00   6.3040000e+00   6.1830000e+00   3.6930000e+00   3.6940000e+00
   6.5600000e+00   6.5930000e+00   6.6150000e+00   6.6760000e+00   3.7990000e+00   3.6830000e+00
   6.5030000e+00   6.3810000e+00   6.3360000e+00   6.2650000e+00   3.9210000e+00   3.5860000e+00
   6.5190000e+00   6.3960000e+00   6.4320000e+00   6.3970000e+00   3.9230000e+00   3.5760000e+00
   6.7840000e+00   6.6220000e+00   6.5840000e+00   6.5180000e+00   4.0000000e+00   3.6730000e+00
   6.7960000e+00   6.6230000e+00   6.6750000e+00   6.6010000e+00   4.6440000e+00   3.8590000e+00
   6.8330000e+00   6.6200000e+00   6.6340000e+00   6.5190000e+00   5.5310000e+00   4.5370000e+00
   6.7920000e+00   6.6730000e+00   6.6730000e+00   6.6140000e+00   5.6410000e+00   5.2230000e+00
   6.8490000e+00   6.5790000e+00   6.5860000e+00   6.4580000e+00   5.5470000e+00   5.4620000e+00
   6.8380000e+00   6.6730000e+00   6.6310000e+00   6.5260000e+00   5.5330000e+00   5.6860000e+00
   6.8840000e+00   6.7300000e+00   6.7170000e+00   6.6500000e+00   5.6450000e+00   5.7500000e+00
   6.7570000e+00   6.5870000e+00   6.6170000e+00   6.5580000e+00   5.8140000e+00   5.8780000e+00
   6.7170000e+00   6.5500000e+00   6.5840000e+00   6.5160000e+00   5.9860000e+00   5.9750000e+00
   6.7120000e+00   6.5570000e+00   6.5940000e+00   6.5400000e+00   6.0160000e+00   6.0600000e+00
   6.7120000e+00   6.5860000e+00   6.6260000e+00   6.6000000e+00   6.0360000e+00   6.1080000e+00
   6.7100000e+00   6.6210000e+00   6.6540000e+00   6.6430000e+00   6.0420000e+00   6.1140000e+00
   6.6540000e+00   6.6250000e+00   6.6230000e+00   6.6230000e+00   6.1390000e+00   6.3480000e+00
   6.6400000e+00   6.6450000e+00   6.6230000e+00   6.6250000e+00   6.5470000e+00   6.6190000e+00
   6.6500000e+00   6.6720000e+00   6.6540000e+00   6.6610000e+00   6.8390000e+00   6.8340000e+00
   6.6580000e+00   6.6460000e+00   6.6400000e+00   6.6390000e+00   7.0470000e+00   7.1950000e+00
   6.6170000e+00   6.6440000e+00   6.6180000e+00   6.6150000e+00   7.2420000e+00   7.4220000e+00
   6.5430000e+00   6.5900000e+00   6.5510000e+00   6.5610000e+00   7.5340000e+00   7.6060000e+00
   6.4720000e+00   6.5180000e+00   6.4790000e+00   6.4910000e+00   7.9150000e+00   7.7940000e+00
   6.4320000e+00   6.4870000e+00   6.4550000e+00   6.4750000e+00   8.2000000e+00   7.8510000e+00
   6.4570000e+00   6.4930000e+00   6.4540000e+00   6.4610000e+00   8.3270000e+00   7.9570000e+00
   6.5510000e+00   6.6330000e+00   6.5460000e+00   6.5500000e+00   8.1150000e+00   8.0800000e+00
   6.6460000e+00   6.7140000e+00   6.6350000e+00   6.6520000e+00   7.6600000e+00   7.9570000e+00
   6.7490000e+00   6.8200000e+00   6.7590000e+00   6.7840000e+00   7.3410000e+00   7.6900000e+00
   6.8940000e+00   6.9620000e+00   6.9090000e+00   6.9360000e+00   7.2330000e+00   7.3160000e+00
   7.0950000e+00   7.1910000e+00   7.1330000e+00   7.1680000e+00   6.9620000e+00   6.9300000e+00
   7.1470000e+00   7.2700000e+00   7.2170000e+00   7.2720000e+00   6.9030000e+00   6.8710000e+00
   6.7740000e+00   6.9700000e+00   6.9480000e+00   7.0490000e+00   7.3480000e+00   7.0780000e+00
   6.5320000e+00   6.6530000e+00   6.6450000e+00   6.7260000e+00   6.4810000e+00   7.0390000e+00
   6.5470000e+00   6.7320000e+00   6.6120000e+00   6.6710000e+00   6.5100000e+00   5.6530000e+00
   6.6740000e+00   6.7180000e+00   6.7000000e+00   6.7450000e+00   6.1690000e+00   5.7690000e+00
   5.7190000e+00   5.7630000e+00   5.9130000e+00   6.0630000e+00   6.6820000e+00   5.6080000e+00
   7.1500000e+00   7.1950000e+00   6.9430000e+00   6.8360000e+00   7.9830000e+00   7.8340000e+00
   7.8670000e+00   7.9630000e+00   7.7670000e+00   7.7450000e+00   7.0300000e+00   8.1950000e+00
   7.0390000e+00   6.9990000e+00   7.1140000e+00   7.1840000e+00   6.6530000e+00   6.3910000e+00
   7.4010000e+00   7.3310000e+00   7.4050000e+00   7.3940000e+00   6.3990000e+00   6.3270000e+00
   6.3080000e+00   6.5070000e+00   6.5370000e+00   6.6830000e+00   5.3360000e+00   5.9230000e+00
