   1.4386000e+03   1.4419000e+03   1.4402000e+03   1.4414000e+03   1.3362000e+03   1.3416000e+03
   1.4111000e+03   1.4167000e+03   1.4135000e+03   1.4130000e+03   1.3088000e+03   1.3084000e+03
   1.4199000e+03   1.4257000e+03   1.4230000e+03   1.4251000e+03   1.3115000e+03   1.3057000e+03
   1.4325000e+03   1.4363000e+03   1.4350000e+03   1.4360000e+03   1.3349000e+03   1.3344000e+03
   1.4548000e+03   1.4564000e+03   1.4550000e+03   1.4559000e+03   1.3718000e+03   1.3702000e+03
   1.4856000e+03   1.4878000e+03   1.4851000e+03   1.4859000e+03   1.3885000e+03   1.3899000e+03
   1.4592000e+03   1.4639000e+03   1.4620000e+03   1.4635000e+03   1.3749000e+03   1.3706000e+03
   1.4518000e+03   1.4553000e+03   1.4520000e+03   1.4525000e+03   1.3595000e+03   1.3553000e+03
   1.4553000e+03   1.4603000e+03   1.4572000e+03   1.4576000e+03   1.3471000e+03   1.3453000e+03
   1.4633000e+03   1.4667000e+03   1.4650000e+03   1.4659000e+03   1.3574000e+03   1.3535000e+03
   1.4752000e+03   1.4787000e+03   1.4765000e+03   1.4765000e+03   1.3666000e+03   1.3667000e+03
   1.4716000e+03   1.4766000e+03   1.4756000e+03   1.4769000e+03   1.3555000e+03   1.3575000e+03
   1.4610000e+03   1.4645000e+03   1.4636000e+03   1.4660000e+03   1.3377000e+03   1.3391000e+03
   1.4350000e+03   1.4384000e+03   1.4372000e+03   1.4389000e+03   1.3103000e+03   1.3074000e+03
   1.4234000e+03   1.4291000e+03   1.4267000e+03   1.4294000e+03   1.2872000e+03   1.2886000e+03
   1.4228000e+03   1.4262000e+03   1.4252000e+03   1.4267000e+03   1.2938000e+03   1.2926000e+03
   1.4331000e+03   1.4371000e+03   1.4351000e+03   1.4363000e+03   1.3105000e+03   1.3082000e+03
   1.4303000e+03   1.4348000e+03   1.4339000e+03   1.4363000e+03   1.3151000e+03   1.3128000e+03
   1.4238000e+03   1.4285000e+03   1.4261000e+03   1.4279000e+03   1.3152000e+03   1.3153000e+03
   1.4067000e+03   1.4100000e+03   1.4071000e+03   1.4081000e+03   1.2880000e+03   1.2946000e+03
   1.3926000e+03   1.3966000e+03   1.3935000e+03   1.3942000e+03   1.2704000e+03   1.2755000e+03
   1.4044000e+03   1.4056000e+03   1.4034000e+03   1.4039000e+03   1.3177000e+03   1.2993000e+03
   1.4057000e+03   1.4091000e+03   1.4063000e+03   1.4064000e+03   1.3807000e+03   1.3465000e+03
   1.4132000e+03   1.4163000e+03   1.4137000e+03   1.4164000e+03   1.2936000e+03   1.3559000e+03
   1.4087000e+03   1.4111000e+03   1.4104000e+03   1.4119000e+03   1.3337000e+03   1.3263000e+03
   1.3937000e+03   1.3935000e+03   1.3940000e+03   1.3952000e+03   1.3403000e+03   1.3026000e+03
   1.3995000e+03   1.3972000e+03   1.3973000e+03   1.3987000e+03   1.3132000e+03   1.2952000e+03
   1.3845000e+03   1.3924000e+03   1.3902000e+03   1.3941000e+03   1.3070000e+03   1.2874000e+03
   1.3908000e+03   1.3920000e+03   1.3871000e+03   1.3856000e+03   1.3107000e+03   1.2955000e+03
   1.3785000e+03   1.3752000e+03   1.3798000e+03   1.3852000e+03   1.3190000e+03   1.3027000e+03
   1.3759000e+03   1.3800000e+03   1.3776000e+03   1.3785000e+03   1.3153000e+03   1.3000000e+03
   1.3618000e+03   1.3574000e+03   1.3576000e+03   1.3511000e+03   1.3173000e+03   1.2879000e+03
   1.4237000e+03   1.4267000e+03   1.4080000e+03   1.4022000e+03   1.3059000e+03   1.2845000e+03
   1.4076000e+03   1.4320000e+03   1.4255000e+03   1.4326000e+03   1.2878000e+03   1.2749000e+03
   1.4001000e+03   1.3978000e+03   1.3942000e+03   1.3913000e+03   1.2891000e+03   1.2728000e+03
   1.4178000e+03   1.4211000e+03   1.4109000e+03   1.4095000e+03   1.2948000e+03   1.2730000e+03
   1.4080000e+03   1.4223000e+03   1.4121000e+03   1.4168000e+03   1.2853000e+03   1.2717000e+03
   1.4262000e+03   1.4439000e+03   1.4248000e+03   1.4253000e+03   1.2689000e+03   1.2622000e+03
   1.4379000e+03   1.4477000e+03   1.4359000e+03   1.4404000e+03   1.2563000e+03   1.2440000e+03
   1.4146000e+03   1.4311000e+03   1.4206000e+03   1.4281000e+03   1.2380000e+03   1.2228000e+03
   1.3917000e+03   1.3997000e+03   1.3968000e+03   1.4046000e+03   1.2083000e+03   1.1991000e+03
   1.3870000e+03   1.3948000e+03   1.3868000e+03   1.3887000e+03   1.2022000e+03   1.1858000e+03
   1.3992000e+03   1.4039000e+03   1.3955000e+03   1.3957000e+03   1.1963000e+03   1.1681000e+03
   1.4048000e+03   1.4120000e+03   1.4035000e+03   1.4055000e+03   1.1979000e+03   1.1801000e+03
   1.3965000e+03   1.4013000e+03   1.3965000e+03   1.4002000e+03   1.1886000e+03   1.1671000e+03
   1.3775000e+03   1.3831000e+03   1.3770000e+03   1.3800000e+03   1.1706000e+03   1.1550000e+03
   1.3681000e+03   1.3718000e+03   1.3667000e+03   1.3702000e+03   1.1472000e+03   1.1441000e+03
   1.3475000e+03   1.3520000e+03   1.3516000e+03   1.3566000e+03   1.1225000e+03   1.1247000e+03
   1.3271000e+03   1.3349000e+03   1.3311000e+03   1.3346000e+03   1.0975000e+03   1.1124000e+03
   1.3274000e+03   1.3315000e+03   1.3262000e+03   1.3260000e+03   1.0583000e+03   1.0902000e+03
   1.3038000e+03   1.3139000e+03   1.3092000e+03   1.3133000e+03   1.0434000e+03   1.0596000e+03
   1.3138000e+03   1.3219000e+03   1.3139000e+03   1.3120000e+03   1.0399000e+03   1.0331000e+03
   1.2918000e+03   1.3128000e+03   1.3031000e+03   1.3008000e+03   1.0256000e+03   1.0093000e+03
   1.3025000e+03   1.3029000e+03   1.2969000e+03   1.2951000e+03   1.0201000e+03   9.9985000e+02
   1.2945000e+03   1.2953000e+03   1.2909000e+03   1.2898000e+03   1.0200000e+03   9.9365000e+02
   1.2803000e+03   1.2814000e+03   1.2783000e+03   1.2807000e+03   1.0221000e+03   1.0002000e+03
   1.2434000e+03   1.2450000e+03   1.2459000e+03   1.2464000e+03   1.0294000e+03   1.0104000e+03
   1.2000000e+03   1.2036000e+03   1.2070000e+03   1.2127000e+03   1.0397000e+03   1.0237000e+03
   1.1806000e+03   1.1788000e+03   1.1794000e+03   1.1796000e+03   1.0427000e+03   1.0291000e+03
   1.1661000e+03   1.1649000e+03   1.1640000e+03   1.1639000e+03   1.0548000e+03   1.0424000e+03
   1.1564000e+03   1.1539000e+03   1.1522000e+03   1.1525000e+03   1.0627000e+03   1.0480000e+03
   1.1732000e+03   1.1740000e+03   1.1669000e+03   1.1617000e+03   1.0689000e+03   1.0566000e+03
   1.1877000e+03   1.1870000e+03   1.1833000e+03   1.1800000e+03   1.0763000e+03   1.0655000e+03
   1.1793000e+03   1.1802000e+03   1.1778000e+03   1.1765000e+03   1.0768000e+03   1.0672000e+03
   1.1816000e+03   1.1824000e+03   1.1794000e+03   1.1790000e+03   1.0818000e+03   1.0773000e+03
   1.1785000e+03   1.1813000e+03   1.1760000e+03   1.1742000e+03   1.0917000e+03   1.0842000e+03
   1.1882000e+03   1.1878000e+03   1.1843000e+03   1.1820000e+03   1.0975000e+03   1.0937000e+03
   1.1993000e+03   1.1990000e+03   1.1967000e+03   1.1956000e+03   1.1115000e+03   1.1060000e+03
   1.2072000e+03   1.2086000e+03   1.2061000e+03   1.2040000e+03   1.1214000e+03   1.1153000e+03
   1.2060000e+03   1.2078000e+03   1.2042000e+03   1.2032000e+03   1.1271000e+03   1.1211000e+03
   1.1966000e+03   1.1987000e+03   1.1959000e+03   1.1951000e+03   1.1369000e+03   1.1309000e+03
   1.2000000e+03   1.2026000e+03   1.1987000e+03   1.1982000e+03   1.1490000e+03   1.1411000e+03
   1.1964000e+03   1.1984000e+03   1.1952000e+03   1.1948000e+03   1.1564000e+03   1.1469000e+03
   1.1986000e+03   1.2010000e+03   1.1981000e+03   1.1979000e+03   1.1614000e+03   1.1543000e+03
   1.1951000e+03   1.1977000e+03   1.1954000e+03   1.1956000e+03   1.1685000e+03   1.1594000e+03
   1.1915000e+03   1.1929000e+03   1.1929000e+03   1.1939000e+03   1.1721000e+03   1.1645000e+03
   1.1845000e+03   1.1842000e+03   1.1856000e+03   1.1861000e+03   1.1780000e+03   1.1703000e+03
   1.1805000e+03   1.1803000e+03   1.1805000e+03   1.1802000e+03   1.1798000e+03   1.1682000e+03
   1.1830000e+03   1.1829000e+03   1.1806000e+03   1.1787000e+03   1.1806000e+03   1.1681000e+03
   1.1823000e+03   1.1831000e+03   1.1801000e+03   1.1784000e+03   1.1844000e+03   1.1726000e+03
   1.1804000e+03   1.1824000e+03   1.1802000e+03   1.1796000e+03   1.1862000e+03   1.1773000e+03
   1.1807000e+03   1.1827000e+03   1.1812000e+03   1.1813000e+03   1.1851000e+03   1.1813000e+03
   1.1877000e+03   1.1878000e+03   1.1872000e+03   1.1864000e+03   1.1853000e+03   1.1830000e+03
   1.1932000e+03   1.1945000e+03   1.1928000e+03   1.1933000e+03   1.1897000e+03   1.1923000e+03
   1.1995000e+03   1.2006000e+03   1.1980000e+03   1.1972000e+03   1.1965000e+03   1.1981000e+03
   1.2042000e+03   1.2064000e+03   1.2027000e+03   1.2016000e+03   1.2035000e+03   1.1979000e+03
   1.2059000e+03   1.2091000e+03   1.2053000e+03   1.2043000e+03   1.2050000e+03   1.1951000e+03
   1.1639000e+03   1.1704000e+03   1.1654000e+03   1.1656000e+03   1.1771000e+03   1.1636000e+03
   1.1303000e+03   1.1306000e+03   1.1285000e+03   1.1269000e+03   1.1442000e+03   1.1356000e+03
   1.1283000e+03   1.1300000e+03   1.1278000e+03   1.1265000e+03   1.1326000e+03   1.1258000e+03
   1.1210000e+03   1.1231000e+03   1.1202000e+03   1.1201000e+03   1.1332000e+03   1.1224000e+03
   1.1293000e+03   1.1286000e+03   1.1282000e+03   1.1283000e+03   1.1436000e+03   1.1322000e+03
   1.1193000e+03   1.1214000e+03   1.1186000e+03   1.1180000e+03   1.1395000e+03   1.1265000e+03
   1.1048000e+03   1.1079000e+03   1.1039000e+03   1.1031000e+03   1.1259000e+03   1.1144000e+03
   1.0862000e+03   1.0873000e+03   1.0847000e+03   1.0841000e+03   1.1006000e+03   1.0874000e+03
   1.0606000e+03   1.0633000e+03   1.0610000e+03   1.0608000e+03   1.0800000e+03   1.0710000e+03
   1.0520000e+03   1.0534000e+03   1.0510000e+03   1.0509000e+03   1.0748000e+03   1.0641000e+03
   1.0460000e+03   1.0490000e+03   1.0453000e+03   1.0454000e+03   1.0750000e+03   1.0627000e+03
   1.0362000e+03   1.0390000e+03   1.0360000e+03   1.0354000e+03   1.0707000e+03   1.0578000e+03
   1.0395000e+03   1.0421000e+03   1.0395000e+03   1.0393000e+03   1.0699000e+03   1.0553000e+03
   1.0308000e+03   1.0331000e+03   1.0291000e+03   1.0274000e+03   1.0612000e+03   1.0458000e+03
   1.0136000e+03   1.0161000e+03   1.0118000e+03   1.0107000e+03   1.0466000e+03   1.0271000e+03
   9.9813000e+02   1.0022000e+03   9.9648000e+02   9.9624000e+02   1.0316000e+03   1.0127000e+03
   9.8976000e+02   9.9172000e+02   9.8738000e+02   9.8571000e+02   1.0212000e+03   1.0040000e+03
   9.8233000e+02   9.8448000e+02   9.8178000e+02   9.8184000e+02   1.0183000e+03   9.9842000e+02
   9.7317000e+02   9.7551000e+02   9.7229000e+02   9.7163000e+02   1.0161000e+03   9.9754000e+02
   9.6700000e+02   9.6848000e+02   9.6529000e+02   9.6436000e+02   1.0163000e+03   9.9851000e+02
   9.5701000e+02   9.5654000e+02   9.5434000e+02   9.5351000e+02   1.0185000e+03   9.9899000e+02
   9.4576000e+02   9.4713000e+02   9.4427000e+02   9.4253000e+02   1.0127000e+03   9.9764000e+02
   9.4154000e+02   9.4299000e+02   9.3997000e+02   9.3856000e+02   1.0107000e+03   9.9471000e+02
   9.4163000e+02   9.4237000e+02   9.3992000e+02   9.3778000e+02   1.0148000e+03   1.0027000e+03
   9.6195000e+02   9.6209000e+02   9.6016000e+02   9.5841000e+02   1.0403000e+03   1.0298000e+03
   9.8520000e+02   9.8525000e+02   9.8322000e+02   9.8211000e+02   1.0670000e+03   1.0516000e+03
   9.9230000e+02   9.9199000e+02   9.9104000e+02   9.8982000e+02   1.0700000e+03   1.0536000e+03
   9.9133000e+02   9.9226000e+02   9.9009000e+02   9.8841000e+02   1.0709000e+03   1.0506000e+03
   9.8279000e+02   9.8338000e+02   9.8048000e+02   9.8029000e+02   1.0650000e+03   1.0418000e+03
   9.8493000e+02   9.8470000e+02   9.8220000e+02   9.8011000e+02   1.0628000e+03   1.0423000e+03
   9.9077000e+02   9.9068000e+02   9.8876000e+02   9.8637000e+02   1.0621000e+03   1.0462000e+03
   1.0018000e+03   1.0014000e+03   9.9816000e+02   9.9741000e+02   1.0718000e+03   1.0554000e+03
   1.0094000e+03   1.0076000e+03   1.0076000e+03   1.0055000e+03   1.0796000e+03   1.0631000e+03
   1.0084000e+03   1.0074000e+03   1.0058000e+03   1.0057000e+03   1.0763000e+03   1.0616000e+03
   1.0129000e+03   1.0095000e+03   1.0098000e+03   1.0089000e+03   1.0722000e+03   1.0630000e+03
   1.0269000e+03   1.0239000e+03   1.0228000e+03   1.0215000e+03   1.0791000e+03   1.0716000e+03
   1.0248000e+03   1.0249000e+03   1.0213000e+03   1.0210000e+03   1.0907000e+03   1.0763000e+03
   1.0057000e+03   1.0091000e+03   1.0036000e+03   1.0030000e+03   1.0857000e+03   1.0738000e+03
   1.0144000e+03   1.0127000e+03   1.0092000e+03   1.0084000e+03   1.0836000e+03   1.0743000e+03
   1.0148000e+03   1.0097000e+03   1.0110000e+03   1.0096000e+03   1.0793000e+03   1.0725000e+03
   1.0201000e+03   1.0166000e+03   1.0167000e+03   1.0151000e+03   1.0824000e+03   1.0755000e+03
   1.0424000e+03   1.0385000e+03   1.0362000e+03   1.0367000e+03   1.0791000e+03   1.0712000e+03
   1.0384000e+03   1.0350000e+03   1.0328000e+03   1.0310000e+03   1.0720000e+03   1.0659000e+03
   1.0431000e+03   1.0371000e+03   1.0386000e+03   1.0395000e+03   1.0712000e+03   1.0562000e+03
   1.0575000e+03   1.0518000e+03   1.0559000e+03   1.0581000e+03   1.0695000e+03   1.0547000e+03
   1.0611000e+03   1.0612000e+03   1.0575000e+03   1.0588000e+03   1.0637000e+03   1.0510000e+03
   1.0442000e+03   1.0471000e+03   1.0427000e+03   1.0459000e+03   1.0560000e+03   1.0442000e+03
   1.0141000e+03   1.0182000e+03   1.0090000e+03   1.0088000e+03   1.0497000e+03   1.0350000e+03
   9.8392000e+02   9.8265000e+02   9.8192000e+02   9.8522000e+02   1.0276000e+03   1.0169000e+03
   9.6857000e+02   9.7019000e+02   9.6719000e+02   9.6942000e+02   1.0118000e+03   9.9479000e+02
   9.6044000e+02   9.6718000e+02   9.6233000e+02   9.6192000e+02   9.9908000e+02   9.8564000e+02
   9.6002000e+02   9.6151000e+02   9.5753000e+02   9.5678000e+02   9.8704000e+02   9.7309000e+02
   9.5800000e+02   9.6214000e+02   9.5883000e+02   9.5784000e+02   9.7914000e+02   9.6632000e+02
   9.6997000e+02   9.7308000e+02   9.6978000e+02   9.6980000e+02   9.6622000e+02   9.5322000e+02
   9.6578000e+02   9.7238000e+02   9.7288000e+02   9.7569000e+02   9.5234000e+02   9.4163000e+02
   9.5987000e+02   9.6342000e+02   9.6243000e+02   9.6621000e+02   9.3485000e+02   9.2405000e+02
   9.3988000e+02   9.4880000e+02   9.4230000e+02   9.4493000e+02   9.2423000e+02   9.0884000e+02
   9.2857000e+02   9.3810000e+02   9.3129000e+02   9.3309000e+02   9.2341000e+02   9.0533000e+02
   9.2848000e+02   9.3568000e+02   9.3178000e+02   9.3398000e+02   9.2452000e+02   9.0406000e+02
   9.2555000e+02   9.3192000e+02   9.2966000e+02   9.3188000e+02   9.2351000e+02   9.0380000e+02
   9.3128000e+02   9.3675000e+02   9.3500000e+02   9.3672000e+02   9.1465000e+02   8.9696000e+02
   9.2286000e+02   9.3048000e+02   9.2501000e+02   9.2547000e+02   9.0578000e+02   8.8623000e+02
   9.2326000e+02   9.2691000e+02   9.2330000e+02   9.2233000e+02   8.9730000e+02   8.7889000e+02
   9.2273000e+02   9.3066000e+02   9.2705000e+02   9.2890000e+02   8.8773000e+02   8.7098000e+02
   9.2508000e+02   9.2653000e+02   9.2249000e+02   9.2249000e+02   8.8104000e+02   8.6625000e+02
   9.3038000e+02   9.3064000e+02   9.2764000e+02   9.2767000e+02   8.7316000e+02   8.5811000e+02
   9.2189000e+02   9.2272000e+02   9.1829000e+02   9.1751000e+02   8.6624000e+02   8.4992000e+02
   9.1173000e+02   9.1264000e+02   9.1016000e+02   9.1107000e+02   8.6032000e+02   8.4433000e+02
   8.9812000e+02   8.9794000e+02   8.9602000e+02   8.9712000e+02   8.6145000e+02   8.3971000e+02
   8.9257000e+02   8.9086000e+02   8.8973000e+02   8.8919000e+02   8.6683000e+02   8.4238000e+02
   9.0092000e+02   8.9788000e+02   8.9613000e+02   8.9393000e+02   8.7030000e+02   8.5092000e+02
   9.0602000e+02   9.0353000e+02   9.0080000e+02   8.9937000e+02   8.8134000e+02   8.6413000e+02
   9.4357000e+02   9.3997000e+02   9.3691000e+02   9.3393000e+02   9.0975000e+02   8.9394000e+02
   9.7270000e+02   9.7216000e+02   9.6941000e+02   9.6736000e+02   9.3279000e+02   9.2082000e+02
   9.8512000e+02   9.8651000e+02   9.8390000e+02   9.8331000e+02   9.4470000e+02   9.3510000e+02
   9.9518000e+02   9.9661000e+02   9.9465000e+02   9.9516000e+02   9.5845000e+02   9.4872000e+02
   9.9729000e+02   9.9890000e+02   9.9681000e+02   9.9637000e+02   9.6271000e+02   9.5906000e+02
   1.0076000e+03   1.0091000e+03   1.0071000e+03   1.0059000e+03   9.7384000e+02   9.6938000e+02
   1.0217000e+03   1.0226000e+03   1.0202000e+03   1.0193000e+03   9.8694000e+02   9.8301000e+02
   1.0425000e+03   1.0428000e+03   1.0416000e+03   1.0392000e+03   1.0059000e+03   1.0049000e+03
   1.0624000e+03   1.0632000e+03   1.0608000e+03   1.0588000e+03   1.0207000e+03   1.0205000e+03
   1.0702000e+03   1.0699000e+03   1.0677000e+03   1.0657000e+03   1.0552000e+03   1.0409000e+03
   1.0769000e+03   1.0770000e+03   1.0747000e+03   1.0729000e+03   1.0810000e+03   1.0702000e+03
   1.0884000e+03   1.0870000e+03   1.0845000e+03   1.0832000e+03   1.0991000e+03   1.0902000e+03
   1.0939000e+03   1.0927000e+03   1.0914000e+03   1.0889000e+03   1.1233000e+03   1.1111000e+03
   1.1069000e+03   1.1077000e+03   1.1054000e+03   1.1021000e+03   1.1421000e+03   1.1311000e+03
   1.1173000e+03   1.1164000e+03   1.1141000e+03   1.1131000e+03   1.1574000e+03   1.1516000e+03
   1.1255000e+03   1.1265000e+03   1.1254000e+03   1.1241000e+03   1.1727000e+03   1.1706000e+03
   1.1380000e+03   1.1380000e+03   1.1367000e+03   1.1357000e+03   1.1886000e+03   1.1895000e+03
   1.1476000e+03   1.1441000e+03   1.1447000e+03   1.1427000e+03   1.2072000e+03   1.2019000e+03
   1.1557000e+03   1.1560000e+03   1.1537000e+03   1.1522000e+03   1.2217000e+03   1.2135000e+03
   1.1636000e+03   1.1616000e+03   1.1599000e+03   1.1577000e+03   1.2361000e+03   1.2272000e+03
   1.1717000e+03   1.1722000e+03   1.1695000e+03   1.1671000e+03   1.2471000e+03   1.2387000e+03
   1.1793000e+03   1.1786000e+03   1.1763000e+03   1.1735000e+03   1.2570000e+03   1.2523000e+03
   1.1837000e+03   1.1834000e+03   1.1809000e+03   1.1786000e+03   1.2641000e+03   1.2605000e+03
   1.1899000e+03   1.1895000e+03   1.1870000e+03   1.1847000e+03   1.2672000e+03   1.2596000e+03
   1.1522000e+03   1.1530000e+03   1.1509000e+03   1.1486000e+03   1.2332000e+03   1.2272000e+03
   1.1160000e+03   1.1150000e+03   1.1129000e+03   1.1112000e+03   1.2005000e+03   1.1953000e+03
   1.1034000e+03   1.1029000e+03   1.1011000e+03   1.0985000e+03   1.1911000e+03   1.1861000e+03
   1.0994000e+03   1.0980000e+03   1.0975000e+03   1.0950000e+03   1.1898000e+03   1.1851000e+03
   1.1131000e+03   1.1124000e+03   1.1110000e+03   1.1089000e+03   1.2023000e+03   1.1966000e+03
   1.1112000e+03   1.1101000e+03   1.1074000e+03   1.1050000e+03   1.2037000e+03   1.1958000e+03
   1.1018000e+03   1.1000000e+03   1.0980000e+03   1.0959000e+03   1.1996000e+03   1.1904000e+03
   1.0790000e+03   1.0779000e+03   1.0775000e+03   1.0745000e+03   1.1810000e+03   1.1729000e+03
   1.0629000e+03   1.0636000e+03   1.0610000e+03   1.0592000e+03   1.1681000e+03   1.1617000e+03
   1.0613000e+03   1.0620000e+03   1.0598000e+03   1.0578000e+03   1.1683000e+03   1.1640000e+03
   1.0630000e+03   1.0632000e+03   1.0607000e+03   1.0578000e+03   1.1687000e+03   1.1655000e+03
   1.0631000e+03   1.0630000e+03   1.0606000e+03   1.0581000e+03   1.1627000e+03   1.1616000e+03
   1.0949000e+03   1.0931000e+03   1.0923000e+03   1.0893000e+03   1.1814000e+03   1.1780000e+03
   1.1080000e+03   1.1056000e+03   1.1053000e+03   1.1028000e+03   1.1975000e+03   1.1924000e+03
   1.1098000e+03   1.1079000e+03   1.1059000e+03   1.1033000e+03   1.2044000e+03   1.1955000e+03
   1.1103000e+03   1.1086000e+03   1.1075000e+03   1.1043000e+03   1.2077000e+03   1.1974000e+03
   1.1052000e+03   1.1041000e+03   1.1037000e+03   1.1014000e+03   1.2093000e+03   1.1990000e+03
   1.1126000e+03   1.1128000e+03   1.1123000e+03   1.1111000e+03   1.2159000e+03   1.2093000e+03
   1.1214000e+03   1.1199000e+03   1.1210000e+03   1.1195000e+03   1.2255000e+03   1.2196000e+03
   1.1379000e+03   1.1360000e+03   1.1339000e+03   1.1322000e+03   1.2409000e+03   1.2354000e+03
   1.1467000e+03   1.1458000e+03   1.1432000e+03   1.1386000e+03   1.2462000e+03   1.2406000e+03
   1.1436000e+03   1.1428000e+03   1.1429000e+03   1.1420000e+03   1.2425000e+03   1.2371000e+03
   1.1497000e+03   1.1488000e+03   1.1468000e+03   1.1444000e+03   1.2418000e+03   1.2385000e+03
   1.1548000e+03   1.1531000e+03   1.1531000e+03   1.1505000e+03   1.2443000e+03   1.2431000e+03
   1.1866000e+03   1.1867000e+03   1.1856000e+03   1.1849000e+03   1.2736000e+03   1.2740000e+03
   1.2251000e+03   1.2229000e+03   1.2235000e+03   1.2229000e+03   1.3078000e+03   1.3065000e+03
   1.2394000e+03   1.2404000e+03   1.2368000e+03   1.2362000e+03   1.3278000e+03   1.3238000e+03
   1.2482000e+03   1.2475000e+03   1.2465000e+03   1.2438000e+03   1.3399000e+03   1.3359000e+03
   1.2438000e+03   1.2417000e+03   1.2402000e+03   1.2370000e+03   1.3422000e+03   1.3364000e+03
   1.2576000e+03   1.2550000e+03   1.2539000e+03   1.2513000e+03   1.3558000e+03   1.3517000e+03
   1.2794000e+03   1.2774000e+03   1.2766000e+03   1.2748000e+03   1.3770000e+03   1.3718000e+03
   1.3077000e+03   1.3062000e+03   1.3058000e+03   1.3030000e+03   1.4042000e+03   1.4010000e+03
   1.3338000e+03   1.3339000e+03   1.3316000e+03   1.3304000e+03   1.4291000e+03   1.4252000e+03
   1.3425000e+03   1.3441000e+03   1.3412000e+03   1.3402000e+03   1.4384000e+03   1.4323000e+03
   1.3520000e+03   1.3512000e+03   1.3501000e+03   1.3495000e+03   1.4415000e+03   1.4381000e+03
   1.3645000e+03   1.3638000e+03   1.3626000e+03   1.3615000e+03   1.4533000e+03   1.4485000e+03
   1.3614000e+03   1.3609000e+03   1.3596000e+03   1.3590000e+03   1.4506000e+03   1.4465000e+03
   1.3696000e+03   1.3708000e+03   1.3689000e+03   1.3688000e+03   1.4537000e+03   1.4491000e+03
   1.3884000e+03   1.3880000e+03   1.3864000e+03   1.3854000e+03   1.4641000e+03   1.4594000e+03
   1.3983000e+03   1.3998000e+03   1.3983000e+03   1.3975000e+03   1.4704000e+03   1.4649000e+03
   1.4083000e+03   1.4112000e+03   1.4089000e+03   1.4075000e+03   1.4755000e+03   1.4682000e+03
   1.4129000e+03   1.4145000e+03   1.4140000e+03   1.4125000e+03   1.4752000e+03   1.4679000e+03
   1.4194000e+03   1.4223000e+03   1.4212000e+03   1.4211000e+03   1.4753000e+03   1.4683000e+03
   1.4241000e+03   1.4276000e+03   1.4262000e+03   1.4260000e+03   1.4765000e+03   1.4690000e+03
   1.4328000e+03   1.4368000e+03   1.4355000e+03   1.4361000e+03   1.4855000e+03   1.4754000e+03
   1.4457000e+03   1.4483000e+03   1.4475000e+03   1.4483000e+03   1.4934000e+03   1.4852000e+03
   1.4535000e+03   1.4568000e+03   1.4556000e+03   1.4561000e+03   1.4949000e+03   1.4859000e+03
   1.4627000e+03   1.4674000e+03   1.4655000e+03   1.4665000e+03   1.4897000e+03   1.4817000e+03
   1.4542000e+03   1.4591000e+03   1.4569000e+03   1.4568000e+03   1.4700000e+03   1.4627000e+03
   1.4410000e+03   1.4458000e+03   1.4439000e+03   1.4440000e+03   1.4477000e+03   1.4409000e+03
   1.4400000e+03   1.4446000e+03   1.4426000e+03   1.4444000e+03   1.4354000e+03   1.4298000e+03
   1.4400000e+03   1.4464000e+03   1.4445000e+03   1.4461000e+03   1.4290000e+03   1.4225000e+03
   1.4447000e+03   1.4501000e+03   1.4483000e+03   1.4502000e+03   1.4276000e+03   1.4211000e+03
   1.4374000e+03   1.4440000e+03   1.4419000e+03   1.4435000e+03   1.4175000e+03   1.4130000e+03
   1.4280000e+03   1.4342000e+03   1.4328000e+03   1.4343000e+03   1.4074000e+03   1.3995000e+03
   1.4160000e+03   1.4193000e+03   1.4191000e+03   1.4219000e+03   1.3908000e+03   1.3846000e+03
   1.4040000e+03   1.4095000e+03   1.4085000e+03   1.4098000e+03   1.3802000e+03   1.3742000e+03
   1.4067000e+03   1.4113000e+03   1.4096000e+03   1.4118000e+03   1.3819000e+03   1.3748000e+03
   1.4100000e+03   1.4148000e+03   1.4130000e+03   1.4152000e+03   1.3846000e+03   1.3773000e+03
   1.4127000e+03   1.4160000e+03   1.4148000e+03   1.4178000e+03   1.3834000e+03   1.3753000e+03
   1.4150000e+03   1.4210000e+03   1.4192000e+03   1.4228000e+03   1.3724000e+03   1.3656000e+03
   1.4044000e+03   1.4091000e+03   1.4088000e+03   1.4105000e+03   1.3645000e+03   1.3586000e+03
   1.3957000e+03   1.4004000e+03   1.3994000e+03   1.4012000e+03   1.3557000e+03   1.3499000e+03
   1.3893000e+03   1.3934000e+03   1.3933000e+03   1.3956000e+03   1.3485000e+03   1.3423000e+03
   1.3875000e+03   1.3902000e+03   1.3907000e+03   1.3930000e+03   1.3440000e+03   1.3376000e+03
   1.3871000e+03   1.3907000e+03   1.3899000e+03   1.3922000e+03   1.3360000e+03   1.3306000e+03
   1.3799000e+03   1.3809000e+03   1.3805000e+03   1.3825000e+03   1.3290000e+03   1.3243000e+03
   1.3699000e+03   1.3722000e+03   1.3716000e+03   1.3724000e+03   1.3175000e+03   1.3144000e+03
   1.3612000e+03   1.3633000e+03   1.3639000e+03   1.3652000e+03   1.3120000e+03   1.3084000e+03
   1.3551000e+03   1.3560000e+03   1.3569000e+03   1.3588000e+03   1.3085000e+03   1.3060000e+03
   1.3534000e+03   1.3542000e+03   1.3543000e+03   1.3556000e+03   1.3106000e+03   1.3085000e+03
   1.3521000e+03   1.3523000e+03   1.3523000e+03   1.3527000e+03   1.3158000e+03   1.3135000e+03
   1.3825000e+03   1.3809000e+03   1.3817000e+03   1.3825000e+03   1.3480000e+03   1.3449000e+03
   1.4065000e+03   1.4097000e+03   1.4085000e+03   1.4079000e+03   1.3702000e+03   1.3712000e+03
   1.4201000e+03   1.4211000e+03   1.4207000e+03   1.4212000e+03   1.3855000e+03   1.3847000e+03
   1.4296000e+03   1.4293000e+03   1.4293000e+03   1.4290000e+03   1.3965000e+03   1.3952000e+03
   1.4319000e+03   1.4302000e+03   1.4310000e+03   1.4312000e+03   1.3993000e+03   1.3994000e+03
   1.4447000e+03   1.4428000e+03   1.4439000e+03   1.4428000e+03   1.4119000e+03   1.4131000e+03
   1.4609000e+03   1.4600000e+03   1.4596000e+03   1.4596000e+03   1.4291000e+03   1.4304000e+03
   1.4848000e+03   1.4843000e+03   1.4842000e+03   1.4851000e+03   1.4627000e+03   1.4598000e+03
   1.5069000e+03   1.5055000e+03   1.5055000e+03   1.5036000e+03   1.4832000e+03   1.4804000e+03
   1.5166000e+03   1.5152000e+03   1.5155000e+03   1.5152000e+03   1.4909000e+03   1.4897000e+03
   1.5267000e+03   1.5254000e+03   1.5253000e+03   1.5234000e+03   1.4979000e+03   1.4992000e+03
   1.5375000e+03   1.5351000e+03   1.5364000e+03   1.5357000e+03   1.5054000e+03   1.5098000e+03
   1.5214000e+03   1.5210000e+03   1.5215000e+03   1.5209000e+03   1.4982000e+03   1.5057000e+03
   1.5212000e+03   1.5204000e+03   1.5200000e+03   1.5200000e+03   1.4947000e+03   1.5075000e+03
   1.5275000e+03   1.5267000e+03   1.5275000e+03   1.5266000e+03   1.5011000e+03   1.5139000e+03
   1.5365000e+03   1.5334000e+03   1.5338000e+03   1.5331000e+03   1.5138000e+03   1.5243000e+03
   1.5479000e+03   1.5435000e+03   1.5461000e+03   1.5442000e+03   1.5303000e+03   1.5413000e+03
   1.5527000e+03   1.5484000e+03   1.5486000e+03   1.5460000e+03   1.5541000e+03   1.5549000e+03
   1.5620000e+03   1.5571000e+03   1.5579000e+03   1.5554000e+03   1.5787000e+03   1.5651000e+03
   1.5636000e+03   1.5584000e+03   1.5594000e+03   1.5570000e+03   1.5744000e+03   1.5743000e+03
   1.5691000e+03   1.5645000e+03   1.5658000e+03   1.5629000e+03   1.5806000e+03   1.5847000e+03
   1.5800000e+03   1.5756000e+03   1.5759000e+03   1.5739000e+03   1.5913000e+03   1.5975000e+03
   1.5868000e+03   1.5833000e+03   1.5843000e+03   1.5823000e+03   1.6042000e+03   1.6070000e+03
   1.5985000e+03   1.5943000e+03   1.5942000e+03   1.5909000e+03   1.6079000e+03   1.6139000e+03
   1.5757000e+03   1.5713000e+03   1.5725000e+03   1.5696000e+03   1.5864000e+03   1.5930000e+03
   1.5500000e+03   1.5461000e+03   1.5467000e+03   1.5444000e+03   1.5653000e+03   1.5701000e+03
   1.5448000e+03   1.5383000e+03   1.5408000e+03   1.5391000e+03   1.5588000e+03   1.5637000e+03
   1.5433000e+03   1.5394000e+03   1.5409000e+03   1.5397000e+03   1.5596000e+03   1.5633000e+03
   1.5561000e+03   1.5532000e+03   1.5543000e+03   1.5528000e+03   1.5725000e+03   1.5744000e+03
   1.5577000e+03   1.5542000e+03   1.5549000e+03   1.5530000e+03   1.5724000e+03   1.5763000e+03
   1.5505000e+03   1.5484000e+03   1.5481000e+03   1.5466000e+03   1.5683000e+03   1.5696000e+03
   1.5348000e+03   1.5326000e+03   1.5312000e+03   1.5296000e+03   1.5516000e+03   1.5533000e+03
   1.5205000e+03   1.5176000e+03   1.5174000e+03   1.5158000e+03   1.5402000e+03   1.5396000e+03
   1.5223000e+03   1.5192000e+03   1.5189000e+03   1.5170000e+03   1.5411000e+03   1.5399000e+03
   1.5250000e+03   1.5211000e+03   1.5220000e+03   1.5204000e+03   1.5459000e+03   1.5425000e+03
   1.5222000e+03   1.5192000e+03   1.5202000e+03   1.5189000e+03   1.5450000e+03   1.5414000e+03
   1.5388000e+03   1.5368000e+03   1.5372000e+03   1.5359000e+03   1.5549000e+03   1.5529000e+03
   1.5440000e+03   1.5407000e+03   1.5418000e+03   1.5409000e+03   1.5589000e+03   1.5584000e+03
   1.5400000e+03   1.5388000e+03   1.5386000e+03   1.5368000e+03   1.5527000e+03   1.5545000e+03
   1.5394000e+03   1.5405000e+03   1.5396000e+03   1.5396000e+03   1.5499000e+03   1.5532000e+03
   1.5390000e+03   1.5388000e+03   1.5381000e+03   1.5378000e+03   1.5461000e+03   1.5492000e+03
   1.5448000e+03   1.5435000e+03   1.5433000e+03   1.5426000e+03   1.5465000e+03   1.5494000e+03
   1.5466000e+03   1.5463000e+03   1.5456000e+03   1.5449000e+03   1.5479000e+03   1.5505000e+03
   1.5535000e+03   1.5526000e+03   1.5520000e+03   1.5519000e+03   1.5512000e+03   1.5541000e+03
   1.5555000e+03   1.5542000e+03   1.5541000e+03   1.5534000e+03   1.5476000e+03   1.5497000e+03
   1.5540000e+03   1.5525000e+03   1.5523000e+03   1.5516000e+03   1.5402000e+03   1.5432000e+03
   1.5549000e+03   1.5537000e+03   1.5534000e+03   1.5525000e+03   1.5372000e+03   1.5421000e+03
   1.5554000e+03   1.5538000e+03   1.5536000e+03   1.5526000e+03   1.5421000e+03   1.5470000e+03
   1.5757000e+03   1.5743000e+03   1.5738000e+03   1.5724000e+03   1.5674000e+03   1.5707000e+03
   1.6005000e+03   1.6009000e+03   1.5993000e+03   1.5995000e+03   1.5943000e+03   1.5967000e+03
   1.6082000e+03   1.6085000e+03   1.6079000e+03   1.6069000e+03   1.6051000e+03   1.6081000e+03
   1.6139000e+03   1.6121000e+03   1.6114000e+03   1.6106000e+03   1.6089000e+03   1.6114000e+03
   1.6053000e+03   1.6058000e+03   1.6052000e+03   1.6048000e+03   1.6061000e+03   1.6093000e+03
   1.6121000e+03   1.6100000e+03   1.6099000e+03   1.6090000e+03   1.6153000e+03   1.6182000e+03
   1.6216000e+03   1.6207000e+03   1.6215000e+03   1.6199000e+03   1.6294000e+03   1.6303000e+03
   1.6399000e+03   1.6392000e+03   1.6405000e+03   1.6397000e+03   1.6515000e+03   1.6529000e+03
   1.6565000e+03   1.6557000e+03   1.6563000e+03   1.6555000e+03   1.6698000e+03   1.6711000e+03
   1.6618000e+03   1.6620000e+03   1.6629000e+03   1.6630000e+03   1.6777000e+03   1.6797000e+03
   1.6689000e+03   1.6703000e+03   1.6710000e+03   1.6718000e+03   1.6833000e+03   1.6855000e+03
   1.6789000e+03   1.6814000e+03   1.6820000e+03   1.6837000e+03   1.6885000e+03   1.6934000e+03
   1.6743000e+03   1.6775000e+03   1.6784000e+03   1.6804000e+03   1.6866000e+03   1.6920000e+03
   1.6794000e+03   1.6831000e+03   1.6831000e+03   1.6860000e+03   1.6862000e+03   1.6908000e+03
   1.6862000e+03   1.6901000e+03   1.6906000e+03   1.6927000e+03   1.6897000e+03   1.6942000e+03
   1.6876000e+03   1.6925000e+03   1.6921000e+03   1.6946000e+03   1.6894000e+03   1.6929000e+03
   1.6905000e+03   1.6956000e+03   1.6950000e+03   1.6976000e+03   1.6875000e+03   1.6910000e+03
   1.6893000e+03   1.6933000e+03   1.6932000e+03   1.6958000e+03   1.6793000e+03   1.6834000e+03
   1.6896000e+03   1.6929000e+03   1.6936000e+03   1.6973000e+03   1.6711000e+03   1.6748000e+03
   1.6870000e+03   1.6887000e+03   1.6907000e+03   1.6935000e+03   1.6612000e+03   1.6659000e+03
   1.6858000e+03   1.6892000e+03   1.6903000e+03   1.6934000e+03   1.6532000e+03   1.6568000e+03
   1.6872000e+03   1.6909000e+03   1.6925000e+03   1.6955000e+03   1.6492000e+03   1.6527000e+03
   1.6837000e+03   1.6887000e+03   1.6902000e+03   1.6929000e+03   1.6414000e+03   1.6449000e+03
   1.6801000e+03   1.6862000e+03   1.6867000e+03   1.6894000e+03   1.6325000e+03   1.6353000e+03
   1.6548000e+03   1.6634000e+03   1.6621000e+03   1.6657000e+03   1.5986000e+03   1.6002000e+03
   1.6268000e+03   1.6361000e+03   1.6336000e+03   1.6386000e+03   1.5709000e+03   1.5724000e+03
   1.6144000e+03   1.6237000e+03   1.6220000e+03   1.6256000e+03   1.5519000e+03   1.5537000e+03
   1.6085000e+03   1.6168000e+03   1.6143000e+03   1.6179000e+03   1.5367000e+03   1.5396000e+03
   1.6097000e+03   1.6185000e+03   1.6149000e+03   1.6185000e+03   1.5294000e+03   1.5339000e+03
   1.6019000e+03   1.6091000e+03   1.6067000e+03   1.6104000e+03   1.5152000e+03   1.5194000e+03
   1.5869000e+03   1.5924000e+03   1.5907000e+03   1.5954000e+03   1.4971000e+03   1.5017000e+03
   1.5660000e+03   1.5738000e+03   1.5702000e+03   1.5762000e+03   1.4715000e+03   1.4748000e+03
   1.5524000e+03   1.5568000e+03   1.5549000e+03   1.5585000e+03   1.4477000e+03   1.4532000e+03
   1.5488000e+03   1.5532000e+03   1.5512000e+03   1.5553000e+03   1.4352000e+03   1.4411000e+03
   1.5459000e+03   1.5497000e+03   1.5482000e+03   1.5528000e+03   1.4242000e+03   1.4291000e+03
   1.5379000e+03   1.5407000e+03   1.5395000e+03   1.5429000e+03   1.4121000e+03   1.4180000e+03
   1.5458000e+03   1.5466000e+03   1.5467000e+03   1.5498000e+03   1.4075000e+03   1.4118000e+03
   1.5402000e+03   1.5398000e+03   1.5413000e+03   1.5430000e+03   1.3994000e+03   1.4039000e+03
   1.5285000e+03   1.5274000e+03   1.5280000e+03   1.5299000e+03   1.3865000e+03   1.3909000e+03
   1.5194000e+03   1.5171000e+03   1.5175000e+03   1.5189000e+03   1.3722000e+03   1.3780000e+03
   1.5029000e+03   1.5003000e+03   1.5015000e+03   1.5041000e+03   1.3594000e+03   1.3647000e+03
   1.4934000e+03   1.4911000e+03   1.4927000e+03   1.4949000e+03   1.3481000e+03   1.3551000e+03
   1.4794000e+03   1.4796000e+03   1.4804000e+03   1.4815000e+03   1.3408000e+03   1.3489000e+03
   1.4695000e+03   1.4702000e+03   1.4703000e+03   1.4720000e+03   1.3366000e+03   1.3456000e+03
   1.4587000e+03   1.4591000e+03   1.4604000e+03   1.4620000e+03   1.3341000e+03   1.3399000e+03
   1.4515000e+03   1.4508000e+03   1.4509000e+03   1.4519000e+03   1.3300000e+03   1.3344000e+03
   1.4508000e+03   1.4470000e+03   1.4499000e+03   1.4502000e+03   1.3269000e+03   1.3341000e+03
   1.4517000e+03   1.4465000e+03   1.4492000e+03   1.4497000e+03   1.3258000e+03   1.3365000e+03
   1.4651000e+03   1.4648000e+03   1.4657000e+03   1.4664000e+03   1.3431000e+03   1.3543000e+03
   1.4832000e+03   1.4813000e+03   1.4830000e+03   1.4838000e+03   1.3625000e+03   1.3736000e+03
   1.4892000e+03   1.4898000e+03   1.4918000e+03   1.4931000e+03   1.3725000e+03   1.3833000e+03
   1.4972000e+03   1.4961000e+03   1.4982000e+03   1.4995000e+03   1.3761000e+03   1.3884000e+03
   1.4937000e+03   1.4942000e+03   1.4950000e+03   1.4962000e+03   1.3723000e+03   1.3846000e+03
   1.4958000e+03   1.4988000e+03   1.4988000e+03   1.5002000e+03   1.3781000e+03   1.3893000e+03
   1.5049000e+03   1.5058000e+03   1.5064000e+03   1.5076000e+03   1.3891000e+03   1.3968000e+03
   1.5129000e+03   1.5160000e+03   1.5169000e+03   1.5171000e+03   1.4013000e+03   1.4102000e+03
   1.5218000e+03   1.5257000e+03   1.5264000e+03   1.5294000e+03   1.4129000e+03   1.4196000e+03
   1.5243000e+03   1.5254000e+03   1.5278000e+03   1.5295000e+03   1.4158000e+03   1.4237000e+03
   1.5336000e+03   1.5307000e+03   1.5356000e+03   1.5366000e+03   1.4161000e+03   1.4270000e+03
   1.5492000e+03   1.5460000e+03   1.5494000e+03   1.5502000e+03   1.4209000e+03   1.4333000e+03
   1.5387000e+03   1.5366000e+03   1.5386000e+03   1.5388000e+03   1.4113000e+03   1.4246000e+03
   1.5316000e+03   1.5316000e+03   1.5332000e+03   1.5342000e+03   1.3995000e+03   1.4132000e+03
   1.5350000e+03   1.5346000e+03   1.5366000e+03   1.5375000e+03   1.3987000e+03   1.4157000e+03
   1.5370000e+03   1.5361000e+03   1.5389000e+03   1.5384000e+03   1.4004000e+03   1.4368000e+03
   1.5423000e+03   1.5424000e+03   1.5435000e+03   1.5448000e+03   1.4160000e+03   1.4397000e+03
   1.5367000e+03   1.5369000e+03   1.5387000e+03   1.5397000e+03   1.4262000e+03   1.4399000e+03
   1.5348000e+03   1.5349000e+03   1.5367000e+03   1.5378000e+03   1.4223000e+03   1.4376000e+03
   1.5255000e+03   1.5259000e+03   1.5272000e+03   1.5282000e+03   1.4167000e+03   1.4309000e+03
   1.5184000e+03   1.5191000e+03   1.5205000e+03   1.5219000e+03   1.4128000e+03   1.4302000e+03
   1.5174000e+03   1.5174000e+03   1.5191000e+03   1.5201000e+03   1.4148000e+03   1.4339000e+03
   1.5149000e+03   1.5156000e+03   1.5165000e+03   1.5174000e+03   1.4171000e+03   1.4344000e+03
   1.5132000e+03   1.5126000e+03   1.5139000e+03   1.5146000e+03   1.4168000e+03   1.4290000e+03
   1.4919000e+03   1.4921000e+03   1.4931000e+03   1.4938000e+03   1.3955000e+03   1.4078000e+03
   1.4670000e+03   1.4666000e+03   1.4696000e+03   1.4710000e+03   1.3786000e+03   1.3879000e+03
