   2.4183000e+00   2.4889000e+00   2.4750000e+00   2.5062000e+00   3.3322000e+00   3.1044000e+00
   2.0548000e+00   2.1861000e+00   2.1586000e+00   2.1941000e+00   2.8996000e+00   2.7847000e+00
   1.8235000e+00   1.9846000e+00   1.9347000e+00   1.9975000e+00   2.6337000e+00   2.6432000e+00
   1.8723000e+00   2.0886000e+00   1.9905000e+00   2.0820000e+00   2.2655000e+00   2.3461000e+00
   1.8986000e+00   2.0777000e+00   1.9785000e+00   2.0513000e+00   2.0165000e+00   2.2037000e+00
   1.9559000e+00   2.0653000e+00   1.9843000e+00   2.0263000e+00   1.7253000e+00   1.9632000e+00
   1.9201000e+00   1.9662000e+00   1.9085000e+00   1.9228000e+00   1.4438000e+00   1.6441000e+00
   1.9657000e+00   1.9405000e+00   1.9106000e+00   1.9018000e+00   1.4391000e+00   1.6685000e+00
   1.9170000e+00   1.8730000e+00   1.8593000e+00   1.8521000e+00   1.4468000e+00   1.6810000e+00
   1.8264000e+00   1.8290000e+00   1.7822000e+00   1.7764000e+00   1.2692000e+00   1.6446000e+00
   1.7046000e+00   1.6923000e+00   1.6536000e+00   1.6396000e+00   1.1467000e+00   1.5205000e+00
   1.5365000e+00   1.5192000e+00   1.4976000e+00   1.4910000e+00   1.1729000e+00   1.5285000e+00
   1.4577000e+00   1.4321000e+00   1.3973000e+00   1.3753000e+00   1.2334000e+00   1.6050000e+00
   1.4778000e+00   1.4287000e+00   1.3916000e+00   1.3526000e+00   1.1208000e+00   1.5480000e+00
   1.4018000e+00   1.3502000e+00   1.3145000e+00   1.2757000e+00   1.1334000e+00   1.5931000e+00
   1.1562000e+00   1.0763000e+00   1.0649000e+00   1.0246000e+00   1.2892000e+00   1.6530000e+00
   1.1133000e+00   9.8530000e-01   9.9700000e-01   9.4040000e-01   1.2927000e+00   1.6537000e+00
   1.0918000e+00   9.7340000e-01   9.7500000e-01   9.1990000e-01   1.3153000e+00   1.7806000e+00
   1.0941000e+00   9.9720000e-01   9.9140000e-01   9.4240000e-01   1.6466000e+00   2.1512000e+00
   8.9940000e-01   8.3120000e-01   8.2360000e-01   7.6430000e-01   1.7294000e+00   2.2110000e+00
   7.0480000e-01   6.0950000e-01   6.2210000e-01   5.6490000e-01   1.9445000e+00   2.1429000e+00
   5.6580000e-01   4.5780000e-01   5.0730000e-01   4.3600000e-01   2.7912000e+00   2.5056000e+00
   5.9990000e-01   4.9000000e-01   5.4990000e-01   4.8140000e-01   2.0195000e+00   2.1964000e+00
   6.3430000e-01   5.1350000e-01   5.8650000e-01   5.0970000e-01   1.9279000e+00   1.7877000e+00
   7.3800000e-01   6.4420000e-01   7.0890000e-01   6.2560000e-01   3.2696000e+00   2.4508000e+00
   1.0305000e+00   9.4140000e-01   1.0229000e+00   9.4790000e-01   2.6559000e+00   3.0481000e+00
   1.4565000e+00   1.3498000e+00   1.4217000e+00   1.3386000e+00   2.5461000e+00   2.7521000e+00
   1.7192000e+00   1.7357000e+00   1.7405000e+00   1.6910000e+00   2.2774000e+00   2.5131000e+00
   1.7596000e+00   1.8086000e+00   1.8326000e+00   1.7999000e+00   2.3602000e+00   2.5611000e+00
   2.0535000e+00   2.1859000e+00   1.9647000e+00   1.8273000e+00   2.3740000e+00   2.5621000e+00
   2.4760000e+00   2.7977000e+00   2.6248000e+00   2.6228000e+00   1.9918000e+00   2.4779000e+00
   2.0557000e+00   2.2525000e+00   2.3167000e+00   2.3498000e+00   1.3092000e+00   2.2607000e+00
   1.3902000e+00   2.3084000e+00   2.2573000e+00   2.5391000e+00   7.8860000e-01   1.9803000e+00
  -4.6800000e-02   6.8730000e-01   6.2510000e-01   6.9360000e-01   5.9030000e-01   1.6555000e+00
  -2.3620000e-01   2.2880000e-01   2.1400000e-01   1.5500000e-01   2.6830000e-01   1.3801000e+00
  -7.9770000e-01  -1.8920000e-01  -3.1970000e-01  -1.5750000e-01  -5.1400000e-02   1.1674000e+00
  -1.8524000e+00  -1.2313000e+00  -1.4507000e+00  -1.3682000e+00  -5.2420000e-01   6.9860000e-01
  -3.0534000e+00  -2.0681000e+00  -2.3812000e+00  -2.2434000e+00  -8.0830000e-01   1.3800000e-01
  -4.7326000e+00  -4.0881000e+00  -4.2982000e+00  -4.3298000e+00  -9.2790000e-01  -1.6570000e-01
  -5.2522000e+00  -4.7041000e+00  -5.0045000e+00  -5.1697000e+00  -9.7040000e-01  -5.2560000e-01
  -5.8100000e+00  -5.1606000e+00  -5.5505000e+00  -5.7172000e+00  -1.3082000e+00  -9.0500000e-01
  -6.3036000e+00  -5.5739000e+00  -5.9419000e+00  -6.0204000e+00  -2.3028000e+00  -1.0912000e+00
  -6.7412000e+00  -6.3348000e+00  -6.5016000e+00  -6.6104000e+00  -3.2382000e+00  -1.5236000e+00
  -6.9385000e+00  -6.7113000e+00  -6.7709000e+00  -6.9070000e+00  -3.5250000e+00  -2.4765000e+00
  -7.1972000e+00  -6.9921000e+00  -7.0346000e+00  -7.2084000e+00  -2.9851000e+00  -3.3050000e+00
  -7.6385000e+00  -7.5151000e+00  -7.4245000e+00  -7.5385000e+00  -3.1749000e+00  -3.1750000e+00
  -7.9955000e+00  -7.6786000e+00  -7.6806000e+00  -7.8009000e+00  -3.0833000e+00  -3.2888000e+00
  -7.9726000e+00  -7.8556000e+00  -7.8731000e+00  -8.0760000e+00  -2.9092000e+00  -3.5181000e+00
  -7.7322000e+00  -7.5559000e+00  -7.5687000e+00  -7.6792000e+00  -2.8974000e+00  -3.0537000e+00
  -7.5774000e+00  -7.4655000e+00  -7.4899000e+00  -7.6192000e+00  -2.1768000e+00  -2.8286000e+00
  -7.5346000e+00  -7.3284000e+00  -7.4139000e+00  -7.5324000e+00  -2.2894000e+00  -2.6061000e+00
  -7.6393000e+00  -7.4870000e+00  -7.4434000e+00  -7.4813000e+00  -2.1767000e+00  -1.7797000e+00
  -7.6895000e+00  -7.6099000e+00  -7.5556000e+00  -7.6090000e+00  -1.9622000e+00  -2.1457000e+00
  -7.4829000e+00  -7.3605000e+00  -7.4324000e+00  -7.5872000e+00  -1.6769000e+00  -2.0290000e+00
  -7.2021000e+00  -7.0948000e+00  -7.2244000e+00  -7.3981000e+00  -1.7006000e+00  -1.6595000e+00
  -6.8148000e+00  -6.7790000e+00  -6.8634000e+00  -7.0510000e+00  -2.2733000e+00  -1.6953000e+00
  -6.1375000e+00  -6.1304000e+00  -6.3586000e+00  -6.6119000e+00  -2.5583000e+00  -2.0516000e+00
  -4.8183000e+00  -4.7508000e+00  -5.0894000e+00  -5.3297000e+00  -2.7549000e+00  -2.5211000e+00
  -4.2115000e+00  -4.1901000e+00  -4.3790000e+00  -4.4950000e+00  -2.9651000e+00  -3.0269000e+00
  -3.5140000e+00  -3.5755000e+00  -3.7261000e+00  -3.9072000e+00  -3.1357000e+00  -3.3143000e+00
  -2.8656000e+00  -2.9849000e+00  -3.0056000e+00  -3.1586000e+00  -3.3967000e+00  -3.7409000e+00
  -3.2294000e+00  -3.3228000e+00  -3.1900000e+00  -3.2017000e+00  -3.4697000e+00  -4.0182000e+00
  -3.3300000e+00  -3.3620000e+00  -3.3084000e+00  -3.3419000e+00  -3.6250000e+00  -4.2189000e+00
  -3.3183000e+00  -3.3920000e+00  -3.4294000e+00  -3.5382000e+00  -3.9772000e+00  -4.1255000e+00
  -3.2312000e+00  -3.2385000e+00  -3.2914000e+00  -3.3667000e+00  -4.2420000e+00  -3.6681000e+00
  -3.4496000e+00  -3.5399000e+00  -3.4379000e+00  -3.4627000e+00  -4.2862000e+00  -3.4164000e+00
  -3.7685000e+00  -3.8720000e+00  -3.7507000e+00  -3.7769000e+00  -4.2859000e+00  -3.3674000e+00
  -3.8574000e+00  -3.9489000e+00  -3.8574000e+00  -3.9027000e+00  -4.2533000e+00  -3.4447000e+00
  -3.9302000e+00  -3.9274000e+00  -3.9153000e+00  -3.9415000e+00  -4.2110000e+00  -3.5014000e+00
  -4.0121000e+00  -4.0427000e+00  -4.0501000e+00  -4.0992000e+00  -4.1066000e+00  -3.2845000e+00
  -4.1700000e+00  -4.2092000e+00  -4.1808000e+00  -4.2206000e+00  -3.7808000e+00  -3.1062000e+00
  -4.1243000e+00  -4.1374000e+00  -4.1027000e+00  -4.1271000e+00  -3.4958000e+00  -2.9846000e+00
  -4.2054000e+00  -4.2292000e+00  -4.1973000e+00  -4.2295000e+00  -3.2685000e+00  -2.9519000e+00
  -4.2101000e+00  -4.2222000e+00  -4.2030000e+00  -4.2439000e+00  -3.0751000e+00  -2.8192000e+00
  -4.1191000e+00  -4.1416000e+00  -4.1669000e+00  -4.2407000e+00  -2.8569000e+00  -2.7836000e+00
  -3.7007000e+00  -3.7246000e+00  -3.8274000e+00  -3.9424000e+00  -2.6283000e+00  -2.6855000e+00
  -3.0131000e+00  -3.0167000e+00  -3.2220000e+00  -3.3741000e+00  -2.3754000e+00  -2.4655000e+00
  -2.3132000e+00  -2.3124000e+00  -2.4639000e+00  -2.5628000e+00  -2.1984000e+00  -2.4853000e+00
  -1.9271000e+00  -1.9717000e+00  -1.9904000e+00  -2.0036000e+00  -2.1981000e+00  -2.5652000e+00
  -1.7619000e+00  -1.7876000e+00  -1.8384000e+00  -1.8656000e+00  -2.0494000e+00  -2.5470000e+00
  -1.7661000e+00  -1.8315000e+00  -1.8548000e+00  -1.9078000e+00  -2.0040000e+00  -2.2342000e+00
  -1.6849000e+00  -1.7911000e+00  -1.7362000e+00  -1.7677000e+00  -2.0423000e+00  -1.9288000e+00
  -1.4639000e+00  -1.5592000e+00  -1.4947000e+00  -1.5103000e+00  -2.0714000e+00  -1.7600000e+00
  -1.1694000e+00  -1.2913000e+00  -1.2401000e+00  -1.2800000e+00  -1.9626000e+00  -1.2890000e+00
  -1.0939000e+00  -1.2700000e+00  -1.2131000e+00  -1.2661000e+00  -1.6110000e+00  -9.2860000e-01
  -1.2915000e+00  -1.3870000e+00  -1.3823000e+00  -1.4219000e+00  -1.3418000e+00  -9.7740000e-01
  -1.6084000e+00  -1.6895000e+00  -1.7194000e+00  -1.7744000e+00  -1.3042000e+00  -1.2033000e+00
  -2.0951000e+00  -2.1138000e+00  -2.1768000e+00  -2.2219000e+00  -1.4917000e+00  -1.5415000e+00
  -2.3995000e+00  -2.5285000e+00  -2.5000000e+00  -2.5719000e+00  -1.7843000e+00  -1.6667000e+00
  -2.3118000e+00  -2.4010000e+00  -2.3974000e+00  -2.4482000e+00  -1.9152000e+00  -1.6711000e+00
  -2.4491000e+00  -2.4679000e+00  -2.5539000e+00  -2.6157000e+00  -2.1416000e+00  -1.8627000e+00
  -2.4575000e+00  -2.5546000e+00  -2.5984000e+00  -2.6621000e+00  -2.4515000e+00  -2.2586000e+00
  -2.7284000e+00  -2.7355000e+00  -2.8332000e+00  -2.8653000e+00  -2.7833000e+00  -2.7183000e+00
  -3.0096000e+00  -3.0473000e+00  -3.0827000e+00  -3.1240000e+00  -3.1147000e+00  -3.0953000e+00
  -3.0659000e+00  -3.1470000e+00  -3.1160000e+00  -3.1574000e+00  -3.3578000e+00  -3.3397000e+00
  -3.2032000e+00  -3.3242000e+00  -3.2685000e+00  -3.3068000e+00  -3.5241000e+00  -3.5337000e+00
  -3.4110000e+00  -3.5627000e+00  -3.5187000e+00  -3.5803000e+00  -3.7250000e+00  -3.7555000e+00
  -3.6751000e+00  -3.8007000e+00  -3.7877000e+00  -3.8625000e+00  -3.9304000e+00  -4.0255000e+00
  -4.0021000e+00  -4.1064000e+00  -4.0826000e+00  -4.1375000e+00  -4.1401000e+00  -4.2423000e+00
  -4.2940000e+00  -4.3991000e+00  -4.3594000e+00  -4.4096000e+00  -4.3250000e+00  -4.4205000e+00
  -4.6774000e+00  -4.7737000e+00  -4.7468000e+00  -4.7958000e+00  -4.5751000e+00  -4.6554000e+00
  -5.1492000e+00  -5.2418000e+00  -5.2105000e+00  -5.2794000e+00  -4.9016000e+00  -5.0560000e+00
  -5.6789000e+00  -5.7596000e+00  -5.7141000e+00  -5.7854000e+00  -5.1997000e+00  -5.3599000e+00
  -6.1746000e+00  -6.2330000e+00  -6.1733000e+00  -6.2391000e+00  -5.4889000e+00  -5.6302000e+00
  -6.4735000e+00  -6.5273000e+00  -6.4480000e+00  -6.5086000e+00  -5.6787000e+00  -5.8170000e+00
  -6.7549000e+00  -6.7684000e+00  -6.7131000e+00  -6.7704000e+00  -5.8354000e+00  -5.8779000e+00
  -6.8654000e+00  -6.8367000e+00  -6.8218000e+00  -6.8759000e+00  -5.9705000e+00  -5.8888000e+00
  -6.8371000e+00  -6.7740000e+00  -6.8038000e+00  -6.8631000e+00  -5.9914000e+00  -5.9005000e+00
  -6.7647000e+00  -6.6683000e+00  -6.7375000e+00  -6.7955000e+00  -6.0725000e+00  -5.9609000e+00
  -6.7491000e+00  -6.6589000e+00  -6.7124000e+00  -6.7578000e+00  -6.1802000e+00  -6.1270000e+00
  -6.7405000e+00  -6.7000000e+00  -6.6982000e+00  -6.7451000e+00  -6.2641000e+00  -6.1014000e+00
  -6.7730000e+00  -6.7535000e+00  -6.7185000e+00  -6.7647000e+00  -6.2155000e+00  -5.9315000e+00
  -6.7234000e+00  -6.6891000e+00  -6.6341000e+00  -6.6714000e+00  -5.9810000e+00  -5.8079000e+00
  -6.6466000e+00  -6.5716000e+00  -6.5329000e+00  -6.5731000e+00  -5.9050000e+00  -5.8598000e+00
  -6.6018000e+00  -6.4770000e+00  -6.4776000e+00  -6.5285000e+00  -5.5784000e+00  -5.6076000e+00
  -6.4587000e+00  -6.3118000e+00  -6.3438000e+00  -6.3917000e+00  -5.0619000e+00  -5.2810000e+00
  -6.2387000e+00  -6.1121000e+00  -6.1474000e+00  -6.1834000e+00  -5.2602000e+00  -5.4367000e+00
  -6.0788000e+00  -5.9540000e+00  -5.9673000e+00  -5.9911000e+00  -5.5432000e+00  -5.6282000e+00
  -6.0149000e+00  -5.8708000e+00  -5.8834000e+00  -5.8971000e+00  -5.6689000e+00  -5.5825000e+00
  -5.9267000e+00  -5.8164000e+00  -5.8064000e+00  -5.8302000e+00  -5.7763000e+00  -5.6376000e+00
  -5.8018000e+00  -5.7154000e+00  -5.6795000e+00  -5.7115000e+00  -5.6517000e+00  -5.5274000e+00
  -5.5464000e+00  -5.4781000e+00  -5.4445000e+00  -5.4928000e+00  -5.4813000e+00  -5.2073000e+00
  -5.1720000e+00  -5.0891000e+00  -5.1043000e+00  -5.1568000e+00  -5.2841000e+00  -4.8580000e+00
  -4.9195000e+00  -4.7427000e+00  -4.8486000e+00  -4.8767000e+00  -4.9088000e+00  -4.7234000e+00
  -5.3250000e+00  -5.1829000e+00  -5.2788000e+00  -5.3274000e+00  -4.6968000e+00  -4.5943000e+00
  -5.2332000e+00  -5.1699000e+00  -5.2292000e+00  -5.2782000e+00  -4.5004000e+00  -4.3426000e+00
  -5.1358000e+00  -5.1557000e+00  -5.1211000e+00  -5.1593000e+00  -4.2998000e+00  -3.9988000e+00
  -5.0664000e+00  -5.0690000e+00  -5.0385000e+00  -5.0887000e+00  -3.8781000e+00  -3.6231000e+00
  -4.4215000e+00  -4.4230000e+00  -4.4344000e+00  -4.4612000e+00  -3.5519000e+00  -3.3541000e+00
  -4.9102000e+00  -4.8302000e+00  -4.9692000e+00  -5.0792000e+00  -3.3681000e+00  -3.0818000e+00
  -4.8518000e+00  -4.9472000e+00  -4.8249000e+00  -4.8649000e+00  -3.1259000e+00  -3.0066000e+00
  -4.3880000e+00  -4.4502000e+00  -4.2204000e+00  -4.1423000e+00  -3.0749000e+00  -2.9626000e+00
  -4.1647000e+00  -4.0625000e+00  -4.0302000e+00  -3.9780000e+00  -3.1721000e+00  -3.0713000e+00
  -4.4387000e+00  -4.2334000e+00  -4.2464000e+00  -4.1580000e+00  -3.3385000e+00  -3.1584000e+00
  -5.5032000e+00  -5.2929000e+00  -5.3672000e+00  -5.3528000e+00  -3.4773000e+00  -3.0968000e+00
  -6.2226000e+00  -6.0788000e+00  -5.9913000e+00  -5.9137000e+00  -3.5495000e+00  -3.1398000e+00
  -6.4044000e+00  -6.1690000e+00  -6.1519000e+00  -6.0325000e+00  -3.4825000e+00  -3.1948000e+00
  -6.4604000e+00  -6.3419000e+00  -6.3128000e+00  -6.2329000e+00  -3.4885000e+00  -3.3217000e+00
  -6.6498000e+00  -6.5838000e+00  -6.5543000e+00  -6.4837000e+00  -3.5520000e+00  -3.4395000e+00
  -6.9358000e+00  -6.8937000e+00  -6.8413000e+00  -6.7977000e+00  -3.4931000e+00  -3.5315000e+00
  -6.9211000e+00  -6.6699000e+00  -6.6803000e+00  -6.6527000e+00  -3.3840000e+00  -3.7227000e+00
  -7.0712000e+00  -6.6039000e+00  -6.6390000e+00  -6.5826000e+00  -3.6166000e+00  -3.9428000e+00
  -7.0970000e+00  -6.5393000e+00  -6.5688000e+00  -6.4270000e+00  -4.0983000e+00  -4.0694000e+00
  -7.4592000e+00  -6.9019000e+00  -6.9958000e+00  -6.8578000e+00  -4.6164000e+00  -4.1241000e+00
  -8.0010000e+00  -7.5741000e+00  -7.6264000e+00  -7.4872000e+00  -4.8965000e+00  -4.0831000e+00
  -8.3209000e+00  -7.8404000e+00  -7.8912000e+00  -7.8435000e+00  -4.9607000e+00  -4.3827000e+00
  -8.5913000e+00  -7.8796000e+00  -7.9101000e+00  -7.8228000e+00  -5.1948000e+00  -4.6106000e+00
  -8.5232000e+00  -8.0926000e+00  -7.8852000e+00  -7.6562000e+00  -5.4655000e+00  -4.4832000e+00
  -8.4919000e+00  -8.1592000e+00  -8.1967000e+00  -7.8557000e+00  -5.7311000e+00  -5.2188000e+00
  -8.3393000e+00  -7.9527000e+00  -8.1342000e+00  -8.2904000e+00  -5.9333000e+00  -5.4668000e+00
  -8.6319000e+00  -7.9840000e+00  -8.2833000e+00  -8.3176000e+00  -6.1384000e+00  -5.7137000e+00
  -8.8440000e+00  -8.0788000e+00  -8.2837000e+00  -8.5610000e+00  -6.4576000e+00  -5.8438000e+00
  -8.9015000e+00  -8.6813000e+00  -8.5568000e+00  -8.3932000e+00  -6.7064000e+00  -6.0734000e+00
  -8.8661000e+00  -8.6863000e+00  -8.8559000e+00  -8.8996000e+00  -6.8680000e+00  -6.2947000e+00
  -8.8412000e+00  -8.4513000e+00  -8.5380000e+00  -8.5926000e+00  -7.5007000e+00  -6.5113000e+00
  -8.5298000e+00  -8.3675000e+00  -8.4201000e+00  -8.4609000e+00  -8.1226000e+00  -6.5444000e+00
  -8.1527000e+00  -8.0089000e+00  -8.0252000e+00  -8.1235000e+00  -7.7316000e+00  -7.3273000e+00
  -7.8791000e+00  -7.7747000e+00  -7.7963000e+00  -7.8691000e+00  -7.1593000e+00  -7.3937000e+00
  -7.6081000e+00  -7.5407000e+00  -7.5985000e+00  -7.7099000e+00  -6.9390000e+00  -7.4683000e+00
  -7.5640000e+00  -7.4679000e+00  -7.4736000e+00  -7.5565000e+00  -6.7011000e+00  -7.6585000e+00
  -7.4644000e+00  -7.2880000e+00  -7.3488000e+00  -7.4279000e+00  -6.1141000e+00  -7.0840000e+00
  -7.3194000e+00  -7.1275000e+00  -7.1428000e+00  -7.1900000e+00  -5.8922000e+00  -6.9333000e+00
  -7.3359000e+00  -7.1296000e+00  -7.1287000e+00  -7.1730000e+00  -5.9449000e+00  -6.8366000e+00
  -7.3435000e+00  -7.1533000e+00  -7.1694000e+00  -7.2329000e+00  -6.0401000e+00  -6.6600000e+00
  -7.4367000e+00  -7.2552000e+00  -7.2677000e+00  -7.3489000e+00  -5.9144000e+00  -6.4688000e+00
  -7.3428000e+00  -7.1655000e+00  -7.1913000e+00  -7.2622000e+00  -5.6017000e+00  -6.3333000e+00
  -7.1535000e+00  -7.0428000e+00  -7.0494000e+00  -7.1283000e+00  -5.2276000e+00  -6.2211000e+00
  -7.0912000e+00  -7.0143000e+00  -7.0005000e+00  -7.0847000e+00  -5.0128000e+00  -6.1010000e+00
  -7.2151000e+00  -7.1546000e+00  -7.1173000e+00  -7.2065000e+00  -6.1653000e+00  -6.5719000e+00
  -7.2946000e+00  -7.2547000e+00  -7.2083000e+00  -7.2994000e+00  -4.6573000e+00  -5.1472000e+00
  -7.3008000e+00  -7.2499000e+00  -7.2182000e+00  -7.3193000e+00  -4.4448000e+00  -4.0442000e+00
  -7.1060000e+00  -7.0415000e+00  -7.0494000e+00  -7.1492000e+00  -4.7604000e+00  -4.0024000e+00
  -6.8604000e+00  -6.7526000e+00  -6.8046000e+00  -6.8854000e+00  -4.9239000e+00  -4.2099000e+00
  -6.7416000e+00  -6.6645000e+00  -6.6896000e+00  -6.7617000e+00  -4.6306000e+00  -4.5660000e+00
  -6.6302000e+00  -6.5644000e+00  -6.5578000e+00  -6.6225000e+00  -4.3638000e+00  -4.6149000e+00
  -6.3034000e+00  -6.1894000e+00  -6.2236000e+00  -6.2644000e+00  -4.0648000e+00  -4.4241000e+00
  -5.9368000e+00  -5.7945000e+00  -5.8793000e+00  -5.9186000e+00  -3.7365000e+00  -4.0836000e+00
  -5.6739000e+00  -5.6262000e+00  -5.6746000e+00  -5.7281000e+00  -3.6042000e+00  -3.8681000e+00
  -5.6103000e+00  -5.5840000e+00  -5.6235000e+00  -5.6798000e+00  -3.6500000e+00  -3.9645000e+00
  -5.5522000e+00  -5.5210000e+00  -5.5596000e+00  -5.6058000e+00  -3.4237000e+00  -3.8777000e+00
  -5.5965000e+00  -5.6304000e+00  -5.6019000e+00  -5.6504000e+00  -3.1759000e+00  -3.8011000e+00
  -5.7632000e+00  -5.7301000e+00  -5.7500000e+00  -5.7975000e+00  -3.0543000e+00  -3.5806000e+00
  -5.8137000e+00  -5.6865000e+00  -5.7743000e+00  -5.8153000e+00  -2.8085000e+00  -3.5170000e+00
  -5.9115000e+00  -5.8634000e+00  -5.8551000e+00  -5.8829000e+00  -2.7925000e+00  -3.4378000e+00
  -6.0549000e+00  -6.0356000e+00  -6.0025000e+00  -6.0446000e+00  -2.9035000e+00  -3.3035000e+00
  -6.0807000e+00  -6.0940000e+00  -6.0473000e+00  -6.1023000e+00  -2.9268000e+00  -3.3180000e+00
  -6.0640000e+00  -6.1084000e+00  -6.0269000e+00  -6.0815000e+00  -2.9609000e+00  -3.3085000e+00
  -6.0632000e+00  -6.1011000e+00  -6.0231000e+00  -6.0710000e+00  -3.1515000e+00  -3.3031000e+00
  -6.2254000e+00  -6.2511000e+00  -6.1793000e+00  -6.2229000e+00  -3.3589000e+00  -3.3737000e+00
  -6.4373000e+00  -6.4463000e+00  -6.3723000e+00  -6.4061000e+00  -3.6591000e+00  -3.5286000e+00
  -6.7211000e+00  -6.7261000e+00  -6.6316000e+00  -6.6558000e+00  -3.8148000e+00  -3.7213000e+00
  -7.0626000e+00  -7.0519000e+00  -6.9602000e+00  -6.9886000e+00  -3.8267000e+00  -3.8274000e+00
  -7.3433000e+00  -7.3140000e+00  -7.2398000e+00  -7.2837000e+00  -3.7229000e+00  -3.8250000e+00
  -7.5831000e+00  -7.5497000e+00  -7.4799000e+00  -7.5419000e+00  -3.5663000e+00  -3.7807000e+00
  -7.7967000e+00  -7.7576000e+00  -7.6885000e+00  -7.7590000e+00  -3.3495000e+00  -3.6802000e+00
  -7.9448000e+00  -7.8981000e+00  -7.8429000e+00  -7.9204000e+00  -3.1360000e+00  -3.4816000e+00
  -8.0009000e+00  -7.9844000e+00  -7.8795000e+00  -7.9436000e+00  -3.0349000e+00  -3.2955000e+00
  -8.2741000e+00  -8.2679000e+00  -8.0542000e+00  -8.0256000e+00  -3.0533000e+00  -3.2171000e+00
  -8.2079000e+00  -8.2561000e+00  -8.2724000e+00  -8.2820000e+00  -3.1440000e+00  -3.2845000e+00
  -7.8458000e+00  -7.9822000e+00  -8.2530000e+00  -8.5066000e+00  -3.3191000e+00  -3.4587000e+00
  -7.5871000e+00  -7.4497000e+00  -7.8773000e+00  -8.2620000e+00  -3.5309000e+00  -3.7108000e+00
  -7.5966000e+00  -7.4492000e+00  -7.3919000e+00  -7.5695000e+00  -3.6293000e+00  -3.9129000e+00
  -8.3517000e+00  -8.6438000e+00  -7.8415000e+00  -7.2558000e+00  -3.6909000e+00  -4.0721000e+00
  -8.2481000e+00  -8.2952000e+00  -8.6985000e+00  -8.9005000e+00  -3.7708000e+00  -4.1611000e+00
  -8.1238000e+00  -8.2715000e+00  -8.1745000e+00  -8.4786000e+00  -3.8771000e+00  -4.2429000e+00
  -8.4900000e+00  -8.4921000e+00  -8.3817000e+00  -8.1893000e+00  -3.9116000e+00  -4.4186000e+00
  -8.0770000e+00  -8.1883000e+00  -8.2680000e+00  -8.5006000e+00  -3.8285000e+00  -4.4930000e+00
  -8.4275000e+00  -8.6111000e+00  -8.3256000e+00  -8.2390000e+00  -3.7046000e+00  -4.3995000e+00
  -8.3774000e+00  -8.4230000e+00  -8.4383000e+00  -8.6470000e+00  -3.6468000e+00  -4.2555000e+00
  -8.6171000e+00  -8.7284000e+00  -8.4312000e+00  -8.2539000e+00  -3.6880000e+00  -4.1900000e+00
  -8.3597000e+00  -8.3752000e+00  -8.4750000e+00  -8.6491000e+00  -3.7436000e+00  -4.1853000e+00
  -8.2477000e+00  -8.2149000e+00  -8.1416000e+00  -8.1766000e+00  -3.7815000e+00  -4.1682000e+00
  -7.9809000e+00  -7.9390000e+00  -8.0066000e+00  -8.1573000e+00  -3.6065000e+00  -3.8728000e+00
  -7.8942000e+00  -7.8070000e+00  -7.7714000e+00  -7.8430000e+00  -2.9498000e+00  -3.1951000e+00
  -7.7320000e+00  -7.6616000e+00  -7.7086000e+00  -7.7598000e+00  -2.5680000e+00  -2.8050000e+00
  -7.6342000e+00  -7.5466000e+00  -7.5636000e+00  -7.5965000e+00  -2.6015000e+00  -2.8350000e+00
  -7.5478000e+00  -7.4867000e+00  -7.5094000e+00  -7.5331000e+00  -2.6293000e+00  -2.7851000e+00
  -7.6039000e+00  -7.5492000e+00  -7.5373000e+00  -7.5705000e+00  -2.7801000e+00  -2.9411000e+00
  -7.6453000e+00  -7.5302000e+00  -7.5513000e+00  -7.5762000e+00  -2.9758000e+00  -3.1369000e+00
  -7.6215000e+00  -7.4400000e+00  -7.4830000e+00  -7.4931000e+00  -3.1111000e+00  -3.3379000e+00
  -7.5069000e+00  -7.2832000e+00  -7.3493000e+00  -7.3413000e+00  -3.4187000e+00  -3.6453000e+00
  -7.3823000e+00  -7.1845000e+00  -7.2130000e+00  -7.1855000e+00  -3.6821000e+00  -3.8617000e+00
  -7.3628000e+00  -7.1647000e+00  -7.1637000e+00  -7.1157000e+00  -3.8497000e+00  -4.0515000e+00
  -7.3773000e+00  -7.2010000e+00  -7.1745000e+00  -7.1366000e+00  -4.0489000e+00  -4.3088000e+00
  -7.4242000e+00  -7.3206000e+00  -7.2591000e+00  -7.2300000e+00  -4.2279000e+00  -4.5336000e+00
  -7.5259000e+00  -7.4363000e+00  -7.3615000e+00  -7.3217000e+00  -4.3267000e+00  -4.6703000e+00
  -7.5738000e+00  -7.4879000e+00  -7.4155000e+00  -7.3671000e+00  -4.3925000e+00  -4.7615000e+00
  -7.4888000e+00  -7.4317000e+00  -7.3658000e+00  -7.3253000e+00  -4.4810000e+00  -4.8494000e+00
  -7.3194000e+00  -7.2935000e+00  -7.2420000e+00  -7.2078000e+00  -4.6094000e+00  -4.9707000e+00
  -7.1127000e+00  -7.1048000e+00  -7.0612000e+00  -7.0123000e+00  -4.7646000e+00  -5.1275000e+00
  -6.9222000e+00  -6.9589000e+00  -6.8930000e+00  -6.8376000e+00  -4.8836000e+00  -5.2925000e+00
  -6.8212000e+00  -6.9590000e+00  -6.8401000e+00  -6.7979000e+00  -4.9615000e+00  -5.4301000e+00
  -6.8363000e+00  -7.0585000e+00  -6.8979000e+00  -6.8705000e+00  -4.9606000e+00  -5.4558000e+00
  -6.9450000e+00  -7.2021000e+00  -7.0245000e+00  -7.0054000e+00  -4.9310000e+00  -5.4111000e+00
  -7.0498000e+00  -7.2972000e+00  -7.1373000e+00  -7.1191000e+00  -4.8872000e+00  -5.3379000e+00
  -7.0692000e+00  -7.2744000e+00  -7.1549000e+00  -7.1370000e+00  -4.8204000e+00  -5.2778000e+00
  -6.9734000e+00  -7.1020000e+00  -7.0239000e+00  -7.0101000e+00  -4.7091000e+00  -5.2016000e+00
  -6.7810000e+00  -6.8430000e+00  -6.8037000e+00  -6.7938000e+00  -4.6059000e+00  -5.1070000e+00
  -6.4851000e+00  -6.4757000e+00  -6.4933000e+00  -6.4919000e+00  -4.5215000e+00  -5.0117000e+00
  -6.1611000e+00  -6.0941000e+00  -6.1400000e+00  -6.1380000e+00  -4.4475000e+00  -4.8952000e+00
  -5.9211000e+00  -5.8045000e+00  -5.8291000e+00  -5.8087000e+00  -4.3931000e+00  -4.7630000e+00
  -5.8670000e+00  -5.7106000e+00  -5.6695000e+00  -5.6413000e+00  -4.3707000e+00  -4.6343000e+00
  -5.9517000e+00  -5.7513000e+00  -5.6640000e+00  -5.6353000e+00  -4.3752000e+00  -4.5304000e+00
  -6.0623000e+00  -5.7364000e+00  -5.6557000e+00  -5.6180000e+00  -4.3987000e+00  -4.4412000e+00
  -5.9624000e+00  -5.5392000e+00  -5.4986000e+00  -5.4482000e+00  -4.4168000e+00  -4.3420000e+00
  -5.6777000e+00  -5.2287000e+00  -5.2186000e+00  -5.1661000e+00  -4.4204000e+00  -4.2501000e+00
  -5.3451000e+00  -4.9525000e+00  -4.9419000e+00  -4.8951000e+00  -4.4104000e+00  -4.1744000e+00
  -5.0547000e+00  -4.7347000e+00  -4.7243000e+00  -4.6843000e+00  -4.3945000e+00  -4.1024000e+00
  -4.8633000e+00  -4.5713000e+00  -4.5666000e+00  -4.5340000e+00  -4.3100000e+00  -4.0276000e+00
  -4.7015000e+00  -4.4151000e+00  -4.4387000e+00  -4.4053000e+00  -4.1413000e+00  -3.9356000e+00
  -4.4755000e+00  -4.2007000e+00  -4.2612000e+00  -4.2425000e+00  -3.9517000e+00  -3.8720000e+00
  -4.2198000e+00  -4.0159000e+00  -4.0917000e+00  -4.1098000e+00  -3.7837000e+00  -3.8180000e+00
  -3.9585000e+00  -3.8356000e+00  -3.8986000e+00  -3.9581000e+00  -3.6211000e+00  -3.7228000e+00
  -3.7716000e+00  -3.6829000e+00  -3.7035000e+00  -3.7743000e+00  -3.4753000e+00  -3.5455000e+00
  -3.6806000e+00  -3.6195000e+00  -3.6004000e+00  -3.6759000e+00  -3.5945000e+00  -3.3337000e+00
  -3.6179000e+00  -3.6092000e+00  -3.5478000e+00  -3.6371000e+00  -3.7426000e+00  -3.0633000e+00
  -3.6767000e+00  -3.6380000e+00  -3.5518000e+00  -3.6266000e+00  -3.8001000e+00  -2.7600000e+00
  -3.7655000e+00  -3.6826000e+00  -3.6011000e+00  -3.6705000e+00  -3.8258000e+00  -2.4546000e+00
  -3.7558000e+00  -3.6898000e+00  -3.5938000e+00  -3.6751000e+00  -3.6838000e+00  -2.3630000e+00
  -3.6373000e+00  -3.6172000e+00  -3.5170000e+00  -3.6089000e+00  -3.6033000e+00  -2.3762000e+00
  -3.4632000e+00  -3.5355000e+00  -3.4314000e+00  -3.5344000e+00  -3.5622000e+00  -2.5331000e+00
  -3.2781000e+00  -3.4731000e+00  -3.3530000e+00  -3.4723000e+00  -3.3731000e+00  -2.7259000e+00
  -3.1470000e+00  -3.4414000e+00  -3.2949000e+00  -3.4243000e+00  -3.2778000e+00  -2.9966000e+00
  -3.0550000e+00  -3.4197000e+00  -3.2463000e+00  -3.3758000e+00  -2.9911000e+00  -3.1687000e+00
  -2.9848000e+00  -3.3862000e+00  -3.2238000e+00  -3.3599000e+00  -2.7460000e+00  -3.1148000e+00
  -2.9462000e+00  -3.3391000e+00  -3.2168000e+00  -3.3642000e+00  -2.7447000e+00  -2.7588000e+00
  -2.9411000e+00  -3.2612000e+00  -3.2019000e+00  -3.3465000e+00  -2.7048000e+00  -2.4470000e+00
  -2.9641000e+00  -3.2048000e+00  -3.1838000e+00  -3.3086000e+00  -2.6232000e+00  -1.7468000e+00
  -2.9936000e+00  -3.1835000e+00  -3.1566000e+00  -3.2566000e+00  -2.5785000e+00  -6.6140000e-01
  -2.9402000e+00  -3.1250000e+00  -3.0624000e+00  -3.1502000e+00  -2.4868000e+00  -8.7400000e-02
  -2.7732000e+00  -2.9668000e+00  -2.8842000e+00  -2.9791000e+00  -2.3089000e+00   1.8600000e-01
  -2.5217000e+00  -2.7232000e+00  -2.6472000e+00  -2.7755000e+00  -2.1708000e+00   5.6410000e-01
  -2.2122000e+00  -2.4215000e+00  -2.3700000e+00  -2.5416000e+00  -2.5709000e+00   9.0070000e-01
  -1.8798000e+00  -2.0476000e+00  -2.0294000e+00  -2.2278000e+00  -2.0047000e+00   1.2816000e+00
  -1.5614000e+00  -1.6317000e+00  -1.6350000e+00  -1.7930000e+00  -1.7767000e+00   1.7831000e+00
  -1.3129000e+00  -1.3355000e+00  -1.3324000e+00  -1.4046000e+00  -1.5140000e+00   2.1319000e+00
  -1.0780000e+00  -1.1397000e+00  -1.1228000e+00  -1.1548000e+00  -1.0490000e+00   2.3810000e+00
  -8.0020000e-01  -9.3430000e-01  -9.1880000e-01  -9.6650000e-01  -7.5130000e-01   2.5519000e+00
  -5.1910000e-01  -7.1130000e-01  -7.2410000e-01  -8.1010000e-01   6.2800000e-02   2.3310000e+00
  -2.6760000e-01  -5.2550000e-01  -5.4040000e-01  -6.7930000e-01   9.2320000e-01   2.0789000e+00
  -1.9400000e-02  -2.8950000e-01  -2.8710000e-01  -4.5580000e-01   1.7041000e+00   2.1805000e+00
   1.5670000e-01  -3.0700000e-02  -1.2500000e-02  -1.3440000e-01   2.2690000e+00   2.3763000e+00
   2.7460000e-01   1.8580000e-01   1.9950000e-01   1.5840000e-01   2.5011000e+00   2.6436000e+00
   3.4220000e-01   3.0930000e-01   2.9110000e-01   2.7900000e-01   2.4575000e+00   2.9126000e+00
   4.2120000e-01   3.6640000e-01   3.2560000e-01   2.7960000e-01   2.3079000e+00   3.1882000e+00
   4.3070000e-01   3.3820000e-01   2.8510000e-01   1.9810000e-01   2.1524000e+00   3.4476000e+00
   3.8410000e-01   2.5630000e-01   2.0180000e-01   8.3000000e-02   2.0145000e+00   3.6273000e+00
   3.1220000e-01   1.7960000e-01   1.4470000e-01   1.7400000e-02   1.9003000e+00   3.6547000e+00
   3.1100000e-01   1.6850000e-01   1.7020000e-01   6.1600000e-02   1.7802000e+00   3.5083000e+00
   3.9990000e-01   2.3490000e-01   2.6970000e-01   1.7740000e-01   1.6140000e+00   3.2363000e+00
   4.5870000e-01   3.2720000e-01   3.5230000e-01   2.7630000e-01   1.3735000e+00   2.8662000e+00
   4.9680000e-01   3.5670000e-01   3.9770000e-01   3.2430000e-01   1.1124000e+00   2.4135000e+00
   5.2890000e-01   3.6970000e-01   4.3160000e-01   3.6460000e-01   8.7510000e-01   1.9265000e+00
   5.2170000e-01   3.6390000e-01   4.2520000e-01   3.6410000e-01   7.0950000e-01   1.5253000e+00
   4.5970000e-01   2.7320000e-01   3.3920000e-01   2.6800000e-01   6.3120000e-01   1.2373000e+00
   3.4540000e-01   1.4100000e-01   2.1060000e-01   1.2890000e-01   6.2400000e-01   9.9660000e-01
   1.5130000e-01   1.9000000e-03   3.3000000e-02  -3.6600000e-02   6.5270000e-01   6.6640000e-01
  -1.0230000e-01  -2.0550000e-01  -2.0530000e-01  -2.6610000e-01   7.0340000e-01   3.5960000e-01
  -3.7580000e-01  -4.5850000e-01  -4.6370000e-01  -5.2010000e-01   7.4840000e-01   1.7140000e-01
  -6.0250000e-01  -6.8230000e-01  -6.9300000e-01  -7.4880000e-01   7.4790000e-01   4.3200000e-02
  -7.6940000e-01  -8.6300000e-01  -8.7500000e-01  -9.3810000e-01   6.3830000e-01  -2.4400000e-02
  -9.3360000e-01  -1.0358000e+00  -1.0490000e+00  -1.1164000e+00   4.5730000e-01  -6.4400000e-02
  -1.1173000e+00  -1.2062000e+00  -1.2315000e+00  -1.2949000e+00   2.7360000e-01  -1.3660000e-01
  -1.2652000e+00  -1.3592000e+00  -1.3872000e+00  -1.4494000e+00   1.5600000e-01  -2.2550000e-01
  -1.4417000e+00  -1.5668000e+00  -1.5892000e+00  -1.6652000e+00   5.3100000e-02  -3.7310000e-01
  -1.6465000e+00  -1.7908000e+00  -1.8131000e+00  -1.9052000e+00  -3.1200000e-02  -5.2680000e-01
  -1.8493000e+00  -1.9890000e+00  -2.0158000e+00  -2.1119000e+00  -1.3100000e-01  -6.6030000e-01
  -2.0347000e+00  -2.1647000e+00  -2.1905000e+00  -2.2815000e+00  -2.5090000e-01  -7.5400000e-01
  -2.2033000e+00  -2.3383000e+00  -2.3431000e+00  -2.4215000e+00  -3.9280000e-01  -8.4450000e-01
  -2.3218000e+00  -2.4957000e+00  -2.4669000e+00  -2.5404000e+00  -5.2670000e-01  -9.3750000e-01
  -2.3917000e+00  -2.6019000e+00  -2.5475000e+00  -2.6328000e+00  -6.5480000e-01  -1.0264000e+00
  -2.3234000e+00  -2.6462000e+00  -2.5601000e+00  -2.6699000e+00  -7.5120000e-01  -1.0052000e+00
  -2.0716000e+00  -2.5620000e+00  -2.4642000e+00  -2.6481000e+00  -7.6110000e-01  -8.5350000e-01
  -1.8917000e+00  -2.3844000e+00  -2.3051000e+00  -2.5324000e+00  -7.5090000e-01  -6.9660000e-01
  -1.8579000e+00  -2.2490000e+00  -2.2139000e+00  -2.4364000e+00  -7.7410000e-01  -5.8710000e-01
  -2.0635000e+00  -2.1790000e+00  -2.1975000e+00  -2.3878000e+00  -8.8140000e-01  -6.6170000e-01
  -2.4058000e+00  -2.2741000e+00  -2.3085000e+00  -2.3897000e+00  -9.1640000e-01  -7.1460000e-01
  -2.6964000e+00  -2.5057000e+00  -2.5263000e+00  -2.5070000e+00  -1.0045000e+00  -8.9090000e-01
  -2.8531000e+00  -2.7422000e+00  -2.7500000e+00  -2.7124000e+00  -1.0751000e+00  -1.0469000e+00
  -2.9148000e+00  -2.9522000e+00  -2.9192000e+00  -2.9104000e+00  -1.0882000e+00  -1.1224000e+00
  -2.9817000e+00  -3.2625000e+00  -3.0958000e+00  -3.1242000e+00  -1.0868000e+00  -1.1385000e+00
  -3.1471000e+00  -3.7457000e+00  -3.3843000e+00  -3.4775000e+00  -1.0487000e+00  -1.1047000e+00
  -3.5521000e+00  -4.3996000e+00  -3.8531000e+00  -4.0436000e+00  -9.5900000e-01  -1.0069000e+00
  -4.1460000e+00  -5.0818000e+00  -4.4764000e+00  -4.7600000e+00  -8.2680000e-01  -8.6510000e-01
  -4.7608000e+00  -5.6814000e+00  -5.0974000e+00  -5.4122000e+00  -6.6360000e-01  -7.0670000e-01
  -5.3346000e+00  -6.1954000e+00  -5.6692000e+00  -5.9490000e+00  -4.6190000e-01  -5.3120000e-01
  -5.8459000e+00  -6.4838000e+00  -6.1135000e+00  -6.3007000e+00  -2.2460000e-01  -3.4680000e-01
  -6.2449000e+00  -6.5998000e+00  -6.3732000e+00  -6.4790000e+00  -1.1700000e-02  -1.8740000e-01
  -6.4929000e+00  -6.6011000e+00  -6.4788000e+00  -6.5347000e+00   1.9030000e-01  -2.7200000e-02
  -6.5748000e+00  -6.4915000e+00  -6.4527000e+00  -6.4891000e+00   3.7180000e-01   1.2350000e-01
  -6.5783000e+00  -6.3130000e+00  -6.3496000e+00  -6.3834000e+00   5.4510000e-01   3.0100000e-01
  -6.5059000e+00  -6.0760000e+00  -6.1801000e+00  -6.2281000e+00   7.1490000e-01   4.8800000e-01
  -6.3528000e+00  -5.7929000e+00  -5.9451000e+00  -6.0134000e+00   9.1500000e-01   6.9200000e-01
  -6.1637000e+00  -5.4876000e+00  -5.6864000e+00  -5.7755000e+00   1.1304000e+00   8.9760000e-01
  -5.9466000e+00  -5.1715000e+00  -5.4109000e+00  -5.5238000e+00   1.3591000e+00   1.0995000e+00
  -5.6947000e+00  -4.8791000e+00  -5.1332000e+00  -5.2707000e+00   1.5819000e+00   1.2810000e+00
  -5.3945000e+00  -4.5909000e+00  -4.8375000e+00  -4.9840000e+00   1.7901000e+00   1.4420000e+00
  -5.0335000e+00  -4.3401000e+00  -4.5434000e+00  -4.7040000e+00   2.0057000e+00   1.6035000e+00
  -4.6342000e+00  -4.1388000e+00  -4.2773000e+00  -4.4566000e+00   2.2141000e+00   1.7575000e+00
  -4.2354000e+00  -3.9337000e+00  -4.0030000e+00  -4.2116000e+00   2.3657000e+00   1.9127000e+00
  -3.8237000e+00  -3.6822000e+00  -3.7009000e+00  -3.9388000e+00   2.4377000e+00   2.0905000e+00
  -3.4332000e+00  -3.3738000e+00  -3.3780000e+00  -3.6268000e+00   2.4745000e+00   2.3146000e+00
  -3.0273000e+00  -2.9975000e+00  -3.0222000e+00  -3.2659000e+00   2.5910000e+00   2.6257000e+00
  -2.6143000e+00  -2.5808000e+00  -2.6435000e+00  -2.8788000e+00   2.7813000e+00   3.0543000e+00
  -2.2321000e+00  -2.1854000e+00  -2.2905000e+00  -2.5080000e+00   2.9079000e+00   3.4548000e+00
  -1.9430000e+00  -1.8447000e+00  -2.0092000e+00  -2.1983000e+00   3.2554000e+00   3.6206000e+00
  -1.6835000e+00  -1.5489000e+00  -1.7416000e+00  -1.9093000e+00   4.2382000e+00   3.5762000e+00
  -1.3785000e+00  -1.3042000e+00  -1.4482000e+00  -1.6164000e+00   5.0459000e+00   3.7126000e+00
  -8.9430000e-01  -1.0382000e+00  -1.0461000e+00  -1.2378000e+00   5.1074000e+00   4.2263000e+00
  -2.1430000e-01  -5.8970000e-01  -4.6750000e-01  -6.7280000e-01   5.0601000e+00   4.9876000e+00
   5.2510000e-01   8.6200000e-02   2.1470000e-01   4.0700000e-02   4.9507000e+00   5.8736000e+00
   1.0371000e+00   8.3020000e-01   8.2040000e-01   7.0860000e-01   5.1089000e+00   6.0450000e+00
   1.4403000e+00   1.3483000e+00   1.2866000e+00   1.1742000e+00   6.1061000e+00   6.2014000e+00
   1.9883000e+00   1.8858000e+00   1.8820000e+00   1.7669000e+00   7.0235000e+00   6.4092000e+00
   2.7382000e+00   2.5384000e+00   2.5511000e+00   2.4300000e+00   7.3448000e+00   6.5040000e+00
   3.1834000e+00   3.0379000e+00   3.0129000e+00   2.8804000e+00   7.4594000e+00   6.5190000e+00
   3.6544000e+00   3.4485000e+00   3.5963000e+00   3.5303000e+00   7.5091000e+00   6.5768000e+00
   4.3418000e+00   4.1251000e+00   4.2046000e+00   4.1181000e+00   7.6685000e+00   6.7042000e+00
   4.7155000e+00   4.6077000e+00   4.5428000e+00   4.3990000e+00   7.6085000e+00   6.8752000e+00
   4.9848000e+00   4.9269000e+00   4.8182000e+00   4.6646000e+00   7.7129000e+00   6.9766000e+00
   5.3693000e+00   5.1239000e+00   5.1475000e+00   4.9816000e+00   7.8560000e+00   7.0539000e+00
   6.3639000e+00   5.8200000e+00   6.0994000e+00   5.8651000e+00   7.8018000e+00   7.2223000e+00
   8.0819000e+00   7.3136000e+00   7.6904000e+00   7.4529000e+00   7.9913000e+00   7.4620000e+00
   9.0124000e+00   8.6439000e+00   8.7655000e+00   8.5816000e+00   8.3009000e+00   7.7130000e+00
   9.2561000e+00   9.2429000e+00   9.2279000e+00   9.1745000e+00   8.6258000e+00   7.9322000e+00
   9.4005000e+00   9.4336000e+00   9.4268000e+00   9.3860000e+00   9.0157000e+00   8.1863000e+00
   9.4795000e+00   9.5101000e+00   9.5013000e+00   9.4533000e+00   9.2549000e+00   8.1874000e+00
   9.7347000e+00   9.6944000e+00   9.7287000e+00   9.6458000e+00   9.4925000e+00   8.9368000e+00
   9.8811000e+00   9.8607000e+00   9.8912000e+00   9.7995000e+00   8.8506000e+00   9.2355000e+00
   1.0023700e+01   1.0010800e+01   1.0042700e+01   9.9540000e+00   9.3932000e+00   9.7960000e+00
   1.0206900e+01   1.0165600e+01   1.0204100e+01   1.0115800e+01   9.6740000e+00   1.0103200e+01
   1.0338100e+01   1.0215500e+01   1.0303300e+01   1.0190100e+01   1.0397500e+01   1.0104700e+01
   1.0454400e+01   1.0382900e+01   1.0480800e+01   1.0402400e+01   1.0615100e+01   1.0204400e+01
   1.0514500e+01   1.0516800e+01   1.0602700e+01   1.0558100e+01   1.0537200e+01   1.0588600e+01
   1.0570500e+01   1.0601600e+01   1.0698700e+01   1.0671800e+01   1.0375000e+01   1.0830400e+01
   1.0596300e+01   1.0645900e+01   1.0726000e+01   1.0717200e+01   1.0534900e+01   1.0761300e+01
   1.0667900e+01   1.0656900e+01   1.0722700e+01   1.0692600e+01   1.0654700e+01   1.0712800e+01
