   3.9780000e+00   3.9900000e+00   3.9660000e+00   3.9550000e+00   6.6730000e+00   6.3530000e+00
   3.9810000e+00   3.9850000e+00   3.9710000e+00   3.9580000e+00   6.5040000e+00   6.4230000e+00
   4.0170000e+00   4.0150000e+00   4.0070000e+00   3.9860000e+00   6.5060000e+00   6.5870000e+00
   4.0690000e+00   4.0600000e+00   4.0590000e+00   4.0320000e+00   6.6870000e+00   6.8150000e+00
   4.1170000e+00   4.0860000e+00   4.0890000e+00   4.0550000e+00   6.7930000e+00   6.9220000e+00
   4.1800000e+00   4.1330000e+00   4.1440000e+00   4.1150000e+00   6.9840000e+00   7.0360000e+00
   4.2290000e+00   4.1620000e+00   4.1800000e+00   4.1400000e+00   7.0410000e+00   7.1710000e+00
   4.3360000e+00   4.2590000e+00   4.2790000e+00   4.2320000e+00   7.1000000e+00   7.2360000e+00
   4.3790000e+00   4.3050000e+00   4.3410000e+00   4.3000000e+00   7.1960000e+00   7.2650000e+00
   4.4570000e+00   4.3750000e+00   4.4180000e+00   4.3790000e+00   7.2800000e+00   7.2430000e+00
   4.5260000e+00   4.4420000e+00   4.4900000e+00   4.4530000e+00   7.2790000e+00   7.2230000e+00
   4.5230000e+00   4.4240000e+00   4.4760000e+00   4.4290000e+00   7.2660000e+00   7.1780000e+00
   4.5900000e+00   4.4900000e+00   4.5390000e+00   4.4880000e+00   7.3060000e+00   7.2660000e+00
   4.5830000e+00   4.4800000e+00   4.5210000e+00   4.4600000e+00   7.2980000e+00   7.3140000e+00
   4.6130000e+00   4.5050000e+00   4.5400000e+00   4.4720000e+00   7.3360000e+00   7.3690000e+00
   4.6240000e+00   4.5160000e+00   4.5540000e+00   4.4870000e+00   7.2140000e+00   7.2560000e+00
   4.6110000e+00   4.4980000e+00   4.5320000e+00   4.4570000e+00   7.1060000e+00   7.0640000e+00
   4.5930000e+00   4.4750000e+00   4.5170000e+00   4.4420000e+00   6.8610000e+00   6.8220000e+00
   4.5580000e+00   4.4370000e+00   4.4880000e+00   4.4170000e+00   6.5790000e+00   6.5500000e+00
   4.5040000e+00   4.3790000e+00   4.4300000e+00   4.3600000e+00   6.5520000e+00   6.4310000e+00
   4.4690000e+00   4.3560000e+00   4.4010000e+00   4.3360000e+00   6.5890000e+00   6.5390000e+00
   4.4160000e+00   4.3420000e+00   4.3720000e+00   4.3310000e+00   6.2050000e+00   6.0830000e+00
   4.3110000e+00   4.2510000e+00   4.2750000e+00   4.2590000e+00   5.5820000e+00   5.4600000e+00
   4.2980000e+00   4.2190000e+00   4.2260000e+00   4.2300000e+00   5.3840000e+00   5.3270000e+00
   4.2850000e+00   4.2260000e+00   4.2280000e+00   4.2420000e+00   5.5600000e+00   5.4800000e+00
   4.2310000e+00   4.1830000e+00   4.1930000e+00   4.2310000e+00   5.5030000e+00   5.4810000e+00
   4.1270000e+00   4.1080000e+00   4.1100000e+00   4.1630000e+00   5.5780000e+00   5.6530000e+00
   4.1030000e+00   4.1200000e+00   4.0980000e+00   4.1590000e+00   5.9550000e+00   5.8530000e+00
   4.1120000e+00   4.1940000e+00   4.1420000e+00   4.2230000e+00   6.0150000e+00   5.8780000e+00
   4.1230000e+00   4.2730000e+00   4.2000000e+00   4.3020000e+00   6.0720000e+00   6.0070000e+00
   4.1520000e+00   4.3360000e+00   4.2760000e+00   4.3740000e+00   6.1520000e+00   6.1040000e+00
   4.2300000e+00   4.3850000e+00   4.3570000e+00   4.4240000e+00   6.1260000e+00   6.0510000e+00
   4.3950000e+00   4.4690000e+00   4.5110000e+00   4.5650000e+00   6.0590000e+00   5.9670000e+00
   4.6500000e+00   4.6540000e+00   4.7190000e+00   4.7270000e+00   6.0270000e+00   5.9500000e+00
   4.8890000e+00   4.8550000e+00   4.9060000e+00   4.8760000e+00   5.9870000e+00   5.9560000e+00
   4.9950000e+00   4.8990000e+00   4.9850000e+00   4.9440000e+00   5.9230000e+00   5.9540000e+00
   5.1360000e+00   4.9850000e+00   5.0970000e+00   5.0320000e+00   5.8100000e+00   5.8890000e+00
   5.2410000e+00   5.0360000e+00   5.1750000e+00   5.0970000e+00   5.7550000e+00   5.8650000e+00
   5.3430000e+00   5.0600000e+00   5.2130000e+00   5.0980000e+00   5.7880000e+00   5.9170000e+00
   5.4500000e+00   5.1370000e+00   5.2900000e+00   5.1560000e+00   5.8550000e+00   6.0060000e+00
   5.4240000e+00   5.0560000e+00   5.2250000e+00   5.0710000e+00   5.9930000e+00   6.0590000e+00
   5.3700000e+00   4.9690000e+00   5.1450000e+00   4.9760000e+00   6.1090000e+00   6.1050000e+00
   5.3000000e+00   4.8780000e+00   5.0480000e+00   4.8710000e+00   6.1850000e+00   6.1620000e+00
   5.2740000e+00   4.9020000e+00   5.0240000e+00   4.8520000e+00   6.2030000e+00   6.2160000e+00
   5.2310000e+00   4.8790000e+00   4.9790000e+00   4.8090000e+00   6.1550000e+00   6.1950000e+00
   5.2080000e+00   4.8080000e+00   4.9380000e+00   4.7710000e+00   6.1050000e+00   6.1470000e+00
   5.1510000e+00   4.7660000e+00   4.9000000e+00   4.7380000e+00   6.0550000e+00   6.0720000e+00
   5.0960000e+00   4.7060000e+00   4.8530000e+00   4.6990000e+00   5.9960000e+00   6.0010000e+00
   5.0850000e+00   4.7240000e+00   4.8770000e+00   4.7420000e+00   5.9100000e+00   5.9360000e+00
   5.0870000e+00   4.7570000e+00   4.8820000e+00   4.7420000e+00   5.8560000e+00   5.9010000e+00
   5.0440000e+00   4.7480000e+00   4.8640000e+00   4.7440000e+00   5.8810000e+00   5.8900000e+00
   4.9750000e+00   4.7030000e+00   4.8160000e+00   4.7090000e+00   5.9090000e+00   5.8830000e+00
   4.9480000e+00   4.6890000e+00   4.8090000e+00   4.7130000e+00   5.9420000e+00   5.9170000e+00
   4.8900000e+00   4.6680000e+00   4.7880000e+00   4.7120000e+00   5.9780000e+00   5.9540000e+00
   4.8980000e+00   4.6230000e+00   4.7490000e+00   4.6280000e+00   6.0140000e+00   5.9500000e+00
   4.8950000e+00   4.6100000e+00   4.7170000e+00   4.5650000e+00   6.0370000e+00   5.9210000e+00
   4.7280000e+00   4.5780000e+00   4.6120000e+00   4.5180000e+00   5.9590000e+00   5.8610000e+00
   4.5640000e+00   4.4870000e+00   4.5070000e+00   4.4450000e+00   5.8720000e+00   5.8060000e+00
   4.5100000e+00   4.4210000e+00   4.4530000e+00   4.3800000e+00   5.5410000e+00   5.6980000e+00
   4.4670000e+00   4.4090000e+00   4.4460000e+00   4.3930000e+00   5.0240000e+00   5.3660000e+00
   4.3970000e+00   4.3650000e+00   4.4190000e+00   4.3970000e+00   4.5190000e+00   4.9500000e+00
   4.3300000e+00   4.3240000e+00   4.3770000e+00   4.3700000e+00   4.5340000e+00   4.5960000e+00
   4.2900000e+00   4.2560000e+00   4.3240000e+00   4.3200000e+00   5.4800000e+00   4.6810000e+00
   4.4120000e+00   4.3270000e+00   4.3940000e+00   4.3580000e+00   6.5100000e+00   5.3850000e+00
   4.5120000e+00   4.4900000e+00   4.5320000e+00   4.5130000e+00   6.1850000e+00   5.7400000e+00
   4.4700000e+00   4.5290000e+00   4.5190000e+00   4.5250000e+00   6.1470000e+00   6.0450000e+00
   4.4810000e+00   4.5010000e+00   4.5210000e+00   4.5150000e+00   6.2170000e+00   6.2280000e+00
   4.5140000e+00   4.5270000e+00   4.5470000e+00   4.5470000e+00   6.2860000e+00   6.2950000e+00
   4.5170000e+00   4.5240000e+00   4.5620000e+00   4.5700000e+00   6.4420000e+00   6.3650000e+00
   4.5280000e+00   4.5390000e+00   4.5760000e+00   4.5910000e+00   6.6540000e+00   6.4310000e+00
   4.4680000e+00   4.4830000e+00   4.5080000e+00   4.5270000e+00   6.8290000e+00   6.5100000e+00
   4.4130000e+00   4.4030000e+00   4.4330000e+00   4.4440000e+00   6.9700000e+00   6.6360000e+00
   4.3560000e+00   4.2890000e+00   4.3410000e+00   4.3320000e+00   7.0480000e+00   6.7660000e+00
   4.3350000e+00   4.2320000e+00   4.2910000e+00   4.2550000e+00   7.0520000e+00   6.8360000e+00
   4.3750000e+00   4.2230000e+00   4.2900000e+00   4.2210000e+00   6.9580000e+00   6.8700000e+00
   4.4380000e+00   4.2530000e+00   4.3270000e+00   4.2350000e+00   6.7000000e+00   6.8090000e+00
   4.4670000e+00   4.3190000e+00   4.3790000e+00   4.3040000e+00   6.4820000e+00   6.6640000e+00
   4.4600000e+00   4.3750000e+00   4.4020000e+00   4.3570000e+00   6.3510000e+00   6.5320000e+00
   4.4360000e+00   4.4240000e+00   4.4120000e+00   4.3900000e+00   6.2960000e+00   6.3890000e+00
   4.4410000e+00   4.4610000e+00   4.4520000e+00   4.4430000e+00   6.2950000e+00   6.2320000e+00
   4.4410000e+00   4.4730000e+00   4.4780000e+00   4.4810000e+00   6.2040000e+00   6.1300000e+00
   4.4250000e+00   4.4660000e+00   4.4800000e+00   4.4920000e+00   6.1080000e+00   6.1160000e+00
   4.4220000e+00   4.4330000e+00   4.4680000e+00   4.4720000e+00   5.9810000e+00   6.0810000e+00
   4.4690000e+00   4.4610000e+00   4.5120000e+00   4.5120000e+00   5.8720000e+00   5.9600000e+00
   4.5090000e+00   4.4870000e+00   4.5450000e+00   4.5450000e+00   5.7760000e+00   5.7850000e+00
   4.5580000e+00   4.5080000e+00   4.5760000e+00   4.5670000e+00   5.6850000e+00   5.6000000e+00
   4.6050000e+00   4.5610000e+00   4.6250000e+00   4.6120000e+00   5.6310000e+00   5.4400000e+00
   4.5930000e+00   4.5740000e+00   4.6340000e+00   4.6320000e+00   5.6680000e+00   5.3370000e+00
   4.5940000e+00   4.5700000e+00   4.6260000e+00   4.6240000e+00   5.7240000e+00   5.2860000e+00
   4.6510000e+00   4.6000000e+00   4.6500000e+00   4.6310000e+00   5.7440000e+00   5.3420000e+00
   4.7440000e+00   4.6720000e+00   4.7180000e+00   4.6790000e+00   5.7110000e+00   5.4310000e+00
   4.7970000e+00   4.7390000e+00   4.7950000e+00   4.7670000e+00   5.6890000e+00   5.4930000e+00
   4.8230000e+00   4.7860000e+00   4.8490000e+00   4.8440000e+00   5.7000000e+00   5.5500000e+00
   4.8100000e+00   4.7960000e+00   4.8570000e+00   4.8700000e+00   5.7110000e+00   5.6200000e+00
   4.8030000e+00   4.7770000e+00   4.8400000e+00   4.8510000e+00   5.7020000e+00   5.6890000e+00
   4.8100000e+00   4.7400000e+00   4.8160000e+00   4.8100000e+00   5.7170000e+00   5.7250000e+00
   4.8260000e+00   4.7540000e+00   4.8150000e+00   4.7920000e+00   5.7630000e+00   5.7490000e+00
   4.7860000e+00   4.7600000e+00   4.8040000e+00   4.7860000e+00   5.8280000e+00   5.7670000e+00
   4.8200000e+00   4.7370000e+00   4.7450000e+00   4.6970000e+00   5.8940000e+00   5.7900000e+00
   4.9170000e+00   4.8980000e+00   4.8370000e+00   4.7480000e+00   5.9590000e+00   5.8250000e+00
   4.9580000e+00   4.9410000e+00   4.8980000e+00   4.8300000e+00   6.0190000e+00   5.8900000e+00
   4.9600000e+00   4.9450000e+00   4.9250000e+00   4.8750000e+00   6.0620000e+00   5.9600000e+00
   4.9220000e+00   4.9150000e+00   4.9240000e+00   4.9050000e+00   6.0700000e+00   6.0080000e+00
   4.8560000e+00   4.8470000e+00   4.8730000e+00   4.8690000e+00   6.0580000e+00   6.0170000e+00
   4.7900000e+00   4.7750000e+00   4.8090000e+00   4.8060000e+00   6.0370000e+00   5.9980000e+00
   4.7310000e+00   4.6950000e+00   4.7400000e+00   4.7310000e+00   6.0290000e+00   5.9660000e+00
   4.6820000e+00   4.6350000e+00   4.6820000e+00   4.6620000e+00   6.0360000e+00   5.9570000e+00
   4.6200000e+00   4.5650000e+00   4.6100000e+00   4.5830000e+00   6.0620000e+00   5.9680000e+00
   4.5840000e+00   4.5270000e+00   4.5680000e+00   4.5330000e+00   6.1170000e+00   5.9920000e+00
   4.5680000e+00   4.4830000e+00   4.5300000e+00   4.4800000e+00   6.1950000e+00   6.0440000e+00
   4.5690000e+00   4.4630000e+00   4.5170000e+00   4.4580000e+00   6.2550000e+00   6.0800000e+00
   4.5930000e+00   4.4860000e+00   4.5360000e+00   4.4770000e+00   6.2200000e+00   6.0180000e+00
   4.5880000e+00   4.4950000e+00   4.5400000e+00   4.4880000e+00   6.0110000e+00   5.7680000e+00
   4.5700000e+00   4.4920000e+00   4.5330000e+00   4.4870000e+00   5.5630000e+00   5.3750000e+00
   4.5380000e+00   4.4790000e+00   4.5170000e+00   4.4800000e+00   5.4770000e+00   5.2880000e+00
   4.4880000e+00   4.4550000e+00   4.4910000e+00   4.4660000e+00   4.8400000e+00   4.6570000e+00
   4.4350000e+00   4.4140000e+00   4.4460000e+00   4.4310000e+00   4.3790000e+00   4.2660000e+00
   4.4010000e+00   4.3880000e+00   4.4230000e+00   4.4240000e+00   4.1000000e+00   4.0460000e+00
   4.3880000e+00   4.3800000e+00   4.4180000e+00   4.4210000e+00   4.2450000e+00   4.2430000e+00
   4.3640000e+00   4.3630000e+00   4.4080000e+00   4.4220000e+00   4.4400000e+00   4.4580000e+00
   4.3590000e+00   4.3630000e+00   4.4190000e+00   4.4450000e+00   4.3700000e+00   4.4260000e+00
   4.3750000e+00   4.3780000e+00   4.4460000e+00   4.4790000e+00   4.3210000e+00   4.4470000e+00
   4.3810000e+00   4.3800000e+00   4.4570000e+00   4.4940000e+00   4.4060000e+00   4.5070000e+00
   4.4000000e+00   4.3970000e+00   4.4770000e+00   4.5140000e+00   4.4070000e+00   4.4640000e+00
   4.4200000e+00   4.4200000e+00   4.5030000e+00   4.5430000e+00   4.3590000e+00   4.4030000e+00
   4.4870000e+00   4.4680000e+00   4.5750000e+00   4.6110000e+00   4.3350000e+00   4.3610000e+00
   4.5830000e+00   4.5300000e+00   4.6740000e+00   4.7090000e+00   4.3270000e+00   4.3530000e+00
   4.7140000e+00   4.6470000e+00   4.8210000e+00   4.8740000e+00   4.3000000e+00   4.3420000e+00
   4.8540000e+00   4.7610000e+00   4.9970000e+00   5.0680000e+00   4.2660000e+00   4.3190000e+00
   5.0580000e+00   4.8880000e+00   5.1380000e+00   5.1680000e+00   4.2550000e+00   4.3010000e+00
   5.1460000e+00   4.9710000e+00   5.1840000e+00   5.1920000e+00   4.2590000e+00   4.2860000e+00
   5.2110000e+00   4.9520000e+00   5.1940000e+00   5.1650000e+00   4.2520000e+00   4.2630000e+00
   5.2720000e+00   4.9520000e+00   5.2010000e+00   5.1400000e+00   4.2610000e+00   4.2460000e+00
   5.3230000e+00   4.9590000e+00   5.2190000e+00   5.1390000e+00   4.2650000e+00   4.2420000e+00
   5.3710000e+00   4.9910000e+00   5.2550000e+00   5.1670000e+00   4.2710000e+00   4.2170000e+00
   5.4190000e+00   5.0200000e+00   5.2870000e+00   5.1850000e+00   4.2930000e+00   4.2250000e+00
   5.4810000e+00   5.0720000e+00   5.3320000e+00   5.2200000e+00   4.2970000e+00   4.2180000e+00
   5.5130000e+00   5.0890000e+00   5.3220000e+00   5.1820000e+00   4.3350000e+00   4.2310000e+00
   5.5040000e+00   5.0630000e+00   5.2710000e+00   5.1040000e+00   4.3710000e+00   4.2680000e+00
   5.4170000e+00   5.0160000e+00   5.1790000e+00   5.0210000e+00   4.4090000e+00   4.3090000e+00
   5.3300000e+00   5.0240000e+00   5.1250000e+00   4.9990000e+00   4.4620000e+00   4.3720000e+00
   5.3240000e+00   5.0380000e+00   5.1220000e+00   4.9950000e+00   4.5190000e+00   4.4570000e+00
   5.3290000e+00   5.0580000e+00   5.1230000e+00   4.9940000e+00   4.5570000e+00   4.5430000e+00
   5.3380000e+00   5.0680000e+00   5.1270000e+00   4.9960000e+00   4.5860000e+00   4.5930000e+00
   5.3360000e+00   5.0770000e+00   5.1410000e+00   5.0200000e+00   4.6290000e+00   4.6130000e+00
   5.3570000e+00   5.1080000e+00   5.1910000e+00   5.0820000e+00   4.7600000e+00   4.7750000e+00
   5.4080000e+00   5.1730000e+00   5.2630000e+00   5.1690000e+00   5.0190000e+00   5.1440000e+00
   5.4460000e+00   5.2430000e+00   5.3260000e+00   5.2420000e+00   5.1750000e+00   5.3420000e+00
   5.4550000e+00   5.2720000e+00   5.3500000e+00   5.2680000e+00   5.3280000e+00   5.5450000e+00
   5.5610000e+00   5.3880000e+00   5.4440000e+00   5.3140000e+00   5.4480000e+00   5.7890000e+00
   5.6430000e+00   5.4360000e+00   5.4580000e+00   5.2880000e+00   5.6990000e+00   5.9250000e+00
   5.6080000e+00   5.3870000e+00   5.4920000e+00   5.4120000e+00   5.9290000e+00   6.0240000e+00
   5.6750000e+00   5.4540000e+00   5.5810000e+00   5.4970000e+00   6.0330000e+00   6.1190000e+00
   5.6420000e+00   5.5130000e+00   5.5400000e+00   5.4640000e+00   6.0920000e+00   6.2610000e+00
   5.5800000e+00   5.4690000e+00   5.5400000e+00   5.5030000e+00   6.1280000e+00   6.4190000e+00
   5.5580000e+00   5.5310000e+00   5.5780000e+00   5.5850000e+00   6.1900000e+00   6.5220000e+00
   5.5590000e+00   5.5710000e+00   5.6090000e+00   5.6360000e+00   6.1310000e+00   6.5870000e+00
   5.5600000e+00   5.6300000e+00   5.6260000e+00   5.6780000e+00   6.1610000e+00   6.4900000e+00
   5.5370000e+00   5.6680000e+00   5.6350000e+00   5.6940000e+00   6.1710000e+00   6.3770000e+00
   5.4690000e+00   5.6950000e+00   5.6180000e+00   5.6830000e+00   6.2570000e+00   6.4400000e+00
   5.4930000e+00   5.7180000e+00   5.6610000e+00   5.7350000e+00   6.3520000e+00   6.6670000e+00
   5.5920000e+00   5.7650000e+00   5.7020000e+00   5.7580000e+00   6.3400000e+00   6.3460000e+00
   5.6390000e+00   5.8120000e+00   5.7400000e+00   5.7820000e+00   6.4560000e+00   6.3020000e+00
   5.6680000e+00   5.8370000e+00   5.7500000e+00   5.7860000e+00   6.5490000e+00   6.2080000e+00
   5.7130000e+00   5.8900000e+00   5.8040000e+00   5.8450000e+00   6.6690000e+00   6.1140000e+00
   5.7860000e+00   5.9580000e+00   5.8910000e+00   5.9400000e+00   6.7430000e+00   6.0390000e+00
   5.8900000e+00   6.0490000e+00   5.9900000e+00   6.0360000e+00   6.7970000e+00   5.9290000e+00
   5.9940000e+00   6.1610000e+00   6.0980000e+00   6.1470000e+00   6.8340000e+00   5.8630000e+00
   6.1110000e+00   6.2650000e+00   6.2060000e+00   6.2500000e+00   6.8100000e+00   5.9540000e+00
   6.2060000e+00   6.3580000e+00   6.2920000e+00   6.3330000e+00   6.7440000e+00   6.1210000e+00
   6.2830000e+00   6.4250000e+00   6.3670000e+00   6.4070000e+00   6.7210000e+00   6.2480000e+00
   6.3110000e+00   6.4430000e+00   6.3880000e+00   6.4270000e+00   6.6900000e+00   6.2530000e+00
   6.2820000e+00   6.3950000e+00   6.3570000e+00   6.3960000e+00   6.5300000e+00   6.2090000e+00
   6.2590000e+00   6.3660000e+00   6.3330000e+00   6.3720000e+00   6.4810000e+00   6.1910000e+00
   6.2530000e+00   6.3580000e+00   6.3310000e+00   6.3720000e+00   6.4550000e+00   6.1400000e+00
   6.2340000e+00   6.3420000e+00   6.3130000e+00   6.3560000e+00   6.5270000e+00   6.1340000e+00
   6.2110000e+00   6.3200000e+00   6.2890000e+00   6.3330000e+00   6.5630000e+00   6.1640000e+00
   6.2110000e+00   6.3200000e+00   6.2960000e+00   6.3420000e+00   6.4110000e+00   6.2300000e+00
   6.2410000e+00   6.3430000e+00   6.3180000e+00   6.3570000e+00   6.0760000e+00   6.2200000e+00
   6.2710000e+00   6.3740000e+00   6.3540000e+00   6.3980000e+00   5.7380000e+00   6.1450000e+00
   6.3030000e+00   6.4090000e+00   6.3890000e+00   6.4310000e+00   5.5920000e+00   5.9860000e+00
   6.3620000e+00   6.4570000e+00   6.4350000e+00   6.4680000e+00   5.6420000e+00   5.8540000e+00
   6.4270000e+00   6.5040000e+00   6.4820000e+00   6.5050000e+00   5.7710000e+00   5.7700000e+00
   6.4610000e+00   6.5160000e+00   6.4930000e+00   6.5020000e+00   5.8330000e+00   5.7430000e+00
   6.5020000e+00   6.5510000e+00   6.5320000e+00   6.5410000e+00   5.8010000e+00   5.6740000e+00
   6.5020000e+00   6.5520000e+00   6.5310000e+00   6.5400000e+00   5.7730000e+00   5.6250000e+00
   6.4900000e+00   6.5400000e+00   6.5190000e+00   6.5300000e+00   5.7750000e+00   5.6390000e+00
   6.4820000e+00   6.5370000e+00   6.5210000e+00   6.5400000e+00   5.8090000e+00   5.6930000e+00
   6.5070000e+00   6.5610000e+00   6.5450000e+00   6.5630000e+00   5.8590000e+00   5.7420000e+00
   6.4670000e+00   6.5170000e+00   6.4990000e+00   6.5130000e+00   5.8970000e+00   5.7730000e+00
   6.4170000e+00   6.4480000e+00   6.4480000e+00   6.4600000e+00   5.9150000e+00   5.7900000e+00
   6.4050000e+00   6.4200000e+00   6.4240000e+00   6.4300000e+00   5.9220000e+00   5.7970000e+00
   6.3700000e+00   6.3810000e+00   6.3850000e+00   6.3910000e+00   5.9220000e+00   5.8130000e+00
   6.2950000e+00   6.3190000e+00   6.3190000e+00   6.3270000e+00   5.9400000e+00   5.8840000e+00
   6.2140000e+00   6.2370000e+00   6.2390000e+00   6.2430000e+00   5.9800000e+00   5.9370000e+00
   6.1750000e+00   6.2010000e+00   6.2060000e+00   6.2140000e+00   6.0250000e+00   5.9730000e+00
   6.1610000e+00   6.1900000e+00   6.1900000e+00   6.1980000e+00   6.0610000e+00   6.0390000e+00
   6.1400000e+00   6.1650000e+00   6.1600000e+00   6.1610000e+00   6.0650000e+00   6.0910000e+00
   6.0920000e+00   6.1210000e+00   6.1160000e+00   6.1200000e+00   6.1000000e+00   6.1030000e+00
   6.0550000e+00   6.0960000e+00   6.0890000e+00   6.0980000e+00   6.1210000e+00   6.1140000e+00
   6.0590000e+00   6.0920000e+00   6.0880000e+00   6.0920000e+00   6.1510000e+00   6.1460000e+00
   6.0690000e+00   6.1010000e+00   6.0980000e+00   6.1050000e+00   6.1610000e+00   6.1790000e+00
   6.0750000e+00   6.1080000e+00   6.1090000e+00   6.1170000e+00   6.1760000e+00   6.2120000e+00
   6.0860000e+00   6.1250000e+00   6.1290000e+00   6.1430000e+00   6.1920000e+00   6.2410000e+00
   6.1060000e+00   6.1300000e+00   6.1470000e+00   6.1580000e+00   6.2270000e+00   6.2430000e+00
   6.1610000e+00   6.1670000e+00   6.1900000e+00   6.1960000e+00   6.2660000e+00   6.2380000e+00
   6.1920000e+00   6.1910000e+00   6.2210000e+00   6.2310000e+00   6.2780000e+00   6.2180000e+00
   6.2290000e+00   6.2510000e+00   6.2640000e+00   6.2750000e+00   6.2160000e+00   6.1350000e+00
   6.2010000e+00   6.2410000e+00   6.2480000e+00   6.2680000e+00   6.1050000e+00   5.9790000e+00
   6.1680000e+00   6.2000000e+00   6.2100000e+00   6.2330000e+00   5.9390000e+00   5.8790000e+00
   6.1320000e+00   6.1630000e+00   6.1790000e+00   6.2010000e+00   5.9240000e+00   5.9280000e+00
   6.0340000e+00   6.0670000e+00   6.0820000e+00   6.1120000e+00   5.5180000e+00   5.5730000e+00
   5.8780000e+00   5.9230000e+00   5.9240000e+00   5.9570000e+00   5.0490000e+00   5.1150000e+00
   5.7040000e+00   5.7590000e+00   5.7530000e+00   5.7830000e+00   4.9720000e+00   5.0440000e+00
   5.6310000e+00   5.6820000e+00   5.6970000e+00   5.7360000e+00   5.2360000e+00   5.2790000e+00
   5.7270000e+00   5.8450000e+00   5.8560000e+00   5.9390000e+00   5.2060000e+00   5.2590000e+00
   6.0130000e+00   6.1020000e+00   6.1130000e+00   6.1790000e+00   5.3060000e+00   5.5710000e+00
   6.1950000e+00   6.2380000e+00   6.2380000e+00   6.2720000e+00   5.8220000e+00   5.9790000e+00
   6.1810000e+00   6.1840000e+00   6.2040000e+00   6.2230000e+00   6.0720000e+00   6.2590000e+00
   6.1080000e+00   6.0770000e+00   6.1070000e+00   6.1070000e+00   6.3620000e+00   6.4610000e+00
   6.0290000e+00   5.9660000e+00   6.0170000e+00   6.0070000e+00   6.6450000e+00   6.7310000e+00
   5.9160000e+00   5.9180000e+00   5.9270000e+00   5.9340000e+00   6.8050000e+00   6.8890000e+00
   5.9450000e+00   5.9270000e+00   5.9860000e+00   6.0250000e+00   6.9250000e+00   6.9620000e+00
   6.0040000e+00   6.0490000e+00   6.0600000e+00   6.1020000e+00   7.0410000e+00   7.0010000e+00
   6.0010000e+00   6.0530000e+00   6.0760000e+00   6.1210000e+00   7.2670000e+00   7.0260000e+00
   6.1520000e+00   6.1430000e+00   6.1900000e+00   6.2140000e+00   7.5020000e+00   7.0650000e+00
   6.2570000e+00   6.2680000e+00   6.2990000e+00   6.3260000e+00   7.7190000e+00   7.1770000e+00
   6.3050000e+00   6.3310000e+00   6.3460000e+00   6.3730000e+00   7.7490000e+00   7.2240000e+00
   6.1600000e+00   6.2230000e+00   6.2170000e+00   6.2570000e+00   7.6460000e+00   7.2050000e+00
   6.0710000e+00   6.0760000e+00   6.0940000e+00   6.1130000e+00   7.6040000e+00   7.2030000e+00
   5.8830000e+00   5.9320000e+00   5.9140000e+00   5.9430000e+00   7.6600000e+00   7.2400000e+00
   5.6550000e+00   5.6560000e+00   5.6540000e+00   5.6550000e+00   7.8160000e+00   7.3920000e+00
   5.6030000e+00   5.5580000e+00   5.5750000e+00   5.5700000e+00   8.0080000e+00   7.5490000e+00
   5.6090000e+00   5.5900000e+00   5.5930000e+00   5.5970000e+00   8.1240000e+00   7.6890000e+00
   5.2250000e+00   5.2950000e+00   5.2490000e+00   5.2690000e+00   8.1680000e+00   7.7620000e+00
   4.6400000e+00   4.7160000e+00   4.6310000e+00   4.5970000e+00   8.1760000e+00   7.7770000e+00
   4.6330000e+00   4.5080000e+00   4.4940000e+00   4.3660000e+00   8.2000000e+00   7.8280000e+00
   4.7830000e+00   4.5660000e+00   4.5970000e+00   4.4750000e+00   8.2800000e+00   7.9210000e+00
   4.8820000e+00   4.7040000e+00   4.7260000e+00   4.6300000e+00   8.3400000e+00   8.0250000e+00
   4.9420000e+00   4.7610000e+00   4.8240000e+00   4.7580000e+00   8.3450000e+00   8.0700000e+00
   5.0840000e+00   4.7880000e+00   4.9270000e+00   4.8290000e+00   8.2630000e+00   8.0920000e+00
   5.1190000e+00   4.9990000e+00   5.0600000e+00   5.0410000e+00   8.1200000e+00   8.0970000e+00
   4.9410000e+00   4.8280000e+00   4.8820000e+00   4.8760000e+00   7.9750000e+00   8.1260000e+00
   4.7530000e+00   4.6760000e+00   4.7030000e+00   4.6960000e+00   7.8140000e+00   8.1530000e+00
   4.7360000e+00   4.6210000e+00   4.6530000e+00   4.6190000e+00   7.6210000e+00   8.1430000e+00
   4.7730000e+00   4.6620000e+00   4.6990000e+00   4.6700000e+00   7.4400000e+00   8.1270000e+00
   4.7560000e+00   4.7190000e+00   4.7310000e+00   4.7420000e+00   7.2730000e+00   8.0850000e+00
   4.7240000e+00   4.6870000e+00   4.7110000e+00   4.7290000e+00   7.1620000e+00   8.0110000e+00
   4.7810000e+00   4.7450000e+00   4.7690000e+00   4.7790000e+00   7.0870000e+00   7.9700000e+00
   4.9060000e+00   4.8680000e+00   4.8870000e+00   4.8790000e+00   7.1210000e+00   7.8510000e+00
   5.0620000e+00   5.0530000e+00   5.0510000e+00   5.0300000e+00   7.2280000e+00   7.6910000e+00
   5.1710000e+00   5.2220000e+00   5.2070000e+00   5.2030000e+00   7.2900000e+00   7.3670000e+00
   5.2130000e+00   5.2610000e+00   5.2840000e+00   5.3060000e+00   7.1230000e+00   7.1510000e+00
   5.2890000e+00   5.3220000e+00   5.3270000e+00   5.3520000e+00   7.0270000e+00   7.0200000e+00
   5.2630000e+00   5.4140000e+00   5.3630000e+00   5.4170000e+00   7.5400000e+00   7.0120000e+00
   5.4230000e+00   5.4890000e+00   5.4290000e+00   5.4220000e+00   8.4400000e+00   7.2290000e+00
   5.5470000e+00   5.5620000e+00   5.5160000e+00   5.5170000e+00   8.3980000e+00   6.8710000e+00
   5.5610000e+00   5.5590000e+00   5.5160000e+00   5.5190000e+00   8.1180000e+00   6.8770000e+00
   5.5750000e+00   5.6240000e+00   5.5580000e+00   5.5620000e+00   7.6350000e+00   6.6530000e+00
   5.5950000e+00   5.6450000e+00   5.5710000e+00   5.5610000e+00   7.1350000e+00   6.1630000e+00
   5.6870000e+00   5.7170000e+00   5.6260000e+00   5.5840000e+00   6.6190000e+00   5.9080000e+00
   5.7460000e+00   5.7990000e+00   5.7310000e+00   5.6960000e+00   6.4550000e+00   5.8120000e+00
   5.8260000e+00   5.7700000e+00   5.7690000e+00   5.7150000e+00   6.6020000e+00   5.7490000e+00
   5.8720000e+00   5.7820000e+00   5.8200000e+00   5.7610000e+00   6.6200000e+00   5.7720000e+00
   5.9330000e+00   5.8690000e+00   5.8730000e+00   5.8100000e+00   6.5520000e+00   5.8950000e+00
   5.8330000e+00   5.9340000e+00   5.8560000e+00   5.8600000e+00   6.6430000e+00   5.9410000e+00
   5.7010000e+00   5.7760000e+00   5.7680000e+00   5.7810000e+00   6.6110000e+00   5.9380000e+00
   5.6430000e+00   5.6370000e+00   5.6860000e+00   5.6770000e+00   6.5410000e+00   6.0490000e+00
   5.6250000e+00   5.5830000e+00   5.6390000e+00   5.6050000e+00   6.4700000e+00   6.0920000e+00
   5.6140000e+00   5.5240000e+00   5.5820000e+00   5.5270000e+00   6.4820000e+00   6.1250000e+00
   5.6640000e+00   5.5880000e+00   5.6200000e+00   5.5530000e+00   6.4520000e+00   6.0060000e+00
   5.6270000e+00   5.6110000e+00   5.6080000e+00   5.5620000e+00   6.4000000e+00   5.9750000e+00
   5.5820000e+00   5.5800000e+00   5.5910000e+00   5.5600000e+00   6.2820000e+00   6.2730000e+00
   5.5440000e+00   5.5710000e+00   5.5740000e+00   5.5610000e+00   6.3490000e+00   6.5650000e+00
   5.5560000e+00   5.6340000e+00   5.5690000e+00   5.5300000e+00   6.3960000e+00   6.3550000e+00
   5.5070000e+00   5.5900000e+00   5.5620000e+00   5.5460000e+00   6.1690000e+00   6.1840000e+00
   5.3320000e+00   5.4410000e+00   5.4250000e+00   5.4380000e+00   5.8220000e+00   6.1680000e+00
   5.1860000e+00   5.2650000e+00   5.2630000e+00   5.2630000e+00   5.8390000e+00   6.1140000e+00
   5.1280000e+00   5.1530000e+00   5.1650000e+00   5.1410000e+00   5.7940000e+00   6.0020000e+00
   5.1280000e+00   5.1600000e+00   5.1500000e+00   5.1260000e+00   5.8170000e+00   5.9350000e+00
   4.9980000e+00   5.0770000e+00   5.0540000e+00   5.0590000e+00   5.9100000e+00   5.8040000e+00
   4.7440000e+00   4.7840000e+00   4.8130000e+00   4.8280000e+00   6.0320000e+00   5.7840000e+00
   4.6200000e+00   4.4800000e+00   4.6150000e+00   4.5990000e+00   6.0980000e+00   5.7870000e+00
   4.7210000e+00   4.6220000e+00   4.7240000e+00   4.6960000e+00   6.2320000e+00   5.8520000e+00
   4.8820000e+00   4.7450000e+00   4.9640000e+00   5.0020000e+00   6.1700000e+00   5.8640000e+00
   5.0620000e+00   4.8740000e+00   5.1100000e+00   5.1390000e+00   5.9300000e+00   5.7340000e+00
   5.3540000e+00   5.1580000e+00   5.3050000e+00   5.2740000e+00   5.7530000e+00   5.6430000e+00
   5.3390000e+00   5.2740000e+00   5.3510000e+00   5.3490000e+00   5.5530000e+00   5.5490000e+00
   5.3170000e+00   5.2480000e+00   5.2800000e+00   5.2430000e+00   5.3530000e+00   5.4620000e+00
   5.1130000e+00   5.1330000e+00   5.1000000e+00   5.0420000e+00   5.1820000e+00   5.4070000e+00
   5.3930000e+00   5.2010000e+00   5.1840000e+00   5.0420000e+00   5.0950000e+00   5.2320000e+00
   5.5950000e+00   5.4450000e+00   5.4900000e+00   5.3900000e+00   5.0980000e+00   5.0760000e+00
   5.1580000e+00   5.1710000e+00   5.3210000e+00   5.3800000e+00   5.1030000e+00   4.7340000e+00
   5.1040000e+00   4.9280000e+00   5.0630000e+00   5.0630000e+00   5.2180000e+00   4.6590000e+00
   5.4490000e+00   5.3170000e+00   5.4510000e+00   5.3700000e+00   5.5920000e+00   5.2410000e+00
   5.5680000e+00   5.3600000e+00   5.4820000e+00   5.4640000e+00   5.9440000e+00   5.4550000e+00
   5.7680000e+00   5.6270000e+00   5.6160000e+00   5.5160000e+00   6.5560000e+00   5.6280000e+00
   6.0030000e+00   5.9220000e+00   5.8540000e+00   5.7490000e+00   6.8280000e+00   5.8670000e+00
   6.0580000e+00   6.0280000e+00   5.9630000e+00   5.9010000e+00   6.8900000e+00   6.0590000e+00
   6.3920000e+00   6.2110000e+00   6.1370000e+00   6.0190000e+00   6.8900000e+00   6.1160000e+00
   6.6120000e+00   6.5490000e+00   6.4120000e+00   6.2670000e+00   6.7520000e+00   5.9750000e+00
   6.7290000e+00   6.6880000e+00   6.6430000e+00   6.5770000e+00   5.9850000e+00   5.3220000e+00
   6.6080000e+00   6.5830000e+00   6.6510000e+00   6.6650000e+00   6.2030000e+00   5.1040000e+00
   6.4940000e+00   6.4810000e+00   6.6200000e+00   6.6860000e+00   5.8620000e+00   4.9740000e+00
   6.2860000e+00   6.3180000e+00   6.4800000e+00   6.5930000e+00   5.9090000e+00   5.0160000e+00
   5.9870000e+00   5.9090000e+00   6.1080000e+00   6.2220000e+00   5.6090000e+00   5.1350000e+00
   5.9540000e+00   5.9350000e+00   6.0910000e+00   6.1560000e+00   4.3740000e+00   4.4950000e+00
   5.5420000e+00   5.4580000e+00   5.6160000e+00   5.7030000e+00   3.9640000e+00   4.3980000e+00
   6.1390000e+00   5.7620000e+00   5.9760000e+00   5.9170000e+00   4.2210000e+00   4.7480000e+00
   6.4840000e+00   6.5560000e+00   6.5460000e+00   6.5970000e+00   4.4040000e+00   4.8400000e+00
   6.2890000e+00   6.7260000e+00   6.4550000e+00   6.6200000e+00   4.4480000e+00   4.6210000e+00
   6.6850000e+00   6.5080000e+00   6.7340000e+00   6.7500000e+00   5.0070000e+00   4.3800000e+00
   6.6170000e+00   6.7580000e+00   6.8790000e+00   7.0980000e+00   5.1080000e+00   4.8960000e+00
   6.5130000e+00   6.7460000e+00   6.7450000e+00   6.8900000e+00   5.1440000e+00   5.4350000e+00
   6.7070000e+00   6.8660000e+00   6.7710000e+00   6.7810000e+00   5.3030000e+00   5.6550000e+00
   6.9740000e+00   7.0640000e+00   6.9390000e+00   6.9150000e+00   5.5140000e+00   5.6920000e+00
   6.9980000e+00   7.1190000e+00   7.0010000e+00   7.0240000e+00   5.4680000e+00   5.6750000e+00
   7.0000000e+00   7.1220000e+00   7.0170000e+00   7.0560000e+00   5.2890000e+00   5.6450000e+00
   6.9270000e+00   7.0610000e+00   6.9390000e+00   6.9740000e+00   5.2020000e+00   5.5350000e+00
   6.7590000e+00   6.9080000e+00   6.7860000e+00   6.8530000e+00   5.2180000e+00   5.4400000e+00
   6.5350000e+00   6.7340000e+00   6.6460000e+00   6.7380000e+00   5.3940000e+00   5.4900000e+00
   6.2030000e+00   6.5150000e+00   6.3890000e+00   6.5160000e+00   5.6560000e+00   5.5470000e+00
   6.0700000e+00   6.2950000e+00   6.1970000e+00   6.3110000e+00   5.9440000e+00   5.6380000e+00
   6.2330000e+00   6.2390000e+00   6.2280000e+00   6.2690000e+00   6.1720000e+00   5.8170000e+00
   6.3380000e+00   6.3150000e+00   6.3210000e+00   6.3440000e+00   6.2970000e+00   5.8380000e+00
   6.3410000e+00   6.4170000e+00   6.3360000e+00   6.3670000e+00   6.2220000e+00   5.9820000e+00
   6.3440000e+00   6.5150000e+00   6.3740000e+00   6.4360000e+00   6.2850000e+00   6.0880000e+00
   6.2230000e+00   6.4590000e+00   6.2860000e+00   6.3490000e+00   6.3070000e+00   6.1480000e+00
   6.0660000e+00   6.2210000e+00   6.1290000e+00   6.1560000e+00   6.1680000e+00   6.0220000e+00
   5.9780000e+00   5.9720000e+00   5.9670000e+00   5.9360000e+00   6.0670000e+00   5.9070000e+00
   5.8840000e+00   5.7730000e+00   5.8560000e+00   5.8360000e+00   6.2870000e+00   6.0140000e+00
   5.8730000e+00   5.7840000e+00   5.8830000e+00   5.9130000e+00   6.3300000e+00   6.1550000e+00
   5.8890000e+00   5.7910000e+00   5.8940000e+00   5.9260000e+00   6.6300000e+00   6.1940000e+00
   5.8260000e+00   5.7190000e+00   5.8190000e+00   5.8450000e+00   6.6690000e+00   6.3360000e+00
   5.6180000e+00   5.6100000e+00   5.5970000e+00   5.6470000e+00   6.6210000e+00   6.5320000e+00
   5.5200000e+00   5.5040000e+00   5.4890000e+00   5.5290000e+00   6.6270000e+00   6.7140000e+00
   5.4980000e+00   5.4740000e+00   5.4830000e+00   5.5040000e+00   6.4690000e+00   6.7330000e+00
   5.4830000e+00   5.4670000e+00   5.5100000e+00   5.5400000e+00   6.4370000e+00   6.7540000e+00
   5.4340000e+00   5.4280000e+00   5.5000000e+00   5.5590000e+00   6.5500000e+00   6.8010000e+00
   5.4360000e+00   5.4330000e+00   5.5190000e+00   5.5880000e+00   6.6680000e+00   6.7590000e+00
   5.4540000e+00   5.4220000e+00   5.5320000e+00   5.5940000e+00   6.8120000e+00   6.7530000e+00
   5.5070000e+00   5.4840000e+00   5.5880000e+00   5.6510000e+00   6.9060000e+00   6.7660000e+00
   5.4960000e+00   5.4640000e+00   5.5490000e+00   5.5980000e+00   6.9090000e+00   6.7910000e+00
   5.5090000e+00   5.4840000e+00   5.5580000e+00   5.6090000e+00   6.8840000e+00   6.8220000e+00
   5.5070000e+00   5.4900000e+00   5.5560000e+00   5.6060000e+00   6.8590000e+00   6.8590000e+00
   5.5790000e+00   5.5930000e+00   5.6510000e+00   5.7200000e+00   6.7950000e+00   6.9180000e+00
   5.6670000e+00   5.7060000e+00   5.7740000e+00   5.8660000e+00   6.7140000e+00   6.9510000e+00
   5.7450000e+00   5.8520000e+00   5.9120000e+00   6.0430000e+00   6.7920000e+00   6.9640000e+00
   5.5560000e+00   5.7660000e+00   5.7680000e+00   5.9310000e+00   7.0280000e+00   6.9520000e+00
   5.3390000e+00   5.4890000e+00   5.5180000e+00   5.6470000e+00   6.9400000e+00   6.8700000e+00
   5.2120000e+00   5.3590000e+00   5.3780000e+00   5.4870000e+00   6.8110000e+00   6.7680000e+00
   5.1090000e+00   5.2350000e+00   5.2880000e+00   5.4030000e+00   6.8180000e+00   6.8540000e+00
   4.9420000e+00   5.0630000e+00   5.1400000e+00   5.2500000e+00   7.0720000e+00   7.1760000e+00
   4.9770000e+00   5.0330000e+00   5.1370000e+00   5.2370000e+00   7.0150000e+00   6.9370000e+00
   5.0710000e+00   5.1110000e+00   5.2200000e+00   5.3210000e+00   6.9450000e+00   6.9420000e+00
   5.1140000e+00   5.1240000e+00   5.2380000e+00   5.3210000e+00   6.9110000e+00   6.9000000e+00
   5.2160000e+00   5.2010000e+00   5.3230000e+00   5.3870000e+00   6.7210000e+00   6.8890000e+00
   5.2480000e+00   5.2480000e+00   5.3780000e+00   5.4560000e+00   6.5710000e+00   6.8560000e+00
   5.2370000e+00   5.2480000e+00   5.3630000e+00   5.4250000e+00   6.7270000e+00   6.8520000e+00
   5.2460000e+00   5.2380000e+00   5.3220000e+00   5.3390000e+00   6.7450000e+00   6.8310000e+00
   5.2900000e+00   5.2970000e+00   5.3260000e+00   5.3270000e+00   6.6170000e+00   6.8010000e+00
   5.3280000e+00   5.3190000e+00   5.3360000e+00   5.3250000e+00   6.3010000e+00   6.7020000e+00
   5.3640000e+00   5.3510000e+00   5.3240000e+00   5.2900000e+00   5.9390000e+00   6.5750000e+00
   5.3980000e+00   5.3990000e+00   5.3140000e+00   5.2620000e+00   5.8370000e+00   6.4100000e+00
   5.6500000e+00   5.6100000e+00   5.4880000e+00   5.3800000e+00   5.7520000e+00   6.1860000e+00
   5.8500000e+00   5.6440000e+00   5.6140000e+00   5.4880000e+00   5.6490000e+00   5.9780000e+00
   5.8220000e+00   5.6540000e+00   5.6550000e+00   5.5400000e+00   5.5300000e+00   5.8320000e+00
   5.8320000e+00   5.7390000e+00   5.7270000e+00   5.6440000e+00   5.4470000e+00   5.6370000e+00
   5.8620000e+00   5.8360000e+00   5.7920000e+00   5.7390000e+00   5.3990000e+00   5.4580000e+00
   5.9210000e+00   5.9270000e+00   5.8490000e+00   5.8260000e+00   5.3290000e+00   5.3060000e+00
   6.0510000e+00   6.0610000e+00   5.9990000e+00   5.9680000e+00   5.2570000e+00   5.1550000e+00
   6.0350000e+00   6.0270000e+00   5.9970000e+00   5.9730000e+00   5.1680000e+00   5.0590000e+00
   5.9030000e+00   5.8790000e+00   5.9290000e+00   5.9260000e+00   5.0760000e+00   5.0540000e+00
   5.6980000e+00   5.6910000e+00   5.8010000e+00   5.8510000e+00   4.9820000e+00   5.0870000e+00
   5.5900000e+00   5.5950000e+00   5.6850000e+00   5.7730000e+00   4.9200000e+00   5.0800000e+00
   5.6070000e+00   5.6560000e+00   5.6450000e+00   5.6940000e+00   4.8760000e+00   5.0070000e+00
   5.5720000e+00   5.6790000e+00   5.6230000e+00   5.6440000e+00   4.9600000e+00   4.9580000e+00
