   5.5117000e+00   5.5317000e+00   5.4933000e+00   5.4748000e+00   9.7886000e+00   9.2803000e+00
   5.5163000e+00   5.5229000e+00   5.5011000e+00   5.4799000e+00   9.5206000e+00   9.3923000e+00
   5.5737000e+00   5.5708000e+00   5.5581000e+00   5.5247000e+00   9.5236000e+00   9.6525000e+00
   5.6561000e+00   5.6420000e+00   5.6413000e+00   5.5972000e+00   9.8100000e+00   1.0014100e+01
   5.7324000e+00   5.6839000e+00   5.6875000e+00   5.6348000e+00   9.9783000e+00   1.0183100e+01
   5.8333000e+00   5.7576000e+00   5.7757000e+00   5.7290000e+00   1.0281800e+01   1.0364600e+01
   5.9101000e+00   5.8044000e+00   5.8323000e+00   5.7689000e+00   1.0372900e+01   1.0579100e+01
   6.0808000e+00   5.9573000e+00   5.9893000e+00   5.9149000e+00   1.0466400e+01   1.0682000e+01
   6.1483000e+00   6.0316000e+00   6.0879000e+00   6.0229000e+00   1.0617600e+01   1.0728100e+01
   6.2724000e+00   6.1413000e+00   6.2110000e+00   6.1482000e+00   1.0752200e+01   1.0692400e+01
   6.3821000e+00   6.2478000e+00   6.3239000e+00   6.2655000e+00   1.0750000e+01   1.0660500e+01
   6.3764000e+00   6.2204000e+00   6.3015000e+00   6.2275000e+00   1.0730100e+01   1.0589800e+01
   6.4833000e+00   6.3250000e+00   6.4026000e+00   6.3213000e+00   1.0793500e+01   1.0729700e+01
   6.4722000e+00   6.3089000e+00   6.3729000e+00   6.2776000e+00   1.0780400e+01   1.0805500e+01
   6.5190000e+00   6.3482000e+00   6.4039000e+00   6.2963000e+00   1.0840100e+01   1.0893600e+01
   6.5377000e+00   6.3654000e+00   6.4262000e+00   6.3203000e+00   1.0647100e+01   1.0713000e+01
   6.5168000e+00   6.3372000e+00   6.3918000e+00   6.2727000e+00   1.0474800e+01   1.0409300e+01
   6.4885000e+00   6.3005000e+00   6.3670000e+00   6.2476000e+00   1.0086300e+01   1.0024800e+01
   6.4318000e+00   6.2400000e+00   6.3216000e+00   6.2090000e+00   9.6389000e+00   9.5933000e+00
   6.3471000e+00   6.1488000e+00   6.2285000e+00   6.1175000e+00   9.5957000e+00   9.4038000e+00
   6.2913000e+00   6.1114000e+00   6.1829000e+00   6.0809000e+00   9.6550000e+00   9.5765000e+00
   6.2077000e+00   6.0892000e+00   6.1365000e+00   6.0728000e+00   9.0457000e+00   8.8524000e+00
   6.0402000e+00   5.9451000e+00   5.9826000e+00   5.9587000e+00   8.0570000e+00   7.8633000e+00
   6.0198000e+00   5.8944000e+00   5.9052000e+00   5.9116000e+00   7.7435000e+00   7.6527000e+00
   5.9998000e+00   5.9059000e+00   5.9088000e+00   5.9308000e+00   8.0227000e+00   7.8955000e+00
   5.9132000e+00   5.8380000e+00   5.8530000e+00   5.9135000e+00   7.9326000e+00   7.8976000e+00
   5.7486000e+00   5.7180000e+00   5.7218000e+00   5.8055000e+00   8.0516000e+00   8.1707000e+00
   5.7100000e+00   5.7379000e+00   5.7020000e+00   5.7993000e+00   8.6495000e+00   8.4866000e+00
   5.7254000e+00   5.8546000e+00   5.7727000e+00   5.9001000e+00   8.7444000e+00   8.5271000e+00
   5.7416000e+00   5.9809000e+00   5.8649000e+00   6.0260000e+00   8.8352000e+00   8.7324000e+00
   5.7884000e+00   6.0795000e+00   5.9843000e+00   6.1412000e+00   8.9618000e+00   8.8863000e+00
   5.9117000e+00   6.1580000e+00   6.1137000e+00   6.2193000e+00   8.9211000e+00   8.8016000e+00
   6.1745000e+00   6.2914000e+00   6.3580000e+00   6.4433000e+00   8.8145000e+00   8.6680000e+00
   6.5778000e+00   6.5855000e+00   6.6875000e+00   6.7000000e+00   8.7633000e+00   8.6420000e+00
   6.9572000e+00   6.9034000e+00   6.9840000e+00   6.9375000e+00   8.7004000e+00   8.6508000e+00
   7.1257000e+00   6.9736000e+00   7.1096000e+00   7.0445000e+00   8.5987000e+00   8.6473000e+00
   7.3494000e+00   7.1104000e+00   7.2869000e+00   7.1844000e+00   8.4191000e+00   8.5445000e+00
   7.5163000e+00   7.1907000e+00   7.4109000e+00   7.2876000e+00   8.3321000e+00   8.5069000e+00
   7.6779000e+00   7.2287000e+00   7.4713000e+00   7.2892000e+00   8.3843000e+00   8.5891000e+00
   7.8481000e+00   7.3515000e+00   7.5936000e+00   7.3813000e+00   8.4902000e+00   8.7294000e+00
   7.8070000e+00   7.2221000e+00   7.4908000e+00   7.2472000e+00   8.7099000e+00   8.8144000e+00
   7.7206000e+00   7.0845000e+00   7.3633000e+00   7.0949000e+00   8.8943000e+00   8.8869000e+00
   7.6098000e+00   6.9405000e+00   7.2096000e+00   6.9295000e+00   9.0143000e+00   8.9780000e+00
   7.5689000e+00   6.9779000e+00   7.1711000e+00   6.8982000e+00   9.0434000e+00   9.0629000e+00
   7.5010000e+00   6.9417000e+00   7.1005000e+00   6.8302000e+00   8.9659000e+00   9.0292000e+00
   7.4646000e+00   6.8287000e+00   7.0347000e+00   6.7703000e+00   8.8877000e+00   8.9532000e+00
   7.3729000e+00   6.7619000e+00   6.9750000e+00   6.7174000e+00   8.8085000e+00   8.8350000e+00
   7.2863000e+00   6.6668000e+00   6.8998000e+00   6.6566000e+00   8.7146000e+00   8.7221000e+00
   7.2685000e+00   6.6952000e+00   6.9388000e+00   6.7249000e+00   8.5776000e+00   8.6195000e+00
   7.2721000e+00   6.7478000e+00   6.9465000e+00   6.7239000e+00   8.4917000e+00   8.5639000e+00
   7.2041000e+00   6.7340000e+00   6.9177000e+00   6.7272000e+00   8.5320000e+00   8.5455000e+00
   7.0944000e+00   6.6619000e+00   6.8424000e+00   6.6724000e+00   8.5756000e+00   8.5342000e+00
   7.0517000e+00   6.6395000e+00   6.8311000e+00   6.6787000e+00   8.6286000e+00   8.5889000e+00
   6.9585000e+00   6.6068000e+00   6.7973000e+00   6.6774000e+00   8.6852000e+00   8.6477000e+00
   6.9719000e+00   6.5352000e+00   6.7351000e+00   6.5430000e+00   8.7431000e+00   8.6420000e+00
   6.9664000e+00   6.5153000e+00   6.6852000e+00   6.4432000e+00   8.7798000e+00   8.5946000e+00
   6.7021000e+00   6.4647000e+00   6.5181000e+00   6.3692000e+00   8.6555000e+00   8.5000000e+00
   6.4415000e+00   6.3190000e+00   6.3520000e+00   6.2528000e+00   8.5176000e+00   8.4133000e+00
   6.3555000e+00   6.2145000e+00   6.2654000e+00   6.1492000e+00   7.9920000e+00   8.2407000e+00
   6.2887000e+00   6.1967000e+00   6.2542000e+00   6.1713000e+00   7.1723000e+00   7.7153000e+00
   6.1765000e+00   6.1260000e+00   6.2120000e+00   6.1763000e+00   6.3711000e+00   7.0543000e+00
   6.0713000e+00   6.0612000e+00   6.1458000e+00   6.1346000e+00   6.3939000e+00   6.4929000e+00
   6.0065000e+00   5.9529000e+00   6.0618000e+00   6.0548000e+00   7.8958000e+00   6.6283000e+00
   6.2012000e+00   6.0654000e+00   6.1729000e+00   6.1158000e+00   9.5300000e+00   7.7450000e+00
   6.3587000e+00   6.3245000e+00   6.3905000e+00   6.3613000e+00   9.0136000e+00   8.3084000e+00
   6.2928000e+00   6.3867000e+00   6.3712000e+00   6.3800000e+00   8.9544000e+00   8.7919000e+00
   6.3108000e+00   6.3424000e+00   6.3740000e+00   6.3645000e+00   9.0653000e+00   9.0827000e+00
   6.3623000e+00   6.3837000e+00   6.4146000e+00   6.4144000e+00   9.1737000e+00   9.1894000e+00
   6.3666000e+00   6.3777000e+00   6.4382000e+00   6.4522000e+00   9.4215000e+00   9.2995000e+00
   6.3842000e+00   6.4015000e+00   6.4610000e+00   6.4847000e+00   9.7584000e+00   9.4042000e+00
   6.2901000e+00   6.3141000e+00   6.3537000e+00   6.3830000e+00   1.0036800e+01   9.5297000e+00
   6.2020000e+00   6.1866000e+00   6.2347000e+00   6.2508000e+00   1.0259900e+01   9.7296000e+00
   6.1119000e+00   6.0053000e+00   6.0885000e+00   6.0732000e+00   1.0383300e+01   9.9362000e+00
   6.0793000e+00   5.9151000e+00   6.0081000e+00   5.9515000e+00   1.0390200e+01   1.0047600e+01
   6.1427000e+00   5.9008000e+00   6.0079000e+00   5.8977000e+00   1.0241300e+01   1.0101800e+01
   6.2412000e+00   5.9478000e+00   6.0653000e+00   5.9206000e+00   9.8313000e+00   1.0004100e+01
   6.2884000e+00   6.0524000e+00   6.1490000e+00   6.0293000e+00   9.4849000e+00   9.7746000e+00
   6.2763000e+00   6.1426000e+00   6.1847000e+00   6.1131000e+00   9.2770000e+00   9.5649000e+00
   6.2392000e+00   6.2192000e+00   6.2010000e+00   6.1662000e+00   9.1904000e+00   9.3380000e+00
   6.2466000e+00   6.2785000e+00   6.2639000e+00   6.2501000e+00   9.1881000e+00   9.0893000e+00
   6.2464000e+00   6.2974000e+00   6.3050000e+00   6.3098000e+00   9.0438000e+00   8.9267000e+00
   6.2207000e+00   6.2857000e+00   6.3079000e+00   6.3275000e+00   8.8925000e+00   8.9044000e+00
   6.2162000e+00   6.2340000e+00   6.2889000e+00   6.2961000e+00   8.6899000e+00   8.8492000e+00
   6.2915000e+00   6.2779000e+00   6.3598000e+00   6.3595000e+00   8.5171000e+00   8.6578000e+00
   6.3549000e+00   6.3197000e+00   6.4114000e+00   6.4125000e+00   8.3648000e+00   8.3788000e+00
   6.4317000e+00   6.3524000e+00   6.4617000e+00   6.4471000e+00   8.2215000e+00   8.0855000e+00
   6.5075000e+00   6.4368000e+00   6.5389000e+00   6.5178000e+00   8.1348000e+00   7.8325000e+00
   6.4881000e+00   6.4576000e+00   6.5532000e+00   6.5504000e+00   8.1945000e+00   7.6690000e+00
   6.4898000e+00   6.4509000e+00   6.5403000e+00   6.5378000e+00   8.2820000e+00   7.5876000e+00
   6.5794000e+00   6.4997000e+00   6.5784000e+00   6.5483000e+00   8.3139000e+00   7.6764000e+00
   6.7268000e+00   6.6129000e+00   6.6857000e+00   6.6246000e+00   8.2626000e+00   7.8184000e+00
   6.8118000e+00   6.7195000e+00   6.8078000e+00   6.7643000e+00   8.2268000e+00   7.9161000e+00
   6.8534000e+00   6.7940000e+00   6.8943000e+00   6.8869000e+00   8.2448000e+00   8.0059000e+00
   6.8327000e+00   6.8095000e+00   6.9074000e+00   6.9274000e+00   8.2614000e+00   8.1182000e+00
   6.8218000e+00   6.7795000e+00   6.8799000e+00   6.8973000e+00   8.2481000e+00   8.2271000e+00
   6.8323000e+00   6.7213000e+00   6.8416000e+00   6.8322000e+00   8.2722000e+00   8.2847000e+00
   6.8575000e+00   6.7438000e+00   6.8398000e+00   6.8041000e+00   8.3445000e+00   8.3215000e+00
   6.7944000e+00   6.7530000e+00   6.8222000e+00   6.7949000e+00   8.4477000e+00   8.3502000e+00
   6.8477000e+00   6.7165000e+00   6.7295000e+00   6.6531000e+00   8.5522000e+00   8.3869000e+00
   7.0024000e+00   6.9712000e+00   6.8749000e+00   6.7332000e+00   8.6560000e+00   8.4428000e+00
   7.0668000e+00   7.0395000e+00   6.9723000e+00   6.8638000e+00   8.7509000e+00   8.5463000e+00
   7.0709000e+00   7.0463000e+00   7.0142000e+00   6.9350000e+00   8.8196000e+00   8.6578000e+00
   7.0094000e+00   6.9988000e+00   7.0130000e+00   6.9827000e+00   8.8320000e+00   8.7337000e+00
   6.9057000e+00   6.8911000e+00   6.9319000e+00   6.9252000e+00   8.8130000e+00   8.7472000e+00
   6.8004000e+00   6.7766000e+00   6.8299000e+00   6.8256000e+00   8.7788000e+00   8.7166000e+00
   6.7065000e+00   6.6491000e+00   6.7210000e+00   6.7063000e+00   8.7668000e+00   8.6672000e+00
   6.6297000e+00   6.5545000e+00   6.6292000e+00   6.5970000e+00   8.7769000e+00   8.6519000e+00
   6.5310000e+00   6.4437000e+00   6.5144000e+00   6.4720000e+00   8.8189000e+00   8.6698000e+00
   6.4736000e+00   6.3827000e+00   6.4486000e+00   6.3930000e+00   8.9070000e+00   8.7076000e+00
   6.4475000e+00   6.3130000e+00   6.3881000e+00   6.3090000e+00   9.0304000e+00   8.7896000e+00
   6.4504000e+00   6.2824000e+00   6.3666000e+00   6.2736000e+00   9.1258000e+00   8.8473000e+00
   6.4879000e+00   6.3179000e+00   6.3981000e+00   6.3031000e+00   9.0690000e+00   8.7497000e+00
   6.4800000e+00   6.3331000e+00   6.4041000e+00   6.3208000e+00   8.7375000e+00   8.3519000e+00
   6.4510000e+00   6.3284000e+00   6.3924000e+00   6.3195000e+00   8.0271000e+00   7.7281000e+00
   6.4010000e+00   6.3075000e+00   6.3673000e+00   6.3092000e+00   7.8903000e+00   7.5903000e+00
   6.3206000e+00   6.2689000e+00   6.3267000e+00   6.2865000e+00   6.8803000e+00   6.5892000e+00
   6.2374000e+00   6.2046000e+00   6.2541000e+00   6.2315000e+00   6.1480000e+00   5.9683000e+00
   6.1830000e+00   6.1624000e+00   6.2189000e+00   6.2199000e+00   5.7051000e+00   5.6204000e+00
   6.1630000e+00   6.1506000e+00   6.2102000e+00   6.2158000e+00   5.9352000e+00   5.9331000e+00
   6.1240000e+00   6.1230000e+00   6.1946000e+00   6.2162000e+00   6.2446000e+00   6.2738000e+00
   6.1171000e+00   6.1224000e+00   6.2124000e+00   6.2538000e+00   6.1347000e+00   6.2226000e+00
   6.1413000e+00   6.1467000e+00   6.2546000e+00   6.3071000e+00   6.0565000e+00   6.2570000e+00
   6.1515000e+00   6.1506000e+00   6.2722000e+00   6.3303000e+00   6.1920000e+00   6.3514000e+00
   6.1817000e+00   6.1777000e+00   6.3040000e+00   6.3625000e+00   6.1924000e+00   6.2839000e+00
   6.2134000e+00   6.2136000e+00   6.3449000e+00   6.4086000e+00   6.1170000e+00   6.1860000e+00
   6.3201000e+00   6.2893000e+00   6.4586000e+00   6.5167000e+00   6.0780000e+00   6.1191000e+00
   6.4717000e+00   6.3876000e+00   6.6171000e+00   6.6713000e+00   6.0663000e+00   6.1066000e+00
   6.6804000e+00   6.5730000e+00   6.8494000e+00   6.9337000e+00   6.0230000e+00   6.0897000e+00
   6.9027000e+00   6.7545000e+00   7.1285000e+00   7.2417000e+00   5.9698000e+00   6.0535000e+00
   7.2260000e+00   6.9555000e+00   7.3528000e+00   7.3999000e+00   5.9523000e+00   6.0245000e+00
   7.3660000e+00   7.0881000e+00   7.4250000e+00   7.4391000e+00   5.9573000e+00   6.0011000e+00
   7.4683000e+00   7.0575000e+00   7.4416000e+00   7.3953000e+00   5.9465000e+00   5.9648000e+00
   7.5648000e+00   7.0573000e+00   7.4530000e+00   7.3554000e+00   5.9616000e+00   5.9369000e+00
   7.6470000e+00   7.0687000e+00   7.4815000e+00   7.3538000e+00   5.9667000e+00   5.9314000e+00
   7.7219000e+00   7.1192000e+00   7.5381000e+00   7.3993000e+00   5.9773000e+00   5.8912000e+00
   7.7994000e+00   7.1661000e+00   7.5892000e+00   7.4268000e+00   6.0121000e+00   5.9035000e+00
   7.8969000e+00   7.2473000e+00   7.6603000e+00   7.4823000e+00   6.0189000e+00   5.8921000e+00
   7.9478000e+00   7.2756000e+00   7.6453000e+00   7.4225000e+00   6.0781000e+00   5.9137000e+00
   7.9340000e+00   7.2342000e+00   7.5639000e+00   7.2986000e+00   6.1355000e+00   5.9716000e+00
   7.7953000e+00   7.1593000e+00   7.4173000e+00   7.1671000e+00   6.1959000e+00   6.0377000e+00
   7.6569000e+00   7.1719000e+00   7.3328000e+00   7.1317000e+00   6.2798000e+00   6.1380000e+00
   7.6478000e+00   7.1946000e+00   7.3268000e+00   7.1259000e+00   6.3700000e+00   6.2718000e+00
   7.6564000e+00   7.2259000e+00   7.3296000e+00   7.1242000e+00   6.4305000e+00   6.4087000e+00
   7.6696000e+00   7.2421000e+00   7.3358000e+00   7.1267000e+00   6.4774000e+00   6.4885000e+00
   7.6677000e+00   7.2566000e+00   7.3580000e+00   7.1649000e+00   6.5456000e+00   6.5191000e+00
   7.7003000e+00   7.3046000e+00   7.4364000e+00   7.2640000e+00   6.7523000e+00   6.7771000e+00
   7.7810000e+00   7.4081000e+00   7.5518000e+00   7.4016000e+00   7.1645000e+00   7.3623000e+00
   7.8417000e+00   7.5191000e+00   7.6505000e+00   7.5179000e+00   7.4117000e+00   7.6771000e+00
   7.8555000e+00   7.5658000e+00   7.6890000e+00   7.5585000e+00   7.6541000e+00   7.9987000e+00
   8.0242000e+00   7.7493000e+00   7.8384000e+00   7.6313000e+00   7.8448000e+00   8.3852000e+00
   8.1534000e+00   7.8264000e+00   7.8612000e+00   7.5913000e+00   8.2430000e+00   8.6017000e+00
   8.0993000e+00   7.7474000e+00   7.9151000e+00   7.7878000e+00   8.6085000e+00   8.7594000e+00
   8.2053000e+00   7.8548000e+00   8.0554000e+00   7.9230000e+00   8.7732000e+00   8.9090000e+00
   8.1532000e+00   7.9481000e+00   7.9900000e+00   7.8701000e+00   8.8667000e+00   9.1340000e+00
   8.0539000e+00   7.8781000e+00   7.9909000e+00   7.9316000e+00   8.9229000e+00   9.3857000e+00
   8.0191000e+00   7.9768000e+00   8.0514000e+00   8.0623000e+00   9.0227000e+00   9.5491000e+00
   8.0208000e+00   8.0399000e+00   8.0995000e+00   8.1436000e+00   8.9284000e+00   9.6513000e+00
   8.0216000e+00   8.1335000e+00   8.1267000e+00   8.2089000e+00   8.9754000e+00   9.4981000e+00
   7.9860000e+00   8.1934000e+00   8.1413000e+00   8.2346000e+00   8.9921000e+00   9.3182000e+00
   7.8779000e+00   8.2367000e+00   8.1151000e+00   8.2176000e+00   9.1287000e+00   9.4188000e+00
   7.9163000e+00   8.2730000e+00   8.1834000e+00   8.2995000e+00   9.2784000e+00   9.7793000e+00
   8.0734000e+00   8.3472000e+00   8.2483000e+00   8.3370000e+00   9.2596000e+00   9.2698000e+00
   8.1470000e+00   8.4229000e+00   8.3076000e+00   8.3748000e+00   9.4448000e+00   9.1990000e+00
   8.1930000e+00   8.4621000e+00   8.3236000e+00   8.3813000e+00   9.5910000e+00   9.0505000e+00
   8.2658000e+00   8.5456000e+00   8.4093000e+00   8.4740000e+00   9.7829000e+00   8.9019000e+00
   8.3802000e+00   8.6532000e+00   8.5483000e+00   8.6254000e+00   9.8992000e+00   8.7829000e+00
   8.5453000e+00   8.7988000e+00   8.7049000e+00   8.7771000e+00   9.9859000e+00   8.6081000e+00
   8.7105000e+00   8.9768000e+00   8.8765000e+00   8.9539000e+00   1.0044100e+01   8.5025000e+00
   8.8970000e+00   9.1418000e+00   9.0471000e+00   9.1166000e+00   1.0005200e+01   8.6473000e+00
   9.0469000e+00   9.2886000e+00   9.1838000e+00   9.2494000e+00   9.9014000e+00   8.9118000e+00
   9.1691000e+00   9.3951000e+00   9.3028000e+00   9.3666000e+00   9.8639000e+00   9.1147000e+00
   9.2134000e+00   9.4235000e+00   9.3356000e+00   9.3983000e+00   9.8155000e+00   9.1222000e+00
   9.1687000e+00   9.3469000e+00   9.2865000e+00   9.3494000e+00   9.5622000e+00   9.0516000e+00
   9.1311000e+00   9.3011000e+00   9.2489000e+00   9.3110000e+00   9.4835000e+00   9.0229000e+00
   9.1228000e+00   9.2879000e+00   9.2457000e+00   9.3109000e+00   9.4422000e+00   8.9425000e+00
   9.0924000e+00   9.2627000e+00   9.2169000e+00   9.2862000e+00   9.5575000e+00   8.9337000e+00
   9.0548000e+00   9.2280000e+00   9.1789000e+00   9.2482000e+00   9.6136000e+00   8.9802000e+00
   9.0553000e+00   9.2284000e+00   9.1902000e+00   9.2627000e+00   9.3720000e+00   9.0860000e+00
   9.1025000e+00   9.2641000e+00   9.2246000e+00   9.2874000e+00   8.8416000e+00   9.0693000e+00
   9.1513000e+00   9.3148000e+00   9.2823000e+00   9.3520000e+00   8.3049000e+00   8.9499000e+00
   9.2016000e+00   9.3699000e+00   9.3382000e+00   9.4045000e+00   8.0731000e+00   8.6979000e+00
   9.2957000e+00   9.4463000e+00   9.4113000e+00   9.4638000e+00   8.1525000e+00   8.4884000e+00
   9.3976000e+00   9.5211000e+00   9.4852000e+00   9.5212000e+00   8.3568000e+00   8.3553000e+00
   9.4516000e+00   9.5388000e+00   9.5030000e+00   9.5171000e+00   8.4551000e+00   8.3134000e+00
   9.5164000e+00   9.5951000e+00   9.5645000e+00   9.5797000e+00   8.4052000e+00   8.2038000e+00
   9.5178000e+00   9.5963000e+00   9.5630000e+00   9.5768000e+00   8.3608000e+00   8.1256000e+00
   9.4977000e+00   9.5779000e+00   9.5439000e+00   9.5609000e+00   8.3630000e+00   8.1480000e+00
   9.4852000e+00   9.5726000e+00   9.5478000e+00   9.5767000e+00   8.4168000e+00   8.2335000e+00
   9.5243000e+00   9.6106000e+00   9.5850000e+00   9.6132000e+00   8.4961000e+00   8.3112000e+00
   9.4616000e+00   9.5411000e+00   9.5127000e+00   9.5350000e+00   8.5564000e+00   8.3606000e+00
   9.3827000e+00   9.4308000e+00   9.4312000e+00   9.4503000e+00   8.5864000e+00   8.3867000e+00
   9.3632000e+00   9.3877000e+00   9.3935000e+00   9.4022000e+00   8.5964000e+00   8.3988000e+00
   9.3075000e+00   9.3250000e+00   9.3316000e+00   9.3413000e+00   8.5966000e+00   8.4234000e+00
   9.1881000e+00   9.2272000e+00   9.2269000e+00   9.2397000e+00   8.6260000e+00   8.5367000e+00
   9.0601000e+00   9.0967000e+00   9.0996000e+00   9.1067000e+00   8.6894000e+00   8.6201000e+00
   8.9982000e+00   9.0400000e+00   9.0477000e+00   9.0600000e+00   8.7610000e+00   8.6770000e+00
   8.9762000e+00   9.0218000e+00   9.0221000e+00   9.0347000e+00   8.8168000e+00   8.7824000e+00
   8.9425000e+00   8.9826000e+00   8.9744000e+00   8.9764000e+00   8.8241000e+00   8.8649000e+00
   8.8668000e+00   8.9129000e+00   8.9040000e+00   8.9108000e+00   8.8793000e+00   8.8840000e+00
   8.8075000e+00   8.8729000e+00   8.8619000e+00   8.8753000e+00   8.9118000e+00   8.9015000e+00
   8.8142000e+00   8.8663000e+00   8.8599000e+00   8.8669000e+00   8.9598000e+00   8.9515000e+00
   8.8302000e+00   8.8802000e+00   8.8767000e+00   8.8864000e+00   8.9767000e+00   9.0039000e+00
   8.8402000e+00   8.8924000e+00   8.8938000e+00   8.9063000e+00   8.9998000e+00   9.0567000e+00
   8.8564000e+00   8.9185000e+00   8.9252000e+00   8.9475000e+00   9.0245000e+00   9.1031000e+00
   8.8890000e+00   8.9274000e+00   8.9534000e+00   8.9713000e+00   9.0809000e+00   9.1064000e+00
   8.9768000e+00   8.9856000e+00   9.0215000e+00   9.0317000e+00   9.1432000e+00   9.0978000e+00
   9.0249000e+00   9.0244000e+00   9.0719000e+00   9.0865000e+00   9.1613000e+00   9.0669000e+00
   9.0847000e+00   9.1189000e+00   9.1396000e+00   9.1562000e+00   9.0634000e+00   8.9344000e+00
   9.0393000e+00   9.1035000e+00   9.1147000e+00   9.1451000e+00   8.8869000e+00   8.6875000e+00
   8.9869000e+00   9.0381000e+00   9.0532000e+00   9.0897000e+00   8.6239000e+00   8.5283000e+00
   8.9298000e+00   8.9793000e+00   9.0053000e+00   9.0389000e+00   8.5999000e+00   8.6066000e+00
   8.7752000e+00   8.8269000e+00   8.8511000e+00   8.8979000e+00   7.9554000e+00   8.0434000e+00
   8.5273000e+00   8.5985000e+00   8.6007000e+00   8.6517000e+00   7.2117000e+00   7.3166000e+00
   8.2515000e+00   8.3376000e+00   8.3293000e+00   8.3769000e+00   7.0896000e+00   7.2039000e+00
   8.1350000e+00   8.2156000e+00   8.2405000e+00   8.3010000e+00   7.5087000e+00   7.5772000e+00
   8.2881000e+00   8.4752000e+00   8.4914000e+00   8.6244000e+00   7.4602000e+00   7.5449000e+00
   8.7414000e+00   8.8819000e+00   8.8995000e+00   9.0047000e+00   7.6201000e+00   8.0397000e+00
   9.0306000e+00   9.0979000e+00   9.0982000e+00   9.1519000e+00   8.4377000e+00   8.6878000e+00
   9.0071000e+00   9.0128000e+00   9.0439000e+00   9.0737000e+00   8.8341000e+00   9.1323000e+00
   8.8920000e+00   8.8421000e+00   8.8901000e+00   8.8911000e+00   9.2944000e+00   9.4522000e+00
   8.7673000e+00   8.6674000e+00   8.7481000e+00   8.7323000e+00   9.7438000e+00   9.8808000e+00
   8.5866000e+00   8.5902000e+00   8.6052000e+00   8.6158000e+00   9.9980000e+00   1.0131600e+01
   8.6337000e+00   8.6051000e+00   8.6983000e+00   8.7603000e+00   1.0188800e+01   1.0247300e+01
   8.7264000e+00   8.7981000e+00   8.8158000e+00   8.8832000e+00   1.0372400e+01   1.0309600e+01
   8.7219000e+00   8.8041000e+00   8.8407000e+00   8.9126000e+00   1.0730600e+01   1.0348100e+01
   8.9616000e+00   8.9467000e+00   9.0215000e+00   9.0604000e+00   1.1104600e+01   1.0410900e+01
   9.1291000e+00   9.1460000e+00   9.1944000e+00   9.2383000e+00   1.1447600e+01   1.0588200e+01
   9.2049000e+00   9.2462000e+00   9.2691000e+00   9.3127000e+00   1.1495100e+01   1.0662900e+01
   8.9739000e+00   9.0740000e+00   9.0656000e+00   9.1279000e+00   1.1332800e+01   1.0632900e+01
   8.8329000e+00   8.8408000e+00   8.8698000e+00   8.9001000e+00   1.1265700e+01   1.0629600e+01
   8.5343000e+00   8.6125000e+00   8.5838000e+00   8.6308000e+00   1.1354900e+01   1.0688200e+01
   8.1739000e+00   8.1754000e+00   8.1723000e+00   8.1735000e+00   1.1602100e+01   1.0930100e+01
   8.0901000e+00   8.0197000e+00   8.0454000e+00   8.0384000e+00   1.1906600e+01   1.1178900e+01
   8.1003000e+00   8.0706000e+00   8.0741000e+00   8.0812000e+00   1.2090300e+01   1.1400100e+01
   7.4901000e+00   7.6020000e+00   7.5289000e+00   7.5601000e+00   1.2160900e+01   1.1517000e+01
   6.5632000e+00   6.6831000e+00   6.5483000e+00   6.4946000e+00   1.2173600e+01   1.1540600e+01
   6.5511000e+00   6.3533000e+00   6.3313000e+00   6.1273000e+00   1.2212300e+01   1.1621100e+01
   6.7893000e+00   6.4453000e+00   6.4948000e+00   6.3005000e+00   1.2338100e+01   1.1768300e+01
   6.9463000e+00   6.6635000e+00   6.6988000e+00   6.5465000e+00   1.2433600e+01   1.1933600e+01
   7.0417000e+00   6.7545000e+00   6.8551000e+00   6.7505000e+00   1.2441900e+01   1.2005500e+01
   7.2673000e+00   6.7967000e+00   7.0175000e+00   6.8630000e+00   1.2311700e+01   1.2039600e+01
   7.3224000e+00   7.1322000e+00   7.2296000e+00   7.1989000e+00   1.2085300e+01   1.2047300e+01
   7.0407000e+00   6.8608000e+00   6.9473000e+00   6.9376000e+00   1.1854800e+01   1.2094700e+01
   6.7425000e+00   6.6198000e+00   6.6619000e+00   6.6506000e+00   1.1599400e+01   1.2137500e+01
   6.7151000e+00   6.5330000e+00   6.5825000e+00   6.5286000e+00   1.1292000e+01   1.2120900e+01
   6.7735000e+00   6.5973000e+00   6.6559000e+00   6.6105000e+00   1.1005000e+01   1.2095900e+01
   6.7473000e+00   6.6877000e+00   6.7075000e+00   6.7241000e+00   1.0741200e+01   1.2029800e+01
   6.6961000e+00   6.6372000e+00   6.6757000e+00   6.7035000e+00   1.0563700e+01   1.1911000e+01
   6.7863000e+00   6.7292000e+00   6.7679000e+00   6.7836000e+00   1.0446000e+01   1.1845800e+01
   6.9854000e+00   6.9251000e+00   6.9548000e+00   6.9425000e+00   1.0498700e+01   1.1658100e+01
   7.2329000e+00   7.2173000e+00   7.2152000e+00   7.1815000e+00   1.0669300e+01   1.1403400e+01
   7.4046000e+00   7.4859000e+00   7.4616000e+00   7.4559000e+00   1.0767400e+01   1.0890200e+01
   7.4721000e+00   7.5475000e+00   7.5840000e+00   7.6198000e+00   1.0503000e+01   1.0546400e+01
   7.5916000e+00   7.6451000e+00   7.6520000e+00   7.6927000e+00   1.0350300e+01   1.0339000e+01
   7.5507000e+00   7.7909000e+00   7.7101000e+00   7.7955000e+00   1.1163600e+01   1.0326700e+01
   7.8050000e+00   7.9095000e+00   7.8138000e+00   7.8035000e+00   1.2593100e+01   1.0670000e+01
   8.0025000e+00   8.0254000e+00   7.9533000e+00   7.9539000e+00   1.2525400e+01   1.0102600e+01
   8.0234000e+00   8.0214000e+00   7.9531000e+00   7.9571000e+00   1.2081700e+01   1.0112100e+01
   8.0466000e+00   8.1245000e+00   8.0187000e+00   8.0250000e+00   1.1315600e+01   9.7566000e+00
   8.0783000e+00   8.1568000e+00   8.0398000e+00   8.0238000e+00   1.0521200e+01   8.9794000e+00
   8.2241000e+00   8.2708000e+00   8.1271000e+00   8.0607000e+00   9.7028000e+00   8.5753000e+00
   8.3173000e+00   8.4011000e+00   8.2935000e+00   8.2387000e+00   9.4433000e+00   8.4225000e+00
   8.4450000e+00   8.3555000e+00   8.3548000e+00   8.2686000e+00   9.6762000e+00   8.3217000e+00
   8.5180000e+00   8.3750000e+00   8.4343000e+00   8.3414000e+00   9.7040000e+00   8.3588000e+00
   8.6146000e+00   8.5132000e+00   8.5194000e+00   8.4193000e+00   9.5971000e+00   8.5533000e+00
   8.4555000e+00   8.6151000e+00   8.4918000e+00   8.4985000e+00   9.7405000e+00   8.6275000e+00
   8.2455000e+00   8.3645000e+00   8.3524000e+00   8.3737000e+00   9.6897000e+00   8.6227000e+00
   8.1535000e+00   8.1441000e+00   8.2225000e+00   8.2078000e+00   9.5791000e+00   8.7986000e+00
   8.1258000e+00   8.0593000e+00   8.1476000e+00   8.0935000e+00   9.4667000e+00   8.8660000e+00
   8.1078000e+00   7.9652000e+00   8.0568000e+00   7.9696000e+00   9.4850000e+00   8.9197000e+00
   8.1881000e+00   8.0667000e+00   8.1171000e+00   8.0114000e+00   9.4375000e+00   8.7307000e+00
   8.1290000e+00   8.1034000e+00   8.0983000e+00   8.0252000e+00   9.3558000e+00   8.6814000e+00
   8.0565000e+00   8.0539000e+00   8.0716000e+00   8.0221000e+00   9.1683000e+00   9.1533000e+00
   7.9964000e+00   8.0402000e+00   8.0438000e+00   8.0235000e+00   9.2746000e+00   9.6169000e+00
   8.0162000e+00   8.1391000e+00   8.0374000e+00   7.9754000e+00   9.3497000e+00   9.2844000e+00
   7.9378000e+00   8.0707000e+00   8.0262000e+00   8.0000000e+00   8.9894000e+00   9.0131000e+00
   7.6602000e+00   7.8330000e+00   7.8078000e+00   7.8286000e+00   8.4379000e+00   8.9864000e+00
   7.4294000e+00   7.5536000e+00   7.5514000e+00   7.5506000e+00   8.4658000e+00   8.9008000e+00
   7.3375000e+00   7.3761000e+00   7.3951000e+00   7.3568000e+00   8.3935000e+00   8.7233000e+00
   7.3372000e+00   7.3871000e+00   7.3712000e+00   7.3341000e+00   8.4303000e+00   8.6169000e+00
   7.1302000e+00   7.2563000e+00   7.2189000e+00   7.2279000e+00   8.5781000e+00   8.4088000e+00
   6.7278000e+00   6.7913000e+00   6.8364000e+00   6.8605000e+00   8.7715000e+00   8.3780000e+00
   6.5309000e+00   6.3087000e+00   6.5235000e+00   6.4972000e+00   8.8767000e+00   8.3820000e+00
   6.6905000e+00   6.5341000e+00   6.6965000e+00   6.6515000e+00   9.0894000e+00   8.4854000e+00
   6.9464000e+00   6.7297000e+00   7.0762000e+00   7.1367000e+00   8.9910000e+00   8.5054000e+00
   7.2320000e+00   6.9339000e+00   7.3087000e+00   7.3548000e+00   8.6097000e+00   8.2981000e+00
   7.6950000e+00   7.3846000e+00   7.6183000e+00   7.5692000e+00   8.3283000e+00   8.1547000e+00
   7.6711000e+00   7.5690000e+00   7.6902000e+00   7.6871000e+00   8.0120000e+00   8.0047000e+00
   7.6369000e+00   7.5271000e+00   7.5773000e+00   7.5199000e+00   7.6938000e+00   7.8663000e+00
   7.3137000e+00   7.3454000e+00   7.2919000e+00   7.2000000e+00   7.4221000e+00   7.7800000e+00
   7.7580000e+00   7.4522000e+00   7.4265000e+00   7.1998000e+00   7.2847000e+00   7.5012000e+00
   8.0782000e+00   7.8400000e+00   7.9108000e+00   7.7533000e+00   7.2898000e+00   7.2550000e+00
   7.3840000e+00   7.4058000e+00   7.6425000e+00   7.7372000e+00   7.2974000e+00   6.7110000e+00
   7.2983000e+00   7.0189000e+00   7.2340000e+00   7.2332000e+00   7.4791000e+00   6.5931000e+00
   7.8468000e+00   7.6361000e+00   7.8502000e+00   7.7209000e+00   8.0727000e+00   7.5164000e+00
   8.0347000e+00   7.7049000e+00   7.8989000e+00   7.8699000e+00   8.6323000e+00   7.8555000e+00
   8.3520000e+00   8.1292000e+00   8.1107000e+00   7.9521000e+00   9.6033000e+00   8.1303000e+00
   8.7259000e+00   8.5966000e+00   8.4885000e+00   8.3215000e+00   1.0034800e+01   8.5102000e+00
   8.8124000e+00   8.7644000e+00   8.6622000e+00   8.5635000e+00   1.0132600e+01   8.8140000e+00
   9.3433000e+00   9.0557000e+00   8.9384000e+00   8.7515000e+00   1.0133000e+01   8.9040000e+00
   9.6923000e+00   9.5918000e+00   9.3742000e+00   9.1444000e+00   9.9145000e+00   8.6813000e+00
   9.8778000e+00   9.8117000e+00   9.7405000e+00   9.6368000e+00   8.6963000e+00   7.6443000e+00
   9.6851000e+00   9.6462000e+00   9.7536000e+00   9.7763000e+00   9.0422000e+00   7.2985000e+00
   9.5045000e+00   9.4838000e+00   9.7050000e+00   9.8098000e+00   8.5019000e+00   7.0933000e+00
   9.1747000e+00   9.2255000e+00   9.4817000e+00   9.6618000e+00   8.5766000e+00   7.1588000e+00
   8.6992000e+00   8.5757000e+00   8.8915000e+00   9.0727000e+00   8.1007000e+00   7.3486000e+00
   8.6482000e+00   8.6172000e+00   8.8655000e+00   8.9688000e+00   6.1406000e+00   6.3328000e+00
   7.9932000e+00   7.8605000e+00   8.1106000e+00   8.2499000e+00   5.4902000e+00   6.1790000e+00
   8.9418000e+00   8.3437000e+00   8.6819000e+00   8.5896000e+00   5.8974000e+00   6.7338000e+00
   9.4882000e+00   9.6036000e+00   9.5871000e+00   9.6683000e+00   6.1878000e+00   6.8802000e+00
   9.1794000e+00   9.8727000e+00   9.4423000e+00   9.7043000e+00   6.2581000e+00   6.5322000e+00
   9.8080000e+00   9.5262000e+00   9.8850000e+00   9.9102000e+00   7.1456000e+00   6.1498000e+00
   9.6993000e+00   9.9240000e+00   1.0114900e+01   1.0462700e+01   7.3046000e+00   6.9686000e+00
   9.5346000e+00   9.9050000e+00   9.9033000e+00   1.0133100e+01   7.3616000e+00   7.8243000e+00
   9.8422000e+00   1.0094000e+01   9.9433000e+00   9.9606000e+00   7.6153000e+00   8.1729000e+00
   1.0265800e+01   1.0408600e+01   1.0210300e+01   1.0173200e+01   7.9489000e+00   8.2316000e+00
   1.0303900e+01   1.0495800e+01   1.0309500e+01   1.0345500e+01   7.8761000e+00   8.2045000e+00
   1.0307800e+01   1.0500900e+01   1.0333900e+01   1.0395500e+01   7.5917000e+00   8.1577000e+00
   1.0191500e+01   1.0404500e+01   1.0210000e+01   1.0265500e+01   7.4539000e+00   7.9832000e+00
   9.9248000e+00   1.0162100e+01   9.9684000e+00   1.0074000e+01   7.4792000e+00   7.8321000e+00
   9.5696000e+00   9.8854000e+00   9.7455000e+00   9.8920000e+00   7.7585000e+00   7.9118000e+00
   9.0432000e+00   9.5383000e+00   9.3381000e+00   9.5395000e+00   8.1745000e+00   8.0012000e+00
   8.8319000e+00   9.1893000e+00   9.0329000e+00   9.2134000e+00   8.6318000e+00   8.1467000e+00
   9.0897000e+00   9.0997000e+00   9.0817000e+00   9.1470000e+00   8.9940000e+00   8.4295000e+00
   9.2572000e+00   9.2208000e+00   9.2292000e+00   9.2662000e+00   9.1918000e+00   8.4640000e+00
   9.2611000e+00   9.3816000e+00   9.2539000e+00   9.3027000e+00   9.0721000e+00   8.6913000e+00
   9.2659000e+00   9.5372000e+00   9.3142000e+00   9.4123000e+00   9.1735000e+00   8.8600000e+00
   9.0747000e+00   9.4492000e+00   9.1741000e+00   9.2737000e+00   9.2079000e+00   8.9553000e+00
   8.8256000e+00   9.0720000e+00   8.9254000e+00   8.9676000e+00   8.9870000e+00   8.7557000e+00
   8.6863000e+00   8.6754000e+00   8.6683000e+00   8.6186000e+00   8.8265000e+00   8.5736000e+00
   8.5360000e+00   8.3602000e+00   8.4927000e+00   8.4601000e+00   9.1757000e+00   8.7424000e+00
   8.5193000e+00   8.3776000e+00   8.5348000e+00   8.5819000e+00   9.2439000e+00   8.9666000e+00
   8.5438000e+00   8.3883000e+00   8.5522000e+00   8.6030000e+00   9.7203000e+00   9.0280000e+00
   8.4450000e+00   8.2743000e+00   8.4335000e+00   8.4750000e+00   9.7821000e+00   9.2544000e+00
   8.1140000e+00   8.1015000e+00   8.0809000e+00   8.1610000e+00   9.7066000e+00   9.5640000e+00
   7.9588000e+00   7.9328000e+00   7.9098000e+00   7.9739000e+00   9.7148000e+00   9.8540000e+00
   7.9240000e+00   7.8866000e+00   7.9006000e+00   7.9336000e+00   9.4648000e+00   9.8844000e+00
   7.9005000e+00   7.8742000e+00   7.9438000e+00   7.9900000e+00   9.4144000e+00   9.9167000e+00
   7.8222000e+00   7.8124000e+00   7.9264000e+00   8.0208000e+00   9.5929000e+00   9.9910000e+00
   7.8249000e+00   7.8210000e+00   7.9575000e+00   8.0662000e+00   9.7813000e+00   9.9255000e+00
   7.8538000e+00   7.8035000e+00   7.9781000e+00   8.0763000e+00   1.0008300e+01   9.9152000e+00
   7.9375000e+00   7.9018000e+00   8.0666000e+00   8.1670000e+00   1.0158000e+01   9.9365000e+00
   7.9207000e+00   7.8702000e+00   8.0048000e+00   8.0831000e+00   1.0162700e+01   9.9751000e+00
   7.9413000e+00   7.9012000e+00   8.0194000e+00   8.1009000e+00   1.0122700e+01   1.0024200e+01
   7.9388000e+00   7.9113000e+00   8.0154000e+00   8.0959000e+00   1.0083700e+01   1.0082900e+01
   8.0518000e+00   8.0752000e+00   8.1670000e+00   8.2760000e+00   9.9814000e+00   1.0177500e+01
   8.1916000e+00   8.2535000e+00   8.3627000e+00   8.5086000e+00   9.8536000e+00   1.0230100e+01
   8.3152000e+00   8.4863000e+00   8.5805000e+00   8.7889000e+00   9.9771000e+00   1.0250400e+01
   8.0164000e+00   8.3497000e+00   8.3523000e+00   8.6117000e+00   1.0351900e+01   1.0230500e+01
   7.6717000e+00   7.9094000e+00   7.9554000e+00   8.1605000e+00   1.0212400e+01   1.0100500e+01
   7.4697000e+00   7.7027000e+00   7.7339000e+00   7.9067000e+00   1.0006700e+01   9.9386000e+00
   7.3069000e+00   7.5072000e+00   7.5912000e+00   7.7728000e+00   1.0018700e+01   1.0075100e+01
   7.0419000e+00   7.2343000e+00   7.3558000e+00   7.5305000e+00   1.0421300e+01   1.0585900e+01
   7.0976000e+00   7.1866000e+00   7.3511000e+00   7.5095000e+00   1.0331700e+01   1.0208000e+01
   7.2458000e+00   7.3099000e+00   7.4835000e+00   7.6425000e+00   1.0219300e+01   1.0215500e+01
   7.3143000e+00   7.3301000e+00   7.5116000e+00   7.6428000e+00   1.0166200e+01   1.0148900e+01
   7.4758000e+00   7.4534000e+00   7.6464000e+00   7.7476000e+00   9.8651000e+00   1.0130600e+01
   7.5277000e+00   7.5275000e+00   7.7334000e+00   7.8580000e+00   9.6264000e+00   1.0079500e+01
   7.5105000e+00   7.5270000e+00   7.7096000e+00   7.8074000e+00   9.8735000e+00   1.0072500e+01
   7.5234000e+00   7.5121000e+00   7.6441000e+00   7.6709000e+00   9.9028000e+00   1.0039600e+01
   7.5935000e+00   7.6055000e+00   7.6505000e+00   7.6521000e+00   9.6998000e+00   9.9910000e+00
   7.6540000e+00   7.6396000e+00   7.6670000e+00   7.6493000e+00   9.1982000e+00   9.8346000e+00
   7.7115000e+00   7.6915000e+00   7.6480000e+00   7.5947000e+00   8.6240000e+00   9.6325000e+00
   7.7648000e+00   7.7664000e+00   7.6325000e+00   7.5495000e+00   8.4627000e+00   9.3710000e+00
   8.1644000e+00   8.1017000e+00   7.9088000e+00   7.7367000e+00   8.3268000e+00   9.0154000e+00
   8.4818000e+00   8.1551000e+00   8.1082000e+00   7.9074000e+00   8.1636000e+00   8.6862000e+00
   8.4378000e+00   8.1713000e+00   8.1726000e+00   7.9911000e+00   7.9745000e+00   8.4534000e+00
   8.4543000e+00   8.3063000e+00   8.2880000e+00   8.1556000e+00   7.8430000e+00   8.1439000e+00
   8.5009000e+00   8.4599000e+00   8.3910000e+00   8.3072000e+00   7.7667000e+00   7.8603000e+00
   8.5948000e+00   8.6055000e+00   8.4809000e+00   8.4441000e+00   7.6554000e+00   7.6191000e+00
   8.8020000e+00   8.8180000e+00   8.7193000e+00   8.6690000e+00   7.5415000e+00   7.3792000e+00
   8.7755000e+00   8.7641000e+00   8.7155000e+00   8.6780000e+00   7.4005000e+00   7.2273000e+00
   8.5659000e+00   8.5278000e+00   8.6086000e+00   8.6032000e+00   7.2546000e+00   7.2191000e+00
   8.2410000e+00   8.2295000e+00   8.4052000e+00   8.4840000e+00   7.1049000e+00   7.2716000e+00
   8.0693000e+00   8.0779000e+00   8.2204000e+00   8.3601000e+00   7.0068000e+00   7.2609000e+00
   8.0973000e+00   8.1749000e+00   8.1575000e+00   8.2356000e+00   6.9370000e+00   7.1443000e+00
   8.0410000e+00   8.2109000e+00   8.1225000e+00   8.1555000e+00   7.0702000e+00   7.0675000e+00
