   4.8890000e+00   4.9440000e+00   4.9290000e+00   4.9430000e+00   6.0010000e+00   5.6590000e+00
   5.1150000e+00   5.1950000e+00   5.1740000e+00   5.1730000e+00   6.0200000e+00   5.7530000e+00
   5.3070000e+00   5.4250000e+00   5.3910000e+00   5.3950000e+00   6.1490000e+00   5.9430000e+00
   5.4670000e+00   5.6010000e+00   5.5480000e+00   5.5500000e+00   6.2250000e+00   6.0740000e+00
   5.8260000e+00   6.0080000e+00   5.9330000e+00   5.9550000e+00   6.2660000e+00   6.1630000e+00
   6.1330000e+00   6.3200000e+00   6.2290000e+00   6.2540000e+00   6.2050000e+00   6.1550000e+00
   6.4570000e+00   6.6400000e+00   6.5750000e+00   6.6080000e+00   6.2200000e+00   6.1780000e+00
   6.5640000e+00   6.7390000e+00   6.7210000e+00   6.7900000e+00   6.1530000e+00   6.1300000e+00
   6.7450000e+00   6.8920000e+00   6.8660000e+00   6.9240000e+00   6.0370000e+00   6.0880000e+00
   6.7980000e+00   6.9330000e+00   6.9150000e+00   6.9800000e+00   5.9760000e+00   6.0510000e+00
   6.9700000e+00   7.0750000e+00   7.0650000e+00   7.1230000e+00   5.9560000e+00   6.0340000e+00
   7.1270000e+00   7.2150000e+00   7.2080000e+00   7.2570000e+00   5.9790000e+00   6.0010000e+00
   7.1540000e+00   7.2690000e+00   7.2790000e+00   7.3510000e+00   6.0580000e+00   6.0160000e+00
   7.0960000e+00   7.1910000e+00   7.2270000e+00   7.2990000e+00   6.0510000e+00   5.8850000e+00
   7.0450000e+00   7.1480000e+00   7.2240000e+00   7.3230000e+00   6.0010000e+00   5.7750000e+00
   6.9140000e+00   7.0290000e+00   7.1300000e+00   7.2600000e+00   6.0360000e+00   5.7190000e+00
   6.7500000e+00   6.8390000e+00   6.9460000e+00   7.0750000e+00   6.1040000e+00   5.8580000e+00
   6.7270000e+00   6.7490000e+00   6.8210000e+00   6.8920000e+00   5.8120000e+00   5.8530000e+00
   6.8260000e+00   6.9430000e+00   6.9520000e+00   6.9790000e+00   5.4940000e+00   5.5910000e+00
   6.4160000e+00   6.6120000e+00   6.7100000e+00   6.9110000e+00   5.4850000e+00   5.4250000e+00
   6.6370000e+00   6.6350000e+00   6.5820000e+00   6.5580000e+00   5.4070000e+00   5.2500000e+00
   6.8550000e+00   6.9500000e+00   6.8560000e+00   6.8410000e+00   5.2690000e+00   5.1080000e+00
   6.8720000e+00   6.9890000e+00   6.9300000e+00   6.9690000e+00   5.3470000e+00   5.0030000e+00
   6.7660000e+00   6.8610000e+00   6.8420000e+00   6.8950000e+00   5.3680000e+00   4.9840000e+00
   6.6000000e+00   6.5950000e+00   6.6720000e+00   6.7340000e+00   5.4260000e+00   4.9320000e+00
   6.3680000e+00   6.4150000e+00   6.4050000e+00   6.4530000e+00   5.7170000e+00   4.9410000e+00
   6.3150000e+00   6.5660000e+00   6.4630000e+00   6.5050000e+00   5.1060000e+00   4.9170000e+00
   7.0010000e+00   8.7160000e+00   7.6360000e+00   8.2110000e+00   4.9840000e+00   5.2250000e+00
   7.6980000e+00   8.3500000e+00   8.2240000e+00   8.5490000e+00   5.0800000e+00   4.7680000e+00
   7.9770000e+00   8.3790000e+00   8.2790000e+00   8.4660000e+00   4.9860000e+00   4.6730000e+00
   8.0800000e+00   8.3880000e+00   8.4060000e+00   8.5390000e+00   4.9380000e+00   4.7160000e+00
   7.5180000e+00   7.5120000e+00   7.8950000e+00   8.0290000e+00   4.8290000e+00   4.6220000e+00
   7.0180000e+00   6.9980000e+00   7.2270000e+00   7.2540000e+00   4.7390000e+00   4.5070000e+00
   6.8930000e+00   6.9160000e+00   7.0340000e+00   7.0620000e+00   4.6310000e+00   4.5820000e+00
   6.8830000e+00   6.9110000e+00   6.9680000e+00   6.9750000e+00   4.6070000e+00   4.5510000e+00
   6.8610000e+00   6.8710000e+00   6.9210000e+00   6.9460000e+00   4.6540000e+00   4.5010000e+00
   6.7750000e+00   6.7350000e+00   6.8230000e+00   6.8480000e+00   4.7120000e+00   4.4990000e+00
   6.7290000e+00   6.7060000e+00   6.7140000e+00   6.7240000e+00   4.8390000e+00   4.5880000e+00
   6.7690000e+00   6.7790000e+00   6.7280000e+00   6.7280000e+00   4.8930000e+00   4.6640000e+00
   6.5660000e+00   6.5290000e+00   6.5300000e+00   6.5300000e+00   4.6490000e+00   4.6940000e+00
   6.6320000e+00   6.5820000e+00   6.5150000e+00   6.4770000e+00   4.6010000e+00   4.8190000e+00
   6.5580000e+00   6.4450000e+00   6.4480000e+00   6.4290000e+00   4.9900000e+00   4.8690000e+00
   6.3030000e+00   6.2170000e+00   6.1780000e+00   6.1710000e+00   5.0560000e+00   4.8520000e+00
   6.1410000e+00   6.0450000e+00   6.0060000e+00   5.9940000e+00   4.8740000e+00   5.0570000e+00
   5.9950000e+00   5.8470000e+00   5.8900000e+00   5.9180000e+00   5.1080000e+00   5.2570000e+00
   5.7800000e+00   5.5490000e+00   5.5500000e+00   5.4940000e+00   5.9720000e+00   5.2580000e+00
   5.8680000e+00   5.6970000e+00   5.5710000e+00   5.5500000e+00   6.0940000e+00   5.0400000e+00
   5.9510000e+00   5.7510000e+00   5.7080000e+00   5.7030000e+00   6.1890000e+00   4.9810000e+00
   5.9140000e+00   5.6720000e+00   5.7200000e+00   5.7210000e+00   5.5580000e+00   5.5970000e+00
   5.7550000e+00   5.5160000e+00   5.5770000e+00   5.5900000e+00   4.9930000e+00   6.0180000e+00
   5.6280000e+00   5.3650000e+00   5.4300000e+00   5.4290000e+00   4.9040000e+00   5.8440000e+00
   5.2600000e+00   5.0130000e+00   5.0940000e+00   5.1070000e+00   4.9180000e+00   5.4100000e+00
   5.0120000e+00   4.7460000e+00   4.7960000e+00   4.7830000e+00   4.6900000e+00   4.9150000e+00
   4.8080000e+00   4.5610000e+00   4.5220000e+00   4.4850000e+00   4.4030000e+00   4.7700000e+00
   4.7320000e+00   4.4710000e+00   4.4330000e+00   4.3900000e+00   4.2400000e+00   4.7960000e+00
   4.7730000e+00   4.4640000e+00   4.4690000e+00   4.4360000e+00   4.0260000e+00   4.7540000e+00
   4.7920000e+00   4.4420000e+00   4.4820000e+00   4.4840000e+00   4.2120000e+00   4.8440000e+00
   4.6340000e+00   4.1490000e+00   4.2960000e+00   4.3040000e+00   4.4880000e+00   4.6770000e+00
   4.2010000e+00   3.7020000e+00   3.8850000e+00   3.8740000e+00   4.4510000e+00   4.6180000e+00
   4.0200000e+00   3.6310000e+00   3.6850000e+00   3.6500000e+00   4.4680000e+00   4.7740000e+00
   4.1330000e+00   3.7570000e+00   3.7900000e+00   3.7880000e+00   4.2020000e+00   4.6420000e+00
   4.0790000e+00   3.6830000e+00   3.7470000e+00   3.7600000e+00   3.9970000e+00   4.4000000e+00
   3.8800000e+00   3.5460000e+00   3.6470000e+00   3.7090000e+00   3.8280000e+00   4.1330000e+00
   3.5950000e+00   3.2760000e+00   3.4420000e+00   3.5220000e+00   3.7350000e+00   3.9430000e+00
   3.3760000e+00   3.0910000e+00   3.2500000e+00   3.3170000e+00   3.4970000e+00   3.8600000e+00
   3.2780000e+00   3.0580000e+00   3.1510000e+00   3.1940000e+00   3.5530000e+00   4.0620000e+00
   3.2180000e+00   3.0640000e+00   3.1320000e+00   3.1720000e+00   3.5430000e+00   4.2220000e+00
   3.3360000e+00   3.1650000e+00   3.2230000e+00   3.2430000e+00   3.5490000e+00   4.1580000e+00
   3.2120000e+00   3.0620000e+00   3.2030000e+00   3.2460000e+00   3.5600000e+00   4.1620000e+00
   3.1860000e+00   3.0090000e+00   3.1600000e+00   3.1640000e+00   2.8850000e+00   4.0450000e+00
   2.9650000e+00   2.7410000e+00   3.0720000e+00   3.1140000e+00   3.0640000e+00   5.1830000e+00
   3.0530000e+00   2.7640000e+00   3.1540000e+00   3.1440000e+00   3.1160000e+00   4.9730000e+00
   2.9080000e+00   2.4650000e+00   2.9050000e+00   2.8720000e+00   3.3400000e+00   4.0950000e+00
   2.7470000e+00   2.4590000e+00   2.7130000e+00   2.6310000e+00   2.8330000e+00   4.2190000e+00
   3.1580000e+00   2.5840000e+00   3.1460000e+00   3.1020000e+00   3.6690000e+00   3.6740000e+00
   2.6800000e+00   1.8810000e+00   3.0570000e+00   3.2290000e+00   3.4300000e+00   3.2620000e+00
   2.0650000e+00   1.4260000e+00   2.1960000e+00   2.1980000e+00   3.4710000e+00   3.0430000e+00
   2.0120000e+00   1.4580000e+00   2.1210000e+00   2.1470000e+00   2.8590000e+00   3.0800000e+00
   1.5800000e+00   1.0210000e+00   1.6380000e+00   1.7010000e+00   3.4820000e+00   3.3420000e+00
   2.2200000e+00   1.4500000e+00   2.1240000e+00   2.1060000e+00   4.0510000e+00   2.8970000e+00
   1.8960000e+00   1.5040000e+00   1.9590000e+00   2.0730000e+00   4.3580000e+00   2.8380000e+00
   1.3910000e+00   1.2300000e+00   1.7890000e+00   2.0310000e+00   4.9220000e+00   2.9320000e+00
   7.0000000e-01   8.3800000e-01   1.0570000e+00   1.3020000e+00   4.6990000e+00   2.9650000e+00
   7.3600000e-01   8.2400000e-01   9.9000000e-01   1.1710000e+00   4.7650000e+00   2.7700000e+00
   1.0540000e+00   1.3150000e+00   8.5400000e-01   9.6100000e-01   4.6850000e+00   2.5410000e+00
   1.3830000e+00   1.5710000e+00   9.8200000e-01   7.8800000e-01   4.4920000e+00   3.0720000e+00
   1.9000000e+00   2.0370000e+00   1.6070000e+00   1.5050000e+00   4.6490000e+00   3.4490000e+00
   2.3710000e+00   2.3620000e+00   2.1870000e+00   2.1490000e+00   5.2170000e+00   3.8580000e+00
   2.5710000e+00   2.4650000e+00   2.4230000e+00   2.4000000e+00   5.3050000e+00   4.2990000e+00
   3.3090000e+00   3.3020000e+00   3.1680000e+00   3.1930000e+00   5.0720000e+00   4.6100000e+00
   4.2090000e+00   4.2070000e+00   4.0000000e+00   4.0200000e+00   4.7800000e+00   4.6120000e+00
   4.3770000e+00   4.4420000e+00   4.1990000e+00   4.2300000e+00   4.2160000e+00   4.3350000e+00
   4.4920000e+00   4.3630000e+00   4.3180000e+00   4.3200000e+00   4.1580000e+00   4.2510000e+00
   4.3270000e+00   4.2590000e+00   4.1890000e+00   4.1830000e+00   4.0460000e+00   4.5410000e+00
   4.6720000e+00   4.6360000e+00   4.5800000e+00   4.5980000e+00   3.8650000e+00   4.4130000e+00
   4.7180000e+00   4.7330000e+00   4.7110000e+00   4.7660000e+00   3.6540000e+00   4.3950000e+00
   4.5950000e+00   4.5790000e+00   4.5960000e+00   4.6310000e+00   3.4800000e+00   4.6350000e+00
   4.8450000e+00   4.7750000e+00   4.7790000e+00   4.7820000e+00   3.8640000e+00   4.4810000e+00
   5.1270000e+00   5.0560000e+00   5.1320000e+00   5.1880000e+00   4.1380000e+00   4.4750000e+00
   4.7740000e+00   4.6220000e+00   4.8230000e+00   4.8620000e+00   4.2190000e+00   4.5460000e+00
   4.8070000e+00   4.5870000e+00   4.8370000e+00   4.8540000e+00   4.3420000e+00   4.3690000e+00
   4.5060000e+00   4.4480000e+00   4.6030000e+00   4.6560000e+00   4.3790000e+00   4.3810000e+00
   4.0660000e+00   3.9390000e+00   4.1890000e+00   4.2490000e+00   4.1950000e+00   4.4150000e+00
   3.6970000e+00   3.5620000e+00   3.8440000e+00   3.8870000e+00   4.1300000e+00   4.3610000e+00
   3.5440000e+00   3.5070000e+00   3.6790000e+00   3.7340000e+00   4.5850000e+00   4.4160000e+00
   3.5980000e+00   3.5690000e+00   3.6510000e+00   3.7390000e+00   4.8320000e+00   4.4500000e+00
   3.8900000e+00   3.7330000e+00   3.7780000e+00   3.8700000e+00   4.2450000e+00   4.2920000e+00
   4.3390000e+00   4.0760000e+00   4.0530000e+00   4.0980000e+00   3.5710000e+00   4.0710000e+00
   4.5560000e+00   4.3100000e+00   4.2850000e+00   4.3180000e+00   3.3790000e+00   3.6840000e+00
   4.3270000e+00   4.1100000e+00   4.1920000e+00   4.2720000e+00   3.1240000e+00   3.3450000e+00
   4.2060000e+00   4.1240000e+00   4.1370000e+00   4.2050000e+00   2.8770000e+00   2.8590000e+00
   4.2520000e+00   4.3460000e+00   4.1780000e+00   4.2120000e+00   3.1120000e+00   2.7590000e+00
   4.5270000e+00   4.6430000e+00   4.3480000e+00   4.3440000e+00   3.1560000e+00   2.7180000e+00
   4.6230000e+00   4.6970000e+00   4.5290000e+00   4.5570000e+00   3.5230000e+00   2.4820000e+00
   4.1430000e+00   4.3630000e+00   4.2830000e+00   4.3370000e+00   4.1790000e+00   2.6680000e+00
   3.9710000e+00   4.3020000e+00   4.2170000e+00   4.3320000e+00   4.5640000e+00   3.3510000e+00
   4.2660000e+00   4.5320000e+00   4.4600000e+00   4.5670000e+00   4.2120000e+00   3.7980000e+00
   4.5620000e+00   4.7140000e+00   4.6690000e+00   4.7450000e+00   3.9960000e+00   4.0820000e+00
   4.6190000e+00   4.7390000e+00   4.7180000e+00   4.7870000e+00   3.8970000e+00   3.9100000e+00
   4.7780000e+00   4.8850000e+00   4.8740000e+00   4.9360000e+00   3.7150000e+00   3.5910000e+00
   4.6170000e+00   4.7810000e+00   4.7780000e+00   4.8880000e+00   3.5470000e+00   3.3010000e+00
   4.4790000e+00   4.5960000e+00   4.5920000e+00   4.6940000e+00   3.4930000e+00   3.1340000e+00
   4.5260000e+00   4.5830000e+00   4.5090000e+00   4.5300000e+00   3.4210000e+00   2.9600000e+00
   4.6050000e+00   4.7250000e+00   4.6030000e+00   4.6110000e+00   3.4840000e+00   2.9550000e+00
   4.5000000e+00   4.6250000e+00   4.5100000e+00   4.5270000e+00   3.4530000e+00   3.0180000e+00
   4.5530000e+00   4.6080000e+00   4.5060000e+00   4.5080000e+00   3.4070000e+00   3.0540000e+00
   4.6550000e+00   4.6600000e+00   4.5800000e+00   4.5610000e+00   3.2940000e+00   2.9970000e+00
   4.7030000e+00   4.6810000e+00   4.6080000e+00   4.5730000e+00   3.2380000e+00   2.9430000e+00
   4.7440000e+00   4.7330000e+00   4.6430000e+00   4.5990000e+00   3.1630000e+00   2.8830000e+00
   4.7160000e+00   4.7450000e+00   4.6520000e+00   4.6330000e+00   3.1150000e+00   2.8660000e+00
   4.5810000e+00   4.5700000e+00   4.5240000e+00   4.5040000e+00   3.1330000e+00   2.9210000e+00
   4.4100000e+00   4.3650000e+00   4.3580000e+00   4.3480000e+00   3.1830000e+00   2.9640000e+00
   4.2930000e+00   4.2110000e+00   4.1870000e+00   4.1680000e+00   3.2340000e+00   3.0190000e+00
   4.2420000e+00   4.1310000e+00   4.0460000e+00   3.9560000e+00   3.3020000e+00   3.0750000e+00
   4.2700000e+00   4.1670000e+00   4.0240000e+00   3.8530000e+00   3.3290000e+00   3.1210000e+00
   4.2940000e+00   4.2010000e+00   4.0500000e+00   3.8650000e+00   3.3580000e+00   3.1360000e+00
   4.2710000e+00   4.1760000e+00   4.0580000e+00   3.9260000e+00   3.3700000e+00   3.1990000e+00
   4.2370000e+00   4.1420000e+00   3.9940000e+00   3.8560000e+00   3.3570000e+00   3.2290000e+00
   4.2030000e+00   4.0880000e+00   3.9350000e+00   3.7470000e+00   3.3800000e+00   3.2530000e+00
   4.0770000e+00   3.8830000e+00   3.8550000e+00   3.6800000e+00   3.3700000e+00   3.2560000e+00
   3.8960000e+00   3.6700000e+00   3.6970000e+00   3.5890000e+00   3.3700000e+00   3.2670000e+00
   3.7740000e+00   3.6780000e+00   3.4930000e+00   3.3720000e+00   3.3650000e+00   3.2350000e+00
   3.7610000e+00   3.8510000e+00   3.3810000e+00   3.1310000e+00   3.2990000e+00   3.1920000e+00
   3.8080000e+00   3.7810000e+00   3.3930000e+00   3.0910000e+00   3.2090000e+00   3.1230000e+00
   3.8260000e+00   3.4230000e+00   3.4660000e+00   3.2320000e+00   3.1690000e+00   3.0580000e+00
   3.6380000e+00   3.0290000e+00   3.4160000e+00   3.3560000e+00   3.1510000e+00   2.9930000e+00
   3.3920000e+00   2.5760000e+00   3.1160000e+00   3.0450000e+00   3.1050000e+00   2.9530000e+00
   3.1790000e+00   2.0040000e+00   2.6280000e+00   2.2340000e+00   2.9920000e+00   2.9390000e+00
   2.9660000e+00   1.6270000e+00   1.8620000e+00   1.0860000e+00   2.8620000e+00   2.9260000e+00
   2.5990000e+00   1.2590000e+00   1.2700000e+00   1.1570000e+00   2.9310000e+00   2.9020000e+00
   2.2310000e+00   1.0080000e+00   1.0570000e+00   9.3700000e-01   2.8930000e+00   2.8380000e+00
   1.9960000e+00   1.3970000e+00   8.1800000e-01   7.1200000e-01   2.6570000e+00   2.6750000e+00
   1.6220000e+00   1.2340000e+00   7.7000000e-01   1.0240000e+00   2.6450000e+00   2.5780000e+00
   1.1140000e+00   9.9700000e-01   9.8000000e-01   1.0970000e+00   2.6480000e+00   2.6900000e+00
   8.7300000e-01   7.7100000e-01   8.6400000e-01   9.7900000e-01   2.5400000e+00   2.9170000e+00
   8.8600000e-01   6.5100000e-01   5.9000000e-01   8.1800000e-01   2.4870000e+00   2.7770000e+00
   9.1800000e-01   7.1400000e-01   6.4400000e-01   9.3900000e-01   2.4910000e+00   2.4090000e+00
   7.9000000e-01   8.4700000e-01   8.9100000e-01   1.1570000e+00   2.4560000e+00   2.4150000e+00
   8.2300000e-01   1.0500000e+00   1.0430000e+00   1.2710000e+00   2.4040000e+00   2.6130000e+00
   9.3500000e-01   1.1550000e+00   1.1490000e+00   1.3370000e+00   2.2530000e+00   2.6100000e+00
   1.1720000e+00   1.4080000e+00   1.3930000e+00   1.5460000e+00   2.0280000e+00   2.4010000e+00
   1.5450000e+00   1.6370000e+00   1.6430000e+00   1.7980000e+00   1.8060000e+00   2.3180000e+00
   2.1710000e+00   1.8910000e+00   2.0080000e+00   2.0090000e+00   1.6340000e+00   2.3510000e+00
   2.8400000e+00   2.2740000e+00   2.5520000e+00   2.4100000e+00   1.6780000e+00   2.4470000e+00
   3.3540000e+00   2.7880000e+00   3.0690000e+00   2.8670000e+00   2.0060000e+00   2.5760000e+00
   3.7790000e+00   3.2590000e+00   3.5190000e+00   3.2940000e+00   2.4070000e+00   2.6830000e+00
   4.2690000e+00   3.6850000e+00   4.0260000e+00   3.8530000e+00   2.7640000e+00   2.7580000e+00
   4.5700000e+00   4.1300000e+00   4.4770000e+00   4.4430000e+00   3.0270000e+00   2.8210000e+00
   4.6460000e+00   4.4760000e+00   4.7010000e+00   4.8040000e+00   3.1840000e+00   2.9050000e+00
   4.6890000e+00   4.6680000e+00   4.7610000e+00   4.8790000e+00   3.2730000e+00   2.9590000e+00
   4.6980000e+00   4.7160000e+00   4.7680000e+00   4.8790000e+00   3.3340000e+00   3.0070000e+00
   4.6660000e+00   4.7310000e+00   4.7310000e+00   4.8400000e+00   3.3700000e+00   3.0730000e+00
   4.6210000e+00   4.7930000e+00   4.7040000e+00   4.7920000e+00   3.4110000e+00   3.1910000e+00
   4.6250000e+00   4.7990000e+00   4.6810000e+00   4.7380000e+00   3.4200000e+00   3.3500000e+00
   4.6290000e+00   4.8220000e+00   4.6640000e+00   4.6870000e+00   3.4590000e+00   3.4590000e+00
   4.6860000e+00   4.8320000e+00   4.7270000e+00   4.7360000e+00   3.6970000e+00   3.5540000e+00
   4.8340000e+00   4.9170000e+00   4.9330000e+00   4.9900000e+00   3.8220000e+00   3.6160000e+00
   5.0380000e+00   5.0900000e+00   5.2020000e+00   5.3130000e+00   3.8800000e+00   3.8590000e+00
   5.4830000e+00   5.3690000e+00   5.6010000e+00   5.7120000e+00   4.0450000e+00   4.0440000e+00
   6.0300000e+00   5.8510000e+00   5.9830000e+00   6.0220000e+00   4.1820000e+00   4.0680000e+00
   6.0280000e+00   6.1360000e+00   6.0430000e+00   6.0870000e+00   4.2380000e+00   4.0690000e+00
   5.9130000e+00   6.0300000e+00   5.9640000e+00   6.0300000e+00   4.2550000e+00   4.0670000e+00
   5.8580000e+00   5.9620000e+00   5.9070000e+00   5.9780000e+00   4.2100000e+00   4.0700000e+00
   5.8120000e+00   5.9040000e+00   5.8450000e+00   5.8930000e+00   4.1160000e+00   4.0510000e+00
   5.7760000e+00   5.8540000e+00   5.8000000e+00   5.8270000e+00   4.0210000e+00   4.0630000e+00
   5.7270000e+00   5.7900000e+00   5.7520000e+00   5.7720000e+00   3.9490000e+00   4.0930000e+00
   5.6920000e+00   5.7180000e+00   5.7020000e+00   5.7150000e+00   3.9280000e+00   4.1010000e+00
   5.6590000e+00   5.6520000e+00   5.6610000e+00   5.6750000e+00   3.9220000e+00   4.0700000e+00
   5.6330000e+00   5.6140000e+00   5.6430000e+00   5.6590000e+00   3.9140000e+00   4.0490000e+00
   5.6140000e+00   5.6180000e+00   5.6430000e+00   5.6700000e+00   3.8890000e+00   4.0210000e+00
   5.6240000e+00   5.6260000e+00   5.6620000e+00   5.6960000e+00   3.8690000e+00   3.9820000e+00
   5.7170000e+00   5.6890000e+00   5.7410000e+00   5.7580000e+00   3.8400000e+00   3.9400000e+00
   5.8780000e+00   5.8350000e+00   5.8760000e+00   5.8680000e+00   3.7910000e+00   3.8800000e+00
   5.9960000e+00   5.9470000e+00   5.9990000e+00   5.9840000e+00   3.7240000e+00   3.7750000e+00
   6.0230000e+00   6.0080000e+00   6.0670000e+00   6.0830000e+00   3.6730000e+00   3.6230000e+00
   6.0900000e+00   6.0660000e+00   6.1110000e+00   6.1370000e+00   3.6690000e+00   3.4750000e+00
   6.2120000e+00   6.1670000e+00   6.1830000e+00   6.1960000e+00   3.6930000e+00   3.3620000e+00
   6.2270000e+00   6.2510000e+00   6.2180000e+00   6.2380000e+00   3.7500000e+00   3.3370000e+00
   6.1540000e+00   6.2210000e+00   6.1830000e+00   6.2230000e+00   3.8260000e+00   3.3810000e+00
   6.0890000e+00   6.1510000e+00   6.1210000e+00   6.1650000e+00   3.9430000e+00   3.4490000e+00
   6.0030000e+00   6.0560000e+00   6.0140000e+00   6.0480000e+00   4.0620000e+00   3.4910000e+00
   5.8830000e+00   5.9450000e+00   5.8840000e+00   5.9040000e+00   4.1150000e+00   3.5350000e+00
   5.7310000e+00   5.8140000e+00   5.7410000e+00   5.7600000e+00   4.0800000e+00   3.5530000e+00
   5.5810000e+00   5.6550000e+00   5.5900000e+00   5.6020000e+00   4.0380000e+00   3.5480000e+00
   5.4410000e+00   5.4890000e+00   5.4340000e+00   5.4300000e+00   3.9520000e+00   3.4920000e+00
   5.3420000e+00   5.3540000e+00   5.3120000e+00   5.2900000e+00   3.8610000e+00   3.3740000e+00
   5.2890000e+00   5.2740000e+00   5.2350000e+00   5.2000000e+00   3.7570000e+00   3.2480000e+00
   5.2710000e+00   5.2450000e+00   5.2010000e+00   5.1610000e+00   3.6450000e+00   3.1200000e+00
   5.2550000e+00   5.2600000e+00   5.1990000e+00   5.1680000e+00   3.4930000e+00   2.9910000e+00
   5.1150000e+00   5.2370000e+00   5.1730000e+00   5.1870000e+00   3.3360000e+00   2.8630000e+00
   4.8680000e+00   5.0530000e+00   5.0050000e+00   5.1100000e+00   3.1930000e+00   2.7400000e+00
   4.7470000e+00   4.8500000e+00   4.8090000e+00   4.8520000e+00   3.0440000e+00   2.6100000e+00
   4.3230000e+00   4.6350000e+00   4.6160000e+00   4.7330000e+00   2.7770000e+00   2.3600000e+00
   3.8740000e+00   4.2320000e+00   4.2560000e+00   4.4630000e+00   2.4480000e+00   2.0730000e+00
   3.6010000e+00   3.9170000e+00   3.9390000e+00   4.1230000e+00   2.1500000e+00   1.8640000e+00
   3.4990000e+00   3.7450000e+00   3.7720000e+00   3.9190000e+00   1.9500000e+00   1.7480000e+00
   3.4570000e+00   3.6290000e+00   3.6460000e+00   3.7630000e+00   1.8550000e+00   1.8560000e+00
   3.3490000e+00   3.4970000e+00   3.5300000e+00   3.6680000e+00   2.0370000e+00   1.9810000e+00
   3.1670000e+00   3.2980000e+00   3.3440000e+00   3.4890000e+00   2.0960000e+00   2.0430000e+00
   2.9770000e+00   3.0840000e+00   3.1470000e+00   3.3030000e+00   2.1370000e+00   2.0960000e+00
   2.7830000e+00   2.8620000e+00   2.9520000e+00   3.1210000e+00   2.0810000e+00   2.0530000e+00
   2.5440000e+00   2.6190000e+00   2.7360000e+00   2.9230000e+00   2.0090000e+00   2.0060000e+00
   2.3180000e+00   2.3860000e+00   2.5260000e+00   2.7350000e+00   1.9440000e+00   1.9650000e+00
   2.1340000e+00   2.2180000e+00   2.3580000e+00   2.5800000e+00   1.9190000e+00   1.9740000e+00
   1.9960000e+00   2.1580000e+00   2.2550000e+00   2.4920000e+00   1.9660000e+00   2.0680000e+00
   1.9190000e+00   2.1870000e+00   2.1900000e+00   2.4230000e+00   2.0410000e+00   2.1960000e+00
   1.9100000e+00   2.2350000e+00   2.1250000e+00   2.3120000e+00   2.0760000e+00   2.2930000e+00
   2.0230000e+00   2.2870000e+00   2.0840000e+00   2.1900000e+00   2.0980000e+00   2.3570000e+00
   2.1890000e+00   2.3580000e+00   2.0450000e+00   2.0600000e+00   2.2280000e+00   2.4180000e+00
   2.2840000e+00   2.4030000e+00   1.9180000e+00   1.8500000e+00   2.2940000e+00   2.4190000e+00
   2.3160000e+00   2.4170000e+00   1.7630000e+00   1.6340000e+00   2.3060000e+00   2.4770000e+00
   2.2670000e+00   2.3020000e+00   1.6100000e+00   1.4670000e+00   2.3660000e+00   2.6760000e+00
   2.2060000e+00   2.1190000e+00   1.6060000e+00   1.4980000e+00   2.5240000e+00   2.9830000e+00
   2.2010000e+00   2.0380000e+00   1.7980000e+00   1.6890000e+00   2.6740000e+00   3.2130000e+00
   2.2560000e+00   2.1550000e+00   1.9880000e+00   1.8050000e+00   2.6660000e+00   3.2430000e+00
   2.3090000e+00   2.3190000e+00   2.1130000e+00   1.8800000e+00   2.6680000e+00   3.2250000e+00
   2.3890000e+00   2.4480000e+00   2.2410000e+00   1.9770000e+00   2.9600000e+00   3.2920000e+00
   2.4950000e+00   2.5700000e+00   2.3480000e+00   2.0800000e+00   3.3550000e+00   3.3970000e+00
   2.6020000e+00   2.7220000e+00   2.6960000e+00   2.7310000e+00   3.6000000e+00   3.5160000e+00
   3.3530000e+00   3.4100000e+00   3.4200000e+00   3.3970000e+00   3.5360000e+00   3.6020000e+00
   3.8460000e+00   3.8400000e+00   3.8070000e+00   3.8240000e+00   3.5430000e+00   3.6470000e+00
   4.2340000e+00   4.2330000e+00   4.0780000e+00   4.0890000e+00   3.7120000e+00   3.7440000e+00
   4.3820000e+00   4.3890000e+00   4.2370000e+00   4.2710000e+00   3.8530000e+00   3.8130000e+00
   4.4930000e+00   4.5500000e+00   4.4460000e+00   4.5090000e+00   4.1980000e+00   4.0090000e+00
   4.6910000e+00   4.7740000e+00   4.7280000e+00   4.8410000e+00   4.2210000e+00   4.0730000e+00
   4.9900000e+00   5.1430000e+00   5.0780000e+00   5.2020000e+00   4.1870000e+00   3.9110000e+00
   5.3260000e+00   5.4970000e+00   5.3730000e+00   5.4800000e+00   4.3770000e+00   4.0630000e+00
   5.6100000e+00   5.7420000e+00   5.6440000e+00   5.7640000e+00   4.2810000e+00   3.8920000e+00
   5.9420000e+00   6.0890000e+00   6.0180000e+00   6.1780000e+00   4.3170000e+00   3.9160000e+00
   6.3040000e+00   6.5600000e+00   6.4080000e+00   6.5840000e+00   4.1810000e+00   4.0120000e+00
   6.5000000e+00   6.8600000e+00   6.5320000e+00   6.7050000e+00   3.8420000e+00   3.9900000e+00
   6.4370000e+00   7.0910000e+00   6.5560000e+00   6.8030000e+00   3.5190000e+00   3.9490000e+00
   5.9370000e+00   7.0760000e+00   6.3110000e+00   6.6560000e+00   3.5710000e+00   3.5130000e+00
   5.6050000e+00   6.9430000e+00   6.1460000e+00   6.4610000e+00   3.5740000e+00   3.4100000e+00
   5.4080000e+00   6.5680000e+00   6.0060000e+00   6.3450000e+00   3.8180000e+00   3.4890000e+00
   5.6040000e+00   6.3740000e+00   6.0060000e+00   6.1910000e+00   4.2260000e+00   3.8210000e+00
   5.9080000e+00   6.1920000e+00   5.9910000e+00   6.0580000e+00   4.4330000e+00   4.2130000e+00
   6.0040000e+00   6.0570000e+00   5.9420000e+00   6.0650000e+00   4.0850000e+00   4.3300000e+00
   5.8570000e+00   6.1340000e+00   6.0240000e+00   6.0990000e+00   4.0990000e+00   4.3510000e+00
   6.0980000e+00   6.2550000e+00   6.1500000e+00   6.1650000e+00   4.5330000e+00   4.5910000e+00
   6.2840000e+00   6.3690000e+00   6.2630000e+00   6.3070000e+00   4.8350000e+00   4.9580000e+00
   6.2560000e+00   6.3630000e+00   6.2950000e+00   6.4040000e+00   5.0220000e+00   5.2610000e+00
   6.2380000e+00   6.3920000e+00   6.4710000e+00   6.6220000e+00   5.1890000e+00   5.5390000e+00
   6.4350000e+00   6.6130000e+00   6.6510000e+00   6.6500000e+00   5.4610000e+00   5.6660000e+00
   6.5990000e+00   6.7720000e+00   6.6080000e+00   6.5860000e+00   5.9410000e+00   5.7230000e+00
   6.7760000e+00   6.8280000e+00   6.7560000e+00   6.7570000e+00   6.4790000e+00   6.1970000e+00
   6.5090000e+00   6.4730000e+00   6.4860000e+00   6.4740000e+00   6.8520000e+00   6.8360000e+00
   6.5300000e+00   6.5000000e+00   6.5080000e+00   6.4800000e+00   7.1910000e+00   7.1780000e+00
   6.6740000e+00   6.7560000e+00   6.6230000e+00   6.4760000e+00   7.1450000e+00   7.2040000e+00
   6.8350000e+00   6.9540000e+00   6.7900000e+00   6.6740000e+00   7.0940000e+00   6.9540000e+00
   6.8320000e+00   6.9510000e+00   6.8190000e+00   6.7290000e+00   6.9640000e+00   6.7710000e+00
   6.5660000e+00   6.6590000e+00   6.7050000e+00   6.7140000e+00   6.7520000e+00   6.5200000e+00
   6.6240000e+00   6.6520000e+00   6.6600000e+00   6.6000000e+00   6.6570000e+00   6.6040000e+00
   6.6880000e+00   6.5920000e+00   6.6170000e+00   6.4880000e+00   6.7840000e+00   6.5300000e+00
   6.8870000e+00   6.7480000e+00   6.8050000e+00   6.6480000e+00   6.4930000e+00   6.8520000e+00
   6.6760000e+00   6.6060000e+00   6.6450000e+00   6.5040000e+00   6.5510000e+00   7.3170000e+00
   6.6360000e+00   6.5160000e+00   6.5390000e+00   6.3670000e+00   6.9050000e+00   7.4670000e+00
   6.6120000e+00   6.4470000e+00   6.4860000e+00   6.3100000e+00   7.3090000e+00   7.6040000e+00
   6.6830000e+00   6.5650000e+00   6.5850000e+00   6.4200000e+00   7.4880000e+00   7.8340000e+00
   6.5030000e+00   6.5000000e+00   6.4670000e+00   6.3280000e+00   7.7240000e+00   7.7260000e+00
   6.4190000e+00   6.2850000e+00   6.3320000e+00   6.1320000e+00   7.6050000e+00   7.2030000e+00
   6.3210000e+00   6.2020000e+00   6.2530000e+00   6.0430000e+00   7.2400000e+00   6.7550000e+00
   6.2230000e+00   6.0300000e+00   6.1860000e+00   6.0280000e+00   6.9750000e+00   6.4370000e+00
   6.0590000e+00   5.9620000e+00   6.0690000e+00   5.9620000e+00   6.8120000e+00   6.1530000e+00
   5.9070000e+00   5.8930000e+00   5.9840000e+00   5.8990000e+00   6.5780000e+00   6.0620000e+00
   5.8430000e+00   5.8850000e+00   5.9130000e+00   5.8010000e+00   6.3950000e+00   6.1030000e+00
   5.7090000e+00   5.6790000e+00   5.7700000e+00   5.6300000e+00   6.2300000e+00   6.1240000e+00
   5.5810000e+00   5.4830000e+00   5.6320000e+00   5.4970000e+00   6.0730000e+00   6.2110000e+00
   5.1590000e+00   5.3900000e+00   5.3990000e+00   5.4890000e+00   6.1900000e+00   6.4530000e+00
   4.6990000e+00   5.0700000e+00   5.0370000e+00   5.2330000e+00   6.3020000e+00   6.5410000e+00
   4.4660000e+00   4.9190000e+00   4.7000000e+00   4.9010000e+00   6.3420000e+00   6.5910000e+00
   4.3340000e+00   4.5590000e+00   4.2920000e+00   4.4400000e+00   6.3580000e+00   6.5250000e+00
   4.7010000e+00   4.1930000e+00   4.1240000e+00   4.0610000e+00   6.3110000e+00   6.3930000e+00
   5.3150000e+00   4.9740000e+00   4.8860000e+00   4.6850000e+00   6.6620000e+00   6.3610000e+00
   5.3870000e+00   5.6250000e+00   5.3350000e+00   5.4020000e+00   6.7930000e+00   6.4160000e+00
   5.2790000e+00   5.5290000e+00   5.3080000e+00   5.3220000e+00   6.7370000e+00   6.5530000e+00
   5.3810000e+00   5.6420000e+00   5.4830000e+00   5.4370000e+00   6.4280000e+00   7.0040000e+00
   5.6950000e+00   5.7500000e+00   5.7420000e+00   5.6150000e+00   6.4150000e+00   6.8430000e+00
   6.7880000e+00   6.7950000e+00   6.7450000e+00   6.7480000e+00   6.8730000e+00   6.9890000e+00
   6.3820000e+00   6.5970000e+00   6.4350000e+00   6.5800000e+00   7.4640000e+00   7.4000000e+00
   5.8110000e+00   6.0910000e+00   5.9650000e+00   6.0950000e+00   7.4540000e+00   7.6860000e+00
   5.6350000e+00   5.4500000e+00   5.7140000e+00   5.8330000e+00   7.2010000e+00   7.1600000e+00
   6.7410000e+00   6.3710000e+00   6.6100000e+00   6.5930000e+00   7.3270000e+00   7.0750000e+00
   7.4780000e+00   7.2180000e+00   7.5290000e+00   7.6200000e+00   7.2820000e+00   7.2640000e+00
   7.5280000e+00   7.5230000e+00   7.6930000e+00   7.8020000e+00   7.1090000e+00   7.7870000e+00
   7.4260000e+00   7.4390000e+00   7.7260000e+00   7.9270000e+00   6.6290000e+00   7.2640000e+00
   8.2140000e+00   8.2270000e+00   8.2510000e+00   8.3800000e+00   6.5580000e+00   7.0760000e+00
   8.4060000e+00   8.4860000e+00   8.4550000e+00   8.6010000e+00   6.8850000e+00   6.9060000e+00
   8.5650000e+00   8.7100000e+00   8.5370000e+00   8.6160000e+00   7.2160000e+00   6.8630000e+00
   8.5640000e+00   8.8600000e+00   8.7910000e+00   8.9840000e+00   7.1390000e+00   6.6100000e+00
   8.7260000e+00   9.0060000e+00   8.7880000e+00   8.8910000e+00   7.5170000e+00   7.3600000e+00
   8.7180000e+00   9.0660000e+00   8.9350000e+00   9.0660000e+00   5.6370000e+00   7.5410000e+00
   8.5960000e+00   8.7350000e+00   8.7730000e+00   8.9400000e+00   5.6490000e+00   6.9510000e+00
   8.6050000e+00   8.5880000e+00   8.7170000e+00   8.8130000e+00   6.8410000e+00   6.0470000e+00
   8.7790000e+00   8.7640000e+00   8.8240000e+00   8.8620000e+00   7.0130000e+00   5.4080000e+00
   8.8820000e+00   8.9330000e+00   8.8270000e+00   8.8060000e+00   7.2930000e+00   5.1840000e+00
   9.1470000e+00   9.2020000e+00   9.0730000e+00   9.0360000e+00   5.6120000e+00   5.1950000e+00
   9.7930000e+00   9.8140000e+00   9.6500000e+00   9.5870000e+00   3.1830000e+00   4.9620000e+00
   1.0251000e+01   1.0348000e+01   1.0230000e+01   1.0307000e+01   4.7660000e+00   4.6290000e+00
   1.0639000e+01   1.0787000e+01   1.0581000e+01   1.0631000e+01   5.4710000e+00   4.1720000e+00
   1.0796000e+01   1.0939000e+01   1.0788000e+01   1.0828000e+01   6.0530000e+00   4.7710000e+00
   1.0971000e+01   1.1097000e+01   1.0904000e+01   1.0912000e+01   5.3850000e+00   6.1510000e+00
   1.0664000e+01   1.0780000e+01   1.0743000e+01   1.0860000e+01   3.6920000e+00   6.4400000e+00
   1.1031000e+01   1.1170000e+01   1.1112000e+01   1.1211000e+01   4.2820000e+00   7.5520000e+00
   1.1300000e+01   1.1476000e+01   1.1408000e+01   1.1506000e+01   4.5840000e+00   6.6020000e+00
   1.1319000e+01   1.1528000e+01   1.1475000e+01   1.1637000e+01   4.3360000e+00   5.1010000e+00
   1.1748000e+01   1.1929000e+01   1.1948000e+01   1.2114000e+01   3.4270000e+00   4.2620000e+00
   1.2151000e+01   1.2365000e+01   1.2247000e+01   1.2318000e+01   2.4780000e+00   4.2150000e+00
   1.2053000e+01   1.2101000e+01   1.2041000e+01   1.2136000e+01   1.9740000e+00   4.2340000e+00
   1.2104000e+01   1.2252000e+01   1.2088000e+01   1.2189000e+01   1.9300000e+00   4.3000000e+00
   1.1873000e+01   1.2189000e+01   1.1974000e+01   1.2101000e+01   1.9710000e+00   4.3210000e+00
   1.1614000e+01   1.2097000e+01   1.1594000e+01   1.1663000e+01   1.8920000e+00   4.3020000e+00
   1.0667000e+01   1.1294000e+01   1.1304000e+01   1.1683000e+01   1.8490000e+00   4.3910000e+00
   1.0776000e+01   1.1424000e+01   1.1750000e+01   1.2141000e+01   1.5440000e+00   4.3710000e+00
   1.1550000e+01   1.2203000e+01   1.1858000e+01   1.2136000e+01   1.9150000e+00   4.3090000e+00
   1.0662000e+01   1.1599000e+01   1.0934000e+01   1.1080000e+01   1.5560000e+00   4.1700000e+00
   1.1139000e+01   1.1705000e+01   1.0995000e+01   1.0829000e+01   2.2520000e+00   4.0650000e+00
   1.2603000e+01   1.2815000e+01   1.2484000e+01   1.2493000e+01   3.4580000e+00   3.9270000e+00
   1.1758000e+01   1.2107000e+01   1.1812000e+01   1.2119000e+01   3.2610000e+00   3.9180000e+00
   1.1856000e+01   1.2131000e+01   1.1494000e+01   1.1275000e+01   3.3760000e+00   4.0170000e+00
   1.1374000e+01   1.1754000e+01   1.1580000e+01   1.1540000e+01   3.3150000e+00   3.7400000e+00
   9.9980000e+00   1.0824000e+01   1.0592000e+01   1.0814000e+01   3.3340000e+00   3.9110000e+00
   1.0198000e+01   1.0476000e+01   1.0874000e+01   1.1163000e+01   3.4590000e+00   3.6330000e+00
   1.0595000e+01   1.1010000e+01   1.0510000e+01   1.0593000e+01   3.6060000e+00   3.7740000e+00
   1.0634000e+01   1.1024000e+01   1.1336000e+01   1.1862000e+01   3.5580000e+00   3.7180000e+00
   1.0882000e+01   1.1735000e+01   1.1150000e+01   1.1375000e+01   3.7140000e+00   3.4660000e+00
   1.1191000e+01   1.1898000e+01   1.1953000e+01   1.2522000e+01   3.8200000e+00   3.1960000e+00
   1.0378000e+01   1.1192000e+01   1.0432000e+01   1.0623000e+01   3.6880000e+00   3.0220000e+00
   9.2220000e+00   9.8040000e+00   9.3310000e+00   9.5740000e+00   3.3360000e+00   3.4250000e+00
   8.7360000e+00   9.5960000e+00   9.0330000e+00   9.3710000e+00   3.4720000e+00   3.5020000e+00
   8.1190000e+00   9.1620000e+00   8.5770000e+00   8.8850000e+00   4.0650000e+00   3.0850000e+00
   8.1660000e+00   8.8550000e+00   8.2230000e+00   8.4650000e+00   4.0340000e+00   2.9240000e+00
   7.6950000e+00   8.4960000e+00   7.6460000e+00   7.8630000e+00   3.9990000e+00   3.0640000e+00
   6.4760000e+00   7.2290000e+00   6.5170000e+00   6.7110000e+00   4.1930000e+00   3.3840000e+00
   5.7500000e+00   6.3820000e+00   5.8770000e+00   6.2070000e+00   4.4690000e+00   3.8960000e+00
   4.9170000e+00   5.8210000e+00   5.1600000e+00   5.4710000e+00   4.4160000e+00   4.2740000e+00
   4.6280000e+00   4.8500000e+00   4.6450000e+00   4.7450000e+00   4.0480000e+00   4.1260000e+00
   4.6740000e+00   4.7700000e+00   4.7090000e+00   4.7350000e+00   3.9970000e+00   4.3210000e+00
   4.6490000e+00   4.9210000e+00   4.8350000e+00   4.9280000e+00   4.1910000e+00   4.6370000e+00
   4.6850000e+00   5.0850000e+00   5.2290000e+00   5.5070000e+00   4.2360000e+00   4.5880000e+00
   4.8840000e+00   4.8710000e+00   5.1290000e+00   5.4790000e+00   3.9330000e+00   4.2790000e+00
   5.1140000e+00   5.2470000e+00   5.1770000e+00   5.3040000e+00   3.8020000e+00   4.0210000e+00
   5.0030000e+00   5.3170000e+00   5.1790000e+00   5.3240000e+00   3.8380000e+00   3.7270000e+00
   4.9460000e+00   5.2510000e+00   5.1350000e+00   5.3140000e+00   3.8050000e+00   3.7910000e+00
   5.1700000e+00   5.4980000e+00   5.3450000e+00   5.5220000e+00   3.8650000e+00   3.9160000e+00
   5.3730000e+00   5.6680000e+00   5.4410000e+00   5.5390000e+00   3.8800000e+00   3.8880000e+00
   5.4990000e+00   5.8060000e+00   5.5680000e+00   5.6380000e+00   3.9230000e+00   3.7830000e+00
   5.5010000e+00   5.7310000e+00   5.5310000e+00   5.5790000e+00   3.7730000e+00   3.6400000e+00
   5.4800000e+00   5.6890000e+00   5.4670000e+00   5.4550000e+00   3.6730000e+00   3.6860000e+00
   5.4850000e+00   5.6830000e+00   5.3400000e+00   5.2110000e+00   3.6580000e+00   3.6190000e+00
   5.2080000e+00   5.3200000e+00   4.8830000e+00   4.6730000e+00   3.6710000e+00   3.5510000e+00
   4.8640000e+00   4.9350000e+00   4.5450000e+00   4.4410000e+00   3.6750000e+00   3.3940000e+00
   4.5720000e+00   4.6670000e+00   4.3920000e+00   4.4120000e+00   3.6870000e+00   3.2420000e+00
   4.4160000e+00   4.4930000e+00   4.4100000e+00   4.4910000e+00   3.6930000e+00   2.9400000e+00
   4.4660000e+00   4.5720000e+00   4.7000000e+00   4.8460000e+00   3.6230000e+00   2.6840000e+00
   4.6540000e+00   4.7510000e+00   4.9790000e+00   5.2150000e+00   3.4080000e+00   2.5940000e+00
   4.9180000e+00   5.0470000e+00   5.1850000e+00   5.3610000e+00   2.9380000e+00   2.6820000e+00
