   6.9583000e+00   7.0444000e+00   7.0218000e+00   7.0427000e+00   8.7226000e+00   8.1798000e+00
   7.3155000e+00   7.4433000e+00   7.4095000e+00   7.4086000e+00   8.7516000e+00   8.3280000e+00
   7.6217000e+00   7.8074000e+00   7.7535000e+00   7.7612000e+00   8.9573000e+00   8.6299000e+00
   7.8741000e+00   8.0867000e+00   8.0036000e+00   8.0069000e+00   9.0770000e+00   8.8387000e+00
   8.4438000e+00   8.7329000e+00   8.6147000e+00   8.6490000e+00   9.1428000e+00   8.9797000e+00
   8.9310000e+00   9.2282000e+00   9.0845000e+00   9.1237000e+00   9.0452000e+00   8.9663000e+00
   9.4463000e+00   9.7361000e+00   9.6324000e+00   9.6859000e+00   9.0690000e+00   9.0038000e+00
   9.6156000e+00   9.8940000e+00   9.8646000e+00   9.9737000e+00   8.9637000e+00   8.9276000e+00
   9.9033000e+00   1.0135900e+01   1.0094800e+01   1.0186800e+01   8.7796000e+00   8.8596000e+00
   9.9871000e+00   1.0201200e+01   1.0172800e+01   1.0275000e+01   8.6823000e+00   8.8017000e+00
   1.0260400e+01   1.0425800e+01   1.0410300e+01   1.0502900e+01   8.6513000e+00   8.7739000e+00
   1.0508400e+01   1.0648300e+01   1.0637800e+01   1.0715700e+01   8.6877000e+00   8.7218000e+00
   1.0551500e+01   1.0734600e+01   1.0750300e+01   1.0864500e+01   8.8126000e+00   8.7453000e+00
   1.0460100e+01   1.0610100e+01   1.0668000e+01   1.0781500e+01   8.8010000e+00   8.5376000e+00
   1.0378500e+01   1.0542500e+01   1.0662500e+01   1.0820000e+01   8.7225000e+00   8.3636000e+00
   1.0170200e+01   1.0353600e+01   1.0513800e+01   1.0720500e+01   8.7775000e+00   8.2753000e+00
   9.9100000e+00   1.0051200e+01   1.0221800e+01   1.0427000e+01   8.8851000e+00   8.4946000e+00
   9.8749000e+00   9.9091000e+00   1.0023000e+01   1.0135600e+01   8.4220000e+00   8.4878000e+00
   1.0031500e+01   1.0216300e+01   1.0231300e+01   1.0274000e+01   7.9178000e+00   8.0714000e+00
   9.3812000e+00   9.6910000e+00   9.8475000e+00   1.0165900e+01   7.9035000e+00   7.8081000e+00
   9.7321000e+00   9.7283000e+00   9.6440000e+00   9.6054000e+00   7.7803000e+00   7.5300000e+00
   1.0077000e+01   1.0227500e+01   1.0078300e+01   1.0054800e+01   7.5606000e+00   7.3058000e+00
   1.0104700e+01   1.0290300e+01   1.0196000e+01   1.0258000e+01   7.6846000e+00   7.1381000e+00
   9.9365000e+00   1.0086800e+01   1.0056300e+01   1.0140600e+01   7.7171000e+00   7.1085000e+00
   9.6728000e+00   9.6647000e+00   9.7867000e+00   9.8851000e+00   7.8091000e+00   7.0260000e+00
   9.3045000e+00   9.3795000e+00   9.3636000e+00   9.4387000e+00   8.2709000e+00   7.0405000e+00
   9.2209000e+00   9.6187000e+00   9.4552000e+00   9.5212000e+00   7.3024000e+00   7.0026000e+00
   1.0309500e+01   1.3030400e+01   1.1317200e+01   1.2228700e+01   7.1081000e+00   7.4908000e+00
   1.1415000e+01   1.2449800e+01   1.2249800e+01   1.2764900e+01   7.2611000e+00   6.7651000e+00
   1.1857500e+01   1.2494900e+01   1.2337400e+01   1.2633700e+01   7.1118000e+00   6.6143000e+00
   1.2021200e+01   1.2509800e+01   1.2538000e+01   1.2749700e+01   7.0348000e+00   6.6824000e+00
   1.1129900e+01   1.1119900e+01   1.1727600e+01   1.1940100e+01   6.8623000e+00   6.5339000e+00
   1.0336400e+01   1.0304300e+01   1.0667600e+01   1.0709900e+01   6.7197000e+00   6.3520000e+00
   1.0137600e+01   1.0174200e+01   1.0362000e+01   1.0406000e+01   6.5489000e+00   6.4711000e+00
   1.0121500e+01   1.0166300e+01   1.0255900e+01   1.0267600e+01   6.5097000e+00   6.4211000e+00
   1.0086700e+01   1.0103300e+01   1.0181700e+01   1.0221800e+01   6.5847000e+00   6.3412000e+00
   9.9496000e+00   9.8871000e+00   1.0026100e+01   1.0066700e+01   6.6760000e+00   6.3395000e+00
   9.8777000e+00   9.8416000e+00   9.8540000e+00   9.8696000e+00   6.8778000e+00   6.4794000e+00
   9.9414000e+00   9.9563000e+00   9.8763000e+00   9.8760000e+00   6.9638000e+00   6.6009000e+00
   9.6184000e+00   9.5596000e+00   9.5609000e+00   9.5610000e+00   6.5772000e+00   6.6490000e+00
   9.7239000e+00   9.6444000e+00   9.5382000e+00   9.4771000e+00   6.5009000e+00   6.8458000e+00
   9.6054000e+00   9.4273000e+00   9.4321000e+00   9.4019000e+00   7.1184000e+00   6.9254000e+00
   9.2009000e+00   9.0651000e+00   9.0030000e+00   8.9913000e+00   7.2232000e+00   6.8988000e+00
   8.9439000e+00   8.7921000e+00   8.7301000e+00   8.7108000e+00   6.9332000e+00   7.2238000e+00
   8.7130000e+00   8.4780000e+00   8.5467000e+00   8.5900000e+00   7.3051000e+00   7.5421000e+00
   8.3714000e+00   8.0052000e+00   8.0060000e+00   7.9183000e+00   8.6765000e+00   7.5427000e+00
   8.5111000e+00   8.2400000e+00   8.0394000e+00   8.0069000e+00   8.8696000e+00   7.1975000e+00
   8.6433000e+00   8.3261000e+00   8.2567000e+00   8.2497000e+00   9.0200000e+00   7.1033000e+00
   8.5843000e+00   8.1999000e+00   8.2764000e+00   8.2786000e+00   8.0187000e+00   8.0815000e+00
   8.3318000e+00   7.9533000e+00   8.0492000e+00   8.0696000e+00   7.1233000e+00   8.7491000e+00
   8.1308000e+00   7.7130000e+00   7.8154000e+00   7.8151000e+00   6.9816000e+00   8.4737000e+00
   7.5462000e+00   7.1537000e+00   7.2823000e+00   7.3033000e+00   7.0031000e+00   7.7838000e+00
   7.1533000e+00   6.7311000e+00   6.8095000e+00   6.7899000e+00   6.6416000e+00   6.9991000e+00
   6.8288000e+00   6.4374000e+00   6.3752000e+00   6.3170000e+00   6.1858000e+00   6.7692000e+00
   6.7078000e+00   6.2938000e+00   6.2348000e+00   6.1663000e+00   5.9273000e+00   6.8096000e+00
   6.7730000e+00   6.2838000e+00   6.2919000e+00   6.2388000e+00   5.5876000e+00   6.7432000e+00
   6.8041000e+00   6.2477000e+00   6.3125000e+00   6.3145000e+00   5.8829000e+00   6.8869000e+00
   6.5531000e+00   5.7828000e+00   6.0165000e+00   6.0293000e+00   6.3212000e+00   6.6219000e+00
   5.8656000e+00   5.0741000e+00   5.3649000e+00   5.3466000e+00   6.2619000e+00   6.5279000e+00
   5.5789000e+00   4.9611000e+00   5.0474000e+00   4.9909000e+00   6.2894000e+00   6.7758000e+00
   5.7579000e+00   5.1616000e+00   5.2138000e+00   5.2103000e+00   5.8670000e+00   6.5655000e+00
   5.6716000e+00   5.0440000e+00   5.1453000e+00   5.1663000e+00   5.5424000e+00   6.1810000e+00
   5.3573000e+00   4.8259000e+00   4.9865000e+00   5.0857000e+00   5.2748000e+00   5.7575000e+00
   4.9039000e+00   4.3976000e+00   4.6615000e+00   4.7886000e+00   5.1257000e+00   5.4564000e+00
   4.5565000e+00   4.1050000e+00   4.3563000e+00   4.4639000e+00   4.7484000e+00   5.3244000e+00
   4.4007000e+00   4.0521000e+00   4.1994000e+00   4.2684000e+00   4.8370000e+00   5.6459000e+00
   4.3067000e+00   4.0610000e+00   4.1700000e+00   4.2336000e+00   4.8220000e+00   5.8998000e+00
   4.4926000e+00   4.2218000e+00   4.3144000e+00   4.3463000e+00   4.8309000e+00   5.7982000e+00
   4.2968000e+00   4.0593000e+00   4.2815000e+00   4.3504000e+00   4.8495000e+00   5.8042000e+00
   4.2557000e+00   3.9748000e+00   4.2147000e+00   4.2197000e+00   3.7775000e+00   5.6184000e+00
   3.9045000e+00   3.5484000e+00   4.0749000e+00   4.1408000e+00   4.0625000e+00   7.4239000e+00
   4.0435000e+00   3.5858000e+00   4.2041000e+00   4.1888000e+00   4.1449000e+00   7.0911000e+00
   3.8143000e+00   3.1105000e+00   3.8090000e+00   3.7578000e+00   4.4997000e+00   5.6977000e+00
   3.5588000e+00   3.1012000e+00   3.5043000e+00   3.3740000e+00   3.6956000e+00   5.8948000e+00
   4.2112000e+00   3.3007000e+00   4.1924000e+00   4.1214000e+00   5.0221000e+00   5.0291000e+00
   3.4524000e+00   2.1846000e+00   4.0507000e+00   4.3241000e+00   4.6432000e+00   4.3767000e+00
   2.4766000e+00   1.4631000e+00   2.6837000e+00   2.6872000e+00   4.7077000e+00   4.0282000e+00
   2.3928000e+00   1.5126000e+00   2.5656000e+00   2.6071000e+00   3.7369000e+00   4.0868000e+00
   1.7069000e+00   8.2020000e-01   1.7984000e+00   1.8993000e+00   4.7252000e+00   4.5023000e+00
   2.7228000e+00   1.5007000e+00   2.5706000e+00   2.5416000e+00   5.6282000e+00   3.7968000e+00
   2.2078000e+00   1.5860000e+00   2.3091000e+00   2.4892000e+00   6.1149000e+00   3.7032000e+00
   1.4073000e+00   1.1513000e+00   2.0381000e+00   2.4222000e+00   7.0095000e+00   3.8521000e+00
   3.1100000e-01   5.2890000e-01   8.7720000e-01   1.2650000e+00   6.6557000e+00   3.9045000e+00
   3.6830000e-01   5.0790000e-01   7.7100000e-01   1.0574000e+00   6.7607000e+00   3.5953000e+00
   8.7290000e-01   1.2861000e+00   5.5560000e-01   7.2520000e-01   6.6341000e+00   3.2323000e+00
   1.3942000e+00   1.6932000e+00   7.5880000e-01   4.4960000e-01   6.3275000e+00   4.0742000e+00
   2.2153000e+00   2.4325000e+00   1.7492000e+00   1.5878000e+00   6.5769000e+00   4.6729000e+00
   2.9615000e+00   2.9483000e+00   2.6707000e+00   2.6100000e+00   7.4779000e+00   5.3218000e+00
   3.2794000e+00   3.1106000e+00   3.0438000e+00   3.0087000e+00   7.6175000e+00   6.0220000e+00
   4.4503000e+00   4.4396000e+00   4.2266000e+00   4.2666000e+00   7.2478000e+00   6.5144000e+00
   5.8781000e+00   5.8757000e+00   5.5477000e+00   5.5780000e+00   6.7846000e+00   6.5188000e+00
   6.1454000e+00   6.2481000e+00   5.8623000e+00   5.9120000e+00   5.8905000e+00   6.0781000e+00
   6.3282000e+00   6.1228000e+00   6.0514000e+00   6.0553000e+00   5.7981000e+00   5.9460000e+00
   6.0659000e+00   5.9578000e+00   5.8466000e+00   5.8373000e+00   5.6196000e+00   6.4057000e+00
   6.6131000e+00   6.5563000e+00   6.4680000e+00   6.4953000e+00   5.3323000e+00   6.2020000e+00
   6.6865000e+00   6.7102000e+00   6.6749000e+00   6.7631000e+00   4.9987000e+00   6.1733000e+00
   6.4911000e+00   6.4665000e+00   6.4928000e+00   6.5485000e+00   4.7225000e+00   6.5552000e+00
   6.8882000e+00   6.7771000e+00   6.7838000e+00   6.7872000e+00   5.3313000e+00   6.3101000e+00
   7.3359000e+00   7.2230000e+00   7.3428000e+00   7.4321000e+00   5.7656000e+00   6.3006000e+00
   6.7751000e+00   6.5337000e+00   6.8527000e+00   6.9142000e+00   5.8944000e+00   6.4133000e+00
   6.8283000e+00   6.4790000e+00   6.8751000e+00   6.9023000e+00   6.0889000e+00   6.1327000e+00
   6.3506000e+00   6.2577000e+00   6.5040000e+00   6.5878000e+00   6.1477000e+00   6.1511000e+00
   5.6523000e+00   5.4500000e+00   5.8473000e+00   5.9421000e+00   5.8561000e+00   6.2057000e+00
   5.0660000e+00   4.8521000e+00   5.2988000e+00   5.3678000e+00   5.7531000e+00   6.1193000e+00
   4.8241000e+00   4.7642000e+00   5.0371000e+00   5.1249000e+00   6.4757000e+00   6.2074000e+00
   4.9089000e+00   4.8637000e+00   4.9926000e+00   5.1322000e+00   6.8670000e+00   6.2615000e+00
   5.3724000e+00   5.1226000e+00   5.1951000e+00   5.3408000e+00   5.9360000e+00   6.0100000e+00
   6.0843000e+00   5.6682000e+00   5.6317000e+00   5.7026000e+00   4.8667000e+00   5.6599000e+00
   6.4292000e+00   6.0389000e+00   5.9993000e+00   6.0509000e+00   4.5612000e+00   5.0453000e+00
   6.0661000e+00   5.7222000e+00   5.8516000e+00   5.9793000e+00   4.1563000e+00   4.5078000e+00
   5.8739000e+00   5.7440000e+00   5.7647000e+00   5.8717000e+00   3.7644000e+00   3.7358000e+00
   5.9472000e+00   6.0955000e+00   5.8287000e+00   5.8832000e+00   4.1375000e+00   3.5781000e+00
   6.3825000e+00   6.5668000e+00   6.0991000e+00   6.0928000e+00   4.2082000e+00   3.5124000e+00
   6.5348000e+00   6.6527000e+00   6.3867000e+00   6.4304000e+00   4.7898000e+00   3.1376000e+00
   5.7741000e+00   6.1227000e+00   5.9961000e+00   6.0816000e+00   5.8304000e+00   3.4339000e+00
   5.5010000e+00   6.0263000e+00   5.8912000e+00   6.0745000e+00   6.4419000e+00   4.5165000e+00
   5.9690000e+00   6.3914000e+00   6.2765000e+00   6.4469000e+00   5.8837000e+00   5.2272000e+00
   6.4392000e+00   6.6802000e+00   6.6091000e+00   6.7288000e+00   5.5402000e+00   5.6776000e+00
   6.5292000e+00   6.7192000e+00   6.6857000e+00   6.7956000e+00   5.3830000e+00   5.4040000e+00
   6.7816000e+00   6.9510000e+00   6.9340000e+00   7.0320000e+00   5.0945000e+00   4.8986000e+00
   6.5265000e+00   6.7857000e+00   6.7810000e+00   6.9562000e+00   4.8288000e+00   4.4385000e+00
   6.3066000e+00   6.4933000e+00   6.4869000e+00   6.6489000e+00   4.7417000e+00   4.1735000e+00
   6.3810000e+00   6.4728000e+00   6.3551000e+00   6.3885000e+00   4.6287000e+00   3.8965000e+00
   6.5063000e+00   6.6971000e+00   6.5031000e+00   6.5169000e+00   4.7278000e+00   3.8886000e+00
   6.3410000e+00   6.5395000e+00   6.3563000e+00   6.3826000e+00   4.6790000e+00   3.9889000e+00
   6.4247000e+00   6.5120000e+00   6.3501000e+00   6.3529000e+00   4.6056000e+00   4.0460000e+00
   6.5867000e+00   6.5943000e+00   6.4667000e+00   6.4369000e+00   4.4267000e+00   3.9547000e+00
   6.6623000e+00   6.6275000e+00   6.5114000e+00   6.4557000e+00   4.3376000e+00   3.8697000e+00
   6.7268000e+00   6.7100000e+00   6.5668000e+00   6.4982000e+00   4.2194000e+00   3.7749000e+00
   6.6826000e+00   6.7285000e+00   6.5821000e+00   6.5520000e+00   4.1432000e+00   3.7474000e+00
   6.4686000e+00   6.4517000e+00   6.3784000e+00   6.3468000e+00   4.1706000e+00   3.8342000e+00
   6.1972000e+00   6.1268000e+00   6.1150000e+00   6.0985000e+00   4.2512000e+00   3.9023000e+00
   6.0118000e+00   5.8813000e+00   5.8441000e+00   5.8128000e+00   4.3309000e+00   3.9898000e+00
   5.9306000e+00   5.7554000e+00   5.6204000e+00   5.4769000e+00   4.4394000e+00   4.0792000e+00
   5.9750000e+00   5.8118000e+00   5.5843000e+00   5.3136000e+00   4.4824000e+00   4.1523000e+00
   6.0130000e+00   5.8660000e+00   5.6258000e+00   5.3327000e+00   4.5281000e+00   4.1755000e+00
   5.9765000e+00   5.8265000e+00   5.6392000e+00   5.4301000e+00   4.5468000e+00   4.2757000e+00
   5.9228000e+00   5.7727000e+00   5.5378000e+00   5.3186000e+00   4.5272000e+00   4.3229000e+00
   5.8692000e+00   5.6865000e+00   5.4440000e+00   5.1450000e+00   4.5631000e+00   4.3610000e+00
   5.6688000e+00   5.3619000e+00   5.3162000e+00   5.0395000e+00   4.5480000e+00   4.3667000e+00
   5.3822000e+00   5.0226000e+00   5.0666000e+00   4.8948000e+00   4.5480000e+00   4.3844000e+00
   5.1890000e+00   5.0365000e+00   4.7420000e+00   4.5505000e+00   4.5392000e+00   4.3331000e+00
   5.1677000e+00   5.3101000e+00   4.5655000e+00   4.1678000e+00   4.4339000e+00   4.2650000e+00
   5.2417000e+00   5.1998000e+00   4.5837000e+00   4.1040000e+00   4.2912000e+00   4.1558000e+00
   5.2706000e+00   4.6312000e+00   4.6994000e+00   4.3276000e+00   4.2290000e+00   4.0518000e+00
   4.9723000e+00   4.0064000e+00   4.6200000e+00   4.5254000e+00   4.2005000e+00   3.9489000e+00
   4.5817000e+00   3.2874000e+00   4.1443000e+00   4.0321000e+00   4.1264000e+00   3.8862000e+00
   4.2438000e+00   2.3791000e+00   3.3698000e+00   2.7441000e+00   3.9471000e+00   3.8637000e+00
   3.9060000e+00   1.7809000e+00   2.1539000e+00   9.2370000e-01   3.7417000e+00   3.8434000e+00
   3.3245000e+00   1.1976000e+00   1.2154000e+00   1.0362000e+00   3.8508000e+00   3.8042000e+00
   2.7398000e+00   7.9900000e-01   8.7780000e-01   6.8610000e-01   3.7910000e+00   3.7038000e+00
   2.3665000e+00   1.4160000e+00   4.9710000e-01   3.2930000e-01   3.4166000e+00   3.4452000e+00
   1.7741000e+00   1.1576000e+00   4.2230000e-01   8.2400000e-01   3.3966000e+00   3.2911000e+00
   9.6760000e-01   7.8150000e-01   7.5500000e-01   9.4090000e-01   3.4013000e+00   3.4689000e+00
   5.8530000e-01   4.2280000e-01   5.7140000e-01   7.5250000e-01   3.2300000e+00   3.8281000e+00
   6.0630000e-01   2.3350000e-01   1.3630000e-01   4.9800000e-01   3.1463000e+00   3.6062000e+00
   6.5590000e-01   3.3210000e-01   2.2230000e-01   6.9010000e-01   3.1530000e+00   3.0216000e+00
   4.5320000e-01   5.4350000e-01   6.1430000e-01   1.0359000e+00   3.0977000e+00   3.0315000e+00
   5.0610000e-01   8.6520000e-01   8.5520000e-01   1.2166000e+00   3.0141000e+00   3.3457000e+00
   6.8280000e-01   1.0332000e+00   1.0231000e+00   1.3206000e+00   2.7741000e+00   3.3412000e+00
   1.0599000e+00   1.4347000e+00   1.4109000e+00   1.6531000e+00   2.4176000e+00   3.0103000e+00
   1.6519000e+00   1.7977000e+00   1.8064000e+00   2.0528000e+00   2.0653000e+00   2.8785000e+00
   2.6447000e+00   2.2012000e+00   2.3859000e+00   2.3884000e+00   1.7919000e+00   2.9308000e+00
   3.7059000e+00   2.8078000e+00   3.2494000e+00   3.0234000e+00   1.8622000e+00   3.0833000e+00
   4.5222000e+00   3.6231000e+00   4.0693000e+00   3.7492000e+00   2.3835000e+00   3.2868000e+00
   5.1962000e+00   4.3713000e+00   4.7831000e+00   4.4262000e+00   3.0191000e+00   3.4569000e+00
   5.9742000e+00   5.0477000e+00   5.5886000e+00   5.3135000e+00   3.5859000e+00   3.5765000e+00
   6.4522000e+00   5.7529000e+00   6.3044000e+00   6.2496000e+00   4.0034000e+00   3.6762000e+00
   6.5719000e+00   6.3023000e+00   6.6601000e+00   6.8230000e+00   4.2526000e+00   3.8087000e+00
   6.6407000e+00   6.6065000e+00   6.7547000e+00   6.9423000e+00   4.3934000e+00   3.8949000e+00
   6.6545000e+00   6.6836000e+00   6.7654000e+00   6.9422000e+00   4.4900000e+00   3.9718000e+00
   6.6039000e+00   6.7070000e+00   6.7065000e+00   6.8800000e+00   4.5470000e+00   4.0767000e+00
   6.5326000e+00   6.8055000e+00   6.6641000e+00   6.8036000e+00   4.6125000e+00   4.2639000e+00
   6.5393000e+00   6.8154000e+00   6.6275000e+00   6.7188000e+00   4.6266000e+00   4.5158000e+00
   6.5448000e+00   6.8520000e+00   6.6008000e+00   6.6371000e+00   4.6878000e+00   4.6886000e+00
   6.6363000e+00   6.8664000e+00   6.7013000e+00   6.7156000e+00   5.0658000e+00   4.8389000e+00
   6.8708000e+00   7.0016000e+00   7.0278000e+00   7.1186000e+00   5.2638000e+00   4.9369000e+00
   7.1937000e+00   7.2763000e+00   7.4537000e+00   7.6298000e+00   5.3562000e+00   5.3233000e+00
   7.9001000e+00   7.7189000e+00   8.0872000e+00   8.2638000e+00   5.6185000e+00   5.6169000e+00
   8.7683000e+00   8.4834000e+00   8.6931000e+00   8.7550000e+00   5.8356000e+00   5.6551000e+00
   8.7652000e+00   8.9360000e+00   8.7893000e+00   8.8586000e+00   5.9241000e+00   5.6562000e+00
   8.5826000e+00   8.7674000e+00   8.6642000e+00   8.7685000e+00   5.9523000e+00   5.6534000e+00
   8.4954000e+00   8.6607000e+00   8.5733000e+00   8.6849000e+00   5.8803000e+00   5.6574000e+00
   8.4228000e+00   8.5682000e+00   8.4746000e+00   8.5507000e+00   5.7315000e+00   5.6274000e+00
   8.3651000e+00   8.4890000e+00   8.4039000e+00   8.4468000e+00   5.5796000e+00   5.6472000e+00
   8.2867000e+00   8.3875000e+00   8.3269000e+00   8.3586000e+00   5.4654000e+00   5.6947000e+00
   8.2321000e+00   8.2728000e+00   8.2473000e+00   8.2679000e+00   5.4326000e+00   5.7065000e+00
   8.1787000e+00   8.1683000e+00   8.1820000e+00   8.2047000e+00   5.4227000e+00   5.6578000e+00
   8.1385000e+00   8.1080000e+00   8.1538000e+00   8.1798000e+00   5.4098000e+00   5.6251000e+00
   8.1081000e+00   8.1141000e+00   8.1534000e+00   8.1975000e+00   5.3713000e+00   5.5796000e+00
   8.1245000e+00   8.1276000e+00   8.1840000e+00   8.2381000e+00   5.3385000e+00   5.5192000e+00
   8.2721000e+00   8.2273000e+00   8.3092000e+00   8.3367000e+00   5.2935000e+00   5.4517000e+00
   8.5263000e+00   8.4590000e+00   8.5240000e+00   8.5119000e+00   5.2146000e+00   5.3570000e+00
   8.7149000e+00   8.6364000e+00   8.7195000e+00   8.6959000e+00   5.1085000e+00   5.1896000e+00
   8.7570000e+00   8.7340000e+00   8.8262000e+00   8.8521000e+00   5.0276000e+00   4.9492000e+00
   8.8628000e+00   8.8252000e+00   8.8966000e+00   8.9375000e+00   5.0224000e+00   4.7141000e+00
   9.0569000e+00   8.9857000e+00   9.0108000e+00   9.0323000e+00   5.0601000e+00   4.5348000e+00
   9.0802000e+00   9.1190000e+00   9.0669000e+00   9.0986000e+00   5.1501000e+00   4.4950000e+00
   8.9650000e+00   9.0709000e+00   9.0112000e+00   9.0740000e+00   5.2713000e+00   4.5645000e+00
   8.8623000e+00   8.9605000e+00   8.9122000e+00   8.9820000e+00   5.4560000e+00   4.6723000e+00
   8.7248000e+00   8.8096000e+00   8.7434000e+00   8.7967000e+00   5.6448000e+00   4.7393000e+00
   8.5356000e+00   8.6339000e+00   8.5364000e+00   8.5689000e+00   5.7301000e+00   4.8085000e+00
   8.2945000e+00   8.4249000e+00   8.3103000e+00   8.3391000e+00   5.6736000e+00   4.8370000e+00
   8.0559000e+00   8.1726000e+00   8.0698000e+00   8.0897000e+00   5.6068000e+00   4.8290000e+00
   7.8340000e+00   7.9090000e+00   7.8228000e+00   7.8166000e+00   5.4714000e+00   4.7409000e+00
   7.6758000e+00   7.6948000e+00   7.6294000e+00   7.5941000e+00   5.3265000e+00   4.5540000e+00
   7.5927000e+00   7.5693000e+00   7.5068000e+00   7.4508000e+00   5.1613000e+00   4.3533000e+00
   7.5637000e+00   7.5219000e+00   7.4522000e+00   7.3894000e+00   4.9837000e+00   4.1513000e+00
   7.5385000e+00   7.5458000e+00   7.4497000e+00   7.4008000e+00   4.7422000e+00   3.9455000e+00
   7.3162000e+00   7.5097000e+00   7.4085000e+00   7.4306000e+00   4.4927000e+00   3.7422000e+00
   6.9242000e+00   7.2184000e+00   7.1413000e+00   7.3082000e+00   4.2670000e+00   3.5472000e+00
   6.7321000e+00   6.8950000e+00   6.8314000e+00   6.8993000e+00   4.0296000e+00   3.3421000e+00
   6.0600000e+00   6.5541000e+00   6.5244000e+00   6.7099000e+00   3.6068000e+00   2.9445000e+00
   5.3472000e+00   5.9156000e+00   5.9527000e+00   6.2815000e+00   3.0845000e+00   2.4887000e+00
   4.9138000e+00   5.4160000e+00   5.4506000e+00   5.7428000e+00   2.6106000e+00   2.1572000e+00
   4.7527000e+00   5.1421000e+00   5.1854000e+00   5.4191000e+00   2.2946000e+00   1.9728000e+00
   4.6860000e+00   4.9589000e+00   4.9846000e+00   5.1707000e+00   2.1432000e+00   2.1445000e+00
   4.5142000e+00   4.7482000e+00   4.8012000e+00   5.0199000e+00   2.4316000e+00   2.3429000e+00
   4.2254000e+00   4.4330000e+00   4.5065000e+00   4.7363000e+00   2.5264000e+00   2.4418000e+00
   3.9229000e+00   4.0937000e+00   4.1942000e+00   4.4416000e+00   2.5906000e+00   2.5254000e+00
   3.6155000e+00   3.7419000e+00   3.8835000e+00   4.1515000e+00   2.5014000e+00   2.4578000e+00
   3.2361000e+00   3.3559000e+00   3.5416000e+00   3.8377000e+00   2.3871000e+00   2.3831000e+00
   2.8785000e+00   2.9863000e+00   3.2080000e+00   3.5390000e+00   2.2840000e+00   2.3178000e+00
   2.5863000e+00   2.7186000e+00   2.9422000e+00   3.2942000e+00   2.2441000e+00   2.3320000e+00
   2.3673000e+00   2.6245000e+00   2.7774000e+00   3.1536000e+00   2.3194000e+00   2.4815000e+00
   2.2450000e+00   2.6695000e+00   2.6750000e+00   3.0442000e+00   2.4379000e+00   2.6850000e+00
   2.2312000e+00   2.7460000e+00   2.5721000e+00   2.8686000e+00   2.4937000e+00   2.8389000e+00
   2.4093000e+00   2.8281000e+00   2.5068000e+00   2.6754000e+00   2.5289000e+00   2.9404000e+00
   2.6728000e+00   2.9417000e+00   2.4441000e+00   2.4691000e+00   2.7349000e+00   3.0365000e+00
   2.8248000e+00   3.0124000e+00   2.2428000e+00   2.1357000e+00   2.8402000e+00   3.0390000e+00
   2.8750000e+00   3.0358000e+00   1.9971000e+00   1.7923000e+00   2.8589000e+00   3.1303000e+00
   2.7969000e+00   2.8532000e+00   1.7538000e+00   1.5278000e+00   2.9544000e+00   3.4460000e+00
   2.7006000e+00   2.5617000e+00   1.7479000e+00   1.5764000e+00   3.2043000e+00   3.9327000e+00
   2.6918000e+00   2.4341000e+00   2.0528000e+00   1.8798000e+00   3.4428000e+00   4.2975000e+00
   2.7792000e+00   2.6193000e+00   2.3539000e+00   2.0633000e+00   3.4294000e+00   4.3456000e+00
   2.8640000e+00   2.8795000e+00   2.5529000e+00   2.1823000e+00   3.4338000e+00   4.3168000e+00
   2.9904000e+00   3.0846000e+00   2.7555000e+00   2.3362000e+00   3.8966000e+00   4.4229000e+00
   3.1585000e+00   3.2777000e+00   2.9252000e+00   2.5010000e+00   4.5238000e+00   4.5904000e+00
   3.3287000e+00   3.5184000e+00   3.4771000e+00   3.5340000e+00   4.9117000e+00   4.7788000e+00
   4.5207000e+00   4.6107000e+00   4.6265000e+00   4.5897000e+00   4.8109000e+00   4.9149000e+00
   5.3033000e+00   5.2930000e+00   5.2409000e+00   5.2681000e+00   4.8224000e+00   4.9873000e+00
   5.9187000e+00   5.9161000e+00   5.6706000e+00   5.6875000e+00   5.0896000e+00   5.1415000e+00
   6.1532000e+00   6.1643000e+00   5.9227000e+00   5.9776000e+00   5.3141000e+00   5.2498000e+00
   6.3295000e+00   6.4190000e+00   6.2544000e+00   6.3550000e+00   5.8610000e+00   5.5611000e+00
   6.6429000e+00   6.7753000e+00   6.7017000e+00   6.8813000e+00   5.8973000e+00   5.6634000e+00
   7.1177000e+00   7.3602000e+00   7.2572000e+00   7.4549000e+00   5.8439000e+00   5.4060000e+00
   7.6515000e+00   7.9226000e+00   7.7258000e+00   7.8956000e+00   6.1452000e+00   5.6471000e+00
   8.1012000e+00   8.3117000e+00   8.1549000e+00   8.3457000e+00   5.9928000e+00   5.3750000e+00
   8.6279000e+00   8.8611000e+00   8.7499000e+00   9.0025000e+00   6.0492000e+00   5.4135000e+00
   9.2028000e+00   9.6094000e+00   9.3683000e+00   9.6473000e+00   5.8340000e+00   5.5668000e+00
   9.5134000e+00   1.0085400e+01   9.5643000e+00   9.8390000e+00   5.2967000e+00   5.5308000e+00
   9.4141000e+00   1.0451500e+01   9.6034000e+00   9.9942000e+00   4.7837000e+00   5.4665000e+00
   8.6201000e+00   1.0427700e+01   9.2139000e+00   9.7612000e+00   4.8669000e+00   4.7735000e+00
   8.0940000e+00   1.0216400e+01   8.9528000e+00   9.4527000e+00   4.8714000e+00   4.6113000e+00
   7.7811000e+00   9.6219000e+00   8.7294000e+00   9.2677000e+00   5.2589000e+00   4.7357000e+00
   8.0923000e+00   9.3141000e+00   8.7304000e+00   9.0243000e+00   5.9054000e+00   5.2633000e+00
   8.5752000e+00   9.0260000e+00   8.7069000e+00   8.8123000e+00   6.2338000e+00   5.8842000e+00
   8.7267000e+00   8.8110000e+00   8.6286000e+00   8.8241000e+00   5.6812000e+00   6.0702000e+00
   8.4930000e+00   8.9338000e+00   8.7589000e+00   8.8783000e+00   5.7041000e+00   6.1041000e+00
   8.8762000e+00   9.1253000e+00   8.9583000e+00   8.9820000e+00   6.3933000e+00   6.4842000e+00
   9.1711000e+00   9.3061000e+00   9.1377000e+00   9.2081000e+00   6.8725000e+00   7.0668000e+00
   9.1268000e+00   9.2968000e+00   9.1892000e+00   9.3618000e+00   7.1693000e+00   7.5487000e+00
   9.0975000e+00   9.3428000e+00   9.4684000e+00   9.7079000e+00   7.4333000e+00   7.9892000e+00
   9.4109000e+00   9.6927000e+00   9.7536000e+00   9.7524000e+00   7.8651000e+00   8.1899000e+00
   9.6712000e+00   9.9458000e+00   9.6856000e+00   9.6503000e+00   8.6266000e+00   8.2804000e+00
   9.9517000e+00   1.0033900e+01   9.9203000e+00   9.9225000e+00   9.4802000e+00   9.0327000e+00
   9.5283000e+00   9.4714000e+00   9.4923000e+00   9.4735000e+00   1.0072800e+01   1.0047000e+01
   9.5611000e+00   9.5140000e+00   9.5271000e+00   9.4830000e+00   1.0610800e+01   1.0589600e+01
   9.7907000e+00   9.9205000e+00   9.7084000e+00   9.4755000e+00   1.0537900e+01   1.0630800e+01
   1.0045100e+01   1.0234400e+01   9.9743000e+00   9.7897000e+00   1.0456100e+01   1.0235000e+01
   1.0040500e+01   1.0229500e+01   1.0020000e+01   9.8770000e+00   1.0250900e+01   9.9436000e+00
   9.6179000e+00   9.7663000e+00   9.8396000e+00   9.8541000e+00   9.9140000e+00   9.5451000e+00
   9.7104000e+00   9.7559000e+00   9.7685000e+00   9.6725000e+00   9.7637000e+00   9.6783000e+00
   9.8118000e+00   9.6604000e+00   9.6993000e+00   9.4948000e+00   9.9646000e+00   9.5609000e+00
   1.0128600e+01   9.9081000e+00   9.9984000e+00   9.7496000e+00   9.5026000e+00   1.0072400e+01
   9.7932000e+00   9.6817000e+00   9.7437000e+00   9.5207000e+00   9.5946000e+00   1.0809800e+01
   9.7298000e+00   9.5386000e+00   9.5753000e+00   9.3023000e+00   1.0156000e+01   1.1048100e+01
   9.6921000e+00   9.4291000e+00   9.4923000e+00   9.2119000e+00   1.0798200e+01   1.1265200e+01
   9.8037000e+00   9.6167000e+00   9.6485000e+00   9.3872000e+00   1.1081700e+01   1.1630700e+01
   9.5188000e+00   9.5142000e+00   9.4610000e+00   9.2412000e+00   1.1455500e+01   1.1459900e+01
   9.3849000e+00   9.1722000e+00   9.2476000e+00   8.9306000e+00   1.1267800e+01   1.0629300e+01
   9.2295000e+00   9.0406000e+00   9.1217000e+00   8.7887000e+00   1.0688100e+01   9.9181000e+00
   9.0743000e+00   8.7688000e+00   9.0157000e+00   8.7648000e+00   1.0267900e+01   9.4141000e+00
   8.8145000e+00   8.6598000e+00   8.8295000e+00   8.6603000e+00   1.0009400e+01   8.9631000e+00
   8.5722000e+00   8.5507000e+00   8.6946000e+00   8.5598000e+00   9.6376000e+00   8.8187000e+00
   8.4710000e+00   8.5379000e+00   8.5828000e+00   8.4055000e+00   9.3475000e+00   8.8843000e+00
   8.2584000e+00   8.2112000e+00   8.3549000e+00   8.1333000e+00   9.0856000e+00   8.9180000e+00
   8.0554000e+00   7.9006000e+00   8.1372000e+00   7.9226000e+00   8.8368000e+00   9.0552000e+00
   7.3861000e+00   7.7521000e+00   7.7671000e+00   7.9094000e+00   9.0213000e+00   9.4389000e+00
   6.6568000e+00   7.2447000e+00   7.1928000e+00   7.5027000e+00   9.1999000e+00   9.5789000e+00
   6.2868000e+00   7.0053000e+00   6.6580000e+00   6.9760000e+00   9.2629000e+00   9.6581000e+00
   6.0774000e+00   6.4335000e+00   6.0108000e+00   6.2447000e+00   9.2893000e+00   9.5537000e+00
   6.6591000e+00   5.8536000e+00   5.7434000e+00   5.6444000e+00   9.2144000e+00   9.3436000e+00
   7.6341000e+00   7.0927000e+00   6.9525000e+00   6.6346000e+00   9.7716000e+00   9.2934000e+00
   7.7477000e+00   8.1258000e+00   7.6659000e+00   7.7724000e+00   9.9782000e+00   9.3814000e+00
   7.5770000e+00   7.9724000e+00   7.6229000e+00   7.6446000e+00   9.8897000e+00   9.5977000e+00
   7.7390000e+00   8.1524000e+00   7.9004000e+00   7.8265000e+00   9.3991000e+00   1.0314500e+01
   8.2366000e+00   8.3232000e+00   8.3114000e+00   8.1092000e+00   9.3789000e+00   1.0058600e+01
   9.9715000e+00   9.9823000e+00   9.9022000e+00   9.9079000e+00   1.0106500e+01   1.0289300e+01
   9.3260000e+00   9.6682000e+00   9.4110000e+00   9.6411000e+00   1.1044200e+01   1.0941700e+01
   8.4201000e+00   8.8650000e+00   8.6654000e+00   8.8711000e+00   1.1027200e+01   1.1395300e+01
   8.1414000e+00   7.8486000e+00   8.2665000e+00   8.4551000e+00   1.0626700e+01   1.0561000e+01
   9.8960000e+00   9.3087000e+00   9.6881000e+00   9.6619000e+00   1.0826800e+01   1.0426100e+01
   1.1066300e+01   1.0653800e+01   1.1146900e+01   1.1290500e+01   1.0754100e+01   1.0726300e+01
   1.1144400e+01   1.1138000e+01   1.1407700e+01   1.1580400e+01   1.0480800e+01   1.1556700e+01
   1.0983100e+01   1.1004400e+01   1.1459900e+01   1.1778200e+01   9.7194000e+00   1.0726900e+01
   1.2234300e+01   1.2254300e+01   1.2292300e+01   1.2497900e+01   9.6056000e+00   1.0428300e+01
   1.2539000e+01   1.2665900e+01   1.2616200e+01   1.2847300e+01   1.0124500e+01   1.0158600e+01
   1.2790600e+01   1.3020400e+01   1.2746300e+01   1.2871100e+01   1.0649500e+01   1.0090100e+01
   1.2788800e+01   1.3259500e+01   1.3149800e+01   1.3455200e+01   1.0528200e+01   9.6886000e+00
   1.3046500e+01   1.3490100e+01   1.3145200e+01   1.3307800e+01   1.1128300e+01   1.0878900e+01
   1.3033500e+01   1.3586400e+01   1.3378100e+01   1.3585500e+01   8.1451000e+00   1.1166600e+01
   1.2839800e+01   1.3060800e+01   1.3121400e+01   1.3385000e+01   8.1631000e+00   1.0229500e+01
   1.2853700e+01   1.2826500e+01   1.3032000e+01   1.3184700e+01   1.0055700e+01   8.7955000e+00
   1.3130600e+01   1.3106800e+01   1.3202200e+01   1.3262500e+01   1.0328500e+01   7.7806000e+00
   1.3294500e+01   1.3373900e+01   1.3206500e+01   1.3172800e+01   1.0773000e+01   7.4261000e+00
   1.3714200e+01   1.3801200e+01   1.3596800e+01   1.3537800e+01   8.1055000e+00   7.4427000e+00
   1.4739600e+01   1.4772100e+01   1.4511700e+01   1.4412200e+01   4.2501000e+00   7.0736000e+00
   1.5465500e+01   1.5619800e+01   1.5433100e+01   1.5555000e+01   6.7626000e+00   6.5458000e+00
   1.6081100e+01   1.6316600e+01   1.5989100e+01   1.6068600e+01   7.8807000e+00   5.8202000e+00
   1.6331400e+01   1.6558000e+01   1.6318600e+01   1.6382000e+01   8.8053000e+00   6.7706000e+00
   1.6607800e+01   1.6809100e+01   1.6501500e+01   1.6515000e+01   7.7449000e+00   8.9602000e+00
   1.6121300e+01   1.6305600e+01   1.6247400e+01   1.6431700e+01   5.0583000e+00   9.4194000e+00
   1.6704300e+01   1.6924800e+01   1.6833000e+01   1.6989900e+01   5.9943000e+00   1.1183400e+01
   1.7129900e+01   1.7409600e+01   1.7301800e+01   1.7458100e+01   6.4737000e+00   9.6765000e+00
   1.7160500e+01   1.7492300e+01   1.7408900e+01   1.7665200e+01   6.0799000e+00   7.2948000e+00
   1.7841800e+01   1.8129200e+01   1.8158200e+01   1.8422800e+01   4.6379000e+00   5.9620000e+00
   1.8480500e+01   1.8820600e+01   1.8632700e+01   1.8745800e+01   3.1325000e+00   5.8887000e+00
   1.8325500e+01   1.8402300e+01   1.8306700e+01   1.8457400e+01   2.3328000e+00   5.9178000e+00
   1.8406700e+01   1.8641800e+01   1.8381700e+01   1.8541100e+01   2.2616000e+00   6.0238000e+00
   1.8039100e+01   1.8540700e+01   1.8200500e+01   1.8401000e+01   2.3269000e+00   6.0557000e+00
   1.7628500e+01   1.8396000e+01   1.7596600e+01   1.7706000e+01   2.2017000e+00   6.0265000e+00
   1.6126200e+01   1.7121500e+01   1.7137100e+01   1.7738400e+01   2.1343000e+00   6.1670000e+00
   1.6299000e+01   1.7328000e+01   1.7845200e+01   1.8464400e+01   1.6491000e+00   6.1364000e+00
   1.7527200e+01   1.8563000e+01   1.8016400e+01   1.8457100e+01   2.2387000e+00   6.0373000e+00
   1.6118800e+01   1.7604400e+01   1.6550400e+01   1.6781700e+01   1.6682000e+00   5.8164000e+00
   1.6875400e+01   1.7773400e+01   1.6646700e+01   1.6383800e+01   2.7730000e+00   5.6508000e+00
   1.9198500e+01   1.9534300e+01   1.9009600e+01   1.9024200e+01   4.6870000e+00   5.4319000e+00
   1.7858000e+01   1.8410500e+01   1.7943200e+01   1.8429700e+01   4.3740000e+00   5.4171000e+00
   1.8013500e+01   1.8448900e+01   1.7438100e+01   1.7090800e+01   4.5570000e+00   5.5736000e+00
   1.7247400e+01   1.7851100e+01   1.7575500e+01   1.7511000e+01   4.4605000e+00   5.1342000e+00
   1.5063800e+01   1.6375000e+01   1.6007600e+01   1.6359900e+01   4.4907000e+00   5.4057000e+00
   1.5381900e+01   1.5822300e+01   1.6454100e+01   1.6912600e+01   4.6885000e+00   4.9645000e+00
   1.6012100e+01   1.6670400e+01   1.5876600e+01   1.6009000e+01   4.9223000e+00   5.1877000e+00
   1.6073200e+01   1.6693200e+01   1.7187000e+01   1.8023100e+01   4.8457000e+00   5.1000000e+00
   1.6467900e+01   1.7820800e+01   1.6892400e+01   1.7250200e+01   5.0927000e+00   4.6998000e+00
   1.6957200e+01   1.8079700e+01   1.8167500e+01   1.9069900e+01   5.2609000e+00   4.2709000e+00
   1.5667100e+01   1.6959700e+01   1.5752900e+01   1.6056000e+01   5.0524000e+00   3.9944000e+00
   1.3833900e+01   1.4756200e+01   1.4005900e+01   1.4392500e+01   4.4930000e+00   4.6343000e+00
   1.3062600e+01   1.4426400e+01   1.3533800e+01   1.4069700e+01   4.7098000e+00   4.7565000e+00
   1.2083100e+01   1.3737300e+01   1.2810100e+01   1.3299000e+01   5.6502000e+00   4.0947000e+00
   1.2157500e+01   1.3251100e+01   1.2248700e+01   1.2632000e+01   5.6003000e+00   3.8396000e+00
   1.1410400e+01   1.2681800e+01   1.1333200e+01   1.1677500e+01   5.5461000e+00   4.0625000e+00
   9.4761000e+00   1.0670300e+01   9.5413000e+00   9.8485000e+00   5.8532000e+00   4.5694000e+00
   8.3234000e+00   9.3273000e+00   8.5254000e+00   9.0485000e+00   6.2904000e+00   5.3824000e+00
   7.0017000e+00   8.4364000e+00   7.3876000e+00   7.8816000e+00   6.2078000e+00   5.9825000e+00
   6.5442000e+00   6.8961000e+00   6.5707000e+00   6.7296000e+00   5.6236000e+00   5.7463000e+00
   6.6159000e+00   6.7685000e+00   6.6725000e+00   6.7132000e+00   5.5418000e+00   6.0561000e+00
   6.5769000e+00   7.0080000e+00   6.8720000e+00   7.0202000e+00   5.8501000e+00   6.5575000e+00
   6.6332000e+00   7.2694000e+00   7.4968000e+00   7.9385000e+00   5.9222000e+00   6.4797000e+00
   6.9490000e+00   6.9296000e+00   7.3380000e+00   7.8943000e+00   5.4407000e+00   5.9900000e+00
   7.3147000e+00   7.5255000e+00   7.4139000e+00   7.6167000e+00   5.2328000e+00   5.5796000e+00
   7.1382000e+00   7.6361000e+00   7.4179000e+00   7.6471000e+00   5.2893000e+00   5.1135000e+00
   7.0479000e+00   7.5325000e+00   7.3472000e+00   7.6320000e+00   5.2381000e+00   5.2154000e+00
   7.4032000e+00   7.9236000e+00   7.6807000e+00   7.9615000e+00   5.3327000e+00   5.4138000e+00
   7.7251000e+00   8.1939000e+00   7.8342000e+00   7.9886000e+00   5.3558000e+00   5.3690000e+00
   7.9258000e+00   8.4123000e+00   8.0353000e+00   8.1462000e+00   5.4254000e+00   5.2022000e+00
   7.9287000e+00   8.2943000e+00   7.9763000e+00   8.0531000e+00   5.1863000e+00   4.9751000e+00
   7.8949000e+00   8.2263000e+00   7.8745000e+00   7.8565000e+00   5.0278000e+00   5.0481000e+00
   7.9039000e+00   8.2177000e+00   7.6731000e+00   7.4693000e+00   5.0047000e+00   4.9424000e+00
   7.4639000e+00   7.6409000e+00   6.9484000e+00   6.6156000e+00   5.0246000e+00   4.8342000e+00
   6.9185000e+00   7.0310000e+00   6.4123000e+00   6.2474000e+00   5.0305000e+00   4.5861000e+00
   6.4541000e+00   6.6056000e+00   6.1695000e+00   6.2008000e+00   5.0507000e+00   4.3439000e+00
   6.2066000e+00   6.3296000e+00   6.1974000e+00   6.3268000e+00   5.0599000e+00   3.8642000e+00
   6.2869000e+00   6.4543000e+00   6.6577000e+00   6.8892000e+00   4.9487000e+00   3.4588000e+00
   6.5842000e+00   6.7382000e+00   7.1012000e+00   7.4751000e+00   4.6078000e+00   3.3165000e+00
   7.0037000e+00   7.2086000e+00   7.4274000e+00   7.7068000e+00   3.8624000e+00   3.4548000e+00
