  -3.1154000e+00  -3.3245000e+00  -3.3133000e+00  -3.4472000e+00  -1.6470000e-01   2.5640000e-01
  -3.0441000e+00  -3.2302000e+00  -3.2299000e+00  -3.3607000e+00  -2.5210000e-01   2.1060000e-01
  -2.8946000e+00  -3.0420000e+00  -3.0262000e+00  -3.1383000e+00  -3.3940000e-01   1.2350000e-01
  -2.9053000e+00  -2.9696000e+00  -2.9467000e+00  -2.9991000e+00  -2.3000000e-01   7.7400000e-02
  -2.9387000e+00  -2.9955000e+00  -2.9362000e+00  -2.9132000e+00  -1.4520000e-01  -1.2230000e-01
  -3.0977000e+00  -3.1821000e+00  -3.1276000e+00  -3.0748000e+00  -2.9300000e-01  -4.3890000e-01
  -3.1908000e+00  -3.2285000e+00  -3.2386000e+00  -3.2128000e+00  -3.8240000e-01  -5.2890000e-01
  -3.2933000e+00  -3.2811000e+00  -3.3188000e+00  -3.3425000e+00  -4.0590000e-01  -4.8980000e-01
  -3.4284000e+00  -3.4438000e+00  -3.4470000e+00  -3.4869000e+00  -3.9490000e-01  -3.4840000e-01
  -3.3081000e+00  -3.3516000e+00  -3.3214000e+00  -3.3364000e+00  -5.3070000e-01  -4.0370000e-01
  -3.1113000e+00  -3.2028000e+00  -3.1137000e+00  -3.1162000e+00  -4.6830000e-01  -3.9830000e-01
  -2.7938000e+00  -2.9040000e+00  -2.7985000e+00  -2.7870000e+00  -3.8240000e-01  -3.7180000e-01
  -2.7406000e+00  -2.8285000e+00  -2.7351000e+00  -2.7207000e+00  -3.2560000e-01  -3.9450000e-01
  -2.5405000e+00  -2.6752000e+00  -2.5535000e+00  -2.5616000e+00  -3.3540000e-01  -4.9570000e-01
  -2.2204000e+00  -2.3550000e+00  -2.2350000e+00  -2.2399000e+00  -1.2520000e-01  -2.1430000e-01
  -2.1603000e+00  -2.2552000e+00  -2.1497000e+00  -2.1323000e+00   3.2000000e-02   1.1530000e-01
  -1.9979000e+00  -2.0971000e+00  -1.9886000e+00  -1.9647000e+00   1.4320000e-01   4.5830000e-01
  -1.9424000e+00  -2.0629000e+00  -1.9805000e+00  -1.9699000e+00   1.1190000e-01   6.5150000e-01
  -1.9658000e+00  -2.0543000e+00  -2.0559000e+00  -2.0704000e+00   1.0770000e-01   6.7230000e-01
  -2.0086000e+00  -2.2021000e+00  -2.2076000e+00  -2.2726000e+00   3.0010000e-01   7.3160000e-01
  -1.7090000e+00  -2.0976000e+00  -2.1342000e+00  -2.3269000e+00   4.5880000e-01   7.7560000e-01
  -1.3569000e+00  -1.6963000e+00  -1.7867000e+00  -2.0612000e+00   2.5830000e-01   5.8550000e-01
  -1.3159000e+00  -1.3212000e+00  -1.4892000e+00  -1.7020000e+00   1.1430000e-01   3.2550000e-01
  -1.4659000e+00  -1.3182000e+00  -1.4731000e+00  -1.5542000e+00  -9.3600000e-02  -2.1600000e-02
  -1.4577000e+00  -1.2890000e+00  -1.3786000e+00  -1.3668000e+00  -5.0890000e-01  -3.7520000e-01
  -1.5498000e+00  -1.4349000e+00  -1.4317000e+00  -1.3690000e+00  -8.2510000e-01  -6.8130000e-01
  -1.6849000e+00  -1.5774000e+00  -1.5735000e+00  -1.5235000e+00  -1.1256000e+00  -1.0126000e+00
  -1.7369000e+00  -1.6021000e+00  -1.6144000e+00  -1.5756000e+00  -1.4551000e+00  -1.3444000e+00
  -1.8102000e+00  -1.6772000e+00  -1.6536000e+00  -1.6169000e+00  -1.7342000e+00  -1.6032000e+00
  -1.8350000e+00  -1.7646000e+00  -1.6471000e+00  -1.6324000e+00  -1.9640000e+00  -1.7750000e+00
  -1.9045000e+00  -2.0533000e+00  -1.7170000e+00  -1.7292000e+00  -2.1960000e+00  -1.8945000e+00
  -2.0402000e+00  -2.6034000e+00  -1.9792000e+00  -1.9666000e+00  -2.3908000e+00  -2.0658000e+00
  -2.2820000e+00  -3.1712000e+00  -2.5303000e+00  -2.4757000e+00  -2.5035000e+00  -2.2089000e+00
  -2.6973000e+00  -3.4633000e+00  -2.9266000e+00  -2.9167000e+00  -2.5792000e+00  -2.3464000e+00
  -3.2008000e+00  -3.6117000e+00  -3.1038000e+00  -3.2547000e+00  -2.6706000e+00  -2.4130000e+00
  -3.5087000e+00  -3.6645000e+00  -3.1298000e+00  -3.4156000e+00  -2.7798000e+00  -2.4534000e+00
  -3.5462000e+00  -3.7111000e+00  -3.1243000e+00  -3.4542000e+00  -2.8996000e+00  -2.5029000e+00
  -3.4353000e+00  -3.8070000e+00  -3.1811000e+00  -3.4280000e+00  -2.9741000e+00  -2.5796000e+00
  -3.2686000e+00  -3.9431000e+00  -3.2856000e+00  -3.3704000e+00  -3.0009000e+00  -2.6432000e+00
  -3.0428000e+00  -3.9380000e+00  -3.2450000e+00  -3.2364000e+00  -3.0061000e+00  -2.6759000e+00
  -2.7892000e+00  -3.5261000e+00  -2.9806000e+00  -3.0139000e+00  -2.9955000e+00  -2.7362000e+00
  -2.8454000e+00  -2.9947000e+00  -2.8188000e+00  -2.7129000e+00  -2.9880000e+00  -2.8278000e+00
  -2.8283000e+00  -2.6685000e+00  -2.7741000e+00  -2.5852000e+00  -2.9840000e+00  -2.9016000e+00
  -2.3833000e+00  -2.4612000e+00  -2.6100000e+00  -2.5560000e+00  -3.0412000e+00  -2.8955000e+00
  -2.3251000e+00  -1.9311000e+00  -2.2883000e+00  -2.3160000e+00  -3.1093000e+00  -2.8391000e+00
  -2.4368000e+00  -1.8438000e+00  -2.3643000e+00  -2.3084000e+00  -3.1309000e+00  -2.7649000e+00
  -2.1423000e+00  -1.6798000e+00  -2.2129000e+00  -2.3155000e+00  -3.1156000e+00  -2.6548000e+00
  -1.9745000e+00  -1.5454000e+00  -2.1296000e+00  -2.2351000e+00  -3.0559000e+00  -2.4944000e+00
  -1.8421000e+00  -1.4782000e+00  -2.0407000e+00  -2.0767000e+00  -2.9257000e+00  -2.4127000e+00
  -1.9177000e+00  -1.5944000e+00  -1.9084000e+00  -1.8903000e+00  -2.9889000e+00  -2.7225000e+00
  -1.7350000e+00  -1.6048000e+00  -1.8234000e+00  -1.8778000e+00  -3.2832000e+00  -3.3209000e+00
  -1.2718000e+00  -1.4036000e+00  -1.4771000e+00  -1.5889000e+00  -3.5111000e+00  -3.5218000e+00
  -4.7400000e-01  -9.0190000e-01  -5.9840000e-01  -6.8760000e-01  -3.6530000e+00  -3.2780000e+00
   8.0470000e-01   3.9460000e-01   7.5940000e-01   7.8400000e-01  -3.7881000e+00  -3.4982000e+00
   1.4860000e+00   1.5454000e+00   1.6238000e+00   1.7970000e+00  -3.9383000e+00  -3.4230000e+00
   1.9031000e+00   2.1533000e+00   2.1276000e+00   2.3605000e+00  -3.9705000e+00  -3.1223000e+00
   2.4502000e+00   2.7115000e+00   2.5035000e+00   2.7233000e+00  -3.9470000e+00  -3.2198000e+00
   2.6480000e+00   3.0780000e+00   2.6529000e+00   2.8087000e+00  -3.8996000e+00  -3.5797000e+00
   2.4316000e+00   2.9292000e+00   2.4983000e+00   2.7197000e+00  -3.8198000e+00  -3.7044000e+00
   2.3526000e+00   2.7767000e+00   2.4056000e+00   2.6052000e+00  -3.7757000e+00  -3.7025000e+00
   2.0612000e+00   2.3706000e+00   2.0522000e+00   2.2129000e+00  -3.6792000e+00  -3.6611000e+00
   2.0434000e+00   2.3824000e+00   2.2202000e+00   2.3958000e+00  -3.6231000e+00  -3.5817000e+00
   2.3709000e+00   2.5860000e+00   2.4968000e+00   2.5619000e+00  -3.5017000e+00  -3.5072000e+00
   2.5600000e+00   2.9459000e+00   2.7865000e+00   2.8980000e+00  -3.3400000e+00  -3.4382000e+00
   2.6547000e+00   3.0899000e+00   2.8608000e+00   2.9517000e+00  -3.1662000e+00  -3.3120000e+00
   2.4852000e+00   2.9008000e+00   2.7551000e+00   2.8777000e+00  -3.0268000e+00  -3.2041000e+00
   2.8776000e+00   2.9501000e+00   3.1582000e+00   3.3253000e+00  -2.8440000e+00  -3.0226000e+00
   3.6176000e+00   3.6081000e+00   3.8821000e+00   4.0153000e+00  -2.6476000e+00  -2.8834000e+00
   4.5585000e+00   4.3415000e+00   4.6842000e+00   4.7055000e+00  -2.4323000e+00  -2.7456000e+00
   5.6812000e+00   5.3920000e+00   5.7260000e+00   5.7758000e+00  -2.1975000e+00  -2.5510000e+00
   6.2578000e+00   6.3546000e+00   6.3550000e+00   6.4224000e+00  -1.9742000e+00  -2.2968000e+00
   6.3006000e+00   6.7440000e+00   6.5626000e+00   6.6819000e+00  -1.7588000e+00  -2.0184000e+00
   6.6722000e+00   6.9198000e+00   6.8598000e+00   6.9276000e+00  -1.5387000e+00  -1.7750000e+00
   7.0003000e+00   7.3134000e+00   7.1540000e+00   7.2166000e+00  -1.3704000e+00  -1.5700000e+00
   7.1716000e+00   7.4350000e+00   7.3621000e+00   7.4093000e+00  -1.1918000e+00  -1.3272000e+00
   7.3636000e+00   7.4646000e+00   7.4885000e+00   7.5071000e+00  -1.0055000e+00  -1.0798000e+00
   7.4706000e+00   7.4696000e+00   7.5194000e+00   7.4975000e+00  -8.3500000e-01  -8.2500000e-01
   7.5187000e+00   7.5490000e+00   7.5463000e+00   7.5234000e+00  -6.4600000e-01  -5.7070000e-01
   7.6372000e+00   7.6667000e+00   7.6491000e+00   7.6173000e+00  -4.0290000e-01  -3.4410000e-01
   7.8203000e+00   7.8203000e+00   7.8136000e+00   7.7783000e+00  -1.0620000e-01  -9.0800000e-02
   7.8496000e+00   7.8969000e+00   7.8829000e+00   7.8794000e+00   1.8140000e-01   2.1320000e-01
   7.7782000e+00   7.8667000e+00   7.8569000e+00   7.8694000e+00   4.5670000e-01   5.3530000e-01
   7.7215000e+00   7.7734000e+00   7.8058000e+00   7.8105000e+00   7.4580000e-01   8.3610000e-01
   7.7275000e+00   7.7183000e+00   7.7856000e+00   7.7807000e+00   9.8080000e-01   1.0473000e+00
   7.7823000e+00   7.7670000e+00   7.8251000e+00   7.8303000e+00   1.2121000e+00   1.1703000e+00
   7.8374000e+00   7.8222000e+00   7.8763000e+00   7.9079000e+00   1.5989000e+00   1.3105000e+00
   7.8632000e+00   7.8230000e+00   7.9117000e+00   7.9692000e+00   1.8915000e+00   1.5492000e+00
   7.8869000e+00   7.7683000e+00   7.9053000e+00   7.9655000e+00   1.9245000e+00   2.0072000e+00
   7.9356000e+00   7.7089000e+00   7.8880000e+00   7.9376000e+00   1.9852000e+00   2.4503000e+00
   7.9652000e+00   7.6983000e+00   7.8871000e+00   7.9326000e+00   2.1547000e+00   2.5279000e+00
   7.9641000e+00   7.7158000e+00   7.8759000e+00   7.9502000e+00   2.3837000e+00   2.4855000e+00
   7.9353000e+00   7.6775000e+00   7.7993000e+00   7.8854000e+00   2.5239000e+00   2.5654000e+00
   7.9016000e+00   7.5995000e+00   7.6919000e+00   7.7387000e+00   2.6535000e+00   2.6671000e+00
   7.8722000e+00   7.5511000e+00   7.6289000e+00   7.6122000e+00   2.7806000e+00   2.7237000e+00
   7.8131000e+00   7.5236000e+00   7.5970000e+00   7.5592000e+00   2.9052000e+00   2.8163000e+00
   7.7809000e+00   7.5205000e+00   7.5913000e+00   7.5675000e+00   3.0073000e+00   2.9509000e+00
   7.7538000e+00   7.5041000e+00   7.5802000e+00   7.5721000e+00   3.0981000e+00   3.0564000e+00
   7.7392000e+00   7.4896000e+00   7.5746000e+00   7.5704000e+00   3.2331000e+00   3.1825000e+00
   7.7027000e+00   7.4557000e+00   7.5514000e+00   7.5484000e+00   3.4320000e+00   3.3274000e+00
   7.6341000e+00   7.4138000e+00   7.5070000e+00   7.5102000e+00   3.6175000e+00   3.3787000e+00
   7.5251000e+00   7.3417000e+00   7.4248000e+00   7.4375000e+00   3.6862000e+00   3.3110000e+00
   7.3839000e+00   7.2455000e+00   7.3212000e+00   7.3512000e+00   3.5677000e+00   3.2446000e+00
   7.2383000e+00   7.1251000e+00   7.1935000e+00   7.2400000e+00   3.4817000e+00   3.2183000e+00
   7.0927000e+00   6.9933000e+00   7.0472000e+00   7.1147000e+00   3.6252000e+00   3.2035000e+00
   6.9507000e+00   6.8461000e+00   6.8832000e+00   6.9602000e+00   3.7183000e+00   3.1780000e+00
   6.8227000e+00   6.7151000e+00   6.7232000e+00   6.7866000e+00   3.5866000e+00   3.2129000e+00
   6.7387000e+00   6.6174000e+00   6.6072000e+00   6.6126000e+00   3.8177000e+00   3.4453000e+00
   6.6264000e+00   6.5384000e+00   6.5177000e+00   6.4900000e+00   4.4309000e+00   3.8496000e+00
   6.4699000e+00   6.4167000e+00   6.3819000e+00   6.3810000e+00   4.8664000e+00   4.3578000e+00
   6.3524000e+00   6.2457000e+00   6.2009000e+00   6.1898000e+00   5.1553000e+00   4.7845000e+00
   6.3280000e+00   6.1628000e+00   6.0983000e+00   6.0115000e+00   5.3217000e+00   5.0223000e+00
   6.3202000e+00   6.1657000e+00   6.0788000e+00   5.9403000e+00   5.5238000e+00   5.1359000e+00
   6.2944000e+00   6.1717000e+00   6.0716000e+00   5.9297000e+00   5.8150000e+00   5.1525000e+00
   6.1974000e+00   6.1226000e+00   6.0235000e+00   5.9000000e+00   5.9829000e+00   5.0916000e+00
   5.9139000e+00   5.9943000e+00   5.8998000e+00   5.8365000e+00   5.7395000e+00   4.9489000e+00
   5.5361000e+00   5.6957000e+00   5.6423000e+00   5.6687000e+00   5.4952000e+00   4.7636000e+00
   5.2236000e+00   5.3827000e+00   5.3451000e+00   5.3866000e+00   5.0890000e+00   4.5041000e+00
   4.6157000e+00   5.0598000e+00   5.0189000e+00   5.1400000e+00   4.3274000e+00   3.9246000e+00
   4.0045000e+00   4.6144000e+00   4.5725000e+00   4.7990000e+00   3.6278000e+00   3.1551000e+00
   3.6892000e+00   4.1903000e+00   4.1739000e+00   4.3869000e+00   3.1377000e+00   2.6692000e+00
   3.5620000e+00   3.9725000e+00   3.9702000e+00   4.1103000e+00   2.7760000e+00   2.5819000e+00
   3.5221000e+00   3.8261000e+00   3.8566000e+00   3.9920000e+00   2.8343000e+00   2.9248000e+00
   3.4985000e+00   3.6715000e+00   3.7322000e+00   3.8808000e+00   3.0667000e+00   3.0215000e+00
   3.5461000e+00   3.5877000e+00   3.6278000e+00   3.7113000e+00   3.1983000e+00   3.3483000e+00
   3.5618000e+00   3.5898000e+00   3.5588000e+00   3.5224000e+00   3.4595000e+00   3.5289000e+00
   3.5097000e+00   3.5811000e+00   3.4705000e+00   3.3326000e+00   3.6541000e+00   3.6521000e+00
   3.4272000e+00   3.5462000e+00   3.3485000e+00   3.1288000e+00   3.7702000e+00   3.7366000e+00
   3.3738000e+00   3.5025000e+00   3.2344000e+00   2.8948000e+00   3.7933000e+00   3.8226000e+00
   3.3395000e+00   3.5125000e+00   3.1665000e+00   2.6259000e+00   3.7978000e+00   3.8545000e+00
   3.2976000e+00   3.6087000e+00   3.1138000e+00   2.2728000e+00   3.7938000e+00   3.8621000e+00
   3.2800000e+00   3.7132000e+00   3.0469000e+00   1.8465000e+00   3.7964000e+00   3.8585000e+00
   3.3001000e+00   3.6799000e+00   2.9206000e+00   1.4816000e+00   3.8440000e+00   3.8169000e+00
   3.3611000e+00   3.4092000e+00   2.6667000e+00   1.3303000e+00   3.9814000e+00   3.7724000e+00
   3.3521000e+00   3.0645000e+00   2.3124000e+00   1.3703000e+00   4.1378000e+00   3.7230000e+00
   3.1376000e+00   2.8370000e+00   2.0251000e+00   1.4943000e+00   4.2290000e+00   3.6693000e+00
   2.6369000e+00   2.4795000e+00   1.8148000e+00   1.7275000e+00   4.2660000e+00   3.6145000e+00
   2.0832000e+00   2.1372000e+00   1.8226000e+00   1.9757000e+00   4.2718000e+00   3.5777000e+00
   1.8352000e+00   2.1435000e+00   1.9011000e+00   1.7357000e+00   4.2406000e+00   3.5892000e+00
   2.0471000e+00   2.1228000e+00   1.9334000e+00   1.6710000e+00   4.2283000e+00   3.6868000e+00
   2.3221000e+00   1.9818000e+00   1.9339000e+00   1.7862000e+00   4.2469000e+00   3.8255000e+00
   2.1145000e+00   1.9453000e+00   2.1392000e+00   2.1248000e+00   4.2964000e+00   4.0125000e+00
   2.3616000e+00   2.0056000e+00   2.3683000e+00   2.5124000e+00   4.3097000e+00   4.2090000e+00
   2.5961000e+00   2.3420000e+00   2.6479000e+00   2.8545000e+00   4.2942000e+00   4.3782000e+00
   2.7142000e+00   2.7539000e+00   2.8264000e+00   2.9419000e+00   4.2984000e+00   4.5188000e+00
   2.7300000e+00   3.0238000e+00   2.9495000e+00   2.9623000e+00   4.3451000e+00   4.6059000e+00
   2.7602000e+00   3.2206000e+00   3.1094000e+00   2.9864000e+00   4.4059000e+00   4.6162000e+00
   2.8342000e+00   3.4811000e+00   3.2249000e+00   2.8826000e+00   4.4147000e+00   4.4835000e+00
   2.9515000e+00   3.5294000e+00   3.1771000e+00   2.7896000e+00   4.3707000e+00   4.3006000e+00
   3.1824000e+00   3.3674000e+00   3.2534000e+00   3.0086000e+00   4.3465000e+00   4.1718000e+00
   3.8697000e+00   3.4616000e+00   3.7203000e+00   3.7667000e+00   4.3735000e+00   4.0945000e+00
   4.7961000e+00   4.0918000e+00   4.7905000e+00   5.4260000e+00   4.4356000e+00   4.1462000e+00
   5.8384000e+00   5.1992000e+00   6.1756000e+00   7.0850000e+00   4.5473000e+00   4.3843000e+00
   6.3278000e+00   7.1183000e+00   7.6811000e+00   8.7490000e+00   4.6994000e+00   4.6383000e+00
   7.0473000e+00   8.9756000e+00   8.5866000e+00   9.0977000e+00   4.8582000e+00   4.7728000e+00
   8.1456000e+00   9.3062000e+00   8.8018000e+00   8.9748000e+00   4.9226000e+00   4.8332000e+00
   8.6119000e+00   9.0913000e+00   8.7713000e+00   8.9296000e+00   4.7851000e+00   4.9127000e+00
   8.5202000e+00   9.1361000e+00   8.7336000e+00   8.8790000e+00   4.6664000e+00   4.8556000e+00
   8.4891000e+00   9.0287000e+00   8.6461000e+00   8.8568000e+00   4.8579000e+00   4.7552000e+00
   8.3466000e+00   9.0399000e+00   8.6501000e+00   8.8513000e+00   5.2996000e+00   4.5856000e+00
   8.3229000e+00   9.0295000e+00   8.6243000e+00   8.7813000e+00   5.4049000e+00   4.5312000e+00
   8.4132000e+00   9.0612000e+00   8.7034000e+00   8.7518000e+00   5.3640000e+00   4.5676000e+00
   8.6095000e+00   9.0449000e+00   8.7588000e+00   8.7237000e+00   4.9003000e+00   4.1592000e+00
   8.8634000e+00   9.1637000e+00   8.9391000e+00   9.0664000e+00   4.7761000e+00   3.9540000e+00
   8.7080000e+00   9.3321000e+00   9.1075000e+00   9.3290000e+00   4.8239000e+00   3.8657000e+00
   9.2023000e+00   9.8649000e+00   9.7417000e+00   9.9950000e+00   4.8162000e+00   3.7812000e+00
   9.5997000e+00   1.0276700e+01   1.0078700e+01   1.0365500e+01   4.7881000e+00   3.6754000e+00
   1.0030600e+01   1.0643200e+01   1.0499700e+01   1.0819100e+01   4.6119000e+00   3.6958000e+00
   1.0432600e+01   1.0992300e+01   1.0860000e+01   1.1189000e+01   4.5534000e+00   4.1208000e+00
   1.0744700e+01   1.1243500e+01   1.1090000e+01   1.1383000e+01   4.4703000e+00   6.0120000e+00
   1.0918600e+01   1.1336400e+01   1.1193500e+01   1.1450300e+01   5.0914000e+00   7.2617000e+00
   1.1026500e+01   1.1445500e+01   1.1376900e+01   1.1678300e+01   7.0278000e+00   7.4193000e+00
   1.1147700e+01   1.1601100e+01   1.1453500e+01   1.1710600e+01   7.3279000e+00   7.3813000e+00
   1.1022300e+01   1.1473400e+01   1.1255000e+01   1.1446300e+01   7.1834000e+00   7.3362000e+00
   1.0790900e+01   1.1194200e+01   1.1040100e+01   1.1229400e+01   6.9630000e+00   7.3360000e+00
   1.0648700e+01   1.1010100e+01   1.0907100e+01   1.1106200e+01   6.8688000e+00   7.3317000e+00
   1.0474400e+01   1.0830100e+01   1.0737900e+01   1.0950400e+01   6.8124000e+00   7.3643000e+00
   1.0249100e+01   1.0573200e+01   1.0511200e+01   1.0703700e+01   6.7654000e+00   7.3838000e+00
   1.0101400e+01   1.0372200e+01   1.0356000e+01   1.0517000e+01   6.7164000e+00   7.3876000e+00
   1.0011700e+01   1.0202200e+01   1.0256600e+01   1.0408500e+01   6.6912000e+00   7.4957000e+00
   9.9980000e+00   1.0123400e+01   1.0250100e+01   1.0406000e+01   6.7334000e+00   7.6468000e+00
   1.0010900e+01   1.0141900e+01   1.0248300e+01   1.0400000e+01   6.7501000e+00   7.7576000e+00
   9.9220000e+00   1.0121300e+01   1.0160800e+01   1.0299800e+01   6.7887000e+00   7.7859000e+00
   9.7394000e+00   1.0003800e+01   9.9819000e+00   1.0107300e+01   6.8807000e+00   7.8277000e+00
   9.6043000e+00   9.8321000e+00   9.8164000e+00   9.9212000e+00   7.0124000e+00   7.8576000e+00
   9.5894000e+00   9.6802000e+00   9.6765000e+00   9.7003000e+00   7.1147000e+00   7.9113000e+00
   9.6234000e+00   9.5443000e+00   9.5670000e+00   9.6169000e+00   7.1747000e+00   7.9524000e+00
   9.5927000e+00   9.4862000e+00   9.5876000e+00   9.5923000e+00   7.1798000e+00   7.9923000e+00
   9.5856000e+00   9.4910000e+00   9.5812000e+00   9.5747000e+00   7.1721000e+00   8.0267000e+00
   9.5194000e+00   9.4575000e+00   9.5446000e+00   9.5585000e+00   7.2154000e+00   8.0838000e+00
   9.5717000e+00   9.4468000e+00   9.5654000e+00   9.6000000e+00   7.2784000e+00   8.1220000e+00
   9.5817000e+00   9.4731000e+00   9.6033000e+00   9.6403000e+00   7.3424000e+00   8.1072000e+00
   9.5753000e+00   9.5572000e+00   9.6667000e+00   9.7250000e+00   7.3762000e+00   8.0585000e+00
   9.4943000e+00   9.5336000e+00   9.5819000e+00   9.6655000e+00   7.3612000e+00   8.0121000e+00
   9.3499000e+00   9.4270000e+00   9.4576000e+00   9.5534000e+00   7.3633000e+00   7.9565000e+00
   9.2310000e+00   9.3219000e+00   9.3411000e+00   9.4458000e+00   7.3011000e+00   7.8884000e+00
   9.1607000e+00   9.1722000e+00   9.2091000e+00   9.3041000e+00   7.2304000e+00   7.8296000e+00
   9.1600000e+00   9.0745000e+00   9.1602000e+00   9.1775000e+00   7.1449000e+00   7.7605000e+00
   9.0968000e+00   9.0317000e+00   9.1003000e+00   9.1356000e+00   7.0633000e+00   7.6736000e+00
   9.0519000e+00   9.0051000e+00   9.0647000e+00   9.0987000e+00   7.0101000e+00   7.5850000e+00
   9.0001000e+00   8.9307000e+00   8.9745000e+00   9.0146000e+00   6.9858000e+00   7.4928000e+00
   8.9070000e+00   8.8363000e+00   8.8674000e+00   8.9016000e+00   6.9763000e+00   7.3380000e+00
   8.8241000e+00   8.6800000e+00   8.6580000e+00   8.5780000e+00   6.9843000e+00   7.1408000e+00
   8.7163000e+00   8.4694000e+00   8.5019000e+00   8.3745000e+00   6.9937000e+00   6.9258000e+00
   8.6505000e+00   8.4149000e+00   8.3911000e+00   8.1866000e+00   6.9499000e+00   6.7256000e+00
   8.5461000e+00   8.1613000e+00   8.1578000e+00   8.0123000e+00   6.8777000e+00   6.5930000e+00
   8.4073000e+00   7.9969000e+00   8.0297000e+00   7.8539000e+00   6.8231000e+00   6.5817000e+00
   8.3090000e+00   7.9128000e+00   7.9714000e+00   7.7613000e+00   6.7608000e+00   6.5964000e+00
   8.1591000e+00   7.8832000e+00   7.9146000e+00   7.8016000e+00   6.6245000e+00   6.5275000e+00
   7.9604000e+00   7.9260000e+00   7.9210000e+00   7.8013000e+00   6.4046000e+00   6.4829000e+00
   7.8921000e+00   7.8737000e+00   7.8799000e+00   7.7910000e+00   6.6551000e+00   6.6320000e+00
   7.8353000e+00   7.8436000e+00   7.8770000e+00   7.9299000e+00   5.9816000e+00   5.8998000e+00
   7.6761000e+00   7.9233000e+00   7.8590000e+00   8.0924000e+00   5.3866000e+00   5.4316000e+00
   7.4132000e+00   8.0269000e+00   7.8825000e+00   8.2231000e+00   5.2209000e+00   5.5730000e+00
   7.3306000e+00   8.0433000e+00   7.6919000e+00   7.9335000e+00   5.5630000e+00   5.7185000e+00
   7.1919000e+00   7.7159000e+00   7.3174000e+00   7.4582000e+00   5.5370000e+00   5.6729000e+00
   6.8730000e+00   7.1682000e+00   7.0357000e+00   7.2304000e+00   5.3347000e+00   5.5113000e+00
   6.6286000e+00   7.1252000e+00   7.0575000e+00   7.2315000e+00   5.0802000e+00   5.4359000e+00
   6.6426000e+00   7.0677000e+00   6.9474000e+00   7.0149000e+00   5.0130000e+00   5.5415000e+00
   6.6233000e+00   6.8845000e+00   6.8166000e+00   6.9420000e+00   5.1525000e+00   5.5835000e+00
   6.5266000e+00   6.8239000e+00   6.8296000e+00   7.0997000e+00   5.1899000e+00   5.6025000e+00
   6.4681000e+00   6.8818000e+00   6.8733000e+00   7.2306000e+00   5.1568000e+00   5.6233000e+00
   6.4649000e+00   7.0008000e+00   6.8972000e+00   7.2790000e+00   5.1127000e+00   5.5872000e+00
   6.4550000e+00   7.0183000e+00   6.9364000e+00   7.3923000e+00   5.0974000e+00   5.5305000e+00
   6.4477000e+00   7.0979000e+00   6.9798000e+00   7.4681000e+00   5.0751000e+00   5.3945000e+00
   6.4123000e+00   7.0886000e+00   6.9506000e+00   7.4622000e+00   5.0159000e+00   5.2248000e+00
   6.2852000e+00   7.0639000e+00   6.9016000e+00   7.4251000e+00   4.8887000e+00   5.0408000e+00
   6.0815000e+00   7.0526000e+00   6.8113000e+00   7.2945000e+00   4.6906000e+00   4.8279000e+00
   5.9793000e+00   6.8628000e+00   6.6276000e+00   6.9094000e+00   4.4432000e+00   4.6174000e+00
   5.8281000e+00   6.4119000e+00   6.3101000e+00   6.4223000e+00   4.1815000e+00   4.3989000e+00
   5.5131000e+00   5.8502000e+00   5.9570000e+00   6.0298000e+00   3.9777000e+00   4.2873000e+00
   5.1424000e+00   5.7038000e+00   5.8552000e+00   6.1125000e+00   3.8201000e+00   4.2038000e+00
   5.0967000e+00   5.9500000e+00   5.9196000e+00   6.0470000e+00   3.6970000e+00   4.2048000e+00
   4.9807000e+00   5.6609000e+00   5.4297000e+00   5.4762000e+00   3.6209000e+00   4.1870000e+00
   4.6507000e+00   5.3641000e+00   5.2828000e+00   5.5771000e+00   3.6789000e+00   4.2244000e+00
   4.8138000e+00   5.5623000e+00   5.4182000e+00   5.7953000e+00   3.7337000e+00   4.2081000e+00
   4.9309000e+00   5.7721000e+00   5.5151000e+00   5.9614000e+00   3.8633000e+00   4.2125000e+00
   5.0520000e+00   5.9626000e+00   5.6505000e+00   6.0694000e+00   3.9900000e+00   4.2270000e+00
   5.1536000e+00   6.0692000e+00   5.7436000e+00   6.1304000e+00   4.0311000e+00   4.2275000e+00
   5.2403000e+00   6.0666000e+00   5.7630000e+00   6.1505000e+00   4.0920000e+00   4.1573000e+00
   5.4017000e+00   6.0810000e+00   5.7847000e+00   6.1755000e+00   4.1426000e+00   4.1984000e+00
   5.4008000e+00   6.1042000e+00   5.7909000e+00   6.1578000e+00   4.0755000e+00   4.1919000e+00
   5.4290000e+00   6.1349000e+00   5.8095000e+00   6.1105000e+00   4.0711000e+00   4.1702000e+00
   5.4550000e+00   6.1042000e+00   5.7931000e+00   6.0282000e+00   4.0417000e+00   4.1676000e+00
   5.5344000e+00   6.1299000e+00   5.8055000e+00   5.9982000e+00   3.9652000e+00   4.1816000e+00
   5.5824000e+00   6.0776000e+00   5.7750000e+00   5.9463000e+00   3.9533000e+00   4.1468000e+00
   5.4437000e+00   6.0088000e+00   5.6859000e+00   5.8149000e+00   4.1245000e+00   4.1327000e+00
   5.4229000e+00   5.9717000e+00   5.6675000e+00   5.7456000e+00   3.9972000e+00   4.3177000e+00
   5.3294000e+00   5.8006000e+00   5.5108000e+00   5.6119000e+00   4.0642000e+00   4.1290000e+00
   5.3619000e+00   5.8660000e+00   5.5597000e+00   5.6844000e+00   4.0943000e+00   4.2738000e+00
   5.4971000e+00   5.9293000e+00   5.6868000e+00   5.8070000e+00   4.2799000e+00   4.1872000e+00
   5.5001000e+00   5.8966000e+00   5.6771000e+00   5.8120000e+00   4.0130000e+00   4.1610000e+00
   5.7489000e+00   6.1516000e+00   5.9342000e+00   6.0886000e+00   4.0208000e+00   4.0438000e+00
   5.7823000e+00   6.1372000e+00   5.9375000e+00   6.0780000e+00   3.9940000e+00   4.2224000e+00
   5.8611000e+00   6.1419000e+00   5.9734000e+00   6.0884000e+00   4.1229000e+00   4.1129000e+00
   5.8430000e+00   6.1485000e+00   5.9472000e+00   6.0663000e+00   3.9457000e+00   3.8622000e+00
   5.8195000e+00   6.1366000e+00   5.9405000e+00   6.0599000e+00   4.0804000e+00   3.6531000e+00
   5.7896000e+00   6.1057000e+00   5.9398000e+00   6.0476000e+00   4.3874000e+00   3.7489000e+00
   5.7711000e+00   5.9405000e+00   5.8373000e+00   5.9004000e+00   4.0753000e+00   3.8612000e+00
   5.6582000e+00   5.7360000e+00   5.6121000e+00   5.6303000e+00   4.2808000e+00   3.7226000e+00
   5.8948000e+00   5.9713000e+00   5.8106000e+00   5.8551000e+00   4.4654000e+00   3.4921000e+00
   5.8425000e+00   5.8966000e+00   5.8216000e+00   5.9220000e+00   4.3657000e+00   3.4301000e+00
   6.0030000e+00   6.1953000e+00   6.0760000e+00   6.1724000e+00   4.7772000e+00   3.4534000e+00
   6.0781000e+00   6.4710000e+00   6.2811000e+00   6.4679000e+00   4.8037000e+00   3.6680000e+00
   6.0199000e+00   6.6677000e+00   6.5148000e+00   6.8708000e+00   4.8269000e+00   3.7911000e+00
   5.6607000e+00   6.5436000e+00   6.2734000e+00   6.5831000e+00   5.0510000e+00   4.0074000e+00
   5.3670000e+00   5.9778000e+00   5.8261000e+00   6.0389000e+00   5.2864000e+00   3.9581000e+00
   5.3023000e+00   5.7856000e+00   5.7066000e+00   5.9216000e+00   4.7549000e+00   4.1644000e+00
   5.2332000e+00   5.5903000e+00   5.5758000e+00   5.7420000e+00   3.7709000e+00   5.3502000e+00
   5.4912000e+00   5.8161000e+00   5.8006000e+00   5.9349000e+00   3.6900000e+00   5.6944000e+00
   5.7695000e+00   5.9940000e+00   6.0467000e+00   6.1644000e+00   4.0770000e+00   5.6736000e+00
   6.2688000e+00   6.4375000e+00   6.4444000e+00   6.4886000e+00   4.9908000e+00   6.1382000e+00
   6.3023000e+00   6.3494000e+00   6.3289000e+00   6.2587000e+00   5.3547000e+00   6.3928000e+00
   6.3565000e+00   6.1837000e+00   6.3255000e+00   6.1889000e+00   5.9299000e+00   6.5204000e+00
   6.8131000e+00   6.5548000e+00   6.7853000e+00   6.6952000e+00   5.8263000e+00   6.5273000e+00
   7.5041000e+00   7.1753000e+00   7.3693000e+00   7.3180000e+00   5.8952000e+00   6.5473000e+00
   7.7202000e+00   7.4544000e+00   7.5515000e+00   7.5093000e+00   6.0950000e+00   6.5581000e+00
   7.4171000e+00   7.1783000e+00   7.1821000e+00   7.1233000e+00   6.4232000e+00   6.2911000e+00
   6.7124000e+00   6.5348000e+00   6.4634000e+00   6.3414000e+00   6.4264000e+00   5.6937000e+00
   5.9218000e+00   5.7905000e+00   5.6714000e+00   5.5163000e+00   5.8361000e+00   5.3320000e+00
   5.2140000e+00   5.0997000e+00   4.9985000e+00   4.8188000e+00   5.2348000e+00   5.2560000e+00
   4.3909000e+00   4.5320000e+00   4.4213000e+00   4.2823000e+00   4.9262000e+00   5.3241000e+00
   3.8464000e+00   3.9136000e+00   3.9981000e+00   3.9510000e+00   4.9521000e+00   5.8642000e+00
   3.8531000e+00   3.7670000e+00   4.0222000e+00   4.0261000e+00   5.4542000e+00   6.2245000e+00
   4.1285000e+00   3.8956000e+00   4.1946000e+00   4.2011000e+00   5.7580000e+00   6.0929000e+00
   4.7213000e+00   4.3026000e+00   4.6063000e+00   4.5550000e+00   5.5917000e+00   5.7109000e+00
   4.9531000e+00   4.7996000e+00   4.9230000e+00   4.8631000e+00   5.5682000e+00   5.8460000e+00
   5.4140000e+00   5.0976000e+00   5.4009000e+00   5.3585000e+00   5.7482000e+00   5.9387000e+00
   6.2735000e+00   5.9250000e+00   6.1386000e+00   6.0613000e+00   6.0276000e+00   6.1303000e+00
   6.8366000e+00   6.5310000e+00   6.6301000e+00   6.5144000e+00   6.0651000e+00   6.2761000e+00
   7.1612000e+00   6.8363000e+00   6.8464000e+00   6.6853000e+00   6.1661000e+00   6.3036000e+00
   7.1243000e+00   6.9612000e+00   6.7968000e+00   6.6134000e+00   5.9921000e+00   6.3285000e+00
   6.6671000e+00   6.6158000e+00   6.4599000e+00   6.3005000e+00   5.7872000e+00   6.2377000e+00
   6.6515000e+00   6.2882000e+00   6.3501000e+00   6.1208000e+00   5.5545000e+00   6.0014000e+00
   6.7479000e+00   6.6219000e+00   6.4464000e+00   6.2462000e+00   5.2564000e+00   5.7322000e+00
   6.7279000e+00   6.4752000e+00   6.3817000e+00   6.1558000e+00   4.8862000e+00   5.3851000e+00
   6.7260000e+00   6.4643000e+00   6.4127000e+00   6.2168000e+00   4.6452000e+00   5.1390000e+00
   6.8284000e+00   6.5273000e+00   6.5126000e+00   6.3567000e+00   4.4255000e+00   5.1169000e+00
   6.9506000e+00   6.7274000e+00   6.6423000e+00   6.4947000e+00   4.3232000e+00   5.1448000e+00
   6.8754000e+00   6.7422000e+00   6.6196000e+00   6.4671000e+00   4.3632000e+00   5.0801000e+00
   6.6417000e+00   6.5531000e+00   6.4232000e+00   6.2910000e+00   4.3870000e+00   4.9498000e+00
   6.4721000e+00   6.3917000e+00   6.3196000e+00   6.2027000e+00   4.4221000e+00   4.9577000e+00
   6.2819000e+00   6.1314000e+00   6.1723000e+00   6.0917000e+00   4.5481000e+00   4.9986000e+00
   6.2822000e+00   6.1221000e+00   6.1631000e+00   6.0803000e+00   4.6249000e+00   5.0882000e+00
   6.2514000e+00   6.1311000e+00   6.1667000e+00   6.1039000e+00   4.7091000e+00   5.2644000e+00
   6.0341000e+00   6.0001000e+00   6.0686000e+00   6.0469000e+00   4.6448000e+00   5.2041000e+00
   5.7601000e+00   5.9183000e+00   5.9878000e+00   6.0573000e+00   4.5825000e+00   4.9061000e+00
   5.6567000e+00   5.8464000e+00   5.9445000e+00   6.1110000e+00   4.2658000e+00   4.5321000e+00
   5.2302000e+00   5.7190000e+00   5.8167000e+00   6.0864000e+00   3.6727000e+00   3.7304000e+00
   4.7427000e+00   5.3136000e+00   5.4405000e+00   5.8172000e+00   3.1381000e+00   3.1748000e+00
   4.4740000e+00   4.9258000e+00   5.1069000e+00   5.4761000e+00   3.0694000e+00   2.9552000e+00
   4.3451000e+00   4.5878000e+00   4.8034000e+00   5.1301000e+00   3.0882000e+00   2.9160000e+00
   4.2007000e+00   4.3867000e+00   4.5879000e+00   4.8701000e+00   2.9249000e+00   2.8052000e+00
   4.1320000e+00   4.2877000e+00   4.4585000e+00   4.6954000e+00   2.7815000e+00   2.6470000e+00
   3.9268000e+00   4.1818000e+00   4.2818000e+00   4.5292000e+00   2.5840000e+00   2.5305000e+00
   3.5423000e+00   3.8140000e+00   3.9348000e+00   4.2027000e+00   2.3135000e+00   2.3624000e+00
   3.2150000e+00   3.4257000e+00   3.5641000e+00   3.8087000e+00   2.1079000e+00   2.1227000e+00
   2.9599000e+00   3.1141000e+00   3.2818000e+00   3.4746000e+00   1.9694000e+00   1.8464000e+00
   2.6812000e+00   2.8269000e+00   3.0185000e+00   3.2232000e+00   1.9900000e+00   1.7044000e+00
   2.4129000e+00   2.5130000e+00   2.7388000e+00   2.9757000e+00   1.9922000e+00   1.5619000e+00
   2.2729000e+00   2.3814000e+00   2.5246000e+00   2.7403000e+00   1.9019000e+00   1.4408000e+00
   2.1925000e+00   2.2295000e+00   2.3229000e+00   2.4520000e+00   1.8385000e+00   1.3503000e+00
   2.1348000e+00   2.1987000e+00   2.1482000e+00   2.1868000e+00   1.7682000e+00   1.2647000e+00
   2.0324000e+00   2.1690000e+00   1.8163000e+00   1.7466000e+00   1.6418000e+00   1.2256000e+00
   2.0127000e+00   2.3109000e+00   1.4777000e+00   1.2041000e+00   1.5299000e+00   1.2631000e+00
   1.7634000e+00   2.5052000e+00   1.6578000e+00   1.4290000e+00   1.4650000e+00   1.2315000e+00
   1.1093000e+00   1.4337000e+00   1.3975000e+00   1.9314000e+00   1.4439000e+00   1.3667000e+00
   7.6300000e-01   3.2349000e+00   5.8530000e-01   1.1697000e+00   1.4830000e+00   1.8190000e+00
   1.3131000e+00   1.2615000e+00  -6.3900000e-02  -1.7410000e-01   1.8570000e+00   2.0312000e+00
   1.6290000e+00   2.7830000e-01   4.6370000e-01   7.2200000e-02   2.3508000e+00   2.4552000e+00
   2.2460000e-01  -2.2400000e-02   2.3100000e-01   3.9900000e-01   2.0028000e+00   1.9685000e+00
  -1.4506000e+00  -1.0510000e+00  -1.4875000e+00  -1.0960000e+00   1.9018000e+00   1.3404000e+00
  -5.9350000e-01   3.7920000e-01   8.9250000e-01   1.5415000e+00   1.7544000e+00   1.0906000e+00
   8.4560000e-01   2.1612000e+00   1.5194000e+00   1.4975000e+00   1.3983000e+00   1.9065000e+00
   6.5570000e-01   6.0640000e-01   1.8626000e+00   2.6831000e+00   1.6360000e+00   2.3764000e+00
   1.7345000e+00   3.5876000e+00   2.5306000e+00   3.0785000e+00   1.6455000e+00   1.8629000e+00
   6.8310000e-01   2.3575000e+00   1.6973000e+00   2.2976000e+00   1.8211000e+00   1.2265000e+00
   8.8580000e-01   1.9232000e+00   1.8395000e+00   2.2258000e+00   3.2942000e+00   1.3763000e+00
   4.8000000e-01   1.2719000e+00   1.0267000e+00   1.0159000e+00   2.8199000e+00   2.1622000e+00
   8.2470000e-01   8.6400000e-01   1.2581000e+00   1.2841000e+00   7.9300000e-02   6.3954000e+00
  -7.1900000e-01   6.5110000e-01   7.6020000e-01   1.0235000e+00   7.3900000e-01   6.7803000e+00
  -7.7950000e-01   2.0280000e-01   6.4550000e-01   1.2980000e+00   2.7786000e+00   4.3611000e+00
  -7.1620000e-01   1.4572000e+00   8.0230000e-01   1.5732000e+00   5.1329000e+00   4.3593000e+00
  -1.0703000e+00   3.0800000e-01   3.8330000e-01   1.1410000e+00   6.3037000e+00   4.4005000e+00
   3.5080000e-01   1.3307000e+00   1.1995000e+00   1.6110000e+00   6.2965000e+00   4.9939000e+00
   5.5430000e-01   2.1563000e+00   1.3616000e+00   1.7107000e+00   4.6412000e+00   4.1183000e+00
   5.4400000e-02   1.2063000e+00   1.4852000e+00   2.2806000e+00   2.8824000e+00   2.6351000e+00
   5.9000000e-03   1.6652000e+00   1.7710000e+00   2.7810000e+00   1.2600000e+00   3.3804000e+00
   8.1320000e-01   2.0894000e+00   1.9763000e+00   2.7016000e+00   1.3754000e+00   3.3611000e+00
   8.7560000e-01   1.9985000e+00   1.8816000e+00   2.3647000e+00   2.7581000e+00   3.9781000e+00
   1.2103000e+00   1.9870000e+00   2.2835000e+00   2.8288000e+00   2.7233000e+00   4.0541000e+00
   2.7553000e+00   3.2462000e+00   3.5408000e+00   4.0171000e+00   2.5689000e+00   4.1066000e+00
   2.6186000e+00   3.7367000e+00   3.4912000e+00   3.9232000e+00   2.5237000e+00   4.2110000e+00
   3.2606000e+00   3.6070000e+00   3.9749000e+00   4.2786000e+00   2.2807000e+00   4.1752000e+00
   2.6344000e+00   4.4096000e+00   3.8136000e+00   4.1559000e+00   2.7338000e+00   3.3865000e+00
   2.3890000e+00   3.7336000e+00   3.5401000e+00   4.0355000e+00   3.4119000e+00   3.0165000e+00
   3.7749000e+00   4.0696000e+00   4.3350000e+00   4.4037000e+00   4.1108000e+00   3.6767000e+00
   4.9361000e+00   5.1346000e+00   4.9708000e+00   4.9780000e+00   4.5386000e+00   4.2255000e+00
   5.3916000e+00   5.2440000e+00   5.2291000e+00   5.2110000e+00   4.3003000e+00   4.5449000e+00
   5.3031000e+00   5.4916000e+00   5.3526000e+00   5.3806000e+00   5.2949000e+00   5.5466000e+00
   5.5931000e+00   5.5368000e+00   5.7343000e+00   5.8436000e+00   5.2691000e+00   6.7117000e+00
   6.2486000e+00   6.2414000e+00   6.4553000e+00   6.6079000e+00   5.8825000e+00   6.6307000e+00
   6.4456000e+00   6.5676000e+00   6.7447000e+00   6.9691000e+00   6.2692000e+00   6.6315000e+00
   6.9493000e+00   6.9278000e+00   7.2910000e+00   7.4777000e+00   6.0383000e+00   6.1567000e+00
   7.4741000e+00   7.6085000e+00   7.7886000e+00   7.9968000e+00   5.4722000e+00   6.2836000e+00
   7.6128000e+00   7.7555000e+00   7.9296000e+00   8.1240000e+00   6.0049000e+00   9.2460000e+00
   7.8566000e+00   7.7995000e+00   8.1250000e+00   8.3023000e+00   9.2490000e+00   1.1090200e+01
   8.1936000e+00   8.0707000e+00   8.2748000e+00   8.3817000e+00   1.0908700e+01   9.7115000e+00
   8.0037000e+00   7.8664000e+00   7.9461000e+00   7.9386000e+00   1.0483400e+01   8.8895000e+00
   8.3949000e+00   8.2383000e+00   8.2679000e+00   8.2975000e+00   1.0813200e+01   8.9069000e+00
   8.5660000e+00   8.3877000e+00   8.3490000e+00   8.3839000e+00   1.1326600e+01   8.5636000e+00
   8.7350000e+00   9.1651000e+00   9.0419000e+00   9.0428000e+00   9.6343000e+00   7.7137000e+00
   7.1031000e+00   8.0961000e+00   7.5127000e+00   8.1682000e+00   8.2539000e+00   7.7282000e+00
   7.8060000e+00   7.3625000e+00   7.6647000e+00   7.6392000e+00   7.7793000e+00   7.7569000e+00
   8.5622000e+00   7.9023000e+00   8.2595000e+00   8.3619000e+00   7.4400000e+00   7.8875000e+00
   8.8867000e+00   8.7989000e+00   8.5852000e+00   8.2151000e+00   7.2390000e+00   7.4745000e+00
   8.0597000e+00   9.2935000e+00   8.5158000e+00   8.7974000e+00   6.7400000e+00   7.3798000e+00
   5.9593000e+00   6.7939000e+00   6.4816000e+00   6.7942000e+00   6.8125000e+00   7.1940000e+00
