   3.2525000e+00   3.3894000e+00   3.3853000e+00   3.4620000e+00   4.1222000e+00   3.9228000e+00
   3.4795000e+00   3.6026000e+00   3.5962000e+00   3.6614000e+00   4.2350000e+00   4.0589000e+00
   3.7514000e+00   3.8554000e+00   3.8586000e+00   3.9227000e+00   4.4649000e+00   4.3179000e+00
   3.7426000e+00   3.8421000e+00   3.8245000e+00   3.8785000e+00   4.4749000e+00   4.3067000e+00
   3.7582000e+00   3.8468000e+00   3.8086000e+00   3.8460000e+00   4.2870000e+00   4.2181000e+00
   3.8570000e+00   3.9196000e+00   3.8812000e+00   3.9033000e+00   4.2131000e+00   4.2459000e+00
   3.9191000e+00   3.9753000e+00   3.9348000e+00   3.9532000e+00   4.2624000e+00   4.1901000e+00
   3.8714000e+00   3.9211000e+00   3.8767000e+00   3.8847000e+00   4.2705000e+00   4.1487000e+00
   3.7926000e+00   3.8085000e+00   3.7784000e+00   3.7686000e+00   4.4208000e+00   4.1673000e+00
   3.7572000e+00   3.7495000e+00   3.7166000e+00   3.6913000e+00   4.5912000e+00   4.3022000e+00
   3.7589000e+00   3.7158000e+00   3.6819000e+00   3.6371000e+00   4.6444000e+00   4.2782000e+00
   3.7333000e+00   3.6814000e+00   3.6210000e+00   3.5568000e+00   4.4970000e+00   4.0884000e+00
   3.7932000e+00   3.7404000e+00   3.6637000e+00   3.5900000e+00   4.3930000e+00   3.9854000e+00
   3.7748000e+00   3.7386000e+00   3.6612000e+00   3.5960000e+00   4.3264000e+00   3.9734000e+00
   3.7557000e+00   3.7151000e+00   3.6416000e+00   3.5761000e+00   4.3259000e+00   4.0079000e+00
   3.8392000e+00   3.8024000e+00   3.7281000e+00   3.6631000e+00   4.2943000e+00   3.9967000e+00
   3.8726000e+00   3.8371000e+00   3.7782000e+00   3.7218000e+00   4.2527000e+00   3.9660000e+00
   3.8676000e+00   3.8306000e+00   3.7799000e+00   3.7277000e+00   4.3084000e+00   4.0234000e+00
   3.8326000e+00   3.7958000e+00   3.7403000e+00   3.6815000e+00   4.2897000e+00   4.0158000e+00
   3.7568000e+00   3.7079000e+00   3.6583000e+00   3.5839000e+00   4.3385000e+00   3.9804000e+00
   3.6913000e+00   3.6507000e+00   3.6107000e+00   3.5258000e+00   4.5414000e+00   4.0508000e+00
   3.5101000e+00   3.5809000e+00   3.5490000e+00   3.4939000e+00   4.3296000e+00   3.7607000e+00
   3.0509000e+00   3.3304000e+00   3.3343000e+00   3.3818000e+00   3.6679000e+00   3.1438000e+00
   2.6589000e+00   3.0226000e+00   3.0794000e+00   3.2513000e+00   3.2651000e+00   2.8002000e+00
   2.4310000e+00   2.7377000e+00   2.8062000e+00   3.0239000e+00   3.0349000e+00   2.5508000e+00
   2.3468000e+00   2.5507000e+00   2.6071000e+00   2.7886000e+00   2.9413000e+00   2.4342000e+00
   2.4085000e+00   2.5077000e+00   2.5647000e+00   2.7019000e+00   3.1964000e+00   2.5934000e+00
   2.4326000e+00   2.4597000e+00   2.5217000e+00   2.6460000e+00   3.3666000e+00   2.7515000e+00
   2.4187000e+00   2.4454000e+00   2.4747000e+00   2.5883000e+00   3.3046000e+00   2.6766000e+00
   2.4099000e+00   2.4503000e+00   2.4315000e+00   2.5241000e+00   3.2131000e+00   2.6166000e+00
   2.4056000e+00   2.4602000e+00   2.3941000e+00   2.4565000e+00   3.2209000e+00   2.6337000e+00
   2.3621000e+00   2.4406000e+00   2.3446000e+00   2.3839000e+00   3.2455000e+00   2.6474000e+00
   2.2113000e+00   2.3569000e+00   2.2397000e+00   2.2830000e+00   3.1968000e+00   2.6200000e+00
   2.0601000e+00   2.2587000e+00   2.1399000e+00   2.2096000e+00   3.1929000e+00   2.6400000e+00
   1.9024000e+00   2.1316000e+00   2.0185000e+00   2.1231000e+00   3.1790000e+00   2.7275000e+00
   1.7682000e+00   2.0168000e+00   1.9033000e+00   2.0226000e+00   3.1690000e+00   2.7771000e+00
   1.6651000e+00   1.9722000e+00   1.8375000e+00   1.9693000e+00   3.1796000e+00   2.8271000e+00
   1.5728000e+00   1.9503000e+00   1.7960000e+00   1.9517000e+00   3.1604000e+00   2.8366000e+00
   1.5222000e+00   1.9354000e+00   1.7719000e+00   1.9487000e+00   3.1356000e+00   2.8174000e+00
   1.5425000e+00   1.9730000e+00   1.8006000e+00   1.9691000e+00   3.0891000e+00   2.7820000e+00
   1.6088000e+00   2.1019000e+00   1.9228000e+00   2.0669000e+00   3.0477000e+00   2.7626000e+00
   1.6116000e+00   2.2463000e+00   2.0508000e+00   2.1855000e+00   3.0298000e+00   2.7804000e+00
   1.5752000e+00   2.3928000e+00   2.1566000e+00   2.3211000e+00   3.0078000e+00   2.7562000e+00
   1.4366000e+00   2.4014000e+00   2.1386000e+00   2.3614000e+00   3.0052000e+00   2.7214000e+00
   1.2179000e+00   2.3281000e+00   2.0571000e+00   2.3399000e+00   2.9757000e+00   2.7578000e+00
   1.2674000e+00   1.9125000e+00   1.7578000e+00   2.0598000e+00   2.9243000e+00   2.7377000e+00
   1.4267000e+00   2.2366000e+00   1.8628000e+00   1.9886000e+00   2.8862000e+00   2.7394000e+00
   2.0845000e+00   2.9664000e+00   1.7205000e+00   5.1830000e-01   2.8910000e+00   2.7174000e+00
   3.0428000e+00   3.8793000e+00   2.9289000e+00   2.5789000e+00   2.9400000e+00   2.7113000e+00
   3.2434000e+00   4.7331000e+00   3.5009000e+00   3.5488000e+00   3.0095000e+00   2.7290000e+00
   4.1197000e+00   4.6545000e+00   4.2860000e+00   4.4582000e+00   3.0990000e+00   2.7777000e+00
   3.6342000e+00   4.3387000e+00   4.0361000e+00   4.5193000e+00   3.1813000e+00   2.7926000e+00
   3.2064000e+00   4.7867000e+00   3.8620000e+00   3.9928000e+00   3.2906000e+00   2.8509000e+00
   3.0389000e+00   3.7485000e+00   3.1642000e+00   2.9592000e+00   3.3159000e+00   2.9054000e+00
   3.0781000e+00   3.4467000e+00   3.5132000e+00   3.8337000e+00   3.3455000e+00   2.9389000e+00
   3.8833000e+00   4.1489000e+00   4.6276000e+00   4.9586000e+00   3.4210000e+00   2.9521000e+00
   5.6194000e+00   6.1883000e+00   5.9235000e+00   6.2204000e+00   3.4066000e+00   3.0451000e+00
   4.6911000e+00   5.8574000e+00   4.9342000e+00   4.9343000e+00   3.5335000e+00   3.2048000e+00
   3.8583000e+00   4.5617000e+00   3.9140000e+00   3.8762000e+00   3.5393000e+00   3.3313000e+00
   3.9902000e+00   4.1985000e+00   4.0078000e+00   4.1155000e+00   3.7096000e+00   3.4982000e+00
   4.5766000e+00   4.6246000e+00   4.2484000e+00   4.3287000e+00   3.6321000e+00   3.8513000e+00
   4.4345000e+00   4.5649000e+00   4.2355000e+00   4.3959000e+00   3.8083000e+00   4.7767000e+00
   4.3378000e+00   4.6980000e+00   4.4836000e+00   4.7580000e+00   3.7414000e+00   5.5413000e+00
   4.6297000e+00   5.3574000e+00   5.3496000e+00   5.8728000e+00   4.0224000e+00   6.1546000e+00
   5.6059000e+00   6.6900000e+00   6.6772000e+00   7.3384000e+00   4.7843000e+00   6.4899000e+00
   6.9541000e+00   8.3349000e+00   8.2160000e+00   8.8201000e+00   5.4414000e+00   6.1315000e+00
   8.0919000e+00   9.3284000e+00   8.4332000e+00   8.3528000e+00   5.8472000e+00   6.1561000e+00
   7.6234000e+00   8.6335000e+00   7.9227000e+00   8.1001000e+00   6.2340000e+00   6.4672000e+00
   7.7196000e+00   8.2871000e+00   7.7167000e+00   7.8226000e+00   6.8860000e+00   6.6740000e+00
   7.8555000e+00   8.0664000e+00   7.8308000e+00   7.8385000e+00   7.4153000e+00   6.9178000e+00
   8.2718000e+00   8.2212000e+00   8.2241000e+00   8.2553000e+00   7.6938000e+00   7.0623000e+00
   8.8500000e+00   8.8242000e+00   8.7899000e+00   8.8010000e+00   8.0690000e+00   7.5300000e+00
   8.9398000e+00   8.8725000e+00   8.8344000e+00   8.8549000e+00   8.2336000e+00   7.7685000e+00
   8.9583000e+00   9.0851000e+00   8.9807000e+00   9.0719000e+00   8.3757000e+00   7.6092000e+00
   8.9703000e+00   9.2258000e+00   9.1010000e+00   9.2789000e+00   8.5615000e+00   7.9164000e+00
   9.0197000e+00   9.2822000e+00   9.2099000e+00   9.3871000e+00   8.7701000e+00   7.9058000e+00
   8.8794000e+00   9.1814000e+00   9.0816000e+00   9.2597000e+00   8.7126000e+00   7.7893000e+00
   8.8150000e+00   9.0505000e+00   8.9752000e+00   9.1253000e+00   8.5285000e+00   7.5635000e+00
   8.8108000e+00   8.9554000e+00   8.9620000e+00   9.0444000e+00   8.4582000e+00   7.3785000e+00
   8.9207000e+00   9.0870000e+00   9.0973000e+00   9.1409000e+00   8.3306000e+00   7.3158000e+00
   8.9449000e+00   9.1526000e+00   9.0681000e+00   9.0557000e+00   7.9902000e+00   7.4244000e+00
   9.0693000e+00   9.1446000e+00   9.1476000e+00   9.0956000e+00   8.0568000e+00   7.6157000e+00
   9.1764000e+00   9.1361000e+00   9.2128000e+00   9.1432000e+00   7.9540000e+00   7.7127000e+00
   9.3415000e+00   9.3227000e+00   9.3974000e+00   9.3598000e+00   8.0347000e+00   8.0731000e+00
   9.6037000e+00   9.6739000e+00   9.7001000e+00   9.7110000e+00   8.2638000e+00   8.4210000e+00
   9.7144000e+00   9.8229000e+00   9.8066000e+00   9.8265000e+00   8.5512000e+00   8.9394000e+00
   9.7960000e+00   9.9050000e+00   9.8754000e+00   9.8723000e+00   8.7443000e+00   9.3062000e+00
   9.8259000e+00   9.9830000e+00   9.9454000e+00   9.9402000e+00   8.8199000e+00   9.4000000e+00
   9.8053000e+00   9.9847000e+00   9.9639000e+00   9.9830000e+00   9.1308000e+00   9.4535000e+00
   9.6363000e+00   9.7794000e+00   9.8720000e+00   9.9644000e+00   9.1847000e+00   9.4628000e+00
   9.4515000e+00   9.5884000e+00   9.7411000e+00   9.8686000e+00   8.7220000e+00   9.3346000e+00
   9.3868000e+00   9.4901000e+00   9.6444000e+00   9.7534000e+00   8.3293000e+00   9.1539000e+00
   9.3229000e+00   9.3644000e+00   9.5522000e+00   9.6404000e+00   8.1191000e+00   8.9994000e+00
   9.4068000e+00   9.3951000e+00   9.5782000e+00   9.6481000e+00   7.6415000e+00   8.8304000e+00
   9.3867000e+00   9.3711000e+00   9.6000000e+00   9.6907000e+00   7.2272000e+00   8.7028000e+00
   9.2169000e+00   9.1687000e+00   9.4429000e+00   9.5589000e+00   6.8869000e+00   8.5804000e+00
   9.1381000e+00   9.0689000e+00   9.2792000e+00   9.3677000e+00   6.7466000e+00   8.4415000e+00
   9.2621000e+00   9.1469000e+00   9.3060000e+00   9.3557000e+00   6.6788000e+00   8.2129000e+00
   9.1640000e+00   9.0701000e+00   9.2024000e+00   9.2500000e+00   6.8998000e+00   7.9416000e+00
   8.9921000e+00   8.9260000e+00   9.0451000e+00   9.1271000e+00   7.1933000e+00   7.5963000e+00
   9.0319000e+00   8.9213000e+00   9.0270000e+00   9.1084000e+00   7.3224000e+00   7.0456000e+00
   8.9390000e+00   8.7610000e+00   8.8613000e+00   8.9023000e+00   6.7980000e+00   6.4311000e+00
   8.8655000e+00   8.6882000e+00   8.7694000e+00   8.7916000e+00   5.7272000e+00   5.8774000e+00
   8.8094000e+00   8.5859000e+00   8.7233000e+00   8.7571000e+00   4.7868000e+00   5.2987000e+00
   8.5790000e+00   8.3643000e+00   8.4875000e+00   8.5297000e+00   4.3435000e+00   4.9598000e+00
   8.3741000e+00   8.1366000e+00   8.2504000e+00   8.2849000e+00   4.1314000e+00   4.5748000e+00
   8.3015000e+00   8.0021000e+00   8.0780000e+00   8.0593000e+00   3.8544000e+00   4.1789000e+00
   8.2018000e+00   7.9153000e+00   7.8976000e+00   7.8300000e+00   3.6077000e+00   3.8645000e+00
   8.2219000e+00   7.9308000e+00   7.9175000e+00   7.8546000e+00   3.3449000e+00   3.3908000e+00
   8.0799000e+00   7.8022000e+00   7.7989000e+00   7.7470000e+00   2.9609000e+00   2.8280000e+00
   7.8421000e+00   7.5756000e+00   7.5922000e+00   7.5543000e+00   2.5295000e+00   2.3734000e+00
   7.6366000e+00   7.3603000e+00   7.4048000e+00   7.3666000e+00   2.0068000e+00   2.0249000e+00
   7.6134000e+00   7.3947000e+00   7.4164000e+00   7.3921000e+00   1.7149000e+00   1.8356000e+00
   7.3105000e+00   7.1308000e+00   7.1869000e+00   7.1722000e+00   1.7268000e+00   1.7650000e+00
   6.8166000e+00   6.7934000e+00   6.7922000e+00   6.7767000e+00   1.8121000e+00   1.7666000e+00
   6.4417000e+00   6.6128000e+00   6.5123000e+00   6.4852000e+00   1.7260000e+00   1.5895000e+00
   6.1502000e+00   6.2904000e+00   6.1946000e+00   6.1417000e+00   1.8179000e+00   1.4691000e+00
   5.6812000e+00   5.9652000e+00   5.8213000e+00   5.7847000e+00   1.8834000e+00   1.3704000e+00
   4.9670000e+00   5.4919000e+00   5.2202000e+00   5.1805000e+00   1.8617000e+00   1.2880000e+00
   4.5437000e+00   5.1473000e+00   4.7935000e+00   4.7239000e+00   1.6179000e+00   1.1943000e+00
   4.3089000e+00   4.8625000e+00   4.5276000e+00   4.4376000e+00   1.4349000e+00   1.0530000e+00
   3.8583000e+00   4.3365000e+00   4.0389000e+00   3.9143000e+00   1.4333000e+00   1.0777000e+00
   3.7289000e+00   4.1645000e+00   3.8751000e+00   3.7323000e+00   1.4670000e+00   1.0851000e+00
   3.6573000e+00   4.0505000e+00   3.7797000e+00   3.6083000e+00   1.4738000e+00   1.0790000e+00
   3.4705000e+00   3.8329000e+00   3.5403000e+00   3.3499000e+00   1.4639000e+00   1.1727000e+00
   3.3386000e+00   3.6769000e+00   3.3277000e+00   3.1339000e+00   1.5360000e+00   1.1933000e+00
   3.1340000e+00   3.4535000e+00   3.0444000e+00   2.8433000e+00   1.6606000e+00   1.1936000e+00
   3.0650000e+00   3.3336000e+00   2.8694000e+00   2.6925000e+00   1.7027000e+00   1.3272000e+00
   3.0026000e+00   3.1631000e+00   2.6906000e+00   2.6000000e+00   1.7940000e+00   1.3608000e+00
   2.8537000e+00   2.9399000e+00   2.4619000e+00   2.5096000e+00   2.0600000e+00   1.5286000e+00
   2.7325000e+00   2.7309000e+00   2.3183000e+00   2.5788000e+00   2.2041000e+00   1.7941000e+00
   2.5531000e+00   2.4961000e+00   2.1783000e+00   2.6727000e+00   2.2605000e+00   1.8931000e+00
   2.4445000e+00   2.4817000e+00   2.2072000e+00   2.8147000e+00   2.2674000e+00   1.9092000e+00
   2.3101000e+00   2.5811000e+00   2.3226000e+00   2.8959000e+00   2.4018000e+00   1.9503000e+00
   2.1140000e+00   2.6917000e+00   2.4256000e+00   2.8873000e+00   2.5931000e+00   2.1061000e+00
   2.0084000e+00   2.8046000e+00   2.5462000e+00   2.8078000e+00   2.7152000e+00   2.2503000e+00
   2.1082000e+00   2.8846000e+00   2.6460000e+00   2.6510000e+00   2.7620000e+00   2.3233000e+00
   2.2954000e+00   2.8577000e+00   2.6306000e+00   2.4700000e+00   2.8161000e+00   2.3387000e+00
   2.3615000e+00   2.6628000e+00   2.4848000e+00   2.3094000e+00   2.8539000e+00   2.4387000e+00
   2.2273000e+00   2.3067000e+00   2.2150000e+00   2.1263000e+00   2.8395000e+00   2.5494000e+00
   1.9716000e+00   2.0463000e+00   1.9718000e+00   2.0105000e+00   2.8617000e+00   2.7158000e+00
   1.7350000e+00   1.9984000e+00   1.8871000e+00   2.0273000e+00   2.8119000e+00   2.8916000e+00
   1.6136000e+00   2.0945000e+00   1.9591000e+00   2.2043000e+00   2.7535000e+00   3.0898000e+00
   1.5093000e+00   2.2380000e+00   2.0728000e+00   2.4294000e+00   2.7222000e+00   3.1767000e+00
   1.7055000e+00   2.6178000e+00   2.4214000e+00   2.8781000e+00   2.7102000e+00   3.1113000e+00
   2.1760000e+00   3.1334000e+00   2.9460000e+00   3.4931000e+00   2.7976000e+00   3.0174000e+00
   2.8390000e+00   3.8230000e+00   3.6144000e+00   4.1808000e+00   2.8900000e+00   2.9481000e+00
   3.4329000e+00   4.4297000e+00   4.2174000e+00   4.6889000e+00   2.9899000e+00   2.9977000e+00
   4.1252000e+00   4.9343000e+00   4.7545000e+00   5.0511000e+00   2.9741000e+00   2.9827000e+00
   4.6710000e+00   5.2541000e+00   5.0788000e+00   5.2457000e+00   2.8441000e+00   2.9801000e+00
   5.0782000e+00   5.5741000e+00   5.3997000e+00   5.5583000e+00   2.6453000e+00   2.9501000e+00
   5.3872000e+00   5.8166000e+00   5.6267000e+00   5.7696000e+00   2.7564000e+00   2.8881000e+00
   5.7281000e+00   6.0455000e+00   5.8316000e+00   5.9594000e+00   3.0921000e+00   2.8464000e+00
   5.9775000e+00   6.2219000e+00   6.0339000e+00   6.1612000e+00   3.3298000e+00   2.6859000e+00
   6.1993000e+00   6.3918000e+00   6.2149000e+00   6.3466000e+00   3.3359000e+00   2.6532000e+00
   6.4272000e+00   6.6007000e+00   6.4192000e+00   6.5318000e+00   3.1113000e+00   2.4651000e+00
   6.5958000e+00   6.8564000e+00   6.6410000e+00   6.7700000e+00   2.9544000e+00   2.3729000e+00
   6.6919000e+00   7.0472000e+00   6.8210000e+00   6.9086000e+00   2.8984000e+00   2.2694000e+00
   6.8938000e+00   7.2349000e+00   7.0064000e+00   7.0701000e+00   2.9957000e+00   2.1770000e+00
   7.1935000e+00   7.4728000e+00   7.2711000e+00   7.3186000e+00   3.2461000e+00   2.3504000e+00
   7.4238000e+00   7.5752000e+00   7.4103000e+00   7.4661000e+00   3.4246000e+00   2.6859000e+00
   7.6182000e+00   7.6937000e+00   7.4741000e+00   7.5366000e+00   3.4955000e+00   2.9875000e+00
   7.4814000e+00   7.7389000e+00   7.6155000e+00   7.7457000e+00   3.6360000e+00   3.4167000e+00
   7.6673000e+00   7.9598000e+00   7.8080000e+00   7.8688000e+00   4.1846000e+00   4.1087000e+00
   7.6797000e+00   7.9437000e+00   7.8139000e+00   7.9006000e+00   4.3994000e+00   4.4618000e+00
   7.8368000e+00   8.0341000e+00   8.0089000e+00   8.1141000e+00   4.2848000e+00   4.4595000e+00
   7.9227000e+00   8.0851000e+00   7.9805000e+00   7.9857000e+00   4.6502000e+00   4.3855000e+00
   7.8760000e+00   7.7890000e+00   7.8539000e+00   7.9023000e+00   4.6986000e+00   3.7181000e+00
   8.0108000e+00   7.9454000e+00   8.0666000e+00   8.1068000e+00   4.1129000e+00   2.9984000e+00
   8.1349000e+00   8.0143000e+00   8.1336000e+00   8.0853000e+00   3.3999000e+00   2.8148000e+00
   8.2667000e+00   8.0877000e+00   8.1616000e+00   8.0649000e+00   3.5121000e+00   4.2355000e+00
   8.2631000e+00   8.1400000e+00   8.1796000e+00   8.0621000e+00   3.4448000e+00   6.1180000e+00
   8.3883000e+00   8.1965000e+00   8.2601000e+00   8.0935000e+00   5.2192000e+00   6.8988000e+00
   8.3495000e+00   8.0723000e+00   8.2005000e+00   8.0286000e+00   6.6177000e+00   7.4832000e+00
   8.4292000e+00   8.1292000e+00   8.2299000e+00   8.0417000e+00   7.3973000e+00   7.4641000e+00
   8.4795000e+00   8.1534000e+00   8.2850000e+00   8.1120000e+00   8.0280000e+00   7.3504000e+00
   8.2875000e+00   7.9928000e+00   8.1490000e+00   7.9953000e+00   7.8197000e+00   7.2221000e+00
   8.0678000e+00   7.8641000e+00   8.0334000e+00   7.9054000e+00   7.5174000e+00   7.1706000e+00
   7.8979000e+00   7.7876000e+00   7.9656000e+00   7.8271000e+00   7.4486000e+00   7.2687000e+00
   7.8425000e+00   7.6879000e+00   7.8617000e+00   7.6576000e+00   7.4413000e+00   7.4108000e+00
   7.9834000e+00   7.6748000e+00   7.8475000e+00   7.5931000e+00   7.4101000e+00   7.4005000e+00
   7.9590000e+00   7.5818000e+00   7.7912000e+00   7.5713000e+00   7.3891000e+00   7.3916000e+00
   7.9021000e+00   7.5046000e+00   7.7400000e+00   7.5184000e+00   7.3427000e+00   7.3103000e+00
   7.8255000e+00   7.4172000e+00   7.6472000e+00   7.4029000e+00   7.2499000e+00   7.1797000e+00
   7.8363000e+00   7.3996000e+00   7.6132000e+00   7.3222000e+00   7.0537000e+00   7.0252000e+00
   7.8195000e+00   7.3737000e+00   7.5760000e+00   7.2532000e+00   6.8418000e+00   6.8248000e+00
   7.7535000e+00   7.2803000e+00   7.4783000e+00   7.1381000e+00   6.7657000e+00   6.7995000e+00
   7.6549000e+00   7.1707000e+00   7.3782000e+00   7.0600000e+00   6.6295000e+00   6.7517000e+00
   7.4513000e+00   7.0373000e+00   7.2199000e+00   6.9154000e+00   6.4793000e+00   6.7016000e+00
   7.3402000e+00   6.9233000e+00   7.0880000e+00   6.7619000e+00   6.5148000e+00   6.7011000e+00
   7.3467000e+00   6.9170000e+00   7.0770000e+00   6.7456000e+00   6.5709000e+00   6.6427000e+00
   7.2804000e+00   6.8834000e+00   7.0333000e+00   6.7075000e+00   6.5877000e+00   6.5729000e+00
   7.1937000e+00   6.8225000e+00   6.9655000e+00   6.6362000e+00   6.6048000e+00   6.5884000e+00
   7.0682000e+00   6.6830000e+00   6.8313000e+00   6.4983000e+00   6.5098000e+00   6.5487000e+00
   7.0226000e+00   6.6193000e+00   6.7578000e+00   6.4172000e+00   6.4668000e+00   6.5082000e+00
   6.9833000e+00   6.5903000e+00   6.7231000e+00   6.3924000e+00   6.4161000e+00   6.4957000e+00
   6.9067000e+00   6.5194000e+00   6.6446000e+00   6.3123000e+00   6.4121000e+00   6.4503000e+00
   6.8968000e+00   6.5090000e+00   6.6141000e+00   6.2705000e+00   6.3944000e+00   6.3307000e+00
   6.8276000e+00   6.4454000e+00   6.5381000e+00   6.1964000e+00   6.3489000e+00   6.2258000e+00
   6.7546000e+00   6.3658000e+00   6.4576000e+00   6.1277000e+00   6.3150000e+00   6.1832000e+00
   6.6642000e+00   6.2658000e+00   6.3638000e+00   6.0510000e+00   6.2250000e+00   6.1362000e+00
   6.5481000e+00   6.1370000e+00   6.2536000e+00   5.9529000e+00   6.0987000e+00   6.0978000e+00
   6.4398000e+00   6.0380000e+00   6.1511000e+00   5.8617000e+00   6.0011000e+00   6.0133000e+00
   6.3314000e+00   5.9444000e+00   6.0511000e+00   5.7733000e+00   5.8900000e+00   5.9262000e+00
   6.1859000e+00   5.7917000e+00   5.8961000e+00   5.6169000e+00   5.8065000e+00   5.8181000e+00
   6.1081000e+00   5.7028000e+00   5.8144000e+00   5.5436000e+00   5.7845000e+00   5.7719000e+00
   6.0390000e+00   5.6440000e+00   5.7404000e+00   5.4722000e+00   5.7615000e+00   5.7660000e+00
   5.9930000e+00   5.5781000e+00   5.6851000e+00   5.4273000e+00   5.7193000e+00   5.7663000e+00
   5.8981000e+00   5.4786000e+00   5.5839000e+00   5.3543000e+00   5.6388000e+00   5.6988000e+00
   5.7036000e+00   5.3223000e+00   5.4114000e+00   5.2402000e+00   5.4427000e+00   5.4608000e+00
   5.5262000e+00   5.2156000e+00   5.2883000e+00   5.2057000e+00   4.9401000e+00   4.7821000e+00
   5.3320000e+00   5.1676000e+00   5.2145000e+00   5.2324000e+00   4.7291000e+00   4.6167000e+00
   5.0968000e+00   5.1100000e+00   5.0872000e+00   5.1957000e+00   4.2661000e+00   4.0834000e+00
   4.8270000e+00   5.0511000e+00   4.9597000e+00   5.1322000e+00   3.4117000e+00   3.2963000e+00
   4.5516000e+00   4.9600000e+00   4.8171000e+00   4.9684000e+00   2.8531000e+00   2.8007000e+00
   4.2681000e+00   4.7358000e+00   4.6130000e+00   4.7502000e+00   2.5038000e+00   2.4649000e+00
   4.1270000e+00   4.4885000e+00   4.3828000e+00   4.4654000e+00   2.3837000e+00   2.3318000e+00
   4.0288000e+00   4.2582000e+00   4.1572000e+00   4.2236000e+00   2.7328000e+00   2.7137000e+00
   3.8887000e+00   4.1822000e+00   4.1354000e+00   4.2979000e+00   2.8400000e+00   2.7829000e+00
   3.6404000e+00   4.1729000e+00   4.0012000e+00   4.1255000e+00   2.7688000e+00   2.7664000e+00
   3.3810000e+00   4.0142000e+00   3.7955000e+00   3.8810000e+00   2.8123000e+00   2.8410000e+00
   3.0747000e+00   3.7173000e+00   3.4878000e+00   3.5742000e+00   2.7485000e+00   2.8275000e+00
   2.7162000e+00   3.3243000e+00   3.0928000e+00   3.0905000e+00   2.6234000e+00   2.7716000e+00
   2.4008000e+00   2.8481000e+00   2.5829000e+00   2.4623000e+00   2.5532000e+00   2.6992000e+00
   1.9527000e+00   2.3350000e+00   2.1444000e+00   2.2038000e+00   2.4896000e+00   2.6341000e+00
   1.5573000e+00   2.3133000e+00   2.0745000e+00   2.2895000e+00   2.4641000e+00   2.5889000e+00
   1.4327000e+00   2.4355000e+00   2.2065000e+00   2.4433000e+00   2.4943000e+00   2.5545000e+00
   1.5824000e+00   2.5260000e+00   2.4126000e+00   2.5912000e+00   2.4847000e+00   2.5350000e+00
   1.9314000e+00   2.6078000e+00   2.5580000e+00   2.6813000e+00   2.4536000e+00   2.4904000e+00
   2.2131000e+00   2.6479000e+00   2.6496000e+00   2.7850000e+00   2.4441000e+00   2.4479000e+00
   2.3381000e+00   2.6157000e+00   2.6507000e+00   2.7879000e+00   2.4522000e+00   2.3832000e+00
   2.4390000e+00   2.6082000e+00   2.6957000e+00   2.8318000e+00   2.4244000e+00   2.2844000e+00
   2.5323000e+00   2.6342000e+00   2.7414000e+00   2.8679000e+00   2.3875000e+00   2.2295000e+00
   2.5995000e+00   2.6730000e+00   2.7940000e+00   2.9132000e+00   2.3463000e+00   2.1548000e+00
   2.6616000e+00   2.7162000e+00   2.8193000e+00   2.9421000e+00   2.3395000e+00   2.1421000e+00
   2.7498000e+00   2.7581000e+00   2.8746000e+00   3.0013000e+00   2.3012000e+00   2.1603000e+00
   2.8388000e+00   2.8102000e+00   2.9304000e+00   3.0517000e+00   2.1950000e+00   2.1636000e+00
   2.9340000e+00   2.8933000e+00   2.9992000e+00   3.1199000e+00   2.1328000e+00   2.1336000e+00
   2.9859000e+00   2.9473000e+00   3.0285000e+00   3.1410000e+00   2.1170000e+00   2.1374000e+00
   3.0443000e+00   3.0021000e+00   3.0531000e+00   3.1587000e+00   2.1744000e+00   2.2339000e+00
   3.1330000e+00   3.0946000e+00   3.1445000e+00   3.2588000e+00   2.3310000e+00   2.3177000e+00
   3.2319000e+00   3.1995000e+00   3.2312000e+00   3.3456000e+00   2.4156000e+00   2.3400000e+00
   3.3902000e+00   3.3514000e+00   3.3676000e+00   3.4785000e+00   2.2933000e+00   2.4346000e+00
   3.5413000e+00   3.4930000e+00   3.5053000e+00   3.6191000e+00   2.3973000e+00   2.5756000e+00
   3.6501000e+00   3.5940000e+00   3.6167000e+00   3.7281000e+00   2.6689000e+00   2.6752000e+00
   3.7626000e+00   3.7369000e+00   3.7204000e+00   3.8024000e+00   2.6134000e+00   2.7861000e+00
   3.9029000e+00   3.8836000e+00   3.8407000e+00   3.9125000e+00   2.8611000e+00   2.8450000e+00
   3.9642000e+00   3.9362000e+00   3.8907000e+00   3.9809000e+00   3.1765000e+00   2.9957000e+00
   3.9173000e+00   3.9321000e+00   3.8689000e+00   3.9593000e+00   3.2560000e+00   3.2653000e+00
   3.8596000e+00   3.9336000e+00   3.8592000e+00   3.9571000e+00   3.3423000e+00   3.3085000e+00
   3.9707000e+00   4.0765000e+00   3.9840000e+00   4.0701000e+00   3.1319000e+00   3.3278000e+00
   3.9329000e+00   4.0784000e+00   3.9615000e+00   4.0338000e+00   3.3946000e+00   3.5233000e+00
   3.9720000e+00   4.1492000e+00   4.0164000e+00   4.0570000e+00   3.8284000e+00   3.4753000e+00
   3.8929000e+00   4.1089000e+00   4.0115000e+00   4.0422000e+00   3.8066000e+00   3.3972000e+00
   3.9886000e+00   4.2365000e+00   4.1286000e+00   4.1352000e+00   3.9583000e+00   3.4304000e+00
   4.2061000e+00   4.4171000e+00   4.3218000e+00   4.3372000e+00   4.1888000e+00   3.1924000e+00
   4.3629000e+00   4.5015000e+00   4.4471000e+00   4.4857000e+00   4.2117000e+00   2.1624000e+00
   4.4777000e+00   4.5865000e+00   4.6055000e+00   4.6088000e+00   3.1666000e+00   1.2916000e+00
   4.8807000e+00   4.7951000e+00   4.8570000e+00   4.8657000e+00   1.8925000e+00   1.5432000e+00
   5.1291000e+00   5.0579000e+00   5.0513000e+00   5.0719000e+00   1.9659000e+00   2.3035000e+00
   5.1799000e+00   5.1811000e+00   5.1046000e+00   5.1272000e+00   1.9927000e+00   2.4142000e+00
   5.2052000e+00   5.2569000e+00   5.2102000e+00   5.2733000e+00   2.4780000e+00   2.4840000e+00
   5.2296000e+00   5.3142000e+00   5.2381000e+00   5.3072000e+00   2.6659000e+00   2.8896000e+00
   5.5427000e+00   5.6533000e+00   5.5328000e+00   5.5873000e+00   3.0212000e+00   3.4503000e+00
   5.4637000e+00   5.5904000e+00   5.4348000e+00   5.4613000e+00   3.5187000e+00   3.6438000e+00
   5.4087000e+00   5.5421000e+00   5.3755000e+00   5.3922000e+00   3.7827000e+00   3.8696000e+00
   5.5099000e+00   5.6306000e+00   5.4639000e+00   5.4705000e+00   4.0917000e+00   4.2829000e+00
   5.5112000e+00   5.5974000e+00   5.4488000e+00   5.4463000e+00   4.0523000e+00   4.3955000e+00
   5.4311000e+00   5.5041000e+00   5.3454000e+00   5.3281000e+00   4.2763000e+00   4.5057000e+00
   5.3468000e+00   5.4317000e+00   5.2517000e+00   5.2280000e+00   4.3626000e+00   4.6754000e+00
   5.3159000e+00   5.3841000e+00   5.2099000e+00   5.1766000e+00   4.3734000e+00   4.9062000e+00
   5.3135000e+00   5.3852000e+00   5.2248000e+00   5.1967000e+00   4.5682000e+00   5.1694000e+00
   5.2090000e+00   5.2974000e+00   5.1507000e+00   5.1343000e+00   4.8325000e+00   5.2994000e+00
   5.2484000e+00   5.3330000e+00   5.1793000e+00   5.1599000e+00   5.2161000e+00   5.2556000e+00
   5.1125000e+00   5.1982000e+00   5.0479000e+00   5.0268000e+00   5.5196000e+00   5.3199000e+00
   5.0165000e+00   5.0914000e+00   4.9274000e+00   4.8900000e+00   5.6942000e+00   5.3493000e+00
   5.0905000e+00   5.1736000e+00   4.9959000e+00   4.9515000e+00   5.8271000e+00   5.4236000e+00
   5.2278000e+00   5.3002000e+00   5.1399000e+00   5.1000000e+00   5.8099000e+00   5.5465000e+00
   5.3646000e+00   5.4385000e+00   5.3104000e+00   5.2871000e+00   5.6638000e+00   5.4737000e+00
   5.2876000e+00   5.3312000e+00   5.2568000e+00   5.2485000e+00   5.6531000e+00   5.2637000e+00
   5.2716000e+00   5.3087000e+00   5.2104000e+00   5.1821000e+00   5.6756000e+00   5.2466000e+00
   5.2939000e+00   5.3482000e+00   5.2242000e+00   5.1920000e+00   5.7970000e+00   5.2697000e+00
   5.2966000e+00   5.3609000e+00   5.2329000e+00   5.1978000e+00   5.8125000e+00   5.4409000e+00
   5.2627000e+00   5.3395000e+00   5.2200000e+00   5.1993000e+00   5.6180000e+00   5.4871000e+00
   5.1254000e+00   5.2465000e+00   5.1166000e+00   5.1102000e+00   5.4703000e+00   5.4192000e+00
   5.1335000e+00   5.2730000e+00   5.1136000e+00   5.0919000e+00   5.4477000e+00   5.4224000e+00
   5.1816000e+00   5.3263000e+00   5.1804000e+00   5.1623000e+00   5.4146000e+00   5.4236000e+00
   5.1523000e+00   5.3060000e+00   5.1723000e+00   5.1668000e+00   5.4833000e+00   5.3748000e+00
   5.0264000e+00   5.1975000e+00   5.0710000e+00   5.0821000e+00   5.4415000e+00   5.4046000e+00
   4.9077000e+00   5.1054000e+00   4.9661000e+00   4.9848000e+00   5.4914000e+00   5.4800000e+00
   4.9152000e+00   5.1027000e+00   4.9774000e+00   4.9955000e+00   5.3332000e+00   5.5666000e+00
   4.8863000e+00   5.0694000e+00   4.9701000e+00   5.0011000e+00   5.2270000e+00   5.4725000e+00
   4.6990000e+00   4.8698000e+00   4.7582000e+00   4.7737000e+00   5.1382000e+00   5.4044000e+00
   4.6805000e+00   4.8184000e+00   4.6715000e+00   4.6580000e+00   5.0079000e+00   5.3563000e+00
   4.7321000e+00   4.8192000e+00   4.6854000e+00   4.6637000e+00   4.8861000e+00   5.2639000e+00
   4.7462000e+00   4.7933000e+00   4.7081000e+00   4.7042000e+00   4.8854000e+00   5.1676000e+00
   4.6267000e+00   4.6618000e+00   4.5922000e+00   4.5950000e+00   4.8634000e+00   5.1296000e+00
   4.5246000e+00   4.5573000e+00   4.4808000e+00   4.4840000e+00   4.7333000e+00   5.0407000e+00
   4.4830000e+00   4.4836000e+00   4.4219000e+00   4.4186000e+00   4.4820000e+00   4.9604000e+00
   4.4255000e+00   4.4211000e+00   4.3714000e+00   4.3688000e+00   4.3007000e+00   4.8155000e+00
   4.3844000e+00   4.3585000e+00   4.3263000e+00   4.3278000e+00   4.1094000e+00   4.6532000e+00
   4.3137000e+00   4.2743000e+00   4.2568000e+00   4.2638000e+00   3.9388000e+00   4.4358000e+00
   4.1485000e+00   4.1060000e+00   4.0905000e+00   4.0954000e+00   3.7271000e+00   4.2353000e+00
   4.1115000e+00   4.0586000e+00   4.0198000e+00   4.0103000e+00   3.5790000e+00   3.9258000e+00
   4.0828000e+00   4.0164000e+00   3.9837000e+00   3.9745000e+00   3.4297000e+00   3.5953000e+00
   3.9316000e+00   3.8495000e+00   3.8414000e+00   3.8366000e+00   3.3298000e+00   3.1192000e+00
   3.7533000e+00   3.6794000e+00   3.6674000e+00   3.6562000e+00   3.4860000e+00   3.1378000e+00
   3.6347000e+00   3.5253000e+00   3.5313000e+00   3.5257000e+00   3.7177000e+00   3.2954000e+00
   3.4619000e+00   3.3908000e+00   3.4098000e+00   3.4192000e+00   3.2767000e+00   2.9746000e+00
   3.2550000e+00   3.2175000e+00   3.2320000e+00   3.1962000e+00   2.7051000e+00   2.3872000e+00
   3.1586000e+00   3.1351000e+00   3.1108000e+00   3.0506000e+00   2.4029000e+00   2.1386000e+00
   2.9517000e+00   2.9971000e+00   2.9170000e+00   2.8396000e+00   2.5735000e+00   2.4992000e+00
   2.7549000e+00   2.8595000e+00   2.7369000e+00   2.6512000e+00   2.6207000e+00   2.6413000e+00
   2.5760000e+00   2.7510000e+00   2.6654000e+00   2.6302000e+00   2.9037000e+00   3.0221000e+00
   2.3835000e+00   2.6626000e+00   2.4930000e+00   2.4865000e+00   3.2995000e+00   3.2789000e+00
   2.1582000e+00   2.5362000e+00   2.4014000e+00   2.4812000e+00   3.3781000e+00   3.4337000e+00
   2.1062000e+00   2.6216000e+00   2.3404000e+00   2.3943000e+00   3.4395000e+00   3.4959000e+00
   1.9198000e+00   2.4902000e+00   2.2134000e+00   2.2651000e+00   3.4293000e+00   3.4354000e+00
   1.7693000e+00   2.4142000e+00   2.1585000e+00   2.2354000e+00   3.3909000e+00   3.3637000e+00
   1.6928000e+00   2.4925000e+00   2.1671000e+00   2.2443000e+00   3.4600000e+00   3.2981000e+00
   1.6215000e+00   2.5064000e+00   2.1667000e+00   2.2326000e+00   3.4631000e+00   3.3043000e+00
   1.6821000e+00   2.5145000e+00   2.1793000e+00   2.2410000e+00   3.4855000e+00   3.3026000e+00
   1.7243000e+00   2.5890000e+00   2.2551000e+00   2.3335000e+00   3.5339000e+00   3.3134000e+00
   1.7267000e+00   2.5566000e+00   2.2599000e+00   2.3258000e+00   3.5912000e+00   3.3366000e+00
   1.7949000e+00   2.5588000e+00   2.2873000e+00   2.3548000e+00   3.6243000e+00   3.3737000e+00
   1.7836000e+00   2.5332000e+00   2.2726000e+00   2.3152000e+00   3.6692000e+00   3.3635000e+00
   1.8050000e+00   2.4926000e+00   2.2558000e+00   2.3027000e+00   3.6390000e+00   3.3186000e+00
   1.7605000e+00   2.4386000e+00   2.2379000e+00   2.2772000e+00   3.6339000e+00   3.0228000e+00
   1.7892000e+00   2.4642000e+00   2.2613000e+00   2.2934000e+00   3.5512000e+00   2.5911000e+00
   1.7794000e+00   2.4285000e+00   2.2355000e+00   2.2676000e+00   3.4014000e+00   4.9977000e+00
   1.6811000e+00   2.3008000e+00   2.1239000e+00   2.1630000e+00   3.1719000e+00   4.7061000e+00
   1.6279000e+00   2.2291000e+00   2.0620000e+00   2.1010000e+00   3.4732000e+00   3.7370000e+00
   1.5987000e+00   2.1888000e+00   2.0236000e+00   2.0774000e+00   7.3287000e+00   3.6578000e+00
   1.5983000e+00   2.1761000e+00   2.0132000e+00   2.0781000e+00   5.2131000e+00   4.1030000e+00
   1.6812000e+00   2.2363000e+00   2.0874000e+00   2.1577000e+00   3.5363000e+00   4.5874000e+00
   1.7901000e+00   2.3533000e+00   2.1999000e+00   2.2785000e+00   3.7990000e+00   4.2238000e+00
   1.9569000e+00   2.5218000e+00   2.3637000e+00   2.4545000e+00   4.4957000e+00   3.7767000e+00
   2.1093000e+00   2.6681000e+00   2.4833000e+00   2.5641000e+00   4.2236000e+00   3.3658000e+00
   2.2129000e+00   2.7384000e+00   2.5581000e+00   2.6276000e+00   4.4437000e+00   3.2637000e+00
   2.2790000e+00   2.7628000e+00   2.5794000e+00   2.6216000e+00   2.6541000e+00   3.8151000e+00
   2.3332000e+00   2.8023000e+00   2.6046000e+00   2.6431000e+00   3.4456000e+00   5.2179000e+00
   2.2519000e+00   2.7642000e+00   2.5312000e+00   2.5829000e+00   5.0026000e+00   4.1438000e+00
   2.3894000e+00   2.9182000e+00   2.6969000e+00   2.7749000e+00   6.5578000e+00   3.9489000e+00
   2.5778000e+00   3.1345000e+00   2.9170000e+00   3.0059000e+00   5.5914000e+00   3.8261000e+00
   2.4522000e+00   2.9869000e+00   2.7727000e+00   2.8337000e+00   4.2461000e+00   3.4950000e+00
   2.6080000e+00   3.0756000e+00   2.8577000e+00   2.8951000e+00   3.5482000e+00   3.3443000e+00
   2.7223000e+00   3.1855000e+00   2.9689000e+00   3.0293000e+00   3.2067000e+00   3.2630000e+00
   2.8325000e+00   3.3184000e+00   3.0826000e+00   3.1558000e+00   3.2138000e+00   3.1676000e+00
   2.9636000e+00   3.4779000e+00   3.2068000e+00   3.2960000e+00   2.8792000e+00   3.2404000e+00
   2.9721000e+00   3.4684000e+00   3.2352000e+00   3.3407000e+00   3.0254000e+00   3.3149000e+00
   3.2399000e+00   3.6735000e+00   3.4714000e+00   3.5507000e+00   2.1321000e+00   2.1985000e+00
   3.5433000e+00   3.8093000e+00   3.6498000e+00   3.6845000e+00   1.2128000e+00   1.4244000e+00
   3.5611000e+00   3.7923000e+00   3.6506000e+00   3.6838000e+00   1.9590000e+00   8.2800000e-01
   3.7854000e+00   3.8802000e+00   3.7855000e+00   3.8133000e+00   1.6744000e+00  -2.5600000e-01
   4.2600000e+00   4.3313000e+00   4.1316000e+00   4.0874000e+00   2.5656000e+00  -1.4140000e-01
   4.1390000e+00   4.1168000e+00   4.0409000e+00   4.0436000e+00   2.6536000e+00   7.9320000e-01
   4.3669000e+00   4.2827000e+00   4.2157000e+00   4.1721000e+00   1.2351000e+00   1.6293000e+00
   4.4866000e+00   4.4585000e+00   4.3284000e+00   4.2950000e+00   1.8126000e+00   2.6977000e+00
   4.6550000e+00   4.6048000e+00   4.4765000e+00   4.4389000e+00   2.3666000e+00   3.1734000e+00
   4.4951000e+00   4.4455000e+00   4.3067000e+00   4.2637000e+00   2.9736000e+00   3.1759000e+00
   4.4911000e+00   4.4410000e+00   4.3143000e+00   4.2820000e+00   3.2042000e+00   3.4195000e+00
   4.5049000e+00   4.4310000e+00   4.3194000e+00   4.2867000e+00   3.5687000e+00   3.7808000e+00
   4.3609000e+00   4.2510000e+00   4.1907000e+00   4.1631000e+00   3.6357000e+00   3.6456000e+00
   4.1477000e+00   4.0960000e+00   4.0261000e+00   4.0164000e+00   3.5411000e+00   3.6446000e+00
   3.8883000e+00   3.8309000e+00   3.7287000e+00   3.6880000e+00   3.1388000e+00   3.6097000e+00
   4.1609000e+00   4.1205000e+00   4.0671000e+00   4.0689000e+00   3.3056000e+00   3.1578000e+00
   4.0721000e+00   4.0862000e+00   3.9373000e+00   3.9061000e+00   3.1766000e+00   3.1253000e+00
   4.1060000e+00   4.0760000e+00   4.0262000e+00   4.0411000e+00   3.2779000e+00   3.1290000e+00
   3.8483000e+00   3.8196000e+00   3.7214000e+00   3.7011000e+00   3.5138000e+00   3.5012000e+00
   4.4102000e+00   4.3873000e+00   4.2630000e+00   4.2347000e+00   3.5456000e+00   3.5786000e+00
   4.5623000e+00   4.5223000e+00   4.4416000e+00   4.4388000e+00   3.2396000e+00   3.5914000e+00
   4.5527000e+00   4.5180000e+00   4.4357000e+00   4.4171000e+00   3.4581000e+00   3.6432000e+00
   4.5466000e+00   4.5826000e+00   4.4393000e+00   4.4285000e+00   3.5728000e+00   3.7787000e+00
   4.7533000e+00   4.7117000e+00   4.6002000e+00   4.5617000e+00   4.4641000e+00   3.8322000e+00
   4.8743000e+00   4.8415000e+00   4.7267000e+00   4.7051000e+00   4.4811000e+00   4.6675000e+00
   4.8495000e+00   4.8024000e+00   4.7374000e+00   4.7318000e+00   4.4797000e+00   4.5093000e+00
   5.0607000e+00   5.0747000e+00   4.9229000e+00   4.8946000e+00   4.5940000e+00   4.4316000e+00
