  -3.4090000e+00  -3.5658000e+00  -3.4854000e+00  -3.5370000e+00  -5.1132000e+00  -4.5416000e+00
  -3.1425000e+00  -3.2686000e+00  -3.1932000e+00  -3.2266000e+00  -5.2343000e+00  -4.8744000e+00
  -3.2125000e+00  -3.3211000e+00  -3.2401000e+00  -3.2623000e+00  -5.0455000e+00  -4.7922000e+00
  -3.2352000e+00  -3.3390000e+00  -3.2575000e+00  -3.2738000e+00  -5.0129000e+00  -4.7044000e+00
  -3.2508000e+00  -3.2955000e+00  -3.2146000e+00  -3.1892000e+00  -5.2792000e+00  -4.9527000e+00
  -3.5078000e+00  -3.6098000e+00  -3.5188000e+00  -3.5200000e+00  -5.4264000e+00  -5.3504000e+00
  -3.5778000e+00  -3.6159000e+00  -3.5058000e+00  -3.4460000e+00  -5.7109000e+00  -5.6623000e+00
  -4.1096000e+00  -4.1430000e+00  -4.0503000e+00  -3.9941000e+00  -5.9776000e+00  -6.0221000e+00
  -4.2788000e+00  -4.3026000e+00  -4.2269000e+00  -4.1895000e+00  -6.0301000e+00  -6.0689000e+00
  -4.2993000e+00  -4.3166000e+00  -4.2929000e+00  -4.3046000e+00  -5.9898000e+00  -6.0607000e+00
  -4.1201000e+00  -4.1560000e+00  -4.1450000e+00  -4.1584000e+00  -6.1745000e+00  -6.2979000e+00
  -4.0600000e+00  -4.1064000e+00  -4.1375000e+00  -4.1601000e+00  -6.3270000e+00  -6.3809000e+00
  -3.9640000e+00  -3.9863000e+00  -4.0401000e+00  -4.0457000e+00  -6.3467000e+00  -6.3924000e+00
  -4.0435000e+00  -4.0378000e+00  -4.0465000e+00  -4.0258000e+00  -6.0062000e+00  -6.2132000e+00
  -3.9016000e+00  -3.9109000e+00  -3.9856000e+00  -4.0112000e+00  -5.7218000e+00  -5.8292000e+00
  -3.8234000e+00  -3.8770000e+00  -3.8767000e+00  -3.8909000e+00  -5.4123000e+00  -5.7637000e+00
  -3.8944000e+00  -3.9663000e+00  -3.9115000e+00  -3.9076000e+00  -5.0026000e+00  -5.5103000e+00
  -4.1457000e+00  -4.2105000e+00  -4.1799000e+00  -4.1958000e+00  -5.5119000e+00  -5.3400000e+00
  -4.3320000e+00  -4.4459000e+00  -4.4396000e+00  -4.4813000e+00  -4.9219000e+00  -5.2875000e+00
  -4.2695000e+00  -4.3513000e+00  -4.3577000e+00  -4.4199000e+00  -4.2287000e+00  -4.5528000e+00
  -4.4518000e+00  -4.5484000e+00  -4.5324000e+00  -4.6048000e+00  -3.7852000e+00  -4.3394000e+00
  -4.2816000e+00  -4.3945000e+00  -4.3887000e+00  -4.4783000e+00  -4.0611000e+00  -4.5801000e+00
  -4.0067000e+00  -4.0111000e+00  -4.0817000e+00  -4.1631000e+00  -4.1342000e+00  -4.6225000e+00
  -4.3997000e+00  -4.3188000e+00  -4.3146000e+00  -4.2838000e+00  -4.2337000e+00  -4.6584000e+00
  -3.9301000e+00  -3.7867000e+00  -3.9646000e+00  -4.0435000e+00  -4.2565000e+00  -4.5805000e+00
  -4.5979000e+00  -3.8637000e+00  -3.9995000e+00  -3.8380000e+00  -4.5909000e+00  -4.5443000e+00
  -3.9660000e+00  -3.7228000e+00  -3.8183000e+00  -3.7932000e+00  -4.8566000e+00  -4.9990000e+00
  -5.2440000e+00  -5.1086000e+00  -4.9156000e+00  -4.7561000e+00  -5.1957000e+00  -5.1595000e+00
  -5.0690000e+00  -5.0106000e+00  -5.1114000e+00  -5.1884000e+00  -5.4609000e+00  -5.4042000e+00
  -4.7007000e+00  -4.7483000e+00  -4.8119000e+00  -4.8702000e+00  -5.9512000e+00  -5.9144000e+00
  -4.4675000e+00  -4.3501000e+00  -4.3793000e+00  -4.3347000e+00  -5.6888000e+00  -5.7542000e+00
  -4.6088000e+00  -4.6009000e+00  -4.5650000e+00  -4.5751000e+00  -5.9374000e+00  -5.6158000e+00
  -4.7247000e+00  -4.5420000e+00  -4.7175000e+00  -4.7529000e+00  -5.3272000e+00  -5.0516000e+00
  -5.4023000e+00  -5.3105000e+00  -5.2886000e+00  -5.1960000e+00  -6.7734000e+00  -5.3874000e+00
  -6.1239000e+00  -5.9110000e+00  -5.9692000e+00  -5.9091000e+00  -7.2785000e+00  -5.9139000e+00
  -6.1686000e+00  -5.8228000e+00  -6.1872000e+00  -6.2444000e+00  -7.0961000e+00  -6.2831000e+00
  -6.0696000e+00  -5.8534000e+00  -6.0755000e+00  -6.0985000e+00  -6.9597000e+00  -6.7100000e+00
  -6.0065000e+00  -5.9161000e+00  -5.9880000e+00  -6.0220000e+00  -7.2752000e+00  -7.4047000e+00
  -5.6019000e+00  -5.4002000e+00  -5.5705000e+00  -5.6112000e+00  -4.8717000e+00  -6.8127000e+00
  -4.8887000e+00  -5.2779000e+00  -5.2697000e+00  -5.5062000e+00  -6.9085000e+00  -6.4711000e+00
  -4.9767000e+00  -4.1899000e+00  -4.5185000e+00  -4.3133000e+00  -6.8709000e+00  -7.2140000e+00
  -5.2063000e+00  -5.0255000e+00  -5.1539000e+00  -5.0854000e+00  -6.5591000e+00  -7.4990000e+00
  -5.7750000e+00  -5.5080000e+00  -5.6028000e+00  -5.4541000e+00  -5.7559000e+00  -7.0933000e+00
  -6.6444000e+00  -6.6349000e+00  -6.6818000e+00  -6.6688000e+00  -7.1466000e+00  -6.6401000e+00
  -4.3700000e+00  -5.0094000e+00  -5.5302000e+00  -6.1194000e+00  -7.6846000e+00  -7.4319000e+00
  -7.1768000e+00  -7.0307000e+00  -6.5413000e+00  -5.9506000e+00  -7.4896000e+00  -7.7588000e+00
  -6.7694000e+00  -6.2624000e+00  -6.3738000e+00  -6.2039000e+00  -7.1154000e+00  -8.0384000e+00
  -7.0000000e+00  -6.6522000e+00  -6.7073000e+00  -6.6101000e+00  -6.4822000e+00  -8.0235000e+00
  -6.4617000e+00  -6.4349000e+00  -6.7150000e+00  -6.9290000e+00  -6.4955000e+00  -7.9325000e+00
  -6.6093000e+00  -6.4348000e+00  -6.5855000e+00  -6.5743000e+00  -7.3193000e+00  -7.8790000e+00
  -7.1612000e+00  -6.8745000e+00  -6.9781000e+00  -6.8460000e+00  -7.9139000e+00  -8.3570000e+00
  -7.4069000e+00  -7.3027000e+00  -7.3088000e+00  -7.2308000e+00  -7.8692000e+00  -8.7541000e+00
  -7.5383000e+00  -7.5629000e+00  -7.5630000e+00  -7.5465000e+00  -8.0315000e+00  -9.0716000e+00
  -7.4305000e+00  -7.3939000e+00  -7.4498000e+00  -7.4379000e+00  -8.3617000e+00  -9.2053000e+00
  -7.6486000e+00  -7.6775000e+00  -7.7261000e+00  -7.7337000e+00  -8.4215000e+00  -9.2761000e+00
  -7.7290000e+00  -7.8880000e+00  -7.8620000e+00  -7.9376000e+00  -8.4108000e+00  -9.3012000e+00
  -7.8644000e+00  -7.8561000e+00  -7.8374000e+00  -7.8060000e+00  -8.4792000e+00  -9.1938000e+00
  -7.9970000e+00  -7.9256000e+00  -7.9773000e+00  -7.9421000e+00  -8.5185000e+00  -9.1340000e+00
  -8.3703000e+00  -8.2254000e+00  -8.3447000e+00  -8.3188000e+00  -8.7180000e+00  -9.3362000e+00
  -8.2593000e+00  -8.2350000e+00  -8.2679000e+00  -8.2594000e+00  -8.9730000e+00  -9.4708000e+00
  -8.0923000e+00  -8.1011000e+00  -8.1601000e+00  -8.1845000e+00  -9.1303000e+00  -9.4406000e+00
  -7.9151000e+00  -7.9722000e+00  -8.0507000e+00  -8.1065000e+00  -9.1460000e+00  -9.4282000e+00
  -7.7040000e+00  -7.7545000e+00  -7.8004000e+00  -7.8425000e+00  -9.0371000e+00  -9.2924000e+00
  -7.8368000e+00  -7.9295000e+00  -7.9284000e+00  -7.9694000e+00  -8.9007000e+00  -8.9266000e+00
  -7.8511000e+00  -7.8774000e+00  -7.9054000e+00  -7.9276000e+00  -8.8740000e+00  -8.6311000e+00
  -8.0460000e+00  -8.0791000e+00  -8.0986000e+00  -8.1214000e+00  -8.6709000e+00  -9.1000000e+00
  -8.2910000e+00  -8.2321000e+00  -8.2704000e+00  -8.2674000e+00  -8.8594000e+00  -9.0160000e+00
  -8.4241000e+00  -8.4473000e+00  -8.4658000e+00  -8.4934000e+00  -8.7328000e+00  -8.7193000e+00
  -8.2851000e+00  -8.3458000e+00  -8.3392000e+00  -8.3859000e+00  -8.7271000e+00  -8.2827000e+00
  -8.1168000e+00  -8.1660000e+00  -8.1731000e+00  -8.2151000e+00  -8.8307000e+00  -8.1971000e+00
  -7.9015000e+00  -7.9485000e+00  -7.9712000e+00  -8.0208000e+00  -8.8305000e+00  -8.5256000e+00
  -7.8012000e+00  -7.7912000e+00  -7.8242000e+00  -7.8523000e+00  -8.8257000e+00  -8.7037000e+00
  -7.7901000e+00  -7.7775000e+00  -7.8085000e+00  -7.8304000e+00  -8.8200000e+00  -8.7789000e+00
  -7.8476000e+00  -7.8253000e+00  -7.8310000e+00  -7.8307000e+00  -8.7875000e+00  -8.6780000e+00
  -7.8686000e+00  -7.8903000e+00  -7.8692000e+00  -7.8684000e+00  -8.8836000e+00  -8.6167000e+00
  -7.8338000e+00  -7.8696000e+00  -7.8610000e+00  -7.8752000e+00  -9.0020000e+00  -8.6568000e+00
  -7.8360000e+00  -7.8612000e+00  -7.8718000e+00  -7.8834000e+00  -8.9149000e+00  -8.7183000e+00
  -7.8953000e+00  -7.9357000e+00  -7.9349000e+00  -7.9531000e+00  -8.8996000e+00  -8.6414000e+00
  -7.9497000e+00  -7.9806000e+00  -7.9833000e+00  -7.9993000e+00  -8.8664000e+00  -8.4541000e+00
  -8.0425000e+00  -8.0443000e+00  -8.0664000e+00  -8.0799000e+00  -8.6082000e+00  -8.3024000e+00
  -8.1896000e+00  -8.2129000e+00  -8.2104000e+00  -8.2227000e+00  -8.3724000e+00  -8.1151000e+00
  -8.2558000e+00  -8.3303000e+00  -8.3016000e+00  -8.3303000e+00  -8.3373000e+00  -7.9029000e+00
  -8.2321000e+00  -8.3309000e+00  -8.2895000e+00  -8.3275000e+00  -8.3745000e+00  -7.6881000e+00
  -8.2567000e+00  -8.3709000e+00  -8.3034000e+00  -8.3327000e+00  -8.3962000e+00  -7.5460000e+00
  -8.2269000e+00  -8.3675000e+00  -8.2997000e+00  -8.3561000e+00  -8.4587000e+00  -7.5221000e+00
  -8.2902000e+00  -8.4438000e+00  -8.3646000e+00  -8.4366000e+00  -8.3866000e+00  -7.5053000e+00
  -8.4061000e+00  -8.5315000e+00  -8.4633000e+00  -8.5250000e+00  -8.1923000e+00  -7.5467000e+00
  -8.6358000e+00  -8.6931000e+00  -8.6711000e+00  -8.7187000e+00  -7.7940000e+00  -7.5925000e+00
  -8.7955000e+00  -8.8928000e+00  -8.8258000e+00  -8.8680000e+00  -7.3060000e+00  -7.5827000e+00
  -8.8583000e+00  -9.0013000e+00  -8.8806000e+00  -8.9046000e+00  -7.0354000e+00  -7.5501000e+00
  -8.8118000e+00  -8.9507000e+00  -8.8263000e+00  -8.8505000e+00  -7.2599000e+00  -7.5103000e+00
  -8.8036000e+00  -8.9499000e+00  -8.8315000e+00  -8.8596000e+00  -7.7196000e+00  -7.4641000e+00
  -8.9048000e+00  -8.9802000e+00  -8.9403000e+00  -8.9662000e+00  -7.8186000e+00  -7.4328000e+00
  -8.9641000e+00  -9.0381000e+00  -9.0330000e+00  -9.0742000e+00  -7.5424000e+00  -7.4603000e+00
  -9.0939000e+00  -9.1604000e+00  -9.1261000e+00  -9.1310000e+00  -7.2825000e+00  -7.3844000e+00
  -9.2854000e+00  -9.3799000e+00  -9.3126000e+00  -9.3134000e+00  -7.5034000e+00  -7.2135000e+00
  -9.3781000e+00  -9.4160000e+00  -9.4553000e+00  -9.4995000e+00  -7.7284000e+00  -7.0132000e+00
  -9.3197000e+00  -9.3315000e+00  -9.3811000e+00  -9.4214000e+00  -8.0181000e+00  -7.0152000e+00
  -9.3082000e+00  -9.3242000e+00  -9.4511000e+00  -9.5357000e+00  -8.2505000e+00  -7.1357000e+00
  -9.0642000e+00  -9.2108000e+00  -9.2506000e+00  -9.3564000e+00  -8.1434000e+00  -7.3111000e+00
  -9.2177000e+00  -9.2862000e+00  -9.3521000e+00  -9.3954000e+00  -8.0097000e+00  -7.4505000e+00
  -8.6817000e+00  -8.9267000e+00  -8.9058000e+00  -9.0254000e+00  -7.8575000e+00  -7.5980000e+00
  -8.3491000e+00  -8.5343000e+00  -8.6093000e+00  -8.7778000e+00  -7.7046000e+00  -7.7578000e+00
  -7.7337000e+00  -7.1422000e+00  -8.1099000e+00  -8.3204000e+00  -7.6235000e+00  -7.9004000e+00
  -5.5682000e+00  -6.9671000e+00  -6.2220000e+00  -6.8564000e+00  -7.4466000e+00  -7.8614000e+00
  -8.0030000e+00  -8.1014000e+00  -8.2252000e+00  -8.4212000e+00  -7.2067000e+00  -7.6291000e+00
  -8.8020000e+00  -9.1201000e+00  -8.8067000e+00  -8.7864000e+00  -6.9710000e+00  -7.2061000e+00
  -9.1891000e+00  -9.0738000e+00  -9.0867000e+00  -9.0199000e+00  -6.5686000e+00  -6.7897000e+00
  -9.8059000e+00  -9.9007000e+00  -9.6041000e+00  -9.5173000e+00  -6.2756000e+00  -6.3935000e+00
  -1.0510300e+01  -1.0965400e+01  -1.0414500e+01  -1.0438100e+01  -6.2339000e+00  -6.0241000e+00
  -1.1537800e+01  -1.1545000e+01  -1.1432800e+01  -1.1385800e+01  -6.1425000e+00  -5.7432000e+00
  -1.1384900e+01  -1.1545300e+01  -1.1533000e+01  -1.1554000e+01  -5.8054000e+00  -5.5333000e+00
  -1.1539200e+01  -1.1850700e+01  -1.1914400e+01  -1.2147300e+01  -5.5286000e+00  -5.5020000e+00
  -1.0516400e+01  -1.1029500e+01  -1.1219800e+01  -1.1783600e+01  -4.8315000e+00  -4.8154000e+00
  -1.0643000e+01  -1.0749100e+01  -1.0665900e+01  -1.0727800e+01  -3.8975000e+00  -4.0279000e+00
  -1.1546300e+01  -1.1178800e+01  -1.1343500e+01  -1.1314500e+01  -3.0097000e+00  -3.5012000e+00
  -1.0413200e+01  -1.0767900e+01  -1.1021100e+01  -1.1373900e+01  -2.8370000e+00  -3.1440000e+00
  -9.7583000e+00  -9.5393000e+00  -9.8430000e+00  -9.8418000e+00  -2.7335000e+00  -2.8217000e+00
  -9.7378000e+00  -9.6394000e+00  -9.9166000e+00  -9.9494000e+00  -2.1725000e+00  -2.4784000e+00
  -1.0079800e+01  -1.0355900e+01  -1.0401900e+01  -1.0458000e+01  -1.6669000e+00  -2.0845000e+00
  -9.7429000e+00  -9.4961000e+00  -9.7666000e+00  -9.7650000e+00  -1.1430000e+00  -1.5611000e+00
  -9.6549000e+00  -9.6758000e+00  -9.9937000e+00  -1.0021300e+01  -6.0800000e-01  -1.0795000e+00
  -9.0153000e+00  -8.9514000e+00  -9.4466000e+00  -9.7393000e+00  -1.3020000e-01  -3.7830000e-01
  -9.4494000e+00  -9.3641000e+00  -9.3145000e+00  -9.3051000e+00   5.8590000e-01   1.9650000e-01
  -9.6481000e+00  -9.3501000e+00  -9.6693000e+00  -9.7753000e+00   1.0261000e+00   5.1080000e-01
  -9.2406000e+00  -9.1123000e+00  -9.4208000e+00  -9.5173000e+00   1.1238000e+00   9.3550000e-01
  -9.4123000e+00  -9.3017000e+00  -9.7112000e+00  -9.8584000e+00   1.1007000e+00   1.4455000e+00
  -9.5244000e+00  -9.0599000e+00  -9.5014000e+00  -9.5663000e+00   8.8920000e-01   1.6174000e+00
  -8.7481000e+00  -8.4812000e+00  -9.2096000e+00  -9.5266000e+00   5.9840000e-01   1.5471000e+00
  -8.6391000e+00  -8.7282000e+00  -8.8893000e+00  -8.9714000e+00   2.3690000e-01   1.4115000e+00
  -8.6602000e+00  -8.0632000e+00  -8.7233000e+00  -8.8687000e+00  -1.1060000e-01   1.1759000e+00
  -8.2892000e+00  -7.2514000e+00  -8.1626000e+00  -8.1620000e+00  -4.1250000e-01   9.2230000e-01
  -8.7177000e+00  -7.8228000e+00  -8.1931000e+00  -7.8454000e+00  -5.8590000e-01   8.0210000e-01
  -9.3312000e+00  -8.2998000e+00  -8.8512000e+00  -8.5066000e+00  -5.1040000e-01   6.7200000e-01
  -9.3923000e+00  -8.3978000e+00  -9.0065000e+00  -8.7361000e+00  -2.1050000e-01   4.5550000e-01
  -9.2815000e+00  -8.5493000e+00  -8.9939000e+00  -8.8507000e+00   1.2540000e-01   2.6640000e-01
  -9.4632000e+00  -8.6862000e+00  -9.0891000e+00  -8.8742000e+00   3.4450000e-01   1.4430000e-01
  -9.4541000e+00  -8.6517000e+00  -9.1265000e+00  -8.9573000e+00   3.6180000e-01   2.8500000e-02
  -9.3548000e+00  -8.5701000e+00  -9.0069000e+00  -8.7736000e+00   1.6410000e-01  -1.4500000e-02
  -9.1797000e+00  -8.6047000e+00  -8.9020000e+00  -8.7180000e+00  -9.2000000e-02   8.8400000e-02
  -9.3861000e+00  -8.6181000e+00  -8.9771000e+00  -8.7922000e+00  -2.1020000e-01   3.0760000e-01
  -9.7456000e+00  -8.9901000e+00  -9.2210000e+00  -8.9495000e+00  -2.4990000e-01   4.2580000e-01
  -9.9581000e+00  -9.1337000e+00  -9.5680000e+00  -9.3805000e+00  -2.2990000e-01   3.1830000e-01
  -9.8355000e+00  -8.8749000e+00  -9.3577000e+00  -9.0562000e+00  -2.1600000e-01   2.1330000e-01
  -9.8506000e+00  -8.9478000e+00  -9.3533000e+00  -8.9600000e+00  -4.5100000e-01   1.2200000e-01
  -9.7902000e+00  -9.0471000e+00  -9.3930000e+00  -9.0612000e+00  -7.2640000e-01  -3.6600000e-02
  -9.9596000e+00  -9.4859000e+00  -9.6843000e+00  -9.3705000e+00  -7.6760000e-01  -3.1090000e-01
  -1.0435400e+01  -1.0143100e+01  -1.0181700e+01  -9.8934000e+00  -7.8100000e-01  -4.9510000e-01
  -9.4968000e+00  -9.0916000e+00  -9.6731000e+00  -9.8675000e+00  -6.9270000e-01  -4.4830000e-01
  -9.8655000e+00  -9.3148000e+00  -9.5029000e+00  -9.3659000e+00  -4.5990000e-01  -2.7070000e-01
  -9.8924000e+00  -9.3873000e+00  -9.6637000e+00  -9.5924000e+00  -8.9400000e-02  -6.5900000e-02
  -9.6129000e+00  -9.1895000e+00  -9.4948000e+00  -9.4121000e+00   4.3700000e-02   2.3780000e-01
  -9.4447000e+00  -9.0316000e+00  -9.3606000e+00  -9.2587000e+00   2.7040000e-01   6.7290000e-01
  -9.3955000e+00  -9.0082000e+00  -9.3850000e+00  -9.4071000e+00   5.9440000e-01   9.0970000e-01
  -9.5729000e+00  -9.1154000e+00  -9.2773000e+00  -9.1425000e+00   7.7380000e-01   8.5730000e-01
  -9.6284000e+00  -9.3865000e+00  -9.4338000e+00  -9.2882000e+00  -1.4980000e-01   9.3050000e-01
  -9.4952000e+00  -9.3726000e+00  -9.3525000e+00  -9.2640000e+00  -2.2286000e+00   9.8540000e-01
  -9.3689000e+00  -9.3318000e+00  -9.1748000e+00  -9.0496000e+00  -2.7487000e+00   1.1297000e+00
  -8.9380000e+00  -8.8573000e+00  -8.7864000e+00  -8.7081000e+00  -2.6051000e+00   1.3927000e+00
  -8.5237000e+00  -8.4016000e+00  -8.3407000e+00  -8.2518000e+00  -2.6963000e+00   1.1097000e+00
  -8.4318000e+00  -8.2042000e+00  -8.1639000e+00  -8.0016000e+00  -3.9526000e+00  -1.3644000e+00
  -8.4939000e+00  -8.3919000e+00  -8.2279000e+00  -8.0566000e+00  -4.0800000e+00  -2.7061000e+00
  -8.2547000e+00  -8.1864000e+00  -8.0187000e+00  -7.9013000e+00  -4.2597000e+00  -2.9861000e+00
  -7.9324000e+00  -7.8754000e+00  -7.7979000e+00  -7.7377000e+00  -4.3101000e+00  -3.4104000e+00
  -7.6204000e+00  -7.5530000e+00  -7.5130000e+00  -7.5355000e+00  -4.7384000e+00  -4.0683000e+00
  -7.0698000e+00  -7.0926000e+00  -6.9874000e+00  -7.0145000e+00  -5.2688000e+00  -3.8994000e+00
  -6.7507000e+00  -6.8076000e+00  -6.6231000e+00  -6.5966000e+00  -5.5614000e+00  -3.8379000e+00
  -6.3613000e+00  -6.4569000e+00  -6.2474000e+00  -6.1919000e+00  -5.6153000e+00  -4.2281000e+00
  -6.1776000e+00  -6.1325000e+00  -6.0260000e+00  -5.9643000e+00  -5.7693000e+00  -4.5458000e+00
  -6.0458000e+00  -6.0853000e+00  -5.9266000e+00  -5.8988000e+00  -5.6879000e+00  -4.6840000e+00
  -5.7521000e+00  -5.8528000e+00  -5.6956000e+00  -5.7206000e+00  -5.3337000e+00  -4.8441000e+00
  -5.5959000e+00  -5.7176000e+00  -5.5776000e+00  -5.5790000e+00  -5.0312000e+00  -4.7526000e+00
  -5.5193000e+00  -5.6569000e+00  -5.5079000e+00  -5.5366000e+00  -4.8916000e+00  -4.5055000e+00
  -5.3945000e+00  -5.5185000e+00  -5.3562000e+00  -5.3631000e+00  -4.6809000e+00  -4.2810000e+00
  -4.7273000e+00  -4.9214000e+00  -4.8561000e+00  -4.9572000e+00  -4.8177000e+00  -4.2625000e+00
  -4.3935000e+00  -4.4788000e+00  -4.4293000e+00  -4.4777000e+00  -5.0465000e+00  -4.1089000e+00
  -4.2206000e+00  -4.3784000e+00  -4.3649000e+00  -4.5102000e+00  -5.0409000e+00  -3.9207000e+00
  -4.3870000e+00  -4.3912000e+00  -4.4010000e+00  -4.4447000e+00  -4.9787000e+00  -3.7191000e+00
  -4.7650000e+00  -4.7478000e+00  -4.8504000e+00  -4.8686000e+00  -4.8068000e+00  -3.9006000e+00
  -4.7793000e+00  -4.9892000e+00  -5.0216000e+00  -5.2305000e+00  -4.6808000e+00  -3.8159000e+00
  -4.7004000e+00  -4.6640000e+00  -4.6854000e+00  -4.6816000e+00  -4.4638000e+00  -3.8014000e+00
  -4.3699000e+00  -4.5812000e+00  -4.5441000e+00  -4.6707000e+00  -4.2008000e+00  -3.7510000e+00
  -3.0356000e+00  -3.3846000e+00  -3.3659000e+00  -3.6406000e+00  -3.8421000e+00  -3.4905000e+00
  -2.9852000e+00  -3.3424000e+00  -3.1475000e+00  -3.1003000e+00  -3.6915000e+00  -3.3563000e+00
  -2.3175000e+00  -2.3144000e+00  -2.3110000e+00  -2.1503000e+00  -3.4063000e+00  -3.2013000e+00
  -1.8895000e+00  -1.2461000e+00  -1.3219000e+00  -1.2128000e+00  -3.1897000e+00  -3.0098000e+00
  -1.6708000e+00  -1.4775000e+00  -1.5664000e+00  -1.6324000e+00  -3.1015000e+00  -2.8538000e+00
  -1.3376000e+00  -1.4627000e+00  -1.2581000e+00  -1.4762000e+00  -2.9060000e+00  -2.6721000e+00
  -1.1345000e+00  -1.4642000e+00  -1.3112000e+00  -1.4216000e+00  -2.6900000e+00  -2.3955000e+00
  -6.3600000e-01  -1.0308000e+00  -6.2880000e-01  -6.3910000e-01  -2.3996000e+00  -2.1320000e+00
  -1.3670000e-01  -3.3190000e-01  -1.2560000e-01  -1.1120000e-01  -2.1909000e+00  -1.9384000e+00
   1.4040000e-01   1.3160000e-01   3.6050000e-01   4.6180000e-01  -2.0657000e+00  -1.8608000e+00
   6.5600000e-01   4.5050000e-01   7.3850000e-01   7.5840000e-01  -2.0320000e+00  -1.8142000e+00
   1.6507000e+00   1.2997000e+00   1.4619000e+00   1.3292000e+00  -2.0217000e+00  -1.8819000e+00
   2.6646000e+00   2.3362000e+00   2.4737000e+00   2.3869000e+00  -1.9527000e+00  -1.8153000e+00
   3.7195000e+00   3.3093000e+00   3.3751000e+00   3.2302000e+00  -1.8719000e+00  -1.8085000e+00
   4.7735000e+00   4.5094000e+00   4.5586000e+00   4.4076000e+00  -1.8268000e+00  -1.8215000e+00
   5.0372000e+00   5.0279000e+00   5.1533000e+00   5.1920000e+00  -1.6887000e+00  -1.8740000e+00
   4.1636000e+00   4.1488000e+00   4.7090000e+00   5.0919000e+00  -1.9836000e+00  -1.8197000e+00
   3.8017000e+00   3.6009000e+00   4.0038000e+00   4.1714000e+00  -2.4400000e+00  -1.7002000e+00
   3.2828000e+00   3.0450000e+00   3.5590000e+00   3.7401000e+00  -2.5174000e+00  -1.8585000e+00
   2.8416000e+00   2.5110000e+00   2.9881000e+00   3.0802000e+00  -2.1262000e+00  -2.3712000e+00
   3.0902000e+00   2.7953000e+00   3.0505000e+00   2.9114000e+00  -1.8570000e+00  -2.4365000e+00
   2.3522000e+00   2.4207000e+00   2.5600000e+00   2.7851000e+00  -1.7564000e+00  -1.9443000e+00
   2.3223000e+00   2.2632000e+00   2.4644000e+00   2.4911000e+00  -1.5467000e+00  -1.5793000e+00
   2.0675000e+00   2.0773000e+00   2.1728000e+00   2.2388000e+00  -1.5358000e+00  -1.2727000e+00
   1.9715000e+00   2.0451000e+00   2.1034000e+00   2.2030000e+00  -1.7377000e+00  -1.3882000e+00
   2.0749000e+00   2.1406000e+00   2.1142000e+00   2.1372000e+00  -1.5434000e+00  -1.2135000e+00
   1.7458000e+00   1.8509000e+00   1.8843000e+00   2.0008000e+00  -1.5852000e+00  -1.2174000e+00
   1.6060000e+00   1.6981000e+00   1.6755000e+00   1.7353000e+00  -1.2760000e+00  -1.2985000e+00
   1.4856000e+00   1.6433000e+00   1.5987000e+00   1.6745000e+00  -1.0685000e+00  -1.1170000e+00
   1.4736000e+00   1.5714000e+00   1.5795000e+00   1.6435000e+00  -8.8940000e-01  -8.7240000e-01
   1.3389000e+00   1.4406000e+00   1.4451000e+00   1.4989000e+00  -5.5320000e-01  -6.1360000e-01
   1.1094000e+00   1.2301000e+00   1.2384000e+00   1.2853000e+00  -4.4840000e-01  -4.6160000e-01
   9.4170000e-01   9.7010000e-01   1.0133000e+00   1.0287000e+00  -5.0580000e-01  -4.2460000e-01
   9.0020000e-01   8.8090000e-01   9.5330000e-01   9.5020000e-01  -4.5700000e-01  -3.5110000e-01
   7.5330000e-01   9.1010000e-01   9.0280000e-01   9.7020000e-01  -4.2030000e-01  -2.6380000e-01
   5.7710000e-01   1.0006000e+00   8.5370000e-01   9.9310000e-01  -3.2110000e-01  -1.9850000e-01
   4.5690000e-01   8.6060000e-01   7.5190000e-01   9.0010000e-01  -1.8960000e-01  -1.2700000e-01
   3.3530000e-01   8.7140000e-01   7.7490000e-01   9.5110000e-01  -2.7800000e-02   1.2600000e-02
   1.1960000e-01   7.1880000e-01   6.5400000e-01   9.1350000e-01   1.8720000e-01   2.3410000e-01
   1.5700000e-02   7.8500000e-01   7.1210000e-01   9.9830000e-01   4.4280000e-01   4.1060000e-01
  -1.0960000e-01   7.5610000e-01   6.5200000e-01   9.9550000e-01   6.3360000e-01   4.8850000e-01
  -6.1000000e-02   8.5530000e-01   7.7170000e-01   1.1150000e+00   7.6780000e-01   5.5290000e-01
  -1.8650000e-01   8.0270000e-01   7.7000000e-01   1.1865000e+00   9.0290000e-01   6.3890000e-01
  -4.2700000e-01   6.6380000e-01   6.1970000e-01   1.1005000e+00   9.6950000e-01   6.5080000e-01
  -5.6460000e-01   6.3060000e-01   5.2440000e-01   1.0087000e+00   9.7680000e-01   6.3980000e-01
  -6.6410000e-01   5.6080000e-01   4.9270000e-01   1.0105000e+00   9.7470000e-01   5.6970000e-01
  -7.8800000e-01   4.2690000e-01   3.4200000e-01   8.7520000e-01   1.0044000e+00   5.4080000e-01
  -8.5350000e-01   3.9130000e-01   2.5010000e-01   7.3980000e-01   1.0416000e+00   5.1850000e-01
  -8.6890000e-01   3.1990000e-01   2.1550000e-01   7.0960000e-01   1.0426000e+00   5.2270000e-01
  -8.4730000e-01   3.5890000e-01   2.0300000e-01   6.3830000e-01   1.0068000e+00   5.0880000e-01
  -8.6220000e-01   3.2170000e-01   1.9570000e-01   6.4720000e-01   9.9540000e-01   5.0050000e-01
  -8.9850000e-01   2.9960000e-01   1.5110000e-01   5.6740000e-01   8.3410000e-01   5.1480000e-01
  -8.8630000e-01   3.0710000e-01   1.5360000e-01   5.5900000e-01   7.9550000e-01   4.9820000e-01
  -9.4350000e-01   2.5900000e-01   8.8900000e-02   4.6100000e-01   7.9840000e-01   4.7530000e-01
  -9.7850000e-01   1.9960000e-01   6.6200000e-02   4.1810000e-01   9.2790000e-01   3.4190000e-01
  -9.9080000e-01   1.5340000e-01   1.8100000e-02   3.3100000e-01   9.0440000e-01   1.5080000e-01
  -1.0510000e+00   6.4100000e-02  -5.5700000e-02   2.3220000e-01   7.9630000e-01   1.2100000e-01
  -1.1143000e+00  -7.5600000e-02  -1.7690000e-01   6.9100000e-02   4.4800000e-01   2.4100000e-01
  -1.1579000e+00  -2.0170000e-01  -3.2320000e-01  -1.7490000e-01   1.0260000e-01   1.2450000e-01
  -1.1911000e+00  -3.8370000e-01  -4.7140000e-01  -4.2290000e-01  -9.7300000e-02  -2.5480000e-01
  -1.3220000e+00  -7.2200000e-01  -7.5710000e-01  -7.6510000e-01  -9.5600000e-02  -1.7300000e-01
  -1.4633000e+00  -1.0460000e+00  -1.0522000e+00  -1.0740000e+00  -6.4300000e-02  -4.0300000e-01
  -1.6868000e+00  -1.3668000e+00  -1.3506000e+00  -1.3634000e+00   3.3870000e-01  -4.2540000e-01
  -1.8119000e+00  -1.4912000e+00  -1.5123000e+00  -1.5210000e+00   1.1890000e-01  -6.6600000e-01
  -1.8770000e+00  -1.6524000e+00  -1.6523000e+00  -1.6737000e+00  -3.6880000e-01  -6.5930000e-01
  -1.8582000e+00  -1.6692000e+00  -1.6903000e+00  -1.7077000e+00  -2.0256000e+00  -7.4310000e-01
  -1.8905000e+00  -1.7430000e+00  -1.7604000e+00  -1.7780000e+00  -1.3410000e+00  -1.0791000e+00
  -1.9540000e+00  -1.8290000e+00  -1.8505000e+00  -1.8593000e+00   1.4637000e+00  -1.8692000e+00
  -1.9756000e+00  -1.8556000e+00  -1.8895000e+00  -1.8974000e+00   2.0937000e+00  -1.9721000e+00
  -2.0064000e+00  -1.9000000e+00  -1.9336000e+00  -1.9348000e+00   1.3597000e+00  -2.5812000e+00
  -2.0232000e+00  -1.9230000e+00  -1.9543000e+00  -1.9473000e+00  -1.6833000e+00  -2.5103000e+00
  -1.9491000e+00  -1.8710000e+00  -1.9035000e+00  -1.8931000e+00  -2.2688000e+00  -1.8550000e+00
  -1.8718000e+00  -1.8144000e+00  -1.8311000e+00  -1.8081000e+00  -2.5268000e+00  -3.5275000e+00
  -1.8472000e+00  -1.7916000e+00  -1.8221000e+00  -1.7957000e+00  -4.3681000e+00  -4.6403000e+00
  -1.8182000e+00  -1.7796000e+00  -1.8224000e+00  -1.8011000e+00  -5.1642000e+00  -4.9359000e+00
  -1.8385000e+00  -1.8317000e+00  -1.8502000e+00  -1.8242000e+00  -5.1352000e+00  -5.4064000e+00
  -1.7867000e+00  -1.7933000e+00  -1.8024000e+00  -1.7687000e+00  -5.6590000e+00  -5.6940000e+00
  -1.7797000e+00  -1.8021000e+00  -1.8131000e+00  -1.7768000e+00  -6.0405000e+00  -5.9090000e+00
  -1.8011000e+00  -1.8582000e+00  -1.8322000e+00  -1.8038000e+00  -6.4362000e+00  -6.5596000e+00
  -1.9093000e+00  -1.9362000e+00  -1.9266000e+00  -1.8881000e+00  -6.7942000e+00  -6.6924000e+00
  -2.0755000e+00  -2.0960000e+00  -2.0847000e+00  -2.0516000e+00  -6.7986000e+00  -6.4277000e+00
  -2.0765000e+00  -2.0791000e+00  -2.0722000e+00  -2.0349000e+00  -6.7267000e+00  -6.3419000e+00
  -2.0783000e+00  -2.0404000e+00  -2.0581000e+00  -2.0132000e+00  -6.5990000e+00  -6.2127000e+00
  -2.1858000e+00  -2.1791000e+00  -2.1823000e+00  -2.1547000e+00  -6.5428000e+00  -6.2347000e+00
  -2.3044000e+00  -2.2968000e+00  -2.2905000e+00  -2.2595000e+00  -6.4679000e+00  -6.1848000e+00
  -2.3603000e+00  -2.3397000e+00  -2.3314000e+00  -2.3020000e+00  -6.3556000e+00  -6.0169000e+00
  -2.4117000e+00  -2.4019000e+00  -2.3829000e+00  -2.3594000e+00  -6.2021000e+00  -5.7855000e+00
  -2.4263000e+00  -2.4017000e+00  -2.3861000e+00  -2.3595000e+00  -5.9539000e+00  -5.6351000e+00
  -2.4486000e+00  -2.4275000e+00  -2.4259000e+00  -2.4141000e+00  -5.7447000e+00  -5.4694000e+00
  -2.5760000e+00  -2.5402000e+00  -2.5355000e+00  -2.5116000e+00  -5.6618000e+00  -5.2887000e+00
  -2.6430000e+00  -2.6110000e+00  -2.5948000e+00  -2.5699000e+00  -5.6014000e+00  -5.1201000e+00
  -2.7304000e+00  -2.6924000e+00  -2.6658000e+00  -2.6333000e+00  -5.4840000e+00  -4.9293000e+00
  -2.6834000e+00  -2.6577000e+00  -2.6244000e+00  -2.5966000e+00  -5.2965000e+00  -4.7372000e+00
  -2.6630000e+00  -2.6414000e+00  -2.6176000e+00  -2.5981000e+00  -5.0919000e+00  -4.5995000e+00
  -2.5844000e+00  -2.5794000e+00  -2.5481000e+00  -2.5317000e+00  -4.9603000e+00  -4.4986000e+00
  -2.5154000e+00  -2.4956000e+00  -2.4813000e+00  -2.4629000e+00  -4.9067000e+00  -4.4954000e+00
  -2.4296000e+00  -2.4124000e+00  -2.3932000e+00  -2.3736000e+00  -4.8181000e+00  -4.5549000e+00
  -2.3339000e+00  -2.3111000e+00  -2.2976000e+00  -2.2773000e+00  -4.8028000e+00  -4.6183000e+00
  -2.2721000e+00  -2.2521000e+00  -2.2499000e+00  -2.2381000e+00  -4.7614000e+00  -4.7205000e+00
  -2.2629000e+00  -2.2527000e+00  -2.2524000e+00  -2.2447000e+00  -4.6027000e+00  -4.7881000e+00
  -2.2798000e+00  -2.2570000e+00  -2.2740000e+00  -2.2663000e+00  -4.4337000e+00  -4.7836000e+00
  -2.3959000e+00  -2.3725000e+00  -2.3867000e+00  -2.3802000e+00  -4.3253000e+00  -4.8090000e+00
  -2.4604000e+00  -2.4614000e+00  -2.4622000e+00  -2.4674000e+00  -4.2072000e+00  -4.7822000e+00
  -2.5258000e+00  -2.5265000e+00  -2.5344000e+00  -2.5395000e+00  -4.0864000e+00  -4.7203000e+00
  -2.6662000e+00  -2.6253000e+00  -2.6600000e+00  -2.6652000e+00  -4.0110000e+00  -4.6567000e+00
  -2.7256000e+00  -2.6672000e+00  -2.7086000e+00  -2.7187000e+00  -3.9832000e+00  -4.5771000e+00
  -2.7498000e+00  -2.7254000e+00  -2.7649000e+00  -2.7849000e+00  -4.0220000e+00  -4.5364000e+00
  -2.8216000e+00  -2.7916000e+00  -2.8392000e+00  -2.8535000e+00  -4.0635000e+00  -4.5306000e+00
  -2.8744000e+00  -2.8291000e+00  -2.8811000e+00  -2.8941000e+00  -4.1353000e+00  -4.4442000e+00
  -2.9192000e+00  -2.8896000e+00  -2.9309000e+00  -2.9438000e+00  -4.1383000e+00  -4.2979000e+00
  -2.9538000e+00  -2.9402000e+00  -2.9661000e+00  -2.9692000e+00  -4.0767000e+00  -4.1468000e+00
  -3.0030000e+00  -2.9899000e+00  -3.0099000e+00  -3.0092000e+00  -3.9792000e+00  -3.9265000e+00
  -3.0259000e+00  -3.0114000e+00  -3.0233000e+00  -3.0201000e+00  -3.9196000e+00  -3.7035000e+00
  -3.0161000e+00  -3.0091000e+00  -3.0145000e+00  -3.0139000e+00  -3.8763000e+00  -3.5045000e+00
  -2.9857000e+00  -2.9794000e+00  -2.9838000e+00  -2.9839000e+00  -3.8644000e+00  -3.4187000e+00
  -2.9686000e+00  -2.9613000e+00  -2.9671000e+00  -2.9721000e+00  -3.9253000e+00  -3.3593000e+00
  -2.9489000e+00  -2.9388000e+00  -2.9468000e+00  -2.9532000e+00  -3.9050000e+00  -3.3314000e+00
  -2.9148000e+00  -2.8911000e+00  -2.9044000e+00  -2.9045000e+00  -3.8050000e+00  -3.3029000e+00
  -2.9054000e+00  -2.8714000e+00  -2.8921000e+00  -2.8866000e+00  -3.6865000e+00  -3.2906000e+00
  -2.9245000e+00  -2.8753000e+00  -2.9041000e+00  -2.8901000e+00  -3.5703000e+00  -3.3145000e+00
  -2.9403000e+00  -2.8780000e+00  -2.9115000e+00  -2.8933000e+00  -3.5121000e+00  -3.3790000e+00
  -2.9746000e+00  -2.9055000e+00  -2.9443000e+00  -2.9280000e+00  -3.4635000e+00  -3.4118000e+00
  -2.9922000e+00  -2.9274000e+00  -2.9642000e+00  -2.9494000e+00  -3.4271000e+00  -3.4671000e+00
  -3.0245000e+00  -2.9519000e+00  -2.9975000e+00  -2.9790000e+00  -3.3879000e+00  -3.4932000e+00
  -3.0394000e+00  -2.9395000e+00  -2.9977000e+00  -2.9677000e+00  -3.3470000e+00  -3.4352000e+00
  -2.9883000e+00  -2.9110000e+00  -2.9673000e+00  -2.9482000e+00  -2.8793000e+00  -2.9288000e+00
  -2.9378000e+00  -2.8644000e+00  -2.9151000e+00  -2.9113000e+00  -2.4806000e+00  -2.5945000e+00
  -2.9081000e+00  -2.8274000e+00  -2.8811000e+00  -2.8888000e+00  -2.3509000e+00  -2.6029000e+00
  -2.8534000e+00  -2.7710000e+00  -2.8274000e+00  -2.8420000e+00  -2.5413000e+00  -2.8263000e+00
  -2.7858000e+00  -2.6997000e+00  -2.7604000e+00  -2.7718000e+00  -2.5878000e+00  -2.8233000e+00
  -2.7372000e+00  -2.6348000e+00  -2.7043000e+00  -2.7110000e+00  -2.5032000e+00  -2.7709000e+00
  -2.7245000e+00  -2.6022000e+00  -2.6788000e+00  -2.6815000e+00  -2.5867000e+00  -2.8480000e+00
  -2.7035000e+00  -2.5548000e+00  -2.6419000e+00  -2.6376000e+00  -2.7131000e+00  -2.8743000e+00
  -2.6779000e+00  -2.4981000e+00  -2.5940000e+00  -2.5780000e+00  -2.7154000e+00  -2.8386000e+00
  -2.6727000e+00  -2.4598000e+00  -2.5611000e+00  -2.5305000e+00  -2.6613000e+00  -2.7937000e+00
  -2.6883000e+00  -2.4464000e+00  -2.5501000e+00  -2.5041000e+00  -2.6929000e+00  -2.8479000e+00
  -2.7218000e+00  -2.4480000e+00  -2.5633000e+00  -2.5034000e+00  -2.8185000e+00  -2.9293000e+00
  -2.7925000e+00  -2.4777000e+00  -2.6007000e+00  -2.5253000e+00  -2.8856000e+00  -2.9575000e+00
  -2.8910000e+00  -2.5273000e+00  -2.6585000e+00  -2.5715000e+00  -2.8791000e+00  -2.9341000e+00
  -3.0006000e+00  -2.5901000e+00  -2.7444000e+00  -2.6553000e+00  -2.8696000e+00  -2.9116000e+00
  -3.1570000e+00  -2.7227000e+00  -2.8903000e+00  -2.7981000e+00  -2.8936000e+00  -2.9201000e+00
  -3.3361000e+00  -2.8913000e+00  -3.0793000e+00  -2.9885000e+00  -2.9678000e+00  -2.9677000e+00
  -3.5104000e+00  -3.0886000e+00  -3.2731000e+00  -3.1902000e+00  -3.1150000e+00  -3.0888000e+00
  -3.6774000e+00  -3.2845000e+00  -3.4640000e+00  -3.3925000e+00  -3.2501000e+00  -3.1813000e+00
  -3.8479000e+00  -3.4906000e+00  -3.6656000e+00  -3.6088000e+00  -3.3200000e+00  -3.2364000e+00
  -4.0153000e+00  -3.6993000e+00  -3.8694000e+00  -3.8328000e+00  -3.3874000e+00  -3.2930000e+00
  -4.1961000e+00  -3.9267000e+00  -4.0872000e+00  -4.0685000e+00  -3.4085000e+00  -3.3148000e+00
  -4.3619000e+00  -4.1421000e+00  -4.2833000e+00  -4.2789000e+00  -3.4332000e+00  -3.3471000e+00
  -4.4946000e+00  -4.3203000e+00  -4.4437000e+00  -4.4544000e+00  -3.4799000e+00  -3.4054000e+00
  -4.6298000e+00  -4.5060000e+00  -4.6133000e+00  -4.6383000e+00  -3.5772000e+00  -3.5061000e+00
  -4.7446000e+00  -4.6832000e+00  -4.7780000e+00  -4.8227000e+00  -3.6958000e+00  -3.6358000e+00
  -4.8546000e+00  -4.8432000e+00  -4.9276000e+00  -4.9875000e+00  -3.8439000e+00  -3.7839000e+00
  -4.9775000e+00  -4.9971000e+00  -5.0856000e+00  -5.1540000e+00  -3.9973000e+00  -3.9257000e+00
  -5.1719000e+00  -5.2172000e+00  -5.3024000e+00  -5.3697000e+00  -4.1252000e+00  -4.0496000e+00
  -5.3795000e+00  -5.4445000e+00  -5.5463000e+00  -5.6161000e+00  -4.2285000e+00  -4.1865000e+00
  -5.6535000e+00  -5.7118000e+00  -5.8579000e+00  -5.9143000e+00  -4.3394000e+00  -4.3169000e+00
  -6.0043000e+00  -6.0125000e+00  -6.1946000e+00  -6.2139000e+00  -4.4539000e+00  -4.4216000e+00
  -6.4101000e+00  -6.3663000e+00  -6.5321000e+00  -6.5098000e+00  -4.6034000e+00  -4.4807000e+00
  -6.7424000e+00  -6.6491000e+00  -6.7897000e+00  -6.7213000e+00  -4.8955000e+00  -4.5548000e+00
  -7.0368000e+00  -6.8856000e+00  -6.9977000e+00  -6.8926000e+00  -5.0893000e+00  -4.6219000e+00
  -7.2594000e+00  -7.0848000e+00  -7.1613000e+00  -7.0343000e+00  -5.1679000e+00  -4.7355000e+00
  -7.3712000e+00  -7.1888000e+00  -7.2210000e+00  -7.0820000e+00  -5.2634000e+00  -4.9003000e+00
  -7.4579000e+00  -7.2727000e+00  -7.2939000e+00  -7.1446000e+00  -5.4161000e+00  -5.0521000e+00
  -7.5259000e+00  -7.3009000e+00  -7.3197000e+00  -7.1550000e+00  -5.5794000e+00  -5.1784000e+00
  -7.5288000e+00  -7.2700000e+00  -7.2857000e+00  -7.0978000e+00  -5.7914000e+00  -5.4932000e+00
  -7.4983000e+00  -7.2041000e+00  -7.2205000e+00  -7.0167000e+00  -6.0162000e+00  -5.6304000e+00
  -7.4335000e+00  -7.1168000e+00  -7.1287000e+00  -6.9127000e+00  -6.2435000e+00  -5.5201000e+00
  -7.3059000e+00  -6.9755000e+00  -6.9809000e+00  -6.7699000e+00  -6.3890000e+00  -5.7014000e+00
  -7.2050000e+00  -6.8591000e+00  -6.8780000e+00  -6.6795000e+00  -6.4985000e+00  -6.3528000e+00
  -7.0807000e+00  -6.7220000e+00  -6.7623000e+00  -6.5780000e+00  -6.6501000e+00  -6.9884000e+00
  -6.8868000e+00  -6.5144000e+00  -6.5709000e+00  -6.3788000e+00  -6.5526000e+00  -7.4583000e+00
  -6.7764000e+00  -6.3960000e+00  -6.4453000e+00  -6.2508000e+00  -6.5843000e+00  -7.5910000e+00
  -6.5888000e+00  -6.2404000e+00  -6.2962000e+00  -6.1319000e+00  -6.9991000e+00  -7.6321000e+00
  -6.3340000e+00  -6.0235000e+00  -6.0671000e+00  -5.9159000e+00  -7.5938000e+00  -7.3554000e+00
  -6.0872000e+00  -5.8393000e+00  -5.8544000e+00  -5.7170000e+00  -8.1862000e+00  -7.3941000e+00
  -5.7955000e+00  -5.6508000e+00  -5.6377000e+00  -5.5449000e+00  -8.4001000e+00  -7.9187000e+00
  -5.4796000e+00  -5.4094000e+00  -5.3904000e+00  -5.3285000e+00  -8.1975000e+00  -8.1743000e+00
  -5.2270000e+00  -5.2418000e+00  -5.2025000e+00  -5.1732000e+00  -8.0142000e+00  -8.1360000e+00
  -4.9050000e+00  -4.9563000e+00  -4.9219000e+00  -4.9090000e+00  -8.1045000e+00  -8.1289000e+00
  -4.7251000e+00  -4.7121000e+00  -4.7157000e+00  -4.6872000e+00  -8.1155000e+00  -8.2204000e+00
  -4.5241000e+00  -4.4918000e+00  -4.5165000e+00  -4.4906000e+00  -7.9329000e+00  -8.1404000e+00
  -4.4202000e+00  -4.2895000e+00  -4.3758000e+00  -4.3217000e+00  -7.9841000e+00  -8.0346000e+00
  -4.2987000e+00  -4.1708000e+00  -4.2593000e+00  -4.2118000e+00  -7.8172000e+00  -7.6626000e+00
  -4.1835000e+00  -3.9755000e+00  -4.1012000e+00  -4.0374000e+00  -7.5731000e+00  -7.2590000e+00
  -4.1553000e+00  -3.8843000e+00  -4.0419000e+00  -3.9756000e+00  -7.2508000e+00  -6.8507000e+00
  -4.0297000e+00  -3.6231000e+00  -3.8253000e+00  -3.7182000e+00  -6.7041000e+00  -6.3198000e+00
  -4.1265000e+00  -3.6257000e+00  -3.8575000e+00  -3.7164000e+00  -6.2522000e+00  -5.9691000e+00
  -4.1792000e+00  -3.6286000e+00  -3.8658000e+00  -3.7076000e+00  -6.0422000e+00  -5.8216000e+00
  -4.1292000e+00  -3.5945000e+00  -3.8252000e+00  -3.6783000e+00  -5.7078000e+00  -5.5844000e+00
  -4.0427000e+00  -3.5220000e+00  -3.7542000e+00  -3.6014000e+00  -5.6400000e+00  -5.6422000e+00
  -3.9422000e+00  -3.5392000e+00  -3.7418000e+00  -3.6324000e+00  -5.7451000e+00  -5.6657000e+00
  -3.6741000e+00  -3.3905000e+00  -3.5565000e+00  -3.5145000e+00  -5.7886000e+00  -5.6667000e+00
  -3.4638000e+00  -3.1640000e+00  -3.3312000e+00  -3.2834000e+00  -6.1393000e+00  -5.9718000e+00
  -3.2909000e+00  -2.9907000e+00  -3.1475000e+00  -3.0713000e+00  -6.2010000e+00  -6.0178000e+00
  -3.1014000e+00  -2.8635000e+00  -2.9782000e+00  -2.9071000e+00  -6.1305000e+00  -6.1055000e+00
