   3.4224000e+02   3.4232000e+02   3.4140000e+02   3.4051000e+02   4.4696000e+02   4.4015000e+02
   2.5023000e+02   2.4977000e+02   2.4862000e+02   2.4761000e+02   4.2938000e+02   4.1626000e+02
   2.9386000e+02   2.9353000e+02   2.9045000e+02   2.8900000e+02   4.8663000e+02   4.7905000e+02
   2.7194000e+02   2.7170000e+02   2.6972000e+02   2.6729000e+02   4.3817000e+02   4.2367000e+02
   3.2336000e+02   3.2069000e+02   3.1968000e+02   3.1919000e+02   4.8730000e+02   4.8061000e+02
   3.0532000e+02   3.0171000e+02   3.0243000e+02   3.0036000e+02   4.8171000e+02   4.6710000e+02
   3.1213000e+02   3.0917000e+02   3.0794000e+02   3.0564000e+02   4.7463000e+02   4.6317000e+02
   3.1422000e+02   3.1138000e+02   3.1106000e+02   3.0840000e+02   4.6564000e+02   4.5103000e+02
   2.9676000e+02   2.9109000e+02   2.9294000e+02   2.9262000e+02   4.6783000e+02   4.6255000e+02
   3.0736000e+02   3.0285000e+02   3.0383000e+02   3.0065000e+02   5.0438000e+02   4.8716000e+02
   3.0511000e+02   3.0120000e+02   3.0217000e+02   2.9937000e+02   5.2168000e+02   5.0775000e+02
   3.1734000e+02   3.1087000e+02   3.1292000e+02   3.0927000e+02   5.0754000e+02   4.9595000e+02
   3.4085000e+02   3.3373000e+02   3.3651000e+02   3.3331000e+02   5.3622000e+02   5.2762000e+02
   3.3356000e+02   3.2683000e+02   3.2959000e+02   3.2683000e+02   5.2514000e+02   5.1097000e+02
   3.3693000e+02   3.3193000e+02   3.3353000e+02   3.3110000e+02   5.3799000e+02   5.2663000e+02
   3.5329000e+02   3.4649000e+02   3.4938000e+02   3.4527000e+02   5.5885000e+02   5.4803000e+02
   3.7131000e+02   3.6285000e+02   3.6706000e+02   3.6354000e+02   5.6597000e+02   5.5850000e+02
   3.8235000e+02   3.7604000e+02   3.7802000e+02   3.7592000e+02   5.8010000e+02   5.7309000e+02
   3.7642000e+02   3.7188000e+02   3.7339000e+02   3.6973000e+02   5.8201000e+02   5.7626000e+02
   3.7936000e+02   3.7477000e+02   3.7635000e+02   3.7475000e+02   5.8836000e+02   5.8295000e+02
   3.7724000e+02   3.7394000e+02   3.7604000e+02   3.7347000e+02   5.8170000e+02   5.7601000e+02
   3.8058000e+02   3.7584000e+02   3.7871000e+02   3.7722000e+02   5.8608000e+02   5.8333000e+02
   3.8627000e+02   3.8138000e+02   3.8358000e+02   3.8180000e+02   5.9457000e+02   5.8964000e+02
   3.8418000e+02   3.7811000e+02   3.8229000e+02   3.8190000e+02   5.9930000e+02   5.9441000e+02
   3.8920000e+02   3.8505000e+02   3.8864000e+02   3.8746000e+02   5.9824000e+02   5.9322000e+02
   3.9197000e+02   3.8886000e+02   3.9205000e+02   3.9129000e+02   6.0505000e+02   6.0173000e+02
   3.8968000e+02   3.8775000e+02   3.9069000e+02   3.9031000e+02   5.9820000e+02   5.9378000e+02
   3.9637000e+02   3.9332000e+02   3.9818000e+02   3.9787000e+02   6.1348000e+02   6.0922000e+02
   3.9803000e+02   3.9442000e+02   3.9790000e+02   3.9671000e+02   6.0950000e+02   6.0540000e+02
   4.0533000e+02   4.0307000e+02   4.0562000e+02   4.0489000e+02   6.1361000e+02   6.1149000e+02
   4.1127000e+02   4.0859000e+02   4.1264000e+02   4.1180000e+02   6.2141000e+02   6.2226000e+02
   4.1259000e+02   4.0770000e+02   4.1193000e+02   4.1081000e+02   6.2236000e+02   6.1940000e+02
   4.0940000e+02   4.0608000e+02   4.1126000e+02   4.0980000e+02   6.2176000e+02   6.1732000e+02
   4.1121000e+02   4.0992000e+02   4.1378000e+02   4.1587000e+02   6.1716000e+02   6.1293000e+02
   4.0589000e+02   4.1029000e+02   4.0987000e+02   4.1664000e+02   6.1707000e+02   6.1098000e+02
   4.0554000e+02   4.1696000e+02   4.1669000e+02   4.2351000e+02   6.2067000e+02   6.1336000e+02
   4.0999000e+02   4.2135000e+02   4.2330000e+02   4.2610000e+02   6.2231000e+02   6.1329000e+02
   4.2614000e+02   4.3155000e+02   4.3118000e+02   4.3431000e+02   6.2600000e+02   6.1534000e+02
   4.3724000e+02   4.4395000e+02   4.4113000e+02   4.4222000e+02   6.2250000e+02   6.1141000e+02
   4.4086000e+02   4.4347000e+02   4.4057000e+02   4.4137000e+02   6.1482000e+02   6.0229000e+02
   4.4086000e+02   4.3962000e+02   4.3981000e+02   4.4073000e+02   6.0929000e+02   5.9679000e+02
   4.5000000e+02   4.4493000e+02   4.4513000e+02   4.4385000e+02   6.0791000e+02   5.9420000e+02
   4.6375000e+02   4.6111000e+02   4.5917000e+02   4.5863000e+02   6.0873000e+02   5.9391000e+02
   4.8203000e+02   4.8156000e+02   4.7779000e+02   4.7729000e+02   6.1268000e+02   5.9752000e+02
   4.9397000e+02   4.9215000e+02   4.8865000e+02   4.8869000e+02   6.1237000e+02   5.9668000e+02
   4.9655000e+02   4.9463000e+02   4.9300000e+02   4.9361000e+02   6.0871000e+02   5.9304000e+02
   4.9404000e+02   4.9442000e+02   4.9166000e+02   4.9270000e+02   5.9706000e+02   5.8161000e+02
   4.9210000e+02   4.9283000e+02   4.8926000e+02   4.9075000e+02   5.9253000e+02   5.7851000e+02
   5.0058000e+02   4.9674000e+02   4.9536000e+02   4.9376000e+02   5.9106000e+02   5.7745000e+02
   5.0547000e+02   5.0119000e+02   5.0338000e+02   5.0104000e+02   5.8932000e+02   5.7841000e+02
   5.1748000e+02   5.1108000e+02   5.1098000e+02   5.1044000e+02   5.9090000e+02   5.7816000e+02
   5.3980000e+02   5.3484000e+02   5.3331000e+02   5.3234000e+02   5.9160000e+02   5.8108000e+02
   5.4289000e+02   5.4772000e+02   5.4237000e+02   5.4334000e+02   5.9623000e+02   5.8303000e+02
   5.5036000e+02   5.4693000e+02   5.4155000e+02   5.4150000e+02   5.9858000e+02   5.8433000e+02
   5.6159000e+02   5.6143000e+02   5.6094000e+02   5.5830000e+02   5.9620000e+02   5.8286000e+02
   5.7908000e+02   5.8314000e+02   5.7407000e+02   5.7179000e+02   5.9769000e+02   5.8465000e+02
   5.9411000e+02   5.8576000e+02   5.8541000e+02   5.8406000e+02   6.0315000e+02   5.9148000e+02
   6.1755000e+02   6.1256000e+02   6.1144000e+02   6.0763000e+02   6.1064000e+02   5.9937000e+02
   6.3250000e+02   6.3095000e+02   6.3105000e+02   6.2964000e+02   6.2168000e+02   6.1042000e+02
   6.3773000e+02   6.4343000e+02   6.3969000e+02   6.4112000e+02   6.3399000e+02   6.2132000e+02
   6.4660000e+02   6.4869000e+02   6.4660000e+02   6.4696000e+02   6.4538000e+02   6.3007000e+02
   6.6744000e+02   6.5942000e+02   6.5685000e+02   6.5394000e+02   6.5448000e+02   6.3810000e+02
   6.8713000e+02   6.8363000e+02   6.8013000e+02   6.7632000e+02   6.6607000e+02   6.5093000e+02
   7.0222000e+02   7.0133000e+02   6.9806000e+02   6.9637000e+02   6.7125000e+02   6.5590000e+02
   7.0303000e+02   7.1052000e+02   7.0578000e+02   7.0690000e+02   6.7658000e+02   6.6235000e+02
   7.1539000e+02   7.1525000e+02   7.1142000e+02   7.1032000e+02   6.8762000e+02   6.7911000e+02
   7.2880000e+02   7.2702000e+02   7.2375000e+02   7.2070000e+02   7.0447000e+02   7.0441000e+02
   7.4100000e+02   7.4220000e+02   7.4016000e+02   7.3832000e+02   7.1686000e+02   7.2366000e+02
   7.5530000e+02   7.5388000e+02   7.5303000e+02   7.5277000e+02   7.4227000e+02   7.3515000e+02
   7.6085000e+02   7.5988000e+02   7.5851000e+02   7.5680000e+02   7.6683000e+02   7.5261000e+02
   7.6639000e+02   7.6421000e+02   7.6352000e+02   7.6326000e+02   7.8093000e+02   7.7784000e+02
   7.8340000e+02   7.8292000e+02   7.8091000e+02   7.7925000e+02   7.9479000e+02   7.9684000e+02
   7.9875000e+02   7.9826000e+02   7.9626000e+02   7.9442000e+02   8.1601000e+02   8.0836000e+02
   8.0983000e+02   8.0876000e+02   8.0793000e+02   8.0643000e+02   8.3745000e+02   8.2314000e+02
   8.2159000e+02   8.2121000e+02   8.2027000e+02   8.1826000e+02   8.4958000e+02   8.4458000e+02
   8.4645000e+02   8.4459000e+02   8.4335000e+02   8.4230000e+02   8.7694000e+02   8.6996000e+02
   8.6335000e+02   8.6393000e+02   8.6134000e+02   8.5997000e+02   9.0209000e+02   8.8859000e+02
   8.7843000e+02   8.7800000e+02   8.7581000e+02   8.7479000e+02   9.2350000e+02   9.0549000e+02
   8.9335000e+02   8.9254000e+02   8.9057000e+02   8.8923000e+02   9.3755000e+02   9.2420000e+02
   9.0646000e+02   9.0307000e+02   9.0246000e+02   9.0193000e+02   9.5280000e+02   9.4340000e+02
   9.2112000e+02   9.1879000e+02   9.1657000e+02   9.1492000e+02   9.5768000e+02   9.5778000e+02
   9.3538000e+02   9.3501000e+02   9.3425000e+02   9.3191000e+02   9.7173000e+02   9.6996000e+02
   9.4486000e+02   9.4423000e+02   9.4349000e+02   9.4252000e+02   9.8714000e+02   9.8215000e+02
   9.5563000e+02   9.5623000e+02   9.5375000e+02   9.5148000e+02   9.9533000e+02   9.9036000e+02
   9.6572000e+02   9.6420000e+02   9.6483000e+02   9.6520000e+02   1.0026000e+03   9.9519000e+02
   9.7477000e+02   9.7516000e+02   9.7446000e+02   9.7381000e+02   1.0107000e+03   9.9988000e+02
   9.8469000e+02   9.8394000e+02   9.8246000e+02   9.8022000e+02   1.0152000e+03   1.0058000e+03
   9.5989000e+02   9.5963000e+02   9.5872000e+02   9.5655000e+02   9.8930000e+02   9.8002000e+02
   9.4051000e+02   9.3952000e+02   9.3835000e+02   9.3613000e+02   9.7380000e+02   9.6262000e+02
   9.3676000e+02   9.3607000e+02   9.3465000e+02   9.3320000e+02   9.6796000e+02   9.5924000e+02
   9.4097000e+02   9.4272000e+02   9.3991000e+02   9.3658000e+02   9.7135000e+02   9.6477000e+02
   9.5599000e+02   9.5606000e+02   9.5285000e+02   9.5129000e+02   9.8602000e+02   9.8108000e+02
   9.5874000e+02   9.5956000e+02   9.5775000e+02   9.5609000e+02   9.8989000e+02   9.8753000e+02
   9.5382000e+02   9.5105000e+02   9.5254000e+02   9.5147000e+02   9.9044000e+02   9.8769000e+02
   9.3974000e+02   9.4009000e+02   9.3936000e+02   9.3819000e+02   9.7743000e+02   9.7557000e+02
   9.3517000e+02   9.3314000e+02   9.3318000e+02   9.3073000e+02   9.7424000e+02   9.7416000e+02
   9.3997000e+02   9.4115000e+02   9.4024000e+02   9.3971000e+02   9.7681000e+02   9.7864000e+02
   9.4799000e+02   9.4453000e+02   9.4636000e+02   9.4421000e+02   9.8064000e+02   9.8169000e+02
   9.5197000e+02   9.5065000e+02   9.5100000e+02   9.5167000e+02   9.8349000e+02   9.8489000e+02
   9.6138000e+02   9.6295000e+02   9.6134000e+02   9.5904000e+02   9.8702000e+02   9.8666000e+02
   9.6181000e+02   9.5834000e+02   9.5831000e+02   9.5836000e+02   9.8677000e+02   9.8611000e+02
   9.5902000e+02   9.5987000e+02   9.5913000e+02   9.5888000e+02   9.8366000e+02   9.8202000e+02
   9.6003000e+02   9.5811000e+02   9.5745000e+02   9.5604000e+02   9.8171000e+02   9.8049000e+02
   9.6114000e+02   9.6292000e+02   9.6087000e+02   9.6068000e+02   9.8170000e+02   9.8106000e+02
   9.6638000e+02   9.6623000e+02   9.6510000e+02   9.6406000e+02   9.8447000e+02   9.8450000e+02
   9.6718000e+02   9.6696000e+02   9.6572000e+02   9.6601000e+02   9.8950000e+02   9.8909000e+02
   9.7046000e+02   9.7190000e+02   9.7083000e+02   9.7046000e+02   9.9254000e+02   9.9411000e+02
   9.7153000e+02   9.7116000e+02   9.7058000e+02   9.7002000e+02   9.9036000e+02   9.9099000e+02
   9.7265000e+02   9.7355000e+02   9.7280000e+02   9.7267000e+02   9.9399000e+02   9.9263000e+02
   9.7806000e+02   9.7817000e+02   9.7740000e+02   9.7642000e+02   9.9817000e+02   9.9747000e+02
   9.8321000e+02   9.8183000e+02   9.8228000e+02   9.8176000e+02   1.0053000e+03   1.0056000e+03
   1.0134000e+03   1.0149000e+03   1.0139000e+03   1.0125000e+03   1.0338000e+03   1.0342000e+03
   1.0409000e+03   1.0390000e+03   1.0411000e+03   1.0396000e+03   1.0607000e+03   1.0592000e+03
   1.0522000e+03   1.0514000e+03   1.0512000e+03   1.0505000e+03   1.0728000e+03   1.0702000e+03
   1.0596000e+03   1.0585000e+03   1.0590000e+03   1.0579000e+03   1.0808000e+03   1.0788000e+03
   1.0604000e+03   1.0596000e+03   1.0590000e+03   1.0583000e+03   1.0806000e+03   1.0782000e+03
   1.0723000e+03   1.0703000e+03   1.0704000e+03   1.0681000e+03   1.0878000e+03   1.0874000e+03
   1.0873000e+03   1.0883000e+03   1.0870000e+03   1.0866000e+03   1.0996000e+03   1.0970000e+03
   1.1113000e+03   1.1109000e+03   1.1100000e+03   1.1100000e+03   1.1167000e+03   1.1139000e+03
   1.1256000e+03   1.1253000e+03   1.1247000e+03   1.1247000e+03   1.1235000e+03   1.1204000e+03
   1.1297000e+03   1.1293000e+03   1.1284000e+03   1.1285000e+03   1.1216000e+03   1.1184000e+03
   1.1340000e+03   1.1344000e+03   1.1323000e+03   1.1326000e+03   1.1213000e+03   1.1177000e+03
   1.1413000e+03   1.1419000e+03   1.1403000e+03   1.1406000e+03   1.1217000e+03   1.1184000e+03
   1.1460000e+03   1.1463000e+03   1.1450000e+03   1.1465000e+03   1.1210000e+03   1.1185000e+03
   1.1587000e+03   1.1585000e+03   1.1572000e+03   1.1581000e+03   1.1231000e+03   1.1208000e+03
   1.1660000e+03   1.1666000e+03   1.1648000e+03   1.1660000e+03   1.1232000e+03   1.1241000e+03
   1.1725000e+03   1.1725000e+03   1.1708000e+03   1.1714000e+03   1.1226000e+03   1.1204000e+03
   1.1748000e+03   1.1763000e+03   1.1731000e+03   1.1743000e+03   1.1172000e+03   1.1174000e+03
   1.1783000e+03   1.1798000e+03   1.1784000e+03   1.1796000e+03   1.1124000e+03   1.1117000e+03
   1.1856000e+03   1.1866000e+03   1.1843000e+03   1.1859000e+03   1.1082000e+03   1.1065000e+03
   1.1907000e+03   1.1921000e+03   1.1898000e+03   1.1915000e+03   1.1054000e+03   1.1044000e+03
   1.1984000e+03   1.2003000e+03   1.1969000e+03   1.2006000e+03   1.1054000e+03   1.1030000e+03
   1.2030000e+03   1.2054000e+03   1.2021000e+03   1.2043000e+03   1.1040000e+03   1.1004000e+03
   1.2017000e+03   1.2053000e+03   1.2018000e+03   1.2047000e+03   1.1020000e+03   1.0974000e+03
   1.2000000e+03   1.2055000e+03   1.2015000e+03   1.2052000e+03   1.0967000e+03   1.0944000e+03
   1.1855000e+03   1.1903000e+03   1.1867000e+03   1.1897000e+03   1.0811000e+03   1.0799000e+03
   1.1755000e+03   1.1796000e+03   1.1760000e+03   1.1791000e+03   1.0664000e+03   1.0652000e+03
   1.1726000e+03   1.1739000e+03   1.1724000e+03   1.1755000e+03   1.0573000e+03   1.0557000e+03
   1.1704000e+03   1.1718000e+03   1.1696000e+03   1.1719000e+03   1.0510000e+03   1.0485000e+03
   1.1709000e+03   1.1723000e+03   1.1691000e+03   1.1706000e+03   1.0442000e+03   1.0442000e+03
   1.1675000e+03   1.1682000e+03   1.1661000e+03   1.1678000e+03   1.0323000e+03   1.0332000e+03
   1.1579000e+03   1.1587000e+03   1.1570000e+03   1.1576000e+03   1.0153000e+03   1.0176000e+03
   1.1503000e+03   1.1489000e+03   1.1470000e+03   1.1488000e+03   9.9551000e+02   9.9708000e+02
   1.1409000e+03   1.1405000e+03   1.1388000e+03   1.1403000e+03   9.8269000e+02   9.8411000e+02
   1.1381000e+03   1.1379000e+03   1.1358000e+03   1.1370000e+03   9.7573000e+02   9.7530000e+02
   1.1314000e+03   1.1323000e+03   1.1289000e+03   1.1315000e+03   9.6808000e+02   9.6435000e+02
   1.1272000e+03   1.1287000e+03   1.1277000e+03   1.1290000e+03   9.5722000e+02   9.5544000e+02
   1.1167000e+03   1.1194000e+03   1.1170000e+03   1.1188000e+03   9.4141000e+02   9.3832000e+02
   1.1051000e+03   1.1070000e+03   1.1044000e+03   1.1063000e+03   9.2592000e+02   9.2452000e+02
   1.0971000e+03   1.1017000e+03   1.0989000e+03   1.1019000e+03   9.1574000e+02   9.1374000e+02
   1.0932000e+03   1.0966000e+03   1.0934000e+03   1.0973000e+03   9.0949000e+02   9.0798000e+02
   1.0922000e+03   1.0960000e+03   1.0942000e+03   1.0964000e+03   9.0236000e+02   9.0149000e+02
   1.0884000e+03   1.0915000e+03   1.0903000e+03   1.0934000e+03   8.9491000e+02   8.9264000e+02
   1.0821000e+03   1.0863000e+03   1.0840000e+03   1.0870000e+03   8.8870000e+02   8.8560000e+02
   1.0749000e+03   1.0793000e+03   1.0770000e+03   1.0795000e+03   8.8024000e+02   8.7901000e+02
   1.0712000e+03   1.0749000e+03   1.0737000e+03   1.0763000e+03   8.6850000e+02   8.6852000e+02
   1.0662000e+03   1.0705000e+03   1.0686000e+03   1.0710000e+03   8.6569000e+02   8.6579000e+02
   1.0637000e+03   1.0681000e+03   1.0669000e+03   1.0686000e+03   8.5634000e+02   8.6013000e+02
   1.0621000e+03   1.0660000e+03   1.0648000e+03   1.0671000e+03   8.5956000e+02   8.5797000e+02
   1.0778000e+03   1.0796000e+03   1.0795000e+03   1.0818000e+03   8.6868000e+02   8.7119000e+02
   1.0848000e+03   1.0902000e+03   1.0873000e+03   1.0887000e+03   8.7208000e+02   8.7762000e+02
   1.0939000e+03   1.0950000e+03   1.0943000e+03   1.0959000e+03   8.7344000e+02   8.7949000e+02
   1.0946000e+03   1.0976000e+03   1.0966000e+03   1.0985000e+03   8.7875000e+02   8.8432000e+02
   1.0926000e+03   1.0966000e+03   1.0952000e+03   1.0980000e+03   8.7309000e+02   8.8550000e+02
   1.0999000e+03   1.1017000e+03   1.1017000e+03   1.1037000e+03   8.7999000e+02   8.8855000e+02
   1.1093000e+03   1.1127000e+03   1.1122000e+03   1.1136000e+03   9.0718000e+02   9.0879000e+02
   1.1161000e+03   1.1193000e+03   1.1193000e+03   1.1208000e+03   9.2257000e+02   9.3025000e+02
   1.1308000e+03   1.1338000e+03   1.1336000e+03   1.1356000e+03   9.3821000e+02   9.5016000e+02
   1.1303000e+03   1.1331000e+03   1.1326000e+03   1.1340000e+03   9.5087000e+02   9.6133000e+02
   1.1390000e+03   1.1413000e+03   1.1414000e+03   1.1428000e+03   9.6908000e+02   9.8162000e+02
   1.1444000e+03   1.1453000e+03   1.1459000e+03   1.1470000e+03   9.8143000e+02   9.9138000e+02
   1.1546000e+03   1.1555000e+03   1.1554000e+03   1.1562000e+03   1.0010000e+03   1.0102000e+03
   1.1721000e+03   1.1730000e+03   1.1738000e+03   1.1739000e+03   1.0161000e+03   1.0229000e+03
   1.1822000e+03   1.1827000e+03   1.1844000e+03   1.1850000e+03   1.0373000e+03   1.0426000e+03
   1.1882000e+03   1.1903000e+03   1.1891000e+03   1.1920000e+03   1.0497000e+03   1.0534000e+03
   1.1990000e+03   1.2008000e+03   1.2013000e+03   1.2014000e+03   1.0624000e+03   1.0711000e+03
   1.2068000e+03   1.2073000e+03   1.2070000e+03   1.2066000e+03   1.0717000e+03   1.0826000e+03
   1.2138000e+03   1.2151000e+03   1.2157000e+03   1.2168000e+03   1.0822000e+03   1.0902000e+03
   1.2209000e+03   1.2220000e+03   1.2220000e+03   1.2218000e+03   1.0875000e+03   1.1029000e+03
   1.2255000e+03   1.2271000e+03   1.2262000e+03   1.2269000e+03   1.1071000e+03   1.1109000e+03
   1.2226000e+03   1.2240000e+03   1.2247000e+03   1.2256000e+03   1.1088000e+03   1.1258000e+03
   1.2284000e+03   1.2298000e+03   1.2307000e+03   1.2314000e+03   1.1128000e+03   1.1260000e+03
   1.2356000e+03   1.2382000e+03   1.2377000e+03   1.2389000e+03   1.1292000e+03   1.1320000e+03
   1.1938000e+03   1.1928000e+03   1.1945000e+03   1.1973000e+03   1.0954000e+03   1.1025000e+03
   1.1573000e+03   1.1601000e+03   1.1614000e+03   1.1618000e+03   1.0687000e+03   1.0745000e+03
   1.1487000e+03   1.1515000e+03   1.1517000e+03   1.1513000e+03   1.0512000e+03   1.0669000e+03
   1.1499000e+03   1.1524000e+03   1.1515000e+03   1.1518000e+03   1.0582000e+03   1.0604000e+03
   1.1602000e+03   1.1619000e+03   1.1628000e+03   1.1632000e+03   1.0638000e+03   1.0733000e+03
   1.1506000e+03   1.1519000e+03   1.1525000e+03   1.1528000e+03   1.0665000e+03   1.0677000e+03
   1.1398000e+03   1.1402000e+03   1.1413000e+03   1.1419000e+03   1.0555000e+03   1.0540000e+03
   1.1207000e+03   1.1225000e+03   1.1225000e+03   1.1230000e+03   1.0283000e+03   1.0295000e+03
   1.1080000e+03   1.1089000e+03   1.1084000e+03   1.1086000e+03   1.0163000e+03   1.0195000e+03
   1.1099000e+03   1.1105000e+03   1.1116000e+03   1.1116000e+03   1.0178000e+03   1.0213000e+03
   1.1112000e+03   1.1113000e+03   1.1131000e+03   1.1130000e+03   1.0082000e+03   1.0171000e+03
   1.1094000e+03   1.1097000e+03   1.1095000e+03   1.1095000e+03   9.8869000e+02   1.0074000e+03
   1.1205000e+03   1.1210000e+03   1.1224000e+03   1.1236000e+03   9.9082000e+02   1.0039000e+03
   1.1152000e+03   1.1158000e+03   1.1168000e+03   1.1179000e+03   9.8315000e+02   9.9366000e+02
   1.1026000e+03   1.1027000e+03   1.1035000e+03   1.1043000e+03   9.6988000e+02   9.8026000e+02
   1.0954000e+03   1.0962000e+03   1.0975000e+03   1.0982000e+03   9.5906000e+02   9.6513000e+02
   1.0879000e+03   1.0892000e+03   1.0900000e+03   1.0910000e+03   9.5618000e+02   9.5679000e+02
   1.0928000e+03   1.0948000e+03   1.0937000e+03   1.0944000e+03   9.6001000e+02   9.5500000e+02
   1.0945000e+03   1.0963000e+03   1.0960000e+03   1.0972000e+03   9.5777000e+02   9.5745000e+02
   1.0928000e+03   1.0960000e+03   1.0950000e+03   1.0962000e+03   9.5519000e+02   9.6157000e+02
   1.0850000e+03   1.0874000e+03   1.0869000e+03   1.0885000e+03   9.4512000e+02   9.5343000e+02
   1.0849000e+03   1.0870000e+03   1.0858000e+03   1.0863000e+03   9.4288000e+02   9.4293000e+02
   1.0833000e+03   1.0851000e+03   1.0847000e+03   1.0858000e+03   9.4810000e+02   9.4977000e+02
   1.0805000e+03   1.0825000e+03   1.0816000e+03   1.0816000e+03   9.5056000e+02   9.5410000e+02
   1.1100000e+03   1.1116000e+03   1.1112000e+03   1.1120000e+03   9.8571000e+02   9.8970000e+02
   1.1441000e+03   1.1476000e+03   1.1453000e+03   1.1466000e+03   1.0160000e+03   1.0204000e+03
   1.1591000e+03   1.1609000e+03   1.1597000e+03   1.1605000e+03   1.0248000e+03   1.0332000e+03
   1.1719000e+03   1.1709000e+03   1.1713000e+03   1.1713000e+03   1.0327000e+03   1.0367000e+03
   1.1646000e+03   1.1662000e+03   1.1654000e+03   1.1672000e+03   1.0249000e+03   1.0333000e+03
   1.1727000e+03   1.1742000e+03   1.1744000e+03   1.1749000e+03   1.0305000e+03   1.0347000e+03
   1.1890000e+03   1.1898000e+03   1.1902000e+03   1.1917000e+03   1.0428000e+03   1.0466000e+03
   1.2103000e+03   1.2124000e+03   1.2108000e+03   1.2119000e+03   1.0642000e+03   1.0687000e+03
   1.2210000e+03   1.2217000e+03   1.2227000e+03   1.2247000e+03   1.0729000e+03   1.0774000e+03
   1.2183000e+03   1.2205000e+03   1.2204000e+03   1.2226000e+03   1.0640000e+03   1.0740000e+03
   1.2189000e+03   1.2217000e+03   1.2204000e+03   1.2226000e+03   1.0547000e+03   1.0691000e+03
   1.2218000e+03   1.2245000e+03   1.2231000e+03   1.2252000e+03   1.0497000e+03   1.0623000e+03
   1.2158000e+03   1.2199000e+03   1.2181000e+03   1.2204000e+03   1.0431000e+03   1.0520000e+03
   1.2149000e+03   1.2204000e+03   1.2182000e+03   1.2209000e+03   1.0447000e+03   1.0499000e+03
   1.2078000e+03   1.2100000e+03   1.2110000e+03   1.2155000e+03   1.0439000e+03   1.0496000e+03
   1.1907000e+03   1.1950000e+03   1.1949000e+03   1.1993000e+03   1.0393000e+03   1.0472000e+03
   1.1742000e+03   1.1785000e+03   1.1791000e+03   1.1822000e+03   1.0332000e+03   1.0393000e+03
   1.1652000e+03   1.1698000e+03   1.1668000e+03   1.1710000e+03   1.0242000e+03   1.0320000e+03
   1.1641000e+03   1.1702000e+03   1.1652000e+03   1.1680000e+03   1.0148000e+03   1.0235000e+03
   1.1637000e+03   1.1701000e+03   1.1652000e+03   1.1679000e+03   1.0041000e+03   1.0125000e+03
   1.1670000e+03   1.1736000e+03   1.1699000e+03   1.1753000e+03   1.0031000e+03   1.0106000e+03
   1.1630000e+03   1.1699000e+03   1.1667000e+03   1.1725000e+03   9.9525000e+02   1.0066000e+03
   1.1597000e+03   1.1682000e+03   1.1624000e+03   1.1678000e+03   9.8524000e+02   9.9835000e+02
   1.1566000e+03   1.1657000e+03   1.1616000e+03   1.1672000e+03   9.7264000e+02   9.8460000e+02
   1.1267000e+03   1.1354000e+03   1.1322000e+03   1.1386000e+03   9.3925000e+02   9.4787000e+02
   1.0950000e+03   1.1045000e+03   1.1017000e+03   1.1081000e+03   9.0467000e+02   9.1211000e+02
   1.0818000e+03   1.0909000e+03   1.0863000e+03   1.0929000e+03   8.8774000e+02   8.9475000e+02
   1.0706000e+03   1.0811000e+03   1.0774000e+03   1.0832000e+03   8.7284000e+02   8.7896000e+02
   1.0679000e+03   1.0793000e+03   1.0747000e+03   1.0813000e+03   8.6703000e+02   8.7412000e+02
   1.0544000e+03   1.0647000e+03   1.0603000e+03   1.0670000e+03   8.5241000e+02   8.5697000e+02
   1.0352000e+03   1.0422000e+03   1.0409000e+03   1.0468000e+03   8.2622000e+02   8.3469000e+02
   1.0060000e+03   1.0144000e+03   1.0125000e+03   1.0190000e+03   7.9926000e+02   8.0510000e+02
   9.8706000e+02   9.9630000e+02   9.9310000e+02   1.0007000e+03   7.8195000e+02   7.8259000e+02
   9.8181000e+02   9.9144000e+02   9.8962000e+02   9.9625000e+02   7.6571000e+02   7.7175000e+02
   9.6998000e+02   9.7952000e+02   9.7849000e+02   9.8526000e+02   7.6076000e+02   7.6588000e+02
   9.6644000e+02   9.7676000e+02   9.7539000e+02   9.8330000e+02   7.4593000e+02   7.4920000e+02
   9.6343000e+02   9.7461000e+02   9.7307000e+02   9.7994000e+02   7.3089000e+02   7.3515000e+02
   9.5143000e+02   9.6125000e+02   9.5698000e+02   9.6395000e+02   7.1939000e+02   7.2142000e+02
   9.4428000e+02   9.5323000e+02   9.4992000e+02   9.5697000e+02   6.9898000e+02   7.0217000e+02
   9.2952000e+02   9.3989000e+02   9.3720000e+02   9.4589000e+02   6.9045000e+02   7.0040000e+02
   9.1979000e+02   9.2861000e+02   9.2598000e+02   9.3125000e+02   6.7278000e+02   6.8754000e+02
   9.2003000e+02   9.2957000e+02   9.2538000e+02   9.3031000e+02   6.5897000e+02   6.7841000e+02
   9.1516000e+02   9.2320000e+02   9.2157000e+02   9.2577000e+02   6.4824000e+02   6.6144000e+02
   9.1501000e+02   9.2247000e+02   9.1979000e+02   9.2448000e+02   6.4256000e+02   6.5143000e+02
   9.1471000e+02   9.2143000e+02   9.1879000e+02   9.2364000e+02   6.2840000e+02   6.3592000e+02
   9.0883000e+02   9.1353000e+02   9.1247000e+02   9.1768000e+02   6.2785000e+02   6.3395000e+02
   9.1425000e+02   9.2022000e+02   9.2136000e+02   9.2729000e+02   6.2987000e+02   6.3885000e+02
   8.9816000e+02   9.0510000e+02   9.0564000e+02   9.1118000e+02   6.3018000e+02   6.4109000e+02
   9.2692000e+02   9.3195000e+02   9.3286000e+02   9.3644000e+02   6.5160000e+02   6.6380000e+02
   9.4811000e+02   9.5630000e+02   9.5418000e+02   9.5812000e+02   6.8074000e+02   6.8488000e+02
   9.6455000e+02   9.7048000e+02   9.6693000e+02   9.7049000e+02   7.0034000e+02   7.0403000e+02
   9.7646000e+02   9.8257000e+02   9.8123000e+02   9.8485000e+02   7.0898000e+02   7.2181000e+02
   9.7740000e+02   9.8282000e+02   9.8343000e+02   9.8692000e+02   7.1596000e+02   7.2984000e+02
   9.8584000e+02   9.9252000e+02   9.9148000e+02   9.9683000e+02   7.3008000e+02   7.4645000e+02
   9.9394000e+02   9.9894000e+02   9.9974000e+02   1.0037000e+03   7.4486000e+02   7.6109000e+02
   1.0152000e+03   1.0192000e+03   1.0195000e+03   1.0228000e+03   7.5605000e+02   7.7886000e+02
   1.0245000e+03   1.0278000e+03   1.0278000e+03   1.0312000e+03   7.7615000e+02   7.8634000e+02
   1.0293000e+03   1.0318000e+03   1.0328000e+03   1.0351000e+03   7.9277000e+02   8.0436000e+02
   1.0479000e+03   1.0511000e+03   1.0512000e+03   1.0541000e+03   8.1044000e+02   8.2324000e+02
   1.0538000e+03   1.0554000e+03   1.0550000e+03   1.0565000e+03   8.3035000e+02   8.4312000e+02
   1.0562000e+03   1.0610000e+03   1.0582000e+03   1.0588000e+03   8.2808000e+02   8.3669000e+02
   1.0510000e+03   1.0552000e+03   1.0547000e+03   1.0586000e+03   8.2360000e+02   8.3784000e+02
   1.0603000e+03   1.0642000e+03   1.0628000e+03   1.0639000e+03   8.3689000e+02   8.5461000e+02
   1.0668000e+03   1.0701000e+03   1.0723000e+03   1.0756000e+03   8.5248000e+02   8.7188000e+02
   1.0862000e+03   1.0888000e+03   1.0883000e+03   1.0897000e+03   8.7392000e+02   8.8815000e+02
   1.0848000e+03   1.0836000e+03   1.0840000e+03   1.0841000e+03   8.7640000e+02   8.9595000e+02
   1.0782000e+03   1.0815000e+03   1.0813000e+03   1.0845000e+03   8.7278000e+02   8.8961000e+02
   1.0736000e+03   1.0768000e+03   1.0758000e+03   1.0773000e+03   8.6510000e+02   8.8355000e+02
   1.0761000e+03   1.0788000e+03   1.0790000e+03   1.0811000e+03   8.7591000e+02   8.8458000e+02
   1.0764000e+03   1.0792000e+03   1.0789000e+03   1.0809000e+03   8.9198000e+02   8.9568000e+02
   1.0831000e+03   1.0845000e+03   1.0832000e+03   1.0840000e+03   8.9580000e+02   9.0408000e+02
   1.0928000e+03   1.0948000e+03   1.0935000e+03   1.0948000e+03   9.0363000e+02   9.1007000e+02
   1.0499000e+03   1.0528000e+03   1.0517000e+03   1.0524000e+03   8.7800000e+02   8.8058000e+02
   1.0171000e+03   1.0186000e+03   1.0187000e+03   1.0198000e+03   8.5156000e+02   8.5580000e+02
   1.0081000e+03   1.0124000e+03   1.0130000e+03   1.0143000e+03   8.4590000e+02   8.5119000e+02
   1.0023000e+03   1.0064000e+03   1.0074000e+03   1.0105000e+03   8.4330000e+02   8.5079000e+02
   1.0156000e+03   1.0158000e+03   1.0167000e+03   1.0177000e+03   8.5448000e+02   8.5902000e+02
   1.0102000e+03   1.0097000e+03   1.0117000e+03   1.0130000e+03   8.4547000e+02   8.5493000e+02
   9.9241000e+02   9.9428000e+02   9.9695000e+02   9.9800000e+02   8.3213000e+02   8.3984000e+02
   9.6338000e+02   9.6544000e+02   9.6560000e+02   9.6715000e+02   7.9818000e+02   8.1080000e+02
   9.4287000e+02   9.4624000e+02   9.4507000e+02   9.4636000e+02   7.7586000e+02   7.8842000e+02
   9.3400000e+02   9.3923000e+02   9.3834000e+02   9.4079000e+02   7.6736000e+02   7.7947000e+02
   9.2075000e+02   9.2597000e+02   9.2562000e+02   9.2932000e+02   7.6119000e+02   7.7023000e+02
   9.1060000e+02   9.1562000e+02   9.1530000e+02   9.1784000e+02   7.4956000e+02   7.5779000e+02
   9.2075000e+02   9.2582000e+02   9.2481000e+02   9.2627000e+02   7.5425000e+02   7.6091000e+02
   9.1960000e+02   9.2173000e+02   9.2076000e+02   9.2375000e+02   7.5044000e+02   7.5291000e+02
   9.0640000e+02   9.1046000e+02   9.1030000e+02   9.1287000e+02   7.4133000e+02   7.4281000e+02
   8.9351000e+02   8.9730000e+02   8.9762000e+02   8.9912000e+02   7.2869000e+02   7.3099000e+02
   8.8924000e+02   8.9182000e+02   8.9085000e+02   8.9294000e+02   7.1722000e+02   7.2195000e+02
   8.9135000e+02   8.9237000e+02   8.9179000e+02   8.9203000e+02   7.1044000e+02   7.1587000e+02
   8.9249000e+02   8.9431000e+02   8.9427000e+02   8.9568000e+02   7.1436000e+02   7.1971000e+02
   8.9844000e+02   9.0177000e+02   9.0270000e+02   9.0537000e+02   7.2200000e+02   7.2589000e+02
   8.9031000e+02   8.9369000e+02   8.9373000e+02   8.9649000e+02   7.1872000e+02   7.2345000e+02
   8.8618000e+02   8.8961000e+02   8.8903000e+02   8.9121000e+02   7.1721000e+02   7.2397000e+02
   8.8417000e+02   8.8780000e+02   8.8758000e+02   8.9020000e+02   7.2990000e+02   7.3486000e+02
   8.7943000e+02   8.8338000e+02   8.8262000e+02   8.8465000e+02   7.4233000e+02   7.4195000e+02
   9.0891000e+02   9.1269000e+02   9.1233000e+02   9.1406000e+02   7.7256000e+02   7.7384000e+02
   9.3641000e+02   9.3842000e+02   9.3764000e+02   9.4051000e+02   8.0612000e+02   8.0960000e+02
   9.4535000e+02   9.4812000e+02   9.4784000e+02   9.4957000e+02   8.2117000e+02   8.2206000e+02
   9.4960000e+02   9.5494000e+02   9.5317000e+02   9.5585000e+02   8.2326000e+02   8.2748000e+02
   9.4458000e+02   9.5036000e+02   9.4961000e+02   9.5280000e+02   8.2004000e+02   8.2577000e+02
   9.4865000e+02   9.5564000e+02   9.5408000e+02   9.5821000e+02   8.2932000e+02   8.3381000e+02
   9.6053000e+02   9.6729000e+02   9.6482000e+02   9.6570000e+02   8.3708000e+02   8.4077000e+02
   9.8310000e+02   9.8774000e+02   9.8526000e+02   9.8613000e+02   8.5216000e+02   8.5766000e+02
   9.9514000e+02   1.0001000e+03   9.9816000e+02   1.0007000e+03   8.6067000e+02   8.6616000e+02
   9.9751000e+02   1.0026000e+03   1.0002000e+03   1.0037000e+03   8.5887000e+02   8.6277000e+02
   9.9504000e+02   1.0004000e+03   9.9808000e+02   1.0011000e+03   8.5821000e+02   8.6305000e+02
   9.9426000e+02   9.9948000e+02   9.9738000e+02   9.9981000e+02   8.5871000e+02   8.6503000e+02
   9.7635000e+02   9.8284000e+02   9.8228000e+02   9.8611000e+02   8.4748000e+02   8.5432000e+02
   9.6843000e+02   9.7544000e+02   9.7383000e+02   9.7827000e+02   8.3472000e+02   8.4124000e+02
   9.6420000e+02   9.7184000e+02   9.6840000e+02   9.7146000e+02   8.3025000e+02   8.3843000e+02
   9.5513000e+02   9.6233000e+02   9.5962000e+02   9.6446000e+02   8.2165000e+02   8.2723000e+02
   9.4509000e+02   9.5186000e+02   9.5139000e+02   9.5710000e+02   8.1542000e+02   8.2213000e+02
   9.3487000e+02   9.4277000e+02   9.4040000e+02   9.4559000e+02   8.0664000e+02   8.1211000e+02
   9.2497000e+02   9.3246000e+02   9.3025000e+02   9.3602000e+02   7.9561000e+02   8.0295000e+02
   9.1098000e+02   9.1776000e+02   9.1687000e+02   9.2154000e+02   7.8045000e+02   7.8654000e+02
   9.0390000e+02   9.1212000e+02   9.1033000e+02   9.1711000e+02   7.7232000e+02   7.7997000e+02
   8.9712000e+02   9.0592000e+02   9.0459000e+02   9.1102000e+02   7.6517000e+02   7.7311000e+02
   8.9002000e+02   8.9765000e+02   8.9604000e+02   9.0168000e+02   7.5529000e+02   7.6297000e+02
   8.8482000e+02   8.9294000e+02   8.9138000e+02   8.9685000e+02   7.4677000e+02   7.5290000e+02
   8.6070000e+02   8.6909000e+02   8.6812000e+02   8.7372000e+02   7.1858000e+02   7.2338000e+02
   8.3530000e+02   8.4443000e+02   8.4144000e+02   8.4954000e+02   6.8738000e+02   6.9372000e+02
   8.1586000e+02   8.2631000e+02   8.2495000e+02   8.3277000e+02   6.6237000e+02   6.6835000e+02
   8.0142000e+02   8.1372000e+02   8.1087000e+02   8.1790000e+02   6.4272000e+02   6.4923000e+02
   7.9480000e+02   8.0742000e+02   8.0386000e+02   8.1199000e+02   6.2810000e+02   6.3450000e+02
   7.7143000e+02   7.8373000e+02   7.8156000e+02   7.9017000e+02   6.0249000e+02   6.0393000e+02
   7.4516000e+02   7.6032000e+02   7.5764000e+02   7.6742000e+02   5.7930000e+02   5.8174000e+02
   7.2402000e+02   7.3802000e+02   7.3477000e+02   7.4327000e+02   5.4587000e+02   5.4471000e+02
   6.9363000e+02   7.0807000e+02   7.0636000e+02   7.1435000e+02   5.2269000e+02   5.2056000e+02
   6.7902000e+02   6.9476000e+02   6.9182000e+02   7.0119000e+02   5.0308000e+02   4.9647000e+02
   6.6696000e+02   6.8225000e+02   6.8077000e+02   6.9069000e+02   4.8894000e+02   4.9102000e+02
   6.5776000e+02   6.7121000e+02   6.6893000e+02   6.7726000e+02   4.6995000e+02   4.6923000e+02
   6.5649000e+02   6.6900000e+02   6.6827000e+02   6.7695000e+02   4.6357000e+02   4.5756000e+02
   6.5729000e+02   6.7031000e+02   6.7012000e+02   6.7935000e+02   4.6057000e+02   4.6272000e+02
   6.4718000e+02   6.5935000e+02   6.5858000e+02   6.6721000e+02   4.5084000e+02   4.4174000e+02
   6.4620000e+02   6.5928000e+02   6.5846000e+02   6.6762000e+02   4.4434000e+02   4.4790000e+02
   6.2931000e+02   6.3678000e+02   6.3912000e+02   6.4519000e+02   4.0940000e+02   4.1183000e+02
   6.5316000e+02   6.6262000e+02   6.6111000e+02   6.6804000e+02   4.1915000e+02   4.1643000e+02
   6.2610000e+02   6.4278000e+02   6.4105000e+02   6.5150000e+02   4.0655000e+02   4.1499000e+02
   6.2534000e+02   6.3572000e+02   6.3242000e+02   6.3952000e+02   4.3068000e+02   4.1974000e+02
   6.4561000e+02   6.5475000e+02   6.5126000e+02   6.5646000e+02   4.2306000e+02   4.1128000e+02
   6.7105000e+02   6.8579000e+02   6.8232000e+02   6.9089000e+02   4.0886000e+02   4.0737000e+02
   6.2891000e+02   6.3250000e+02   6.3791000e+02   6.4482000e+02   4.2164000e+02   4.2474000e+02
   6.3427000e+02   6.3021000e+02   6.3298000e+02   6.3513000e+02   4.2085000e+02   4.1919000e+02
   6.6415000e+02   6.6929000e+02   6.6945000e+02   6.7528000e+02   4.1786000e+02   4.2150000e+02
   7.0318000e+02   7.1406000e+02   7.1061000e+02   7.1380000e+02   4.6240000e+02   4.6955000e+02
   7.0685000e+02   7.1152000e+02   7.1204000e+02   7.1759000e+02   4.8152000e+02   4.9840000e+02
   7.0443000e+02   7.0236000e+02   7.1061000e+02   7.1382000e+02   5.1040000e+02   5.1387000e+02
   7.6009000e+02   7.5573000e+02   7.4940000e+02   7.4591000e+02   5.0889000e+02   5.2222000e+02
   7.8883000e+02   7.8152000e+02   7.9004000e+02   7.9372000e+02   5.1750000e+02   5.3995000e+02
   7.3026000e+02   7.2882000e+02   7.3843000e+02   7.4344000e+02   5.4974000e+02   5.6306000e+02
   7.2833000e+02   7.2063000e+02   7.3972000e+02   7.4294000e+02   5.6986000e+02   5.8502000e+02
   7.2269000e+02   7.1070000e+02   7.2553000e+02   7.2410000e+02   5.7200000e+02   6.0541000e+02
   7.2449000e+02   7.3203000e+02   7.3277000e+02   7.3434000e+02   6.0375000e+02   6.2720000e+02
   7.2946000e+02   7.4312000e+02   7.4213000e+02   7.4574000e+02   6.2659000e+02   6.4569000e+02
   7.2796000e+02   7.2599000e+02   7.3139000e+02   7.3513000e+02   6.4045000e+02   6.5117000e+02
   7.2211000e+02   7.1915000e+02   7.1991000e+02   7.1788000e+02   6.3509000e+02   6.4659000e+02
   7.2906000e+02   7.2946000e+02   7.3251000e+02   7.3551000e+02   6.3010000e+02   6.3935000e+02
   7.5567000e+02   7.5227000e+02   7.5422000e+02   7.5376000e+02   6.3026000e+02   6.4190000e+02
   7.7213000e+02   7.7190000e+02   7.6943000e+02   7.6583000e+02   6.3860000e+02   6.4930000e+02
   7.8496000e+02   7.9389000e+02   7.8999000e+02   7.9183000e+02   6.4111000e+02   6.5640000e+02
   8.0563000e+02   8.1106000e+02   8.0229000e+02   8.0228000e+02   6.4396000e+02   6.5673000e+02
   8.1534000e+02   8.2423000e+02   8.1593000e+02   8.1517000e+02   6.3400000e+02   6.4358000e+02
   8.0851000e+02   8.1521000e+02   8.1264000e+02   8.1594000e+02   6.2096000e+02   6.3381000e+02
   8.1197000e+02   8.1625000e+02   8.1283000e+02   8.1540000e+02   6.1564000e+02   6.2471000e+02
   8.2160000e+02   8.2848000e+02   8.2377000e+02   8.2517000e+02   6.1233000e+02   6.1915000e+02
   8.2043000e+02   8.2619000e+02   8.2454000e+02   8.2604000e+02   6.0886000e+02   6.1840000e+02
   8.1218000e+02   8.1871000e+02   8.1904000e+02   8.2289000e+02   5.9827000e+02   6.0965000e+02
   7.7260000e+02   7.7736000e+02   7.7821000e+02   7.8130000e+02   5.7222000e+02   5.7797000e+02
   7.3753000e+02   7.4180000e+02   7.4269000e+02   7.4592000e+02   5.3234000e+02   5.3614000e+02
