   5.7141000e+00   6.8750000e+00   6.5453000e+00   7.1240000e+00   2.2675000e+00   2.4572000e+00
   5.2707000e+00   6.4656000e+00   6.0834000e+00   6.7185000e+00   2.8392000e+00   2.9955000e+00
   4.5093000e+00   5.9196000e+00   5.4785000e+00   6.1885000e+00   3.3437000e+00   3.5286000e+00
   3.6533000e+00   5.2672000e+00   4.7587000e+00   5.5699000e+00   3.8637000e+00   4.0699000e+00
   2.8493000e+00   4.5799000e+00   3.9917000e+00   4.9079000e+00   4.4536000e+00   4.5574000e+00
   2.2720000e+00   3.8048000e+00   3.1520000e+00   4.1057000e+00   5.0257000e+00   5.1978000e+00
   2.5614000e+00   2.9286000e+00   2.4475000e+00   3.1541000e+00   5.4653000e+00   5.5893000e+00
   3.5330000e+00   2.4030000e+00   2.5342000e+00   2.4284000e+00   5.8546000e+00   6.0489000e+00
   4.6194000e+00   3.2629000e+00   3.5846000e+00   3.0890000e+00   6.1334000e+00   6.2907000e+00
   5.6605000e+00   4.4944000e+00   4.7761000e+00   4.3808000e+00   6.4142000e+00   6.5955000e+00
   6.4369000e+00   5.5877000e+00   5.7967000e+00   5.5443000e+00   6.5420000e+00   6.7459000e+00
   7.0057000e+00   6.5989000e+00   6.6341000e+00   6.5439000e+00   6.7199000e+00   6.8606000e+00
   7.2200000e+00   7.1111000e+00   7.0480000e+00   7.0856000e+00   6.8386000e+00   6.9239000e+00
   7.3896000e+00   7.3567000e+00   7.2764000e+00   7.3209000e+00   7.0550000e+00   7.0857000e+00
   7.4107000e+00   7.4268000e+00   7.3696000e+00   7.4164000e+00   7.2456000e+00   7.1809000e+00
   7.4371000e+00   7.4639000e+00   7.4579000e+00   7.5374000e+00   7.4067000e+00   7.2984000e+00
   7.6366000e+00   7.5872000e+00   7.6122000e+00   7.6744000e+00   7.2239000e+00   7.0761000e+00
   7.3662000e+00   7.6693000e+00   7.6482000e+00   7.8528000e+00   6.7614000e+00   6.6961000e+00
   7.1265000e+00   7.3179000e+00   7.3409000e+00   7.5766000e+00   6.9317000e+00   6.8975000e+00
   7.3017000e+00   7.2385000e+00   7.3147000e+00   7.4058000e+00   7.1989000e+00   7.1552000e+00
   7.3518000e+00   7.2796000e+00   7.3545000e+00   7.4033000e+00   7.3860000e+00   7.4222000e+00
   7.3537000e+00   7.2577000e+00   7.3360000e+00   7.3563000e+00   7.5857000e+00   7.7289000e+00
   7.4615000e+00   7.3105000e+00   7.4140000e+00   7.4291000e+00   7.7207000e+00   7.8282000e+00
   7.6722000e+00   7.4299000e+00   7.5304000e+00   7.5019000e+00   7.7945000e+00   7.9240000e+00
   7.7324000e+00   7.5549000e+00   7.6034000e+00   7.5447000e+00   7.8475000e+00   8.0262000e+00
   7.6913000e+00   7.5814000e+00   7.6135000e+00   7.6027000e+00   7.8353000e+00   8.0577000e+00
   7.6697000e+00   7.5474000e+00   7.5876000e+00   7.5862000e+00   7.7941000e+00   8.0789000e+00
   7.6668000e+00   7.5350000e+00   7.5916000e+00   7.5978000e+00   7.7580000e+00   8.0017000e+00
   7.6447000e+00   7.4636000e+00   7.5430000e+00   7.5408000e+00   7.7306000e+00   7.9544000e+00
   7.5943000e+00   7.3551000e+00   7.4604000e+00   7.4414000e+00   7.7351000e+00   7.8984000e+00
   7.5721000e+00   7.2687000e+00   7.3405000e+00   7.2747000e+00   7.8404000e+00   7.8220000e+00
   7.6718000e+00   7.2397000e+00   7.3804000e+00   7.2086000e+00   8.0153000e+00   7.7773000e+00
   7.6537000e+00   6.8628000e+00   7.3359000e+00   6.9156000e+00   8.1732000e+00   7.8624000e+00
   7.4826000e+00   6.1646000e+00   6.9268000e+00   6.1835000e+00   8.2848000e+00   7.9755000e+00
   7.5162000e+00   5.9482000e+00   6.3634000e+00   5.7985000e+00   8.3493000e+00   8.0471000e+00
   7.1761000e+00   7.3619000e+00   6.1277000e+00   6.8770000e+00   8.4114000e+00   8.1262000e+00
   6.1098000e+00   9.0185000e+00   7.1879000e+00   8.4536000e+00   8.4444000e+00   8.2424000e+00
   8.0288000e+00   9.2348000e+00   8.6799000e+00   8.7118000e+00   8.4541000e+00   8.4187000e+00
   9.3413000e+00   9.0307000e+00   8.7750000e+00   8.7161000e+00   8.4794000e+00   8.5384000e+00
   9.3582000e+00   8.3995000e+00   8.3557000e+00   8.3066000e+00   8.5030000e+00   8.5660000e+00
   8.6381000e+00   8.3737000e+00   8.1128000e+00   8.1876000e+00   8.6033000e+00   8.6755000e+00
   8.1358000e+00   8.3234000e+00   8.0473000e+00   8.2050000e+00   8.6752000e+00   8.7335000e+00
   7.7334000e+00   7.7963000e+00   7.6749000e+00   7.7221000e+00   8.6666000e+00   8.8061000e+00
   7.4420000e+00   7.4784000e+00   7.3480000e+00   7.3331000e+00   8.6576000e+00   8.8291000e+00
   7.2448000e+00   7.2965000e+00   7.1558000e+00   7.1200000e+00   8.6561000e+00   8.9278000e+00
   7.1831000e+00   7.0986000e+00   7.0275000e+00   6.8978000e+00   8.5910000e+00   8.9429000e+00
   7.1263000e+00   7.1030000e+00   6.9958000e+00   6.8195000e+00   8.5763000e+00   8.9818000e+00
   7.3172000e+00   7.3772000e+00   7.1835000e+00   6.9903000e+00   8.4871000e+00   8.9640000e+00
   7.3193000e+00   7.7110000e+00   7.3638000e+00   7.3703000e+00   8.4799000e+00   8.8695000e+00
   7.2250000e+00   7.7169000e+00   7.3004000e+00   7.4176000e+00   8.4240000e+00   8.6542000e+00
   7.2759000e+00   7.9902000e+00   7.4218000e+00   7.5316000e+00   8.5615000e+00   8.7585000e+00
   7.4613000e+00   7.9078000e+00   7.5411000e+00   7.6846000e+00   8.8294000e+00   8.6932000e+00
   8.0683000e+00   7.7807000e+00   7.7980000e+00   7.6769000e+00   8.9213000e+00   8.7264000e+00
   8.1334000e+00   8.3273000e+00   8.3184000e+00   8.3673000e+00   8.9897000e+00   8.9628000e+00
   8.0392000e+00   7.7902000e+00   7.8964000e+00   7.9578000e+00   8.9671000e+00   9.1015000e+00
   7.8678000e+00   7.4338000e+00   7.6174000e+00   7.4571000e+00   8.9332000e+00   9.0653000e+00
   7.5813000e+00   8.2593000e+00   7.8692000e+00   7.8750000e+00   8.8307000e+00   8.9855000e+00
   7.1788000e+00   7.7379000e+00   7.4084000e+00   7.6614000e+00   8.9110000e+00   8.9554000e+00
   7.2445000e+00   7.4671000e+00   7.2266000e+00   7.2969000e+00   8.8465000e+00   8.7762000e+00
   7.8550000e+00   7.7941000e+00   7.6029000e+00   7.5063000e+00   8.7198000e+00   8.7800000e+00
   8.0572000e+00   8.2090000e+00   7.9545000e+00   7.9660000e+00   8.6237000e+00   8.8234000e+00
   8.0102000e+00   8.5594000e+00   8.2345000e+00   8.3813000e+00   8.6224000e+00   8.6735000e+00
   7.7441000e+00   8.1638000e+00   7.9562000e+00   8.1473000e+00   8.4474000e+00   8.4096000e+00
   7.7910000e+00   7.8986000e+00   7.7758000e+00   7.8882000e+00   8.4269000e+00   8.2271000e+00
   8.1630000e+00   7.6910000e+00   7.8003000e+00   7.6770000e+00   8.5874000e+00   8.5581000e+00
   7.7814000e+00   7.7532000e+00   7.8266000e+00   7.7702000e+00   8.1571000e+00   7.9595000e+00
   7.3784000e+00   7.5017000e+00   7.4534000e+00   7.5856000e+00   8.3184000e+00   6.9053000e+00
   7.2897000e+00   7.3817000e+00   7.3153000e+00   7.3923000e+00   7.4343000e+00   6.0147000e+00
   7.2608000e+00   7.3096000e+00   7.2762000e+00   7.3223000e+00   7.1855000e+00   5.4828000e+00
   7.0701000e+00   7.1342000e+00   7.1049000e+00   7.1567000e+00   5.3221000e+00   5.6131000e+00
   6.8771000e+00   6.9475000e+00   6.9032000e+00   6.9474000e+00   3.3487000e+00   6.0261000e+00
   6.7312000e+00   6.7817000e+00   6.7561000e+00   6.7931000e+00   2.6861000e+00   5.4885000e+00
   6.4542000e+00   6.4869000e+00   6.4877000e+00   6.5384000e+00   2.9738000e+00   5.4728000e+00
   6.2292000e+00   6.2687000e+00   6.2383000e+00   6.2844000e+00   3.9629000e+00   5.7010000e+00
   6.0729000e+00   6.1113000e+00   6.0777000e+00   6.0961000e+00   5.3301000e+00   5.8411000e+00
   5.9110000e+00   5.9271000e+00   5.9250000e+00   5.9444000e+00   6.2033000e+00   5.7962000e+00
   5.7955000e+00   5.8185000e+00   5.8050000e+00   5.8193000e+00   5.9252000e+00   5.9468000e+00
   5.6711000e+00   5.7146000e+00   5.6910000e+00   5.6967000e+00   5.8112000e+00   6.1002000e+00
   5.5339000e+00   5.6077000e+00   5.5970000e+00   5.6344000e+00   5.9712000e+00   6.0297000e+00
   5.3603000e+00   5.4582000e+00   5.4625000e+00   5.5416000e+00   6.1885000e+00   6.0579000e+00
   5.3020000e+00   5.3421000e+00   5.3656000e+00   5.4316000e+00   6.3772000e+00   5.9247000e+00
   5.2716000e+00   5.2520000e+00   5.2868000e+00   5.3211000e+00   6.3412000e+00   5.7532000e+00
   5.1144000e+00   5.0854000e+00   5.1189000e+00   5.1357000e+00   6.3830000e+00   5.7705000e+00
   5.0370000e+00   5.0476000e+00   5.0315000e+00   5.0489000e+00   6.3048000e+00   5.7915000e+00
   5.0963000e+00   5.1868000e+00   5.1356000e+00   5.1355000e+00   6.2234000e+00   5.9415000e+00
   5.1368000e+00   5.1585000e+00   5.1088000e+00   5.0815000e+00   6.2374000e+00   6.0646000e+00
   5.0203000e+00   5.0557000e+00   4.9926000e+00   4.9935000e+00   6.1987000e+00   6.0388000e+00
   4.8870000e+00   4.8882000e+00   4.8861000e+00   4.8824000e+00   6.1887000e+00   6.0083000e+00
   4.7628000e+00   4.7921000e+00   4.7538000e+00   4.7883000e+00   6.1126000e+00   5.9614000e+00
   4.6971000e+00   4.9976000e+00   4.8655000e+00   4.9343000e+00   6.0657000e+00   5.9234000e+00
   4.9678000e+00   5.1215000e+00   5.0712000e+00   5.1417000e+00   6.0028000e+00   5.8912000e+00
   5.0781000e+00   5.3854000e+00   5.3004000e+00   5.3950000e+00   5.8701000e+00   5.8487000e+00
   5.3078000e+00   5.2852000e+00   5.3824000e+00   5.3358000e+00   5.7097000e+00   5.7464000e+00
   5.1977000e+00   5.4229000e+00   5.2626000e+00   5.4671000e+00   5.6093000e+00   5.5865000e+00
   5.2752000e+00   5.4124000e+00   5.4196000e+00   5.3717000e+00   5.4804000e+00   5.3783000e+00
   5.3258000e+00   5.4930000e+00   5.2788000e+00   5.5090000e+00   5.3780000e+00   5.2127000e+00
   5.2041000e+00   5.1503000e+00   5.3535000e+00   5.2021000e+00   5.3013000e+00   5.0427000e+00
   4.9891000e+00   5.2469000e+00   4.9579000e+00   5.3259000e+00   5.2176000e+00   4.8779000e+00
   4.7831000e+00   5.4852000e+00   5.4255000e+00   5.2122000e+00   5.1144000e+00   4.7499000e+00
   5.5553000e+00   4.6632000e+00   4.8145000e+00   4.8924000e+00   5.0785000e+00   4.6931000e+00
   4.5230000e+00   5.3843000e+00   5.0624000e+00   5.2619000e+00   5.0464000e+00   4.6546000e+00
   5.1759000e+00   4.5039000e+00   4.8231000e+00   4.5053000e+00   4.9863000e+00   4.6010000e+00
   4.5533000e+00   4.8262000e+00   4.5992000e+00   5.0327000e+00   4.9115000e+00   4.5155000e+00
   4.6000000e+00   4.8581000e+00   4.9462000e+00   4.6890000e+00   4.8045000e+00   4.4303000e+00
   4.9824000e+00   4.5113000e+00   4.5831000e+00   4.6848000e+00   4.7279000e+00   4.3580000e+00
   4.4501000e+00   4.9511000e+00   4.7962000e+00   4.8980000e+00   4.6261000e+00   4.2786000e+00
   4.9628000e+00   4.6440000e+00   4.8055000e+00   4.6565000e+00   4.5592000e+00   4.1829000e+00
   4.6659000e+00   4.9851000e+00   4.7713000e+00   4.9945000e+00   4.5706000e+00   4.1064000e+00
   4.8415000e+00   4.9122000e+00   4.9495000e+00   4.8155000e+00   4.6467000e+00   4.0667000e+00
   4.9180000e+00   4.7879000e+00   4.7122000e+00   4.8007000e+00   4.6754000e+00   3.9896000e+00
   4.5940000e+00   4.7526000e+00   4.6917000e+00   4.6423000e+00   4.6228000e+00   3.8949000e+00
   4.6431000e+00   4.4971000e+00   4.4809000e+00   4.4571000e+00   4.4603000e+00   3.7809000e+00
   4.3592000e+00   4.4735000e+00   4.3866000e+00   4.4180000e+00   4.2993000e+00   3.7345000e+00
   4.3160000e+00   4.3970000e+00   4.3385000e+00   4.3417000e+00   4.1053000e+00   3.6962000e+00
   4.2163000e+00   4.3629000e+00   4.2446000e+00   4.2979000e+00   3.8971000e+00   3.6555000e+00
   4.0927000e+00   4.2442000e+00   4.1370000e+00   4.1752000e+00   3.2923000e+00   3.1883000e+00
   3.9689000e+00   4.0129000e+00   3.9632000e+00   4.0139000e+00   2.8586000e+00   2.6737000e+00
   3.7696000e+00   3.9356000e+00   3.8683000e+00   4.0077000e+00   2.7462000e+00   2.5579000e+00
   3.7212000e+00   4.0198000e+00   3.8890000e+00   3.9711000e+00   3.0009000e+00   2.6912000e+00
   3.8371000e+00   3.9775000e+00   3.8459000e+00   3.8774000e+00   3.0234000e+00   2.7135000e+00
   3.8141000e+00   3.9103000e+00   3.7922000e+00   3.8899000e+00   2.9245000e+00   2.7212000e+00
   3.7951000e+00   3.9142000e+00   3.8567000e+00   3.9253000e+00   2.8144000e+00   2.6816000e+00
   3.8811000e+00   3.7940000e+00   3.8368000e+00   3.8188000e+00   2.7671000e+00   2.6317000e+00
   3.8565000e+00   3.7449000e+00   3.7606000e+00   3.7969000e+00   2.7095000e+00   2.5667000e+00
   3.7650000e+00   3.7963000e+00   3.7705000e+00   3.8039000e+00   2.6602000e+00   2.5362000e+00
   3.8084000e+00   3.7696000e+00   3.7690000e+00   3.7605000e+00   2.6703000e+00   2.4747000e+00
   3.7756000e+00   3.6843000e+00   3.7081000e+00   3.7141000e+00   2.6415000e+00   2.4691000e+00
   3.7478000e+00   3.6728000e+00   3.7002000e+00   3.7148000e+00   2.6437000e+00   2.3985000e+00
   3.7492000e+00   3.6581000e+00   3.6857000e+00   3.6886000e+00   2.6591000e+00   2.4062000e+00
   3.8163000e+00   3.6850000e+00   3.7411000e+00   3.7472000e+00   2.6555000e+00   2.4217000e+00
   3.9540000e+00   3.7930000e+00   3.8711000e+00   3.8734000e+00   2.6553000e+00   2.4161000e+00
   4.1047000e+00   3.8934000e+00   4.0016000e+00   3.9846000e+00   2.6205000e+00   2.4281000e+00
   4.2882000e+00   4.0120000e+00   4.1509000e+00   4.1064000e+00   2.5208000e+00   2.3792000e+00
   4.5616000e+00   4.2317000e+00   4.3927000e+00   4.3230000e+00   2.3918000e+00   2.2847000e+00
   4.9318000e+00   4.5669000e+00   4.7397000e+00   4.6473000e+00   2.3650000e+00   2.2245000e+00
   5.3396000e+00   4.9726000e+00   5.1502000e+00   5.0412000e+00   2.3883000e+00   2.2230000e+00
   5.6576000e+00   5.3684000e+00   5.5239000e+00   5.4423000e+00   2.3668000e+00   2.2181000e+00
   5.8494000e+00   5.6869000e+00   5.7862000e+00   5.7554000e+00   2.3145000e+00   2.2331000e+00
   5.9127000e+00   5.8552000e+00   5.9343000e+00   5.9689000e+00   2.1749000e+00   2.1820000e+00
   5.9988000e+00   5.9671000e+00   6.0585000e+00   6.1282000e+00   2.0864000e+00   2.0687000e+00
   6.0594000e+00   6.0337000e+00   6.1328000e+00   6.2117000e+00   2.0812000e+00   1.9477000e+00
   6.0948000e+00   6.1065000e+00   6.1982000e+00   6.2809000e+00   2.2494000e+00   1.9266000e+00
   6.0477000e+00   6.0985000e+00   6.1791000e+00   6.2706000e+00   2.4628000e+00   2.0288000e+00
   6.0282000e+00   6.1053000e+00   6.1789000e+00   6.2675000e+00   2.5946000e+00   2.1718000e+00
   6.0254000e+00   6.0812000e+00   6.1647000e+00   6.2323000e+00   2.4549000e+00   2.2896000e+00
   6.1002000e+00   6.1127000e+00   6.2032000e+00   6.2345000e+00   2.2529000e+00   2.3737000e+00
   6.1928000e+00   6.1583000e+00   6.2519000e+00   6.2595000e+00   2.3038000e+00   2.3218000e+00
   6.3091000e+00   6.2314000e+00   6.3339000e+00   6.3210000e+00   2.5017000e+00   2.3128000e+00
   6.4155000e+00   6.2774000e+00   6.3910000e+00   6.3412000e+00   2.6321000e+00   2.3319000e+00
   6.5402000e+00   6.3484000e+00   6.4711000e+00   6.3786000e+00   2.5576000e+00   2.4399000e+00
   6.6551000e+00   6.3946000e+00   6.5290000e+00   6.4006000e+00   2.6642000e+00   2.6152000e+00
   6.7343000e+00   6.3927000e+00   6.5383000e+00   6.3736000e+00   2.8510000e+00   2.8956000e+00
   6.7885000e+00   6.4055000e+00   6.5334000e+00   6.3466000e+00   2.8658000e+00   3.0694000e+00
   6.8094000e+00   6.3881000e+00   6.5237000e+00   6.3320000e+00   2.7788000e+00   3.1947000e+00
   6.8161000e+00   6.3690000e+00   6.5158000e+00   6.3233000e+00   2.9387000e+00   3.2602000e+00
   6.7383000e+00   6.2845000e+00   6.4362000e+00   6.2529000e+00   3.3128000e+00   3.4233000e+00
   6.7068000e+00   6.2589000e+00   6.3970000e+00   6.2061000e+00   3.6362000e+00   3.5414000e+00
   6.6875000e+00   6.2743000e+00   6.3665000e+00   6.1570000e+00   3.7498000e+00   3.7627000e+00
   6.6097000e+00   6.2281000e+00   6.2968000e+00   6.0857000e+00   3.6364000e+00   4.0776000e+00
   6.5227000e+00   6.2102000e+00   6.2581000e+00   6.0713000e+00   3.7302000e+00   4.5928000e+00
   6.4532000e+00   6.1901000e+00   6.2217000e+00   6.0615000e+00   4.7502000e+00   5.2145000e+00
   6.3251000e+00   6.0964000e+00   6.1192000e+00   5.9819000e+00   5.8061000e+00   5.5890000e+00
   6.3176000e+00   6.1006000e+00   6.1034000e+00   5.9631000e+00   6.0570000e+00   5.9851000e+00
   6.3803000e+00   6.1400000e+00   6.1468000e+00   6.0013000e+00   6.4933000e+00   6.5572000e+00
   6.4016000e+00   6.1766000e+00   6.1932000e+00   6.0629000e+00   7.1279000e+00   7.1903000e+00
   6.4414000e+00   6.2272000e+00   6.2203000e+00   6.0788000e+00   7.7244000e+00   7.8136000e+00
   6.6019000e+00   6.4184000e+00   6.3796000e+00   6.2307000e+00   8.6917000e+00   8.5595000e+00
   6.5977000e+00   6.4510000e+00   6.4031000e+00   6.2665000e+00   9.5722000e+00   9.0224000e+00
   6.6611000e+00   6.5559000e+00   6.5066000e+00   6.3990000e+00   9.7578000e+00   8.9883000e+00
   6.6697000e+00   6.5921000e+00   6.5323000e+00   6.4245000e+00   9.7648000e+00   8.8989000e+00
   6.7143000e+00   6.6703000e+00   6.6013000e+00   6.5065000e+00   9.8904000e+00   9.0917000e+00
   6.6294000e+00   6.6006000e+00   6.5449000e+00   6.4582000e+00   9.8990000e+00   9.2718000e+00
   6.5107000e+00   6.5020000e+00   6.4162000e+00   6.3284000e+00   9.7230000e+00   9.3509000e+00
   6.4842000e+00   6.4685000e+00   6.4030000e+00   6.3282000e+00   9.4059000e+00   9.2167000e+00
   6.4770000e+00   6.4378000e+00   6.4109000e+00   6.3472000e+00   9.0654000e+00   9.1563000e+00
   6.4327000e+00   6.3958000e+00   6.3926000e+00   6.3541000e+00   8.9590000e+00   8.9750000e+00
   6.3822000e+00   6.3494000e+00   6.3730000e+00   6.3675000e+00   9.0326000e+00   8.8691000e+00
   6.4125000e+00   6.3894000e+00   6.3766000e+00   6.3622000e+00   9.0595000e+00   8.8994000e+00
   6.3736000e+00   6.3817000e+00   6.3846000e+00   6.3967000e+00   9.1887000e+00   8.8764000e+00
   6.4821000e+00   6.4939000e+00   6.4691000e+00   6.4698000e+00   9.0055000e+00   8.9959000e+00
   6.6758000e+00   6.6938000e+00   6.6404000e+00   6.6293000e+00   9.0489000e+00   8.8412000e+00
   6.7722000e+00   6.7787000e+00   6.7531000e+00   6.7518000e+00   9.1736000e+00   8.9102000e+00
   6.7445000e+00   6.7580000e+00   6.7216000e+00   6.7025000e+00   8.8880000e+00   8.8872000e+00
   6.8203000e+00   6.9011000e+00   6.7948000e+00   6.7759000e+00   8.7599000e+00   8.7626000e+00
   6.8313000e+00   6.9774000e+00   6.8306000e+00   6.8246000e+00   8.5520000e+00   8.5842000e+00
   6.6732000e+00   6.8618000e+00   6.7174000e+00   6.7400000e+00   8.6592000e+00   8.4562000e+00
   6.4601000e+00   6.6869000e+00   6.5013000e+00   6.5347000e+00   8.5429000e+00   8.4750000e+00
   6.3813000e+00   6.6104000e+00   6.4134000e+00   6.4138000e+00   8.5445000e+00   8.3083000e+00
   6.3463000e+00   6.4509000e+00   6.3752000e+00   6.3709000e+00   8.3582000e+00   8.2708000e+00
   6.2225000e+00   6.2383000e+00   6.2401000e+00   6.2214000e+00   8.1359000e+00   8.1102000e+00
   6.0918000e+00   6.0829000e+00   6.0957000e+00   6.0649000e+00   8.0059000e+00   7.8571000e+00
   6.0240000e+00   6.0333000e+00   6.0591000e+00   6.0407000e+00   8.0384000e+00   7.7373000e+00
   5.9653000e+00   5.9830000e+00   5.9696000e+00   5.9327000e+00   8.0444000e+00   7.6354000e+00
   5.9783000e+00   5.9822000e+00   5.9709000e+00   5.9238000e+00   8.3692000e+00   7.6982000e+00
   5.9778000e+00   5.9445000e+00   5.9797000e+00   5.9287000e+00   8.7816000e+00   8.0486000e+00
   6.0369000e+00   5.9267000e+00   5.9592000e+00   5.8495000e+00   8.9048000e+00   8.4654000e+00
   6.2507000e+00   6.0406000e+00   6.1215000e+00   5.9774000e+00   8.9889000e+00   8.7703000e+00
   6.5536000e+00   6.2274000e+00   6.3911000e+00   6.2386000e+00   8.9793000e+00   8.9517000e+00
   6.7571000e+00   6.3162000e+00   6.5315000e+00   6.3563000e+00   8.8883000e+00   9.0688000e+00
   7.0231000e+00   6.4749000e+00   6.7653000e+00   6.5975000e+00   8.6886000e+00   9.1181000e+00
   6.9572000e+00   6.3629000e+00   6.7206000e+00   6.5741000e+00   8.3797000e+00   8.9655000e+00
   6.8326000e+00   6.2746000e+00   6.5797000e+00   6.4187000e+00   8.3386000e+00   8.7940000e+00
   6.8291000e+00   6.3257000e+00   6.5804000e+00   6.4215000e+00   8.5402000e+00   8.7031000e+00
   6.7985000e+00   6.3008000e+00   6.5928000e+00   6.4657000e+00   8.6712000e+00   8.7341000e+00
   6.4901000e+00   6.0228000e+00   6.3405000e+00   6.2328000e+00   8.6792000e+00   8.8020000e+00
   6.3691000e+00   5.9684000e+00   6.2227000e+00   6.1094000e+00   8.7270000e+00   8.5736000e+00
   6.4208000e+00   6.0609000e+00   6.2688000e+00   6.1619000e+00   8.7966000e+00   8.4358000e+00
   6.4585000e+00   6.0942000e+00   6.3002000e+00   6.2020000e+00   8.6040000e+00   8.2000000e+00
   6.2497000e+00   5.8822000e+00   6.1073000e+00   6.0314000e+00   8.3125000e+00   7.9376000e+00
   5.8993000e+00   5.5891000e+00   5.8003000e+00   5.7671000e+00   8.3839000e+00   7.9860000e+00
   5.5305000e+00   5.3911000e+00   5.4923000e+00   5.5007000e+00   7.5312000e+00   7.1134000e+00
   5.3328000e+00   5.3781000e+00   5.4014000e+00   5.4675000e+00   6.8075000e+00   6.4107000e+00
   5.1401000e+00   5.2569000e+00   5.2069000e+00   5.3025000e+00   6.4235000e+00   6.5220000e+00
   4.8729000e+00   5.1027000e+00   4.9884000e+00   5.0715000e+00   6.6764000e+00   6.6309000e+00
   4.6202000e+00   4.9245000e+00   4.8187000e+00   4.8562000e+00   6.5835000e+00   6.4347000e+00
   4.6540000e+00   4.9690000e+00   4.8066000e+00   4.7773000e+00   6.4219000e+00   6.2062000e+00
   4.7923000e+00   5.0923000e+00   4.9286000e+00   4.8793000e+00   6.3869000e+00   6.0377000e+00
   4.8053000e+00   5.0427000e+00   4.9344000e+00   4.8704000e+00   6.6906000e+00   6.3254000e+00
   4.7920000e+00   4.9283000e+00   4.8369000e+00   4.7248000e+00   7.1132000e+00   6.7557000e+00
   4.8203000e+00   4.8161000e+00   4.8014000e+00   4.6878000e+00   7.1985000e+00   6.9174000e+00
   4.9691000e+00   4.8216000e+00   4.9277000e+00   4.8479000e+00   7.0272000e+00   6.8518000e+00
   5.4371000e+00   5.3740000e+00   5.3647000e+00   5.2970000e+00   6.8985000e+00   6.7150000e+00
   5.8971000e+00   6.1249000e+00   5.9405000e+00   6.0032000e+00   6.9517000e+00   6.7281000e+00
   6.2885000e+00   6.8486000e+00   6.5502000e+00   6.7668000e+00   7.0060000e+00   6.8496000e+00
   6.3796000e+00   7.1822000e+00   6.8305000e+00   7.1231000e+00   7.0684000e+00   6.9394000e+00
   6.2398000e+00   7.1420000e+00   6.8144000e+00   7.1455000e+00   7.1244000e+00   7.0231000e+00
   6.1424000e+00   7.1381000e+00   6.7864000e+00   7.1373000e+00   7.1578000e+00   7.1352000e+00
   6.3281000e+00   7.3127000e+00   6.9077000e+00   7.2188000e+00   7.1422000e+00   7.1264000e+00
   6.6802000e+00   7.6170000e+00   7.1901000e+00   7.4874000e+00   7.2677000e+00   7.0462000e+00
   6.9750000e+00   7.8802000e+00   7.4649000e+00   7.7769000e+00   7.3810000e+00   7.0261000e+00
   7.3490000e+00   8.1551000e+00   7.7370000e+00   8.0048000e+00   7.3538000e+00   7.0949000e+00
   7.8618000e+00   8.4822000e+00   8.1183000e+00   8.3182000e+00   7.1867000e+00   7.1303000e+00
   8.4789000e+00   8.8994000e+00   8.5797000e+00   8.7231000e+00   6.9969000e+00   7.0815000e+00
   8.9021000e+00   9.3000000e+00   8.9805000e+00   9.1810000e+00   6.8264000e+00   6.9532000e+00
   9.2850000e+00   9.6660000e+00   9.3895000e+00   9.6005000e+00   6.6677000e+00   6.8255000e+00
   9.7365000e+00   9.9689000e+00   9.7502000e+00   9.9318000e+00   6.4170000e+00   6.6551000e+00
   1.0100700e+01   1.0267700e+01   1.0100600e+01   1.0255500e+01   6.2163000e+00   6.4904000e+00
   1.0529500e+01   1.0537900e+01   1.0449800e+01   1.0522200e+01   6.1828000e+00   6.3835000e+00
   1.0938900e+01   1.0884400e+01   1.0803200e+01   1.0771800e+01   5.9741000e+00   6.2770000e+00
   1.1238800e+01   1.1059600e+01   1.1030200e+01   1.0930100e+01   5.7938000e+00   6.1430000e+00
   1.1427500e+01   1.1081700e+01   1.1091700e+01   1.0928100e+01   5.7695000e+00   5.9078000e+00
   1.1581600e+01   1.1083600e+01   1.1153900e+01   1.0924100e+01   5.5799000e+00   5.7458000e+00
   1.1579300e+01   1.1008800e+01   1.1089200e+01   1.0833300e+01   5.4320000e+00   5.5403000e+00
   1.1477200e+01   1.0844100e+01   1.0959500e+01   1.0714100e+01   5.2304000e+00   5.3448000e+00
   1.1308400e+01   1.0728600e+01   1.0848600e+01   1.0638000e+01   5.0884000e+00   5.1446000e+00
   1.1067000e+01   1.0568400e+01   1.0625400e+01   1.0425500e+01   5.0181000e+00   5.2111000e+00
   1.1068300e+01   1.0617900e+01   1.0629400e+01   1.0419700e+01   5.2229000e+00   5.0034000e+00
   1.1022800e+01   1.0581700e+01   1.0626900e+01   1.0449600e+01   5.6190000e+00   5.2555000e+00
   1.0786200e+01   1.0401700e+01   1.0486200e+01   1.0349700e+01   6.0965000e+00   5.5380000e+00
   1.0568800e+01   1.0235800e+01   1.0270100e+01   1.0133400e+01   6.2774000e+00   5.9243000e+00
   1.0373700e+01   1.0077000e+01   1.0106900e+01   9.9936000e+00   6.3841000e+00   6.1530000e+00
   1.0287200e+01   9.9991000e+00   1.0013200e+01   9.8893000e+00   6.3360000e+00   6.3788000e+00
   1.0337700e+01   1.0093700e+01   1.0063900e+01   9.9423000e+00   6.2116000e+00   6.2715000e+00
   1.0457000e+01   1.0259700e+01   1.0148300e+01   1.0002400e+01   6.2544000e+00   6.1156000e+00
   1.0787300e+01   1.0655300e+01   1.0498900e+01   1.0370500e+01   6.3433000e+00   5.9917000e+00
   1.0757900e+01   1.0743000e+01   1.0555300e+01   1.0501300e+01   6.7522000e+00   6.3061000e+00
   1.0514700e+01   1.0531800e+01   1.0383500e+01   1.0410500e+01   6.5133000e+00   7.5758000e+00
   1.0142200e+01   1.0289200e+01   1.0164000e+01   1.0204000e+01   6.1184000e+00   8.2418000e+00
   9.8992000e+00   1.0097800e+01   9.9139000e+00   9.9313000e+00   7.3257000e+00   8.6014000e+00
   9.8457000e+00   9.9902000e+00   9.7386000e+00   9.6807000e+00   8.7307000e+00   8.9968000e+00
   9.7682000e+00   9.7997000e+00   9.5666000e+00   9.4660000e+00   9.0434000e+00   9.1946000e+00
   9.6824000e+00   9.7577000e+00   9.5061000e+00   9.4187000e+00   8.8104000e+00   9.3656000e+00
   9.3856000e+00   9.5699000e+00   9.3272000e+00   9.3066000e+00   9.0380000e+00   9.5801000e+00
   9.1858000e+00   9.4296000e+00   9.2250000e+00   9.2463000e+00   8.8630000e+00   1.0176500e+01
   9.1743000e+00   9.4350000e+00   9.2674000e+00   9.3376000e+00   9.2260000e+00   1.0338500e+01
   9.0344000e+00   9.3202000e+00   9.1881000e+00   9.2752000e+00   9.5454000e+00   1.0207500e+01
   9.0273000e+00   9.3320000e+00   9.2458000e+00   9.3236000e+00   9.7850000e+00   1.0014400e+01
   8.6614000e+00   8.8376000e+00   8.7855000e+00   8.8183000e+00   9.8936000e+00   9.7585000e+00
   8.5647000e+00   8.6846000e+00   8.6221000e+00   8.5937000e+00   9.9199000e+00   9.5380000e+00
   8.3126000e+00   8.4762000e+00   8.4806000e+00   8.5217000e+00   9.7697000e+00   9.3284000e+00
   8.3284000e+00   8.5077000e+00   8.4351000e+00   8.4568000e+00   9.5981000e+00   9.2655000e+00
   8.2903000e+00   8.4805000e+00   8.4420000e+00   8.4936000e+00   9.4176000e+00   9.0032000e+00
   8.4465000e+00   8.6222000e+00   8.6205000e+00   8.6943000e+00   9.4862000e+00   8.7807000e+00
   8.5894000e+00   8.7252000e+00   8.7006000e+00   8.7269000e+00   9.4824000e+00   8.8037000e+00
   8.6633000e+00   8.7740000e+00   8.8117000e+00   8.8521000e+00   9.4870000e+00   8.8411000e+00
   8.6601000e+00   8.7696000e+00   8.7978000e+00   8.8339000e+00   9.2904000e+00   8.8217000e+00
   8.8280000e+00   8.9428000e+00   8.9703000e+00   9.0038000e+00   8.9710000e+00   8.6101000e+00
   8.6670000e+00   8.7656000e+00   8.8502000e+00   8.9124000e+00   8.7955000e+00   8.4412000e+00
   8.4863000e+00   8.5301000e+00   8.6279000e+00   8.6723000e+00   8.6117000e+00   8.3981000e+00
   8.6029000e+00   8.6136000e+00   8.6610000e+00   8.6681000e+00   8.3608000e+00   8.2880000e+00
   8.6473000e+00   8.5910000e+00   8.6387000e+00   8.6386000e+00   8.2307000e+00   8.0156000e+00
   8.6218000e+00   8.4563000e+00   8.5075000e+00   8.4612000e+00   8.0963000e+00   7.7740000e+00
   8.7291000e+00   8.5627000e+00   8.5812000e+00   8.4447000e+00   8.0710000e+00   7.5981000e+00
   8.7113000e+00   8.5930000e+00   8.6412000e+00   8.5718000e+00   7.9310000e+00   7.5476000e+00
   8.8314000e+00   8.6939000e+00   8.6888000e+00   8.6173000e+00   7.9576000e+00   7.4166000e+00
   9.0250000e+00   8.8267000e+00   8.8551000e+00   8.7898000e+00   8.0420000e+00   7.4509000e+00
   9.1447000e+00   8.8582000e+00   9.0153000e+00   8.9632000e+00   8.2397000e+00   7.6066000e+00
   9.2026000e+00   8.8176000e+00   9.0645000e+00   9.0287000e+00   8.3789000e+00   7.8495000e+00
   9.3403000e+00   8.8720000e+00   9.1861000e+00   9.1511000e+00   8.4180000e+00   8.0690000e+00
   9.5508000e+00   9.1456000e+00   9.4759000e+00   9.4776000e+00   8.4721000e+00   8.2938000e+00
   9.5187000e+00   9.3098000e+00   9.5963000e+00   9.6648000e+00   8.5212000e+00   8.5162000e+00
   9.4774000e+00   9.5171000e+00   9.6727000e+00   9.7766000e+00   8.3758000e+00   8.6383000e+00
   9.3658000e+00   9.5727000e+00   9.6190000e+00   9.7731000e+00   8.1364000e+00   8.6687000e+00
   9.4247000e+00   9.6010000e+00   9.5825000e+00   9.7076000e+00   8.0446000e+00   8.5735000e+00
   9.5082000e+00   9.6309000e+00   9.6156000e+00   9.7142000e+00   7.9250000e+00   8.3538000e+00
   9.3835000e+00   9.4580000e+00   9.5129000e+00   9.6273000e+00   7.8025000e+00   8.1329000e+00
   9.3446000e+00   9.4048000e+00   9.4610000e+00   9.5757000e+00   7.6986000e+00   7.9628000e+00
   9.4062000e+00   9.4546000e+00   9.4908000e+00   9.5982000e+00   7.6366000e+00   7.8308000e+00
   9.4841000e+00   9.4913000e+00   9.5042000e+00   9.5829000e+00   7.6385000e+00   7.7543000e+00
   9.5944000e+00   9.5972000e+00   9.6411000e+00   9.7474000e+00   7.7161000e+00   7.6975000e+00
   9.6240000e+00   9.6305000e+00   9.7066000e+00   9.8382000e+00   7.6898000e+00   7.6089000e+00
   9.6988000e+00   9.7051000e+00   9.7859000e+00   9.9216000e+00   7.5825000e+00   7.5918000e+00
   9.7584000e+00   9.8269000e+00   9.8841000e+00   1.0040100e+01   7.3918000e+00   7.6177000e+00
   9.6365000e+00   9.8249000e+00   9.7982000e+00   9.9848000e+00   7.1618000e+00   7.4335000e+00
   9.3706000e+00   9.7054000e+00   9.6066000e+00   9.8282000e+00   6.5439000e+00   6.7299000e+00
   9.0445000e+00   9.5555000e+00   9.3282000e+00   9.5263000e+00   6.2145000e+00   6.5000000e+00
   8.8127000e+00   9.2399000e+00   8.9689000e+00   9.1960000e+00   5.6421000e+00   5.8988000e+00
   8.3440000e+00   8.8758000e+00   8.5997000e+00   8.8304000e+00   4.7764000e+00   5.0065000e+00
   7.9432000e+00   8.7232000e+00   8.4350000e+00   8.6735000e+00   4.2060000e+00   4.4443000e+00
   7.4933000e+00   8.4022000e+00   8.1327000e+00   8.3417000e+00   3.9647000e+00   4.3255000e+00
   7.2453000e+00   7.7963000e+00   7.6736000e+00   7.8437000e+00   4.2051000e+00   4.6345000e+00
   7.1756000e+00   7.6355000e+00   7.5881000e+00   7.7324000e+00   4.1872000e+00   4.6233000e+00
   7.0633000e+00   7.6022000e+00   7.5680000e+00   7.7022000e+00   4.0090000e+00   4.4854000e+00
   7.0702000e+00   7.6632000e+00   7.5710000e+00   7.6851000e+00   3.8854000e+00   4.3258000e+00
   7.1097000e+00   7.6768000e+00   7.5707000e+00   7.6718000e+00   3.8511000e+00   4.1574000e+00
   7.1480000e+00   7.7359000e+00   7.6246000e+00   7.7245000e+00   3.8329000e+00   4.0482000e+00
   7.1660000e+00   7.8259000e+00   7.7180000e+00   7.8191000e+00   3.9224000e+00   4.0145000e+00
   7.0912000e+00   7.8427000e+00   7.7124000e+00   7.8223000e+00   3.7888000e+00   3.8060000e+00
   7.0387000e+00   7.8514000e+00   7.6943000e+00   7.8097000e+00   3.6719000e+00   3.7984000e+00
   6.9543000e+00   7.8650000e+00   7.6603000e+00   7.8304000e+00   3.5359000e+00   3.5861000e+00
   6.8993000e+00   7.9893000e+00   7.7518000e+00   8.0112000e+00   3.3957000e+00   3.4989000e+00
   6.9166000e+00   8.1845000e+00   7.8791000e+00   8.2004000e+00   3.3030000e+00   3.3550000e+00
   7.0379000e+00   8.4166000e+00   8.0513000e+00   8.4066000e+00   3.3091000e+00   3.2946000e+00
   7.1209000e+00   8.5669000e+00   8.1720000e+00   8.5488000e+00   3.3161000e+00   3.2165000e+00
   7.1927000e+00   8.7092000e+00   8.2569000e+00   8.6469000e+00   3.2820000e+00   3.1811000e+00
   7.2053000e+00   8.8079000e+00   8.3268000e+00   8.7358000e+00   3.2433000e+00   3.1196000e+00
   7.1857000e+00   8.8828000e+00   8.3684000e+00   8.7876000e+00   3.2201000e+00   3.0635000e+00
   7.1311000e+00   8.9624000e+00   8.3861000e+00   8.8648000e+00   3.1565000e+00   2.9504000e+00
   7.2171000e+00   9.1944000e+00   8.5204000e+00   9.0629000e+00   3.1502000e+00   2.8999000e+00
   7.4148000e+00   9.4854000e+00   8.7125000e+00   9.2981000e+00   3.1443000e+00   2.8375000e+00
   7.6920000e+00   9.8890000e+00   8.9805000e+00   9.6300000e+00   3.2970000e+00   2.8743000e+00
   8.0461000e+00   1.0425900e+01   9.3135000e+00   1.0006500e+01   3.5016000e+00   2.8343000e+00
   8.5410000e+00   1.1062100e+01   9.7841000e+00   1.0545200e+01   3.6240000e+00   2.8087000e+00
   9.1350000e+00   1.1718500e+01   1.0312500e+01   1.1149800e+01   3.6849000e+00   2.9519000e+00
   9.8125000e+00   1.2314300e+01   1.0885900e+01   1.1780700e+01   3.7021000e+00   3.1238000e+00
   1.0488500e+01   1.2849800e+01   1.1500000e+01   1.2348800e+01   3.7463000e+00   3.2829000e+00
   1.1226600e+01   1.3324200e+01   1.2139100e+01   1.2880200e+01   3.8866000e+00   3.2758000e+00
   1.1920800e+01   1.3657200e+01   1.2630400e+01   1.3231300e+01   3.9750000e+00   3.5348000e+00
   1.2382100e+01   1.3805300e+01   1.2936200e+01   1.3403500e+01   4.0085000e+00   3.1406000e+00
   1.2734000e+01   1.3827200e+01   1.3100100e+01   1.3467900e+01   3.9755000e+00   3.2476000e+00
   1.2929800e+01   1.3798600e+01   1.3143600e+01   1.3437800e+01   3.9448000e+00   3.4494000e+00
   1.3059800e+01   1.3917400e+01   1.3241200e+01   1.3494500e+01   3.8954000e+00   2.8394000e+00
   1.2926900e+01   1.3764600e+01   1.3092900e+01   1.3313000e+01   4.1614000e+00   3.8451000e+00
   1.2996100e+01   1.3919400e+01   1.3229400e+01   1.3449500e+01   3.6170000e+00   2.8991000e+00
   1.2248000e+01   1.3228200e+01   1.2578700e+01   1.2798500e+01   3.7834000e+00   2.9484000e+00
   1.2523000e+01   1.3375500e+01   1.2735000e+01   1.2914700e+01   3.4174000e+00   4.0171000e+00
   1.2279500e+01   1.3182600e+01   1.2596400e+01   1.2801700e+01   4.8298000e+00   4.8350000e+00
   1.1844800e+01   1.2826300e+01   1.2245900e+01   1.2507300e+01   2.5696000e+00   4.7491000e+00
   1.1141700e+01   1.2118800e+01   1.1485800e+01   1.1720400e+01   2.3443000e+00   4.8211000e+00
   1.1674300e+01   1.2810300e+01   1.2047800e+01   1.2302400e+01   2.9008000e+00   4.9123000e+00
   1.1831000e+01   1.2866000e+01   1.2415800e+01   1.2725900e+01   2.9151000e+00   4.5224000e+00
   1.1350800e+01   1.2393600e+01   1.1931500e+01   1.2248500e+01   2.7830000e+00   5.1178000e+00
   1.0487100e+01   1.1423900e+01   1.1046300e+01   1.1457500e+01   7.7456000e+00   4.8093000e+00
   9.8621000e+00   1.1029500e+01   1.0635900e+01   1.0940900e+01   7.9309000e+00   2.5206000e+00
   1.0116500e+01   1.1215800e+01   1.0652000e+01   1.0943400e+01   6.4697000e+00   2.3299000e+00
   9.2584000e+00   1.0397200e+01   1.0200300e+01   1.0698800e+01   5.5133000e+00   2.9112000e+00
   8.6741000e+00   1.0163700e+01   9.3874000e+00   9.8161000e+00   5.0982000e+00   3.1738000e+00
   9.6206000e+00   1.0868300e+01   1.0160100e+01   1.0604800e+01   4.5626000e+00   4.5036000e+00
   1.1014200e+01   1.2286900e+01   1.1248900e+01   1.1531100e+01   4.7728000e+00   6.3324000e+00
   1.1940000e+01   1.2849000e+01   1.2154900e+01   1.2439900e+01   5.9353000e+00   6.5511000e+00
   1.1971300e+01   1.2587500e+01   1.2296600e+01   1.2670200e+01   7.6915000e+00   6.6086000e+00
   1.1670200e+01   1.2216700e+01   1.2017500e+01   1.2363100e+01   7.9264000e+00   6.7448000e+00
   1.1330900e+01   1.2316000e+01   1.1903300e+01   1.2231800e+01   8.0889000e+00   7.0814000e+00
   1.0891900e+01   1.1881400e+01   1.1585800e+01   1.2042100e+01   8.3688000e+00   6.9289000e+00
   1.0790000e+01   1.1731500e+01   1.1291400e+01   1.1561900e+01   7.9344000e+00   6.9204000e+00
   1.0137600e+01   1.1029200e+01   1.0786800e+01   1.1172300e+01   7.9149000e+00   6.8739000e+00
   9.5929000e+00   1.0262200e+01   1.0278100e+01   1.0785500e+01   7.9156000e+00   6.8874000e+00
   9.3660000e+00   9.5703000e+00   9.7175000e+00   9.9891000e+00   7.9447000e+00   7.0611000e+00
   8.5868000e+00   8.9226000e+00   9.3500000e+00   9.7131000e+00   8.0965000e+00   7.2454000e+00
   7.9822000e+00   8.0824000e+00   8.5887000e+00   9.0493000e+00   8.4708000e+00   7.6892000e+00
   8.3189000e+00   8.2801000e+00   8.4995000e+00   8.6005000e+00   8.7894000e+00   8.2016000e+00
   8.1173000e+00   8.1998000e+00   8.5239000e+00   8.6664000e+00   8.7640000e+00   8.5626000e+00
   8.0205000e+00   7.8888000e+00   8.2172000e+00   8.3998000e+00   8.6864000e+00   8.6572000e+00
   8.1212000e+00   8.0842000e+00   8.1696000e+00   8.2017000e+00   8.6235000e+00   8.7805000e+00
   8.4868000e+00   8.4630000e+00   8.4797000e+00   8.4905000e+00   8.7312000e+00   8.9003000e+00
   8.9992000e+00   8.8811000e+00   8.9381000e+00   8.9120000e+00   8.5800000e+00   8.8377000e+00
   9.1128000e+00   9.0594000e+00   8.9267000e+00   8.8944000e+00   8.2754000e+00   8.6858000e+00
