   4.0233000e+00   4.5756000e+00   4.4370000e+00   4.7172000e+00  -1.5068000e+00  -1.2018000e+00
   3.9394000e+00   4.4730000e+00   4.3093000e+00   4.6253000e+00  -1.6597000e+00  -1.2781000e+00
   3.6208000e+00   4.2736000e+00   4.0886000e+00   4.4240000e+00  -1.8599000e+00  -1.4263000e+00
   3.2025000e+00   3.9576000e+00   3.7418000e+00   4.1262000e+00  -2.0982000e+00  -1.6187000e+00
   2.7597000e+00   3.6302000e+00   3.3770000e+00   3.8199000e+00  -2.4728000e+00  -1.9244000e+00
   2.1912000e+00   3.3223000e+00   2.9840000e+00   3.5095000e+00  -2.7868000e+00  -2.2523000e+00
   1.3427000e+00   2.9076000e+00   2.3881000e+00   3.0789000e+00  -3.1184000e+00  -2.5265000e+00
   2.5900000e-01   1.9222000e+00   1.3462000e+00   2.1716000e+00  -3.3482000e+00  -2.8409000e+00
  -6.4700000e-01   7.5050000e-01   3.3250000e-01   1.0116000e+00  -3.5583000e+00  -2.9970000e+00
  -1.5330000e+00  -4.1930000e-01  -7.1020000e-01  -2.6030000e-01  -3.6923000e+00  -3.2353000e+00
  -1.8347000e+00  -1.1870000e+00  -1.3112000e+00  -1.0374000e+00  -3.6964000e+00  -3.2957000e+00
  -1.8547000e+00  -1.6142000e+00  -1.5559000e+00  -1.4400000e+00  -3.7677000e+00  -3.4147000e+00
  -1.7475000e+00  -1.7828000e+00  -1.6034000e+00  -1.5759000e+00  -3.7776000e+00  -3.4493000e+00
  -1.5936000e+00  -1.6806000e+00  -1.5185000e+00  -1.5140000e+00  -3.8716000e+00  -3.5993000e+00
  -1.4383000e+00  -1.5057000e+00  -1.4098000e+00  -1.3937000e+00  -3.9996000e+00  -3.7257000e+00
  -1.4508000e+00  -1.4810000e+00  -1.4100000e+00  -1.4129000e+00  -4.1842000e+00  -3.9056000e+00
  -1.2774000e+00  -1.3617000e+00  -1.2759000e+00  -1.2728000e+00  -3.9623000e+00  -3.6748000e+00
  -1.2543000e+00  -1.3059000e+00  -1.2316000e+00  -1.2271000e+00  -3.5704000e+00  -3.4069000e+00
  -1.1408000e+00  -1.2555000e+00  -1.1647000e+00  -1.2273000e+00  -3.6218000e+00  -3.5003000e+00
  -1.2296000e+00  -1.1087000e+00  -1.0958000e+00  -1.0405000e+00  -3.7641000e+00  -3.6332000e+00
  -1.3662000e+00  -1.1808000e+00  -1.1691000e+00  -1.0520000e+00  -3.7902000e+00  -3.7062000e+00
  -1.5701000e+00  -1.4427000e+00  -1.4167000e+00  -1.3092000e+00  -3.9467000e+00  -3.8775000e+00
  -1.5851000e+00  -1.4245000e+00  -1.4105000e+00  -1.3309000e+00  -4.1284000e+00  -3.9293000e+00
  -1.6829000e+00  -1.4400000e+00  -1.4218000e+00  -1.2715000e+00  -4.2997000e+00  -3.9997000e+00
  -1.8320000e+00  -1.5406000e+00  -1.5353000e+00  -1.3485000e+00  -4.3875000e+00  -4.0352000e+00
  -1.9819000e+00  -1.7625000e+00  -1.7474000e+00  -1.5693000e+00  -4.4302000e+00  -4.0834000e+00
  -2.0760000e+00  -1.9312000e+00  -1.8972000e+00  -1.7690000e+00  -4.4879000e+00  -4.1385000e+00
  -2.1137000e+00  -1.9888000e+00  -1.9775000e+00  -1.8657000e+00  -4.5520000e+00  -4.1520000e+00
  -2.1552000e+00  -2.0878000e+00  -2.0373000e+00  -1.9416000e+00  -4.5877000e+00  -4.1963000e+00
  -2.1661000e+00  -2.1702000e+00  -2.1130000e+00  -2.0374000e+00  -4.7276000e+00  -4.2711000e+00
  -2.2081000e+00  -2.2542000e+00  -2.1879000e+00  -2.1232000e+00  -4.9917000e+00  -4.3048000e+00
  -2.3483000e+00  -2.2562000e+00  -2.2964000e+00  -2.2126000e+00  -5.2958000e+00  -4.3484000e+00
  -2.4972000e+00  -2.2996000e+00  -2.4637000e+00  -2.4964000e+00  -5.5718000e+00  -4.5739000e+00
  -2.4082000e+00  -2.7469000e+00  -2.5734000e+00  -3.0707000e+00  -5.7906000e+00  -4.8438000e+00
  -2.2577000e+00  -4.2037000e+00  -2.9468000e+00  -4.1741000e+00  -5.9486000e+00  -5.0958000e+00
  -2.3015000e+00  -6.6586000e+00  -4.2366000e+00  -6.2325000e+00  -6.0532000e+00  -5.3078000e+00
  -4.1238000e+00  -8.7348000e+00  -6.7209000e+00  -8.1255000e+00  -6.0896000e+00  -5.5097000e+00
  -7.8679000e+00  -9.1693000e+00  -8.5652000e+00  -8.5501000e+00  -6.0355000e+00  -5.6267000e+00
  -9.3381000e+00  -9.0075000e+00  -8.7747000e+00  -8.7155000e+00  -6.0072000e+00  -5.6705000e+00
  -9.1679000e+00  -8.0385000e+00  -8.1785000e+00  -8.1247000e+00  -6.0573000e+00  -5.6749000e+00
  -7.9491000e+00  -7.2090000e+00  -7.3649000e+00  -7.4201000e+00  -6.2397000e+00  -5.7684000e+00
  -6.8964000e+00  -6.6511000e+00  -6.5707000e+00  -6.5650000e+00  -6.4085000e+00  -5.8436000e+00
  -6.2997000e+00  -6.0864000e+00  -6.0461000e+00  -5.9088000e+00  -6.3967000e+00  -5.9431000e+00
  -5.8921000e+00  -5.6883000e+00  -5.6454000e+00  -5.4912000e+00  -6.4168000e+00  -6.0962000e+00
  -5.5719000e+00  -5.4608000e+00  -5.4375000e+00  -5.3249000e+00  -6.4708000e+00  -6.3287000e+00
  -5.3939000e+00  -5.2496000e+00  -5.2600000e+00  -5.0937000e+00  -6.4646000e+00  -6.5094000e+00
  -5.2388000e+00  -5.2185000e+00  -5.1765000e+00  -4.9802000e+00  -6.5076000e+00  -6.6766000e+00
  -5.3911000e+00  -5.4234000e+00  -5.3009000e+00  -5.0800000e+00  -6.4622000e+00  -6.6226000e+00
  -5.4887000e+00  -5.7443000e+00  -5.4686000e+00  -5.3884000e+00  -6.4013000e+00  -6.4338000e+00
  -5.4139000e+00  -5.8323000e+00  -5.5145000e+00  -5.5714000e+00  -6.2405000e+00  -6.2275000e+00
  -5.3965000e+00  -5.9764000e+00  -5.5324000e+00  -5.6165000e+00  -6.4217000e+00  -6.3200000e+00
  -5.7736000e+00  -6.0397000e+00  -5.7681000e+00  -5.8162000e+00  -6.5817000e+00  -6.0958000e+00
  -6.1173000e+00  -5.9010000e+00  -5.9992000e+00  -5.9300000e+00  -6.5599000e+00  -6.0938000e+00
  -6.2277000e+00  -6.1141000e+00  -6.1245000e+00  -6.0637000e+00  -6.6620000e+00  -6.2447000e+00
  -5.9906000e+00  -5.6655000e+00  -5.8872000e+00  -5.9114000e+00  -6.5540000e+00  -6.2721000e+00
  -5.9483000e+00  -5.5331000e+00  -5.5896000e+00  -5.3173000e+00  -6.4999000e+00  -6.2372000e+00
  -5.4577000e+00  -5.6687000e+00  -5.5508000e+00  -5.5390000e+00  -6.5034000e+00  -6.3463000e+00
  -5.0600000e+00  -5.3018000e+00  -5.1270000e+00  -5.2052000e+00  -6.7769000e+00  -6.4039000e+00
  -5.0511000e+00  -5.2651000e+00  -5.0239000e+00  -5.0424000e+00  -6.6562000e+00  -6.3450000e+00
  -5.4623000e+00  -5.4179000e+00  -5.1794000e+00  -5.1364000e+00  -6.7967000e+00  -6.6336000e+00
  -5.4759000e+00  -5.5450000e+00  -5.4051000e+00  -5.4325000e+00  -7.0051000e+00  -6.7580000e+00
  -5.4342000e+00  -5.5000000e+00  -5.3198000e+00  -5.3773000e+00  -7.2683000e+00  -6.6902000e+00
  -5.3740000e+00  -5.2637000e+00  -5.2426000e+00  -5.2541000e+00  -7.3232000e+00  -6.6744000e+00
  -5.0046000e+00  -4.8921000e+00  -4.9075000e+00  -4.9470000e+00  -7.2250000e+00  -6.6961000e+00
  -5.0899000e+00  -4.7221000e+00  -4.8434000e+00  -4.7878000e+00  -7.1671000e+00  -6.9885000e+00
  -5.0806000e+00  -4.9459000e+00  -4.9412000e+00  -4.8714000e+00  -6.8318000e+00  -6.8926000e+00
  -4.7849000e+00  -4.8058000e+00  -4.8079000e+00  -4.9078000e+00  -7.0448000e+00  -6.8076000e+00
  -4.7135000e+00  -4.7084000e+00  -4.6916000e+00  -4.7517000e+00  -6.1951000e+00  -5.7577000e+00
  -4.6615000e+00  -4.5914000e+00  -4.6356000e+00  -4.6851000e+00  -6.9872000e+00  -4.2359000e+00
  -4.4891000e+00  -4.4531000e+00  -4.4756000e+00  -4.5120000e+00  -4.8281000e+00  -4.0115000e+00
  -4.3010000e+00  -4.2721000e+00  -4.2841000e+00  -4.3163000e+00  -2.2704000e+00  -4.6010000e+00
  -4.2315000e+00  -4.1608000e+00  -4.1950000e+00  -4.2125000e+00  -1.7693000e+00  -3.7689000e+00
  -4.0685000e+00  -3.9786000e+00  -4.0074000e+00  -4.0031000e+00  -2.4714000e+00  -3.2244000e+00
  -3.8808000e+00  -3.8473000e+00  -3.8627000e+00  -3.8814000e+00  -2.7720000e+00  -3.4912000e+00
  -3.7868000e+00  -3.7504000e+00  -3.7639000e+00  -3.7836000e+00  -2.0758000e+00  -3.5809000e+00
  -3.8043000e+00  -3.7822000e+00  -3.8005000e+00  -3.8156000e+00  -2.6677000e+00  -3.8595000e+00
  -3.7676000e+00  -3.8044000e+00  -3.8152000e+00  -3.8578000e+00  -3.3966000e+00  -4.0185000e+00
  -3.8008000e+00  -3.8730000e+00  -3.8840000e+00  -3.9468000e+00  -3.6698000e+00  -3.7628000e+00
  -3.9384000e+00  -4.0260000e+00  -4.0456000e+00  -4.1275000e+00  -3.4980000e+00  -3.8830000e+00
  -3.9813000e+00  -4.0820000e+00  -4.1037000e+00  -4.1989000e+00  -3.3294000e+00  -4.0713000e+00
  -4.1421000e+00  -4.2357000e+00  -4.2254000e+00  -4.2864000e+00  -2.8303000e+00  -3.8556000e+00
  -4.2581000e+00  -4.3406000e+00  -4.3468000e+00  -4.3999000e+00  -2.9213000e+00  -3.5595000e+00
  -4.2124000e+00  -4.2668000e+00  -4.2695000e+00  -4.3106000e+00  -3.1442000e+00  -3.3852000e+00
  -4.2472000e+00  -4.2947000e+00  -4.2338000e+00  -4.2460000e+00  -2.9940000e+00  -3.2483000e+00
  -4.3589000e+00  -4.3929000e+00  -4.3296000e+00  -4.3180000e+00  -3.0275000e+00  -3.5650000e+00
  -4.3128000e+00  -4.2819000e+00  -4.2335000e+00  -4.2171000e+00  -3.0793000e+00  -3.5615000e+00
  -4.2383000e+00  -4.2584000e+00  -4.1783000e+00  -4.1780000e+00  -3.0467000e+00  -3.6242000e+00
  -4.1922000e+00  -4.2257000e+00  -4.1807000e+00  -4.1737000e+00  -3.0510000e+00  -3.6946000e+00
  -4.1591000e+00  -4.2670000e+00  -4.1963000e+00  -4.2208000e+00  -3.0952000e+00  -3.5645000e+00
  -4.1939000e+00  -4.4963000e+00  -4.3812000e+00  -4.4219000e+00  -3.1134000e+00  -3.4243000e+00
  -4.4564000e+00  -4.6339000e+00  -4.5924000e+00  -4.6206000e+00  -3.1298000e+00  -3.2590000e+00
  -4.5620000e+00  -4.8192000e+00  -4.7863000e+00  -4.8404000e+00  -3.0186000e+00  -3.1871000e+00
  -4.7014000e+00  -4.7274000e+00  -4.8483000e+00  -4.8499000e+00  -2.8324000e+00  -3.0639000e+00
  -4.5287000e+00  -4.7954000e+00  -4.7212000e+00  -4.9499000e+00  -2.6755000e+00  -2.8885000e+00
  -4.5643000e+00  -4.7371000e+00  -4.7609000e+00  -4.8003000e+00  -2.4747000e+00  -2.7185000e+00
  -4.5686000e+00  -4.7163000e+00  -4.5726000e+00  -4.7568000e+00  -2.2828000e+00  -2.5029000e+00
  -4.4394000e+00  -4.3107000e+00  -4.4982000e+00  -4.3567000e+00  -2.0860000e+00  -2.1732000e+00
  -4.1055000e+00  -4.0498000e+00  -3.9877000e+00  -4.2415000e+00  -1.8553000e+00  -1.8166000e+00
  -3.6117000e+00  -4.0290000e+00  -4.0754000e+00  -4.0011000e+00  -1.6250000e+00  -1.5457000e+00
  -4.0000000e+00  -3.4617000e+00  -3.6118000e+00  -3.6430000e+00  -1.4094000e+00  -1.3504000e+00
  -3.3367000e+00  -3.8170000e+00  -3.6617000e+00  -3.8408000e+00  -1.2232000e+00  -1.1911000e+00
  -3.6254000e+00  -3.2401000e+00  -3.5046000e+00  -3.3757000e+00  -1.0626000e+00  -1.0300000e+00
  -3.2018000e+00  -3.3597000e+00  -3.2999000e+00  -3.5871000e+00  -8.9360000e-01  -9.1890000e-01
  -3.1640000e+00  -3.2147000e+00  -3.3607000e+00  -3.1696000e+00  -7.5180000e-01  -7.8630000e-01
  -3.2278000e+00  -2.9250000e+00  -2.9947000e+00  -3.0852000e+00  -6.2300000e-01  -6.3150000e-01
  -2.7805000e+00  -3.0659000e+00  -3.0132000e+00  -3.0492000e+00  -3.9370000e-01  -4.7030000e-01
  -2.9959000e+00  -2.7014000e+00  -2.8483000e+00  -2.7576000e+00  -9.2800000e-02  -2.8230000e-01
  -2.5932000e+00  -2.8007000e+00  -2.6891000e+00  -2.8328000e+00   1.3130000e-01  -4.0000000e-04
  -2.5572000e+00  -2.5698000e+00  -2.6255000e+00  -2.5246000e+00   2.9820000e-01   2.7340000e-01
  -2.4421000e+00  -2.4317000e+00  -2.3661000e+00  -2.4314000e+00   5.5520000e-01   4.0420000e-01
  -2.2377000e+00  -2.3810000e+00  -2.3609000e+00  -2.3500000e+00   8.7190000e-01   5.3770000e-01
  -2.1802000e+00  -2.1658000e+00  -2.1831000e+00  -2.2455000e+00   1.0624000e+00   7.3220000e-01
  -1.9325000e+00  -2.0713000e+00  -2.0737000e+00  -2.1388000e+00   1.1769000e+00   8.5250000e-01
  -1.8694000e+00  -1.9048000e+00  -1.9445000e+00  -1.9869000e+00   1.2354000e+00   8.5680000e-01
  -1.7018000e+00  -1.7906000e+00  -1.7856000e+00  -1.8617000e+00   1.1788000e+00   7.3020000e-01
  -1.5390000e+00  -1.6203000e+00  -1.6271000e+00  -1.6719000e+00   8.9400000e-01   4.5390000e-01
  -1.4040000e+00  -1.3161000e+00  -1.3638000e+00  -1.3467000e+00   7.4970000e-01   2.1040000e-01
  -1.2090000e+00  -9.8840000e-01  -1.0930000e+00  -1.0919000e+00   7.8230000e-01   2.1880000e-01
  -9.6480000e-01  -7.1140000e-01  -8.8770000e-01  -9.2100000e-01   1.0225000e+00   3.5400000e-01
  -8.3620000e-01  -6.6000000e-01  -7.8800000e-01  -8.2030000e-01   1.0896000e+00   4.6150000e-01
  -7.8250000e-01  -7.1590000e-01  -7.4840000e-01  -7.9260000e-01   1.0727000e+00   5.9650000e-01
  -7.3160000e-01  -6.9430000e-01  -7.0600000e-01  -7.0760000e-01   9.8970000e-01   6.6120000e-01
  -7.3400000e-01  -5.3580000e-01  -6.2360000e-01  -5.9870000e-01   9.8440000e-01   7.4950000e-01
  -6.7180000e-01  -4.4350000e-01  -5.4240000e-01  -5.6890000e-01   1.0784000e+00   8.6200000e-01
  -5.5420000e-01  -3.9980000e-01  -5.2580000e-01  -5.5900000e-01   1.1420000e+00   9.5050000e-01
  -5.3590000e-01  -3.5300000e-01  -5.2520000e-01  -5.3570000e-01   1.2116000e+00   9.4280000e-01
  -5.8010000e-01  -3.9370000e-01  -5.5870000e-01  -5.7680000e-01   1.2037000e+00   1.0039000e+00
  -5.7960000e-01  -4.0770000e-01  -5.5200000e-01  -5.6470000e-01   1.2258000e+00   9.5750000e-01
  -6.6040000e-01  -4.5160000e-01  -6.2550000e-01  -6.3780000e-01   1.2515000e+00   9.6900000e-01
  -7.6310000e-01  -5.0150000e-01  -6.9210000e-01  -6.8830000e-01   1.1848000e+00   9.4170000e-01
  -8.7380000e-01  -5.6770000e-01  -7.6930000e-01  -7.4650000e-01   1.0922000e+00   8.6520000e-01
  -9.7350000e-01  -6.1690000e-01  -8.2660000e-01  -7.8040000e-01   9.6860000e-01   8.1560000e-01
  -1.1255000e+00  -7.0470000e-01  -9.3390000e-01  -8.7210000e-01   8.5970000e-01   7.2370000e-01
  -1.3003000e+00  -8.1000000e-01  -1.0656000e+00  -9.9300000e-01   7.1060000e-01   6.1150000e-01
  -1.4986000e+00  -9.6070000e-01  -1.2546000e+00  -1.1861000e+00   6.0210000e-01   5.0180000e-01
  -1.7099000e+00  -1.1746000e+00  -1.4781000e+00  -1.4151000e+00   4.5280000e-01   4.2020000e-01
  -1.8335000e+00  -1.4137000e+00  -1.6295000e+00  -1.5781000e+00   4.2280000e-01   3.7830000e-01
  -1.7801000e+00  -1.4756000e+00  -1.6573000e+00  -1.6464000e+00   5.2670000e-01   4.6490000e-01
  -1.6723000e+00  -1.4411000e+00  -1.5923000e+00  -1.6028000e+00   5.3150000e-01   5.0680000e-01
  -1.6493000e+00  -1.4374000e+00  -1.5715000e+00  -1.5865000e+00   6.0460000e-01   4.7000000e-01
  -1.6580000e+00  -1.4491000e+00  -1.5926000e+00  -1.6142000e+00   7.3500000e-01   4.2220000e-01
  -1.5189000e+00  -1.3547000e+00  -1.4608000e+00  -1.4785000e+00   9.7280000e-01   4.4010000e-01
  -1.4583000e+00  -1.3416000e+00  -1.4140000e+00  -1.4430000e+00   1.2052000e+00   5.7960000e-01
  -1.2734000e+00  -1.1757000e+00  -1.2449000e+00  -1.2790000e+00   1.3891000e+00   7.6670000e-01
  -1.1486000e+00  -1.0548000e+00  -1.0886000e+00  -1.1033000e+00   1.3145000e+00   9.5860000e-01
  -1.0594000e+00  -9.4140000e-01  -9.7160000e-01  -9.6630000e-01   1.1453000e+00   1.1252000e+00
  -9.8660000e-01  -8.3860000e-01  -8.8800000e-01  -8.6550000e-01   1.1081000e+00   1.1588000e+00
  -8.9060000e-01  -7.6490000e-01  -7.6030000e-01  -7.0860000e-01   1.1990000e+00   1.1546000e+00
  -8.8150000e-01  -7.3860000e-01  -7.1560000e-01  -6.4970000e-01   1.3165000e+00   1.0648000e+00
  -8.0430000e-01  -6.1790000e-01  -6.2260000e-01  -5.5780000e-01   1.2421000e+00   9.3590000e-01
  -6.0170000e-01  -3.9300000e-01  -4.2370000e-01  -3.6360000e-01   1.2788000e+00   7.1070000e-01
  -4.6130000e-01  -2.6460000e-01  -3.0560000e-01  -2.5750000e-01   1.3320000e+00   5.1560000e-01
  -3.5130000e-01  -1.9610000e-01  -2.5850000e-01  -2.4400000e-01   1.2825000e+00   3.4030000e-01
  -2.8320000e-01  -1.6970000e-01  -2.2410000e-01  -2.3170000e-01   1.1552000e+00   2.8220000e-01
  -2.1690000e-01  -1.1560000e-01  -1.8190000e-01  -1.9700000e-01   1.2960000e+00   2.7850000e-01
  -1.9030000e-01  -8.2000000e-02  -1.5720000e-01  -1.6340000e-01   1.6948000e+00   4.9980000e-01
  -1.0590000e-01   4.4000000e-03  -6.4900000e-02  -5.5100000e-02   2.0124000e+00   6.7800000e-01
  -1.2000000e-02   6.8900000e-02   1.3600000e-02   1.7600000e-02   2.0671000e+00   6.9990000e-01
   7.9500000e-02   1.5830000e-01   9.5900000e-02   9.7300000e-02   1.9198000e+00   4.0260000e-01
   3.0160000e-01   3.5040000e-01   2.8860000e-01   2.8340000e-01   1.5838000e+00  -4.5000000e-03
   4.7910000e-01   4.8410000e-01   4.4620000e-01   4.3970000e-01   1.1352000e+00  -1.3350000e-01
   5.1050000e-01   4.7900000e-01   4.5700000e-01   4.4110000e-01   8.1910000e-01  -1.0980000e-01
   5.9060000e-01   5.4220000e-01   5.0300000e-01   4.7000000e-01   6.5540000e-01  -1.4360000e-01
   6.7750000e-01   6.4800000e-01   6.0880000e-01   5.8370000e-01   7.3270000e-01  -2.4210000e-01
   7.3910000e-01   6.9640000e-01   6.8490000e-01   6.6770000e-01   1.0655000e+00  -3.4540000e-01
   7.6770000e-01   6.9290000e-01   7.0500000e-01   6.6410000e-01   9.7580000e-01  -7.7130000e-01
   9.1310000e-01   7.9750000e-01   8.1110000e-01   7.4190000e-01   8.5730000e-01   4.5650000e-01
   9.9390000e-01   8.2570000e-01   8.6680000e-01   7.8520000e-01   1.6471000e+00   1.7335000e+00
   1.1671000e+00   9.7420000e-01   1.0353000e+00   9.4590000e-01   2.5080000e+00   2.0801000e+00
   1.2926000e+00   1.0957000e+00   1.1450000e+00   1.0490000e+00   2.7759000e+00   2.2085000e+00
   1.5054000e+00   1.3171000e+00   1.3539000e+00   1.2525000e+00   3.0199000e+00   2.6581000e+00
   1.6444000e+00   1.4875000e+00   1.5141000e+00   1.4356000e+00   3.0906000e+00   3.1337000e+00
   1.8505000e+00   1.6991000e+00   1.6967000e+00   1.6031000e+00   3.2505000e+00   3.4654000e+00
   2.0591000e+00   1.9612000e+00   1.9215000e+00   1.8403000e+00   3.3784000e+00   3.6762000e+00
   2.2122000e+00   2.1343000e+00   2.0982000e+00   2.0332000e+00   3.4304000e+00   3.8380000e+00
   2.2855000e+00   2.1751000e+00   2.1812000e+00   2.1216000e+00   3.6279000e+00   3.8842000e+00
   2.3816000e+00   2.2293000e+00   2.2861000e+00   2.2331000e+00   3.9653000e+00   3.9920000e+00
   2.5143000e+00   2.3569000e+00   2.3919000e+00   2.3233000e+00   4.1964000e+00   4.1877000e+00
   2.6510000e+00   2.5132000e+00   2.5496000e+00   2.4963000e+00   4.5353000e+00   4.3568000e+00
   2.9195000e+00   2.8312000e+00   2.8144000e+00   2.7622000e+00   4.5334000e+00   4.6958000e+00
   3.2127000e+00   3.1649000e+00   3.1029000e+00   3.0525000e+00   4.7848000e+00   4.7879000e+00
   3.4306000e+00   3.3977000e+00   3.3582000e+00   3.3311000e+00   5.2016000e+00   5.0826000e+00
   3.4890000e+00   3.4752000e+00   3.4364000e+00   3.4117000e+00   5.1889000e+00   5.2981000e+00
   3.6600000e+00   3.6924000e+00   3.5849000e+00   3.5550000e+00   5.2326000e+00   5.3075000e+00
   3.8363000e+00   3.8956000e+00   3.7567000e+00   3.7235000e+00   5.2826000e+00   5.2575000e+00
   3.8478000e+00   3.9385000e+00   3.8022000e+00   3.7844000e+00   5.5267000e+00   5.2074000e+00
   3.8244000e+00   3.9266000e+00   3.7738000e+00   3.7611000e+00   5.5325000e+00   5.3542000e+00
   3.9296000e+00   4.0080000e+00   3.8771000e+00   3.8371000e+00   5.5204000e+00   5.3032000e+00
   4.0389000e+00   4.0385000e+00   4.0004000e+00   3.9497000e+00   5.4163000e+00   5.3005000e+00
   4.0223000e+00   4.0086000e+00   4.0056000e+00   3.9596000e+00   5.1891000e+00   5.1549000e+00
   3.9464000e+00   3.9710000e+00   3.9558000e+00   3.9212000e+00   4.9972000e+00   4.8972000e+00
   3.9308000e+00   3.9805000e+00   3.9617000e+00   3.9353000e+00   4.9719000e+00   4.7270000e+00
   4.0025000e+00   4.0327000e+00   3.9946000e+00   3.9484000e+00   4.9580000e+00   4.6018000e+00
   4.1931000e+00   4.1933000e+00   4.1678000e+00   4.1121000e+00   5.3394000e+00   4.6280000e+00
   4.3267000e+00   4.3023000e+00   4.3140000e+00   4.2578000e+00   5.8314000e+00   5.0618000e+00
   4.4561000e+00   4.4043000e+00   4.4059000e+00   4.3140000e+00   6.0610000e+00   5.5805000e+00
   4.6768000e+00   4.5793000e+00   4.6009000e+00   4.4861000e+00   6.1840000e+00   5.9271000e+00
   4.9724000e+00   4.7705000e+00   4.8636000e+00   4.7417000e+00   6.1425000e+00   6.1542000e+00
   5.2102000e+00   4.8980000e+00   5.0453000e+00   4.9012000e+00   5.9962000e+00   6.1982000e+00
   5.4857000e+00   5.0689000e+00   5.2855000e+00   5.1403000e+00   5.6905000e+00   6.1930000e+00
   5.4530000e+00   4.9848000e+00   5.2614000e+00   5.1229000e+00   5.2739000e+00   5.9421000e+00
   5.3133000e+00   4.8766000e+00   5.1158000e+00   4.9598000e+00   5.0481000e+00   5.5965000e+00
   5.2937000e+00   4.8915000e+00   5.0948000e+00   4.9332000e+00   5.0966000e+00   5.3186000e+00
   5.2644000e+00   4.8414000e+00   5.0971000e+00   4.9630000e+00   5.1239000e+00   5.1827000e+00
   4.9863000e+00   4.5731000e+00   4.8651000e+00   4.7448000e+00   5.1358000e+00   5.1564000e+00
   4.8539000e+00   4.5075000e+00   4.7423000e+00   4.6191000e+00   5.2284000e+00   4.9510000e+00
   4.9340000e+00   4.6389000e+00   4.8198000e+00   4.7055000e+00   5.3993000e+00   4.8559000e+00
   4.9829000e+00   4.6959000e+00   4.8667000e+00   4.7660000e+00   5.4392000e+00   4.8483000e+00
   4.8393000e+00   4.5488000e+00   4.7279000e+00   4.6497000e+00   5.4464000e+00   4.9160000e+00
   4.5515000e+00   4.3030000e+00   4.4627000e+00   4.4327000e+00   5.7027000e+00   5.1634000e+00
   4.2582000e+00   4.1496000e+00   4.2207000e+00   4.2231000e+00   5.1403000e+00   4.6592000e+00
   4.1290000e+00   4.1294000e+00   4.1298000e+00   4.1739000e+00   4.6561000e+00   4.2398000e+00
   3.9160000e+00   4.0015000e+00   3.9341000e+00   4.0239000e+00   4.3694000e+00   4.4109000e+00
   3.5816000e+00   3.8271000e+00   3.7062000e+00   3.7865000e+00   4.6213000e+00   4.5892000e+00
   3.2575000e+00   3.6010000e+00   3.4898000e+00   3.5172000e+00   4.4868000e+00   4.5005000e+00
   3.1860000e+00   3.5476000e+00   3.3858000e+00   3.3315000e+00   4.2021000e+00   4.2916000e+00
   3.2385000e+00   3.5804000e+00   3.4235000e+00   3.3444000e+00   4.0957000e+00   4.0837000e+00
   3.1594000e+00   3.4770000e+00   3.3671000e+00   3.2916000e+00   4.4497000e+00   4.3909000e+00
   3.0270000e+00   3.2861000e+00   3.1798000e+00   3.0766000e+00   5.1330000e+00   4.9686000e+00
   2.9092000e+00   3.0556000e+00   3.0247000e+00   2.9358000e+00   5.4556000e+00   5.2648000e+00
   2.8034000e+00   2.8378000e+00   2.9278000e+00   2.8720000e+00   5.4444000e+00   5.3173000e+00
   2.9240000e+00   3.0061000e+00   3.0080000e+00   2.9246000e+00   5.4247000e+00   5.2951000e+00
   3.1356000e+00   3.4131000e+00   3.2717000e+00   3.2605000e+00   5.6062000e+00   5.4515000e+00
   3.2821000e+00   3.8510000e+00   3.6234000e+00   3.7806000e+00   5.8068000e+00   5.6807000e+00
   3.2558000e+00   4.0699000e+00   3.8192000e+00   4.0578000e+00   5.9291000e+00   5.8547000e+00
   3.1029000e+00   3.9843000e+00   3.7931000e+00   4.0446000e+00   6.0406000e+00   5.9955000e+00
   2.8447000e+00   3.6900000e+00   3.5454000e+00   3.7783000e+00   6.1180000e+00   6.1606000e+00
   2.6723000e+00   3.5011000e+00   3.3002000e+00   3.5231000e+00   6.1802000e+00   6.2240000e+00
   2.7018000e+00   3.4420000e+00   3.2701000e+00   3.5268000e+00   6.3466000e+00   6.2226000e+00
   2.6851000e+00   3.3094000e+00   3.2201000e+00   3.5186000e+00   6.5190000e+00   6.2706000e+00
   2.6275000e+00   3.1499000e+00   3.0472000e+00   3.3403000e+00   6.5401000e+00   6.3726000e+00
   2.5773000e+00   3.0428000e+00   2.8718000e+00   3.1620000e+00   6.4359000e+00   6.4352000e+00
   2.5745000e+00   3.0272000e+00   2.8201000e+00   3.0848000e+00   6.3162000e+00   6.4403000e+00
   2.6009000e+00   3.0048000e+00   2.8681000e+00   3.1908000e+00   6.2002000e+00   6.3576000e+00
   2.7338000e+00   2.9566000e+00   2.9015000e+00   3.1670000e+00   6.0769000e+00   6.2673000e+00
   2.7567000e+00   2.8593000e+00   2.8432000e+00   3.0792000e+00   5.8605000e+00   6.1391000e+00
   2.8027000e+00   2.8786000e+00   2.8335000e+00   3.0685000e+00   5.6839000e+00   5.9997000e+00
   2.9607000e+00   2.9694000e+00   2.9421000e+00   3.1509000e+00   5.6536000e+00   5.8999000e+00
   3.2697000e+00   3.2691000e+00   3.2259000e+00   3.3631000e+00   5.4684000e+00   5.7843000e+00
   3.4983000e+00   3.3848000e+00   3.4534000e+00   3.5465000e+00   5.2991000e+00   5.6476000e+00
   3.5793000e+00   3.3719000e+00   3.4890000e+00   3.5737000e+00   5.2571000e+00   5.4058000e+00
   3.6102000e+00   3.3686000e+00   3.5061000e+00   3.5614000e+00   5.0823000e+00   5.2576000e+00
   3.5830000e+00   3.3785000e+00   3.4887000e+00   3.5424000e+00   4.9147000e+00   5.0146000e+00
   3.5030000e+00   3.3706000e+00   3.4244000e+00   3.4952000e+00   4.6489000e+00   4.7609000e+00
   3.4489000e+00   3.4322000e+00   3.4352000e+00   3.5283000e+00   4.4654000e+00   4.5021000e+00
   3.4798000e+00   3.5248000e+00   3.4847000e+00   3.5960000e+00   4.2800000e+00   4.4339000e+00
   3.6815000e+00   3.7234000e+00   3.6470000e+00   3.7325000e+00   4.4116000e+00   4.2956000e+00
   3.7539000e+00   3.7681000e+00   3.7210000e+00   3.7962000e+00   4.6444000e+00   4.4359000e+00
   3.7068000e+00   3.7758000e+00   3.7674000e+00   3.8637000e+00   4.9559000e+00   4.6434000e+00
   3.6909000e+00   3.8359000e+00   3.7448000e+00   3.8342000e+00   5.1028000e+00   4.9591000e+00
   3.8068000e+00   3.9534000e+00   3.8606000e+00   3.9579000e+00   5.2344000e+00   5.1372000e+00
   3.9502000e+00   4.0528000e+00   3.9894000e+00   4.0727000e+00   5.1387000e+00   5.3731000e+00
   4.2516000e+00   4.3064000e+00   4.2475000e+00   4.2963000e+00   5.1003000e+00   5.3655000e+00
   4.6792000e+00   4.7428000e+00   4.6332000e+00   4.6398000e+00   5.2632000e+00   5.3321000e+00
   4.9933000e+00   5.0937000e+00   4.9609000e+00   4.9665000e+00   5.4718000e+00   5.0209000e+00
   5.3412000e+00   5.4786000e+00   5.3355000e+00   5.3802000e+00   6.0007000e+00   4.6376000e+00
   5.3608000e+00   5.5335000e+00   5.4334000e+00   5.5670000e+00   5.6204000e+00   4.7804000e+00
   5.3946000e+00   5.6352000e+00   5.5672000e+00   5.7030000e+00   4.4032000e+00   5.0497000e+00
   5.4547000e+00   5.7455000e+00   5.6588000e+00   5.7834000e+00   4.5780000e+00   5.3823000e+00
   5.7147000e+00   5.9069000e+00   5.7912000e+00   5.8568000e+00   5.6818000e+00   5.8303000e+00
   5.9291000e+00   6.0722000e+00   5.9220000e+00   5.9348000e+00   6.0897000e+00   6.1926000e+00
   6.0586000e+00   6.1920000e+00   6.0367000e+00   6.0275000e+00   6.0292000e+00   6.4221000e+00
   6.1163000e+00   6.2873000e+00   6.1416000e+00   6.1840000e+00   6.1767000e+00   6.6541000e+00
   6.0797000e+00   6.2717000e+00   6.1427000e+00   6.1815000e+00   5.8294000e+00   7.2093000e+00
   6.2460000e+00   6.3990000e+00   6.2996000e+00   6.3383000e+00   6.1694000e+00   7.2379000e+00
   6.2675000e+00   6.4949000e+00   6.3917000e+00   6.4575000e+00   6.5122000e+00   7.0640000e+00
   6.2956000e+00   6.5339000e+00   6.4551000e+00   6.5138000e+00   6.6157000e+00   6.9204000e+00
   6.0919000e+00   6.2329000e+00   6.1826000e+00   6.2079000e+00   6.6163000e+00   6.7181000e+00
   5.7817000e+00   5.8185000e+00   5.8146000e+00   5.7944000e+00   6.8036000e+00   6.5680000e+00
   5.5859000e+00   5.6005000e+00   5.6650000e+00   5.6761000e+00   6.7501000e+00   6.4754000e+00
   5.5066000e+00   5.5483000e+00   5.5506000e+00   5.5351000e+00   6.7637000e+00   6.5339000e+00
   5.5388000e+00   5.6613000e+00   5.6344000e+00   5.6525000e+00   6.4848000e+00   6.2551000e+00
   5.7688000e+00   5.9098000e+00   5.8917000e+00   5.9346000e+00   6.4408000e+00   5.7661000e+00
   5.9097000e+00   6.0991000e+00   6.0464000e+00   6.1022000e+00   6.3560000e+00   5.6316000e+00
   6.0189000e+00   6.1354000e+00   6.1601000e+00   6.2169000e+00   6.3255000e+00   5.6502000e+00
   6.0836000e+00   6.1615000e+00   6.1974000e+00   6.2349000e+00   6.0441000e+00   5.6612000e+00
   6.3375000e+00   6.4194000e+00   6.4454000e+00   6.4652000e+00   5.7300000e+00   5.5425000e+00
   6.2580000e+00   6.3080000e+00   6.3808000e+00   6.4063000e+00   5.6040000e+00   5.4513000e+00
   6.2232000e+00   6.2577000e+00   6.3416000e+00   6.3627000e+00   5.4933000e+00   5.4589000e+00
   6.3363000e+00   6.3738000e+00   6.3973000e+00   6.3952000e+00   5.3311000e+00   5.3909000e+00
   6.4366000e+00   6.4471000e+00   6.4532000e+00   6.4636000e+00   5.2447000e+00   5.2499000e+00
   6.4895000e+00   6.4649000e+00   6.4677000e+00   6.4640000e+00   5.2062000e+00   5.0392000e+00
   6.5483000e+00   6.5357000e+00   6.5163000e+00   6.4467000e+00   5.2316000e+00   4.8743000e+00
   6.6855000e+00   6.6715000e+00   6.6543000e+00   6.6033000e+00   4.9985000e+00   4.8139000e+00
   6.9614000e+00   6.9651000e+00   6.8867000e+00   6.8494000e+00   5.0119000e+00   4.6657000e+00
   7.2285000e+00   7.1943000e+00   7.1528000e+00   7.1496000e+00   5.2862000e+00   4.7938000e+00
   7.4222000e+00   7.2505000e+00   7.3486000e+00   7.3381000e+00   5.7304000e+00   5.1010000e+00
   7.5582000e+00   7.2490000e+00   7.4600000e+00   7.4545000e+00   6.0414000e+00   5.4549000e+00
   7.6772000e+00   7.2819000e+00   7.5869000e+00   7.5960000e+00   6.1913000e+00   5.7383000e+00
   7.8013000e+00   7.4453000e+00   7.7744000e+00   7.8130000e+00   6.3166000e+00   6.0306000e+00
   7.7304000e+00   7.5333000e+00   7.8157000e+00   7.8943000e+00   6.4526000e+00   6.3565000e+00
   7.6877000e+00   7.6645000e+00   7.8413000e+00   7.9291000e+00   6.4236000e+00   6.5814000e+00
   7.6523000e+00   7.7823000e+00   7.8371000e+00   7.9585000e+00   6.2739000e+00   6.7118000e+00
   7.6858000e+00   7.8057000e+00   7.7964000e+00   7.8961000e+00   6.2356000e+00   6.7362000e+00
   7.7384000e+00   7.7954000e+00   7.7825000e+00   7.8460000e+00   6.1490000e+00   6.6344000e+00
   7.6862000e+00   7.6931000e+00   7.7321000e+00   7.7973000e+00   6.0975000e+00   6.5368000e+00
   7.7176000e+00   7.7311000e+00   7.7543000e+00   7.8232000e+00   6.0625000e+00   6.4096000e+00
   7.7986000e+00   7.8158000e+00   7.8164000e+00   7.8854000e+00   6.0227000e+00   6.3085000e+00
   7.8833000e+00   7.8616000e+00   7.8536000e+00   7.9057000e+00   6.0257000e+00   6.2288000e+00
   7.9620000e+00   7.9099000e+00   7.9366000e+00   8.0092000e+00   6.1182000e+00   6.1609000e+00
   7.9574000e+00   7.8855000e+00   7.9478000e+00   8.0371000e+00   6.1405000e+00   6.0867000e+00
   7.9789000e+00   7.8922000e+00   7.9689000e+00   8.0580000e+00   6.1380000e+00   6.1657000e+00
   8.0079000e+00   7.9533000e+00   8.0185000e+00   8.1181000e+00   5.9964000e+00   6.3237000e+00
   7.9405000e+00   7.9368000e+00   7.9628000e+00   8.0788000e+00   5.8800000e+00   6.3077000e+00
   7.8184000e+00   7.8562000e+00   7.8535000e+00   7.9661000e+00   5.3777000e+00   5.7874000e+00
   7.6660000e+00   7.8120000e+00   7.7224000e+00   7.7806000e+00   5.3905000e+00   5.8597000e+00
   7.5467000e+00   7.5873000e+00   7.4724000e+00   7.6055000e+00   5.0660000e+00   5.4310000e+00
   7.0684000e+00   7.3025000e+00   7.1542000e+00   7.3143000e+00   4.3338000e+00   4.5972000e+00
   6.5112000e+00   7.0015000e+00   6.8275000e+00   6.9960000e+00   3.8197000e+00   4.0732000e+00
   6.0723000e+00   6.5360000e+00   6.4337000e+00   6.4761000e+00   3.6878000e+00   4.0641000e+00
   5.8374000e+00   5.8926000e+00   5.9690000e+00   5.9630000e+00   4.0889000e+00   4.5069000e+00
   5.7619000e+00   5.7395000e+00   5.9246000e+00   5.9265000e+00   4.1300000e+00   4.5422000e+00
   5.6805000e+00   5.8033000e+00   5.9783000e+00   6.0025000e+00   3.9677000e+00   4.4235000e+00
   5.7369000e+00   5.9092000e+00   6.0390000e+00   6.0541000e+00   3.8649000e+00   4.3099000e+00
   5.8403000e+00   5.9571000e+00   6.1088000e+00   6.1314000e+00   3.8511000e+00   4.1574000e+00
   5.9175000e+00   6.1216000e+00   6.2115000e+00   6.2659000e+00   3.8178000e+00   4.0399000e+00
   5.9247000e+00   6.2551000e+00   6.2873000e+00   6.3524000e+00   3.8852000e+00   3.9853000e+00
   5.8165000e+00   6.2954000e+00   6.2699000e+00   6.3565000e+00   3.7402000e+00   3.7571000e+00
   5.7497000e+00   6.2372000e+00   6.2204000e+00   6.3020000e+00   3.5928000e+00   3.7032000e+00
   5.6398000e+00   6.1228000e+00   6.1232000e+00   6.2366000e+00   3.3605000e+00   3.3911000e+00
   5.6391000e+00   6.2064000e+00   6.2236000e+00   6.3987000e+00   3.0387000e+00   3.1608000e+00
   5.6989000e+00   6.3306000e+00   6.3251000e+00   6.5339000e+00   2.7954000e+00   2.9173000e+00
   5.8447000e+00   6.4762000e+00   6.4532000e+00   6.6819000e+00   2.6356000e+00   2.7839000e+00
   5.9496000e+00   6.6007000e+00   6.5556000e+00   6.8011000e+00   2.4469000e+00   2.6167000e+00
   6.0186000e+00   6.7090000e+00   6.5947000e+00   6.8442000e+00   2.2831000e+00   2.5105000e+00
   6.0070000e+00   6.7411000e+00   6.6068000e+00   6.8662000e+00   2.1165000e+00   2.3733000e+00
   5.9374000e+00   6.7117000e+00   6.5713000e+00   6.8139000e+00   1.9652000e+00   2.2543000e+00
   5.8042000e+00   6.5728000e+00   6.4658000e+00   6.7066000e+00   1.8114000e+00   2.0791000e+00
   5.7311000e+00   6.4966000e+00   6.4210000e+00   6.6775000e+00   1.7739000e+00   1.9714000e+00
   5.7453000e+00   6.4563000e+00   6.4089000e+00   6.6389000e+00   1.6928000e+00   1.8508000e+00
   5.7904000e+00   6.4360000e+00   6.4342000e+00   6.6611000e+00   1.6312000e+00   1.8369000e+00
   5.8225000e+00   6.4898000e+00   6.4549000e+00   6.6505000e+00   1.5456000e+00   1.8467000e+00
   5.9441000e+00   6.5357000e+00   6.4702000e+00   6.6141000e+00   1.5847000e+00   1.9092000e+00
   6.0586000e+00   6.5764000e+00   6.4553000e+00   6.5947000e+00   1.6565000e+00   2.0864000e+00
   6.2021000e+00   6.6266000e+00   6.4686000e+00   6.6648000e+00   1.7048000e+00   2.2695000e+00
   6.2793000e+00   6.6515000e+00   6.4744000e+00   6.7038000e+00   1.7970000e+00   2.3079000e+00
   6.3290000e+00   6.7955000e+00   6.5892000e+00   6.8403000e+00   1.8785000e+00   2.1755000e+00
   6.5498000e+00   6.9825000e+00   6.7548000e+00   6.9749000e+00   1.7865000e+00   2.2094000e+00
   6.6423000e+00   7.0903000e+00   6.8637000e+00   7.0688000e+00   1.7156000e+00   2.1057000e+00
   6.6706000e+00   7.1318000e+00   6.8857000e+00   7.1004000e+00   1.4973000e+00   2.1584000e+00
   6.9447000e+00   7.3473000e+00   7.1033000e+00   7.3120000e+00   1.2911000e+00   2.2985000e+00
   7.1251000e+00   7.4981000e+00   7.2397000e+00   7.4029000e+00   8.4160000e-01   2.1994000e+00
   7.1201000e+00   7.5078000e+00   7.2217000e+00   7.3709000e+00   1.1618000e+00   3.4258000e+00
   7.5572000e+00   7.8315000e+00   7.5934000e+00   7.6822000e+00   7.6230000e-01   2.8034000e+00
   6.9560000e+00   7.2602000e+00   7.0902000e+00   7.1754000e+00   7.7480000e-01   2.8102000e+00
   7.4726000e+00   7.4085000e+00   7.4371000e+00   7.4711000e+00   4.7010000e-01   3.5831000e+00
   7.2653000e+00   7.2855000e+00   7.3207000e+00   7.3665000e+00   2.9003000e+00   4.0191000e+00
   7.1390000e+00   7.1424000e+00   7.2534000e+00   7.3035000e+00   1.9209000e+00   4.1562000e+00
   6.8411000e+00   7.0010000e+00   6.9930000e+00   7.0841000e+00   8.5950000e-01   4.5372000e+00
   7.5745000e+00   8.0017000e+00   7.6613000e+00   7.7790000e+00   6.6700000e-01   4.7635000e+00
   8.2037000e+00   8.4411000e+00   8.3520000e+00   8.5256000e+00   2.2360000e-01   4.4996000e+00
   8.3224000e+00   8.4650000e+00   8.4133000e+00   8.5340000e+00   1.3589000e+00   5.1091000e+00
   8.0094000e+00   8.1929000e+00   8.2023000e+00   8.3946000e+00   7.6770000e+00   4.3960000e+00
   7.0712000e+00   7.7620000e+00   7.5814000e+00   7.7513000e+00   7.9295000e+00   1.8109000e+00
   7.2846000e+00   8.1908000e+00   7.5806000e+00   7.7467000e+00   6.1386000e+00   2.2259000e+00
   6.9104000e+00   7.9632000e+00   7.6300000e+00   8.0598000e+00   5.1205000e+00   2.8887000e+00
   7.0342000e+00   8.3425000e+00   7.4790000e+00   7.7758000e+00   4.4240000e+00   2.2448000e+00
   7.9056000e+00   8.8894000e+00   8.1809000e+00   8.5049000e+00   4.1669000e+00   6.9050000e-01
   9.5948000e+00   1.0801000e+01   9.7168000e+00   9.9459000e+00   3.8914000e+00   1.8440000e-01
   1.0735000e+01   1.1478700e+01   1.0742700e+01   1.0941700e+01   3.1125000e+00   3.7110000e-01
   1.0880100e+01   1.1499200e+01   1.1138300e+01   1.1494200e+01   2.2427000e+00  -4.4750000e-01
   1.0392000e+01   1.0984500e+01   1.0728700e+01   1.1088100e+01   1.8861000e+00  -4.1650000e-01
   9.9117000e+00   1.0929200e+01   1.0426000e+01   1.0769100e+01   2.1716000e+00   4.0030000e-01
   9.4512000e+00   1.0428200e+01   1.0032000e+01   1.0472200e+01   2.5610000e+00   1.1682000e+00
   9.4164000e+00   1.0399900e+01   9.8847000e+00   1.0189000e+01   3.4409000e+00   2.1753000e+00
   9.0195000e+00   9.8852000e+00   9.5574000e+00   9.9400000e+00   4.2596000e+00   3.4444000e+00
   8.7267000e+00   9.3466000e+00   9.2650000e+00   9.6920000e+00   4.6199000e+00   4.2217000e+00
   8.4184000e+00   8.6473000e+00   8.7852000e+00   9.0852000e+00   5.0792000e+00   4.6825000e+00
   7.8107000e+00   7.9931000e+00   8.3846000e+00   8.6716000e+00   5.7356000e+00   5.4571000e+00
   7.1601000e+00   7.2377000e+00   7.7061000e+00   8.1242000e+00   6.6938000e+00   6.2926000e+00
   7.3549000e+00   7.2737000e+00   7.5642000e+00   7.7077000e+00   7.5194000e+00   7.1658000e+00
   7.2128000e+00   7.1026000e+00   7.4797000e+00   7.5946000e+00   7.7889000e+00   7.6278000e+00
   7.1287000e+00   6.8384000e+00   7.2141000e+00   7.3142000e+00   7.7803000e+00   7.7621000e+00
   7.0192000e+00   6.9434000e+00   7.0814000e+00   7.1477000e+00   7.7522000e+00   7.8821000e+00
   7.2145000e+00   7.2182000e+00   7.2661000e+00   7.3011000e+00   7.8418000e+00   8.0418000e+00
   7.6887000e+00   7.5003000e+00   7.6016000e+00   7.5694000e+00   7.8074000e+00   7.9923000e+00
   7.7354000e+00   7.6938000e+00   7.5663000e+00   7.5700000e+00   7.6076000e+00   7.9095000e+00
