   1.3380000e+00   1.3140000e+00   1.3120000e+00   1.2950000e+00   2.4300000e+00   2.3000000e+00
   1.2530000e+00   1.2250000e+00   1.2220000e+00   1.2010000e+00   2.4280000e+00   2.3270000e+00
   1.1650000e+00   1.1310000e+00   1.1310000e+00   1.1090000e+00   2.4690000e+00   2.3490000e+00
   1.1960000e+00   1.1610000e+00   1.1590000e+00   1.1410000e+00   2.5990000e+00   2.4480000e+00
   1.1380000e+00   1.0930000e+00   1.0880000e+00   1.0690000e+00   2.6230000e+00   2.4630000e+00
   1.1380000e+00   1.0660000e+00   1.0700000e+00   1.0460000e+00   2.5940000e+00   2.4790000e+00
   1.1270000e+00   1.0190000e+00   1.0320000e+00   9.9600000e-01   2.6090000e+00   2.4850000e+00
   1.0620000e+00   9.3000000e-01   9.4800000e-01   9.2000000e-01   2.6510000e+00   2.5400000e+00
   1.0460000e+00   8.8600000e-01   9.0500000e-01   8.7900000e-01   2.6610000e+00   2.5410000e+00
   1.0650000e+00   8.9400000e-01   9.2700000e-01   9.1800000e-01   2.5950000e+00   2.4790000e+00
   1.0770000e+00   8.9600000e-01   9.3900000e-01   9.4100000e-01   2.6110000e+00   2.4670000e+00
   1.0840000e+00   9.1500000e-01   9.5300000e-01   9.7100000e-01   2.6450000e+00   2.5210000e+00
   1.1100000e+00   9.5900000e-01   9.8800000e-01   1.0170000e+00   2.6300000e+00   2.5330000e+00
   1.1270000e+00   9.9800000e-01   1.0240000e+00   1.0670000e+00   2.6410000e+00   2.5710000e+00
   1.1850000e+00   1.0560000e+00   1.0870000e+00   1.1290000e+00   2.7230000e+00   2.6240000e+00
   1.2390000e+00   1.1080000e+00   1.1490000e+00   1.1860000e+00   2.7320000e+00   2.6090000e+00
   1.3260000e+00   1.2010000e+00   1.2460000e+00   1.2840000e+00   2.7480000e+00   2.6490000e+00
   1.3500000e+00   1.2250000e+00   1.2750000e+00   1.3090000e+00   2.7820000e+00   2.6540000e+00
   1.3770000e+00   1.2950000e+00   1.3410000e+00   1.3850000e+00   2.7100000e+00   2.6290000e+00
   1.3560000e+00   1.3450000e+00   1.3870000e+00   1.4360000e+00   2.4080000e+00   2.4330000e+00
   1.3410000e+00   1.3820000e+00   1.4180000e+00   1.4590000e+00   2.1340000e+00   2.0800000e+00
   1.4170000e+00   1.4230000e+00   1.4560000e+00   1.4780000e+00   2.0200000e+00   1.9200000e+00
   1.4770000e+00   1.4320000e+00   1.4640000e+00   1.4750000e+00   1.9810000e+00   1.8620000e+00
   1.5460000e+00   1.4580000e+00   1.4900000e+00   1.5020000e+00   1.8930000e+00   1.7610000e+00
   1.6010000e+00   1.4770000e+00   1.5190000e+00   1.5290000e+00   1.7960000e+00   1.6820000e+00
   1.6730000e+00   1.5440000e+00   1.5870000e+00   1.5910000e+00   1.7180000e+00   1.6350000e+00
   1.7160000e+00   1.5900000e+00   1.6360000e+00   1.6340000e+00   1.6850000e+00   1.5880000e+00
   1.8020000e+00   1.6560000e+00   1.6990000e+00   1.6840000e+00   1.6160000e+00   1.5650000e+00
   1.9160000e+00   1.7390000e+00   1.7860000e+00   1.7560000e+00   1.6060000e+00   1.5570000e+00
   2.0180000e+00   1.8140000e+00   1.8630000e+00   1.8150000e+00   1.6420000e+00   1.5720000e+00
   2.1380000e+00   1.9140000e+00   1.9670000e+00   1.9040000e+00   1.6640000e+00   1.6110000e+00
   2.2640000e+00   2.0200000e+00   2.0750000e+00   1.9950000e+00   1.6730000e+00   1.6180000e+00
   2.4010000e+00   2.1520000e+00   2.2080000e+00   2.1190000e+00   1.6710000e+00   1.6150000e+00
   2.5210000e+00   2.2800000e+00   2.3380000e+00   2.2480000e+00   1.6700000e+00   1.6070000e+00
   2.6380000e+00   2.4200000e+00   2.4810000e+00   2.3990000e+00   1.6770000e+00   1.6140000e+00
   2.7600000e+00   2.5700000e+00   2.6310000e+00   2.5620000e+00   1.6850000e+00   1.6370000e+00
   2.8820000e+00   2.7240000e+00   2.7860000e+00   2.7300000e+00   1.7160000e+00   1.6540000e+00
   3.0270000e+00   2.9090000e+00   2.9580000e+00   2.9150000e+00   1.7450000e+00   1.6620000e+00
   3.1790000e+00   3.0980000e+00   3.1290000e+00   3.0940000e+00   1.7560000e+00   1.6820000e+00
   3.3040000e+00   3.2520000e+00   3.2770000e+00   3.2460000e+00   1.7770000e+00   1.7320000e+00
   3.4300000e+00   3.4100000e+00   3.4250000e+00   3.3960000e+00   1.8150000e+00   1.7680000e+00
   3.5330000e+00   3.5380000e+00   3.5520000e+00   3.5320000e+00   1.8550000e+00   1.8160000e+00
   3.6290000e+00   3.6580000e+00   3.6670000e+00   3.6550000e+00   1.9060000e+00   1.8720000e+00
   3.7240000e+00   3.7660000e+00   3.7720000e+00   3.7640000e+00   1.9430000e+00   1.9440000e+00
   3.8030000e+00   3.8470000e+00   3.8640000e+00   3.8650000e+00   2.0030000e+00   1.9820000e+00
   3.9050000e+00   3.9080000e+00   3.9650000e+00   3.9770000e+00   2.0900000e+00   2.0250000e+00
   4.1370000e+00   4.0540000e+00   4.1310000e+00   4.1190000e+00   2.1650000e+00   2.1030000e+00
   4.2640000e+00   4.1910000e+00   4.2190000e+00   4.1950000e+00   2.1750000e+00   2.1430000e+00
   4.2830000e+00   4.2510000e+00   4.2940000e+00   4.2860000e+00   2.2830000e+00   2.1170000e+00
   4.3790000e+00   4.3480000e+00   4.3840000e+00   4.3730000e+00   2.4350000e+00   2.0810000e+00
   4.4580000e+00   4.4420000e+00   4.4430000e+00   4.4180000e+00   2.3840000e+00   2.2160000e+00
   4.5240000e+00   4.5010000e+00   4.5190000e+00   4.4950000e+00   2.2810000e+00   2.6110000e+00
   4.6050000e+00   4.5760000e+00   4.6060000e+00   4.5870000e+00   2.3980000e+00   2.9290000e+00
   4.7140000e+00   4.6690000e+00   4.7080000e+00   4.6870000e+00   2.5500000e+00   2.8000000e+00
   4.8150000e+00   4.7410000e+00   4.8000000e+00   4.7780000e+00   2.3310000e+00   2.4140000e+00
   4.9080000e+00   4.8120000e+00   4.8940000e+00   4.8800000e+00   2.3600000e+00   2.4840000e+00
   5.0270000e+00   4.9110000e+00   5.0080000e+00   4.9920000e+00   3.2040000e+00   3.0270000e+00
   5.1740000e+00   5.0160000e+00   5.1390000e+00   5.1200000e+00   3.2220000e+00   3.1450000e+00
   5.3180000e+00   5.1260000e+00   5.2660000e+00   5.2520000e+00   2.6370000e+00   2.5260000e+00
   5.4610000e+00   5.2330000e+00   5.3760000e+00   5.3500000e+00   2.7150000e+00   2.1890000e+00
   5.6010000e+00   5.3570000e+00   5.4730000e+00   5.4290000e+00   3.3040000e+00   2.8650000e+00
   5.7300000e+00   5.4870000e+00   5.5790000e+00   5.5170000e+00   4.0220000e+00   3.4850000e+00
   5.8440000e+00   5.5890000e+00   5.6650000e+00   5.5950000e+00   3.0230000e+00   3.0750000e+00
   5.9160000e+00   5.6480000e+00   5.7180000e+00   5.6580000e+00   2.7450000e+00   3.0790000e+00
   5.9400000e+00   5.6830000e+00   5.7350000e+00   5.6680000e+00   3.4380000e+00   3.1770000e+00
   5.9180000e+00   5.7170000e+00   5.7340000e+00   5.6670000e+00   3.9170000e+00   3.0150000e+00
   5.8540000e+00   5.7250000e+00   5.6890000e+00   5.6450000e+00   3.3820000e+00   2.8500000e+00
   5.7440000e+00   5.6950000e+00   5.6160000e+00   5.5710000e+00   3.3370000e+00   2.7080000e+00
   5.6490000e+00   5.6350000e+00   5.5520000e+00   5.5140000e+00   3.4580000e+00   2.5950000e+00
   5.5500000e+00   5.5650000e+00   5.4840000e+00   5.4470000e+00   3.8050000e+00   2.8810000e+00
   5.4310000e+00   5.4270000e+00   5.3850000e+00   5.3730000e+00   4.0980000e+00   3.5350000e+00
   5.4120000e+00   5.4000000e+00   5.3920000e+00   5.3930000e+00   4.9010000e+00   4.5850000e+00
   5.4690000e+00   5.4670000e+00   5.4590000e+00   5.4730000e+00   5.4140000e+00   5.6270000e+00
   5.4010000e+00   5.4440000e+00   5.4070000e+00   5.4270000e+00   6.0460000e+00   6.3170000e+00
   5.3160000e+00   5.3610000e+00   5.3430000e+00   5.3580000e+00   6.1970000e+00   6.1000000e+00
   5.2790000e+00   5.2940000e+00   5.3010000e+00   5.3030000e+00   6.2460000e+00   6.0250000e+00
   5.3000000e+00   5.2770000e+00   5.2930000e+00   5.2690000e+00   6.0730000e+00   6.0310000e+00
   5.3890000e+00   5.3280000e+00   5.3610000e+00   5.3230000e+00   6.0540000e+00   6.0010000e+00
   5.4740000e+00   5.3970000e+00   5.4320000e+00   5.4010000e+00   6.0480000e+00   6.0210000e+00
   5.3930000e+00   5.3070000e+00   5.3360000e+00   5.3010000e+00   6.0420000e+00   6.0760000e+00
   5.3740000e+00   5.2360000e+00   5.2960000e+00   5.2570000e+00   6.1140000e+00   6.0090000e+00
   5.4380000e+00   5.2760000e+00   5.3650000e+00   5.3250000e+00   6.0900000e+00   5.8540000e+00
   5.4120000e+00   5.2450000e+00   5.3620000e+00   5.3220000e+00   5.9680000e+00   5.8010000e+00
   5.4330000e+00   5.2480000e+00   5.3780000e+00   5.3230000e+00   5.8750000e+00   5.7590000e+00
   5.4540000e+00   5.2560000e+00   5.3700000e+00   5.2910000e+00   5.7090000e+00   5.6190000e+00
   5.4450000e+00   5.2580000e+00   5.3530000e+00   5.2660000e+00   5.5290000e+00   5.4960000e+00
   5.4060000e+00   5.2430000e+00   5.3060000e+00   5.2140000e+00   5.4340000e+00   5.3740000e+00
   5.3430000e+00   5.1740000e+00   5.2410000e+00   5.1470000e+00   5.3400000e+00   5.2770000e+00
   5.2990000e+00   5.1260000e+00   5.1950000e+00   5.1000000e+00   5.2550000e+00   5.1460000e+00
   5.2510000e+00   5.0350000e+00   5.1340000e+00   5.0210000e+00   5.1610000e+00   5.0270000e+00
   5.2520000e+00   4.9910000e+00   5.1200000e+00   4.9990000e+00   5.0470000e+00   4.9450000e+00
   5.3030000e+00   5.0040000e+00   5.1470000e+00   5.0240000e+00   5.0050000e+00   4.8730000e+00
   5.3700000e+00   5.0830000e+00   5.2190000e+00   5.1050000e+00   5.0070000e+00   4.8320000e+00
   5.3930000e+00   5.1610000e+00   5.2700000e+00   5.1840000e+00   4.9760000e+00   4.8020000e+00
   5.3530000e+00   5.1950000e+00   5.2520000e+00   5.1870000e+00   4.9380000e+00   4.8130000e+00
   5.2640000e+00   5.0970000e+00   5.1510000e+00   5.0870000e+00   4.9310000e+00   4.8680000e+00
   5.2310000e+00   5.0120000e+00   5.0860000e+00   5.0030000e+00   4.9470000e+00   4.9070000e+00
   5.2490000e+00   5.0090000e+00   5.0870000e+00   4.9980000e+00   4.9610000e+00   4.9480000e+00
   5.2420000e+00   5.0120000e+00   5.0770000e+00   4.9910000e+00   5.0000000e+00   4.9840000e+00
   5.2270000e+00   5.0150000e+00   5.0660000e+00   4.9810000e+00   5.0500000e+00   4.9930000e+00
   5.1970000e+00   5.0240000e+00   5.0380000e+00   4.9580000e+00   5.0800000e+00   4.9800000e+00
   5.0800000e+00   4.9940000e+00   4.9810000e+00   4.9200000e+00   5.0690000e+00   4.9870000e+00
   5.0290000e+00   4.9540000e+00   4.9620000e+00   4.9170000e+00   5.0260000e+00   4.9960000e+00
   5.0400000e+00   4.9340000e+00   4.9900000e+00   4.9470000e+00   4.9220000e+00   4.9990000e+00
   5.0980000e+00   4.9820000e+00   5.0450000e+00   4.9940000e+00   4.7890000e+00   4.9830000e+00
   5.2080000e+00   5.0730000e+00   5.1430000e+00   5.0850000e+00   4.6790000e+00   4.9400000e+00
   5.3280000e+00   5.1840000e+00   5.2530000e+00   5.1920000e+00   4.6430000e+00   4.9100000e+00
   5.4100000e+00   5.2720000e+00   5.3320000e+00   5.2740000e+00   4.7110000e+00   4.9250000e+00
   5.4830000e+00   5.3440000e+00   5.3970000e+00   5.3450000e+00   4.8620000e+00   4.9560000e+00
   5.5340000e+00   5.3970000e+00   5.4490000e+00   5.3990000e+00   5.0200000e+00   4.9940000e+00
   5.5700000e+00   5.4440000e+00   5.4990000e+00   5.4520000e+00   5.0560000e+00   4.9980000e+00
   5.6020000e+00   5.5080000e+00   5.5520000e+00   5.5220000e+00   4.8750000e+00   4.8730000e+00
   5.5810000e+00   5.5400000e+00   5.5610000e+00   5.5650000e+00   4.9430000e+00   4.9620000e+00
   5.5390000e+00   5.5530000e+00   5.5470000e+00   5.5880000e+00   4.6600000e+00   4.6460000e+00
   5.4400000e+00   5.5610000e+00   5.5100000e+00   5.5810000e+00   4.0780000e+00   4.0020000e+00
   5.3520000e+00   5.5330000e+00   5.4320000e+00   5.5390000e+00   3.7230000e+00   3.6430000e+00
   5.2250000e+00   5.5050000e+00   5.3550000e+00   5.4990000e+00   3.5500000e+00   3.5620000e+00
   5.0160000e+00   5.3950000e+00   5.2150000e+00   5.3580000e+00   3.7620000e+00   3.8300000e+00
   4.8080000e+00   5.3000000e+00   5.0920000e+00   5.2380000e+00   3.8490000e+00   3.9100000e+00
   4.6760000e+00   5.0950000e+00   4.8920000e+00   4.9710000e+00   3.7670000e+00   3.8370000e+00
   4.6530000e+00   4.9250000e+00   4.8360000e+00   4.9310000e+00   3.6120000e+00   3.6810000e+00
   4.6430000e+00   4.9720000e+00   4.8400000e+00   4.9120000e+00   3.4480000e+00   3.5620000e+00
   4.6140000e+00   4.9650000e+00   4.8040000e+00   4.8490000e+00   3.3830000e+00   3.5010000e+00
   4.5960000e+00   4.9190000e+00   4.7600000e+00   4.7750000e+00   3.3170000e+00   3.4000000e+00
   4.5400000e+00   4.8560000e+00   4.7150000e+00   4.7050000e+00   3.2210000e+00   3.2830000e+00
   4.4400000e+00   4.7530000e+00   4.6410000e+00   4.5990000e+00   3.1170000e+00   3.1980000e+00
   4.3840000e+00   4.6230000e+00   4.5740000e+00   4.5200000e+00   3.0290000e+00   3.1410000e+00
   4.3640000e+00   4.5270000e+00   4.5250000e+00   4.4400000e+00   2.9500000e+00   3.0720000e+00
   4.3530000e+00   4.4320000e+00   4.4530000e+00   4.3630000e+00   2.8460000e+00   2.9730000e+00
   4.3190000e+00   4.3980000e+00   4.4260000e+00   4.3950000e+00   2.7870000e+00   2.9220000e+00
   4.3420000e+00   4.4870000e+00   4.4740000e+00   4.4950000e+00   2.7150000e+00   2.8750000e+00
   4.4240000e+00   4.6310000e+00   4.5640000e+00   4.6200000e+00   2.6510000e+00   2.8320000e+00
   4.6100000e+00   4.8430000e+00   4.7330000e+00   4.8250000e+00   2.5520000e+00   2.7570000e+00
   4.8340000e+00   5.1190000e+00   4.9540000e+00   5.0900000e+00   2.4630000e+00   2.6740000e+00
   5.0980000e+00   5.4990000e+00   5.2370000e+00   5.4480000e+00   2.3940000e+00   2.6000000e+00
   5.3720000e+00   5.9320000e+00   5.5560000e+00   5.8500000e+00   2.5600000e+00   2.5780000e+00
   5.6770000e+00   6.4480000e+00   5.9450000e+00   6.2910000e+00   2.1680000e+00   2.2500000e+00
   6.0660000e+00   6.8590000e+00   6.3540000e+00   6.6910000e+00   1.9320000e+00   2.7520000e+00
   6.4960000e+00   7.1350000e+00   6.7470000e+00   7.0320000e+00   2.2630000e+00   3.1090000e+00
   6.8630000e+00   7.2850000e+00   7.0090000e+00   7.2310000e+00   2.4460000e+00   3.3630000e+00
   7.1560000e+00   7.3840000e+00   7.2100000e+00   7.3550000e+00   2.5390000e+00   3.6540000e+00
   7.3150000e+00   7.3830000e+00   7.2690000e+00   7.3500000e+00   2.5160000e+00   4.3930000e+00
   7.3800000e+00   7.3830000e+00   7.2870000e+00   7.3300000e+00   2.4570000e+00   3.5700000e+00
   7.5130000e+00   7.4700000e+00   7.3870000e+00   7.3960000e+00   2.5370000e+00   2.6990000e+00
   7.6250000e+00   7.5380000e+00   7.4650000e+00   7.4470000e+00   2.8900000e+00   2.5870000e+00
   7.7490000e+00   7.6280000e+00   7.5700000e+00   7.5400000e+00   3.0270000e+00   2.9790000e+00
   7.8620000e+00   7.7160000e+00   7.6640000e+00   7.6260000e+00   2.8100000e+00   3.2640000e+00
   7.9570000e+00   7.8000000e+00   7.7680000e+00   7.7230000e+00   2.8840000e+00   3.3890000e+00
   7.9880000e+00   7.7970000e+00   7.7890000e+00   7.7420000e+00   3.1350000e+00   3.3910000e+00
   8.1610000e+00   8.0040000e+00   7.9380000e+00   7.8900000e+00   2.8690000e+00   3.2440000e+00
   8.2970000e+00   8.2100000e+00   8.0690000e+00   7.9940000e+00   2.7530000e+00   3.2900000e+00
   8.2160000e+00   8.1950000e+00   8.0660000e+00   7.9800000e+00   3.0550000e+00   3.5440000e+00
   8.1290000e+00   8.1210000e+00   8.0150000e+00   7.9420000e+00   3.5570000e+00   3.7600000e+00
   8.1770000e+00   8.0650000e+00   8.0950000e+00   8.0440000e+00   4.5740000e+00   4.3840000e+00
   8.0900000e+00   7.9390000e+00   7.9990000e+00   7.9640000e+00   4.4190000e+00   5.2450000e+00
   8.3080000e+00   8.1260000e+00   8.1780000e+00   8.1040000e+00   4.9120000e+00   5.4730000e+00
   8.2040000e+00   8.0510000e+00   8.0740000e+00   8.0330000e+00   5.7930000e+00   5.4920000e+00
   7.9670000e+00   7.9230000e+00   7.9060000e+00   7.9070000e+00   6.0370000e+00   5.9230000e+00
   7.7790000e+00   7.6730000e+00   7.6910000e+00   7.7060000e+00   5.4610000e+00   5.5290000e+00
   7.6500000e+00   7.5030000e+00   7.5030000e+00   7.4690000e+00   5.2640000e+00   5.3120000e+00
   7.5660000e+00   7.4840000e+00   7.4400000e+00   7.3840000e+00   5.4810000e+00   5.9530000e+00
   7.3370000e+00   7.4010000e+00   7.3030000e+00   7.3120000e+00   5.8920000e+00   5.8780000e+00
   6.9980000e+00   7.2370000e+00   7.0760000e+00   7.1080000e+00   6.3010000e+00   5.8600000e+00
   6.7610000e+00   6.9820000e+00   6.8000000e+00   6.8580000e+00   6.2730000e+00   5.7130000e+00
   6.7480000e+00   6.9310000e+00   6.8110000e+00   6.8720000e+00   6.0630000e+00   5.9530000e+00
   6.5010000e+00   6.6990000e+00   6.5670000e+00   6.6230000e+00   5.9920000e+00   6.2630000e+00
   6.3990000e+00   6.6400000e+00   6.5020000e+00   6.5920000e+00   6.4830000e+00   6.2160000e+00
   6.1450000e+00   6.4480000e+00   6.3450000e+00   6.4700000e+00   6.7180000e+00   6.3430000e+00
   5.8910000e+00   6.2090000e+00   6.1160000e+00   6.2540000e+00   6.7560000e+00   6.2340000e+00
   5.7920000e+00   6.0950000e+00   6.0000000e+00   6.1280000e+00   6.6000000e+00   6.2020000e+00
   5.5550000e+00   5.8780000e+00   5.7590000e+00   5.8670000e+00   6.5100000e+00   6.3050000e+00
   5.2660000e+00   5.5510000e+00   5.4610000e+00   5.5570000e+00   6.0640000e+00   5.9580000e+00
   5.1690000e+00   5.4020000e+00   5.3440000e+00   5.4280000e+00   5.8500000e+00   5.4440000e+00
   5.2320000e+00   5.4270000e+00   5.3770000e+00   5.4490000e+00   5.7840000e+00   5.5040000e+00
   5.2190000e+00   5.4460000e+00   5.4100000e+00   5.5080000e+00   5.5330000e+00   5.6980000e+00
   5.1340000e+00   5.3850000e+00   5.2940000e+00   5.3700000e+00   5.4180000e+00   5.8540000e+00
   4.9750000e+00   5.2520000e+00   5.1880000e+00   5.3140000e+00   4.8630000e+00   5.8790000e+00
   4.8640000e+00   5.0860000e+00   5.0410000e+00   5.1460000e+00   5.2870000e+00   5.4980000e+00
   4.9390000e+00   5.1360000e+00   5.0680000e+00   5.1440000e+00   5.2790000e+00   5.1510000e+00
   5.0230000e+00   5.2080000e+00   5.1340000e+00   5.1900000e+00   5.2670000e+00   5.2910000e+00
   5.1420000e+00   5.2960000e+00   5.2350000e+00   5.2720000e+00   5.2420000e+00   5.7960000e+00
   5.3370000e+00   5.4800000e+00   5.4240000e+00   5.4480000e+00   5.5980000e+00   5.8470000e+00
   5.3960000e+00   5.5680000e+00   5.4910000e+00   5.5210000e+00   5.8300000e+00   5.7220000e+00
   5.4490000e+00   5.5870000e+00   5.5160000e+00   5.5430000e+00   5.4170000e+00   5.7450000e+00
   5.5590000e+00   5.6690000e+00   5.6150000e+00   5.6460000e+00   5.6820000e+00   5.2520000e+00
   5.6740000e+00   5.8050000e+00   5.8020000e+00   5.8800000e+00   5.5830000e+00   5.0350000e+00
   5.9200000e+00   5.9970000e+00   5.9660000e+00   6.0100000e+00   5.5390000e+00   5.3590000e+00
   5.9730000e+00   6.0020000e+00   5.9850000e+00   5.9910000e+00   5.5360000e+00   5.5000000e+00
   6.2370000e+00   6.3220000e+00   6.2200000e+00   6.1980000e+00   5.5080000e+00   5.5220000e+00
   6.5170000e+00   6.5920000e+00   6.4610000e+00   6.4350000e+00   5.5020000e+00   5.2550000e+00
   6.6940000e+00   6.7960000e+00   6.6860000e+00   6.6300000e+00   5.1180000e+00   5.1300000e+00
   6.8090000e+00   6.8370000e+00   6.7140000e+00   6.6320000e+00   4.8310000e+00   5.2210000e+00
   6.4950000e+00   6.6120000e+00   6.4860000e+00   6.4610000e+00   4.6400000e+00   5.1080000e+00
   6.3650000e+00   6.4350000e+00   6.3380000e+00   6.2890000e+00   4.6880000e+00   5.1480000e+00
   6.2890000e+00   6.2860000e+00   6.2470000e+00   6.1840000e+00   4.8270000e+00   5.0270000e+00
   6.3740000e+00   6.3600000e+00   6.3720000e+00   6.3310000e+00   5.1590000e+00   5.1280000e+00
   6.4470000e+00   6.4440000e+00   6.4680000e+00   6.4440000e+00   5.2440000e+00   5.5180000e+00
   6.4370000e+00   6.3960000e+00   6.4280000e+00   6.4320000e+00   5.3100000e+00   5.5420000e+00
   6.3610000e+00   6.3670000e+00   6.3880000e+00   6.4030000e+00   5.4920000e+00   5.5960000e+00
   6.2260000e+00   6.2780000e+00   6.3110000e+00   6.3280000e+00   5.3850000e+00   5.7310000e+00
   6.2520000e+00   6.3890000e+00   6.3940000e+00   6.4260000e+00   5.2720000e+00   5.7150000e+00
   6.0590000e+00   6.3690000e+00   6.3630000e+00   6.4850000e+00   5.2680000e+00   5.5630000e+00
   6.0580000e+00   6.4290000e+00   6.3700000e+00   6.4940000e+00   5.3440000e+00   5.4820000e+00
   6.1020000e+00   6.5340000e+00   6.4680000e+00   6.6610000e+00   5.2710000e+00   5.5670000e+00
   6.4110000e+00   6.8240000e+00   6.7340000e+00   6.9330000e+00   5.0340000e+00   5.3840000e+00
   6.8300000e+00   6.8590000e+00   6.9390000e+00   7.0360000e+00   5.0630000e+00   5.2150000e+00
   7.0420000e+00   6.9420000e+00   7.0830000e+00   7.0640000e+00   5.1440000e+00   5.1600000e+00
   7.2700000e+00   7.2980000e+00   7.2780000e+00   7.3260000e+00   5.4520000e+00   5.4710000e+00
   7.2820000e+00   7.3690000e+00   7.2730000e+00   7.3010000e+00   5.1180000e+00   5.1690000e+00
   7.0570000e+00   7.2680000e+00   7.2320000e+00   7.3330000e+00   4.8800000e+00   4.9740000e+00
   6.8870000e+00   6.8490000e+00   6.6940000e+00   6.6190000e+00   4.9280000e+00   5.0310000e+00
   6.5880000e+00   6.3670000e+00   6.4590000e+00   6.3980000e+00   5.0060000e+00   5.2630000e+00
   6.8570000e+00   6.8520000e+00   6.6700000e+00   6.4470000e+00   5.3760000e+00   5.3140000e+00
   6.3150000e+00   6.3380000e+00   6.1980000e+00   6.1430000e+00   5.5830000e+00   5.5400000e+00
   6.2510000e+00   6.0850000e+00   6.1180000e+00   6.0760000e+00   5.7720000e+00   5.7730000e+00
   5.9890000e+00   5.8560000e+00   5.7260000e+00   5.5330000e+00   6.1180000e+00   5.9800000e+00
   5.6630000e+00   5.3850000e+00   5.5350000e+00   5.4410000e+00   6.4200000e+00   6.0790000e+00
   5.3050000e+00   4.9530000e+00   5.0440000e+00   4.8960000e+00   6.6190000e+00   6.2020000e+00
   5.1350000e+00   4.6810000e+00   4.8500000e+00   4.6610000e+00   6.6400000e+00   6.3860000e+00
   4.9410000e+00   4.5490000e+00   4.7890000e+00   4.7050000e+00   6.6760000e+00   6.5690000e+00
   5.1640000e+00   4.9210000e+00   5.1200000e+00   5.0130000e+00   7.1070000e+00   6.9340000e+00
   5.0890000e+00   5.3180000e+00   5.1300000e+00   5.1170000e+00   7.2960000e+00   7.4400000e+00
   5.4080000e+00   5.6470000e+00   5.3560000e+00   5.2700000e+00   7.0590000e+00   7.9490000e+00
   5.4400000e+00   5.3370000e+00   5.3620000e+00   5.2640000e+00   7.4950000e+00   8.2250000e+00
   4.9640000e+00   4.8250000e+00   5.0440000e+00   5.0780000e+00   8.2970000e+00   8.5420000e+00
   4.7320000e+00   4.4080000e+00   4.7420000e+00   4.7400000e+00   8.9620000e+00   8.8050000e+00
   4.6730000e+00   4.2010000e+00   4.3830000e+00   4.2480000e+00   9.4620000e+00   9.1720000e+00
   5.0510000e+00   5.0000000e+00   4.6530000e+00   4.3440000e+00   9.3330000e+00   9.3690000e+00
   4.5250000e+00   4.5970000e+00   4.3210000e+00   4.2380000e+00   8.9580000e+00   9.2530000e+00
   4.2850000e+00   4.1900000e+00   4.2870000e+00   4.2310000e+00   8.7000000e+00   8.9680000e+00
   4.1660000e+00   3.8850000e+00   4.0530000e+00   3.9770000e+00   8.7670000e+00   8.7950000e+00
   4.6970000e+00   4.4180000e+00   4.4150000e+00   4.2280000e+00   8.5710000e+00   8.5620000e+00
   5.4410000e+00   5.1260000e+00   5.0210000e+00   4.7770000e+00   8.3960000e+00   8.3340000e+00
   5.5640000e+00   5.0760000e+00   5.3910000e+00   5.3720000e+00   8.0630000e+00   8.0220000e+00
   5.3760000e+00   4.5150000e+00   4.9760000e+00   4.7740000e+00   8.0570000e+00   7.9310000e+00
   4.8320000e+00   4.1080000e+00   4.6050000e+00   4.4960000e+00   7.7740000e+00   7.8920000e+00
   4.7430000e+00   4.0520000e+00   4.4070000e+00   4.2490000e+00   7.4300000e+00   7.7640000e+00
   4.4960000e+00   4.0610000e+00   4.5140000e+00   4.4960000e+00   7.1190000e+00   7.6780000e+00
   4.6490000e+00   3.9820000e+00   4.3730000e+00   4.1830000e+00   6.7270000e+00   7.6020000e+00
   4.7900000e+00   4.1570000e+00   4.6880000e+00   4.5850000e+00   6.3590000e+00   7.2410000e+00
   4.3600000e+00   3.7280000e+00   4.3340000e+00   4.2700000e+00   6.0800000e+00   6.6270000e+00
   4.2110000e+00   3.4210000e+00   3.8480000e+00   3.6060000e+00   6.1490000e+00   6.3290000e+00
   3.7940000e+00   3.1690000e+00   3.5590000e+00   3.3960000e+00   6.0590000e+00   5.9690000e+00
   3.2010000e+00   2.8220000e+00   3.1710000e+00   3.1070000e+00   5.8810000e+00   5.9670000e+00
   2.7210000e+00   2.2810000e+00   2.6020000e+00   2.4640000e+00   6.3350000e+00   6.0340000e+00
   2.1570000e+00   1.9750000e+00   2.1640000e+00   2.0640000e+00   6.6780000e+00   6.2500000e+00
   2.4870000e+00   2.5540000e+00   2.5580000e+00   2.5080000e+00   6.8750000e+00   6.3390000e+00
   2.6110000e+00   2.8120000e+00   2.7820000e+00   2.8060000e+00   6.6520000e+00   6.1400000e+00
   3.2180000e+00   3.4770000e+00   3.3050000e+00   3.3600000e+00   6.2610000e+00   5.8810000e+00
   3.9350000e+00   4.0530000e+00   3.8520000e+00   3.8720000e+00   5.7740000e+00   5.8880000e+00
   4.3160000e+00   4.5080000e+00   4.2820000e+00   4.3580000e+00   5.7190000e+00   5.9740000e+00
   4.7620000e+00   4.7550000e+00   4.5930000e+00   4.6660000e+00   6.2300000e+00   6.6300000e+00
   5.3510000e+00   5.1380000e+00   5.1580000e+00   5.2020000e+00   6.1490000e+00   6.4310000e+00
   5.3320000e+00   5.0310000e+00   5.1440000e+00   5.1350000e+00   5.5300000e+00   6.0040000e+00
   5.4790000e+00   5.2000000e+00   5.3350000e+00   5.3230000e+00   4.8810000e+00   5.5690000e+00
   5.7130000e+00   5.5070000e+00   5.5110000e+00   5.4570000e+00   4.7310000e+00   5.5080000e+00
   5.5840000e+00   5.7630000e+00   5.5960000e+00   5.7120000e+00   4.5920000e+00   5.4830000e+00
   4.7000000e+00   4.8190000e+00   4.7340000e+00   4.8580000e+00   4.4980000e+00   5.0940000e+00
   4.9980000e+00   4.9020000e+00   4.9280000e+00   4.9610000e+00   4.5480000e+00   5.0690000e+00
   5.1730000e+00   4.9860000e+00   5.0780000e+00   5.0820000e+00   4.3400000e+00   5.0680000e+00
   5.2290000e+00   5.0900000e+00   5.1780000e+00   5.1920000e+00   4.2240000e+00   4.9180000e+00
   5.3920000e+00   5.2660000e+00   5.3530000e+00   5.3590000e+00   4.2550000e+00   4.5560000e+00
   5.6320000e+00   5.5570000e+00   5.5840000e+00   5.6040000e+00   5.1640000e+00   4.6570000e+00
   5.5800000e+00   5.5170000e+00   5.5620000e+00   5.6080000e+00   5.5180000e+00   4.7970000e+00
   5.3380000e+00   5.3350000e+00   5.3590000e+00   5.4130000e+00   5.5810000e+00   4.9690000e+00
   5.5950000e+00   5.5870000e+00   5.5910000e+00   5.6390000e+00   5.9850000e+00   5.9860000e+00
   5.5700000e+00   5.5870000e+00   5.5870000e+00   5.6430000e+00   6.3410000e+00   6.1500000e+00
   5.6690000e+00   5.7280000e+00   5.6920000e+00   5.7500000e+00   6.5530000e+00   6.2320000e+00
   5.8820000e+00   5.8990000e+00   5.8990000e+00   5.9570000e+00   6.6820000e+00   6.2040000e+00
   5.7680000e+00   5.7810000e+00   5.7810000e+00   5.8360000e+00   6.7230000e+00   6.0630000e+00
   5.7490000e+00   5.8080000e+00   5.7790000e+00   5.8410000e+00   6.1410000e+00   5.1830000e+00
   5.4540000e+00   5.4970000e+00   5.4840000e+00   5.5290000e+00   5.6400000e+00   5.6230000e+00
   5.3060000e+00   5.2970000e+00   5.3020000e+00   5.3250000e+00   5.7330000e+00   5.3350000e+00
   4.9500000e+00   4.9960000e+00   4.9690000e+00   4.9980000e+00   5.4090000e+00   5.1020000e+00
   4.8880000e+00   4.8360000e+00   4.8540000e+00   4.8450000e+00   5.2260000e+00   5.2670000e+00
   4.7830000e+00   4.7280000e+00   4.7600000e+00   4.7460000e+00   5.3290000e+00   5.3780000e+00
   4.7940000e+00   4.8120000e+00   4.7760000e+00   4.7830000e+00   5.2310000e+00   5.1550000e+00
   4.5820000e+00   4.5460000e+00   4.5600000e+00   4.5380000e+00   5.1600000e+00   5.1270000e+00
   4.6080000e+00   4.5380000e+00   4.5960000e+00   4.5870000e+00   5.0430000e+00   5.1160000e+00
   4.6680000e+00   4.5960000e+00   4.6540000e+00   4.6460000e+00   5.1920000e+00   5.3630000e+00
   4.8310000e+00   4.7810000e+00   4.8230000e+00   4.8220000e+00   5.3740000e+00   5.4280000e+00
   4.8790000e+00   4.8470000e+00   4.8800000e+00   4.8870000e+00   5.4670000e+00   5.4550000e+00
   4.8880000e+00   4.8580000e+00   4.8890000e+00   4.8890000e+00   5.5300000e+00   5.3870000e+00
   4.9340000e+00   4.8950000e+00   4.9330000e+00   4.9280000e+00   5.6140000e+00   5.3080000e+00
   4.9590000e+00   4.9050000e+00   4.9640000e+00   4.9590000e+00   5.5450000e+00   5.2280000e+00
   5.1850000e+00   5.1040000e+00   5.1820000e+00   5.1850000e+00   5.3820000e+00   5.1820000e+00
   5.2470000e+00   5.2410000e+00   5.2640000e+00   5.2870000e+00   5.2320000e+00   5.1400000e+00
   5.2030000e+00   5.1920000e+00   5.2140000e+00   5.2260000e+00   5.0190000e+00   5.0430000e+00
   5.2520000e+00   5.2550000e+00   5.2580000e+00   5.2720000e+00   4.9520000e+00   5.0710000e+00
   5.1800000e+00   5.1990000e+00   5.1780000e+00   5.1870000e+00   4.9270000e+00   5.0250000e+00
   5.0790000e+00   5.1130000e+00   5.0820000e+00   5.0920000e+00   4.8940000e+00   4.9230000e+00
   4.9700000e+00   4.9990000e+00   4.9680000e+00   4.9770000e+00   4.8560000e+00   4.8460000e+00
   4.8590000e+00   4.8950000e+00   4.8510000e+00   4.8510000e+00   4.9600000e+00   4.9210000e+00
   4.7260000e+00   4.7590000e+00   4.7180000e+00   4.7130000e+00   5.1120000e+00   4.9590000e+00
   4.5390000e+00   4.5670000e+00   4.5360000e+00   4.5260000e+00   5.0820000e+00   4.9500000e+00
   4.4210000e+00   4.4180000e+00   4.4120000e+00   4.3940000e+00   5.1990000e+00   5.1930000e+00
   4.4530000e+00   4.4220000e+00   4.4350000e+00   4.4130000e+00   5.3870000e+00   5.4300000e+00
   4.4000000e+00   4.3840000e+00   4.3930000e+00   4.3790000e+00   5.4330000e+00   5.4880000e+00
   4.3440000e+00   4.2850000e+00   4.3270000e+00   4.3030000e+00   5.4240000e+00   5.4690000e+00
   4.5050000e+00   4.4490000e+00   4.4830000e+00   4.4630000e+00   5.5050000e+00   5.4970000e+00
   4.4520000e+00   4.4590000e+00   4.4560000e+00   4.4490000e+00   5.5250000e+00   5.4060000e+00
   4.3860000e+00   4.3890000e+00   4.3990000e+00   4.3940000e+00   5.4970000e+00   5.3960000e+00
   4.4750000e+00   4.4620000e+00   4.4910000e+00   4.4910000e+00   5.4920000e+00   5.4420000e+00
   4.5460000e+00   4.5450000e+00   4.5720000e+00   4.5810000e+00   5.3980000e+00   5.3090000e+00
   4.5850000e+00   4.5960000e+00   4.6150000e+00   4.6290000e+00   5.1570000e+00   4.9760000e+00
   4.6760000e+00   4.6930000e+00   4.7010000e+00   4.7180000e+00   4.6710000e+00   4.4280000e+00
   4.7540000e+00   4.7690000e+00   4.7700000e+00   4.7880000e+00   4.4510000e+00   4.1970000e+00
   4.7130000e+00   4.7590000e+00   4.7430000e+00   4.7770000e+00   3.8030000e+00   3.6290000e+00
   4.6020000e+00   4.6650000e+00   4.6330000e+00   4.6820000e+00   3.2770000e+00   3.0600000e+00
   4.5130000e+00   4.5710000e+00   4.5510000e+00   4.5960000e+00   2.9810000e+00   2.7490000e+00
   4.4360000e+00   4.5000000e+00   4.4820000e+00   4.5280000e+00   2.9820000e+00   2.8680000e+00
   4.3610000e+00   4.4080000e+00   4.3990000e+00   4.4360000e+00   3.2900000e+00   3.1590000e+00
   4.3380000e+00   4.3590000e+00   4.3580000e+00   4.3860000e+00   3.3170000e+00   3.1910000e+00
   4.2900000e+00   4.2890000e+00   4.2950000e+00   4.3150000e+00   3.3290000e+00   3.2090000e+00
   4.2670000e+00   4.2540000e+00   4.2650000e+00   4.2840000e+00   3.4010000e+00   3.3070000e+00
   4.2170000e+00   4.1960000e+00   4.2200000e+00   4.2440000e+00   3.4580000e+00   3.3840000e+00
   4.1770000e+00   4.1510000e+00   4.1840000e+00   4.2130000e+00   3.4020000e+00   3.3750000e+00
   4.1590000e+00   4.1130000e+00   4.1570000e+00   4.1840000e+00   3.3550000e+00   3.3430000e+00
   4.1310000e+00   4.0920000e+00   4.1500000e+00   4.1830000e+00   3.3870000e+00   3.4110000e+00
   4.1480000e+00   4.0930000e+00   4.1520000e+00   4.1690000e+00   3.4120000e+00   3.4490000e+00
   4.1950000e+00   4.1150000e+00   4.1740000e+00   4.1790000e+00   3.4270000e+00   3.4820000e+00
   4.2330000e+00   4.1290000e+00   4.1990000e+00   4.1920000e+00   3.4480000e+00   3.5380000e+00
   4.2770000e+00   4.1530000e+00   4.2470000e+00   4.2400000e+00   3.4440000e+00   3.5770000e+00
   4.3380000e+00   4.2030000e+00   4.3010000e+00   4.2840000e+00   3.4770000e+00   3.6260000e+00
   4.3650000e+00   4.2130000e+00   4.3110000e+00   4.2860000e+00   3.5250000e+00   3.6660000e+00
   4.4270000e+00   4.2760000e+00   4.3800000e+00   4.3590000e+00   3.5210000e+00   3.6360000e+00
   4.4890000e+00   4.3270000e+00   4.4430000e+00   4.4210000e+00   3.4860000e+00   3.5610000e+00
   4.5920000e+00   4.4190000e+00   4.5340000e+00   4.5030000e+00   3.4000000e+00   3.4890000e+00
   4.7210000e+00   4.5410000e+00   4.6570000e+00   4.6190000e+00   3.3190000e+00   3.4330000e+00
   4.8390000e+00   4.6500000e+00   4.7600000e+00   4.7160000e+00   3.2550000e+00   3.3880000e+00
   4.9220000e+00   4.7320000e+00   4.8330000e+00   4.7860000e+00   3.3000000e+00   3.3920000e+00
   4.9720000e+00   4.7990000e+00   4.8800000e+00   4.8370000e+00   3.4220000e+00   3.4250000e+00
   4.9540000e+00   4.8180000e+00   4.8810000e+00   4.8500000e+00   3.5540000e+00   3.4680000e+00
   4.9290000e+00   4.7930000e+00   4.8570000e+00   4.8240000e+00   3.6500000e+00   3.5360000e+00
   5.0040000e+00   4.8650000e+00   4.9310000e+00   4.8990000e+00   3.7040000e+00   3.6160000e+00
   5.0470000e+00   4.9120000e+00   4.9770000e+00   4.9400000e+00   3.8200000e+00   3.7100000e+00
   5.0980000e+00   4.9530000e+00   5.0170000e+00   4.9700000e+00   3.8700000e+00   3.7410000e+00
   5.1490000e+00   4.9860000e+00   5.0530000e+00   4.9900000e+00   3.8950000e+00   3.8290000e+00
   5.1890000e+00   4.9980000e+00   5.0770000e+00   5.0060000e+00   3.8780000e+00   3.8210000e+00
   5.2860000e+00   5.0830000e+00   5.1690000e+00   5.1000000e+00   3.9170000e+00   3.8060000e+00
   5.3300000e+00   5.1410000e+00   5.2120000e+00   5.1450000e+00   4.0000000e+00   3.8550000e+00
   5.3190000e+00   5.1550000e+00   5.2140000e+00   5.1540000e+00   4.0400000e+00   3.9450000e+00
   5.3410000e+00   5.2010000e+00   5.2490000e+00   5.1940000e+00   4.0610000e+00   3.9840000e+00
   5.3670000e+00   5.2410000e+00   5.2810000e+00   5.2320000e+00   4.0870000e+00   3.9930000e+00
   5.3470000e+00   5.2480000e+00   5.2790000e+00   5.2390000e+00   4.0900000e+00   4.0160000e+00
   5.3570000e+00   5.2940000e+00   5.3120000e+00   5.2870000e+00   4.1400000e+00   4.1410000e+00
   5.3010000e+00   5.2650000e+00   5.2770000e+00   5.2650000e+00   4.1300000e+00   4.2000000e+00
   5.3430000e+00   5.3130000e+00   5.3240000e+00   5.3170000e+00   4.0670000e+00   4.5580000e+00
   5.3840000e+00   5.3690000e+00   5.3720000e+00   5.3680000e+00   4.0850000e+00   5.0320000e+00
   5.3620000e+00   5.3630000e+00   5.3550000e+00   5.3510000e+00   4.2910000e+00   5.1280000e+00
   5.3070000e+00   5.3030000e+00   5.2940000e+00   5.2830000e+00   4.6260000e+00   5.3210000e+00
   5.2630000e+00   5.2510000e+00   5.2560000e+00   5.2440000e+00   4.9730000e+00   5.6960000e+00
   5.2360000e+00   5.2210000e+00   5.2320000e+00   5.2240000e+00   5.2180000e+00   5.8610000e+00
   5.2780000e+00   5.2610000e+00   5.2650000e+00   5.2550000e+00   5.7040000e+00   5.8140000e+00
   5.2470000e+00   5.2300000e+00   5.2340000e+00   5.2260000e+00   5.9930000e+00   5.8790000e+00
   5.2370000e+00   5.2240000e+00   5.2260000e+00   5.2210000e+00   6.1110000e+00   6.0250000e+00
   5.2150000e+00   5.2000000e+00   5.1960000e+00   5.1850000e+00   6.3640000e+00   6.2410000e+00
   5.1780000e+00   5.1560000e+00   5.1550000e+00   5.1390000e+00   6.6200000e+00   6.3670000e+00
   5.1900000e+00   5.1580000e+00   5.1590000e+00   5.1380000e+00   6.7280000e+00   6.4300000e+00
   5.1090000e+00   5.0920000e+00   5.0920000e+00   5.0770000e+00   6.6610000e+00   6.3750000e+00
   5.0150000e+00   4.9920000e+00   4.9990000e+00   4.9830000e+00   6.6800000e+00   6.3760000e+00
   5.0190000e+00   4.9900000e+00   5.0000000e+00   4.9810000e+00   6.7160000e+00   6.3910000e+00
   4.9840000e+00   4.9550000e+00   4.9720000e+00   4.9570000e+00   6.6790000e+00   6.3330000e+00
   4.9810000e+00   4.9470000e+00   4.9710000e+00   4.9570000e+00   6.6490000e+00   6.2960000e+00
   5.0240000e+00   4.9970000e+00   5.0300000e+00   5.0320000e+00   6.6470000e+00   6.3290000e+00
   5.1380000e+00   5.1320000e+00   5.1560000e+00   5.1610000e+00   6.6020000e+00   6.2860000e+00
   5.2420000e+00   5.2260000e+00   5.2510000e+00   5.2510000e+00   6.5120000e+00   6.1970000e+00
   5.2860000e+00   5.2690000e+00   5.2940000e+00   5.2970000e+00   6.3910000e+00   6.0780000e+00
   5.3710000e+00   5.3640000e+00   5.3820000e+00   5.3850000e+00   6.1840000e+00   5.9700000e+00
   5.4860000e+00   5.4700000e+00   5.4930000e+00   5.4940000e+00   6.0300000e+00   5.8960000e+00
   5.5410000e+00   5.5340000e+00   5.5520000e+00   5.5540000e+00   5.9440000e+00   5.8820000e+00
   5.5870000e+00   5.5850000e+00   5.6060000e+00   5.6130000e+00   5.8220000e+00   5.9110000e+00
   5.6270000e+00   5.6390000e+00   5.6510000e+00   5.6600000e+00   5.8150000e+00   6.0070000e+00
   5.6380000e+00   5.6580000e+00   5.6610000e+00   5.6710000e+00   5.7740000e+00   5.9940000e+00
   5.6420000e+00   5.6740000e+00   5.6710000e+00   5.6860000e+00   5.7480000e+00   5.9980000e+00
   5.5860000e+00   5.6170000e+00   5.6130000e+00   5.6230000e+00   5.7380000e+00   5.9200000e+00
   5.6230000e+00   5.6160000e+00   5.6270000e+00   5.6230000e+00   5.5950000e+00   5.7470000e+00
