   1.3367000e+00   1.2767000e+00   1.2567000e+00   1.2075000e+00   4.2794000e+00   4.2057000e+00
   1.1150000e+00   1.0376000e+00   1.0450000e+00   9.9910000e-01   4.2864000e+00   4.1858000e+00
   1.1558000e+00   1.0521000e+00   1.0616000e+00   9.9980000e-01   4.3052000e+00   4.2262000e+00
   1.0583000e+00   9.3090000e-01   9.4730000e-01   8.7600000e-01   4.1214000e+00   4.2231000e+00
   1.0843000e+00   9.4710000e-01   9.3540000e-01   8.4420000e-01   3.9680000e+00   4.1365000e+00
   1.1842000e+00   1.0720000e+00   1.0778000e+00   1.0189000e+00   3.8041000e+00   4.0983000e+00
   1.0698000e+00   9.7820000e-01   9.6320000e-01   9.0730000e-01   3.6474000e+00   3.8020000e+00
   9.7930000e-01   8.7600000e-01   8.7040000e-01   8.1380000e-01   3.5555000e+00   3.4638000e+00
   8.1950000e-01   6.9120000e-01   6.9760000e-01   6.3560000e-01   3.7048000e+00   3.2227000e+00
   6.0780000e-01   5.0480000e-01   5.1890000e-01   4.8720000e-01   3.6680000e+00   3.2841000e+00
   3.9260000e-01   3.2050000e-01   3.2340000e-01   3.1880000e-01   3.7059000e+00   3.3673000e+00
   2.4850000e-01   2.5010000e-01   2.7300000e-01   3.2100000e-01   3.6346000e+00   3.0781000e+00
   2.0660000e-01   2.2880000e-01   2.8770000e-01   3.5490000e-01   3.4118000e+00   2.8724000e+00
   1.7840000e-01   2.6080000e-01   3.0350000e-01   3.7110000e-01   3.2539000e+00   2.7808000e+00
   3.9820000e-01   5.1530000e-01   4.9980000e-01   5.5030000e-01   3.2245000e+00   2.8069000e+00
   5.8170000e-01   7.0790000e-01   7.1240000e-01   7.8810000e-01   3.1351000e+00   2.6392000e+00
   6.8070000e-01   7.8490000e-01   8.0970000e-01   9.0240000e-01   3.0210000e+00   2.4648000e+00
   6.5890000e-01   7.5280000e-01   7.9740000e-01   8.9950000e-01   2.9829000e+00   2.0001000e+00
   6.1320000e-01   6.9870000e-01   7.4000000e-01   8.4130000e-01   2.9162000e+00   1.7416000e+00
   6.8500000e-01   7.4570000e-01   7.7070000e-01   8.4680000e-01   2.8661000e+00   1.9656000e+00
   8.5560000e-01   9.0460000e-01   9.2680000e-01   9.9900000e-01   2.7635000e+00   2.3369000e+00
   1.0565000e+00   1.0815000e+00   1.1570000e+00   1.2533000e+00   2.4192000e+00   2.8781000e+00
   8.2770000e-01   8.2480000e-01   9.9700000e-01   1.1203000e+00   2.2903000e+00   3.2844000e+00
   9.7420000e-01   1.0073000e+00   1.0411000e+00   1.1056000e+00   2.4174000e+00   3.0603000e+00
   1.3379000e+00   1.3122000e+00   1.3839000e+00   1.4538000e+00   2.2022000e+00   2.4605000e+00
   1.5909000e+00   1.6141000e+00   1.6969000e+00   1.7692000e+00   2.0008000e+00   2.0917000e+00
   1.5458000e+00   1.5986000e+00   1.6407000e+00   1.6749000e+00   2.0698000e+00   1.7128000e+00
   1.5314000e+00   1.6239000e+00   1.6646000e+00   1.6752000e+00   2.3347000e+00   1.6123000e+00
   1.9493000e+00   2.1535000e+00   2.0462000e+00   1.9863000e+00   2.3303000e+00   1.6720000e+00
   1.8854000e+00   2.2542000e+00   2.2828000e+00   2.3794000e+00   2.1809000e+00   1.7451000e+00
   1.7302000e+00   2.1519000e+00   2.1719000e+00   2.2876000e+00   1.9939000e+00   1.7277000e+00
   1.7950000e+00   2.1587000e+00   2.2557000e+00   2.4431000e+00   1.8999000e+00   1.6462000e+00
   1.8971000e+00   2.1021000e+00   2.2311000e+00   2.4225000e+00   1.8348000e+00   1.5666000e+00
   2.1035000e+00   2.1346000e+00   2.2500000e+00   2.3991000e+00   1.7109000e+00   1.4823000e+00
   2.5067000e+00   2.4557000e+00   2.5715000e+00   2.6972000e+00   1.4214000e+00   1.2703000e+00
   2.6269000e+00   2.5721000e+00   2.7346000e+00   2.8418000e+00   1.1500000e+00   1.0775000e+00
   2.9085000e+00   2.9510000e+00   3.0394000e+00   3.1011000e+00   9.0210000e-01   8.1700000e-01
   3.4339000e+00   3.5456000e+00   3.5873000e+00   3.6464000e+00   5.8300000e-01   3.6120000e-01
   4.0339000e+00   4.1244000e+00   4.1262000e+00   4.1789000e+00   4.9480000e-01   2.1610000e-01
   4.6283000e+00   4.5889000e+00   4.6149000e+00   4.6289000e+00   5.5500000e-01   5.1120000e-01
   4.4844000e+00   4.1005000e+00   4.4718000e+00   4.4645000e+00   8.3670000e-01   9.3250000e-01
   3.8115000e+00   3.4593000e+00   3.7178000e+00   3.6070000e+00   1.0843000e+00   1.2357000e+00
   3.9278000e+00   3.6882000e+00   3.7464000e+00   3.6181000e+00   1.2955000e+00   1.4571000e+00
   4.1675000e+00   3.9011000e+00   3.9700000e+00   3.8767000e+00   1.4669000e+00   1.6354000e+00
   4.4041000e+00   4.1644000e+00   4.1849000e+00   4.1203000e+00   1.6788000e+00   1.7920000e+00
   4.7389000e+00   4.4677000e+00   4.4932000e+00   4.4844000e+00   1.9199000e+00   1.8916000e+00
   5.0384000e+00   4.6793000e+00   4.7583000e+00   4.7728000e+00   2.1033000e+00   1.9751000e+00
   5.2354000e+00   4.7965000e+00   4.9155000e+00   4.9324000e+00   2.1637000e+00   2.0568000e+00
   5.3457000e+00   4.9063000e+00   5.0272000e+00   5.0462000e+00   2.1545000e+00   2.1427000e+00
   5.5091000e+00   5.0855000e+00   5.2053000e+00   5.2308000e+00   2.0909000e+00   2.1848000e+00
   5.6870000e+00   5.2786000e+00   5.4041000e+00   5.4262000e+00   2.0335000e+00   2.2184000e+00
   5.8224000e+00   5.4357000e+00   5.5743000e+00   5.5852000e+00   2.0260000e+00   2.2425000e+00
   5.8484000e+00   5.5388000e+00   5.6644000e+00   5.6684000e+00   2.0431000e+00   2.2620000e+00
   5.8531000e+00   5.6268000e+00   5.7438000e+00   5.7612000e+00   2.0750000e+00   2.2867000e+00
   5.9081000e+00   5.7176000e+00   5.8276000e+00   5.8630000e+00   2.0955000e+00   2.2950000e+00
   5.9646000e+00   5.8553000e+00   5.9324000e+00   5.9469000e+00   2.1623000e+00   2.2677000e+00
   5.9787000e+00   5.9526000e+00   6.0054000e+00   6.0252000e+00   2.2764000e+00   2.1808000e+00
   5.9680000e+00   5.9945000e+00   6.0318000e+00   6.0716000e+00   2.4054000e+00   2.0327000e+00
   5.9774000e+00   6.0147000e+00   6.0518000e+00   6.1042000e+00   2.3645000e+00   1.8318000e+00
   5.9894000e+00   5.9823000e+00   6.0362000e+00   6.0827000e+00   2.1451000e+00   1.6111000e+00
   5.9917000e+00   5.9801000e+00   6.0368000e+00   6.0885000e+00   2.0216000e+00   1.4884000e+00
   6.0374000e+00   6.0117000e+00   6.0862000e+00   6.1377000e+00   2.3078000e+00   1.5322000e+00
   6.0667000e+00   6.0322000e+00   6.0966000e+00   6.1379000e+00   3.0475000e+00   1.7022000e+00
   6.0674000e+00   6.0536000e+00   6.0898000e+00   6.1166000e+00   3.7622000e+00   1.9838000e+00
   6.0563000e+00   5.9993000e+00   6.0830000e+00   6.1104000e+00   4.0532000e+00   2.3800000e+00
   5.9984000e+00   5.8942000e+00   5.9866000e+00   5.9787000e+00   3.9996000e+00   2.8093000e+00
   6.0176000e+00   5.8790000e+00   5.9475000e+00   5.9038000e+00   3.8262000e+00   3.1376000e+00
   6.0907000e+00   5.9593000e+00   6.0566000e+00   6.0390000e+00   3.6797000e+00   3.2904000e+00
   6.0468000e+00   5.9911000e+00   6.0811000e+00   6.1013000e+00   4.1194000e+00   3.2513000e+00
   6.0854000e+00   6.1011000e+00   6.0809000e+00   6.0952000e+00   5.1960000e+00   3.0192000e+00
   6.0309000e+00   6.1257000e+00   6.0782000e+00   6.1126000e+00   5.8020000e+00   2.9037000e+00
   5.9876000e+00   6.0850000e+00   6.0323000e+00   6.0667000e+00   5.7227000e+00   3.1517000e+00
   6.1520000e+00   6.1178000e+00   6.1336000e+00   6.1196000e+00   5.4509000e+00   3.3348000e+00
   6.4187000e+00   6.2560000e+00   6.3366000e+00   6.2996000e+00   5.2116000e+00   2.9277000e+00
   6.6061000e+00   6.4389000e+00   6.4766000e+00   6.4170000e+00   4.9078000e+00   2.3583000e+00
   6.5146000e+00   6.4547000e+00   6.3932000e+00   6.3353000e+00   4.6418000e+00   2.5619000e+00
   6.2690000e+00   6.3115000e+00   6.1820000e+00   6.1306000e+00   4.4801000e+00   2.5305000e+00
   6.0123000e+00   6.0978000e+00   5.9371000e+00   5.8774000e+00   5.7258000e+00   2.3102000e+00
   5.8922000e+00   5.9532000e+00   5.8159000e+00   5.7536000e+00   6.2413000e+00   3.3888000e+00
   5.8922000e+00   5.9199000e+00   5.8309000e+00   5.7840000e+00   5.2259000e+00   7.5489000e+00
   5.8913000e+00   5.9277000e+00   5.8568000e+00   5.8283000e+00   4.8218000e+00   8.5579000e+00
   5.9089000e+00   5.9213000e+00   5.8714000e+00   5.8351000e+00   7.3135000e+00   9.0747000e+00
   5.8868000e+00   5.8832000e+00   5.8601000e+00   5.8310000e+00   9.0442000e+00   9.3283000e+00
   5.9505000e+00   5.9470000e+00   5.9200000e+00   5.8832000e+00   9.3981000e+00   9.5406000e+00
   6.0054000e+00   5.9585000e+00   5.9421000e+00   5.8822000e+00   9.4728000e+00   9.6995000e+00
   6.0007000e+00   5.9021000e+00   5.9267000e+00   5.8635000e+00   9.5689000e+00   9.7956000e+00
   6.0384000e+00   5.8895000e+00   5.9311000e+00   5.8513000e+00   9.9225000e+00   9.9168000e+00
   6.0742000e+00   5.9372000e+00   5.9641000e+00   5.8941000e+00   1.0028700e+01   9.9467000e+00
   6.1379000e+00   6.0366000e+00   6.0467000e+00   5.9925000e+00   1.0006600e+01   9.8205000e+00
   6.2632000e+00   6.2194000e+00   6.1783000e+00   6.1229000e+00   1.0016700e+01   9.5593000e+00
   6.2880000e+00   6.3015000e+00   6.2626000e+00   6.2205000e+00   9.9158000e+00   9.3440000e+00
   6.3030000e+00   6.2891000e+00   6.2780000e+00   6.2530000e+00   9.7107000e+00   9.2413000e+00
   6.3290000e+00   6.3204000e+00   6.2806000e+00   6.2285000e+00   9.5245000e+00   9.2238000e+00
   6.3538000e+00   6.3256000e+00   6.2587000e+00   6.1660000e+00   9.3511000e+00   9.2625000e+00
   6.3598000e+00   6.2977000e+00   6.2448000e+00   6.1439000e+00   9.2649000e+00   9.2735000e+00
   6.2818000e+00   6.2133000e+00   6.1794000e+00   6.0973000e+00   9.2436000e+00   9.1952000e+00
   6.0735000e+00   6.0198000e+00   5.9876000e+00   5.9221000e+00   9.0984000e+00   9.0662000e+00
   5.8772000e+00   5.8150000e+00   5.7922000e+00   5.7350000e+00   8.8457000e+00   9.0073000e+00
   5.7542000e+00   5.7105000e+00   5.6647000e+00   5.6252000e+00   8.6675000e+00   8.9794000e+00
   5.6031000e+00   5.5743000e+00   5.5167000e+00   5.4771000e+00   8.4894000e+00   8.8898000e+00
   5.4713000e+00   5.4364000e+00   5.3877000e+00   5.3316000e+00   8.3420000e+00   8.6887000e+00
   5.4621000e+00   5.4216000e+00   5.3845000e+00   5.3317000e+00   8.1912000e+00   8.3924000e+00
   5.5060000e+00   5.4891000e+00   5.4316000e+00   5.3948000e+00   7.9879000e+00   8.1356000e+00
   5.5646000e+00   5.5521000e+00   5.4744000e+00   5.4546000e+00   7.8931000e+00   8.0610000e+00
   5.6711000e+00   5.5615000e+00   5.5126000e+00   5.4496000e+00   7.8779000e+00   8.0604000e+00
   5.8345000e+00   5.6879000e+00   5.6476000e+00   5.5430000e+00   7.7909000e+00   8.0223000e+00
   5.9154000e+00   5.8009000e+00   5.7449000e+00   5.6388000e+00   7.7312000e+00   7.9714000e+00
   5.8707000e+00   5.8269000e+00   5.7379000e+00   5.6608000e+00   7.6965000e+00   7.9513000e+00
   5.7957000e+00   5.7732000e+00   5.6675000e+00   5.5917000e+00   7.6538000e+00   7.8133000e+00
   5.6445000e+00   5.6058000e+00   5.5047000e+00   5.4188000e+00   7.5413000e+00   7.5712000e+00
   5.4074000e+00   5.3826000e+00   5.2687000e+00   5.1953000e+00   7.4154000e+00   7.4417000e+00
   5.1838000e+00   5.1928000e+00   5.0606000e+00   5.0077000e+00   7.3225000e+00   7.3978000e+00
   5.0153000e+00   5.0341000e+00   4.9044000e+00   4.8487000e+00   7.2365000e+00   7.3004000e+00
   4.8981000e+00   4.9151000e+00   4.7980000e+00   4.7389000e+00   7.1498000e+00   7.1007000e+00
   4.7395000e+00   4.7767000e+00   4.6642000e+00   4.6179000e+00   7.0444000e+00   6.9012000e+00
   4.5014000e+00   4.5525000e+00   4.4396000e+00   4.4016000e+00   6.8856000e+00   6.7555000e+00
   4.2659000e+00   4.3271000e+00   4.2054000e+00   4.1727000e+00   6.4024000e+00   6.3705000e+00
   4.0594000e+00   4.1343000e+00   3.9986000e+00   3.9759000e+00   5.9275000e+00   6.0408000e+00
   3.8918000e+00   3.9366000e+00   3.8063000e+00   3.7644000e+00   5.6218000e+00   5.7531000e+00
   3.6233000e+00   3.7171000e+00   3.5995000e+00   3.5518000e+00   5.0135000e+00   5.1117000e+00
   3.1367000e+00   3.4380000e+00   3.3392000e+00   3.3626000e+00   4.1913000e+00   4.3037000e+00
   2.5896000e+00   3.0173000e+00   2.9627000e+00   3.0945000e+00   3.7983000e+00   3.8334000e+00
   2.1805000e+00   2.5759000e+00   2.5669000e+00   2.7417000e+00   3.5703000e+00   3.5143000e+00
   1.8905000e+00   2.2240000e+00   2.2360000e+00   2.3973000e+00   3.3906000e+00   3.3146000e+00
   1.6266000e+00   1.9211000e+00   1.9456000e+00   2.0864000e+00   3.4108000e+00   3.5000000e+00
   1.3534000e+00   1.6273000e+00   1.6532000e+00   1.7808000e+00   3.6480000e+00   3.6812000e+00
   1.1032000e+00   1.3835000e+00   1.4159000e+00   1.5365000e+00   3.6198000e+00   3.6637000e+00
   8.1090000e-01   1.1373000e+00   1.1735000e+00   1.3235000e+00   3.5661000e+00   3.6557000e+00
   4.1330000e-01   7.6460000e-01   8.0810000e-01   1.0036000e+00   3.5964000e+00   3.6955000e+00
   9.1000000e-02   4.3300000e-01   4.5190000e-01   6.8430000e-01   3.5409000e+00   3.6737000e+00
   3.3920000e-01   3.2100000e-01   2.7720000e-01   4.7770000e-01   3.4679000e+00   3.6590000e+00
   7.1790000e-01   4.3920000e-01   3.7450000e-01   3.8320000e-01   3.4441000e+00   3.6874000e+00
   1.0719000e+00   7.2800000e-01   6.5640000e-01   4.8530000e-01   3.4756000e+00   3.7635000e+00
   1.3942000e+00   1.0384000e+00   9.6810000e-01   7.1870000e-01   3.6255000e+00   3.9041000e+00
   1.6630000e+00   1.3118000e+00   1.2162000e+00   9.1210000e-01   3.8538000e+00   4.1025000e+00
   1.9758000e+00   1.6071000e+00   1.5053000e+00   1.1975000e+00   4.1264000e+00   4.3665000e+00
   2.2424000e+00   1.7731000e+00   1.7194000e+00   1.4260000e+00   4.3677000e+00   4.5996000e+00
   2.4337000e+00   1.8947000e+00   1.8598000e+00   1.5950000e+00   4.6433000e+00   4.8312000e+00
   2.5751000e+00   2.0188000e+00   2.0151000e+00   1.7985000e+00   4.9601000e+00   5.0735000e+00
   2.7046000e+00   2.1634000e+00   2.1950000e+00   2.0096000e+00   5.2679000e+00   5.3248000e+00
   2.8443000e+00   2.3569000e+00   2.4029000e+00   2.2366000e+00   5.5349000e+00   5.5823000e+00
   2.9871000e+00   2.5427000e+00   2.6149000e+00   2.4536000e+00   5.7859000e+00   5.9119000e+00
   3.1591000e+00   2.7738000e+00   2.8615000e+00   2.7123000e+00   6.0067000e+00   6.2906000e+00
   3.3981000e+00   3.0980000e+00   3.1782000e+00   3.0505000e+00   6.0726000e+00   6.5111000e+00
   3.7386000e+00   3.4827000e+00   3.5643000e+00   3.4535000e+00   6.2574000e+00   6.6365000e+00
   4.0788000e+00   3.8197000e+00   3.9251000e+00   3.8234000e+00   6.5675000e+00   6.8015000e+00
   4.3696000e+00   4.0959000e+00   4.2221000e+00   4.1206000e+00   6.9890000e+00   7.0632000e+00
   4.6213000e+00   4.3527000e+00   4.4848000e+00   4.3907000e+00   7.5010000e+00   7.5177000e+00
   4.8233000e+00   4.5959000e+00   4.7127000e+00   4.6270000e+00   7.9743000e+00   8.1825000e+00
   5.0503000e+00   4.9482000e+00   5.0018000e+00   4.9473000e+00   8.3167000e+00   8.1753000e+00
   5.4922000e+00   5.6380000e+00   5.5426000e+00   5.5578000e+00   8.2954000e+00   8.3087000e+00
   6.4728000e+00   6.8785000e+00   6.6105000e+00   6.7184000e+00   8.3012000e+00   8.5750000e+00
   7.5765000e+00   7.6138000e+00   7.5394000e+00   7.5824000e+00   8.0580000e+00   8.6613000e+00
   7.8342000e+00   7.6947000e+00   7.7674000e+00   7.7788000e+00   7.7622000e+00   8.4855000e+00
   7.7745000e+00   7.6403000e+00   7.7188000e+00   7.7077000e+00   7.5820000e+00   8.4764000e+00
   7.6904000e+00   7.6604000e+00   7.6732000e+00   7.6694000e+00   7.2317000e+00   8.6680000e+00
   7.6887000e+00   7.6884000e+00   7.6903000e+00   7.6971000e+00   7.2233000e+00   9.0851000e+00
   7.6795000e+00   7.6715000e+00   7.6823000e+00   7.6852000e+00   7.5858000e+00   8.7747000e+00
   7.6536000e+00   7.6050000e+00   7.6534000e+00   7.6547000e+00   7.6388000e+00   8.8405000e+00
   7.6441000e+00   7.5992000e+00   7.6511000e+00   7.6444000e+00   8.5859000e+00   9.2806000e+00
   7.5977000e+00   7.5552000e+00   7.6115000e+00   7.5993000e+00   9.4093000e+00   9.7367000e+00
   7.5694000e+00   7.5115000e+00   7.5646000e+00   7.5480000e+00   9.5145000e+00   1.0097200e+01
   7.6256000e+00   7.5844000e+00   7.5977000e+00   7.5730000e+00   9.8029000e+00   1.0478400e+01
   7.6938000e+00   7.6373000e+00   7.6499000e+00   7.6147000e+00   1.0578300e+01   1.0977600e+01
   7.6957000e+00   7.6033000e+00   7.6260000e+00   7.6043000e+00   1.1251200e+01   1.1244900e+01
   7.6076000e+00   7.5002000e+00   7.5547000e+00   7.5372000e+00   1.1546000e+01   1.1525200e+01
   7.5532000e+00   7.4346000e+00   7.5037000e+00   7.4797000e+00   1.1442500e+01   1.1806000e+01
   7.5530000e+00   7.4258000e+00   7.4976000e+00   7.4659000e+00   1.1405000e+01   1.2315400e+01
   7.6059000e+00   7.4479000e+00   7.5189000e+00   7.4632000e+00   1.1348400e+01   1.2502200e+01
   7.6722000e+00   7.5040000e+00   7.5560000e+00   7.4846000e+00   1.1483900e+01   1.2339000e+01
   7.6000000e+00   7.5018000e+00   7.4937000e+00   7.4080000e+00   1.1667800e+01   1.1968800e+01
   7.5187000e+00   7.4341000e+00   7.4206000e+00   7.3231000e+00   1.1797800e+01   1.1660700e+01
   7.5326000e+00   7.2964000e+00   7.3874000e+00   7.2627000e+00   1.1444700e+01   1.1497300e+01
   7.5028000e+00   7.2239000e+00   7.3563000e+00   7.2206000e+00   1.1029600e+01   1.1183500e+01
   7.3847000e+00   7.2752000e+00   7.3210000e+00   7.2224000e+00   1.0854900e+01   1.0926400e+01
   7.4022000e+00   7.4967000e+00   7.3895000e+00   7.3389000e+00   1.0584300e+01   1.0666800e+01
   7.5427000e+00   7.6953000e+00   7.5421000e+00   7.5298000e+00   9.9948000e+00   1.0217300e+01
   7.6263000e+00   7.7651000e+00   7.6207000e+00   7.6267000e+00   9.5729000e+00   9.9119000e+00
   7.6361000e+00   7.7345000e+00   7.6242000e+00   7.6292000e+00   9.3229000e+00   9.7420000e+00
   7.5646000e+00   7.5718000e+00   7.5294000e+00   7.5174000e+00   8.8925000e+00   9.3210000e+00
   7.5025000e+00   7.3442000e+00   7.3825000e+00   7.2964000e+00   8.4718000e+00   8.7652000e+00
   7.3313000e+00   7.0225000e+00   7.2221000e+00   7.0874000e+00   8.2511000e+00   8.1726000e+00
   7.3682000e+00   6.7956000e+00   7.1154000e+00   6.9519000e+00   8.2149000e+00   7.7535000e+00
   7.1036000e+00   6.7208000e+00   6.8749000e+00   6.7131000e+00   8.3457000e+00   7.5007000e+00
   6.8588000e+00   6.4364000e+00   6.6080000e+00   6.4282000e+00   8.5066000e+00   7.3985000e+00
   6.8957000e+00   6.3205000e+00   6.5626000e+00   6.3418000e+00   8.6315000e+00   7.6192000e+00
   6.9671000e+00   6.4387000e+00   6.6361000e+00   6.4159000e+00   8.6814000e+00   7.9870000e+00
   6.6511000e+00   6.4610000e+00   6.4760000e+00   6.3651000e+00   8.7041000e+00   8.2353000e+00
   6.1873000e+00   6.0562000e+00   6.0239000e+00   5.9201000e+00   8.8572000e+00   8.2857000e+00
   5.8993000e+00   5.7019000e+00   5.7269000e+00   5.5939000e+00   9.2637000e+00   8.5076000e+00
   5.8201000e+00   5.5032000e+00   5.6140000e+00   5.4613000e+00   9.5435000e+00   8.8700000e+00
   5.8721000e+00   5.5874000e+00   5.6776000e+00   5.5547000e+00   9.6328000e+00   9.1664000e+00
   5.8616000e+00   5.7630000e+00   5.7624000e+00   5.7146000e+00   9.7152000e+00   9.4801000e+00
   5.8018000e+00   5.6988000e+00   5.7116000e+00   5.6681000e+00   9.8906000e+00   9.7347000e+00
   5.8381000e+00   5.6556000e+00   5.7373000e+00   5.6601000e+00   1.0251000e+01   9.9371000e+00
   5.8852000e+00   5.7761000e+00   5.8152000e+00   5.7603000e+00   1.0715800e+01   1.0134800e+01
   5.9292000e+00   5.8635000e+00   5.9576000e+00   5.9706000e+00   1.0959800e+01   1.0375800e+01
   5.9112000e+00   5.8183000e+00   5.9498000e+00   5.9543000e+00   1.1098600e+01   1.0597100e+01
   6.1062000e+00   6.0022000e+00   6.0391000e+00   5.9628000e+00   1.1179800e+01   1.0567500e+01
   6.6884000e+00   6.6015000e+00   6.4809000e+00   6.3287000e+00   1.1343500e+01   1.0234600e+01
   7.1287000e+00   7.1379000e+00   6.9515000e+00   6.8427000e+00   1.1282600e+01   9.9182000e+00
   7.2735000e+00   7.2671000e+00   7.1382000e+00   7.0829000e+00   1.1045400e+01   9.8202000e+00
   7.4237000e+00   7.2163000e+00   7.2285000e+00   7.1310000e+00   1.0789300e+01   9.8509000e+00
   7.5682000e+00   7.2916000e+00   7.3482000e+00   7.2210000e+00   1.0529300e+01   9.9733000e+00
   7.7217000e+00   7.4228000e+00   7.5019000e+00   7.3649000e+00   1.0594000e+01   1.0085500e+01
   7.9240000e+00   7.5504000e+00   7.6639000e+00   7.4983000e+00   1.0782800e+01   1.0433500e+01
   8.1858000e+00   7.7296000e+00   7.8662000e+00   7.6619000e+00   1.0968600e+01   1.0758000e+01
   8.4187000e+00   7.9258000e+00   8.1081000e+00   7.9166000e+00   1.1331700e+01   1.1084300e+01
   8.6806000e+00   8.2273000e+00   8.3866000e+00   8.2211000e+00   1.1776700e+01   1.1253800e+01
   8.7621000e+00   8.5597000e+00   8.6211000e+00   8.5605000e+00   1.1892200e+01   1.1159700e+01
   8.1021000e+00   8.5877000e+00   8.3520000e+00   8.5333000e+00   1.1677900e+01   1.1095600e+01
   7.8777000e+00   7.9824000e+00   7.9540000e+00   7.9880000e+00   1.1373200e+01   1.1105100e+01
   7.8847000e+00   8.0250000e+00   7.9853000e+00   8.0225000e+00   1.1249300e+01   1.1093000e+01
   7.7552000e+00   7.8956000e+00   7.9034000e+00   7.9591000e+00   1.1096000e+01   1.0980900e+01
   7.3695000e+00   7.5302000e+00   7.5520000e+00   7.6400000e+00   1.0326800e+01   1.0459900e+01
   7.0810000e+00   7.0886000e+00   7.1337000e+00   7.2210000e+00   9.1587000e+00   9.5200000e+00
   7.0934000e+00   6.9593000e+00   7.0717000e+00   7.0912000e+00   8.2467000e+00   8.7613000e+00
   7.3727000e+00   7.2686000e+00   7.3384000e+00   7.3766000e+00   8.6143000e+00   9.0625000e+00
   7.4427000e+00   7.4031000e+00   7.4273000e+00   7.5197000e+00   8.6010000e+00   8.9377000e+00
   7.5565000e+00   7.5323000e+00   7.5089000e+00   7.6146000e+00   8.4153000e+00   8.7345000e+00
   7.5699000e+00   7.5625000e+00   7.5831000e+00   7.7344000e+00   8.5566000e+00   9.0706000e+00
   8.0226000e+00   8.0223000e+00   7.9804000e+00   8.0950000e+00   8.8622000e+00   9.4279000e+00
   8.5113000e+00   8.6247000e+00   8.5569000e+00   8.6917000e+00   8.9965000e+00   9.7935000e+00
   8.9696000e+00   9.0920000e+00   9.0255000e+00   9.1329000e+00   9.3144000e+00   1.0237800e+01
   9.3257000e+00   9.3230000e+00   9.3212000e+00   9.3856000e+00   1.0062000e+01   1.0752500e+01
   9.5458000e+00   9.4298000e+00   9.4766000e+00   9.5170000e+00   1.0460000e+01   1.1399400e+01
   9.7044000e+00   9.5520000e+00   9.6587000e+00   9.7209000e+00   1.1438800e+01   1.2003400e+01
   9.9078000e+00   9.7690000e+00   9.8991000e+00   9.9717000e+00   1.2016200e+01   1.2837000e+01
   1.0128300e+01   1.0027400e+01   1.0106600e+01   1.0178600e+01   1.3146600e+01   1.3099000e+01
   1.0302700e+01   1.0198500e+01   1.0215800e+01   1.0263900e+01   1.3397100e+01   1.3160300e+01
   1.0837200e+01   1.0697500e+01   1.0749000e+01   1.0783300e+01   1.3381800e+01   1.4325700e+01
   1.1196900e+01   1.1261200e+01   1.1187400e+01   1.1270400e+01   1.4800300e+01   1.4826500e+01
   1.1315100e+01   1.1475900e+01   1.1308900e+01   1.1369700e+01   1.5039900e+01   1.5902200e+01
   1.1479300e+01   1.1524500e+01   1.1389700e+01   1.1414200e+01   1.5680600e+01   1.7564100e+01
   1.1682300e+01   1.1797800e+01   1.1644800e+01   1.1784900e+01   1.7757600e+01   1.7581000e+01
   1.1605000e+01   1.2089800e+01   1.1776000e+01   1.1997800e+01   1.7984700e+01   1.7161300e+01
   1.1440300e+01   1.2060400e+01   1.1641100e+01   1.1752800e+01   1.7196200e+01   1.7625500e+01
   1.1372100e+01   1.1750300e+01   1.1484500e+01   1.1460900e+01   1.6804800e+01   1.7012900e+01
   1.1574300e+01   1.1317900e+01   1.1448700e+01   1.1293800e+01   1.6820300e+01   1.6709900e+01
   1.2039900e+01   1.1119900e+01   1.1477000e+01   1.1315300e+01   1.6746600e+01   1.6863200e+01
   1.2193600e+01   1.1105300e+01   1.1556700e+01   1.1530700e+01   1.6888500e+01   1.7269100e+01
   1.2616800e+01   1.1874700e+01   1.2460700e+01   1.2837400e+01   1.7575000e+01   1.8011200e+01
   1.2901900e+01   1.3014700e+01   1.3034800e+01   1.3243000e+01   1.8252300e+01   1.8388900e+01
   1.2622400e+01   1.2602200e+01   1.2649900e+01   1.2673800e+01   1.8523700e+01   1.8088100e+01
   1.3852500e+01   1.2731200e+01   1.3428000e+01   1.3280100e+01   1.8123100e+01   1.7506900e+01
   1.6130400e+01   1.5000700e+01   1.5545800e+01   1.5627100e+01   1.7339400e+01   1.7219800e+01
   1.4285200e+01   1.4706200e+01   1.4502100e+01   1.4924600e+01   1.6708000e+01   1.7034300e+01
   1.2866700e+01   1.3762200e+01   1.3230400e+01   1.3493500e+01   1.6467600e+01   1.6915200e+01
   1.2552400e+01   1.3009400e+01   1.2545900e+01   1.2452000e+01   1.6412400e+01   1.6950900e+01
   1.4351900e+01   1.3985800e+01   1.3817500e+01   1.3486800e+01   1.6539300e+01   1.6934500e+01
   1.5619300e+01   1.5173400e+01   1.5446900e+01   1.5403900e+01   1.6600500e+01   1.6897800e+01
   1.5645800e+01   1.5704100e+01   1.5798600e+01   1.6021800e+01   1.6544300e+01   1.6900300e+01
   1.5312300e+01   1.5636500e+01   1.5610400e+01   1.5952900e+01   1.6305000e+01   1.6335400e+01
   1.5003600e+01   1.5396900e+01   1.5254000e+01   1.5514800e+01   1.5352500e+01   1.5527200e+01
   1.4601800e+01   1.5165700e+01   1.4891900e+01   1.5157700e+01   1.4764400e+01   1.5424900e+01
   1.4449800e+01   1.4863100e+01   1.4694200e+01   1.4816700e+01   1.4701900e+01   1.5401800e+01
   1.5067500e+01   1.5350500e+01   1.5087600e+01   1.4876500e+01   1.4904700e+01   1.5639000e+01
   1.5070400e+01   1.4969700e+01   1.4977700e+01   1.4839400e+01   1.4867800e+01   1.5711700e+01
   1.5258900e+01   1.5058900e+01   1.5231800e+01   1.5208700e+01   1.4922400e+01   1.5712200e+01
   1.5177600e+01   1.5107800e+01   1.5215900e+01   1.5283800e+01   1.4575100e+01   1.5692600e+01
   1.4967300e+01   1.4938100e+01   1.4978000e+01   1.5021500e+01   1.4292900e+01   1.5974000e+01
   1.4392600e+01   1.4616100e+01   1.4652000e+01   1.4732700e+01   1.4373600e+01   1.6065700e+01
   1.3434000e+01   1.3554300e+01   1.3755200e+01   1.4109500e+01   1.4440000e+01   1.6183400e+01
   1.3814000e+01   1.3909100e+01   1.3695800e+01   1.3670700e+01   1.4506000e+01   1.6456700e+01
   1.3344800e+01   1.3873600e+01   1.3623800e+01   1.3793300e+01   1.4717400e+01   1.6689600e+01
   1.3569400e+01   1.4084900e+01   1.3735200e+01   1.3572200e+01   1.4798100e+01   1.6852100e+01
   1.3452100e+01   1.3684200e+01   1.3760100e+01   1.3967900e+01   1.4852700e+01   1.6960800e+01
   1.3792000e+01   1.3715100e+01   1.3855200e+01   1.3899600e+01   1.4758900e+01   1.7057300e+01
   1.4157000e+01   1.4184600e+01   1.4296700e+01   1.4366400e+01   1.4613800e+01   1.6955800e+01
   1.4450600e+01   1.4631400e+01   1.4641000e+01   1.4774800e+01   1.4477400e+01   1.6893700e+01
   1.4560300e+01   1.4805800e+01   1.4751600e+01   1.4877700e+01   1.4413100e+01   1.6739800e+01
   1.4711800e+01   1.4754800e+01   1.4852000e+01   1.4952700e+01   1.4467300e+01   1.6511400e+01
   1.4869000e+01   1.4854900e+01   1.5027600e+01   1.5121600e+01   1.4549100e+01   1.6248400e+01
   1.5031600e+01   1.4862900e+01   1.5111000e+01   1.5149100e+01   1.4590900e+01   1.5983400e+01
   1.4972400e+01   1.4822800e+01   1.5058000e+01   1.5090100e+01   1.4618800e+01   1.5685100e+01
   1.4938900e+01   1.4711000e+01   1.5028200e+01   1.5061600e+01   1.4663300e+01   1.5513000e+01
   1.4982300e+01   1.4760000e+01   1.5048400e+01   1.5063600e+01   1.4703300e+01   1.5487500e+01
   1.5216400e+01   1.4898200e+01   1.5226300e+01   1.5199900e+01   1.4834200e+01   1.5542200e+01
   1.5369200e+01   1.5178400e+01   1.5436600e+01   1.5437700e+01   1.4973800e+01   1.5641300e+01
   1.5287300e+01   1.5262600e+01   1.5442900e+01   1.5489500e+01   1.5018600e+01   1.5676600e+01
   1.5121600e+01   1.5150600e+01   1.5301100e+01   1.5381600e+01   1.5055900e+01   1.5617000e+01
   1.5105800e+01   1.5186900e+01   1.5239400e+01   1.5286300e+01   1.4965600e+01   1.5570500e+01
   1.4905000e+01   1.5049500e+01   1.5060700e+01   1.5102200e+01   1.4939200e+01   1.5480200e+01
   1.4741400e+01   1.4880300e+01   1.4917800e+01   1.4971700e+01   1.4866400e+01   1.5492300e+01
   1.4608000e+01   1.4750800e+01   1.4760700e+01   1.4817000e+01   1.4847900e+01   1.5501800e+01
   1.4406800e+01   1.4457700e+01   1.4529500e+01   1.4564500e+01   1.4898200e+01   1.5535700e+01
   1.4419600e+01   1.4332300e+01   1.4518400e+01   1.4540900e+01   1.4868000e+01   1.5459500e+01
   1.4821300e+01   1.4593300e+01   1.4898900e+01   1.4922800e+01   1.4890800e+01   1.5413200e+01
   1.5386100e+01   1.5165800e+01   1.5469200e+01   1.5520200e+01   1.4904600e+01   1.5334400e+01
   1.5700700e+01   1.5633600e+01   1.5872400e+01   1.5990100e+01   1.4374800e+01   1.5143700e+01
   1.5724200e+01   1.5886800e+01   1.6013500e+01   1.6208600e+01   1.4090500e+01   1.4822600e+01
   1.5423000e+01   1.5631000e+01   1.5685800e+01   1.5898400e+01   1.3841500e+01   1.4427900e+01
   1.5414400e+01   1.5599400e+01   1.5670000e+01   1.5918100e+01   1.3010300e+01   1.3611700e+01
   1.5273200e+01   1.5331000e+01   1.5371400e+01   1.5563400e+01   1.1445500e+01   1.1265700e+01
   1.5254700e+01   1.5183700e+01   1.5163700e+01   1.5253100e+01   1.2668400e+01   9.1138000e+00
   1.5881100e+01   1.5664300e+01   1.5598800e+01   1.5553400e+01   1.3608000e+01   1.0563400e+01
   1.6171900e+01   1.5940400e+01   1.5955400e+01   1.5904600e+01   1.4253700e+01   6.0452000e+00
   1.5704100e+01   1.5444500e+01   1.5583800e+01   1.5601000e+01   1.4060700e+01   5.1283000e+00
   1.5369400e+01   1.5265000e+01   1.5231400e+01   1.5237600e+01   1.3041200e+01   5.4129000e+00
   1.4984900e+01   1.5032000e+01   1.5006500e+01   1.5046500e+01   1.1293700e+01   6.4799000e+00
   1.4517300e+01   1.4732700e+01   1.4727000e+01   1.4789700e+01   1.0494800e+01   7.2202000e+00
   1.3038800e+01   1.3539400e+01   1.3559500e+01   1.3785100e+01   1.0019500e+01   7.8921000e+00
   1.0375800e+01   1.1523000e+01   1.1103700e+01   1.1425500e+01   9.6821000e+00   8.4027000e+00
   4.6546000e+00   5.5735000e+00   6.8336000e+00   8.3009000e+00   9.3811000e+00   8.8196000e+00
   5.1155000e+00   5.9766000e+00   5.1739000e+00   5.1857000e+00   9.1626000e+00   9.3139000e+00
   5.6250000e+00   5.7965000e+00   4.4385000e+00   3.9370000e+00   9.3950000e+00   9.6720000e+00
   6.2657000e+00   6.1259000e+00   7.2335000e+00   7.7040000e+00   8.8058000e+00   9.5390000e+00
   4.8003000e+00   3.7942000e+00   5.8098000e+00   6.5920000e+00   9.1068000e+00   1.0031200e+01
   5.6337000e+00   5.3043000e+00   5.9233000e+00   5.9910000e+00   9.1188000e+00   9.6321000e+00
   7.6304000e+00   7.1365000e+00   7.4989000e+00   7.1535000e+00   9.0748000e+00   9.5950000e+00
   7.8800000e+00   7.7376000e+00   7.4845000e+00   6.9374000e+00   8.8402000e+00   9.4286000e+00
   8.2341000e+00   7.6504000e+00   7.6287000e+00   7.1333000e+00   8.0132000e+00   8.7647000e+00
   9.7039000e+00   8.9653000e+00   9.4211000e+00   8.8507000e+00   8.6714000e+00   8.6302000e+00
   1.0096200e+01   1.0269500e+01   1.0196100e+01   9.8119000e+00   9.2005000e+00   1.0084400e+01
   1.1090600e+01   1.0986000e+01   1.1037700e+01   1.0805900e+01   9.4924000e+00   1.0583100e+01
   1.2066100e+01   1.2201200e+01   1.2088000e+01   1.1905200e+01   9.6695000e+00   1.0753300e+01
   1.2382800e+01   1.2773100e+01   1.2422900e+01   1.2320600e+01   9.4574000e+00   1.0573600e+01
   1.2419000e+01   1.2849400e+01   1.2693700e+01   1.2614800e+01   9.3255000e+00   1.0347800e+01
   1.2192300e+01   1.2736400e+01   1.2489200e+01   1.2384200e+01   9.3396000e+00   9.9970000e+00
   1.2213800e+01   1.2602100e+01   1.2539400e+01   1.2507000e+01   9.2621000e+00   9.5880000e+00
   1.2205300e+01   1.2250900e+01   1.2541800e+01   1.2676100e+01   9.1678000e+00   9.4060000e+00
   1.2225400e+01   1.2320900e+01   1.2528700e+01   1.2729100e+01   9.1740000e+00   9.2862000e+00
   1.2005300e+01   1.2121700e+01   1.2344400e+01   1.2583900e+01   9.1969000e+00   9.2654000e+00
   1.1975700e+01   1.2244700e+01   1.2387600e+01   1.2667900e+01   9.2774000e+00   9.4599000e+00
   1.1448600e+01   1.1649100e+01   1.1926400e+01   1.2318400e+01   9.3643000e+00   9.6838000e+00
   1.1475700e+01   1.1380500e+01   1.1449700e+01   1.1569400e+01   9.1918000e+00   9.8419000e+00
   1.0846500e+01   1.1227600e+01   1.1284700e+01   1.1486400e+01   9.3194000e+00   9.8370000e+00
   1.0304900e+01   1.0283700e+01   1.0750400e+01   1.0983300e+01   1.0285000e+01   9.7305000e+00
   9.4880000e+00   9.3392000e+00   9.5326000e+00   9.8103000e+00   1.0673700e+01   1.0028300e+01
   9.9501000e+00   9.5161000e+00   9.3859000e+00   9.3136000e+00   1.0551700e+01   1.0356800e+01
   1.0428100e+01   1.0337800e+01   1.0124100e+01   9.8783000e+00   1.0645100e+01   1.0921200e+01
   1.0613400e+01   1.0218300e+01   1.0346000e+01   1.0328000e+01   1.0960800e+01   1.1166800e+01
   1.1519300e+01   1.1676800e+01   1.1193100e+01   1.1012400e+01   1.1511900e+01   1.1357200e+01
   1.1369500e+01   1.1415600e+01   1.1130500e+01   1.1213100e+01   1.1734600e+01   1.1358700e+01
   1.1006600e+01   1.1029000e+01   1.1021200e+01   1.1054100e+01   1.1350300e+01   1.1527500e+01
   1.0909200e+01   1.0283700e+01   1.0391700e+01   1.0315200e+01   1.1127200e+01   1.1526800e+01
   1.1542400e+01   1.2843700e+01   1.1697100e+01   1.1834900e+01   1.1203200e+01   1.1455300e+01
   1.2840700e+01   1.2656800e+01   1.2036600e+01   1.1517000e+01   1.1358100e+01   1.1386200e+01
   1.2995200e+01   1.2651300e+01   1.2176800e+01   1.2244800e+01   1.1573500e+01   1.1479800e+01
   1.2977100e+01   1.3111500e+01   1.3450000e+01   1.3903100e+01   1.1823000e+01   1.1882600e+01
   1.2471400e+01   1.2532900e+01   1.2332800e+01   1.2265500e+01   1.1850100e+01   1.2131000e+01
   1.2131300e+01   1.1905400e+01   1.1931100e+01   1.1897600e+01   1.2022600e+01   1.2271200e+01
   1.2131000e+01   1.1941000e+01   1.1924000e+01   1.1849000e+01   1.2215600e+01   1.2337900e+01
   1.2065700e+01   1.2018700e+01   1.2101600e+01   1.2112700e+01   1.2216200e+01   1.2263400e+01
   1.1514800e+01   1.1471200e+01   1.1689400e+01   1.1820700e+01   1.2242000e+01   1.2526300e+01
   1.1079900e+01   1.1019300e+01   1.1218400e+01   1.1307700e+01   1.2459600e+01   1.2301100e+01
   1.2018800e+01   1.1840500e+01   1.1673500e+01   1.1178500e+01   1.1892100e+01   1.1640800e+01
   1.1091100e+01   1.0528800e+01   1.1256500e+01   1.1310800e+01   1.1327700e+01   1.1382600e+01
   1.1031900e+01   1.4733100e+01   1.3030800e+01   1.4348000e+01   1.1503200e+01   1.1517200e+01
   1.2410700e+01   1.3614700e+01   1.3642100e+01   1.4099000e+01   1.1271400e+01   1.0665300e+01
   1.1873400e+01   1.3273100e+01   1.3282700e+01   1.3532600e+01   1.0130900e+01   1.0379700e+01
   1.2162800e+01   1.3315700e+01   1.3076500e+01   1.3236200e+01   9.6181000e+00   1.0378400e+01
   1.2208100e+01   1.3058100e+01   1.3032000e+01   1.3083300e+01   9.7947000e+00   1.0012600e+01
   1.1609900e+01   1.2596900e+01   1.2324100e+01   1.2371600e+01   9.3361000e+00   9.5343000e+00
   1.2492800e+01   1.3257700e+01   1.2846900e+01   1.2906200e+01   8.5077000e+00   8.9803000e+00
   1.2803000e+01   1.3746100e+01   1.3258700e+01   1.3460000e+01   7.9975000e+00   8.6438000e+00
   1.2406400e+01   1.3645800e+01   1.3273100e+01   1.3637500e+01   7.6792000e+00   8.5237000e+00
   1.2458400e+01   1.3184600e+01   1.3316100e+01   1.3909200e+01   7.4647000e+00   8.4889000e+00
   1.2545400e+01   1.2137500e+01   1.2648000e+01   1.2649500e+01   7.3664000e+00   8.4032000e+00
   1.2066000e+01   1.1851800e+01   1.2115900e+01   1.2077400e+01   7.5029000e+00   8.2203000e+00
   1.2044500e+01   1.1521800e+01   1.1977400e+01   1.1818400e+01   8.0415000e+00   8.0020000e+00
   1.1540900e+01   1.1078200e+01   1.1568700e+01   1.1352800e+01   8.8632000e+00   8.0478000e+00
   1.1592900e+01   1.2126300e+01   1.1809100e+01   1.1798400e+01   9.3666000e+00   8.3549000e+00
   1.1840100e+01   1.1900900e+01   1.1956700e+01   1.1988300e+01   9.4733000e+00   8.8103000e+00
   1.1832700e+01   1.1865300e+01   1.1930000e+01   1.1847800e+01   9.7935000e+00   9.1975000e+00
   1.1517300e+01   1.2218000e+01   1.1826000e+01   1.1936500e+01   1.0121100e+01   9.2434000e+00
   1.1851300e+01   1.2658700e+01   1.2173400e+01   1.2351600e+01   1.0228000e+01   9.4488000e+00
   1.2054300e+01   1.2683900e+01   1.2265100e+01   1.2377500e+01   1.0267900e+01   9.6580000e+00
   1.2118400e+01   1.2143200e+01   1.2187100e+01   1.2254600e+01   1.0483700e+01   9.9105000e+00
   1.1626200e+01   1.1415000e+01   1.1622800e+01   1.1605100e+01   1.0998100e+01   1.0107500e+01
   1.1167800e+01   1.1112400e+01   1.1213000e+01   1.1187100e+01   1.0876800e+01   1.0548400e+01
   1.0837600e+01   1.0927700e+01   1.1018100e+01   1.1097300e+01   1.0114800e+01   1.0468300e+01
   1.0559500e+01   1.0660400e+01   1.0733900e+01   1.0842700e+01   9.7621000e+00   9.6477000e+00
   1.0481400e+01   1.0519300e+01   1.0578400e+01   1.0642800e+01   1.0186900e+01   9.3225000e+00
   1.0323200e+01   1.0363100e+01   1.0396400e+01   1.0436000e+01   9.4462000e+00   9.5211000e+00
   1.0148200e+01   1.0248200e+01   1.0255300e+01   1.0312500e+01   9.2498000e+00   9.3814000e+00
   1.0071600e+01   1.0312600e+01   1.0233900e+01   1.0328900e+01   8.8406000e+00   9.3321000e+00
