  -6.5891000e+00  -6.6075000e+00  -6.5492000e+00  -6.5237000e+00  -1.0020900e+01  -9.6061000e+00
  -6.7410000e+00  -6.7342000e+00  -6.6942000e+00  -6.6679000e+00  -1.0337500e+01  -9.9570000e+00
  -7.0610000e+00  -7.0143000e+00  -6.9631000e+00  -6.8964000e+00  -1.0752400e+01  -1.0345100e+01
  -7.4704000e+00  -7.4062000e+00  -7.3568000e+00  -7.2822000e+00  -1.1141200e+01  -1.0722100e+01
  -7.9421000e+00  -7.8621000e+00  -7.8170000e+00  -7.7365000e+00  -1.1482700e+01  -1.1095900e+01
  -8.4176000e+00  -8.3374000e+00  -8.2983000e+00  -8.2224000e+00  -1.1781100e+01  -1.1444700e+01
  -8.8703000e+00  -8.7889000e+00  -8.7517000e+00  -8.6770000e+00  -1.2024100e+01  -1.1749500e+01
  -9.3174000e+00  -9.2309000e+00  -9.1894000e+00  -9.1098000e+00  -1.2264400e+01  -1.2025200e+01
  -9.7715000e+00  -9.6923000e+00  -9.6450000e+00  -9.5601000e+00  -1.2493000e+01  -1.2292800e+01
  -1.0205500e+01  -1.0121900e+01  -1.0066500e+01  -9.9818000e+00  -1.2701700e+01  -1.2558800e+01
  -1.0659700e+01  -1.0573000e+01  -1.0511100e+01  -1.0418300e+01  -1.2900500e+01  -1.2806100e+01
  -1.1067900e+01  -1.0985000e+01  -1.0917000e+01  -1.0823600e+01  -1.3125000e+01  -1.3041900e+01
  -1.1423600e+01  -1.1346100e+01  -1.1274600e+01  -1.1182800e+01  -1.3394700e+01  -1.3265000e+01
  -1.1755700e+01  -1.1676700e+01  -1.1597100e+01  -1.1500600e+01  -1.3694600e+01  -1.3486000e+01
  -1.2042600e+01  -1.1970100e+01  -1.1892000e+01  -1.1800800e+01  -1.4013200e+01  -1.3712400e+01
  -1.2179500e+01  -1.2129100e+01  -1.2077900e+01  -1.2008700e+01  -1.4323200e+01  -1.3941800e+01
  -1.2110200e+01  -1.2072700e+01  -1.2064200e+01  -1.2025000e+01  -1.4540700e+01  -1.4114500e+01
  -1.1945300e+01  -1.1923600e+01  -1.1916900e+01  -1.1886700e+01  -1.4562600e+01  -1.4173800e+01
  -1.1750400e+01  -1.1740300e+01  -1.1726000e+01  -1.1698700e+01  -1.4567400e+01  -1.4201800e+01
  -1.1659500e+01  -1.1667900e+01  -1.1619200e+01  -1.1579800e+01  -1.4385400e+01  -1.4166400e+01
  -1.2101000e+01  -1.2046000e+01  -1.1896400e+01  -1.1742100e+01  -1.4212300e+01  -1.4098900e+01
  -1.2289900e+01  -1.2282900e+01  -1.2188000e+01  -1.2130900e+01  -1.3885300e+01  -1.3903700e+01
  -1.2386800e+01  -1.2386200e+01  -1.2316800e+01  -1.2275000e+01  -1.3501400e+01  -1.3643400e+01
  -1.2430400e+01  -1.2421000e+01  -1.2365700e+01  -1.2330900e+01  -1.3216800e+01  -1.3306800e+01
  -1.2364600e+01  -1.2378900e+01  -1.2340500e+01  -1.2328100e+01  -1.2881900e+01  -1.2913800e+01
  -1.2164700e+01  -1.2202300e+01  -1.2178600e+01  -1.2193800e+01  -1.2452900e+01  -1.2537000e+01
  -1.1920500e+01  -1.1963100e+01  -1.1948600e+01  -1.1970200e+01  -1.2026400e+01  -1.2137000e+01
  -1.1659100e+01  -1.1709900e+01  -1.1700400e+01  -1.1729900e+01  -1.1565500e+01  -1.1733400e+01
  -1.1380900e+01  -1.1437400e+01  -1.1433500e+01  -1.1470500e+01  -1.1050300e+01  -1.1284700e+01
  -1.1086900e+01  -1.1153400e+01  -1.1157000e+01  -1.1203800e+01  -1.0547800e+01  -1.0802100e+01
  -1.0740900e+01  -1.0819900e+01  -1.0834700e+01  -1.0895600e+01  -1.0109100e+01  -1.0341700e+01
  -1.0353700e+01  -1.0440700e+01  -1.0465600e+01  -1.0536000e+01  -9.6690000e+00  -9.9161000e+00
  -9.9773000e+00  -1.0057500e+01  -1.0083000e+01  -1.0148300e+01  -9.2097000e+00  -9.4853000e+00
  -9.6733000e+00  -9.7487000e+00  -9.7689000e+00  -9.8270000e+00  -8.7781000e+00  -9.0349000e+00
  -9.3867000e+00  -9.4720000e+00  -9.4895000e+00  -9.5510000e+00  -8.3972000e+00  -8.6055000e+00
  -9.0862000e+00  -9.1849000e+00  -9.1974000e+00  -9.2644000e+00  -8.0445000e+00  -8.2191000e+00
  -8.8018000e+00  -8.9017000e+00  -8.9097000e+00  -8.9763000e+00  -7.6608000e+00  -7.8620000e+00
  -8.5457000e+00  -8.6420000e+00  -8.6490000e+00  -8.7132000e+00  -7.2550000e+00  -7.4975000e+00
  -8.3097000e+00  -8.4070000e+00  -8.4095000e+00  -8.4722000e+00  -6.8746000e+00  -7.1468000e+00
  -8.0837000e+00  -8.1861000e+00  -8.1848000e+00  -8.2495000e+00  -6.5201000e+00  -6.8318000e+00
  -7.8472000e+00  -7.9570000e+00  -7.9545000e+00  -8.0241000e+00  -6.2163000e+00  -6.5382000e+00
  -7.5969000e+00  -7.7117000e+00  -7.7100000e+00  -7.7833000e+00  -6.0001000e+00  -6.2735000e+00
  -7.3472000e+00  -7.4634000e+00  -7.4607000e+00  -7.5336000e+00  -5.8596000e+00  -6.0137000e+00
  -7.1068000e+00  -7.2246000e+00  -7.2208000e+00  -7.2920000e+00  -5.7322000e+00  -5.7829000e+00
  -6.8853000e+00  -7.0021000e+00  -6.9958000e+00  -7.0632000e+00  -5.6130000e+00  -5.5971000e+00
  -6.6899000e+00  -6.7986000e+00  -6.7926000e+00  -6.8551000e+00  -5.5031000e+00  -5.4485000e+00
  -6.5102000e+00  -6.6128000e+00  -6.6095000e+00  -6.6686000e+00  -5.3971000e+00  -5.3302000e+00
  -6.3439000e+00  -6.4428000e+00  -6.4383000e+00  -6.4934000e+00  -5.2817000e+00  -5.2353000e+00
  -6.1966000e+00  -6.2911000e+00  -6.2870000e+00  -6.3393000e+00  -5.1667000e+00  -5.1592000e+00
  -6.0720000e+00  -6.1613000e+00  -6.1548000e+00  -6.2019000e+00  -5.0676000e+00  -5.0913000e+00
  -5.9772000e+00  -6.0643000e+00  -6.0557000e+00  -6.0989000e+00  -4.9829000e+00  -5.0265000e+00
  -5.8958000e+00  -5.9890000e+00  -5.9773000e+00  -6.0232000e+00  -4.9139000e+00  -4.9613000e+00
  -5.8284000e+00  -5.9252000e+00  -5.9107000e+00  -5.9597000e+00  -4.8616000e+00  -4.8983000e+00
  -5.7856000e+00  -5.8829000e+00  -5.8654000e+00  -5.9138000e+00  -4.8255000e+00  -4.8453000e+00
  -5.7730000e+00  -5.8827000e+00  -5.8522000e+00  -5.9003000e+00  -4.8072000e+00  -4.8135000e+00
  -5.7899000e+00  -5.9131000e+00  -5.8674000e+00  -5.9156000e+00  -4.8074000e+00  -4.8139000e+00
  -5.8476000e+00  -5.9576000e+00  -5.9134000e+00  -5.9599000e+00  -4.8334000e+00  -4.8498000e+00
  -5.9343000e+00  -5.9993000e+00  -5.9755000e+00  -6.0202000e+00  -4.8945000e+00  -4.9183000e+00
  -6.0086000e+00  -6.0397000e+00  -6.0283000e+00  -6.0649000e+00  -4.9569000e+00  -4.9861000e+00
  -6.0626000e+00  -6.1003000e+00  -6.0769000e+00  -6.1045000e+00  -5.0565000e+00  -5.0789000e+00
  -6.1035000e+00  -6.1560000e+00  -6.1138000e+00  -6.1336000e+00  -5.1510000e+00  -5.1924000e+00
  -6.1441000e+00  -6.1496000e+00  -6.1447000e+00  -6.1464000e+00  -5.2765000e+00  -5.2800000e+00
  -6.3721000e+00  -6.3534000e+00  -6.2710000e+00  -6.2039000e+00  -5.4071000e+00  -5.4206000e+00
  -6.5448000e+00  -6.4524000e+00  -6.5598000e+00  -6.5528000e+00  -5.6818000e+00  -5.6174000e+00
  -6.6863000e+00  -6.5758000e+00  -6.6682000e+00  -6.7262000e+00  -5.8173000e+00  -5.7785000e+00
  -6.7655000e+00  -6.8065000e+00  -6.7779000e+00  -6.8079000e+00  -5.9487000e+00  -5.8672000e+00
  -6.7941000e+00  -6.9376000e+00  -6.8099000e+00  -6.8370000e+00  -6.0404000e+00  -5.9138000e+00
  -6.9032000e+00  -6.8797000e+00  -6.8861000e+00  -6.8865000e+00  -6.0727000e+00  -5.9804000e+00
  -6.8670000e+00  -6.8697000e+00  -6.8876000e+00  -6.9285000e+00  -6.0941000e+00  -6.1149000e+00
  -6.7340000e+00  -6.8220000e+00  -6.7495000e+00  -6.7645000e+00  -6.1222000e+00  -6.2982000e+00
  -6.8194000e+00  -6.7187000e+00  -6.6773000e+00  -6.6195000e+00  -6.1417000e+00  -6.4870000e+00
  -6.7683000e+00  -6.6032000e+00  -6.8825000e+00  -6.8797000e+00  -6.2229000e+00  -6.6364000e+00
  -7.5094000e+00  -6.7565000e+00  -7.1411000e+00  -6.9450000e+00  -6.3731000e+00  -6.7609000e+00
  -7.6246000e+00  -7.6802000e+00  -7.6808000e+00  -7.8035000e+00  -6.5135000e+00  -6.9189000e+00
  -7.3369000e+00  -7.5789000e+00  -7.3984000e+00  -7.5439000e+00  -6.6524000e+00  -7.1160000e+00
  -7.0972000e+00  -7.3413000e+00  -7.1589000e+00  -7.2762000e+00  -6.7747000e+00  -7.3615000e+00
  -7.1534000e+00  -7.1222000e+00  -7.1330000e+00  -7.1426000e+00  -6.8516000e+00  -7.5582000e+00
  -8.0706000e+00  -7.1922000e+00  -7.7665000e+00  -7.5562000e+00  -6.9682000e+00  -7.6190000e+00
  -8.2984000e+00  -8.0210000e+00  -8.1006000e+00  -8.1189000e+00  -7.1619000e+00  -7.6476000e+00
  -8.6597000e+00  -8.3777000e+00  -8.4576000e+00  -8.4213000e+00  -7.3844000e+00  -7.7096000e+00
  -8.3492000e+00  -8.2507000e+00  -8.3080000e+00  -8.3298000e+00  -7.5913000e+00  -7.7897000e+00
  -8.4378000e+00  -8.2328000e+00  -8.3482000e+00  -8.3997000e+00  -7.8057000e+00  -7.8689000e+00
  -8.6139000e+00  -8.3448000e+00  -8.4364000e+00  -8.4185000e+00  -7.9301000e+00  -7.9136000e+00
  -8.5776000e+00  -8.3407000e+00  -8.4347000e+00  -8.4296000e+00  -7.9829000e+00  -7.9272000e+00
  -8.3980000e+00  -8.2049000e+00  -8.3380000e+00  -8.3489000e+00  -8.0184000e+00  -7.8978000e+00
  -8.5074000e+00  -8.3231000e+00  -8.3824000e+00  -8.3515000e+00  -8.0112000e+00  -7.8487000e+00
  -9.0791000e+00  -8.8375000e+00  -8.8373000e+00  -8.7172000e+00  -7.9761000e+00  -7.7771000e+00
  -9.4821000e+00  -9.1633000e+00  -9.2733000e+00  -9.2274000e+00  -7.9513000e+00  -7.6870000e+00
  -9.4455000e+00  -9.3424000e+00  -9.2886000e+00  -9.2637000e+00  -7.9037000e+00  -7.5906000e+00
  -9.3915000e+00  -9.3525000e+00  -9.2185000e+00  -9.1896000e+00  -7.7951000e+00  -7.4962000e+00
  -9.3665000e+00  -9.3579000e+00  -9.1907000e+00  -9.1499000e+00  -7.7380000e+00  -7.4375000e+00
  -9.2629000e+00  -9.2695000e+00  -9.1260000e+00  -9.1022000e+00  -7.6511000e+00  -7.4287000e+00
  -9.1602000e+00  -9.1671000e+00  -9.0463000e+00  -9.0280000e+00  -7.5499000e+00  -7.4743000e+00
  -9.1070000e+00  -9.1017000e+00  -9.0162000e+00  -9.0060000e+00  -7.5083000e+00  -7.5798000e+00
  -9.0929000e+00  -9.0732000e+00  -9.0196000e+00  -9.0197000e+00  -7.4721000e+00  -7.6628000e+00
  -9.1183000e+00  -9.0939000e+00  -9.0553000e+00  -9.0647000e+00  -7.4621000e+00  -7.7500000e+00
  -9.0891000e+00  -9.1012000e+00  -9.0662000e+00  -9.0996000e+00  -7.6198000e+00  -7.7534000e+00
  -8.9495000e+00  -9.0070000e+00  -8.9816000e+00  -9.0459000e+00  -7.9791000e+00  -7.7197000e+00
  -8.7299000e+00  -8.8165000e+00  -8.8151000e+00  -8.9076000e+00  -8.3217000e+00  -7.7866000e+00
  -8.4923000e+00  -8.5800000e+00  -8.6116000e+00  -8.7238000e+00  -8.4073000e+00  -7.8511000e+00
  -8.2885000e+00  -8.3612000e+00  -8.4236000e+00  -8.5474000e+00  -8.1898000e+00  -7.8272000e+00
  -8.1313000e+00  -8.1836000e+00  -8.2648000e+00  -8.3915000e+00  -8.0282000e+00  -7.9064000e+00
  -8.0198000e+00  -8.0490000e+00  -8.1442000e+00  -8.2687000e+00  -8.2653000e+00  -8.0649000e+00
  -7.9210000e+00  -7.9327000e+00  -8.0418000e+00  -8.1659000e+00  -8.2906000e+00  -8.1381000e+00
  -7.8506000e+00  -7.8316000e+00  -7.9622000e+00  -8.0814000e+00  -8.0985000e+00  -8.1473000e+00
  -7.8157000e+00  -7.7636000e+00  -7.9156000e+00  -8.0294000e+00  -7.9774000e+00  -8.0799000e+00
  -7.8491000e+00  -7.7571000e+00  -7.9284000e+00  -8.0327000e+00  -8.0258000e+00  -7.9179000e+00
  -7.9341000e+00  -7.8330000e+00  -8.0013000e+00  -8.1041000e+00  -8.0745000e+00  -7.7150000e+00
  -7.9764000e+00  -7.9176000e+00  -8.0535000e+00  -8.1636000e+00  -8.0499000e+00  -7.5059000e+00
  -7.9561000e+00  -7.9394000e+00  -8.0536000e+00  -8.1618000e+00  -7.9495000e+00  -7.3806000e+00
  -7.9350000e+00  -7.9213000e+00  -8.0497000e+00  -8.1510000e+00  -7.8625000e+00  -7.2919000e+00
  -7.9861000e+00  -7.9002000e+00  -8.1123000e+00  -8.2127000e+00  -7.8467000e+00  -7.2288000e+00
  -8.1514000e+00  -7.9781000e+00  -8.2803000e+00  -8.3915000e+00  -7.7594000e+00  -7.1864000e+00
  -8.4467000e+00  -8.2362000e+00  -8.5664000e+00  -8.6900000e+00  -7.6934000e+00  -7.1142000e+00
  -8.9015000e+00  -8.7412000e+00  -8.8779000e+00  -8.9428000e+00  -7.6384000e+00  -7.1658000e+00
  -9.2027000e+00  -9.1118000e+00  -8.9557000e+00  -8.8672000e+00  -7.6728000e+00  -7.4612000e+00
  -9.5726000e+00  -9.2725000e+00  -9.1831000e+00  -8.9714000e+00  -7.8341000e+00  -7.7378000e+00
  -9.9745000e+00  -9.6570000e+00  -9.7068000e+00  -9.5167000e+00  -7.7614000e+00  -7.6462000e+00
  -9.9325000e+00  -9.8170000e+00  -9.8497000e+00  -9.8271000e+00  -7.8145000e+00  -7.4580000e+00
  -9.9663000e+00  -9.7570000e+00  -9.7900000e+00  -9.7340000e+00  -7.7238000e+00  -7.2318000e+00
  -9.7191000e+00  -9.7361000e+00  -9.7377000e+00  -9.7406000e+00  -7.8170000e+00  -7.1636000e+00
  -9.2669000e+00  -9.4062000e+00  -9.4038000e+00  -9.4890000e+00  -7.8601000e+00  -7.2111000e+00
  -8.8673000e+00  -9.0067000e+00  -9.0043000e+00  -9.0954000e+00  -7.6465000e+00  -7.1789000e+00
  -8.4137000e+00  -8.7074000e+00  -8.6728000e+00  -8.7803000e+00  -7.1960000e+00  -6.8583000e+00
  -7.8387000e+00  -8.3331000e+00  -8.2515000e+00  -8.3827000e+00  -6.6790000e+00  -6.4045000e+00
  -7.2440000e+00  -7.7697000e+00  -7.6626000e+00  -7.8131000e+00  -6.1189000e+00  -5.7806000e+00
  -6.7254000e+00  -7.1964000e+00  -7.1175000e+00  -7.2550000e+00  -5.3995000e+00  -5.3384000e+00
  -6.1026000e+00  -6.6722000e+00  -6.5687000e+00  -6.7269000e+00  -4.8235000e+00  -4.9074000e+00
  -5.5462000e+00  -6.0519000e+00  -5.9681000e+00  -6.1144000e+00  -4.3477000e+00  -4.4542000e+00
  -5.1542000e+00  -5.5307000e+00  -5.4992000e+00  -5.6090000e+00  -3.9154000e+00  -4.0425000e+00
  -4.8114000e+00  -5.1586000e+00  -5.1479000e+00  -5.2514000e+00  -3.6099000e+00  -3.7077000e+00
  -4.4606000e+00  -4.8315000e+00  -4.8096000e+00  -4.9136000e+00  -3.3087000e+00  -3.3424000e+00
  -4.1572000e+00  -4.5015000e+00  -4.4669000e+00  -4.5447000e+00  -3.0152000e+00  -3.0281000e+00
  -3.9184000e+00  -4.2102000e+00  -4.1734000e+00  -4.2252000e+00  -2.7463000e+00  -2.7668000e+00
  -3.7168000e+00  -3.9685000e+00  -3.9315000e+00  -3.9702000e+00  -2.5098000e+00  -2.5321000e+00
  -3.5263000e+00  -3.7581000e+00  -3.7182000e+00  -3.7486000e+00  -2.2759000e+00  -2.3034000e+00
  -3.3380000e+00  -3.5630000e+00  -3.5229000e+00  -3.5502000e+00  -2.0443000e+00  -2.0801000e+00
  -3.1445000e+00  -3.3716000e+00  -3.3228000e+00  -3.3525000e+00  -1.8073000e+00  -1.8705000e+00
  -2.9476000e+00  -3.1597000e+00  -3.1087000e+00  -3.1432000e+00  -1.5737000e+00  -1.6877000e+00
  -2.7678000e+00  -2.9504000e+00  -2.9167000e+00  -2.9636000e+00  -1.3714000e+00  -1.5388000e+00
  -2.6068000e+00  -2.7688000e+00  -2.7596000e+00  -2.8365000e+00  -1.2068000e+00  -1.4224000e+00
  -2.4659000e+00  -2.6138000e+00  -2.6348000e+00  -2.7526000e+00  -1.0735000e+00  -1.3303000e+00
  -2.3455000e+00  -2.4900000e+00  -2.5348000e+00  -2.6603000e+00  -9.6670000e-01  -1.2524000e+00
  -2.2473000e+00  -2.4121000e+00  -2.4417000e+00  -2.5025000e+00  -8.8330000e-01  -1.1795000e+00
  -2.1805000e+00  -2.3809000e+00  -2.3164000e+00  -2.2811000e+00  -8.2350000e-01  -1.1121000e+00
  -2.1327000e+00  -2.2916000e+00  -2.1473000e+00  -2.1082000e+00  -7.7670000e-01  -1.0562000e+00
  -2.0475000e+00  -2.0651000e+00  -2.0080000e+00  -2.0791000e+00  -7.4030000e-01  -1.0367000e+00
  -1.8745000e+00  -1.8686000e+00  -1.9133000e+00  -2.1616000e+00  -7.2580000e-01  -1.0276000e+00
  -1.7316000e+00  -1.7195000e+00  -1.8608000e+00  -2.2250000e+00  -7.5350000e-01  -1.0288000e+00
  -1.6563000e+00  -1.7504000e+00  -1.9069000e+00  -2.1822000e+00  -8.5310000e-01  -1.0392000e+00
  -1.6781000e+00  -2.0970000e+00  -1.9843000e+00  -1.9487000e+00  -9.4430000e-01  -1.0460000e+00
  -1.8662000e+00  -2.1680000e+00  -1.8743000e+00  -1.7745000e+00  -1.0363000e+00  -1.0677000e+00
  -1.8372000e+00  -1.8469000e+00  -1.7651000e+00  -1.8018000e+00  -1.1286000e+00  -1.1227000e+00
  -1.7052000e+00  -1.7792000e+00  -1.8774000e+00  -1.9655000e+00  -1.2022000e+00  -1.1842000e+00
  -1.8130000e+00  -2.0913000e+00  -2.0455000e+00  -1.9707000e+00  -1.2633000e+00  -1.2339000e+00
  -2.0508000e+00  -2.0945000e+00  -2.0050000e+00  -1.8713000e+00  -1.3384000e+00  -1.2637000e+00
  -2.0814000e+00  -1.8886000e+00  -2.0396000e+00  -2.0400000e+00  -1.4044000e+00  -1.2493000e+00
  -2.2121000e+00  -2.1752000e+00  -2.5938000e+00  -2.8899000e+00  -1.4060000e+00  -1.1438000e+00
  -3.0169000e+00  -3.1605000e+00  -3.2665000e+00  -3.2715000e+00  -1.5125000e+00  -1.2808000e+00
  -3.4855000e+00  -3.3334000e+00  -3.4758000e+00  -3.4497000e+00  -1.5652000e+00  -1.2945000e+00
  -3.7379000e+00  -3.5775000e+00  -3.7145000e+00  -3.7318000e+00  -1.6015000e+00  -1.3267000e+00
  -3.9931000e+00  -3.9189000e+00  -4.1190000e+00  -4.1832000e+00  -1.5376000e+00  -1.3548000e+00
  -4.3746000e+00  -4.3739000e+00  -4.4993000e+00  -4.5522000e+00  -1.5062000e+00  -1.6008000e+00
  -4.7202000e+00  -4.6941000e+00  -4.9182000e+00  -5.0210000e+00  -1.5385000e+00  -2.1395000e+00
  -5.1877000e+00  -5.1787000e+00  -5.3474000e+00  -5.4247000e+00  -2.0891000e+00  -2.4590000e+00
  -5.6861000e+00  -5.6063000e+00  -5.7922000e+00  -5.8490000e+00  -2.5721000e+00  -2.8590000e+00
  -6.2118000e+00  -6.1160000e+00  -6.2748000e+00  -6.3259000e+00  -2.9658000e+00  -3.3758000e+00
  -6.5585000e+00  -6.5230000e+00  -6.6538000e+00  -6.7464000e+00  -3.4850000e+00  -3.9204000e+00
  -6.8666000e+00  -6.8353000e+00  -6.9415000e+00  -7.0121000e+00  -4.0759000e+00  -4.4241000e+00
  -7.0805000e+00  -7.0409000e+00  -7.1275000e+00  -7.1884000e+00  -4.5522000e+00  -4.8790000e+00
  -7.2606000e+00  -7.2455000e+00  -7.3772000e+00  -7.4632000e+00  -4.9645000e+00  -5.2517000e+00
  -7.6184000e+00  -7.6284000e+00  -7.7324000e+00  -7.8303000e+00  -5.3639000e+00  -5.6019000e+00
  -7.8848000e+00  -7.9393000e+00  -7.9855000e+00  -8.0824000e+00  -5.7564000e+00  -5.9297000e+00
  -8.1130000e+00  -8.1544000e+00  -8.1797000e+00  -8.2565000e+00  -6.0999000e+00  -6.1681000e+00
  -8.3154000e+00  -8.3517000e+00  -8.3748000e+00  -8.4522000e+00  -6.3502000e+00  -6.3794000e+00
  -8.5102000e+00  -8.5496000e+00  -8.5524000e+00  -8.6215000e+00  -6.5214000e+00  -6.5688000e+00
  -8.6439000e+00  -8.7177000e+00  -8.6552000e+00  -8.7019000e+00  -6.6605000e+00  -6.6179000e+00
  -8.6003000e+00  -8.6760000e+00  -8.5975000e+00  -8.6200000e+00  -6.7244000e+00  -6.5452000e+00
  -8.5820000e+00  -8.6322000e+00  -8.6040000e+00  -8.6392000e+00  -6.7131000e+00  -6.4917000e+00
  -8.6683000e+00  -8.6999000e+00  -8.6988000e+00  -8.7441000e+00  -6.6785000e+00  -6.4313000e+00
  -8.7725000e+00  -8.7870000e+00  -8.7974000e+00  -8.8413000e+00  -6.6156000e+00  -6.4156000e+00
  -8.8770000e+00  -8.8920000e+00  -8.8837000e+00  -8.9178000e+00  -6.6019000e+00  -6.5056000e+00
  -8.8937000e+00  -8.9341000e+00  -8.8906000e+00  -8.9185000e+00  -6.6634000e+00  -6.6409000e+00
  -8.8623000e+00  -8.9031000e+00  -8.8702000e+00  -8.9013000e+00  -6.7532000e+00  -6.6847000e+00
  -8.9027000e+00  -8.9154000e+00  -8.9194000e+00  -8.9550000e+00  -6.8511000e+00  -6.7323000e+00
  -8.9845000e+00  -9.0034000e+00  -8.9990000e+00  -9.0336000e+00  -6.8906000e+00  -6.7288000e+00
  -9.0135000e+00  -9.0590000e+00  -9.0071000e+00  -9.0300000e+00  -6.8569000e+00  -6.6599000e+00
  -8.9494000e+00  -9.0091000e+00  -8.9253000e+00  -8.9323000e+00  -6.7653000e+00  -6.6091000e+00
  -8.8806000e+00  -8.9077000e+00  -8.8545000e+00  -8.8596000e+00  -6.6913000e+00  -6.5513000e+00
  -8.8664000e+00  -8.8564000e+00  -8.8368000e+00  -8.8412000e+00  -6.6433000e+00  -6.4838000e+00
  -8.9194000e+00  -8.8821000e+00  -8.8787000e+00  -8.8769000e+00  -6.6277000e+00  -6.4364000e+00
  -8.9964000e+00  -8.9583000e+00  -8.9449000e+00  -8.9356000e+00  -6.5980000e+00  -6.4111000e+00
  -9.0510000e+00  -9.0227000e+00  -8.9961000e+00  -8.9812000e+00  -6.5323000e+00  -6.4086000e+00
  -9.0841000e+00  -9.0616000e+00  -9.0326000e+00  -9.0175000e+00  -6.4734000e+00  -6.4462000e+00
  -9.1191000e+00  -9.1028000e+00  -9.0734000e+00  -9.0627000e+00  -6.4593000e+00  -6.5013000e+00
  -9.1434000e+00  -9.1446000e+00  -9.0984000e+00  -9.0898000e+00  -6.4721000e+00  -6.5652000e+00
  -9.1449000e+00  -9.1571000e+00  -9.0965000e+00  -9.0865000e+00  -6.4916000e+00  -6.6263000e+00
  -9.1282000e+00  -9.1470000e+00  -9.0808000e+00  -9.0731000e+00  -6.5271000e+00  -6.6829000e+00
  -9.0995000e+00  -9.1135000e+00  -9.0580000e+00  -9.0568000e+00  -6.5912000e+00  -6.7272000e+00
  -9.0983000e+00  -9.0934000e+00  -9.0528000e+00  -9.0562000e+00  -6.6450000e+00  -6.7518000e+00
  -9.0989000e+00  -9.0901000e+00  -9.0458000e+00  -9.0492000e+00  -6.6439000e+00  -6.7651000e+00
  -9.0681000e+00  -9.0714000e+00  -9.0136000e+00  -9.0195000e+00  -6.5381000e+00  -6.7620000e+00
  -9.0155000e+00  -9.0160000e+00  -8.9577000e+00  -8.9626000e+00  -6.4606000e+00  -6.7855000e+00
  -8.9769000e+00  -8.9608000e+00  -8.9178000e+00  -8.9190000e+00  -6.4720000e+00  -6.8184000e+00
  -8.9870000e+00  -8.9474000e+00  -8.9274000e+00  -8.9287000e+00  -6.4760000e+00  -6.8119000e+00
  -9.0148000e+00  -8.9819000e+00  -8.9580000e+00  -8.9640000e+00  -6.5496000e+00  -6.8126000e+00
  -9.0211000e+00  -9.0092000e+00  -8.9723000e+00  -8.9834000e+00  -6.6555000e+00  -6.7975000e+00
  -8.9989000e+00  -9.0033000e+00  -8.9542000e+00  -8.9678000e+00  -6.8525000e+00  -6.8367000e+00
  -8.9508000e+00  -8.9680000e+00  -8.9136000e+00  -8.9414000e+00  -6.9367000e+00  -6.9090000e+00
  -8.8374000e+00  -8.8862000e+00  -8.8192000e+00  -8.8832000e+00  -7.0217000e+00  -6.9257000e+00
  -8.6147000e+00  -8.7193000e+00  -8.6219000e+00  -8.7408000e+00  -6.9801000e+00  -6.7431000e+00
  -8.2098000e+00  -8.3758000e+00  -8.2879000e+00  -8.4400000e+00  -6.5807000e+00  -6.4180000e+00
  -8.1491000e+00  -8.2038000e+00  -8.1334000e+00  -8.1743000e+00  -6.4350000e+00  -6.3368000e+00
  -7.8475000e+00  -7.9270000e+00  -7.8514000e+00  -7.9398000e+00  -6.1901000e+00  -6.0845000e+00
  -7.6128000e+00  -7.7163000e+00  -7.6517000e+00  -7.7544000e+00  -5.7958000e+00  -5.7230000e+00
  -7.3009000e+00  -7.4987000e+00  -7.3855000e+00  -7.5413000e+00  -5.3425000e+00  -5.2808000e+00
  -6.8672000e+00  -7.1257000e+00  -6.9878000e+00  -7.1634000e+00  -4.8110000e+00  -4.7386000e+00
  -6.4958000e+00  -6.7170000e+00  -6.6124000e+00  -6.7780000e+00  -4.1654000e+00  -4.1859000e+00
  -6.1620000e+00  -6.3825000e+00  -6.2866000e+00  -6.4833000e+00  -3.6342000e+00  -3.7272000e+00
  -5.7643000e+00  -6.0314000e+00  -5.9101000e+00  -6.1105000e+00  -3.1478000e+00  -3.2910000e+00
  -5.3247000e+00  -5.6085000e+00  -5.4838000e+00  -5.6880000e+00  -2.6078000e+00  -2.8349000e+00
  -4.8996000e+00  -5.1750000e+00  -5.0585000e+00  -5.2568000e+00  -1.9992000e+00  -2.3149000e+00
  -4.5402000e+00  -4.7807000e+00  -4.6877000e+00  -4.8777000e+00  -1.4615000e+00  -1.7569000e+00
  -4.1844000e+00  -4.4271000e+00  -4.3283000e+00  -4.5259000e+00  -1.0676000e+00  -1.2657000e+00
  -3.7774000e+00  -4.0503000e+00  -3.9376000e+00  -4.1543000e+00  -6.6620000e-01  -7.7840000e-01
  -3.3985000e+00  -3.6308000e+00  -3.5398000e+00  -3.7344000e+00  -2.6170000e-01  -3.3580000e-01
  -3.0465000e+00  -3.2574000e+00  -3.1880000e+00  -3.3581000e+00   1.8020000e-01  -6.9000000e-03
  -2.7233000e+00  -2.9219000e+00  -2.8581000e+00  -2.9827000e+00   6.1850000e-01   2.7060000e-01
  -2.4039000e+00  -2.5951000e+00  -2.5390000e+00  -2.6372000e+00   9.2460000e-01   5.6610000e-01
  -2.0869000e+00  -2.2957000e+00  -2.2426000e+00  -2.3537000e+00   1.1701000e+00   8.7340000e-01
  -1.7668000e+00  -2.0043000e+00  -1.9594000e+00  -2.1074000e+00   1.3525000e+00   1.2395000e+00
  -1.4750000e+00  -1.7361000e+00  -1.6944000e+00  -1.8751000e+00   1.5198000e+00   1.6517000e+00
  -1.1735000e+00  -1.4680000e+00  -1.4189000e+00  -1.6131000e+00   1.4159000e+00   1.7849000e+00
  -8.6200000e-01  -1.1798000e+00  -1.1313000e+00  -1.3299000e+00   1.2803000e+00   1.5976000e+00
  -5.5150000e-01  -8.7230000e-01  -8.4500000e-01  -1.0302000e+00   1.3962000e+00   1.3715000e+00
  -2.8680000e-01  -5.8210000e-01  -5.8670000e-01  -7.6030000e-01   1.4271000e+00   1.4466000e+00
  -7.2900000e-02  -3.5360000e-01  -3.7410000e-01  -5.5210000e-01   1.4730000e+00   1.2851000e+00
   1.1420000e-01  -1.6450000e-01  -1.9390000e-01  -3.8290000e-01   1.3807000e+00   1.1560000e+00
   2.8940000e-01  -7.9000000e-03  -4.8800000e-02  -2.6220000e-01   1.4099000e+00   1.4321000e+00
   4.4760000e-01   1.0620000e-01   5.7500000e-02  -2.0570000e-01   1.5313000e+00   1.8217000e+00
   5.7830000e-01   1.3730000e-01   9.7800000e-02  -2.8120000e-01   1.6825000e+00   2.1822000e+00
   6.5930000e-01   3.1700000e-02   6.0000000e-02  -4.3020000e-01   2.0946000e+00   2.3730000e+00
   6.8470000e-01  -1.6760000e-01  -8.0100000e-02  -6.1570000e-01   2.4556000e+00   2.4869000e+00
   5.0980000e-01  -4.7740000e-01  -3.9960000e-01  -9.0270000e-01   2.6624000e+00   2.5951000e+00
  -9.6000000e-03  -8.3720000e-01  -8.1530000e-01  -1.2738000e+00   2.8457000e+00   2.7075000e+00
  -4.7140000e-01  -1.2246000e+00  -1.1935000e+00  -1.6213000e+00   2.9992000e+00   2.8724000e+00
  -7.2450000e-01  -1.4454000e+00  -1.3855000e+00  -1.7606000e+00   3.1408000e+00   3.0396000e+00
  -9.1820000e-01  -1.5755000e+00  -1.5335000e+00  -1.8896000e+00   3.2708000e+00   2.9870000e+00
  -1.0792000e+00  -1.6962000e+00  -1.6639000e+00  -2.0106000e+00   3.3795000e+00   2.3800000e+00
  -1.1690000e+00  -1.7759000e+00  -1.7372000e+00  -2.0683000e+00   3.2693000e+00   1.9410000e+00
  -1.3785000e+00  -1.9153000e+00  -1.8975000e+00  -2.1929000e+00   2.4575000e+00   1.7298000e+00
  -1.6481000e+00  -2.0909000e+00  -2.1116000e+00  -2.3730000e+00   2.0741000e+00   1.4905000e+00
  -1.9529000e+00  -2.3188000e+00  -2.3377000e+00  -2.5711000e+00   1.8040000e+00   1.1469000e+00
  -2.1728000e+00  -2.5330000e+00  -2.5537000e+00  -2.7847000e+00   1.4993000e+00   6.5640000e-01
  -2.3699000e+00  -2.6726000e+00  -2.7158000e+00  -2.9440000e+00   1.1284000e+00   2.4180000e-01
  -2.6581000e+00  -2.8984000e+00  -2.9696000e+00  -3.1682000e+00   5.9210000e-01   1.4000000e-01
  -2.9568000e+00  -3.1210000e+00  -3.2161000e+00  -3.4172000e+00   2.1350000e-01   1.7500000e-01
  -3.1781000e+00  -3.3162000e+00  -3.4218000e+00  -3.6153000e+00   9.8800000e-02   2.7100000e-02
  -3.1900000e+00  -3.4682000e+00  -3.5303000e+00  -3.7798000e+00   5.0400000e-02  -2.9840000e-01
  -3.4321000e+00  -3.7572000e+00  -3.8137000e+00  -4.1012000e+00  -2.1970000e-01  -7.5300000e-01
  -3.7939000e+00  -4.0291000e+00  -4.0849000e+00  -4.3233000e+00  -5.7630000e-01  -1.1733000e+00
  -4.0182000e+00  -4.2362000e+00  -4.2485000e+00  -4.4300000e+00  -1.1269000e+00  -1.2302000e+00
  -4.1236000e+00  -4.3310000e+00  -4.3672000e+00  -4.5491000e+00  -1.3227000e+00  -1.3048000e+00
  -4.2949000e+00  -4.4735000e+00  -4.5135000e+00  -4.6805000e+00  -1.4420000e+00  -1.4842000e+00
  -4.4209000e+00  -4.5770000e+00  -4.6338000e+00  -4.7925000e+00  -1.6151000e+00  -1.5970000e+00
  -4.5588000e+00  -4.7033000e+00  -4.7586000e+00  -4.9027000e+00  -1.8122000e+00  -1.7114000e+00
  -4.6983000e+00  -4.8474000e+00  -4.8640000e+00  -4.9896000e+00  -2.0312000e+00  -1.9154000e+00
  -4.7926000e+00  -4.9770000e+00  -4.9416000e+00  -5.0609000e+00  -2.2110000e+00  -2.3275000e+00
  -4.8480000e+00  -5.0410000e+00  -4.9880000e+00  -5.1031000e+00  -2.4868000e+00  -2.3987000e+00
  -4.9069000e+00  -5.0599000e+00  -5.0594000e+00  -5.1913000e+00  -2.5348000e+00  -2.4327000e+00
  -5.0339000e+00  -5.1528000e+00  -5.1928000e+00  -5.3330000e+00  -2.4617000e+00  -2.3975000e+00
  -5.2147000e+00  -5.3356000e+00  -5.3637000e+00  -5.4928000e+00  -2.5763000e+00  -2.4244000e+00
  -5.3715000e+00  -5.4829000e+00  -5.4964000e+00  -5.6068000e+00  -2.6119000e+00  -2.4643000e+00
  -5.4905000e+00  -5.6005000e+00  -5.6004000e+00  -5.6953000e+00  -2.5524000e+00  -2.4594000e+00
  -5.6160000e+00  -5.7300000e+00  -5.7299000e+00  -5.8182000e+00  -2.5753000e+00  -2.4637000e+00
  -5.7325000e+00  -5.8291000e+00  -5.8382000e+00  -5.9280000e+00  -2.4486000e+00  -2.4163000e+00
  -5.8487000e+00  -5.9252000e+00  -5.9383000e+00  -6.0119000e+00  -2.3892000e+00  -2.4218000e+00
  -5.9550000e+00  -6.0293000e+00  -6.0434000e+00  -6.1202000e+00  -2.5141000e+00  -2.4535000e+00
  -6.0813000e+00  -6.1557000e+00  -6.1593000e+00  -6.2333000e+00  -2.6432000e+00  -2.5609000e+00
  -6.1606000e+00  -6.2224000e+00  -6.2348000e+00  -6.3076000e+00  -2.7397000e+00  -2.6869000e+00
  -6.2314000e+00  -6.2762000e+00  -6.2993000e+00  -6.3690000e+00  -2.6955000e+00  -2.7614000e+00
  -6.2816000e+00  -6.3096000e+00  -6.3182000e+00  -6.3729000e+00  -2.5946000e+00  -2.7979000e+00
  -6.3134000e+00  -6.3445000e+00  -6.3373000e+00  -6.3973000e+00  -2.4117000e+00  -2.8128000e+00
  -6.3474000e+00  -6.3844000e+00  -6.3562000e+00  -6.4082000e+00  -2.2317000e+00  -2.8490000e+00
  -6.3844000e+00  -6.3900000e+00  -6.3742000e+00  -6.3978000e+00  -2.2803000e+00  -2.7968000e+00
  -6.4137000e+00  -6.4041000e+00  -6.3885000e+00  -6.3962000e+00  -2.4444000e+00  -2.6996000e+00
  -6.4439000e+00  -6.4039000e+00  -6.3765000e+00  -6.3590000e+00  -2.5776000e+00  -2.4294000e+00
  -6.5102000e+00  -6.4743000e+00  -6.4220000e+00  -6.3898000e+00  -2.8056000e+00  -2.1267000e+00
  -6.5476000e+00  -6.5026000e+00  -6.4683000e+00  -6.4357000e+00  -2.9340000e+00  -2.2215000e+00
  -6.5901000e+00  -6.5524000e+00  -6.5490000e+00  -6.5117000e+00  -2.9414000e+00  -2.4337000e+00
  -6.5455000e+00  -6.5398000e+00  -6.5347000e+00  -6.5548000e+00  -3.0602000e+00  -2.5789000e+00
  -6.4959000e+00  -6.4771000e+00  -6.4761000e+00  -6.4960000e+00  -3.0672000e+00  -2.7088000e+00
  -6.3913000e+00  -6.4330000e+00  -6.4035000e+00  -6.4495000e+00  -3.0525000e+00  -2.9663000e+00
  -6.2442000e+00  -6.3238000e+00  -6.2922000e+00  -6.3660000e+00  -3.1100000e+00  -3.2030000e+00
  -6.1868000e+00  -6.2081000e+00  -6.1700000e+00  -6.2182000e+00  -3.1673000e+00  -3.3099000e+00
  -6.1517000e+00  -6.1385000e+00  -6.0955000e+00  -6.0836000e+00  -3.2760000e+00  -3.4229000e+00
  -6.1835000e+00  -6.1821000e+00  -6.1125000e+00  -6.0980000e+00  -3.4438000e+00  -3.5892000e+00
  -6.1746000e+00  -6.1539000e+00  -6.0926000e+00  -6.0728000e+00  -3.6496000e+00  -3.7573000e+00
  -6.0708000e+00  -6.0287000e+00  -6.0192000e+00  -6.0008000e+00  -3.8789000e+00  -3.9251000e+00
  -6.0353000e+00  -5.9637000e+00  -5.9624000e+00  -5.9408000e+00  -4.0312000e+00  -4.1778000e+00
  -5.9757000e+00  -5.9010000e+00  -5.9153000e+00  -5.8933000e+00  -4.4408000e+00  -4.3733000e+00
  -5.1245000e+00  -5.4628000e+00  -5.4479000e+00  -5.6397000e+00  -4.5646000e+00  -4.5168000e+00
  -5.0922000e+00  -4.9300000e+00  -4.9188000e+00  -4.9984000e+00  -4.6765000e+00  -4.6666000e+00
  -5.0578000e+00  -4.8545000e+00  -4.8262000e+00  -4.6846000e+00  -4.5586000e+00  -5.1289000e+00
  -5.0535000e+00  -4.8716000e+00  -4.8132000e+00  -4.7030000e+00  -5.1109000e+00  -5.1369000e+00
  -5.0892000e+00  -4.8517000e+00  -4.9273000e+00  -4.8694000e+00  -5.2226000e+00  -5.1953000e+00
  -5.1259000e+00  -4.9400000e+00  -4.8900000e+00  -4.7763000e+00  -5.1498000e+00  -5.1707000e+00
  -5.1694000e+00  -5.1253000e+00  -5.0490000e+00  -4.9280000e+00  -5.3737000e+00  -5.2533000e+00
  -5.2676000e+00  -5.2284000e+00  -5.1477000e+00  -5.0649000e+00  -5.9240000e+00  -5.1810000e+00
  -5.2389000e+00  -5.3306000e+00  -5.2635000e+00  -5.2219000e+00  -6.1900000e+00  -5.3413000e+00
  -5.0574000e+00  -5.2571000e+00  -5.2213000e+00  -5.2824000e+00  -6.3655000e+00  -5.6938000e+00
  -5.0878000e+00  -5.2349000e+00  -5.1775000e+00  -5.2179000e+00  -6.3823000e+00  -5.8024000e+00
  -5.4809000e+00  -5.6467000e+00  -5.4157000e+00  -5.3570000e+00  -6.5959000e+00  -5.8230000e+00
  -7.1339000e+00  -8.1559000e+00  -7.1764000e+00  -7.1249000e+00  -6.8048000e+00  -5.9776000e+00
  -8.6636000e+00  -9.0621000e+00  -8.7680000e+00  -8.8330000e+00  -6.8714000e+00  -6.1485000e+00
  -9.1407000e+00  -9.5397000e+00  -9.3316000e+00  -9.4159000e+00  -6.8874000e+00  -6.3030000e+00
  -9.4695000e+00  -9.9514000e+00  -9.7407000e+00  -9.7679000e+00  -6.9545000e+00  -6.3893000e+00
  -9.7125000e+00  -1.0278400e+01  -1.0127700e+01  -1.0262000e+01  -7.0316000e+00  -6.5310000e+00
  -9.9623000e+00  -1.0549600e+01  -1.0437200e+01  -1.0530500e+01  -7.0350000e+00  -6.6430000e+00
  -9.9394000e+00  -1.0315500e+01  -1.0361700e+01  -1.0492100e+01  -6.9645000e+00  -6.6338000e+00
  -9.8709000e+00  -9.8152000e+00  -9.9101000e+00  -9.9662000e+00  -6.8833000e+00  -6.5512000e+00
  -1.0065500e+01  -1.0126600e+01  -1.0002300e+01  -9.9836000e+00  -6.7451000e+00  -6.4120000e+00
  -1.0135200e+01  -1.0232400e+01  -1.0196300e+01  -1.0256000e+01  -6.5734000e+00  -6.2612000e+00
  -1.0220000e+01  -1.0305600e+01  -1.0254500e+01  -1.0296700e+01  -6.4219000e+00  -6.1308000e+00
  -1.0337700e+01  -1.0445600e+01  -1.0380500e+01  -1.0417700e+01  -6.2892000e+00  -6.0147000e+00
  -1.0492100e+01  -1.0594100e+01  -1.0526900e+01  -1.0560200e+01  -6.1489000e+00  -5.8884000e+00
  -1.0644800e+01  -1.0727000e+01  -1.0662900e+01  -1.0702300e+01  -6.0405000e+00  -5.7751000e+00
  -1.0776200e+01  -1.0819500e+01  -1.0764300e+01  -1.0805400e+01  -5.9457000e+00  -5.6890000e+00
  -1.0881000e+01  -1.0932100e+01  -1.0870000e+01  -1.0918600e+01  -5.8637000e+00  -5.6332000e+00
  -1.0997000e+01  -1.1057800e+01  -1.0991100e+01  -1.1031100e+01  -5.7966000e+00  -5.5772000e+00
  -1.1083200e+01  -1.1163500e+01  -1.1100000e+01  -1.1145200e+01  -5.7231000e+00  -5.5230000e+00
  -1.1179700e+01  -1.1272300e+01  -1.1199000e+01  -1.1241900e+01  -5.6278000e+00  -5.4759000e+00
  -1.1301500e+01  -1.1398700e+01  -1.1317700e+01  -1.1353800e+01  -5.5220000e+00  -5.4303000e+00
  -1.1408700e+01  -1.1513300e+01  -1.1432700e+01  -1.1473300e+01  -5.4241000e+00  -5.3754000e+00
  -1.1508800e+01  -1.1617400e+01  -1.1539700e+01  -1.1581600e+01  -5.3298000e+00  -5.3242000e+00
  -1.1586400e+01  -1.1702100e+01  -1.1631100e+01  -1.1679700e+01  -5.2469000e+00  -5.2678000e+00
  -1.1647300e+01  -1.1773500e+01  -1.1707500e+01  -1.1761100e+01  -5.1628000e+00  -5.2121000e+00
  -1.1676200e+01  -1.1809600e+01  -1.1754800e+01  -1.1807000e+01  -5.0913000e+00  -5.1708000e+00
  -1.1692000e+01  -1.1817000e+01  -1.1773700e+01  -1.1829300e+01  -5.0567000e+00  -5.1359000e+00
  -1.1733300e+01  -1.1824100e+01  -1.1779500e+01  -1.1831700e+01  -5.0568000e+00  -5.1164000e+00
  -1.1807500e+01  -1.1888600e+01  -1.1821100e+01  -1.1861500e+01  -5.0855000e+00  -5.1156000e+00
  -1.1895200e+01  -1.1972400e+01  -1.1902300e+01  -1.1942900e+01  -5.1470000e+00  -5.1417000e+00
  -1.1955400e+01  -1.2030100e+01  -1.1970500e+01  -1.2016300e+01  -5.2335000e+00  -5.1976000e+00
  -1.1985200e+01  -1.2061900e+01  -1.2011100e+01  -1.2058300e+01  -5.3375000e+00  -5.2842000e+00
  -1.1999200e+01  -1.2072900e+01  -1.2030000e+01  -1.2079000e+01  -5.4606000e+00  -5.4094000e+00
  -1.2002400e+01  -1.2071300e+01  -1.2035700e+01  -1.2087300e+01  -5.5938000e+00  -5.5808000e+00
  -1.1999700e+01  -1.2064200e+01  -1.2034400e+01  -1.2086300e+01  -5.7715000e+00  -5.7943000e+00
  -1.1986100e+01  -1.2038900e+01  -1.2020600e+01  -1.2072200e+01  -6.0208000e+00  -6.0595000e+00
  -1.1941000e+01  -1.1993400e+01  -1.1983700e+01  -1.2030900e+01  -6.2387000e+00  -6.3523000e+00
  -1.1883500e+01  -1.1932100e+01  -1.1932100e+01  -1.1974400e+01  -6.4195000e+00  -6.6553000e+00
  -1.1819500e+01  -1.1863600e+01  -1.1871400e+01  -1.1908300e+01  -6.5321000e+00  -6.9716000e+00
  -1.1751400e+01  -1.1789200e+01  -1.1803800e+01  -1.1834700e+01  -6.8238000e+00  -7.3216000e+00
  -1.1681600e+01  -1.1710100e+01  -1.1733100e+01  -1.1755900e+01  -7.0425000e+00  -7.7035000e+00
  -1.1613900e+01  -1.1648000e+01  -1.1663300e+01  -1.1676600e+01  -7.3139000e+00  -8.0545000e+00
  -1.1564800e+01  -1.1593600e+01  -1.1610700e+01  -1.1615200e+01  -7.5491000e+00  -8.3458000e+00
  -1.1525600e+01  -1.1559400e+01  -1.1569400e+01  -1.1565100e+01  -7.7744000e+00  -8.6562000e+00
  -1.1476000e+01  -1.1490300e+01  -1.1510100e+01  -1.1502300e+01  -7.9143000e+00  -8.9726000e+00
  -1.1410900e+01  -1.1415600e+01  -1.1436500e+01  -1.1421500e+01  -8.0961000e+00  -9.3123000e+00
  -1.1350700e+01  -1.1408400e+01  -1.1398200e+01  -1.1410200e+01  -8.3700000e+00  -9.6182000e+00
  -1.1390400e+01  -1.1439000e+01  -1.1417700e+01  -1.1429600e+01  -8.8488000e+00  -9.8908000e+00
  -1.1443400e+01  -1.1454300e+01  -1.1437000e+01  -1.1442800e+01  -9.3191000e+00  -1.0078300e+01
  -1.1498700e+01  -1.1474200e+01  -1.1458200e+01  -1.1465500e+01  -9.6056000e+00  -1.0227100e+01
  -1.1551000e+01  -1.1482200e+01  -1.1475200e+01  -1.1478700e+01  -9.8162000e+00  -1.0371300e+01
  -1.1567300e+01  -1.1470500e+01  -1.1475600e+01  -1.1473500e+01  -1.0064400e+01  -1.0472300e+01
  -1.1571500e+01  -1.1433900e+01  -1.1459800e+01  -1.1450400e+01  -1.0292700e+01  -1.0557200e+01
  -1.1529800e+01  -1.1353800e+01  -1.1403600e+01  -1.1393900e+01  -1.0429900e+01  -1.0503900e+01
  -1.1440100e+01  -1.1314200e+01  -1.1343000e+01  -1.1338600e+01  -1.0513600e+01  -1.0443700e+01
  -1.1382200e+01  -1.1242800e+01  -1.1290400e+01  -1.1283000e+01  -1.0500300e+01  -1.0495200e+01
  -1.1276000e+01  -1.1141400e+01  -1.1191600e+01  -1.1188900e+01  -1.0397200e+01  -1.0805600e+01
  -1.1205800e+01  -1.1075200e+01  -1.1111200e+01  -1.1091700e+01  -1.0321200e+01  -1.1010600e+01
  -1.1183900e+01  -1.0994300e+01  -1.1043900e+01  -1.1004200e+01  -1.0263100e+01  -1.0917500e+01
  -1.1151700e+01  -1.0913900e+01  -1.0967800e+01  -1.0942700e+01  -1.0173700e+01  -1.0608600e+01
  -1.1093700e+01  -1.0938400e+01  -1.0945900e+01  -1.0951300e+01  -1.0165000e+01  -1.0432200e+01
  -1.1135000e+01  -1.0964200e+01  -1.0973600e+01  -1.0968800e+01  -1.0211800e+01  -1.0554800e+01
  -1.1137400e+01  -1.0964700e+01  -1.0974100e+01  -1.0968400e+01  -1.0349000e+01  -1.0709900e+01
  -1.1171500e+01  -1.0969100e+01  -1.0984400e+01  -1.0985200e+01  -1.0472100e+01  -1.0827100e+01
  -1.1192000e+01  -1.0951300e+01  -1.0980300e+01  -1.0968800e+01  -1.0568400e+01  -1.0922400e+01
