  -1.1306900e+01  -1.1313100e+01  -1.1305500e+01  -1.1317700e+01  -8.8394000e+00  -9.1442000e+00
  -1.1223100e+01  -1.1242600e+01  -1.1226900e+01  -1.1239400e+01  -8.8997000e+00  -9.1306000e+00
  -1.1135100e+01  -1.1160800e+01  -1.1131600e+01  -1.1138800e+01  -8.9352000e+00  -9.1030000e+00
  -1.1039000e+01  -1.1059900e+01  -1.1019800e+01  -1.1016100e+01  -8.9626000e+00  -9.0823000e+00
  -1.0958700e+01  -1.0962600e+01  -1.0912300e+01  -1.0888400e+01  -8.9736000e+00  -9.0570000e+00
  -1.0869000e+01  -1.0876900e+01  -1.0823300e+01  -1.0791500e+01  -8.9550000e+00  -9.0127000e+00
  -1.0767400e+01  -1.0784500e+01  -1.0740000e+01  -1.0710700e+01  -8.8847000e+00  -8.9361000e+00
  -1.0633000e+01  -1.0649300e+01  -1.0620100e+01  -1.0602200e+01  -8.7832000e+00  -8.8468000e+00
  -1.0510600e+01  -1.0513900e+01  -1.0496600e+01  -1.0482500e+01  -8.7050000e+00  -8.7566000e+00
  -1.0427100e+01  -1.0424000e+01  -1.0410200e+01  -1.0396700e+01  -8.6201000e+00  -8.7312000e+00
  -1.0368100e+01  -1.0359200e+01  -1.0349000e+01  -1.0335500e+01  -8.5923000e+00  -8.7748000e+00
  -1.0331100e+01  -1.0315800e+01  -1.0321000e+01  -1.0313200e+01  -8.6575000e+00  -8.8594000e+00
  -1.0273400e+01  -1.0252700e+01  -1.0278600e+01  -1.0286000e+01  -8.7642000e+00  -8.8814000e+00
  -1.0208900e+01  -1.0180300e+01  -1.0226500e+01  -1.0242800e+01  -8.7857000e+00  -8.9158000e+00
  -1.0176800e+01  -1.0129500e+01  -1.0196000e+01  -1.0215800e+01  -8.7951000e+00  -8.8943000e+00
  -1.0171400e+01  -1.0115800e+01  -1.0187400e+01  -1.0204100e+01  -8.8120000e+00  -8.7730000e+00
  -1.0213900e+01  -1.0138000e+01  -1.0213500e+01  -1.0225200e+01  -8.7406000e+00  -8.6194000e+00
  -1.0283300e+01  -1.0213800e+01  -1.0275800e+01  -1.0285300e+01  -8.6421000e+00  -8.4910000e+00
  -1.0300300e+01  -1.0250200e+01  -1.0300700e+01  -1.0314200e+01  -8.5376000e+00  -8.3913000e+00
  -1.0305200e+01  -1.0224700e+01  -1.0305500e+01  -1.0317800e+01  -8.3803000e+00  -8.3680000e+00
  -1.0319200e+01  -1.0211900e+01  -1.0320000e+01  -1.0336400e+01  -8.2492000e+00  -8.3546000e+00
  -1.0307800e+01  -1.0196900e+01  -1.0322200e+01  -1.0350200e+01  -8.1599000e+00  -8.3177000e+00
  -1.0210000e+01  -1.0160100e+01  -1.0265800e+01  -1.0322500e+01  -8.0742000e+00  -8.2756000e+00
  -1.0121400e+01  -1.0062800e+01  -1.0171000e+01  -1.0233800e+01  -8.1214000e+00  -8.3052000e+00
  -1.0097000e+01  -9.9968000e+00  -1.0097900e+01  -1.0155800e+01  -8.4943000e+00  -8.5193000e+00
  -1.0172000e+01  -9.9639000e+00  -1.0040200e+01  -1.0061300e+01  -8.6562000e+00  -8.5251000e+00
  -1.0133000e+01  -9.9693000e+00  -9.9892000e+00  -9.9597000e+00  -8.3138000e+00  -8.1559000e+00
  -9.9133000e+00  -9.9023000e+00  -9.8860000e+00  -9.8632000e+00  -7.8087000e+00  -7.6659000e+00
  -9.5855000e+00  -9.7322000e+00  -9.7099000e+00  -9.7512000e+00  -7.2559000e+00  -7.1280000e+00
  -9.1850000e+00  -9.4613000e+00  -9.4511000e+00  -9.5836000e+00  -6.6070000e+00  -6.4976000e+00
  -8.7366000e+00  -9.1362000e+00  -9.1285000e+00  -9.3470000e+00  -6.0676000e+00  -5.9885000e+00
  -8.2646000e+00  -8.7627000e+00  -8.7573000e+00  -9.0517000e+00  -5.5960000e+00  -5.5243000e+00
  -7.7795000e+00  -8.3850000e+00  -8.3737000e+00  -8.7068000e+00  -5.0330000e+00  -5.0029000e+00
  -7.3194000e+00  -8.0646000e+00  -8.0289000e+00  -8.3471000e+00  -4.6032000e+00  -4.6196000e+00
  -6.9659000e+00  -7.8222000e+00  -7.7598000e+00  -8.0270000e+00  -4.1786000e+00  -4.1933000e+00
  -6.7900000e+00  -7.6720000e+00  -7.5706000e+00  -7.7761000e+00  -3.7150000e+00  -3.7848000e+00
  -6.7950000e+00  -7.6133000e+00  -7.4661000e+00  -7.6174000e+00  -3.3726000e+00  -3.4595000e+00
  -6.9154000e+00  -7.6179000e+00  -7.4618000e+00  -7.5724000e+00  -2.9994000e+00  -3.1003000e+00
  -7.1448000e+00  -7.6467000e+00  -7.5581000e+00  -7.6880000e+00  -2.7155000e+00  -2.8209000e+00
  -7.4623000e+00  -7.7882000e+00  -7.7658000e+00  -7.9692000e+00  -2.4558000e+00  -2.5725000e+00
  -7.8915000e+00  -8.1786000e+00  -8.1471000e+00  -8.4099000e+00  -2.2403000e+00  -2.3503000e+00
  -8.3053000e+00  -8.6062000e+00  -8.5734000e+00  -8.8239000e+00  -2.0588000e+00  -2.1689000e+00
  -8.7585000e+00  -9.1182000e+00  -9.0278000e+00  -9.2983000e+00  -1.8839000e+00  -1.9957000e+00
  -9.2556000e+00  -9.6269000e+00  -9.5156000e+00  -9.7933000e+00  -1.7300000e+00  -1.8294000e+00
  -9.6852000e+00  -1.0038800e+01  -9.9012000e+00  -1.0136200e+01  -1.6080000e+00  -1.6908000e+00
  -9.9774000e+00  -1.0292500e+01  -1.0164200e+01  -1.0372700e+01  -1.5073000e+00  -1.5851000e+00
  -1.0215000e+01  -1.0497800e+01  -1.0376700e+01  -1.0575800e+01  -1.4229000e+00  -1.5111000e+00
  -1.0422700e+01  -1.0725700e+01  -1.0563500e+01  -1.0757700e+01  -1.3597000e+00  -1.4597000e+00
  -1.0561100e+01  -1.0922700e+01  -1.0691800e+01  -1.0880800e+01  -1.3150000e+00  -1.4170000e+00
  -1.0634000e+01  -1.1080100e+01  -1.0783800e+01  -1.0974800e+01  -1.3002000e+00  -1.3817000e+00
  -1.0645200e+01  -1.1191800e+01  -1.0814200e+01  -1.1000900e+01  -1.3324000e+00  -1.3632000e+00
  -1.0587200e+01  -1.1277500e+01  -1.0791600e+01  -1.0984500e+01  -1.3773000e+00  -1.3643000e+00
  -1.0564700e+01  -1.1347100e+01  -1.0829000e+01  -1.1028500e+01  -1.4217000e+00  -1.3950000e+00
  -1.0552600e+01  -1.1326800e+01  -1.0852400e+01  -1.1048100e+01  -1.4412000e+00  -1.4377000e+00
  -1.0509900e+01  -1.1267900e+01  -1.0830900e+01  -1.1036000e+01  -1.4390000e+00  -1.4761000e+00
  -1.0493300e+01  -1.1221700e+01  -1.0821400e+01  -1.1034200e+01  -1.3952000e+00  -1.5251000e+00
  -1.0502900e+01  -1.1218100e+01  -1.0815300e+01  -1.1027100e+01  -1.4356000e+00  -1.6157000e+00
  -1.0535100e+01  -1.1219800e+01  -1.0802700e+01  -1.1034800e+01  -1.5265000e+00  -1.7846000e+00
  -1.0547400e+01  -1.1203800e+01  -1.0818100e+01  -1.1068800e+01  -1.6882000e+00  -1.9539000e+00
  -1.0567500e+01  -1.1156300e+01  -1.0806000e+01  -1.1058600e+01  -1.9302000e+00  -2.1052000e+00
  -1.0513100e+01  -1.1109300e+01  -1.0809400e+01  -1.1045400e+01  -2.1262000e+00  -2.2788000e+00
  -1.0515600e+01  -1.1123900e+01  -1.0866200e+01  -1.1102200e+01  -2.3716000e+00  -2.7382000e+00
  -1.0622500e+01  -1.1207100e+01  -1.0982500e+01  -1.1234700e+01  -2.7712000e+00  -3.2882000e+00
  -1.0760000e+01  -1.1317200e+01  -1.1103000e+01  -1.1330600e+01  -3.4446000e+00  -3.7332000e+00
  -1.0854200e+01  -1.1345700e+01  -1.1177700e+01  -1.1386100e+01  -3.9426000e+00  -4.1827000e+00
  -1.0921900e+01  -1.1431500e+01  -1.1331200e+01  -1.1494800e+01  -4.4122000e+00  -4.6654000e+00
  -1.1183000e+01  -1.1575100e+01  -1.1505900e+01  -1.1678900e+01  -4.8788000e+00  -5.1742000e+00
  -1.1436500e+01  -1.1745600e+01  -1.1729900e+01  -1.1891300e+01  -5.3594000e+00  -5.7013000e+00
  -1.1727000e+01  -1.1948700e+01  -1.1962200e+01  -1.2085600e+01  -5.7106000e+00  -6.2054000e+00
  -1.1917800e+01  -1.2075100e+01  -1.2087600e+01  -1.2181500e+01  -6.0901000e+00  -6.6672000e+00
  -1.2057600e+01  -1.2191800e+01  -1.2239900e+01  -1.2344400e+01  -6.5903000e+00  -7.0087000e+00
  -1.2234600e+01  -1.2377500e+01  -1.2418200e+01  -1.2536700e+01  -7.1056000e+00  -7.3687000e+00
  -1.2378200e+01  -1.2559600e+01  -1.2563500e+01  -1.2679100e+01  -7.6404000e+00  -7.6453000e+00
  -1.2520700e+01  -1.2704100e+01  -1.2695600e+01  -1.2801700e+01  -8.0941000e+00  -8.0948000e+00
  -1.2744700e+01  -1.2878600e+01  -1.2887000e+01  -1.2976100e+01  -8.3847000e+00  -8.7154000e+00
  -1.3012400e+01  -1.3096400e+01  -1.3125100e+01  -1.3198900e+01  -8.5324000e+00  -9.1297000e+00
  -1.3219400e+01  -1.3306000e+01  -1.3293200e+01  -1.3338700e+01  -9.0055000e+00  -9.5153000e+00
  -1.3344800e+01  -1.3395500e+01  -1.3379800e+01  -1.3406400e+01  -9.5635000e+00  -9.9366000e+00
  -1.3514100e+01  -1.3507400e+01  -1.3520100e+01  -1.3519500e+01  -9.9640000e+00  -1.0308100e+01
  -1.3682900e+01  -1.3659600e+01  -1.3671200e+01  -1.3673900e+01  -1.0308500e+01  -1.0605800e+01
  -1.3744600e+01  -1.3753600e+01  -1.3730300e+01  -1.3731300e+01  -1.0635400e+01  -1.0883200e+01
  -1.3731500e+01  -1.3759700e+01  -1.3716700e+01  -1.3718700e+01  -1.0906200e+01  -1.1177800e+01
  -1.3680200e+01  -1.3699300e+01  -1.3679500e+01  -1.3693400e+01  -1.1107000e+01  -1.1366800e+01
  -1.3637600e+01  -1.3658000e+01  -1.3644700e+01  -1.3662700e+01  -1.1289000e+01  -1.1535800e+01
  -1.3563800e+01  -1.3615900e+01  -1.3592800e+01  -1.3621500e+01  -1.1427200e+01  -1.1750500e+01
  -1.3502700e+01  -1.3593600e+01  -1.3569500e+01  -1.3616400e+01  -1.1623100e+01  -1.1896400e+01
  -1.3479600e+01  -1.3620200e+01  -1.3582600e+01  -1.3646900e+01  -1.1822100e+01  -1.2038200e+01
  -1.3463200e+01  -1.3642600e+01  -1.3574800e+01  -1.3647800e+01  -1.2034800e+01  -1.2182500e+01
  -1.3456000e+01  -1.3638000e+01  -1.3547700e+01  -1.3617300e+01  -1.2217000e+01  -1.2298200e+01
  -1.3492900e+01  -1.3656200e+01  -1.3573900e+01  -1.3641200e+01  -1.2353900e+01  -1.2480300e+01
  -1.3542800e+01  -1.3693000e+01  -1.3613400e+01  -1.3678000e+01  -1.2329200e+01  -1.2744500e+01
  -1.3561300e+01  -1.3684400e+01  -1.3619600e+01  -1.3671700e+01  -1.2386700e+01  -1.2950700e+01
  -1.3563100e+01  -1.3667900e+01  -1.3608200e+01  -1.3649900e+01  -1.2648200e+01  -1.3200100e+01
  -1.3547300e+01  -1.3649800e+01  -1.3582600e+01  -1.3616500e+01  -1.2904600e+01  -1.3471200e+01
  -1.3562900e+01  -1.3649500e+01  -1.3588000e+01  -1.3612700e+01  -1.3045900e+01  -1.3697100e+01
  -1.3646900e+01  -1.3683400e+01  -1.3648100e+01  -1.3656800e+01  -1.3143200e+01  -1.3806500e+01
  -1.3790600e+01  -1.3775500e+01  -1.3775300e+01  -1.3770300e+01  -1.3236600e+01  -1.3855800e+01
  -1.3919800e+01  -1.3904200e+01  -1.3902200e+01  -1.3898900e+01  -1.3376100e+01  -1.3908100e+01
  -1.4004200e+01  -1.4010000e+01  -1.3987300e+01  -1.3986200e+01  -1.3618700e+01  -1.3952300e+01
  -1.4042700e+01  -1.4046500e+01  -1.4010000e+01  -1.4002800e+01  -1.3839400e+01  -1.3947300e+01
  -1.4106000e+01  -1.4029600e+01  -1.4016600e+01  -1.3974900e+01  -1.3870600e+01  -1.3909100e+01
  -1.4167600e+01  -1.4046500e+01  -1.4053600e+01  -1.3998200e+01  -1.3824000e+01  -1.3766800e+01
  -1.4145900e+01  -1.4052900e+01  -1.4057100e+01  -1.4010700e+01  -1.3788500e+01  -1.3774300e+01
  -1.4085400e+01  -1.3969500e+01  -1.3976700e+01  -1.3917500e+01  -1.3777200e+01  -1.4067200e+01
  -1.4013300e+01  -1.3866700e+01  -1.3896800e+01  -1.3832300e+01  -1.3784800e+01  -1.4343800e+01
  -1.3967100e+01  -1.3845200e+01  -1.3881900e+01  -1.3833400e+01  -1.4028500e+01  -1.4511900e+01
  -1.3929700e+01  -1.3845700e+01  -1.3857300e+01  -1.3830000e+01  -1.4395200e+01  -1.4708100e+01
  -1.3866100e+01  -1.3830000e+01  -1.3818500e+01  -1.3814600e+01  -1.4637400e+01  -1.4864700e+01
  -1.3765200e+01  -1.3821700e+01  -1.3756400e+01  -1.3783200e+01  -1.4786500e+01  -1.4927200e+01
  -1.3476100e+01  -1.3695200e+01  -1.3566300e+01  -1.3652300e+01  -1.4846000e+01  -1.4950300e+01
  -1.3238400e+01  -1.3460900e+01  -1.3349400e+01  -1.3438300e+01  -1.4831000e+01  -1.4924000e+01
  -1.3040900e+01  -1.3265700e+01  -1.3176300e+01  -1.3272100e+01  -1.4837700e+01  -1.4830200e+01
  -1.2886500e+01  -1.3050200e+01  -1.3012900e+01  -1.3095000e+01  -1.4842100e+01  -1.4690000e+01
  -1.2806600e+01  -1.2937900e+01  -1.2910600e+01  -1.2972400e+01  -1.4728300e+01  -1.4404700e+01
  -1.2819500e+01  -1.2858100e+01  -1.2857800e+01  -1.2877800e+01  -1.4241400e+01  -1.4760600e+01
  -1.3348900e+01  -1.2938900e+01  -1.3097800e+01  -1.2951400e+01  -1.4745100e+01  -1.4915200e+01
  -1.3946000e+01  -1.3502200e+01  -1.3705300e+01  -1.3516700e+01  -1.4715800e+01  -1.4813700e+01
  -1.4275100e+01  -1.4088600e+01  -1.4185100e+01  -1.4093000e+01  -1.4690800e+01  -1.4713700e+01
  -1.4540700e+01  -1.4434600e+01  -1.4425600e+01  -1.4393900e+01  -1.4479100e+01  -1.4422400e+01
  -1.4476800e+01  -1.4597400e+01  -1.4526500e+01  -1.4574300e+01  -1.4005300e+01  -1.3977000e+01
  -1.4432500e+01  -1.4541000e+01  -1.4409000e+01  -1.4438700e+01  -1.3462500e+01  -1.3453500e+01
  -1.4279900e+01  -1.4430400e+01  -1.4264000e+01  -1.4300800e+01  -1.2889700e+01  -1.2876200e+01
  -1.3953300e+01  -1.4268600e+01  -1.4048800e+01  -1.4155500e+01  -1.2253500e+01  -1.2347600e+01
  -1.3732500e+01  -1.4032900e+01  -1.3890100e+01  -1.4021800e+01  -1.1633800e+01  -1.1740200e+01
  -1.3681100e+01  -1.3982000e+01  -1.3851000e+01  -1.3989600e+01  -1.0932500e+01  -1.0972900e+01
  -1.3565300e+01  -1.3839900e+01  -1.3650900e+01  -1.3735000e+01  -1.0497600e+01  -1.0338300e+01
  -1.3343900e+01  -1.3538200e+01  -1.3327600e+01  -1.3365200e+01  -1.0083500e+01  -9.7825000e+00
  -1.3071700e+01  -1.3247400e+01  -1.3046200e+01  -1.3094900e+01  -9.5400000e+00  -9.1842000e+00
  -1.2737700e+01  -1.3091600e+01  -1.2822300e+01  -1.2881400e+01  -8.9375000e+00  -8.6115000e+00
  -1.2402500e+01  -1.2917900e+01  -1.2563000e+01  -1.2621900e+01  -8.4290000e+00  -8.1807000e+00
  -1.2015100e+01  -1.2599100e+01  -1.2196100e+01  -1.2251100e+01  -7.9462000e+00  -7.7483000e+00
  -1.1552300e+01  -1.2104300e+01  -1.1732500e+01  -1.1821900e+01  -7.4739000e+00  -7.3128000e+00
  -1.1157900e+01  -1.1611600e+01  -1.1346600e+01  -1.1459400e+01  -7.0769000e+00  -6.9072000e+00
  -1.0855000e+01  -1.1303000e+01  -1.1083300e+01  -1.1174100e+01  -6.7329000e+00  -6.4879000e+00
  -1.0551600e+01  -1.1073800e+01  -1.0868500e+01  -1.1003000e+01  -6.3157000e+00  -6.1637000e+00
  -1.0327600e+01  -1.1021500e+01  -1.0713000e+01  -1.0954400e+01  -5.9350000e+00  -5.9584000e+00
  -1.0360000e+01  -1.1394900e+01  -1.0968500e+01  -1.1280900e+01  -5.7141000e+00  -5.7701000e+00
  -1.0396400e+01  -1.1586100e+01  -1.1026000e+01  -1.1365500e+01  -5.5372000e+00  -5.5592000e+00
  -1.0439200e+01  -1.1738600e+01  -1.1147600e+01  -1.1493800e+01  -5.3362000e+00  -5.3879000e+00
  -1.0481700e+01  -1.1693300e+01  -1.1136300e+01  -1.1483000e+01  -5.1694000e+00  -5.2784000e+00
  -1.0507800e+01  -1.1811100e+01  -1.1276900e+01  -1.1710600e+01  -5.0807000e+00  -5.1858000e+00
  -1.0663900e+01  -1.2045200e+01  -1.1427900e+01  -1.1837000e+01  -5.0036000e+00  -5.1064000e+00
  -1.0732300e+01  -1.2052500e+01  -1.1412700e+01  -1.1790100e+01  -4.9425000e+00  -5.0268000e+00
  -1.0923700e+01  -1.2169200e+01  -1.1549000e+01  -1.1960800e+01  -4.8901000e+00  -4.9582000e+00
  -1.1219400e+01  -1.2425900e+01  -1.1847400e+01  -1.2289200e+01  -4.8438000e+00  -4.9397000e+00
  -1.1799300e+01  -1.2750500e+01  -1.2259400e+01  -1.2704800e+01  -4.8393000e+00  -4.9827000e+00
  -1.2266900e+01  -1.3164200e+01  -1.2698500e+01  -1.3196100e+01  -4.8942000e+00  -5.0705000e+00
  -1.2623000e+01  -1.3536200e+01  -1.3002000e+01  -1.3471500e+01  -4.9916000e+00  -5.1606000e+00
  -1.2791300e+01  -1.3602800e+01  -1.3118900e+01  -1.3540700e+01  -5.0821000e+00  -5.2693000e+00
  -1.3008800e+01  -1.3689300e+01  -1.3253200e+01  -1.3615200e+01  -5.1845000e+00  -5.4463000e+00
  -1.3164400e+01  -1.3680900e+01  -1.3336500e+01  -1.3655500e+01  -5.3725000e+00  -5.6357000e+00
  -1.3306700e+01  -1.3722900e+01  -1.3441800e+01  -1.3754300e+01  -5.5770000e+00  -5.8562000e+00
  -1.3370300e+01  -1.3825900e+01  -1.3512700e+01  -1.3836300e+01  -5.8136000e+00  -6.1103000e+00
  -1.3256900e+01  -1.3881800e+01  -1.3478700e+01  -1.3794400e+01  -6.1002000e+00  -6.3664000e+00
  -1.2977400e+01  -1.3796000e+01  -1.3325700e+01  -1.3683700e+01  -6.3890000e+00  -6.6331000e+00
  -1.2603400e+01  -1.3729500e+01  -1.3121000e+01  -1.3555600e+01  -6.6631000e+00  -6.8262000e+00
  -1.2014700e+01  -1.3461100e+01  -1.2657300e+01  -1.3153500e+01  -6.8689000e+00  -6.9481000e+00
  -1.1458700e+01  -1.2961400e+01  -1.2143400e+01  -1.2591200e+01  -6.9643000e+00  -7.0266000e+00
  -1.1368000e+01  -1.2451400e+01  -1.1971000e+01  -1.2346700e+01  -7.1547000e+00  -7.2789000e+00
  -1.1829000e+01  -1.2626700e+01  -1.2279000e+01  -1.2576200e+01  -7.3797000e+00  -7.5256000e+00
  -1.2183500e+01  -1.2765400e+01  -1.2479400e+01  -1.2702900e+01  -7.6945000e+00  -7.8664000e+00
  -1.2269000e+01  -1.2776600e+01  -1.2517100e+01  -1.2690900e+01  -8.0612000e+00  -8.2568000e+00
  -1.2376700e+01  -1.2801300e+01  -1.2585400e+01  -1.2781800e+01  -8.4654000e+00  -8.6823000e+00
  -1.2423200e+01  -1.2826100e+01  -1.2586100e+01  -1.2769400e+01  -8.8608000e+00  -9.0621000e+00
  -1.2441000e+01  -1.2835700e+01  -1.2595400e+01  -1.2777700e+01  -9.2294000e+00  -9.3925000e+00
  -1.2504500e+01  -1.3063400e+01  -1.2768900e+01  -1.3013700e+01  -9.5420000e+00  -9.6961000e+00
  -1.2583600e+01  -1.3245500e+01  -1.2912800e+01  -1.3175100e+01  -9.8256000e+00  -9.9354000e+00
  -1.2523500e+01  -1.3289800e+01  -1.2912600e+01  -1.3213800e+01  -1.0060900e+01  -1.0141500e+01
  -1.2534500e+01  -1.3171500e+01  -1.2848500e+01  -1.3081800e+01  -1.0260500e+01  -1.0304300e+01
  -1.2607100e+01  -1.3075100e+01  -1.2852800e+01  -1.3043500e+01  -1.0425300e+01  -1.0453700e+01
  -1.2596300e+01  -1.3067400e+01  -1.2825000e+01  -1.3003000e+01  -1.0576200e+01  -1.0581200e+01
  -1.2504800e+01  -1.2993800e+01  -1.2737800e+01  -1.2901900e+01  -1.0702100e+01  -1.0678700e+01
  -1.2403600e+01  -1.2905600e+01  -1.2658700e+01  -1.2821100e+01  -1.0795400e+01  -1.0764400e+01
  -1.2432800e+01  -1.2818000e+01  -1.2656800e+01  -1.2810200e+01  -1.0873600e+01  -1.0827300e+01
  -1.2527100e+01  -1.2829100e+01  -1.2704700e+01  -1.2831100e+01  -1.0933000e+01  -1.0847800e+01
  -1.2597000e+01  -1.2844500e+01  -1.2731500e+01  -1.2831200e+01  -1.0958200e+01  -1.0835800e+01
  -1.2658700e+01  -1.2880100e+01  -1.2769300e+01  -1.2850400e+01  -1.0948600e+01  -1.0812200e+01
  -1.2669700e+01  -1.2890100e+01  -1.2776100e+01  -1.2857500e+01  -1.0924600e+01  -1.0770400e+01
  -1.2656600e+01  -1.2846000e+01  -1.2740700e+01  -1.2811100e+01  -1.0891500e+01  -1.0723000e+01
  -1.2664800e+01  -1.2807400e+01  -1.2721200e+01  -1.2763500e+01  -1.0849300e+01  -1.0672200e+01
  -1.2691900e+01  -1.2821900e+01  -1.2744000e+01  -1.2774500e+01  -1.0801400e+01  -1.0619500e+01
  -1.2722600e+01  -1.2836500e+01  -1.2773900e+01  -1.2806100e+01  -1.0757100e+01  -1.0562400e+01
  -1.2768900e+01  -1.2886400e+01  -1.2834800e+01  -1.2881700e+01  -1.0705200e+01  -1.0505200e+01
  -1.2807700e+01  -1.2922900e+01  -1.2876000e+01  -1.2935900e+01  -1.0648500e+01  -1.0426600e+01
  -1.2838700e+01  -1.2936000e+01  -1.2888800e+01  -1.2941400e+01  -1.0576100e+01  -1.0338400e+01
  -1.2834000e+01  -1.2929900e+01  -1.2877800e+01  -1.2921900e+01  -1.0489300e+01  -1.0243000e+01
  -1.2785900e+01  -1.2905300e+01  -1.2840700e+01  -1.2887000e+01  -1.0392200e+01  -1.0153000e+01
  -1.2691700e+01  -1.2837600e+01  -1.2762600e+01  -1.2817300e+01  -1.0290800e+01  -1.0078300e+01
  -1.2591400e+01  -1.2755300e+01  -1.2676300e+01  -1.2739700e+01  -1.0187600e+01  -1.0017000e+01
  -1.2473900e+01  -1.2654000e+01  -1.2571000e+01  -1.2643100e+01  -1.0088000e+01  -9.9592000e+00
  -1.2329200e+01  -1.2529800e+01  -1.2443300e+01  -1.2529800e+01  -9.9904000e+00  -9.9029000e+00
  -1.2166500e+01  -1.2391100e+01  -1.2300800e+01  -1.2405200e+01  -9.8895000e+00  -9.8353000e+00
  -1.2041300e+01  -1.2269800e+01  -1.2174100e+01  -1.2274100e+01  -9.8007000e+00  -9.7508000e+00
  -1.1931400e+01  -1.2161600e+01  -1.2058000e+01  -1.2145700e+01  -9.7257000e+00  -9.6749000e+00
  -1.1834300e+01  -1.2053400e+01  -1.1954200e+01  -1.2035100e+01  -9.6462000e+00  -9.5847000e+00
  -1.1716100e+01  -1.1938200e+01  -1.1842400e+01  -1.1926200e+01  -9.5582000e+00  -9.4949000e+00
  -1.1595700e+01  -1.1824800e+01  -1.1727500e+01  -1.1811200e+01  -9.4547000e+00  -9.4058000e+00
  -1.1447800e+01  -1.1713300e+01  -1.1601000e+01  -1.1696800e+01  -9.3717000e+00  -9.2974000e+00
  -1.1275900e+01  -1.1546500e+01  -1.1435000e+01  -1.1542200e+01  -9.2944000e+00  -9.1936000e+00
  -1.1143200e+01  -1.1382000e+01  -1.1287100e+01  -1.1386200e+01  -9.2297000e+00  -9.1292000e+00
  -1.1080000e+01  -1.1289600e+01  -1.1204800e+01  -1.1292500e+01  -9.1776000e+00  -9.0958000e+00
  -1.1037000e+01  -1.1268400e+01  -1.1181300e+01  -1.1282700e+01  -9.1315000e+00  -9.0405000e+00
  -1.0969700e+01  -1.1193600e+01  -1.1114600e+01  -1.1223000e+01  -9.0847000e+00  -8.9555000e+00
  -1.0929400e+01  -1.1112600e+01  -1.1051200e+01  -1.1131800e+01  -8.9813000e+00  -8.8519000e+00
  -1.0855700e+01  -1.1002400e+01  -1.0951400e+01  -1.1020700e+01  -8.8471000e+00  -8.7945000e+00
  -1.0704100e+01  -1.0864300e+01  -1.0810300e+01  -1.0894900e+01  -8.7588000e+00  -8.7301000e+00
  -1.0525200e+01  -1.0692800e+01  -1.0640000e+01  -1.0735200e+01  -8.5442000e+00  -8.6123000e+00
  -1.0372300e+01  -1.0543000e+01  -1.0492800e+01  -1.0597700e+01  -8.2757000e+00  -8.4482000e+00
  -1.0223200e+01  -1.0395900e+01  -1.0347900e+01  -1.0460300e+01  -7.9692000e+00  -8.2713000e+00
  -1.0054900e+01  -1.0252400e+01  -1.0197400e+01  -1.0332300e+01  -7.7018000e+00  -8.0708000e+00
  -9.8375000e+00  -1.0064000e+01  -9.9948000e+00  -1.0151300e+01  -7.4157000e+00  -7.6616000e+00
  -9.5478000e+00  -9.7748000e+00  -9.6998000e+00  -9.8659000e+00  -7.0655000e+00  -7.1459000e+00
  -9.3060000e+00  -9.4471000e+00  -9.4687000e+00  -9.5546000e+00  -6.4354000e+00  -6.5830000e+00
  -9.4027000e+00  -9.6097000e+00  -9.5698000e+00  -9.6477000e+00  -5.5757000e+00  -5.7767000e+00
  -9.1491000e+00  -9.4691000e+00  -9.4053000e+00  -9.5509000e+00  -5.7877000e+00  -6.3629000e+00
  -8.7364000e+00  -8.9872000e+00  -8.9662000e+00  -9.1434000e+00  -5.5844000e+00  -6.6725000e+00
  -8.6118000e+00  -8.6714000e+00  -8.7633000e+00  -8.8979000e+00  -4.8805000e+00  -6.3764000e+00
  -8.4756000e+00  -8.7683000e+00  -8.6565000e+00  -8.8623000e+00  -4.2473000e+00  -5.7744000e+00
  -7.7015000e+00  -8.3455000e+00  -8.0957000e+00  -8.4269000e+00  -3.8295000e+00  -5.0998000e+00
  -7.7866000e+00  -7.9696000e+00  -7.9249000e+00  -8.1968000e+00  -3.7041000e+00  -4.4108000e+00
  -7.4704000e+00  -7.6208000e+00  -7.5855000e+00  -7.7294000e+00  -3.5934000e+00  -3.5712000e+00
  -6.8807000e+00  -7.2426000e+00  -7.1466000e+00  -7.4181000e+00  -3.4343000e+00  -3.0895000e+00
  -6.5237000e+00  -6.7861000e+00  -6.7403000e+00  -7.0017000e+00  -3.2366000e+00  -2.8945000e+00
  -5.8521000e+00  -6.1719000e+00  -6.0835000e+00  -6.2128000e+00  -2.9936000e+00  -2.6151000e+00
  -5.2899000e+00  -5.6418000e+00  -5.5439000e+00  -5.6171000e+00  -2.6761000e+00  -2.2939000e+00
  -4.7063000e+00  -5.0490000e+00  -4.9776000e+00  -5.0309000e+00  -2.3430000e+00  -1.9639000e+00
  -4.1690000e+00  -4.5578000e+00  -4.4954000e+00  -4.5849000e+00  -2.0005000e+00  -1.7297000e+00
  -3.6571000e+00  -4.0173000e+00  -3.9791000e+00  -4.0795000e+00  -1.6850000e+00  -1.5136000e+00
  -3.1471000e+00  -3.4936000e+00  -3.4761000e+00  -3.5942000e+00  -1.4526000e+00  -1.3050000e+00
  -2.6023000e+00  -2.9274000e+00  -2.9243000e+00  -3.0426000e+00  -1.3361000e+00  -1.1619000e+00
  -2.1975000e+00  -2.4329000e+00  -2.4284000e+00  -2.4775000e+00  -1.3219000e+00  -9.8360000e-01
  -1.9480000e+00  -2.1177000e+00  -2.0871000e+00  -2.0572000e+00  -1.2272000e+00  -8.8660000e-01
  -1.7707000e+00  -1.8949000e+00  -1.8477000e+00  -1.8079000e+00  -1.1006000e+00  -1.0602000e+00
  -1.6036000e+00  -1.7261000e+00  -1.6627000e+00  -1.6351000e+00  -1.0019000e+00  -8.7570000e-01
  -1.2697000e+00  -1.4991000e+00  -1.4069000e+00  -1.4096000e+00  -1.2349000e+00  -7.8910000e-01
  -8.1920000e-01  -1.1194000e+00  -1.0802000e+00  -1.1280000e+00  -1.8456000e+00  -8.0290000e-01
  -5.0670000e-01  -7.1410000e-01  -7.2020000e-01  -7.6430000e-01  -2.1248000e+00  -7.4210000e-01
  -1.2191000e+00  -1.6058000e+00  -7.6820000e-01  -5.9150000e-01  -1.6877000e+00  -7.3590000e-01
  -3.6695000e+00  -4.0351000e+00  -3.5484000e+00  -3.5340000e+00  -1.8609000e+00  -8.5530000e-01
  -2.3552000e+00  -2.7700000e+00  -2.8570000e+00  -3.6237000e+00  -1.9827000e+00  -8.9650000e-01
  -8.7030000e-01  -1.6865000e+00  -1.7979000e+00  -1.9489000e+00  -2.3653000e+00  -1.3359000e+00
  -2.3993000e+00  -1.4631000e+00  -1.8705000e+00  -1.5813000e+00  -2.9711000e+00  -2.3891000e+00
  -1.8848000e+00  -2.2040000e+00  -2.2513000e+00  -2.3688000e+00  -3.4440000e+00  -2.4042000e+00
  -2.0809000e+00  -1.9927000e+00  -2.4581000e+00  -2.5192000e+00  -3.8993000e+00  -2.9433000e+00
  -7.2000000e-01  -1.1073000e+00  -2.0897000e+00  -2.7493000e+00  -4.2528000e+00  -3.4914000e+00
  -1.1168000e+00  -1.1368000e+00  -1.2957000e+00  -1.6085000e+00  -4.5282000e+00  -3.8875000e+00
  -1.2324000e+00  -1.9725000e+00  -1.7789000e+00  -2.6879000e+00  -4.7456000e+00  -4.1770000e+00
  -1.5389000e+00  -2.4766000e+00  -2.5320000e+00  -3.8190000e+00  -4.9351000e+00  -4.4571000e+00
  -2.3596000e+00  -2.0046000e+00  -2.7049000e+00  -4.4898000e+00  -5.1325000e+00  -4.6974000e+00
  -2.7825000e+00  -2.1638000e+00  -2.6796000e+00  -3.7516000e+00  -5.3497000e+00  -4.9390000e+00
  -2.8022000e+00  -2.7638000e+00  -2.9105000e+00  -3.3327000e+00  -5.5725000e+00  -5.1870000e+00
  -3.0325000e+00  -5.3687000e+00  -4.1159000e+00  -4.7119000e+00  -5.7854000e+00  -5.4500000e+00
  -9.3323000e+00  -9.7804000e+00  -9.4966000e+00  -9.6862000e+00  -5.9772000e+00  -5.7125000e+00
  -1.0327000e+01  -1.1167000e+01  -1.0727000e+01  -1.1159300e+01  -6.1388000e+00  -5.9487000e+00
  -1.1057500e+01  -1.1768900e+01  -1.1402600e+01  -1.1638300e+01  -6.3005000e+00  -6.1573000e+00
  -1.1630400e+01  -1.2566500e+01  -1.2243500e+01  -1.2415100e+01  -6.5025000e+00  -6.3379000e+00
  -1.1738400e+01  -1.2327600e+01  -1.2185200e+01  -1.2391800e+01  -6.7381000e+00  -6.5583000e+00
  -1.1853600e+01  -1.2358500e+01  -1.2309200e+01  -1.2531800e+01  -6.9343000e+00  -6.8240000e+00
  -1.1547700e+01  -1.1576900e+01  -1.1740700e+01  -1.1891000e+01  -7.0639000e+00  -7.0578000e+00
  -1.1528700e+01  -1.1740000e+01  -1.1759200e+01  -1.1853600e+01  -7.1663000e+00  -7.2150000e+00
  -1.0907000e+01  -1.1335400e+01  -1.1388100e+01  -1.1580300e+01  -7.2532000e+00  -7.3433000e+00
  -1.0748600e+01  -1.1149500e+01  -1.1139700e+01  -1.1305200e+01  -7.2996000e+00  -7.4529000e+00
  -1.0945900e+01  -1.1317400e+01  -1.1257400e+01  -1.1404100e+01  -7.3462000e+00  -7.5359000e+00
  -1.1088000e+01  -1.1441700e+01  -1.1373900e+01  -1.1519000e+01  -7.4757000e+00  -7.5770000e+00
  -1.1192000e+01  -1.1501600e+01  -1.1451400e+01  -1.1597400e+01  -7.6126000e+00  -7.6212000e+00
  -1.1310300e+01  -1.1611300e+01  -1.1536600e+01  -1.1671100e+01  -7.7294000e+00  -7.7095000e+00
  -1.1481200e+01  -1.1744000e+01  -1.1684200e+01  -1.1813700e+01  -7.8783000e+00  -7.8469000e+00
  -1.1599000e+01  -1.1795300e+01  -1.1776500e+01  -1.1889400e+01  -8.0180000e+00  -8.0358000e+00
  -1.1656000e+01  -1.1840200e+01  -1.1814700e+01  -1.1904900e+01  -8.0680000e+00  -8.2497000e+00
  -1.1684100e+01  -1.1871600e+01  -1.1845800e+01  -1.1940800e+01  -8.1188000e+00  -8.4184000e+00
  -1.1851900e+01  -1.2059700e+01  -1.1975400e+01  -1.2068800e+01  -8.2663000e+00  -8.5218000e+00
  -1.2124800e+01  -1.2306300e+01  -1.2215000e+01  -1.2293400e+01  -8.4335000e+00  -8.6669000e+00
  -1.2317100e+01  -1.2487300e+01  -1.2406700e+01  -1.2488500e+01  -8.6368000e+00  -8.8513000e+00
  -1.2391300e+01  -1.2524800e+01  -1.2488900e+01  -1.2577200e+01  -9.0281000e+00  -9.0674000e+00
  -1.2387700e+01  -1.2476400e+01  -1.2477900e+01  -1.2563200e+01  -9.4851000e+00  -9.3652000e+00
  -1.2402500e+01  -1.2447100e+01  -1.2456100e+01  -1.2512500e+01  -9.8841000e+00  -9.7198000e+00
  -1.2449100e+01  -1.2465900e+01  -1.2472400e+01  -1.2498800e+01  -1.0086300e+01  -9.9918000e+00
  -1.2480600e+01  -1.2502300e+01  -1.2506700e+01  -1.2523300e+01  -1.0204600e+01  -1.0073500e+01
  -1.2515200e+01  -1.2570000e+01  -1.2556100e+01  -1.2571200e+01  -1.0374700e+01  -1.0190100e+01
  -1.2573800e+01  -1.2699600e+01  -1.2641600e+01  -1.2669700e+01  -1.0585400e+01  -1.0404500e+01
  -1.2863700e+01  -1.3005600e+01  -1.2865100e+01  -1.2879300e+01  -1.0736000e+01  -1.0606200e+01
  -1.3321500e+01  -1.3421100e+01  -1.3278500e+01  -1.3268200e+01  -1.0854400e+01  -1.0718900e+01
  -1.3771500e+01  -1.3826300e+01  -1.3730900e+01  -1.3720300e+01  -1.1008800e+01  -1.0868900e+01
  -1.4007400e+01  -1.4033400e+01  -1.3979900e+01  -1.3973300e+01  -1.1313400e+01  -1.1045000e+01
  -1.4279200e+01  -1.4295300e+01  -1.4230200e+01  -1.4208300e+01  -1.1583200e+01  -1.1208800e+01
  -1.4519000e+01  -1.4495800e+01  -1.4456300e+01  -1.4426400e+01  -1.1855600e+01  -1.1343300e+01
  -1.4697900e+01  -1.4642700e+01  -1.4615200e+01  -1.4574000e+01  -1.1996200e+01  -1.1516000e+01
  -1.4874700e+01  -1.4781100e+01  -1.4765100e+01  -1.4704100e+01  -1.2121200e+01  -1.1742400e+01
  -1.5039700e+01  -1.4923500e+01  -1.4920800e+01  -1.4840200e+01  -1.2234100e+01  -1.1943600e+01
  -1.5160000e+01  -1.5029900e+01  -1.5044600e+01  -1.4961100e+01  -1.2499000e+01  -1.2105200e+01
  -1.5241400e+01  -1.5121700e+01  -1.5129000e+01  -1.5054500e+01  -1.2730100e+01  -1.2264500e+01
  -1.5322500e+01  -1.5199300e+01  -1.5212400e+01  -1.5142900e+01  -1.2939200e+01  -1.2430300e+01
  -1.5397500e+01  -1.5263800e+01  -1.5281500e+01  -1.5214700e+01  -1.3084600e+01  -1.2673000e+01
  -1.5521300e+01  -1.5352200e+01  -1.5373400e+01  -1.5290600e+01  -1.3260700e+01  -1.2922500e+01
  -1.5658700e+01  -1.5443500e+01  -1.5472600e+01  -1.5370400e+01  -1.3423000e+01  -1.3158100e+01
  -1.5786400e+01  -1.5536100e+01  -1.5583100e+01  -1.5470400e+01  -1.3432400e+01  -1.3393800e+01
  -1.5927100e+01  -1.5648000e+01  -1.5696200e+01  -1.5560100e+01  -1.3446400e+01  -1.3565700e+01
  -1.6062700e+01  -1.5757900e+01  -1.5826700e+01  -1.5677500e+01  -1.3541700e+01  -1.3698600e+01
  -1.6174000e+01  -1.5839500e+01  -1.5924700e+01  -1.5763200e+01  -1.3615900e+01  -1.3855800e+01
  -1.6270400e+01  -1.5917200e+01  -1.6007700e+01  -1.5836600e+01  -1.3687700e+01  -1.4041800e+01
  -1.6359100e+01  -1.6000600e+01  -1.6087900e+01  -1.5908100e+01  -1.3786400e+01  -1.4160700e+01
  -1.6444700e+01  -1.6082900e+01  -1.6174100e+01  -1.5989800e+01  -1.3907400e+01  -1.4242400e+01
  -1.6530600e+01  -1.6160500e+01  -1.6259600e+01  -1.6068000e+01  -1.4040400e+01  -1.4306800e+01
  -1.6595400e+01  -1.6224100e+01  -1.6330000e+01  -1.6137400e+01  -1.4185500e+01  -1.4389900e+01
  -1.6630000e+01  -1.6279100e+01  -1.6379400e+01  -1.6194200e+01  -1.4341500e+01  -1.4508100e+01
  -1.6664300e+01  -1.6323800e+01  -1.6417300e+01  -1.6240000e+01  -1.4487900e+01  -1.4639600e+01
  -1.6731900e+01  -1.6343700e+01  -1.6450800e+01  -1.6267100e+01  -1.4633600e+01  -1.4807200e+01
  -1.6768400e+01  -1.6332200e+01  -1.6454400e+01  -1.6254600e+01  -1.4970200e+01  -1.5098100e+01
  -1.6701300e+01  -1.6257300e+01  -1.6406600e+01  -1.6201300e+01  -1.5124000e+01  -1.5255600e+01
  -1.6526100e+01  -1.6106200e+01  -1.6274900e+01  -1.6094800e+01  -1.5198400e+01  -1.5335700e+01
  -1.6245400e+01  -1.5961600e+01  -1.6116000e+01  -1.5998700e+01  -1.5132200e+01  -1.5223100e+01
  -1.5831200e+01  -1.5863500e+01  -1.5919100e+01  -1.5932600e+01  -1.4859200e+01  -1.4860000e+01
  -1.5596200e+01  -1.5821400e+01  -1.5823300e+01  -1.5923300e+01  -1.4549400e+01  -1.4481400e+01
  -1.5447900e+01  -1.5766400e+01  -1.5754000e+01  -1.5898800e+01  -1.4238900e+01  -1.4127700e+01
  -1.5305100e+01  -1.5723900e+01  -1.5688100e+01  -1.5873900e+01  -1.3891900e+01  -1.3834500e+01
  -1.5164700e+01  -1.5681500e+01  -1.5629500e+01  -1.5855400e+01  -1.3578500e+01  -1.3564600e+01
  -1.5032500e+01  -1.5642400e+01  -1.5575200e+01  -1.5839000e+01  -1.3299100e+01  -1.3264800e+01
  -1.4926700e+01  -1.5619800e+01  -1.5533000e+01  -1.5831300e+01  -1.3016500e+01  -1.2916400e+01
  -1.4854400e+01  -1.5612300e+01  -1.5519500e+01  -1.5839600e+01  -1.2720500e+01  -1.2571800e+01
  -1.4808200e+01  -1.5612600e+01  -1.5520700e+01  -1.5855500e+01  -1.2419400e+01  -1.2271200e+01
  -1.4783300e+01  -1.5623600e+01  -1.5528100e+01  -1.5876000e+01  -1.2142300e+01  -1.1987800e+01
  -1.4758200e+01  -1.5628000e+01  -1.5532900e+01  -1.5893100e+01  -1.1870400e+01  -1.1680900e+01
  -1.4743900e+01  -1.5634200e+01  -1.5537300e+01  -1.5903600e+01  -1.1581800e+01  -1.1378500e+01
  -1.4743000e+01  -1.5643300e+01  -1.5547900e+01  -1.5917300e+01  -1.1316900e+01  -1.1117800e+01
  -1.4728600e+01  -1.5641200e+01  -1.5549500e+01  -1.5926000e+01  -1.1092600e+01  -1.0886100e+01
  -1.4682800e+01  -1.5622200e+01  -1.5524000e+01  -1.5914300e+01  -1.0862500e+01  -1.0644800e+01
  -1.4600500e+01  -1.5569800e+01  -1.5474600e+01  -1.5884100e+01  -1.0610400e+01  -1.0382000e+01
  -1.4494900e+01  -1.5503400e+01  -1.5400000e+01  -1.5829100e+01  -1.0349900e+01  -1.0141100e+01
  -1.4397900e+01  -1.5419100e+01  -1.5315400e+01  -1.5761000e+01  -1.0111400e+01  -9.9394000e+00
  -1.4306900e+01  -1.5349200e+01  -1.5230300e+01  -1.5695100e+01  -9.9050000e+00  -9.7516000e+00
  -1.4237400e+01  -1.5271900e+01  -1.5149700e+01  -1.5620300e+01  -9.7036000e+00  -9.5593000e+00
  -1.4175100e+01  -1.5201400e+01  -1.5091800e+01  -1.5553400e+01  -9.5225000e+00  -9.3624000e+00
  -1.4113800e+01  -1.5136200e+01  -1.5024400e+01  -1.5479300e+01  -9.3642000e+00  -9.1629000e+00
  -1.4051600e+01  -1.5067800e+01  -1.4961000e+01  -1.5414200e+01  -9.2239000e+00  -8.9744000e+00
  -1.4010700e+01  -1.5038000e+01  -1.4911400e+01  -1.5357800e+01  -9.0952000e+00  -8.8149000e+00
  -1.3999900e+01  -1.5001200e+01  -1.4868400e+01  -1.5327900e+01  -8.9767000e+00  -8.6827000e+00
  -1.3950500e+01  -1.4961200e+01  -1.4801700e+01  -1.5258600e+01  -8.8657000e+00  -8.5705000e+00
  -1.3948000e+01  -1.4951500e+01  -1.4775100e+01  -1.5217700e+01  -8.7546000e+00  -8.4770000e+00
  -1.4019800e+01  -1.4993900e+01  -1.4808500e+01  -1.5224700e+01  -8.6577000e+00  -8.4003000e+00
  -1.4161700e+01  -1.5069500e+01  -1.4884700e+01  -1.5262200e+01  -8.5929000e+00  -8.3388000e+00
  -1.4377800e+01  -1.5170500e+01  -1.4991400e+01  -1.5311800e+01  -8.5522000e+00  -8.2974000e+00
  -1.4581700e+01  -1.5263600e+01  -1.5113700e+01  -1.5361900e+01  -8.5208000e+00  -8.2767000e+00
  -1.4768200e+01  -1.5338200e+01  -1.5222800e+01  -1.5397600e+01  -8.5022000e+00  -8.2701000e+00
  -1.4973400e+01  -1.5360700e+01  -1.5283400e+01  -1.5408700e+01  -8.5044000e+00  -8.2717000e+00
  -1.5146800e+01  -1.5411100e+01  -1.5338200e+01  -1.5436200e+01  -8.5331000e+00  -8.2813000e+00
  -1.5334300e+01  -1.5447300e+01  -1.5404900e+01  -1.5491300e+01  -8.6190000e+00  -8.3005000e+00
  -1.5430500e+01  -1.5490300e+01  -1.5454500e+01  -1.5537300e+01  -8.7091000e+00  -8.3330000e+00
  -1.5491200e+01  -1.5525400e+01  -1.5499300e+01  -1.5582100e+01  -8.7742000e+00  -8.3860000e+00
  -1.5562500e+01  -1.5545700e+01  -1.5526200e+01  -1.5607000e+01  -8.8606000e+00  -8.4807000e+00
  -1.5613200e+01  -1.5579100e+01  -1.5550900e+01  -1.5636800e+01  -8.9665000e+00  -8.6278000e+00
  -1.5628800e+01  -1.5594600e+01  -1.5573800e+01  -1.5656300e+01  -9.0556000e+00  -8.8084000e+00
  -1.5635400e+01  -1.5613400e+01  -1.5591300e+01  -1.5673300e+01  -9.2006000e+00  -9.0401000e+00
  -1.5613300e+01  -1.5628800e+01  -1.5608900e+01  -1.5682200e+01  -9.3112000e+00  -9.2223000e+00
  -1.5589500e+01  -1.5621900e+01  -1.5618700e+01  -1.5683000e+01  -9.3827000e+00  -9.3503000e+00
  -1.5571200e+01  -1.5612000e+01  -1.5615400e+01  -1.5681700e+01  -9.4255000e+00  -9.3958000e+00
  -1.5540500e+01  -1.5614200e+01  -1.5608700e+01  -1.5677000e+01  -9.4319000e+00  -9.4234000e+00
  -1.5532500e+01  -1.5623500e+01  -1.5612000e+01  -1.5681400e+01  -9.4354000e+00  -9.5303000e+00
  -1.5560100e+01  -1.5650200e+01  -1.5641300e+01  -1.5709800e+01  -9.4783000e+00  -9.6275000e+00
  -1.5571000e+01  -1.5661900e+01  -1.5645500e+01  -1.5709700e+01  -9.5071000e+00  -9.6643000e+00
  -1.5544100e+01  -1.5614500e+01  -1.5604800e+01  -1.5664200e+01  -9.5068000e+00  -9.7066000e+00
  -1.5458500e+01  -1.5483400e+01  -1.5482000e+01  -1.5566300e+01  -9.5407000e+00  -9.7550000e+00
  -1.5388800e+01  -1.5340600e+01  -1.5346700e+01  -1.5365500e+01  -9.5723000e+00  -9.8387000e+00
  -1.5199400e+01  -1.5162700e+01  -1.5202800e+01  -1.5225400e+01  -9.5970000e+00  -1.0527500e+01
  -1.4970900e+01  -1.4917300e+01  -1.4955500e+01  -1.4943300e+01  -9.6608000e+00  -1.2157300e+01
  -1.4687400e+01  -1.4630400e+01  -1.4661400e+01  -1.4637800e+01  -1.0470600e+01  -1.2577600e+01
  -1.4466000e+01  -1.4426900e+01  -1.4463500e+01  -1.4453000e+01  -1.2543200e+01  -1.2930100e+01
  -1.4384500e+01  -1.4333900e+01  -1.4364800e+01  -1.4374100e+01  -1.2905000e+01  -1.3590600e+01
  -1.4341200e+01  -1.4374200e+01  -1.4397500e+01  -1.4438500e+01  -1.3487400e+01  -1.3939100e+01
  -1.4371200e+01  -1.4282500e+01  -1.4392800e+01  -1.4372200e+01  -1.3849400e+01  -1.4093800e+01
  -1.4349800e+01  -1.4365900e+01  -1.4377400e+01  -1.4365100e+01  -1.4226300e+01  -1.4212200e+01
  -1.4491600e+01  -1.4519800e+01  -1.4519700e+01  -1.4517200e+01  -1.4374600e+01  -1.4251200e+01
  -1.4681400e+01  -1.4578500e+01  -1.4652900e+01  -1.4645700e+01  -1.4486500e+01  -1.4347900e+01
  -1.4786000e+01  -1.4528600e+01  -1.4711400e+01  -1.4707200e+01  -1.4543100e+01  -1.4432400e+01
  -1.4768400e+01  -1.4416300e+01  -1.4674200e+01  -1.4667100e+01  -1.4531000e+01  -1.4527000e+01
  -1.4625600e+01  -1.4383000e+01  -1.4599900e+01  -1.4576300e+01  -1.4464600e+01  -1.4635300e+01
  -1.4530800e+01  -1.4458900e+01  -1.4551100e+01  -1.4524200e+01  -1.4447500e+01  -1.4789300e+01
  -1.4551800e+01  -1.4567900e+01  -1.4566300e+01  -1.4558800e+01  -1.4572000e+01  -1.4787300e+01
