  -3.3787000e+00  -3.6049000e+00  -3.6299000e+00  -3.7785000e+00  -1.1804000e+00  -8.0210000e-01
  -2.9923000e+00  -3.2278000e+00  -3.2884000e+00  -3.4940000e+00  -1.1891000e+00  -8.2640000e-01
  -2.8554000e+00  -3.0091000e+00  -3.1056000e+00  -3.3273000e+00  -1.2243000e+00  -8.2200000e-01
  -2.8420000e+00  -2.7978000e+00  -2.9244000e+00  -3.1619000e+00  -1.1514000e+00  -7.7600000e-01
  -2.8045000e+00  -2.5796000e+00  -2.7288000e+00  -2.8731000e+00  -1.2189000e+00  -9.1460000e-01
  -2.7731000e+00  -2.5210000e+00  -2.6492000e+00  -2.6591000e+00  -1.3532000e+00  -1.0022000e+00
  -2.8143000e+00  -2.6009000e+00  -2.6600000e+00  -2.5845000e+00  -1.3784000e+00  -1.1110000e+00
  -2.8087000e+00  -2.6092000e+00  -2.6340000e+00  -2.5413000e+00  -1.6193000e+00  -1.2157000e+00
  -2.8547000e+00  -2.6206000e+00  -2.6375000e+00  -2.5265000e+00  -1.8185000e+00  -1.4579000e+00
  -2.9159000e+00  -2.6720000e+00  -2.6728000e+00  -2.5584000e+00  -2.0898000e+00  -1.4787000e+00
  -3.0433000e+00  -2.7771000e+00  -2.7687000e+00  -2.6479000e+00  -2.2737000e+00  -1.8467000e+00
  -3.1535000e+00  -2.8557000e+00  -2.8393000e+00  -2.7107000e+00  -2.3833000e+00  -2.0107000e+00
  -3.3801000e+00  -3.0704000e+00  -3.0336000e+00  -2.8812000e+00  -2.6321000e+00  -2.2046000e+00
  -3.5169000e+00  -3.2064000e+00  -3.1540000e+00  -2.9929000e+00  -2.8625000e+00  -2.1403000e+00
  -3.6352000e+00  -3.3258000e+00  -3.2606000e+00  -3.0882000e+00  -2.9476000e+00  -2.1616000e+00
  -3.8593000e+00  -3.5508000e+00  -3.4801000e+00  -3.3098000e+00  -3.0214000e+00  -2.2884000e+00
  -3.8564000e+00  -3.5993000e+00  -3.5387000e+00  -3.3896000e+00  -3.0665000e+00  -2.2759000e+00
  -3.7385000e+00  -3.6241000e+00  -3.5961000e+00  -3.5347000e+00  -2.6792000e+00  -2.0530000e+00
  -3.6214000e+00  -3.5519000e+00  -3.5345000e+00  -3.5028000e+00  -2.3613000e+00  -1.9077000e+00
  -3.2111000e+00  -3.3507000e+00  -3.3518000e+00  -3.3998000e+00  -2.0668000e+00  -1.6995000e+00
  -2.9062000e+00  -3.1414000e+00  -3.1356000e+00  -3.2524000e+00  -1.6665000e+00  -1.4650000e+00
  -2.6726000e+00  -2.9167000e+00  -2.9186000e+00  -3.0469000e+00  -1.4351000e+00  -1.3746000e+00
  -2.6220000e+00  -2.8746000e+00  -2.8696000e+00  -2.9965000e+00  -1.3334000e+00  -1.2398000e+00
  -2.6624000e+00  -2.7783000e+00  -2.7739000e+00  -2.8746000e+00  -1.3166000e+00  -1.3323000e+00
  -2.7632000e+00  -2.6335000e+00  -2.6349000e+00  -2.6586000e+00  -1.6183000e+00  -1.6862000e+00
  -2.9443000e+00  -2.7890000e+00  -2.7481000e+00  -2.6287000e+00  -1.8296000e+00  -1.7716000e+00
  -2.9550000e+00  -2.9768000e+00  -2.9434000e+00  -2.8639000e+00  -1.7737000e+00  -1.7546000e+00
  -3.1148000e+00  -3.0257000e+00  -3.0552000e+00  -3.0740000e+00  -1.8613000e+00  -1.8229000e+00
  -3.3107000e+00  -3.1926000e+00  -3.1986000e+00  -3.1854000e+00  -1.9897000e+00  -2.0251000e+00
  -3.3462000e+00  -3.2571000e+00  -3.2353000e+00  -3.1980000e+00  -2.0206000e+00  -2.1143000e+00
  -3.3406000e+00  -3.3420000e+00  -3.2825000e+00  -3.2625000e+00  -2.1406000e+00  -2.2467000e+00
  -3.2506000e+00  -3.4654000e+00  -3.2889000e+00  -3.3074000e+00  -2.2508000e+00  -2.3648000e+00
  -3.2324000e+00  -3.7155000e+00  -3.3894000e+00  -3.4713000e+00  -2.4196000e+00  -2.5038000e+00
  -3.3636000e+00  -4.0440000e+00  -3.6106000e+00  -3.7351000e+00  -2.5171000e+00  -2.5849000e+00
  -3.7748000e+00  -4.4665000e+00  -3.9304000e+00  -4.0501000e+00  -2.5975000e+00  -2.6547000e+00
  -4.3606000e+00  -4.8775000e+00  -4.3106000e+00  -4.3485000e+00  -2.6282000e+00  -2.7117000e+00
  -4.8484000e+00  -5.0616000e+00  -4.6144000e+00  -4.5622000e+00  -2.6409000e+00  -2.7631000e+00
  -5.0658000e+00  -5.0908000e+00  -4.7872000e+00  -4.7236000e+00  -2.6463000e+00  -2.7411000e+00
  -5.1049000e+00  -5.0207000e+00  -4.8278000e+00  -4.7711000e+00  -2.6283000e+00  -2.7052000e+00
  -5.0857000e+00  -4.9396000e+00  -4.7721000e+00  -4.6718000e+00  -2.6014000e+00  -2.6740000e+00
  -5.0642000e+00  -4.9050000e+00  -4.7261000e+00  -4.6074000e+00  -2.5941000e+00  -2.6289000e+00
  -5.0734000e+00  -4.9043000e+00  -4.6912000e+00  -4.5781000e+00  -2.6630000e+00  -2.6082000e+00
  -5.1074000e+00  -4.9189000e+00  -4.6788000e+00  -4.5765000e+00  -2.8671000e+00  -2.6299000e+00
  -5.1359000e+00  -4.8823000e+00  -4.6482000e+00  -4.5598000e+00  -3.1017000e+00  -2.7217000e+00
  -5.1329000e+00  -4.8033000e+00  -4.5781000e+00  -4.5220000e+00  -3.1353000e+00  -2.8307000e+00
  -5.1205000e+00  -4.6923000e+00  -4.4798000e+00  -4.4295000e+00  -2.8868000e+00  -2.7881000e+00
  -5.0733000e+00  -4.5852000e+00  -4.3739000e+00  -4.3353000e+00  -2.6408000e+00  -2.6521000e+00
  -4.9804000e+00  -4.4533000e+00  -4.2864000e+00  -4.2595000e+00  -2.6284000e+00  -2.5320000e+00
  -4.7978000e+00  -4.2576000e+00  -4.1572000e+00  -4.1253000e+00  -2.7560000e+00  -2.4549000e+00
  -4.5554000e+00  -4.0302000e+00  -3.9921000e+00  -3.9366000e+00  -2.8468000e+00  -2.4002000e+00
  -4.2059000e+00  -3.7617000e+00  -3.7699000e+00  -3.6824000e+00  -2.8933000e+00  -2.3839000e+00
  -3.7872000e+00  -3.4312000e+00  -3.4933000e+00  -3.3592000e+00  -2.9142000e+00  -2.4222000e+00
  -3.2512000e+00  -3.0059000e+00  -3.1051000e+00  -2.9567000e+00  -2.9069000e+00  -2.4636000e+00
  -2.6848000e+00  -2.6052000e+00  -2.6484000e+00  -2.5075000e+00  -2.8778000e+00  -2.4141000e+00
  -2.2149000e+00  -2.2363000e+00  -2.2265000e+00  -2.0961000e+00  -2.7930000e+00  -2.1903000e+00
  -1.7591000e+00  -1.8057000e+00  -1.7657000e+00  -1.6971000e+00  -2.6597000e+00  -1.8433000e+00
  -1.2043000e+00  -1.2436000e+00  -1.2363000e+00  -1.2695000e+00  -2.5504000e+00  -1.5638000e+00
  -5.9660000e-01  -6.0020000e-01  -6.5590000e-01  -7.7040000e-01  -2.4581000e+00  -1.4599000e+00
  -8.9000000e-03   3.3500000e-02  -7.0500000e-02  -2.0570000e-01  -2.3790000e+00  -1.4786000e+00
   4.8180000e-01   5.7390000e-01   4.3730000e-01   3.2490000e-01  -2.2779000e+00  -1.5255000e+00
   8.9460000e-01   1.0317000e+00   8.5940000e-01   7.8910000e-01  -2.1749000e+00  -1.5136000e+00
   1.2488000e+00   1.3673000e+00   1.2053000e+00   1.1657000e+00  -2.0465000e+00  -1.3943000e+00
   1.5892000e+00   1.6445000e+00   1.5181000e+00   1.4665000e+00  -1.8807000e+00  -1.1849000e+00
   1.8741000e+00   1.9270000e+00   1.7722000e+00   1.7182000e+00  -1.6424000e+00  -9.2070000e-01
   1.9677000e+00   2.1102000e+00   1.9478000e+00   1.9415000e+00  -1.3342000e+00  -6.9530000e-01
   2.0144000e+00   2.2206000e+00   2.0825000e+00   2.1070000e+00  -9.6010000e-01  -4.4650000e-01
   2.1718000e+00   2.3440000e+00   2.2636000e+00   2.2795000e+00  -5.0340000e-01  -1.1400000e-01
   2.5125000e+00   2.5584000e+00   2.5136000e+00   2.4810000e+00   7.7000000e-03   3.1050000e-01
   2.9071000e+00   2.8147000e+00   2.8401000e+00   2.7957000e+00   4.8970000e-01   7.6060000e-01
   3.4528000e+00   3.2020000e+00   3.3281000e+00   3.2438000e+00   8.9220000e-01   1.2371000e+00
   4.2033000e+00   3.7548000e+00   3.8858000e+00   3.6860000e+00   1.2103000e+00   2.1922000e+00
   4.9900000e+00   4.4592000e+00   4.6346000e+00   4.3260000e+00   1.5217000e+00   5.0997000e+00
   6.3313000e+00   5.4986000e+00   5.9455000e+00   5.5926000e+00   1.9161000e+00   6.9145000e+00
   7.8932000e+00   7.4814000e+00   7.6247000e+00   7.4699000e+00   2.5716000e+00   6.9762000e+00
   7.9143000e+00   7.9407000e+00   7.7734000e+00   7.6186000e+00   5.7493000e+00   7.1903000e+00
   7.7620000e+00   7.9345000e+00   7.7694000e+00   7.7510000e+00   7.6830000e+00   7.2871000e+00
   7.5412000e+00   7.6880000e+00   7.5454000e+00   7.5712000e+00   7.7896000e+00   7.5121000e+00
   7.4334000e+00   7.5068000e+00   7.4151000e+00   7.3903000e+00   7.9507000e+00   7.7391000e+00
   7.3601000e+00   7.4477000e+00   7.3624000e+00   7.3426000e+00   8.1321000e+00   7.8758000e+00
   7.3339000e+00   7.4083000e+00   7.3510000e+00   7.3316000e+00   8.5932000e+00   7.9868000e+00
   7.4276000e+00   7.4577000e+00   7.4421000e+00   7.4153000e+00   8.7990000e+00   7.9688000e+00
   7.5897000e+00   7.5871000e+00   7.5736000e+00   7.5283000e+00   8.8866000e+00   7.9499000e+00
   7.6971000e+00   7.6822000e+00   7.6677000e+00   7.6139000e+00   8.8913000e+00   8.0930000e+00
   7.7838000e+00   7.7560000e+00   7.7476000e+00   7.6824000e+00   8.7349000e+00   9.8011000e+00
   7.8847000e+00   7.8356000e+00   7.8341000e+00   7.7519000e+00   8.3344000e+00   1.0096000e+01
   8.0915000e+00   7.9690000e+00   8.0013000e+00   7.8932000e+00   1.0164200e+01   1.0203000e+01
   8.3049000e+00   8.1440000e+00   8.1787000e+00   8.0556000e+00   1.0457100e+01   1.0054000e+01
   8.5697000e+00   8.3147000e+00   8.3757000e+00   8.2334000e+00   1.0383700e+01   9.7655000e+00
   8.7904000e+00   8.5663000e+00   8.6344000e+00   8.4934000e+00   1.0531400e+01   9.7147000e+00
   8.5180000e+00   8.2219000e+00   8.4148000e+00   8.6233000e+00   1.0294600e+01   9.6466000e+00
   8.5005000e+00   8.0219000e+00   8.2832000e+00   8.3525000e+00   1.0100900e+01   9.4282000e+00
   7.9464000e+00   7.7844000e+00   7.9856000e+00   8.1946000e+00   1.0002700e+01   9.2538000e+00
   7.9910000e+00   7.4026000e+00   7.6813000e+00   7.8009000e+00   9.7338000e+00   9.1027000e+00
   8.2807000e+00   7.5269000e+00   7.7734000e+00   7.7091000e+00   9.3051000e+00   8.9854000e+00
   8.2974000e+00   7.6236000e+00   7.8476000e+00   7.8168000e+00   8.8804000e+00   8.9314000e+00
   8.2554000e+00   7.6539000e+00   7.8569000e+00   7.8358000e+00   8.5405000e+00   8.9032000e+00
   8.0590000e+00   7.5888000e+00   7.7401000e+00   7.7528000e+00   8.2804000e+00   8.8736000e+00
   7.8537000e+00   7.4482000e+00   7.5694000e+00   7.5934000e+00   8.0187000e+00   8.8361000e+00
   7.6522000e+00   7.2859000e+00   7.3637000e+00   7.3670000e+00   7.8030000e+00   8.7622000e+00
   7.4315000e+00   7.1256000e+00   7.1326000e+00   7.0958000e+00   7.6483000e+00   8.6175000e+00
   7.2577000e+00   6.9706000e+00   6.9327000e+00   6.8332000e+00   7.5240000e+00   8.4255000e+00
   7.0715000e+00   6.7832000e+00   6.7228000e+00   6.5746000e+00   7.4828000e+00   8.2436000e+00
   6.8688000e+00   6.6476000e+00   6.5321000e+00   6.3531000e+00   7.5103000e+00   8.0575000e+00
   6.6767000e+00   6.4777000e+00   6.3628000e+00   6.1758000e+00   7.5776000e+00   7.9063000e+00
   6.4613000e+00   6.2929000e+00   6.1866000e+00   5.9951000e+00   7.5791000e+00   7.6815000e+00
   6.2245000e+00   6.1016000e+00   5.9813000e+00   5.8221000e+00   7.5846000e+00   7.4322000e+00
   5.9875000e+00   5.8852000e+00   5.7737000e+00   5.6355000e+00   7.5070000e+00   7.2113000e+00
   5.7095000e+00   5.6195000e+00   5.5205000e+00   5.4227000e+00   7.3561000e+00   7.0272000e+00
   5.4241000e+00   5.3672000e+00   5.2509000e+00   5.1522000e+00   7.2430000e+00   6.9155000e+00
   5.0916000e+00   5.0727000e+00   4.9276000e+00   4.8124000e+00   7.1377000e+00   6.8593000e+00
   4.7000000e+00   4.7472000e+00   4.5874000e+00   4.4579000e+00   6.9531000e+00   6.7833000e+00
   4.3278000e+00   4.4065000e+00   4.2318000e+00   4.0888000e+00   6.7559000e+00   6.6516000e+00
   3.9886000e+00   4.0654000e+00   3.9051000e+00   3.7554000e+00   6.5020000e+00   6.4777000e+00
   3.6974000e+00   3.7314000e+00   3.6049000e+00   3.4771000e+00   6.2768000e+00   6.3306000e+00
   3.4447000e+00   3.4366000e+00   3.3282000e+00   3.1988000e+00   6.0982000e+00   6.1621000e+00
   3.2017000e+00   3.1928000e+00   3.0909000e+00   2.9647000e+00   5.8668000e+00   5.8931000e+00
   2.9716000e+00   2.9681000e+00   2.8914000e+00   2.7981000e+00   5.5578000e+00   5.5265000e+00
   2.7095000e+00   2.7330000e+00   2.6771000e+00   2.6176000e+00   5.1979000e+00   5.1506000e+00
   2.3064000e+00   2.5101000e+00   2.4665000e+00   2.4758000e+00   4.4541000e+00   4.3876000e+00
   1.8973000e+00   2.1024000e+00   2.1217000e+00   2.2262000e+00   3.6265000e+00   3.5213000e+00
   1.7465000e+00   1.8404000e+00   1.8714000e+00   1.9280000e+00   3.1184000e+00   3.1057000e+00
   1.7134000e+00   1.7346000e+00   1.7813000e+00   1.8044000e+00   3.0089000e+00   3.2895000e+00
   1.7544000e+00   1.7061000e+00   1.7769000e+00   1.7965000e+00   3.2327000e+00   3.3472000e+00
   1.8241000e+00   1.7694000e+00   1.8229000e+00   1.8291000e+00   3.1168000e+00   3.3224000e+00
   1.8759000e+00   1.8451000e+00   1.8570000e+00   1.8312000e+00   3.1862000e+00   3.3902000e+00
   1.9280000e+00   1.9386000e+00   1.9187000e+00   1.8395000e+00   3.3202000e+00   3.3305000e+00
   2.0107000e+00   2.1070000e+00   2.0153000e+00   1.8854000e+00   3.4653000e+00   3.3258000e+00
   2.1830000e+00   2.2959000e+00   2.0479000e+00   1.8380000e+00   3.6924000e+00   3.3645000e+00
   2.3968000e+00   2.4180000e+00   1.9480000e+00   1.6567000e+00   3.7254000e+00   3.4600000e+00
   2.4750000e+00   2.3671000e+00   1.6978000e+00   1.4286000e+00   3.6115000e+00   3.6463000e+00
   2.2643000e+00   2.0950000e+00   1.3931000e+00   1.2669000e+00   3.5402000e+00   3.7954000e+00
   1.9251000e+00   1.7776000e+00   1.2118000e+00   1.2634000e+00   3.6284000e+00   3.9531000e+00
   1.5548000e+00   1.5475000e+00   1.1675000e+00   1.3556000e+00   3.8005000e+00   4.0876000e+00
   1.1918000e+00   1.4374000e+00   1.2108000e+00   1.4342000e+00   4.0250000e+00   4.1904000e+00
   9.3470000e-01   1.4273000e+00   1.2608000e+00   1.4188000e+00   4.1756000e+00   4.2525000e+00
   7.6620000e-01   1.3917000e+00   1.2322000e+00   1.3063000e+00   4.2526000e+00   4.2410000e+00
   7.3980000e-01   1.3601000e+00   1.2074000e+00   1.1862000e+00   4.3182000e+00   4.2454000e+00
   8.1050000e-01   1.3457000e+00   1.1741000e+00   1.0389000e+00   4.3883000e+00   4.2416000e+00
   8.5880000e-01   1.2805000e+00   1.1238000e+00   9.1860000e-01   4.4281000e+00   4.2572000e+00
   9.6730000e-01   1.2575000e+00   1.1026000e+00   8.8810000e-01   4.4431000e+00   4.2868000e+00
   1.1458000e+00   1.3163000e+00   1.0698000e+00   9.0510000e-01   4.4474000e+00   4.3402000e+00
   1.2146000e+00   1.2910000e+00   1.0052000e+00   9.4640000e-01   4.4585000e+00   4.3952000e+00
   1.1200000e+00   1.1988000e+00   9.3890000e-01   9.7540000e-01   4.4796000e+00   4.4400000e+00
   9.5900000e-01   1.1050000e+00   9.3420000e-01   1.0957000e+00   4.5281000e+00   4.4621000e+00
   9.0590000e-01   1.1789000e+00   1.1270000e+00   1.3657000e+00   4.5735000e+00   4.4971000e+00
   9.9820000e-01   1.4019000e+00   1.4591000e+00   1.7849000e+00   4.6071000e+00   4.5523000e+00
   1.3623000e+00   1.8137000e+00   1.9443000e+00   2.1987000e+00   4.6379000e+00   4.5853000e+00
   1.9323000e+00   2.2632000e+00   2.3542000e+00   2.5185000e+00   4.6738000e+00   4.5839000e+00
   2.6003000e+00   2.6103000e+00   2.6500000e+00   2.7448000e+00   4.7188000e+00   4.5461000e+00
   2.9889000e+00   2.8648000e+00   2.8596000e+00   2.9622000e+00   4.7644000e+00   4.3914000e+00
   3.1753000e+00   3.0616000e+00   3.0304000e+00   3.1121000e+00   4.7624000e+00   4.2177000e+00
   3.3051000e+00   3.2115000e+00   3.1401000e+00   3.2054000e+00   4.5955000e+00   4.0684000e+00
   3.3982000e+00   3.3206000e+00   3.2186000e+00   3.2712000e+00   4.3132000e+00   4.0209000e+00
   3.4358000e+00   3.3776000e+00   3.2673000e+00   3.3091000e+00   4.0929000e+00   4.0398000e+00
   3.4522000e+00   3.4175000e+00   3.2994000e+00   3.3283000e+00   3.9514000e+00   4.1135000e+00
   3.3809000e+00   3.4733000e+00   3.3585000e+00   3.3703000e+00   3.9812000e+00   4.1495000e+00
   3.4830000e+00   3.6435000e+00   3.4708000e+00   3.4326000e+00   4.3149000e+00   4.3071000e+00
   3.5702000e+00   3.7333000e+00   3.5715000e+00   3.5365000e+00   4.8130000e+00   4.7385000e+00
   3.6569000e+00   3.8139000e+00   3.6474000e+00   3.6201000e+00   5.4091000e+00   5.4140000e+00
   3.8001000e+00   3.9209000e+00   3.7490000e+00   3.7228000e+00   5.3009000e+00   5.3380000e+00
   3.9650000e+00   3.9501000e+00   3.7882000e+00   3.7872000e+00   5.6895000e+00   5.4116000e+00
   3.9760000e+00   4.0427000e+00   3.8616000e+00   3.8554000e+00   5.9474000e+00   5.2755000e+00
   4.0347000e+00   4.1071000e+00   3.9268000e+00   3.9390000e+00   5.6467000e+00   3.9319000e+00
   4.0985000e+00   4.2180000e+00   4.0602000e+00   4.0797000e+00   3.0565000e+00   2.5244000e+00
   4.2361000e+00   4.3122000e+00   4.1641000e+00   4.1317000e+00   2.4185000e+00   2.8189000e+00
   4.3087000e+00   4.2644000e+00   4.1066000e+00   3.9400000e+00   3.5494000e+00   3.6984000e+00
   4.0451000e+00   4.0049000e+00   3.8726000e+00   3.7941000e+00   4.5346000e+00   4.6157000e+00
   3.9493000e+00   3.9593000e+00   3.8464000e+00   3.7396000e+00   5.1450000e+00   5.2418000e+00
   3.9112000e+00   3.8826000e+00   3.7816000e+00   3.6666000e+00   5.5194000e+00   5.7605000e+00
   3.8493000e+00   3.7946000e+00   3.7191000e+00   3.6013000e+00   5.7591000e+00   6.2417000e+00
   3.7632000e+00   3.7015000e+00   3.6358000e+00   3.5191000e+00   5.9680000e+00   6.4368000e+00
   3.7356000e+00   3.6608000e+00   3.6088000e+00   3.4938000e+00   6.2714000e+00   6.3965000e+00
   3.6661000e+00   3.5826000e+00   3.5430000e+00   3.4308000e+00   6.4916000e+00   6.2989000e+00
   3.6066000e+00   3.5227000e+00   3.4872000e+00   3.3788000e+00   6.5033000e+00   6.2923000e+00
   3.5595000e+00   3.4805000e+00   3.4404000e+00   3.3323000e+00   6.4716000e+00   6.3259000e+00
   3.5007000e+00   3.4203000e+00   3.3764000e+00   3.2631000e+00   6.5584000e+00   6.4182000e+00
   3.4323000e+00   3.3486000e+00   3.3065000e+00   3.1924000e+00   6.5902000e+00   6.5381000e+00
   3.3574000e+00   3.2841000e+00   3.2412000e+00   3.1323000e+00   6.6792000e+00   6.6564000e+00
   3.2968000e+00   3.2363000e+00   3.1931000e+00   3.0905000e+00   6.8652000e+00   6.6969000e+00
   3.2559000e+00   3.2022000e+00   3.1652000e+00   3.0681000e+00   6.9533000e+00   6.7072000e+00
   3.2424000e+00   3.1834000e+00   3.1561000e+00   3.0605000e+00   6.9184000e+00   6.7636000e+00
   3.2681000e+00   3.1927000e+00   3.1803000e+00   3.0840000e+00   6.9142000e+00   6.8645000e+00
   3.2503000e+00   3.1617000e+00   3.1632000e+00   3.0658000e+00   6.9866000e+00   6.9348000e+00
   3.2285000e+00   3.1387000e+00   3.1431000e+00   3.0464000e+00   6.9794000e+00   6.9191000e+00
   3.2398000e+00   3.1532000e+00   3.1565000e+00   3.0607000e+00   6.9651000e+00   6.8755000e+00
   3.2446000e+00   3.1664000e+00   3.1626000e+00   3.0671000e+00   6.9862000e+00   6.8352000e+00
   3.2822000e+00   3.2040000e+00   3.1974000e+00   3.1015000e+00   7.0254000e+00   6.8213000e+00
   3.3104000e+00   3.2322000e+00   3.2242000e+00   3.1275000e+00   7.0242000e+00   6.7853000e+00
   3.3023000e+00   3.2241000e+00   3.2146000e+00   3.1159000e+00   6.9953000e+00   6.7481000e+00
   3.2731000e+00   3.1932000e+00   3.1843000e+00   3.0832000e+00   6.9707000e+00   6.7337000e+00
   3.2333000e+00   3.1418000e+00   3.1397000e+00   3.0348000e+00   6.9991000e+00   6.7167000e+00
   3.1546000e+00   3.0444000e+00   3.0572000e+00   2.9504000e+00   7.1148000e+00   6.7389000e+00
   3.0458000e+00   2.9286000e+00   2.9527000e+00   2.8477000e+00   7.2312000e+00   6.8080000e+00
   2.9380000e+00   2.8144000e+00   2.8448000e+00   2.7415000e+00   7.2745000e+00   6.8662000e+00
   2.8200000e+00   2.7013000e+00   2.7290000e+00   2.6289000e+00   7.2704000e+00   6.8997000e+00
   2.6946000e+00   2.5829000e+00   2.6023000e+00   2.5032000e+00   7.2326000e+00   6.9194000e+00
   2.5931000e+00   2.4911000e+00   2.4980000e+00   2.4021000e+00   7.1936000e+00   6.9191000e+00
   2.4943000e+00   2.4137000e+00   2.4057000e+00   2.3179000e+00   7.1698000e+00   6.9129000e+00
   2.4149000e+00   2.3523000e+00   2.3334000e+00   2.2535000e+00   7.1460000e+00   6.8768000e+00
   2.3688000e+00   2.3203000e+00   2.2951000e+00   2.2241000e+00   7.1131000e+00   6.8384000e+00
   2.3287000e+00   2.2923000e+00   2.2658000e+00   2.2029000e+00   7.0767000e+00   6.7987000e+00
   2.2787000e+00   2.2541000e+00   2.2307000e+00   2.1758000e+00   7.0105000e+00   6.7547000e+00
   2.2441000e+00   2.2310000e+00   2.2109000e+00   2.1655000e+00   6.9395000e+00   6.7098000e+00
   2.2120000e+00   2.2121000e+00   2.1919000e+00   2.1538000e+00   6.8882000e+00   6.6597000e+00
   2.1659000e+00   2.1785000e+00   2.1494000e+00   2.1111000e+00   6.8487000e+00   6.6503000e+00
   2.1024000e+00   2.1233000e+00   2.0771000e+00   2.0323000e+00   6.8206000e+00   6.6703000e+00
   2.0050000e+00   2.0271000e+00   1.9660000e+00   1.9118000e+00   6.8307000e+00   6.7212000e+00
   1.8981000e+00   1.9118000e+00   1.8449000e+00   1.7808000e+00   6.8078000e+00   6.7278000e+00
   1.7933000e+00   1.7715000e+00   1.7186000e+00   1.6386000e+00   6.6247000e+00   6.5634000e+00
   1.6703000e+00   1.6018000e+00   1.5685000e+00   1.4725000e+00   6.2900000e+00   6.2285000e+00
   1.5541000e+00   1.4556000e+00   1.4354000e+00   1.3362000e+00   5.9071000e+00   5.8316000e+00
   1.4818000e+00   1.3636000e+00   1.3617000e+00   1.2626000e+00   5.8456000e+00   5.6569000e+00
   1.4247000e+00   1.2867000e+00   1.2973000e+00   1.1898000e+00   5.8867000e+00   5.6307000e+00
   1.3718000e+00   1.2393000e+00   1.2559000e+00   1.1471000e+00   5.3790000e+00   4.9957000e+00
   1.3680000e+00   1.2147000e+00   1.2371000e+00   1.1421000e+00   4.5990000e+00   4.2646000e+00
   1.3702000e+00   1.2498000e+00   1.2674000e+00   1.1846000e+00   4.2369000e+00   3.9461000e+00
   1.3562000e+00   1.3265000e+00   1.3165000e+00   1.2267000e+00   4.5979000e+00   4.3277000e+00
   1.3532000e+00   1.3929000e+00   1.3513000e+00   1.2643000e+00   4.7132000e+00   4.5915000e+00
   1.3462000e+00   1.4375000e+00   1.3762000e+00   1.3104000e+00   4.7638000e+00   4.8138000e+00
   1.3247000e+00   1.4615000e+00   1.3962000e+00   1.3542000e+00   5.2953000e+00   5.3288000e+00
   1.3030000e+00   1.4817000e+00   1.4134000e+00   1.3892000e+00   5.5075000e+00   5.4655000e+00
   1.2965000e+00   1.4976000e+00   1.4239000e+00   1.3957000e+00   5.6311000e+00   5.5886000e+00
   1.2452000e+00   1.4486000e+00   1.3669000e+00   1.3256000e+00   5.8508000e+00   5.7377000e+00
   1.1598000e+00   1.3367000e+00   1.2634000e+00   1.2312000e+00   5.8621000e+00   5.6546000e+00
   1.0876000e+00   1.1949000e+00   1.1646000e+00   1.1293000e+00   5.7882000e+00   5.4731000e+00
   9.7190000e-01   1.0502000e+00   1.0485000e+00   1.0187000e+00   5.7031000e+00   5.3510000e+00
   8.7080000e-01   9.4120000e-01   9.6030000e-01   9.0770000e-01   5.5991000e+00   5.2384000e+00
   7.9410000e-01   8.4310000e-01   8.6560000e-01   8.0040000e-01   5.4227000e+00   5.0701000e+00
   7.0400000e-01   7.7080000e-01   7.7050000e-01   7.0530000e-01   5.1748000e+00   4.9156000e+00
   6.1100000e-01   6.7930000e-01   6.7500000e-01   6.1530000e-01   5.0000000e+00   4.8648000e+00
   5.1990000e-01   5.8850000e-01   5.8080000e-01   5.2180000e-01   4.9153000e+00   4.8530000e+00
   4.2100000e-01   4.9150000e-01   4.7290000e-01   4.0910000e-01   4.8840000e+00   4.8636000e+00
   3.0790000e-01   3.8640000e-01   3.5450000e-01   2.9970000e-01   4.9175000e+00   4.9079000e+00
   1.8650000e-01   2.7320000e-01   2.3630000e-01   1.8090000e-01   4.9937000e+00   4.9370000e+00
   1.0850000e-01   1.8990000e-01   1.6070000e-01   1.0300000e-01   5.1023000e+00   4.9733000e+00
   6.4100000e-02   1.2220000e-01   1.0920000e-01   4.9300000e-02   5.1850000e+00   4.9752000e+00
   4.0200000e-02   9.5100000e-02   8.0300000e-02   2.1200000e-02   5.2455000e+00   4.9489000e+00
   1.8700000e-02   5.3200000e-02   4.7500000e-02  -7.2000000e-03   5.2624000e+00   4.9282000e+00
  -9.9000000e-03   1.5400000e-02   6.9000000e-03  -4.3600000e-02   5.2788000e+00   4.9681000e+00
  -5.0700000e-02  -3.9600000e-02  -5.0500000e-02  -1.1080000e-01   5.4020000e+00   5.0997000e+00
  -8.2100000e-02  -9.3600000e-02  -1.0120000e-01  -1.7990000e-01   5.6184000e+00   5.1920000e+00
  -9.1000000e-02  -1.2540000e-01  -1.3620000e-01  -2.2180000e-01   5.7542000e+00   5.1857000e+00
  -9.1100000e-02  -1.0760000e-01  -1.3330000e-01  -2.0710000e-01   5.6399000e+00   5.1438000e+00
  -9.4600000e-02  -9.1900000e-02  -1.2670000e-01  -1.9500000e-01   5.4529000e+00   5.1582000e+00
  -9.2600000e-02  -7.9600000e-02  -1.2620000e-01  -1.8920000e-01   5.2168000e+00   5.2243000e+00
  -1.0510000e-01  -4.3600000e-02  -1.0910000e-01  -1.6500000e-01   4.9109000e+00   5.3023000e+00
  -1.3990000e-01  -4.1200000e-02  -1.0690000e-01  -1.7330000e-01   4.4204000e+00   5.1085000e+00
  -1.7200000e-01  -8.8800000e-02  -1.4740000e-01  -2.1600000e-01   3.7551000e+00   4.4685000e+00
  -2.2910000e-01  -1.4850000e-01  -2.0420000e-01  -2.7130000e-01   3.1713000e+00   3.4282000e+00
  -3.2130000e-01  -2.3750000e-01  -2.9250000e-01  -3.5350000e-01   2.8246000e+00   2.6114000e+00
  -3.9250000e-01  -3.1970000e-01  -3.7490000e-01  -4.3730000e-01   2.6257000e+00   2.1850000e+00
  -4.0040000e-01  -3.4760000e-01  -4.0170000e-01  -4.7180000e-01   2.3758000e+00   1.8925000e+00
  -3.8380000e-01  -3.6380000e-01  -3.9490000e-01  -4.6460000e-01   2.2589000e+00   1.9675000e+00
  -4.1030000e-01  -4.1360000e-01  -4.1690000e-01  -4.7510000e-01   1.9570000e+00   2.3649000e+00
  -4.1610000e-01  -4.2610000e-01  -4.2210000e-01  -4.7240000e-01   1.6086000e+00   2.6571000e+00
  -3.5360000e-01  -3.7630000e-01  -3.8650000e-01  -4.3580000e-01   1.4055000e+00   1.8816000e+00
  -3.5310000e-01  -3.3740000e-01  -3.6230000e-01  -3.9040000e-01   1.6648000e+00   1.2175000e+00
  -3.2150000e-01  -2.5980000e-01  -2.9830000e-01  -3.2460000e-01   1.9200000e+00   1.0174000e+00
  -2.1700000e-01  -1.5860000e-01  -1.8490000e-01  -1.8980000e-01   2.1092000e+00   1.1699000e+00
  -9.4900000e-02  -2.4600000e-02  -2.9300000e-02   2.7600000e-02   2.3323000e+00   1.4361000e+00
   1.9570000e-01   2.8100000e-01   2.3770000e-01   2.5700000e-01   2.5778000e+00   1.6749000e+00
   5.3520000e-01   5.9910000e-01   5.6070000e-01   5.9040000e-01   2.7576000e+00   1.9101000e+00
   7.6860000e-01   8.3920000e-01   8.1370000e-01   8.6160000e-01   2.8496000e+00   2.0950000e+00
   9.4090000e-01   1.0160000e+00   1.0245000e+00   1.0895000e+00   2.9868000e+00   2.1953000e+00
   1.0226000e+00   1.1328000e+00   1.1005000e+00   1.1556000e+00   3.0179000e+00   2.2120000e+00
   1.0808000e+00   1.1853000e+00   1.1605000e+00   1.2099000e+00   2.7782000e+00   2.2015000e+00
   1.2029000e+00   1.2265000e+00   1.1992000e+00   1.2221000e+00   2.4368000e+00   2.0958000e+00
   1.2391000e+00   1.3037000e+00   1.2768000e+00   1.2817000e+00   2.1787000e+00   2.0062000e+00
   1.2804000e+00   1.3015000e+00   1.2789000e+00   1.2609000e+00   1.9729000e+00   1.9290000e+00
   1.2444000e+00   1.2323000e+00   1.2287000e+00   1.2055000e+00   1.8482000e+00   1.8551000e+00
   1.2169000e+00   1.1989000e+00   1.2022000e+00   1.1841000e+00   1.7756000e+00   1.8352000e+00
   1.2477000e+00   1.2339000e+00   1.2299000e+00   1.2060000e+00   1.7187000e+00   1.9228000e+00
   1.2928000e+00   1.2687000e+00   1.2615000e+00   1.2276000e+00   1.8326000e+00   2.0454000e+00
   1.3487000e+00   1.3247000e+00   1.3268000e+00   1.3041000e+00   2.0102000e+00   2.1114000e+00
   1.3886000e+00   1.3778000e+00   1.3982000e+00   1.3960000e+00   2.0928000e+00   2.1894000e+00
   1.4662000e+00   1.4567000e+00   1.4792000e+00   1.4740000e+00   2.2239000e+00   2.2870000e+00
   1.5760000e+00   1.5733000e+00   1.5865000e+00   1.5735000e+00   2.3491000e+00   2.4114000e+00
   1.7096000e+00   1.7070000e+00   1.7162000e+00   1.7000000e+00   2.4364000e+00   2.5547000e+00
   1.8403000e+00   1.8377000e+00   1.8467000e+00   1.8313000e+00   2.5842000e+00   2.6987000e+00
   1.9629000e+00   1.9553000e+00   1.9641000e+00   1.9458000e+00   2.7572000e+00   2.8469000e+00
   2.0184000e+00   2.0015000e+00   2.0207000e+00   2.0097000e+00   2.8593000e+00   2.9558000e+00
   1.9710000e+00   1.9469000e+00   1.9688000e+00   1.9554000e+00   2.9515000e+00   3.0782000e+00
   1.9427000e+00   1.9311000e+00   1.9241000e+00   1.8870000e+00   3.0658000e+00   3.1968000e+00
   2.0035000e+00   2.0032000e+00   1.9682000e+00   1.9199000e+00   3.2067000e+00   3.3378000e+00
   2.1297000e+00   2.1371000e+00   2.0951000e+00   2.0482000e+00   3.3716000e+00   3.4786000e+00
   2.2353000e+00   2.2247000e+00   2.2016000e+00   2.1599000e+00   3.4606000e+00   3.6156000e+00
   2.2825000e+00   2.2571000e+00   2.2477000e+00   2.2056000e+00   3.4907000e+00   3.7733000e+00
   2.2999000e+00   2.2544000e+00   2.2530000e+00   2.2035000e+00   3.5554000e+00   3.9585000e+00
   2.3274000e+00   2.2641000e+00   2.2651000e+00   2.2040000e+00   3.6117000e+00   4.1062000e+00
   2.3545000e+00   2.2969000e+00   2.2870000e+00   2.2241000e+00   3.6988000e+00   4.1552000e+00
   2.3421000e+00   2.3002000e+00   2.2835000e+00   2.2262000e+00   3.8410000e+00   4.1850000e+00
   2.3074000e+00   2.2687000e+00   2.2499000e+00   2.1912000e+00   3.9075000e+00   4.1842000e+00
   2.2682000e+00   2.2311000e+00   2.2083000e+00   2.1489000e+00   4.0088000e+00   4.2064000e+00
   2.1958000e+00   2.1563000e+00   2.1307000e+00   2.0681000e+00   4.2130000e+00   4.3267000e+00
   2.1306000e+00   2.0801000e+00   2.0480000e+00   1.9768000e+00   4.4026000e+00   4.4707000e+00
   2.0438000e+00   1.9863000e+00   1.9578000e+00   1.8861000e+00   4.5172000e+00   4.5965000e+00
   1.9052000e+00   1.8455000e+00   1.8255000e+00   1.7578000e+00   4.5725000e+00   4.6587000e+00
   1.7708000e+00   1.7183000e+00   1.6955000e+00   1.6312000e+00   4.5598000e+00   4.6728000e+00
   1.6543000e+00   1.6251000e+00   1.5908000e+00   1.5371000e+00   4.4895000e+00   4.6499000e+00
   1.5129000e+00   1.4910000e+00   1.4527000e+00   1.4027000e+00   4.4040000e+00   4.5990000e+00
   1.3456000e+00   1.3315000e+00   1.2875000e+00   1.2392000e+00   4.3164000e+00   4.5289000e+00
   1.2095000e+00   1.2099000e+00   1.1567000e+00   1.1115000e+00   4.1892000e+00   4.3970000e+00
   1.1173000e+00   1.1155000e+00   1.0645000e+00   1.0209000e+00   4.0689000e+00   4.2475000e+00
   1.0591000e+00   1.0687000e+00   1.0084000e+00   9.6790000e-01   3.9296000e+00   4.0245000e+00
   1.0630000e+00   1.0757000e+00   1.0109000e+00   9.6790000e-01   3.6661000e+00   3.6396000e+00
   1.0449000e+00   1.0576000e+00   9.9920000e-01   9.5610000e-01   3.2772000e+00   3.1801000e+00
   1.0082000e+00   1.0133000e+00   9.7340000e-01   9.2880000e-01   3.0144000e+00   3.0215000e+00
   9.7170000e-01   9.9460000e-01   9.6370000e-01   9.0430000e-01   2.9713000e+00   2.8347000e+00
   9.9840000e-01   9.9020000e-01   9.6800000e-01   8.9910000e-01   2.6148000e+00   2.3816000e+00
   9.8120000e-01   9.6840000e-01   9.5880000e-01   8.8400000e-01   2.2579000e+00   2.1112000e+00
   9.4900000e-01   9.4680000e-01   9.3890000e-01   8.5000000e-01   2.1585000e+00   2.1010000e+00
   9.2550000e-01   9.4420000e-01   9.3260000e-01   8.4390000e-01   2.5604000e+00   2.5885000e+00
   8.5340000e-01   9.1590000e-01   8.8810000e-01   8.0980000e-01   2.6104000e+00   2.7666000e+00
   8.1660000e-01   9.2380000e-01   8.8680000e-01   8.1950000e-01   2.7628000e+00   2.8991000e+00
   8.0120000e-01   9.3820000e-01   9.0560000e-01   8.5020000e-01   3.2471000e+00   3.3464000e+00
   7.6690000e-01   9.3670000e-01   8.9940000e-01   8.5260000e-01   3.4688000e+00   3.5611000e+00
   7.8850000e-01   1.0100000e+00   9.4670000e-01   9.0710000e-01   3.5544000e+00   3.6554000e+00
   8.3870000e-01   1.1188000e+00   1.0401000e+00   1.0094000e+00   3.6670000e+00   3.7963000e+00
   8.7790000e-01   1.1995000e+00   1.1068000e+00   1.0789000e+00   3.7453000e+00   3.8348000e+00
   8.8030000e-01   1.2548000e+00   1.1518000e+00   1.1315000e+00   3.7973000e+00   3.9051000e+00
   8.7580000e-01   1.2832000e+00   1.1797000e+00   1.1663000e+00   3.9128000e+00   3.9685000e+00
   8.1940000e-01   1.2787000e+00   1.1724000e+00   1.1754000e+00   3.9707000e+00   3.9583000e+00
   6.5430000e-01   1.1553000e+00   1.0488000e+00   1.0571000e+00   3.9414000e+00   3.8903000e+00
   5.9860000e-01   1.0210000e+00   9.3860000e-01   9.6810000e-01   3.8451000e+00   3.8134000e+00
   5.5770000e-01   9.1410000e-01   8.6360000e-01   8.9880000e-01   3.7588000e+00   3.7454000e+00
   5.9710000e-01   8.9690000e-01   8.9820000e-01   9.1640000e-01   3.6570000e+00   3.6449000e+00
   6.5650000e-01   8.7880000e-01   8.9960000e-01   9.0960000e-01   3.5388000e+00   3.5448000e+00
   6.4910000e-01   9.1060000e-01   9.0180000e-01   9.3100000e-01   3.3938000e+00   3.4867000e+00
   6.9300000e-01   9.4010000e-01   9.5560000e-01   1.0240000e+00   3.2776000e+00   3.4247000e+00
   8.1200000e-01   1.0411000e+00   1.0937000e+00   1.1646000e+00   3.2117000e+00   3.3590000e+00
   8.8750000e-01   1.0954000e+00   1.1539000e+00   1.2742000e+00   3.1274000e+00   3.3389000e+00
   9.5030000e-01   1.2660000e+00   1.2833000e+00   1.4579000e+00   3.0034000e+00   3.3294000e+00
   1.1479000e+00   1.4382000e+00   1.4543000e+00   1.6081000e+00   2.9023000e+00   3.3226000e+00
   1.3623000e+00   1.6492000e+00   1.6560000e+00   1.8048000e+00   2.8506000e+00   3.3605000e+00
   1.5050000e+00   1.7590000e+00   1.7595000e+00   1.8940000e+00   2.8964000e+00   3.4535000e+00
   1.5465000e+00   1.7819000e+00   1.7634000e+00   1.8855000e+00   2.9467000e+00   3.5387000e+00
   1.5007000e+00   1.7335000e+00   1.7086000e+00   1.8310000e+00   2.9684000e+00   3.6199000e+00
   1.4617000e+00   1.6671000e+00   1.6493000e+00   1.7682000e+00   2.9208000e+00   3.6935000e+00
   1.4724000e+00   1.6501000e+00   1.6469000e+00   1.7671000e+00   2.8279000e+00   3.7450000e+00
   1.5391000e+00   1.6982000e+00   1.6981000e+00   1.8069000e+00   2.6685000e+00   3.7696000e+00
   1.6394000e+00   1.7607000e+00   1.7735000e+00   1.8812000e+00   2.3926000e+00   3.8282000e+00
   1.7188000e+00   1.8100000e+00   1.7905000e+00   1.8905000e+00   1.9792000e+00   3.9415000e+00
   1.6771000e+00   1.7613000e+00   1.7058000e+00   1.7737000e+00   1.4116000e+00   3.6309000e+00
   1.5593000e+00   1.6046000e+00   1.6059000e+00   1.6864000e+00   8.3260000e-01   2.6094000e+00
   1.5271000e+00   1.6461000e+00   1.7017000e+00   1.7507000e+00   8.5450000e-01   2.1426000e+00
   1.6170000e+00   1.7456000e+00   1.7565000e+00   1.7730000e+00   1.2973000e+00   1.5769000e+00
   1.6369000e+00   1.7482000e+00   1.7611000e+00   1.7883000e+00   6.6700000e-01   8.4630000e-01
   1.6700000e+00   1.7865000e+00   1.7803000e+00   1.8179000e+00   1.4171000e+00   1.2777000e+00
   1.7548000e+00   1.8347000e+00   1.8352000e+00   1.8601000e+00   1.2854000e+00   1.0675000e+00
   1.8366000e+00   1.8705000e+00   1.8686000e+00   1.8638000e+00   1.1174000e+00   1.2520000e+00
   1.8577000e+00   1.8490000e+00   1.8444000e+00   1.8177000e+00   7.4230000e-01   8.5220000e-01
   1.8576000e+00   1.8584000e+00   1.8316000e+00   1.7980000e+00   6.9780000e-01   6.1400000e-01
   1.8611000e+00   1.8369000e+00   1.8090000e+00   1.7728000e+00   6.4780000e-01   6.4650000e-01
   1.8480000e+00   1.8317000e+00   1.8136000e+00   1.7966000e+00   9.1960000e-01   8.9620000e-01
   1.8624000e+00   1.8728000e+00   1.8435000e+00   1.7876000e+00   1.0464000e+00   9.4720000e-01
   1.9559000e+00   1.9284000e+00   1.9057000e+00   1.8689000e+00   1.3890000e+00   1.0627000e+00
   2.0726000e+00   2.0323000e+00   2.0139000e+00   1.9581000e+00   1.7948000e+00   1.1443000e+00
   2.1845000e+00   2.1363000e+00   2.1329000e+00   2.0965000e+00   2.0923000e+00   1.4569000e+00
   2.3588000e+00   2.3069000e+00   2.3200000e+00   2.2889000e+00   2.3305000e+00   1.7021000e+00
   2.5378000e+00   2.4642000e+00   2.4557000e+00   2.4043000e+00   2.5906000e+00   1.9576000e+00
   2.6365000e+00   2.5721000e+00   2.5396000e+00   2.4902000e+00   2.6880000e+00   2.2010000e+00
   2.6528000e+00   2.6605000e+00   2.5796000e+00   2.5438000e+00   2.4717000e+00   2.2020000e+00
   2.6798000e+00   2.6923000e+00   2.6056000e+00   2.5619000e+00   2.1480000e+00   2.1041000e+00
   2.7110000e+00   2.6935000e+00   2.6206000e+00   2.5746000e+00   2.1165000e+00   2.1779000e+00
   2.7784000e+00   2.7807000e+00   2.6934000e+00   2.6544000e+00   2.3387000e+00   2.3709000e+00
   2.7385000e+00   2.7570000e+00   2.6717000e+00   2.6467000e+00   2.2347000e+00   2.2978000e+00
   2.7032000e+00   2.7348000e+00   2.6348000e+00   2.5818000e+00   2.2461000e+00   2.4032000e+00
   2.5169000e+00   2.5179000e+00   2.4180000e+00   2.3530000e+00   2.5888000e+00   2.6820000e+00
   2.3330000e+00   2.3251000e+00   2.2548000e+00   2.2091000e+00   2.7284000e+00   2.8376000e+00
   2.3125000e+00   2.3318000e+00   2.2861000e+00   2.2680000e+00   2.6045000e+00   2.4990000e+00
   2.0880000e+00   2.2042000e+00   2.1413000e+00   2.1653000e+00   2.1041000e+00   1.8869000e+00
   1.8209000e+00   1.9124000e+00   1.8808000e+00   1.8978000e+00   1.7419000e+00   1.5292000e+00
   1.8175000e+00   1.9236000e+00   1.8910000e+00   1.9254000e+00   1.4892000e+00   1.4372000e+00
   1.9942000e+00   2.0460000e+00   2.0185000e+00   2.0008000e+00   1.2152000e+00   1.2109000e+00
   2.0249000e+00   2.0611000e+00   2.0484000e+00   2.0528000e+00   1.1267000e+00   1.1979000e+00
   1.9181000e+00   2.0264000e+00   1.9906000e+00   2.0185000e+00   1.2447000e+00   1.2480000e+00
   1.8067000e+00   1.9376000e+00   1.8873000e+00   1.9144000e+00   1.5106000e+00   1.4164000e+00
