  -2.8386000e+00  -2.7105000e+00  -2.7040000e+00  -2.6052000e+00  -6.1516000e+00  -5.5774000e+00
  -2.9365000e+00  -2.7522000e+00  -2.7378000e+00  -2.6197000e+00  -6.4663000e+00  -5.6208000e+00
  -2.9749000e+00  -2.8031000e+00  -2.7496000e+00  -2.6066000e+00  -6.5385000e+00  -5.7092000e+00
  -3.1300000e+00  -2.9754000e+00  -2.8866000e+00  -2.7412000e+00  -6.6500000e+00  -5.7719000e+00
  -3.1557000e+00  -3.0507000e+00  -2.9169000e+00  -2.7822000e+00  -6.9407000e+00  -5.7953000e+00
  -2.9115000e+00  -2.8674000e+00  -2.7064000e+00  -2.5932000e+00  -6.9709000e+00  -5.7242000e+00
  -2.5842000e+00  -2.5857000e+00  -2.4084000e+00  -2.3124000e+00  -7.2138000e+00  -5.6453000e+00
  -2.5155000e+00  -2.5485000e+00  -2.3611000e+00  -2.2980000e+00  -7.1802000e+00  -5.6921000e+00
  -2.5496000e+00  -2.6160000e+00  -2.3960000e+00  -2.3550000e+00  -6.6106000e+00  -6.3909000e+00
  -2.5560000e+00  -2.6311000e+00  -2.4061000e+00  -2.3757000e+00  -7.4862000e+00  -6.1470000e+00
  -2.6679000e+00  -2.7082000e+00  -2.4610000e+00  -2.4138000e+00  -8.1902000e+00  -6.7763000e+00
  -3.1127000e+00  -3.0944000e+00  -2.8297000e+00  -2.7513000e+00  -6.5383000e+00  -7.5533000e+00
  -4.0590000e+00  -3.9615000e+00  -3.6483000e+00  -3.5156000e+00  -6.4942000e+00  -7.5644000e+00
  -4.9557000e+00  -4.8815000e+00  -4.6704000e+00  -4.6215000e+00  -6.9149000e+00  -7.3012000e+00
  -6.6327000e+00  -6.4274000e+00  -5.8781000e+00  -5.6323000e+00  -6.9682000e+00  -6.0883000e+00
  -8.6786000e+00  -8.7905000e+00  -8.3422000e+00  -8.3273000e+00  -6.4567000e+00  -6.4635000e+00
  -8.6977000e+00  -8.3549000e+00  -8.6112000e+00  -8.9660000e+00  -4.9356000e+00  -6.2477000e+00
  -8.0004000e+00  -7.3417000e+00  -7.6605000e+00  -7.6369000e+00  -4.4205000e+00  -5.3766000e+00
  -5.8574000e+00  -6.0812000e+00  -7.1898000e+00  -7.9036000e+00  -4.5246000e+00  -4.1125000e+00
  -4.8899000e+00  -5.2773000e+00  -5.2420000e+00  -5.3200000e+00  -4.3443000e+00  -3.4655000e+00
  -4.9008000e+00  -4.4623000e+00  -4.3538000e+00  -3.9564000e+00  -4.7340000e+00  -3.4113000e+00
  -4.4552000e+00  -3.8644000e+00  -4.4123000e+00  -4.4452000e+00  -5.2346000e+00  -3.3264000e+00
  -4.0289000e+00  -4.5775000e+00  -3.9879000e+00  -4.0853000e+00  -5.7017000e+00  -3.8208000e+00
  -3.8268000e+00  -4.4009000e+00  -4.2370000e+00  -4.6037000e+00  -6.5326000e+00  -4.6523000e+00
  -3.1778000e+00  -3.0460000e+00  -3.0031000e+00  -3.0092000e+00  -6.8688000e+00  -5.0894000e+00
  -2.9654000e+00  -2.6451000e+00  -2.9809000e+00  -2.9874000e+00  -6.9431000e+00  -5.5819000e+00
  -3.7537000e+00  -3.9387000e+00  -3.4011000e+00  -3.2618000e+00  -6.7841000e+00  -5.8562000e+00
  -4.2249000e+00  -4.1598000e+00  -4.0187000e+00  -4.0063000e+00  -6.4665000e+00  -6.0038000e+00
  -4.5635000e+00  -4.3729000e+00  -4.2825000e+00  -4.2500000e+00  -6.1078000e+00  -5.9939000e+00
  -4.9815000e+00  -4.6475000e+00  -4.7849000e+00  -4.7626000e+00  -6.1215000e+00  -5.9298000e+00
  -5.7611000e+00  -5.4991000e+00  -5.2086000e+00  -5.1125000e+00  -6.2042000e+00  -5.8751000e+00
  -7.0231000e+00  -6.9257000e+00  -6.6419000e+00  -6.6192000e+00  -6.5127000e+00  -5.9394000e+00
  -8.1644000e+00  -7.9004000e+00  -7.5932000e+00  -7.4815000e+00  -6.9523000e+00  -6.3277000e+00
  -8.1978000e+00  -8.0479000e+00  -7.6930000e+00  -7.7006000e+00  -8.1560000e+00  -6.8457000e+00
  -8.7759000e+00  -8.3202000e+00  -8.2232000e+00  -8.2433000e+00  -9.1715000e+00  -7.7106000e+00
  -8.7054000e+00  -8.3265000e+00  -8.3129000e+00  -8.4094000e+00  -9.8942000e+00  -8.7672000e+00
  -8.7352000e+00  -8.4308000e+00  -8.3555000e+00  -8.4217000e+00  -1.0073200e+01  -9.5731000e+00
  -8.9831000e+00  -8.5623000e+00  -8.5991000e+00  -8.7058000e+00  -9.8862000e+00  -9.6678000e+00
  -9.4209000e+00  -9.0516000e+00  -9.0767000e+00  -9.1983000e+00  -9.2373000e+00  -1.0104700e+01
  -9.9144000e+00  -9.5062000e+00  -9.5372000e+00  -9.6949000e+00  -9.8371000e+00  -1.0269000e+01
  -1.0286900e+01  -9.8385000e+00  -9.8480000e+00  -1.0011700e+01  -1.0136100e+01  -9.8196000e+00
  -1.0365600e+01  -9.8931000e+00  -9.9027000e+00  -1.0064000e+01  -1.0353700e+01  -9.8636000e+00
  -1.0956700e+01  -1.0307900e+01  -1.0215900e+01  -1.0205900e+01  -1.0544300e+01  -1.0039600e+01
  -1.1603200e+01  -1.0930800e+01  -1.0802900e+01  -1.0835400e+01  -9.9939000e+00  -1.0153200e+01
  -1.1733300e+01  -1.1192600e+01  -1.1115000e+01  -1.1234400e+01  -9.7285000e+00  -9.7292000e+00
  -1.1672500e+01  -1.1326300e+01  -1.1119900e+01  -1.1163300e+01  -9.5435000e+00  -9.6015000e+00
  -1.1365900e+01  -1.0915500e+01  -1.0978800e+01  -1.1131500e+01  -9.8185000e+00  -9.5602000e+00
  -1.2214800e+01  -1.1576300e+01  -1.1513900e+01  -1.1523800e+01  -9.5063000e+00  -9.4898000e+00
  -1.2775500e+01  -1.2325300e+01  -1.2191200e+01  -1.2353100e+01  -9.4147000e+00  -9.6583000e+00
  -1.4033500e+01  -1.3669400e+01  -1.3235300e+01  -1.3247700e+01  -9.1943000e+00  -9.3130000e+00
  -1.3633600e+01  -1.3784400e+01  -1.3634600e+01  -1.3937100e+01  -9.1263000e+00  -9.0783000e+00
  -1.2898300e+01  -1.2696500e+01  -1.2783100e+01  -1.3124400e+01  -9.5097000e+00  -9.1457000e+00
  -1.2826700e+01  -1.2158200e+01  -1.2215700e+01  -1.2377000e+01  -9.7368000e+00  -9.4064000e+00
  -1.1999500e+01  -1.2358400e+01  -1.1962300e+01  -1.2192800e+01  -9.5554000e+00  -9.7759000e+00
  -1.1968800e+01  -1.1965000e+01  -1.1746000e+01  -1.1816000e+01  -9.6665000e+00  -1.0413900e+01
  -1.2181700e+01  -1.2151200e+01  -1.2015600e+01  -1.2088600e+01  -1.0065600e+01  -1.0585100e+01
  -1.2676500e+01  -1.2622300e+01  -1.2490600e+01  -1.2439100e+01  -1.0284000e+01  -1.0366100e+01
  -1.2404300e+01  -1.2638300e+01  -1.2472900e+01  -1.2603400e+01  -1.0726900e+01  -1.0491300e+01
  -1.2315800e+01  -1.2387200e+01  -1.2254200e+01  -1.2357100e+01  -1.0656700e+01  -1.0703500e+01
  -1.2503100e+01  -1.2602200e+01  -1.2344400e+01  -1.2387100e+01  -1.0168400e+01  -1.0730100e+01
  -1.2775200e+01  -1.2936400e+01  -1.2652500e+01  -1.2717300e+01  -9.7980000e+00  -1.0637300e+01
  -1.2886900e+01  -1.3102700e+01  -1.2803100e+01  -1.2982900e+01  -9.4013000e+00  -1.0131000e+01
  -1.2654100e+01  -1.2801300e+01  -1.2516700e+01  -1.2645900e+01  -8.8347000e+00  -9.5544000e+00
  -1.2372800e+01  -1.2434600e+01  -1.2251700e+01  -1.2404200e+01  -8.3118000e+00  -8.9081000e+00
  -1.2548700e+01  -1.2677300e+01  -1.2453900e+01  -1.2556700e+01  -7.9478000e+00  -8.2447000e+00
  -1.2546000e+01  -1.2746800e+01  -1.2542600e+01  -1.2722300e+01  -7.6312000e+00  -7.7690000e+00
  -1.1746000e+01  -1.2059400e+01  -1.2025300e+01  -1.2286400e+01  -7.3129000e+00  -7.3609000e+00
  -1.1461100e+01  -1.1905200e+01  -1.1523100e+01  -1.1637300e+01  -6.8135000e+00  -6.9695000e+00
  -1.1064200e+01  -1.1370900e+01  -1.1192300e+01  -1.1318300e+01  -6.7905000e+00  -7.1771000e+00
  -1.1103900e+01  -1.1168400e+01  -1.1095300e+01  -1.1153000e+01  -7.0400000e+00  -7.2329000e+00
  -1.1062700e+01  -1.1205500e+01  -1.1153700e+01  -1.1325500e+01  -7.5182000e+00  -7.4861000e+00
  -1.0335700e+01  -1.0538400e+01  -1.0433300e+01  -1.0637000e+01  -8.2963000e+00  -7.5094000e+00
  -9.8126000e+00  -1.0074200e+01  -9.8809000e+00  -9.9921000e+00  -8.3659000e+00  -7.2496000e+00
  -9.3820000e+00  -9.5985000e+00  -9.4282000e+00  -9.5295000e+00  -7.7881000e+00  -7.2425000e+00
  -8.9633000e+00  -9.2211000e+00  -8.9914000e+00  -9.0641000e+00  -7.3397000e+00  -7.1258000e+00
  -8.7587000e+00  -8.9360000e+00  -8.7904000e+00  -8.8621000e+00  -7.1939000e+00  -7.0293000e+00
  -8.5093000e+00  -8.6368000e+00  -8.5699000e+00  -8.6478000e+00  -6.6932000e+00  -6.5222000e+00
  -7.9166000e+00  -8.0965000e+00  -8.0803000e+00  -8.1986000e+00  -6.0925000e+00  -5.8767000e+00
  -7.7001000e+00  -7.8671000e+00  -7.8773000e+00  -7.9909000e+00  -5.8790000e+00  -5.4648000e+00
  -7.8700000e+00  -8.0433000e+00  -8.0550000e+00  -8.1669000e+00  -5.7696000e+00  -5.4266000e+00
  -8.1233000e+00  -8.3072000e+00  -8.2630000e+00  -8.3495000e+00  -5.7243000e+00  -5.3459000e+00
  -8.0745000e+00  -8.2570000e+00  -8.2254000e+00  -8.3266000e+00  -5.7310000e+00  -5.4131000e+00
  -8.1484000e+00  -8.3905000e+00  -8.3014000e+00  -8.4316000e+00  -5.7701000e+00  -5.2549000e+00
  -8.0693000e+00  -8.3192000e+00  -8.1866000e+00  -8.3207000e+00  -5.5444000e+00  -5.2066000e+00
  -8.0257000e+00  -8.2753000e+00  -8.1251000e+00  -8.2742000e+00  -5.2442000e+00  -5.3084000e+00
  -7.8684000e+00  -8.1899000e+00  -8.0192000e+00  -8.1817000e+00  -5.1205000e+00  -5.3025000e+00
  -7.7552000e+00  -8.1041000e+00  -7.8913000e+00  -8.0104000e+00  -5.0980000e+00  -5.2168000e+00
  -7.5741000e+00  -7.8665000e+00  -7.6882000e+00  -7.7524000e+00  -5.1454000e+00  -5.3155000e+00
  -7.5271000e+00  -7.6612000e+00  -7.5079000e+00  -7.5133000e+00  -5.3228000e+00  -5.6185000e+00
  -7.5031000e+00  -7.5139000e+00  -7.4025000e+00  -7.3913000e+00  -5.6502000e+00  -5.9922000e+00
  -7.4545000e+00  -7.3812000e+00  -7.3560000e+00  -7.3660000e+00  -5.8651000e+00  -6.2379000e+00
  -7.2751000e+00  -7.1874000e+00  -7.1874000e+00  -7.2279000e+00  -6.1937000e+00  -6.3555000e+00
  -6.9590000e+00  -6.8774000e+00  -6.9029000e+00  -6.9587000e+00  -6.4525000e+00  -6.4842000e+00
  -6.6892000e+00  -6.5785000e+00  -6.6265000e+00  -6.6766000e+00  -6.7179000e+00  -6.6010000e+00
  -6.6165000e+00  -6.5085000e+00  -6.5656000e+00  -6.6443000e+00  -6.8829000e+00  -6.7384000e+00
  -6.7558000e+00  -6.6644000e+00  -6.7291000e+00  -6.7934000e+00  -7.0393000e+00  -6.8470000e+00
  -6.9908000e+00  -6.9191000e+00  -6.9948000e+00  -7.0362000e+00  -7.1922000e+00  -6.8295000e+00
  -7.1963000e+00  -7.1414000e+00  -7.2384000e+00  -7.2694000e+00  -7.2730000e+00  -6.7493000e+00
  -7.3858000e+00  -7.3487000e+00  -7.4554000e+00  -7.4760000e+00  -7.3280000e+00  -6.7389000e+00
  -7.5964000e+00  -7.5852000e+00  -7.6927000e+00  -7.7235000e+00  -7.3048000e+00  -6.7359000e+00
  -7.7416000e+00  -7.7023000e+00  -7.8263000e+00  -7.8697000e+00  -7.2255000e+00  -6.8199000e+00
  -7.7898000e+00  -7.7417000e+00  -7.8649000e+00  -7.9161000e+00  -7.1065000e+00  -6.7884000e+00
  -7.8011000e+00  -7.7327000e+00  -7.8597000e+00  -7.9109000e+00  -6.8965000e+00  -6.6686000e+00
  -7.7944000e+00  -7.7089000e+00  -7.8400000e+00  -7.8898000e+00  -6.6603000e+00  -6.5158000e+00
  -7.7043000e+00  -7.6135000e+00  -7.7424000e+00  -7.7885000e+00  -6.4593000e+00  -6.3858000e+00
  -7.5999000e+00  -7.4965000e+00  -7.6218000e+00  -7.6637000e+00  -6.2445000e+00  -6.3475000e+00
  -7.5210000e+00  -7.4370000e+00  -7.5521000e+00  -7.6142000e+00  -6.1843000e+00  -6.3069000e+00
  -7.3900000e+00  -7.3174000e+00  -7.4214000e+00  -7.4831000e+00  -6.1899000e+00  -6.1702000e+00
  -7.2428000e+00  -7.1627000e+00  -7.2805000e+00  -7.3376000e+00  -5.9869000e+00  -5.9621000e+00
  -7.1783000e+00  -7.1060000e+00  -7.2058000e+00  -7.2566000e+00  -5.7829000e+00  -5.7002000e+00
  -7.1215000e+00  -7.0440000e+00  -7.1458000e+00  -7.1926000e+00  -5.5413000e+00  -5.5170000e+00
  -7.2029000e+00  -7.1570000e+00  -7.2274000e+00  -7.2714000e+00  -5.2169000e+00  -5.4094000e+00
  -7.3825000e+00  -7.3375000e+00  -7.4116000e+00  -7.4593000e+00  -5.2510000e+00  -5.1645000e+00
  -7.4703000e+00  -7.4229000e+00  -7.4872000e+00  -7.5303000e+00  -5.2650000e+00  -5.1015000e+00
  -7.5695000e+00  -7.5469000e+00  -7.5424000e+00  -7.5683000e+00  -5.1812000e+00  -5.0206000e+00
  -7.7912000e+00  -7.7475000e+00  -7.7427000e+00  -7.7853000e+00  -5.0542000e+00  -4.6208000e+00
  -7.7121000e+00  -7.6649000e+00  -7.6809000e+00  -7.7440000e+00  -5.0609000e+00  -4.4854000e+00
  -7.6447000e+00  -7.5900000e+00  -7.5885000e+00  -7.6636000e+00  -4.5890000e+00  -4.1353000e+00
  -7.3704000e+00  -7.2201000e+00  -7.3261000e+00  -7.4415000e+00  -4.0427000e+00  -3.7822000e+00
  -6.7067000e+00  -6.5539000e+00  -6.7165000e+00  -6.8126000e+00  -3.6369000e+00  -3.4811000e+00
  -6.1817000e+00  -6.1725000e+00  -6.2152000e+00  -6.2937000e+00  -3.3265000e+00  -3.2981000e+00
  -5.8246000e+00  -5.8091000e+00  -5.8652000e+00  -5.9459000e+00  -3.2332000e+00  -3.1979000e+00
  -5.4590000e+00  -5.4306000e+00  -5.5031000e+00  -5.5811000e+00  -3.0537000e+00  -3.0155000e+00
  -5.1408000e+00  -5.0956000e+00  -5.1706000e+00  -5.2368000e+00  -2.6878000e+00  -2.7819000e+00
  -4.9691000e+00  -4.9059000e+00  -4.9688000e+00  -5.0216000e+00  -2.3635000e+00  -2.5950000e+00
  -4.9574000e+00  -4.8828000e+00  -4.9225000e+00  -4.9791000e+00  -2.0850000e+00  -2.3866000e+00
  -5.0577000e+00  -4.9918000e+00  -5.0060000e+00  -5.0604000e+00  -1.8739000e+00  -2.1919000e+00
  -5.1987000e+00  -5.1366000e+00  -5.1557000e+00  -5.2078000e+00  -1.8103000e+00  -2.0363000e+00
  -5.3243000e+00  -5.2659000e+00  -5.2999000e+00  -5.3638000e+00  -1.8423000e+00  -1.9264000e+00
  -5.4004000e+00  -5.3143000e+00  -5.3819000e+00  -5.4366000e+00  -1.8806000e+00  -1.8579000e+00
  -5.4618000e+00  -5.3532000e+00  -5.4269000e+00  -5.4800000e+00  -1.9275000e+00  -1.8300000e+00
  -5.5537000e+00  -5.4368000e+00  -5.4987000e+00  -5.5447000e+00  -1.9560000e+00  -1.8390000e+00
  -5.6368000e+00  -5.5191000e+00  -5.5618000e+00  -5.5951000e+00  -1.9476000e+00  -1.8797000e+00
  -5.6888000e+00  -5.5732000e+00  -5.5991000e+00  -5.6320000e+00  -1.8804000e+00  -1.8716000e+00
  -5.7379000e+00  -5.6382000e+00  -5.6367000e+00  -5.6765000e+00  -1.7874000e+00  -1.7603000e+00
  -5.6383000e+00  -5.5371000e+00  -5.5374000e+00  -5.5847000e+00  -1.6982000e+00  -1.6189000e+00
  -5.3610000e+00  -5.2218000e+00  -5.2552000e+00  -5.3164000e+00  -1.6099000e+00  -1.4958000e+00
  -4.9541000e+00  -4.8042000e+00  -4.8380000e+00  -4.9085000e+00  -1.5095000e+00  -1.3811000e+00
  -4.5755000e+00  -4.4594000e+00  -4.4682000e+00  -4.5409000e+00  -1.4138000e+00  -1.2812000e+00
  -4.3305000e+00  -4.2534000e+00  -4.2428000e+00  -4.3133000e+00  -1.3387000e+00  -1.1906000e+00
  -4.1611000e+00  -4.1140000e+00  -4.0853000e+00  -4.1497000e+00  -1.2601000e+00  -1.0942000e+00
  -4.0052000e+00  -3.9811000e+00  -3.9376000e+00  -3.9950000e+00  -1.2094000e+00  -9.8270000e-01
  -3.8616000e+00  -3.8583000e+00  -3.8008000e+00  -3.8493000e+00  -1.1440000e+00  -8.0010000e-01
  -3.7477000e+00  -3.7644000e+00  -3.6880000e+00  -3.7267000e+00  -1.0634000e+00  -5.6600000e-01
  -3.7060000e+00  -3.7369000e+00  -3.6440000e+00  -3.6773000e+00  -9.8420000e-01  -2.6380000e-01
  -3.6932000e+00  -3.7218000e+00  -3.6338000e+00  -3.6705000e+00  -9.8480000e-01   6.9400000e-02
  -3.6591000e+00  -3.6813000e+00  -3.6066000e+00  -3.6508000e+00  -1.0429000e+00   3.3780000e-01
  -3.5622000e+00  -3.5807000e+00  -3.5231000e+00  -3.5761000e+00  -8.5340000e-01   4.3730000e-01
  -3.3876000e+00  -3.4058000e+00  -3.3597000e+00  -3.4139000e+00  -9.0300000e-02   5.1760000e-01
  -3.1931000e+00  -3.2137000e+00  -3.1722000e+00  -3.2185000e+00   5.8630000e-01   6.1390000e-01
  -3.0756000e+00  -3.0905000e+00  -3.0542000e+00  -3.0903000e+00   4.3600000e-01   6.8460000e-01
  -2.9846000e+00  -2.9864000e+00  -2.9606000e+00  -2.9900000e+00  -2.8990000e-01   6.0110000e-01
  -2.8282000e+00  -2.8252000e+00  -2.8146000e+00  -2.8476000e+00  -3.3100000e-02   4.3400000e-01
  -2.6242000e+00  -2.6306000e+00  -2.6205000e+00  -2.6602000e+00   1.3356000e+00   3.1780000e-01
  -2.4066000e+00  -2.4206000e+00  -2.4126000e+00  -2.4587000e+00   2.1244000e+00   2.0680000e-01
  -2.2008000e+00  -2.2257000e+00  -2.2195000e+00  -2.2725000e+00   1.5451000e+00   7.3900000e-02
  -1.9439000e+00  -1.9706000e+00  -1.9696000e+00  -2.0216000e+00   1.6236000e+00   7.0700000e-02
  -1.7486000e+00  -1.7624000e+00  -1.7720000e+00  -1.8181000e+00   1.8815000e+00   1.7450000e-01
  -1.5064000e+00  -1.4882000e+00  -1.5195000e+00  -1.5538000e+00   1.4854000e+00   1.3830000e-01
  -1.2597000e+00  -1.2010000e+00  -1.2597000e+00  -1.2825000e+00   1.1058000e+00   8.6000000e-02
  -9.9950000e-01  -9.2500000e-01  -1.0007000e+00  -1.0141000e+00   9.5830000e-01   1.5150000e-01
  -7.2750000e-01  -6.4800000e-01  -7.5020000e-01  -7.5690000e-01   1.0936000e+00   4.3630000e-01
  -5.3350000e-01  -4.6760000e-01  -5.6590000e-01  -5.7120000e-01   1.3802000e+00   8.0260000e-01
  -4.4850000e-01  -4.1810000e-01  -4.7750000e-01  -4.8310000e-01   1.1143000e+00   1.2091000e+00
  -5.0920000e-01  -5.0370000e-01  -5.2580000e-01  -5.3290000e-01   8.1810000e-01   1.6617000e+00
  -6.2800000e-01  -6.3850000e-01  -6.3560000e-01  -6.4960000e-01   9.4910000e-01   1.9729000e+00
  -6.9970000e-01  -7.2010000e-01  -7.0590000e-01  -7.2700000e-01   1.6115000e+00   2.0568000e+00
  -6.6840000e-01  -6.8370000e-01  -6.7410000e-01  -6.9510000e-01   1.9612000e+00   2.1054000e+00
  -6.4130000e-01  -6.7270000e-01  -6.4420000e-01  -6.6410000e-01   2.1445000e+00   2.1639000e+00
  -5.8850000e-01  -6.2590000e-01  -6.0080000e-01  -6.2540000e-01   2.2485000e+00   2.3235000e+00
  -4.9410000e-01  -5.3570000e-01  -5.2630000e-01  -5.6250000e-01   2.2803000e+00   2.4213000e+00
  -3.2090000e-01  -3.8230000e-01  -3.6350000e-01  -4.0430000e-01   2.4339000e+00   2.4949000e+00
  -1.1160000e-01  -1.8600000e-01  -1.6100000e-01  -2.0130000e-01   2.7811000e+00   2.7451000e+00
   2.1580000e-01   1.7290000e-01   1.3890000e-01   8.6800000e-02   3.1804000e+00   3.0560000e+00
   4.3960000e-01   3.9920000e-01   3.4490000e-01   2.7310000e-01   3.5599000e+00   3.4344000e+00
   6.6790000e-01   5.7640000e-01   5.7610000e-01   5.0480000e-01   3.8653000e+00   3.7586000e+00
   9.1830000e-01   7.9700000e-01   8.3100000e-01   7.7620000e-01   4.1309000e+00   4.0265000e+00
   1.0745000e+00   9.8740000e-01   9.8700000e-01   9.3130000e-01   4.3731000e+00   4.2038000e+00
   1.1302000e+00   1.0281000e+00   1.0453000e+00   9.8750000e-01   4.5784000e+00   4.3935000e+00
   1.1215000e+00   1.0116000e+00   1.0334000e+00   9.7420000e-01   4.7221000e+00   4.6260000e+00
   1.0509000e+00   9.3610000e-01   9.7020000e-01   9.1600000e-01   4.8838000e+00   4.8378000e+00
   9.4580000e-01   8.3420000e-01   8.7960000e-01   8.3150000e-01   4.9512000e+00   4.9533000e+00
   8.7470000e-01   7.7290000e-01   8.3020000e-01   7.9150000e-01   4.9576000e+00   4.9534000e+00
   8.6020000e-01   7.6930000e-01   8.0910000e-01   7.6260000e-01   4.8971000e+00   4.8908000e+00
   8.2960000e-01   7.1490000e-01   7.6390000e-01   6.9820000e-01   4.7927000e+00   4.8052000e+00
   9.1130000e-01   7.6140000e-01   8.4380000e-01   7.7390000e-01   4.6386000e+00   4.7187000e+00
   1.1473000e+00   9.9500000e-01   1.0715000e+00   1.0030000e+00   4.5106000e+00   4.6358000e+00
   1.3772000e+00   1.2459000e+00   1.3092000e+00   1.2514000e+00   4.3567000e+00   4.5231000e+00
   1.6022000e+00   1.4835000e+00   1.5408000e+00   1.4882000e+00   4.2597000e+00   4.3705000e+00
   1.8273000e+00   1.7342000e+00   1.7659000e+00   1.7153000e+00   4.1517000e+00   4.0689000e+00
   1.9126000e+00   1.8599000e+00   1.8569000e+00   1.8063000e+00   3.8865000e+00   3.6022000e+00
   1.9066000e+00   1.8902000e+00   1.8583000e+00   1.8045000e+00   3.4127000e+00   3.1378000e+00
   1.9363000e+00   1.9387000e+00   1.8922000e+00   1.8357000e+00   2.9404000e+00   2.7624000e+00
   1.9703000e+00   1.9932000e+00   1.9349000e+00   1.8841000e+00   2.5988000e+00   2.4635000e+00
   1.9976000e+00   2.0351000e+00   1.9714000e+00   1.9276000e+00   2.4093000e+00   2.2438000e+00
   2.0663000e+00   2.0931000e+00   2.0420000e+00   2.0016000e+00   2.3707000e+00   2.2077000e+00
   2.0500000e+00   2.0952000e+00   2.0368000e+00   2.0005000e+00   2.4215000e+00   2.2529000e+00
   2.0126000e+00   2.0591000e+00   2.0042000e+00   1.9707000e+00   2.4825000e+00   2.2859000e+00
   2.0002000e+00   2.0318000e+00   1.9798000e+00   1.9344000e+00   2.5403000e+00   2.3700000e+00
   2.0092000e+00   2.0662000e+00   1.9962000e+00   1.9534000e+00   2.6052000e+00   2.4415000e+00
   2.0486000e+00   2.1443000e+00   2.0513000e+00   2.0085000e+00   2.6071000e+00   2.4042000e+00
   2.1424000e+00   2.2310000e+00   2.1373000e+00   2.0797000e+00   2.5721000e+00   2.3162000e+00
   2.2782000e+00   2.3385000e+00   2.2633000e+00   2.2066000e+00   2.5057000e+00   2.2300000e+00
   2.4801000e+00   2.5101000e+00   2.4392000e+00   2.3689000e+00   2.4630000e+00   2.1513000e+00
   2.6736000e+00   2.7022000e+00   2.6314000e+00   2.5702000e+00   2.3936000e+00   2.1584000e+00
   2.8451000e+00   2.8864000e+00   2.8154000e+00   2.7645000e+00   2.3517000e+00   2.2501000e+00
   2.9845000e+00   3.0388000e+00   2.9580000e+00   2.9052000e+00   2.3835000e+00   2.4066000e+00
   3.1244000e+00   3.1636000e+00   3.0955000e+00   3.0361000e+00   2.5604000e+00   2.5736000e+00
   3.2919000e+00   3.3291000e+00   3.2609000e+00   3.2084000e+00   2.7705000e+00   2.7232000e+00
   3.4985000e+00   3.5505000e+00   3.4771000e+00   3.4264000e+00   2.9372000e+00   2.8407000e+00
   3.7238000e+00   3.7543000e+00   3.6903000e+00   3.6319000e+00   3.0251000e+00   2.9486000e+00
   3.8757000e+00   3.9085000e+00   3.8525000e+00   3.8001000e+00   3.2607000e+00   3.1286000e+00
   3.9400000e+00   3.9567000e+00   3.8879000e+00   3.8220000e+00   3.5025000e+00   3.2415000e+00
   3.9416000e+00   3.8784000e+00   3.8857000e+00   3.8451000e+00   3.3666000e+00   3.1022000e+00
   4.0346000e+00   3.9425000e+00   3.9638000e+00   3.9486000e+00   3.3670000e+00   3.2242000e+00
   4.1534000e+00   4.1120000e+00   4.0938000e+00   4.0953000e+00   3.6793000e+00   3.5896000e+00
   4.3358000e+00   4.3245000e+00   4.2471000e+00   4.2417000e+00   3.9116000e+00   3.7810000e+00
   4.5126000e+00   4.5764000e+00   4.4447000e+00   4.4684000e+00   4.0130000e+00   3.8945000e+00
   4.7622000e+00   4.9243000e+00   4.7405000e+00   4.7742000e+00   4.0290000e+00   4.0112000e+00
   4.9468000e+00   5.1956000e+00   4.9933000e+00   5.0620000e+00   4.2475000e+00   4.2587000e+00
   5.0003000e+00   5.2493000e+00   5.1085000e+00   5.1926000e+00   4.5811000e+00   4.6354000e+00
   5.0411000e+00   5.3043000e+00   5.1735000e+00   5.2662000e+00   4.7455000e+00   4.8615000e+00
   5.0661000e+00   5.3264000e+00   5.2023000e+00   5.2965000e+00   4.7691000e+00   4.9711000e+00
   5.0355000e+00   5.3098000e+00   5.1826000e+00   5.2787000e+00   4.6915000e+00   4.9039000e+00
   4.9493000e+00   5.2204000e+00   5.1195000e+00   5.2123000e+00   4.6621000e+00   4.7441000e+00
   4.8347000e+00   5.1098000e+00   5.0320000e+00   5.1360000e+00   4.7407000e+00   4.6153000e+00
   4.7304000e+00   4.9793000e+00   4.9232000e+00   5.0577000e+00   4.7467000e+00   4.6211000e+00
   4.6216000e+00   4.8676000e+00   4.8161000e+00   4.9852000e+00   4.6968000e+00   4.5785000e+00
   4.4184000e+00   4.6600000e+00   4.6008000e+00   4.8245000e+00   4.4902000e+00   4.4295000e+00
   4.2042000e+00   4.4432000e+00   4.3552000e+00   4.6129000e+00   4.2796000e+00   4.2616000e+00
   4.1593000e+00   4.3643000e+00   4.2679000e+00   4.5341000e+00   4.0940000e+00   4.0648000e+00
   4.2278000e+00   4.4285000e+00   4.3012000e+00   4.5432000e+00   3.8656000e+00   3.8523000e+00
   4.3458000e+00   4.5458000e+00   4.3856000e+00   4.6221000e+00   3.8090000e+00   3.7214000e+00
   4.4686000e+00   4.7635000e+00   4.5057000e+00   4.7543000e+00   3.8096000e+00   3.6512000e+00
   4.6107000e+00   5.0448000e+00   4.6881000e+00   4.9258000e+00   3.9064000e+00   3.8096000e+00
   4.7507000e+00   5.2258000e+00   4.8814000e+00   5.1263000e+00   3.9395000e+00   3.6886000e+00
   4.9723000e+00   5.3901000e+00   5.1055000e+00   5.3432000e+00   3.8763000e+00   3.9143000e+00
   5.2057000e+00   5.5005000e+00   5.3084000e+00   5.5261000e+00   3.8150000e+00   4.2748000e+00
   5.3627000e+00   5.5697000e+00   5.4659000e+00   5.6590000e+00   3.8339000e+00   4.2197000e+00
   5.3540000e+00   5.5022000e+00   5.4395000e+00   5.6237000e+00   4.0743000e+00   3.9518000e+00
   5.2987000e+00   5.4102000e+00   5.3438000e+00   5.4881000e+00   4.2973000e+00   3.8067000e+00
   5.1524000e+00   5.2673000e+00   5.2378000e+00   5.3953000e+00   3.9575000e+00   3.5782000e+00
   5.0007000e+00   5.1399000e+00   5.0676000e+00   5.2544000e+00   3.7298000e+00   3.5700000e+00
   4.8475000e+00   4.9784000e+00   4.9820000e+00   5.2206000e+00   3.6794000e+00   3.5966000e+00
   4.6005000e+00   4.7666000e+00   4.8226000e+00   5.1187000e+00   3.5731000e+00   3.5900000e+00
   4.3409000e+00   4.4070000e+00   4.4386000e+00   4.6868000e+00   3.5349000e+00   3.6345000e+00
   4.3840000e+00   4.5626000e+00   4.3727000e+00   4.4539000e+00   3.6520000e+00   3.7003000e+00
   4.5389000e+00   4.5579000e+00   4.3736000e+00   4.3768000e+00   3.8459000e+00   3.7055000e+00
   4.5559000e+00   4.5462000e+00   4.4572000e+00   4.4317000e+00   3.9458000e+00   3.6732000e+00
   4.7188000e+00   4.5673000e+00   4.7246000e+00   4.7146000e+00   3.9602000e+00   3.7155000e+00
   4.4427000e+00   4.3492000e+00   4.4241000e+00   4.4948000e+00   3.9296000e+00   3.8178000e+00
   4.7441000e+00   4.5465000e+00   4.5478000e+00   4.4205000e+00   3.8252000e+00   4.0134000e+00
   4.7703000e+00   4.5212000e+00   4.7253000e+00   4.6557000e+00   3.8908000e+00   4.2165000e+00
   4.6932000e+00   4.3220000e+00   4.7197000e+00   4.7561000e+00   3.9346000e+00   4.4095000e+00
   4.7916000e+00   4.3710000e+00   4.8392000e+00   4.9007000e+00   3.3353000e+00   4.5616000e+00
   4.7630000e+00   4.4441000e+00   4.9198000e+00   5.0508000e+00   2.5372000e+00   4.5850000e+00
   4.5774000e+00   4.4575000e+00   4.7332000e+00   4.8828000e+00   2.5384000e+00   4.4489000e+00
   4.5090000e+00   4.3702000e+00   4.6175000e+00   4.7277000e+00   2.4573000e+00   4.2300000e+00
   4.4713000e+00   4.5362000e+00   4.5243000e+00   4.5476000e+00   2.4586000e+00   3.9912000e+00
   4.5346000e+00   4.5800000e+00   4.5559000e+00   4.5516000e+00   2.5036000e+00   4.0071000e+00
   4.6341000e+00   4.6614000e+00   4.6634000e+00   4.6241000e+00   2.7522000e+00   4.2287000e+00
   4.6773000e+00   4.5554000e+00   4.5957000e+00   4.4981000e+00   3.1556000e+00   4.6723000e+00
   4.5668000e+00   4.5056000e+00   4.5251000e+00   4.4830000e+00   3.6582000e+00   5.0637000e+00
   4.6853000e+00   4.7631000e+00   4.7913000e+00   4.8154000e+00   4.0495000e+00   5.3698000e+00
   5.0294000e+00   5.0724000e+00   5.0875000e+00   5.0841000e+00   4.2997000e+00   5.6074000e+00
   5.1648000e+00   5.2436000e+00   5.2242000e+00   5.2322000e+00   4.4682000e+00   5.6250000e+00
   5.2645000e+00   5.4587000e+00   5.3832000e+00   5.4395000e+00   4.7738000e+00   5.6646000e+00
   5.4554000e+00   5.7409000e+00   5.5990000e+00   5.6813000e+00   5.1104000e+00   5.7719000e+00
   5.6392000e+00   6.0128000e+00   5.8127000e+00   5.9082000e+00   5.3162000e+00   5.8518000e+00
   5.8688000e+00   6.2145000e+00   6.0156000e+00   6.0971000e+00   5.1761000e+00   5.7037000e+00
   6.0565000e+00   6.3340000e+00   6.1799000e+00   6.2580000e+00   4.8193000e+00   5.2584000e+00
   6.1971000e+00   6.4035000e+00   6.2969000e+00   6.3723000e+00   4.5368000e+00   4.9052000e+00
   6.2114000e+00   6.4172000e+00   6.3141000e+00   6.3837000e+00   3.4653000e+00   4.3390000e+00
   6.1863000e+00   6.3918000e+00   6.2921000e+00   6.3547000e+00   3.4304000e+00   4.0996000e+00
   6.1373000e+00   6.3081000e+00   6.2447000e+00   6.3137000e+00   3.4248000e+00   3.8527000e+00
   6.0836000e+00   6.2198000e+00   6.1838000e+00   6.2410000e+00   2.5205000e+00   3.8235000e+00
   6.2484000e+00   6.3502000e+00   6.3553000e+00   6.4080000e+00   2.6400000e+00   3.9352000e+00
   6.0859000e+00   6.1156000e+00   6.1907000e+00   6.2209000e+00   2.6187000e+00   3.7823000e+00
   5.7141000e+00   5.7483000e+00   5.8561000e+00   5.9204000e+00   1.3615000e+00   3.4278000e+00
   5.6833000e+00   5.7390000e+00   5.8123000e+00   5.9001000e+00   3.4290000e+00   2.6476000e+00
   5.7922000e+00   5.6620000e+00   5.7967000e+00   5.8213000e+00   4.4589000e+00   3.0674000e+00
   6.0942000e+00   5.9897000e+00   6.1543000e+00   6.1837000e+00   3.6872000e+00   3.9051000e+00
   6.2316000e+00   6.1667000e+00   6.2082000e+00   6.1825000e+00   3.9733000e+00   4.0282000e+00
   6.2378000e+00   6.1432000e+00   6.3585000e+00   6.4417000e+00   5.1813000e+00   4.4711000e+00
   5.4151000e+00   5.1218000e+00   5.6527000e+00   5.7615000e+00   5.3407000e+00   5.0592000e+00
   4.1936000e+00   3.7006000e+00   4.5220000e+00   4.7017000e+00   5.7944000e+00   5.5545000e+00
   3.5491000e+00   3.1280000e+00   3.6782000e+00   3.7072000e+00   7.1999000e+00   5.9853000e+00
   2.4523000e+00   2.2214000e+00   2.7650000e+00   2.9531000e+00   8.0044000e+00   7.1203000e+00
   1.6111000e+00   1.2118000e+00   1.9335000e+00   2.0344000e+00   9.1246000e+00   8.3528000e+00
   6.2800000e-02  -2.3900000e-01   4.5350000e-01   5.4460000e-01   1.0944800e+01   8.9576000e+00
  -1.1899000e+00  -1.3805000e+00  -6.7630000e-01  -5.5880000e-01   1.0740000e+00   9.6471000e+00
  -1.7666000e+00  -1.9760000e+00  -1.7304000e+00  -1.9891000e+00  -1.1677700e+01   5.6162000e+00
  -1.6110000e+00  -1.4237000e+00  -1.7647000e+00  -2.0525000e+00  -9.5573000e+00  -1.0485700e+01
  -1.2613000e+00  -1.4967000e+00  -1.5945000e+00  -2.0473000e+00  -7.1256000e+00  -9.3356000e+00
  -2.2660000e+00  -1.9764000e+00  -1.8432000e+00  -1.7550000e+00  -6.2278000e+00  -7.1530000e+00
  -7.6906000e+00  -7.2579000e+00  -6.3940000e+00  -6.0058000e+00  -5.8702000e+00  -6.6761000e+00
  -7.3824000e+00  -6.4571000e+00  -7.6624000e+00  -7.8576000e+00  -4.9568000e+00  -4.7327000e+00
  -5.6698000e+00  -5.3093000e+00  -5.7275000e+00  -5.8015000e+00  -3.7136000e+00  -4.8399000e+00
  -5.1134000e+00  -5.5928000e+00  -5.0142000e+00  -5.0378000e+00  -4.5225000e+00  -1.8994000e+00
  -5.3883000e+00  -5.1742000e+00  -5.0925000e+00  -5.0115000e+00  -4.6132000e+00  -4.0653000e+00
  -4.1389000e+00  -3.0474000e+00  -3.9194000e+00  -3.7092000e+00  -4.2914000e+00  -3.4512000e+00
  -3.6926000e+00  -3.9691000e+00  -3.4495000e+00  -3.3721000e+00  -3.2963000e+00  -1.4091000e+00
  -4.0041000e+00  -3.4256000e+00  -3.8398000e+00  -3.9018000e+00  -2.0401000e+00  -1.6371000e+00
  -6.7290000e-01  -9.7780000e-01  -1.0743000e+00  -1.3666000e+00  -2.1381000e+00  -3.3315000e+00
  -1.1074000e+00  -7.9850000e-01  -1.1315000e+00  -9.4170000e-01  -3.2700000e-01  -1.3380000e+00
   1.5240000e+00   3.4710000e-01   1.1279000e+00   9.9360000e-01   1.1010000e+00  -4.3220000e-01
   1.6110000e-01   2.5000000e-02  -3.8100000e-01  -9.1200000e-01   5.3320000e-01   2.6840000e-01
   1.0402000e+00   6.3790000e-01   1.0127000e+00   9.7530000e-01   1.3490000e-01   4.4900000e-01
   1.9139000e+00   1.5598000e+00   1.7492000e+00   1.7581000e+00  -7.7400000e-02   7.4550000e-01
   1.4783000e+00   1.2802000e+00   1.5365000e+00   1.5188000e+00  -5.8030000e-01   4.0250000e-01
   2.2027000e+00   1.3110000e+00   1.8725000e+00   1.6282000e+00  -5.1150000e-01   2.3270000e-01
   2.4166000e+00   1.8877000e+00   2.6317000e+00   2.8262000e+00  -1.1831000e+00   4.5450000e-01
   4.7980000e-01   7.3600000e-02   8.8750000e-01   1.0690000e+00  -1.4460000e+00   2.4560000e-01
  -7.1110000e-01  -8.9490000e-01  -6.8960000e-01  -8.7070000e-01  -7.8730000e-01  -2.3650000e-01
  -3.1280000e-01  -5.8710000e-01  -2.7470000e-01  -3.3190000e-01  -3.4980000e-01  -3.4000000e-02
  -7.8630000e-01  -8.2640000e-01  -6.4500000e-01  -7.3970000e-01  -4.4400000e-02   6.6290000e-01
  -5.3790000e-01  -6.0420000e-01  -5.2010000e-01  -6.6400000e-01   2.6000000e-01   1.0597000e+00
  -6.8760000e-01  -6.7140000e-01  -4.0440000e-01  -4.1080000e-01   6.9940000e-01   1.3574000e+00
  -1.0310000e+00  -8.5450000e-01  -8.2600000e-01  -8.8260000e-01   1.1253000e+00   1.6541000e+00
  -5.8550000e-01  -5.9000000e-01  -4.6080000e-01  -5.4300000e-01   1.2629000e+00   2.0268000e+00
  -6.9800000e-01  -5.5850000e-01  -6.2390000e-01  -7.1120000e-01   1.4343000e+00   2.3038000e+00
  -4.8200000e-02   2.8700000e-02   2.6000000e-02  -3.4800000e-02   1.6309000e+00   2.3886000e+00
   2.7360000e-01   3.8990000e-01   3.5510000e-01   2.9840000e-01   1.7812000e+00   2.4022000e+00
   5.4300000e-01   6.0900000e-01   5.6260000e-01   5.2820000e-01   1.8247000e+00   2.2968000e+00
   7.1080000e-01   8.2690000e-01   7.3800000e-01   7.5510000e-01   1.7338000e+00   2.2497000e+00
   7.8340000e-01   8.6320000e-01   8.2400000e-01   8.6140000e-01   1.6703000e+00   2.2724000e+00
   8.6810000e-01   8.0710000e-01   8.6020000e-01   9.1960000e-01   1.7206000e+00   2.3129000e+00
   8.5080000e-01   9.4480000e-01   9.2080000e-01   1.0287000e+00   1.6019000e+00   2.2068000e+00
   9.3940000e-01   1.0411000e+00   1.0365000e+00   1.1739000e+00   1.4265000e+00   2.1870000e+00
   1.0130000e+00   1.1827000e+00   1.1562000e+00   1.3184000e+00   1.3463000e+00   2.1592000e+00
   1.0838000e+00   1.2349000e+00   1.2276000e+00   1.4144000e+00   1.2321000e+00   2.0103000e+00
   1.1543000e+00   1.3000000e+00   1.2573000e+00   1.4342000e+00   1.1387000e+00   1.5998000e+00
   1.2932000e+00   1.4603000e+00   1.4163000e+00   1.6275000e+00   9.0180000e-01   1.2466000e+00
   1.3369000e+00   1.5333000e+00   1.4505000e+00   1.6675000e+00   3.9550000e-01   9.0700000e-01
   1.2750000e+00   1.4385000e+00   1.3267000e+00   1.5135000e+00  -2.4040000e-01   3.8460000e-01
   1.1385000e+00   1.3233000e+00   1.2053000e+00   1.3964000e+00  -7.4690000e-01  -1.4700000e-02
   9.9390000e-01   1.1179000e+00   1.0244000e+00   1.1766000e+00  -1.0785000e+00  -1.5150000e-01
   6.9080000e-01   8.1680000e-01   7.1540000e-01   8.6730000e-01  -1.3885000e+00  -3.1930000e-01
   4.7310000e-01   6.8210000e-01   5.3230000e-01   6.9550000e-01  -1.6610000e+00  -5.4660000e-01
   4.8380000e-01   7.2920000e-01   4.9720000e-01   6.3540000e-01  -1.8778000e+00  -7.0270000e-01
  -1.7110000e-01   1.2170000e-01  -1.6570000e-01  -7.4200000e-02  -1.7819000e+00  -9.8250000e-01
  -3.5690000e-01  -2.8760000e-01  -2.7930000e-01  -2.2130000e-01  -1.6588000e+00  -1.1679000e+00
   1.0440000e-01   1.9160000e-01   5.3900000e-02   1.1610000e-01  -1.6741000e+00  -1.2118000e+00
  -7.3630000e-01  -5.4070000e-01  -7.6900000e-01  -7.2970000e-01  -1.8743000e+00  -1.1855000e+00
  -1.2352000e+00  -1.1590000e+00  -1.1504000e+00  -1.1107000e+00  -2.5392000e+00  -1.7234000e+00
  -1.9990000e+00  -1.7758000e+00  -1.8279000e+00  -1.7912000e+00  -2.0480000e+00  -1.4869000e+00
  -2.4058000e+00  -2.0125000e+00  -2.2585000e+00  -2.2206000e+00  -2.6666000e+00  -3.0623000e+00
  -2.6424000e+00  -2.5302000e+00  -2.5603000e+00  -2.5345000e+00  -3.7905000e+00  -2.7951000e+00
  -2.9529000e+00  -3.0441000e+00  -2.9748000e+00  -2.9857000e+00  -3.2581000e+00  -2.4452000e+00
  -2.4786000e+00  -2.4827000e+00  -2.5449000e+00  -2.6027000e+00  -3.0317000e+00  -3.3548000e+00
  -2.5657000e+00  -2.3851000e+00  -2.5628000e+00  -2.6021000e+00  -3.1687000e+00  -4.4656000e+00
  -2.2321000e+00  -2.1462000e+00  -2.1715000e+00  -2.1675000e+00  -4.8391000e+00  -6.7299000e+00
  -1.2174000e+00  -1.3588000e+00  -1.2200000e+00  -1.1858000e+00  -7.7759000e+00  -3.0776000e+00
  -8.9120000e-01  -9.1200000e-01  -8.8960000e-01  -9.1940000e-01  -9.1865000e+00  -6.9767000e+00
  -3.7280000e-01  -3.4540000e-01  -3.8290000e-01  -2.7760000e-01  -5.2728000e+00  -7.4955000e+00
  -3.9360000e-01  -7.9330000e-01  -5.5540000e-01  -6.1350000e-01  -5.1238000e+00  -4.9859000e+00
  -8.2330000e-01  -1.4310000e-01  -4.3000000e-01  -1.9410000e-01  -4.3284000e+00  -8.8024000e+00
  -2.0726000e+00  -1.9745000e+00  -1.7526000e+00  -1.4536000e+00  -4.9965000e+00  -8.4813000e+00
  -5.7314000e+00  -4.6116000e+00  -5.2570000e+00  -5.2219000e+00  -7.0459000e+00  -7.4783000e+00
  -2.8902000e+00  -3.6113000e+00  -3.0947000e+00  -3.2596000e+00  -7.1522000e+00  -6.5741000e+00
  -4.0495000e+00  -3.7108000e+00  -2.8902000e+00  -2.2160000e+00  -6.8738000e+00  -6.0409000e+00
  -5.9798000e+00  -5.9013000e+00  -6.0798000e+00  -6.3700000e+00  -6.8681000e+00  -5.4515000e+00
  -3.2471000e+00  -2.8969000e+00  -3.6334000e+00  -3.8121000e+00  -5.6673000e+00  -5.4174000e+00
  -3.6292000e+00  -3.1332000e+00  -3.6771000e+00  -3.5621000e+00  -6.3404000e+00  -5.7834000e+00
  -5.6542000e+00  -5.4522000e+00  -5.9229000e+00  -6.1444000e+00  -5.8948000e+00  -6.5349000e+00
  -6.5169000e+00  -6.2967000e+00  -6.3499000e+00  -6.4023000e+00  -6.2017000e+00  -7.2316000e+00
  -2.9288000e+00  -3.4934000e+00  -2.7447000e+00  -2.6648000e+00  -6.4979000e+00  -7.0088000e+00
  -3.6877000e+00  -3.4613000e+00  -3.8539000e+00  -4.0145000e+00  -6.9659000e+00  -6.8608000e+00
  -4.5943000e+00  -4.6409000e+00  -4.4015000e+00  -4.3571000e+00  -4.9986000e+00  -4.8107000e+00
  -2.6704000e+00  -3.2013000e+00  -2.8110000e+00  -2.7120000e+00  -5.7184000e+00  -4.8019000e+00
  -4.4009000e+00  -4.2548000e+00  -4.1997000e+00  -4.2460000e+00  -6.5812000e+00  -5.5545000e+00
  -3.2868000e+00  -3.7229000e+00  -3.4733000e+00  -3.4872000e+00  -6.4704000e+00  -5.4677000e+00
  -3.4800000e+00  -2.8964000e+00  -3.7185000e+00  -3.8295000e+00  -6.4031000e+00  -4.6578000e+00
  -6.5132000e+00  -5.8047000e+00  -6.1195000e+00  -5.9050000e+00  -5.5229000e+00  -4.4626000e+00
  -7.3618000e+00  -6.8140000e+00  -7.4287000e+00  -7.5963000e+00  -5.1489000e+00  -4.1802000e+00
  -6.7910000e+00  -7.4825000e+00  -6.9369000e+00  -7.0986000e+00  -5.4078000e+00  -4.1900000e+00
  -5.9044000e+00  -6.0410000e+00  -5.5716000e+00  -5.4352000e+00  -6.3196000e+00  -5.4451000e+00
