   4.3220000e+00   4.4280000e+00   4.3790000e+00   4.4130000e+00   3.7560000e+00   3.6280000e+00
   4.3610000e+00   4.4420000e+00   4.3990000e+00   4.4040000e+00   3.7290000e+00   3.6730000e+00
   4.5070000e+00   4.5870000e+00   4.5400000e+00   4.5440000e+00   3.7210000e+00   3.7160000e+00
   4.4740000e+00   4.5480000e+00   4.5200000e+00   4.5290000e+00   3.6820000e+00   3.6790000e+00
   4.5100000e+00   4.6020000e+00   4.5820000e+00   4.6010000e+00   3.6490000e+00   3.6690000e+00
   4.5920000e+00   4.6460000e+00   4.6280000e+00   4.6410000e+00   3.4960000e+00   3.5230000e+00
   4.6450000e+00   4.6630000e+00   4.6450000e+00   4.6450000e+00   3.5070000e+00   3.5000000e+00
   4.6610000e+00   4.6620000e+00   4.6280000e+00   4.5910000e+00   3.4920000e+00   3.4790000e+00
   4.6160000e+00   4.5330000e+00   4.5710000e+00   4.5370000e+00   3.5260000e+00   3.4910000e+00
   4.7230000e+00   4.5990000e+00   4.6820000e+00   4.6490000e+00   3.4810000e+00   3.4430000e+00
   4.7260000e+00   4.6370000e+00   4.7140000e+00   4.7080000e+00   3.5690000e+00   3.4760000e+00
   4.7680000e+00   4.6880000e+00   4.7560000e+00   4.7350000e+00   3.4780000e+00   3.3990000e+00
   4.8000000e+00   4.7100000e+00   4.7790000e+00   4.7350000e+00   3.4540000e+00   3.3210000e+00
   4.7980000e+00   4.6850000e+00   4.7660000e+00   4.7030000e+00   3.3910000e+00   3.2430000e+00
   4.8660000e+00   4.7300000e+00   4.8250000e+00   4.7540000e+00   3.3700000e+00   3.1680000e+00
   4.9420000e+00   4.7910000e+00   4.8890000e+00   4.8010000e+00   3.3920000e+00   3.1400000e+00
   4.9980000e+00   4.8620000e+00   4.9430000e+00   4.8620000e+00   3.3890000e+00   3.1050000e+00
   5.0060000e+00   4.9030000e+00   4.9610000e+00   4.9130000e+00   3.3740000e+00   3.1190000e+00
   4.8560000e+00   4.8240000e+00   4.8490000e+00   4.8260000e+00   3.4220000e+00   3.1710000e+00
   4.6610000e+00   4.7150000e+00   4.6870000e+00   4.6780000e+00   3.4620000e+00   3.2200000e+00
   4.4460000e+00   4.4760000e+00   4.4850000e+00   4.4740000e+00   3.4360000e+00   3.2040000e+00
   4.2960000e+00   4.3950000e+00   4.3630000e+00   4.3640000e+00   3.3750000e+00   3.0560000e+00
   3.9410000e+00   4.3070000e+00   4.0800000e+00   4.0960000e+00   3.0640000e+00   2.6910000e+00
   3.6140000e+00   4.0360000e+00   3.7550000e+00   3.7480000e+00   2.6940000e+00   2.3580000e+00
   3.4320000e+00   3.8240000e+00   3.5530000e+00   3.4900000e+00   2.4930000e+00   2.1610000e+00
   3.3060000e+00   3.5580000e+00   3.3830000e+00   3.2780000e+00   2.3830000e+00   2.0430000e+00
   3.2950000e+00   3.4630000e+00   3.3750000e+00   3.2050000e+00   2.5110000e+00   2.1410000e+00
   3.2150000e+00   3.4610000e+00   3.3740000e+00   3.1740000e+00   2.6900000e+00   2.3570000e+00
   3.1130000e+00   3.4350000e+00   3.2930000e+00   3.1130000e+00   2.6460000e+00   2.3640000e+00
   3.0130000e+00   3.3110000e+00   3.1740000e+00   3.0030000e+00   2.6840000e+00   2.3950000e+00
   2.9150000e+00   3.1970000e+00   3.0970000e+00   2.9520000e+00   2.8590000e+00   2.5280000e+00
   2.7530000e+00   3.0740000e+00   2.9800000e+00   2.9020000e+00   2.8690000e+00   2.5600000e+00
   2.5840000e+00   2.9120000e+00   2.8140000e+00   2.7710000e+00   2.8390000e+00   2.5650000e+00
   2.4260000e+00   2.7540000e+00   2.6440000e+00   2.5900000e+00   2.8970000e+00   2.6410000e+00
   2.3020000e+00   2.6540000e+00   2.5160000e+00   2.4270000e+00   2.9600000e+00   2.7190000e+00
   2.1800000e+00   2.5780000e+00   2.4020000e+00   2.2750000e+00   3.0220000e+00   2.7670000e+00
   2.0130000e+00   2.4880000e+00   2.2570000e+00   2.1080000e+00   3.0640000e+00   2.8160000e+00
   1.8880000e+00   2.4450000e+00   2.1380000e+00   1.9900000e+00   3.0890000e+00   2.8660000e+00
   1.8190000e+00   2.4340000e+00   2.0450000e+00   1.9000000e+00   3.0810000e+00   2.8980000e+00
   1.8000000e+00   2.4230000e+00   1.9660000e+00   1.8070000e+00   3.0600000e+00   2.9070000e+00
   1.8390000e+00   2.4040000e+00   1.9080000e+00   1.6940000e+00   3.0710000e+00   2.9160000e+00
   1.9440000e+00   2.3570000e+00   1.8650000e+00   1.6220000e+00   3.1010000e+00   2.9220000e+00
   2.1240000e+00   2.3000000e+00   1.8630000e+00   1.7180000e+00   3.1360000e+00   2.9360000e+00
   2.2500000e+00   2.2470000e+00   1.9230000e+00   1.9710000e+00   3.1360000e+00   2.9090000e+00
   2.2790000e+00   2.2810000e+00   2.0560000e+00   2.2010000e+00   3.1370000e+00   2.8930000e+00
   2.3110000e+00   2.4250000e+00   2.2640000e+00   2.4120000e+00   3.0890000e+00   2.8280000e+00
   2.4610000e+00   2.6760000e+00   2.5650000e+00   2.6470000e+00   3.0840000e+00   2.7830000e+00
   2.8650000e+00   3.0340000e+00   2.8260000e+00   2.7320000e+00   3.0790000e+00   2.7460000e+00
   3.1550000e+00   3.2740000e+00   2.9340000e+00   2.7720000e+00   3.1060000e+00   2.7410000e+00
   3.3010000e+00   3.3500000e+00   3.0320000e+00   2.9420000e+00   3.1440000e+00   2.7560000e+00
   3.3270000e+00   3.3900000e+00   3.1510000e+00   3.1280000e+00   3.1520000e+00   2.7220000e+00
   3.4950000e+00   3.5260000e+00   3.3210000e+00   3.3590000e+00   3.1310000e+00   2.6630000e+00
   3.6230000e+00   3.6650000e+00   3.5010000e+00   3.6130000e+00   3.0910000e+00   2.6490000e+00
   3.7490000e+00   3.8660000e+00   3.6880000e+00   3.8400000e+00   3.0280000e+00   2.6390000e+00
   3.9180000e+00   4.1200000e+00   3.8590000e+00   4.0090000e+00   3.0540000e+00   2.6310000e+00
   3.9140000e+00   4.2320000e+00   3.9430000e+00   4.1360000e+00   3.0070000e+00   2.5810000e+00
   3.8870000e+00   4.2980000e+00   4.0390000e+00   4.2630000e+00   3.0280000e+00   2.5520000e+00
   3.9780000e+00   4.4390000e+00   4.1520000e+00   4.3530000e+00   3.0620000e+00   2.5080000e+00
   4.0570000e+00   4.5310000e+00   4.1940000e+00   4.3330000e+00   3.0720000e+00   2.5280000e+00
   4.0200000e+00   4.5690000e+00   4.1350000e+00   4.2730000e+00   3.0220000e+00   2.7230000e+00
   3.8700000e+00   4.5590000e+00   4.0880000e+00   4.3420000e+00   3.0780000e+00   3.1350000e+00
   3.6890000e+00   4.5410000e+00   4.1150000e+00   4.6400000e+00   3.1810000e+00   3.3440000e+00
   3.7210000e+00   4.6660000e+00   4.4600000e+00   5.2670000e+00   3.1900000e+00   3.1030000e+00
   4.3130000e+00   5.5070000e+00   5.3730000e+00   6.1420000e+00   3.1350000e+00   2.9180000e+00
   5.4740000e+00   6.3390000e+00   6.0440000e+00   6.3800000e+00   3.1670000e+00   2.9360000e+00
   5.8980000e+00   6.4760000e+00   6.2430000e+00   6.3900000e+00   3.2220000e+00   3.0580000e+00
   6.0850000e+00   6.5940000e+00   6.4370000e+00   6.6110000e+00   3.4010000e+00   3.2600000e+00
   6.3810000e+00   6.8200000e+00   6.6210000e+00   6.6840000e+00   3.7570000e+00   3.6890000e+00
   6.4820000e+00   6.8290000e+00   6.5790000e+00   6.6500000e+00   4.4390000e+00   4.2090000e+00
   6.4590000e+00   6.7250000e+00   6.6210000e+00   6.7410000e+00   4.9120000e+00   4.5350000e+00
   6.5000000e+00   6.7520000e+00   6.6450000e+00   6.7980000e+00   4.9390000e+00   4.6100000e+00
   6.5620000e+00   6.8130000e+00   6.7020000e+00   6.8180000e+00   5.1410000e+00   4.6830000e+00
   6.6210000e+00   6.8600000e+00   6.6740000e+00   6.7250000e+00   5.1300000e+00   4.8030000e+00
   6.6080000e+00   6.7950000e+00   6.6910000e+00   6.7500000e+00   5.2200000e+00   4.8260000e+00
   6.6680000e+00   6.8590000e+00   6.7580000e+00   6.8200000e+00   5.3110000e+00   4.8150000e+00
   6.5810000e+00   6.8080000e+00   6.7150000e+00   6.7990000e+00   5.1900000e+00   4.7630000e+00
   6.5730000e+00   6.7860000e+00   6.7340000e+00   6.8300000e+00   5.0710000e+00   4.6740000e+00
   6.5820000e+00   6.7670000e+00   6.7510000e+00   6.8520000e+00   4.9070000e+00   4.6170000e+00
   6.6290000e+00   6.7800000e+00   6.7640000e+00   6.8560000e+00   4.8010000e+00   4.5850000e+00
   6.6810000e+00   6.8110000e+00   6.7690000e+00   6.8280000e+00   4.7420000e+00   4.5890000e+00
   6.6220000e+00   6.7510000e+00   6.7010000e+00   6.7400000e+00   4.7930000e+00   4.5910000e+00
   6.5880000e+00   6.6700000e+00   6.6270000e+00   6.6470000e+00   4.9070000e+00   4.6140000e+00
   6.5520000e+00   6.5880000e+00   6.5960000e+00   6.6160000e+00   4.9860000e+00   4.8120000e+00
   6.5770000e+00   6.5900000e+00   6.5900000e+00   6.5750000e+00   5.0450000e+00   6.0090000e+00
   6.5680000e+00   6.5830000e+00   6.6050000e+00   6.6000000e+00   5.1790000e+00   6.5380000e+00
   6.5700000e+00   6.5580000e+00   6.6260000e+00   6.6090000e+00   6.1270000e+00   6.7240000e+00
   6.5180000e+00   6.5300000e+00   6.6170000e+00   6.6160000e+00   6.4720000e+00   6.8090000e+00
   6.4940000e+00   6.4910000e+00   6.6040000e+00   6.6520000e+00   6.6450000e+00   6.7020000e+00
   6.3900000e+00   6.4450000e+00   6.5240000e+00   6.5690000e+00   6.7560000e+00   6.6440000e+00
   6.3190000e+00   6.3710000e+00   6.4140000e+00   6.4780000e+00   6.6660000e+00   6.5600000e+00
   6.2800000e+00   6.3010000e+00   6.3320000e+00   6.3610000e+00   6.5660000e+00   6.4880000e+00
   6.2540000e+00   6.2540000e+00   6.2950000e+00   6.2990000e+00   6.4250000e+00   6.3660000e+00
   6.2030000e+00   6.1890000e+00   6.2400000e+00   6.2400000e+00   6.3700000e+00   6.2350000e+00
   6.1040000e+00   6.0680000e+00   6.1410000e+00   6.1460000e+00   6.3270000e+00   6.1420000e+00
   5.9980000e+00   5.9270000e+00   6.0130000e+00   6.0170000e+00   6.2170000e+00   6.0110000e+00
   5.9130000e+00   5.8140000e+00   5.9050000e+00   5.8970000e+00   6.0590000e+00   5.8910000e+00
   5.8570000e+00   5.7230000e+00   5.8370000e+00   5.8190000e+00   5.8720000e+00   5.7710000e+00
   5.8280000e+00   5.6570000e+00   5.8020000e+00   5.7760000e+00   5.7170000e+00   5.6410000e+00
   5.7850000e+00   5.5790000e+00   5.7590000e+00   5.7260000e+00   5.5640000e+00   5.5770000e+00
   5.6860000e+00   5.4790000e+00   5.6850000e+00   5.6560000e+00   5.4620000e+00   5.5570000e+00
   5.5700000e+00   5.3650000e+00   5.5950000e+00   5.5790000e+00   5.4330000e+00   5.5580000e+00
   5.4410000e+00   5.2450000e+00   5.4880000e+00   5.4860000e+00   5.3730000e+00   5.5160000e+00
   5.3240000e+00   5.1370000e+00   5.3550000e+00   5.3480000e+00   5.3030000e+00   5.4600000e+00
   5.2360000e+00   5.0360000e+00   5.2200000e+00   5.1940000e+00   5.2520000e+00   5.3420000e+00
   5.1870000e+00   4.9710000e+00   5.1260000e+00   5.0880000e+00   5.2090000e+00   5.2210000e+00
   5.1610000e+00   4.9750000e+00   5.0810000e+00   5.0450000e+00   5.1130000e+00   5.1520000e+00
   5.1210000e+00   4.9400000e+00   5.0600000e+00   5.0960000e+00   5.0270000e+00   5.0170000e+00
   5.0460000e+00   4.9590000e+00   5.0760000e+00   5.0630000e+00   4.9920000e+00   4.9030000e+00
   5.0030000e+00   5.0630000e+00   5.1270000e+00   5.0260000e+00   4.9730000e+00   4.8170000e+00
   4.9690000e+00   5.1150000e+00   5.1180000e+00   5.0280000e+00   4.9540000e+00   4.7490000e+00
   4.9490000e+00   5.1000000e+00   5.0930000e+00   4.9900000e+00   4.8970000e+00   4.6680000e+00
   4.9810000e+00   5.1220000e+00   5.0980000e+00   4.9850000e+00   4.8420000e+00   4.6130000e+00
   5.0200000e+00   5.1470000e+00   5.1120000e+00   5.0210000e+00   4.8060000e+00   4.5690000e+00
   5.0590000e+00   5.1130000e+00   5.0680000e+00   4.9770000e+00   4.7250000e+00   4.4950000e+00
   4.9790000e+00   4.9820000e+00   4.9100000e+00   4.8610000e+00   4.4800000e+00   4.2320000e+00
   4.6500000e+00   4.7690000e+00   4.6950000e+00   4.6890000e+00   4.1980000e+00   4.1040000e+00
   4.4760000e+00   4.5830000e+00   4.4850000e+00   4.5040000e+00   3.8980000e+00   3.8520000e+00
   4.2230000e+00   4.3770000e+00   4.2720000e+00   4.3810000e+00   3.3270000e+00   3.2550000e+00
   4.0640000e+00   4.1840000e+00   4.1220000e+00   4.2790000e+00   2.7860000e+00   2.8090000e+00
   3.8910000e+00   4.0430000e+00   3.9590000e+00   4.1610000e+00   2.4840000e+00   2.5400000e+00
   3.6820000e+00   3.8100000e+00   3.8160000e+00   4.0520000e+00   2.4100000e+00   2.3940000e+00
   3.5980000e+00   3.6380000e+00   3.7200000e+00   3.9540000e+00   2.5360000e+00   2.4800000e+00
   3.5480000e+00   3.5440000e+00   3.6060000e+00   3.8500000e+00   2.4930000e+00   2.4290000e+00
   3.4080000e+00   3.4420000e+00   3.4870000e+00   3.7990000e+00   2.3980000e+00   2.3270000e+00
   3.2690000e+00   3.3720000e+00   3.4120000e+00   3.7960000e+00   2.3040000e+00   2.2790000e+00
   3.1560000e+00   3.3300000e+00   3.3480000e+00   3.7710000e+00   2.2770000e+00   2.2570000e+00
   3.0420000e+00   3.2840000e+00   3.2930000e+00   3.7370000e+00   2.2840000e+00   2.1900000e+00
   2.9530000e+00   3.2770000e+00   3.2520000e+00   3.6940000e+00   2.2380000e+00   2.1090000e+00
   2.9040000e+00   3.3110000e+00   3.2300000e+00   3.6650000e+00   2.1610000e+00   2.0520000e+00
   2.8490000e+00   3.3300000e+00   3.1940000e+00   3.6120000e+00   2.1010000e+00   1.9850000e+00
   2.8230000e+00   3.3620000e+00   3.1970000e+00   3.5650000e+00   2.0340000e+00   1.9170000e+00
   2.8560000e+00   3.4010000e+00   3.2270000e+00   3.4820000e+00   1.9630000e+00   1.8530000e+00
   2.9680000e+00   3.4450000e+00   3.2690000e+00   3.3790000e+00   1.9010000e+00   1.7980000e+00
   3.0810000e+00   3.4310000e+00   3.2750000e+00   3.2630000e+00   1.8530000e+00   1.7510000e+00
   3.1700000e+00   3.3860000e+00   3.2520000e+00   3.1510000e+00   1.7970000e+00   1.6940000e+00
   3.2280000e+00   3.3510000e+00   3.2300000e+00   3.0750000e+00   1.7280000e+00   1.6260000e+00
   3.3120000e+00   3.3480000e+00   3.2470000e+00   3.0600000e+00   1.6770000e+00   1.5800000e+00
   3.4300000e+00   3.4040000e+00   3.3110000e+00   3.1340000e+00   1.6370000e+00   1.5440000e+00
   3.5440000e+00   3.5080000e+00   3.4030000e+00   3.2860000e+00   1.6110000e+00   1.5270000e+00
   3.6380000e+00   3.6600000e+00   3.5360000e+00   3.5020000e+00   1.5780000e+00   1.5230000e+00
   3.7600000e+00   3.8570000e+00   3.7310000e+00   3.7730000e+00   1.5640000e+00   1.5500000e+00
   3.9410000e+00   4.1060000e+00   3.9800000e+00   4.0790000e+00   1.5640000e+00   1.6400000e+00
   4.1900000e+00   4.4160000e+00   4.2790000e+00   4.4400000e+00   1.5690000e+00   1.7800000e+00
   4.4450000e+00   4.7450000e+00   4.5870000e+00   4.8160000e+00   1.5710000e+00   1.9150000e+00
   4.7190000e+00   5.0460000e+00   4.8920000e+00   5.1560000e+00   1.5850000e+00   1.9810000e+00
   5.0220000e+00   5.3250000e+00   5.1870000e+00   5.4160000e+00   1.5580000e+00   1.9350000e+00
   5.2910000e+00   5.5670000e+00   5.4510000e+00   5.6090000e+00   1.5080000e+00   1.8320000e+00
   5.5640000e+00   5.7490000e+00   5.6660000e+00   5.7860000e+00   1.5120000e+00   1.7890000e+00
   5.7870000e+00   5.8960000e+00   5.8460000e+00   5.9260000e+00   1.6030000e+00   1.7410000e+00
   5.9900000e+00   6.0380000e+00   5.9950000e+00   6.0280000e+00   1.7490000e+00   1.6670000e+00
   6.1720000e+00   6.1540000e+00   6.0980000e+00   6.0980000e+00   1.9780000e+00   1.5940000e+00
   6.2900000e+00   6.2470000e+00   6.1850000e+00   6.1780000e+00   2.5070000e+00   1.5510000e+00
   6.3720000e+00   6.3530000e+00   6.2620000e+00   6.2550000e+00   2.9960000e+00   1.6390000e+00
   6.4500000e+00   6.4740000e+00   6.3560000e+00   6.3840000e+00   2.8460000e+00   1.9900000e+00
   6.4850000e+00   6.5510000e+00   6.3900000e+00   6.4250000e+00   2.4400000e+00   2.7510000e+00
   6.4620000e+00   6.6080000e+00   6.4290000e+00   6.4980000e+00   2.3010000e+00   3.3060000e+00
   6.4400000e+00   6.6510000e+00   6.4070000e+00   6.4640000e+00   2.3850000e+00   2.6970000e+00
   6.3920000e+00   6.7000000e+00   6.4120000e+00   6.4500000e+00   2.3930000e+00   2.4010000e+00
   6.3200000e+00   6.6600000e+00   6.3600000e+00   6.3770000e+00   2.3920000e+00   2.7080000e+00
   6.3280000e+00   6.6260000e+00   6.3780000e+00   6.4000000e+00   2.5640000e+00   3.0120000e+00
   6.3140000e+00   6.5280000e+00   6.3330000e+00   6.3520000e+00   2.9030000e+00   3.1600000e+00
   6.3730000e+00   6.4890000e+00   6.3010000e+00   6.3040000e+00   3.1390000e+00   3.2470000e+00
   6.1660000e+00   6.3600000e+00   6.2120000e+00   6.2550000e+00   2.7180000e+00   3.5310000e+00
   6.1340000e+00   6.3750000e+00   6.2520000e+00   6.2640000e+00   2.3520000e+00   3.7160000e+00
   6.1270000e+00   6.3490000e+00   6.2370000e+00   6.2640000e+00   2.6780000e+00   3.8560000e+00
   6.0420000e+00   6.2540000e+00   6.1950000e+00   6.2560000e+00   3.4160000e+00   4.0080000e+00
   6.0150000e+00   6.2200000e+00   6.1460000e+00   6.1990000e+00   3.4420000e+00   4.3710000e+00
   6.0210000e+00   6.2440000e+00   6.1880000e+00   6.2490000e+00   3.7280000e+00   5.4240000e+00
   6.1590000e+00   6.3370000e+00   6.2940000e+00   6.3510000e+00   4.2910000e+00   6.0000000e+00
   6.2170000e+00   6.3890000e+00   6.3640000e+00   6.3770000e+00   5.2990000e+00   6.2950000e+00
   6.2500000e+00   6.2700000e+00   6.2830000e+00   6.2840000e+00   6.2130000e+00   6.4000000e+00
   6.2570000e+00   6.2200000e+00   6.2580000e+00   6.2220000e+00   6.5740000e+00   6.4280000e+00
   6.2340000e+00   6.1870000e+00   6.2380000e+00   6.1900000e+00   6.6620000e+00   6.3830000e+00
   6.1740000e+00   6.1300000e+00   6.2010000e+00   6.1510000e+00   6.5540000e+00   6.2860000e+00
   6.1260000e+00   6.0560000e+00   6.1330000e+00   6.0680000e+00   6.3870000e+00   6.2080000e+00
   6.1020000e+00   6.0160000e+00   6.0840000e+00   6.0140000e+00   6.2960000e+00   6.1160000e+00
   6.0290000e+00   5.9670000e+00   6.0300000e+00   5.9570000e+00   6.2170000e+00   6.0050000e+00
   5.9570000e+00   5.9160000e+00   5.9940000e+00   5.9340000e+00   6.1000000e+00   5.9650000e+00
   5.9050000e+00   5.8370000e+00   5.9310000e+00   5.8800000e+00   5.9920000e+00   5.9310000e+00
   5.8550000e+00   5.7680000e+00   5.8560000e+00   5.7920000e+00   5.9010000e+00   5.8980000e+00
   5.8280000e+00   5.7220000e+00   5.8170000e+00   5.7500000e+00   5.7800000e+00   5.8200000e+00
   5.8150000e+00   5.6700000e+00   5.7820000e+00   5.7010000e+00   5.6410000e+00   5.7410000e+00
   5.8030000e+00   5.6350000e+00   5.7680000e+00   5.6700000e+00   5.5580000e+00   5.6760000e+00
   5.7410000e+00   5.5560000e+00   5.6970000e+00   5.5900000e+00   5.4310000e+00   5.6500000e+00
   5.7300000e+00   5.5400000e+00   5.6850000e+00   5.5860000e+00   5.3690000e+00   5.5690000e+00
   5.6790000e+00   5.4780000e+00   5.6260000e+00   5.5190000e+00   5.2820000e+00   5.4710000e+00
   5.7000000e+00   5.4620000e+00   5.5980000e+00   5.4570000e+00   5.2180000e+00   5.4080000e+00
   5.7150000e+00   5.4390000e+00   5.5800000e+00   5.4200000e+00   5.1890000e+00   5.3800000e+00
   5.7250000e+00   5.4290000e+00   5.5640000e+00   5.3870000e+00   5.1450000e+00   5.3830000e+00
   5.7400000e+00   5.4480000e+00   5.5810000e+00   5.4060000e+00   5.1220000e+00   5.3260000e+00
   5.7240000e+00   5.4380000e+00   5.5660000e+00   5.3940000e+00   5.0900000e+00   5.3350000e+00
   5.7090000e+00   5.4240000e+00   5.5430000e+00   5.3620000e+00   5.0300000e+00   5.3420000e+00
   5.6850000e+00   5.4110000e+00   5.5250000e+00   5.3410000e+00   5.0210000e+00   5.3190000e+00
   5.6000000e+00   5.2930000e+00   5.4450000e+00   5.2910000e+00   5.0080000e+00   5.2870000e+00
   5.5300000e+00   5.2180000e+00   5.3760000e+00   5.2240000e+00   5.0450000e+00   5.2000000e+00
   5.4790000e+00   5.1700000e+00   5.3230000e+00   5.1630000e+00   5.1730000e+00   5.1740000e+00
   5.4650000e+00   5.2070000e+00   5.3410000e+00   5.1700000e+00   5.2440000e+00   5.1590000e+00
   5.4530000e+00   5.2060000e+00   5.3430000e+00   5.1820000e+00   5.2610000e+00   5.1160000e+00
   5.4740000e+00   5.1980000e+00   5.3250000e+00   5.1620000e+00   5.2200000e+00   5.1370000e+00
   5.5290000e+00   5.2500000e+00   5.3660000e+00   5.1980000e+00   5.2520000e+00   5.1340000e+00
   5.5850000e+00   5.3180000e+00   5.4230000e+00   5.2580000e+00   5.2420000e+00   5.1720000e+00
   5.6390000e+00   5.3800000e+00   5.4800000e+00   5.3210000e+00   5.2180000e+00   5.2200000e+00
   5.6930000e+00   5.4390000e+00   5.5400000e+00   5.3870000e+00   5.2500000e+00   5.2570000e+00
   5.7480000e+00   5.4930000e+00   5.5960000e+00   5.4500000e+00   5.2810000e+00   5.2870000e+00
   5.7890000e+00   5.5330000e+00   5.6360000e+00   5.4890000e+00   5.2990000e+00   5.3180000e+00
   5.8130000e+00   5.5600000e+00   5.6760000e+00   5.5410000e+00   5.3210000e+00   5.3460000e+00
   5.7930000e+00   5.5200000e+00   5.6520000e+00   5.5220000e+00   5.3580000e+00   5.3800000e+00
   5.8320000e+00   5.5420000e+00   5.6760000e+00   5.5340000e+00   5.3800000e+00   5.4200000e+00
   5.8340000e+00   5.5630000e+00   5.6810000e+00   5.5390000e+00   5.3180000e+00   5.3670000e+00
   5.7420000e+00   5.5440000e+00   5.6300000e+00   5.5380000e+00   4.9530000e+00   4.9980000e+00
   5.4960000e+00   5.4210000e+00   5.4620000e+00   5.4430000e+00   4.6700000e+00   4.7860000e+00
   5.2810000e+00   5.2830000e+00   5.2790000e+00   5.2890000e+00   4.0500000e+00   4.2160000e+00
   5.0280000e+00   5.0760000e+00   5.0240000e+00   5.1050000e+00   3.5310000e+00   3.7240000e+00
   4.6330000e+00   4.8760000e+00   4.8280000e+00   4.9590000e+00   3.2210000e+00   3.3680000e+00
   4.3720000e+00   4.6440000e+00   4.6400000e+00   4.7570000e+00   3.0270000e+00   3.1300000e+00
   4.3890000e+00   4.4920000e+00   4.5210000e+00   4.5510000e+00   2.9410000e+00   3.0350000e+00
   4.4010000e+00   4.4030000e+00   4.4610000e+00   4.4850000e+00   3.1390000e+00   3.2600000e+00
   4.3700000e+00   4.3690000e+00   4.4090000e+00   4.4940000e+00   3.2010000e+00   3.3340000e+00
   4.3950000e+00   4.2130000e+00   4.3230000e+00   4.3640000e+00   3.1240000e+00   3.2660000e+00
   4.3170000e+00   4.1170000e+00   4.2340000e+00   4.2970000e+00   3.0160000e+00   3.1800000e+00
   4.2380000e+00   4.0360000e+00   4.1650000e+00   4.2820000e+00   3.0020000e+00   3.1800000e+00
   4.0630000e+00   3.9250000e+00   4.0510000e+00   4.2250000e+00   3.0220000e+00   3.1710000e+00
   3.8400000e+00   3.7760000e+00   3.9070000e+00   4.1720000e+00   2.9880000e+00   3.1290000e+00
   3.6770000e+00   3.6960000e+00   3.8010000e+00   4.0960000e+00   2.9380000e+00   3.0910000e+00
   3.5610000e+00   3.6940000e+00   3.7540000e+00   4.0710000e+00   2.8830000e+00   3.0270000e+00
   3.4960000e+00   3.7990000e+00   3.7820000e+00   4.0940000e+00   2.8250000e+00   2.9820000e+00
   3.4530000e+00   3.9130000e+00   3.7980000e+00   4.0720000e+00   2.7880000e+00   2.9690000e+00
   3.4260000e+00   3.9940000e+00   3.8260000e+00   4.0500000e+00   2.7710000e+00   2.9860000e+00
   3.4040000e+00   4.0380000e+00   3.8480000e+00   3.9550000e+00   2.7310000e+00   2.9710000e+00
   3.4420000e+00   4.0540000e+00   3.8580000e+00   3.8220000e+00   2.6880000e+00   2.9140000e+00
   3.5140000e+00   3.9880000e+00   3.8080000e+00   3.6100000e+00   2.6620000e+00   2.8900000e+00
   3.5830000e+00   3.8450000e+00   3.7260000e+00   3.4370000e+00   2.6620000e+00   2.8640000e+00
   3.6830000e+00   3.7940000e+00   3.6950000e+00   3.4250000e+00   2.6590000e+00   2.8430000e+00
   3.7880000e+00   3.8790000e+00   3.7560000e+00   3.6070000e+00   2.6530000e+00   2.8400000e+00
   3.8380000e+00   4.1420000e+00   3.8980000e+00   3.9360000e+00   2.6990000e+00   2.8430000e+00
   3.8880000e+00   4.5730000e+00   4.1100000e+00   4.3220000e+00   2.7160000e+00   2.8720000e+00
   3.9940000e+00   5.0260000e+00   4.4040000e+00   4.7670000e+00   2.7980000e+00   2.9270000e+00
   4.2060000e+00   5.4630000e+00   4.8020000e+00   5.2700000e+00   2.8640000e+00   3.0210000e+00
   4.5320000e+00   5.8750000e+00   5.2340000e+00   5.7050000e+00   2.9410000e+00   3.0870000e+00
   4.9240000e+00   6.2170000e+00   5.6100000e+00   6.0440000e+00   3.0140000e+00   3.1410000e+00
   5.3330000e+00   6.5180000e+00   5.9290000e+00   6.3270000e+00   3.1020000e+00   3.1440000e+00
   5.6620000e+00   6.7540000e+00   6.1720000e+00   6.5490000e+00   3.2330000e+00   3.1950000e+00
   5.9770000e+00   6.9790000e+00   6.3920000e+00   6.7590000e+00   3.2900000e+00   3.2540000e+00
   6.2270000e+00   7.1630000e+00   6.5660000e+00   6.9200000e+00   3.3540000e+00   3.3160000e+00
   6.3960000e+00   7.3060000e+00   6.7230000e+00   7.0670000e+00   3.3930000e+00   3.4360000e+00
   6.4870000e+00   7.3820000e+00   6.8210000e+00   7.1430000e+00   3.4470000e+00   3.5540000e+00
   6.5730000e+00   7.4280000e+00   6.9000000e+00   7.1800000e+00   3.5240000e+00   3.6230000e+00
   6.6360000e+00   7.4130000e+00   6.9190000e+00   7.1520000e+00   3.6410000e+00   3.6400000e+00
   6.6680000e+00   7.3620000e+00   6.9110000e+00   7.1000000e+00   3.8010000e+00   3.6910000e+00
   6.6430000e+00   7.2480000e+00   6.8390000e+00   6.9980000e+00   3.9650000e+00   3.7440000e+00
   6.5740000e+00   7.1180000e+00   6.7400000e+00   6.8880000e+00   4.0990000e+00   3.7940000e+00
   6.4990000e+00   6.9830000e+00   6.6560000e+00   6.7820000e+00   3.9490000e+00   3.8260000e+00
   6.4610000e+00   6.8610000e+00   6.5930000e+00   6.7020000e+00   3.9820000e+00   3.8090000e+00
   6.4380000e+00   6.7690000e+00   6.5510000e+00   6.6450000e+00   4.0110000e+00   3.8510000e+00
   6.4160000e+00   6.7080000e+00   6.5150000e+00   6.5910000e+00   4.0220000e+00   3.8370000e+00
   6.3140000e+00   6.6120000e+00   6.4170000e+00   6.4690000e+00   4.1460000e+00   3.7840000e+00
   6.2690000e+00   6.5020000e+00   6.3710000e+00   6.3980000e+00   4.3420000e+00   3.9590000e+00
   6.2930000e+00   6.4520000e+00   6.3640000e+00   6.3890000e+00   4.1540000e+00   4.0990000e+00
   6.2640000e+00   6.4560000e+00   6.3850000e+00   6.4450000e+00   4.1220000e+00   4.5880000e+00
   6.4170000e+00   6.5630000e+00   6.3590000e+00   6.2380000e+00   4.2670000e+00   5.2730000e+00
   6.2350000e+00   6.2980000e+00   6.2050000e+00   6.1690000e+00   4.7100000e+00   5.7440000e+00
   6.1030000e+00   6.2700000e+00   6.1930000e+00   6.2270000e+00   5.4780000e+00   6.0380000e+00
   6.0100000e+00   6.2490000e+00   6.1830000e+00   6.2720000e+00   6.1030000e+00   6.2650000e+00
   5.9410000e+00   6.2200000e+00   6.2390000e+00   6.3480000e+00   6.2980000e+00   6.4830000e+00
   6.1520000e+00   6.3020000e+00   6.2520000e+00   6.2170000e+00   6.4580000e+00   6.6680000e+00
   6.1860000e+00   6.2180000e+00   6.1300000e+00   6.1030000e+00   6.4940000e+00   6.6670000e+00
   6.0210000e+00   6.0610000e+00   6.0380000e+00   6.0160000e+00   6.5860000e+00   6.6860000e+00
   5.9550000e+00   5.9810000e+00   5.9330000e+00   5.9090000e+00   6.5550000e+00   6.6480000e+00
   5.7860000e+00   5.8090000e+00   5.7880000e+00   5.7690000e+00   6.4980000e+00   6.5490000e+00
   5.6650000e+00   5.6480000e+00   5.6420000e+00   5.6100000e+00   6.3860000e+00   6.4490000e+00
   5.6570000e+00   5.6030000e+00   5.6250000e+00   5.5860000e+00   6.3130000e+00   6.4470000e+00
   5.6130000e+00   5.4800000e+00   5.5390000e+00   5.4680000e+00   6.2440000e+00   6.3550000e+00
   5.6830000e+00   5.4600000e+00   5.5400000e+00   5.4320000e+00   6.1060000e+00   6.3210000e+00
   5.7730000e+00   5.4450000e+00   5.5570000e+00   5.4180000e+00   6.0910000e+00   6.2760000e+00
   5.7890000e+00   5.4250000e+00   5.5540000e+00   5.3900000e+00   5.9900000e+00   6.2450000e+00
   5.7550000e+00   5.3890000e+00   5.5220000e+00   5.3510000e+00   5.9700000e+00   6.1830000e+00
   5.7450000e+00   5.4030000e+00   5.5340000e+00   5.3360000e+00   5.8420000e+00   6.0810000e+00
   5.7760000e+00   5.4670000e+00   5.5800000e+00   5.3540000e+00   5.8530000e+00   6.0250000e+00
   5.7730000e+00   5.5200000e+00   5.6090000e+00   5.3890000e+00   5.8220000e+00   5.9970000e+00
   5.7010000e+00   5.4940000e+00   5.5880000e+00   5.4010000e+00   5.8290000e+00   6.1040000e+00
   5.6020000e+00   5.4310000e+00   5.5220000e+00   5.3600000e+00   5.7200000e+00   6.1060000e+00
   5.5440000e+00   5.4060000e+00   5.4840000e+00   5.3460000e+00   5.7410000e+00   6.0640000e+00
   5.4890000e+00   5.3690000e+00   5.4430000e+00   5.3240000e+00   5.7730000e+00   6.0400000e+00
   5.5110000e+00   5.3710000e+00   5.4470000e+00   5.3220000e+00   5.8250000e+00   5.9500000e+00
   5.5780000e+00   5.3970000e+00   5.4780000e+00   5.3370000e+00   5.8540000e+00   5.8570000e+00
   5.6120000e+00   5.4100000e+00   5.5020000e+00   5.3510000e+00   5.9110000e+00   5.7240000e+00
   5.6710000e+00   5.4630000e+00   5.5480000e+00   5.3810000e+00   5.9410000e+00   5.6840000e+00
   5.7430000e+00   5.5340000e+00   5.6270000e+00   5.4690000e+00   5.9660000e+00   5.6420000e+00
   5.7950000e+00   5.5760000e+00   5.6800000e+00   5.5190000e+00   5.9420000e+00   5.6670000e+00
   5.7390000e+00   5.5340000e+00   5.6460000e+00   5.4880000e+00   5.8670000e+00   5.7020000e+00
   5.7200000e+00   5.5570000e+00   5.6570000e+00   5.5110000e+00   5.7940000e+00   5.6940000e+00
   5.6990000e+00   5.5430000e+00   5.6360000e+00   5.4930000e+00   5.7490000e+00   5.6610000e+00
   5.6640000e+00   5.5020000e+00   5.5890000e+00   5.4350000e+00   5.6900000e+00   5.6380000e+00
   5.6420000e+00   5.4730000e+00   5.5690000e+00   5.4190000e+00   5.6920000e+00   5.6920000e+00
   5.6350000e+00   5.4540000e+00   5.5550000e+00   5.4030000e+00   5.6540000e+00   5.6280000e+00
   5.6520000e+00   5.4750000e+00   5.5740000e+00   5.4240000e+00   5.6830000e+00   5.5990000e+00
   5.6580000e+00   5.4850000e+00   5.5790000e+00   5.4320000e+00   5.7100000e+00   5.6130000e+00
   5.6800000e+00   5.4970000e+00   5.5930000e+00   5.4460000e+00   5.6000000e+00   5.6280000e+00
   5.7140000e+00   5.5230000e+00   5.6070000e+00   5.4500000e+00   5.6290000e+00   5.6210000e+00
   5.7670000e+00   5.5780000e+00   5.6690000e+00   5.5250000e+00   5.6190000e+00   5.6460000e+00
   5.7760000e+00   5.5850000e+00   5.6730000e+00   5.5350000e+00   5.5480000e+00   5.6210000e+00
   5.8120000e+00   5.6150000e+00   5.7090000e+00   5.5740000e+00   5.5230000e+00   5.5600000e+00
   5.8100000e+00   5.6110000e+00   5.7110000e+00   5.5780000e+00   5.4640000e+00   5.5530000e+00
   5.8330000e+00   5.6330000e+00   5.7400000e+00   5.6120000e+00   5.4330000e+00   5.4990000e+00
   5.7530000e+00   5.5750000e+00   5.6830000e+00   5.5780000e+00   5.3040000e+00   5.3740000e+00
   5.5930000e+00   5.4770000e+00   5.5660000e+00   5.5150000e+00   4.9680000e+00   5.0780000e+00
   5.3320000e+00   5.3260000e+00   5.3630000e+00   5.3730000e+00   4.6070000e+00   4.6770000e+00
   5.1170000e+00   5.1920000e+00   5.1920000e+00   5.2260000e+00   4.3010000e+00   4.4660000e+00
   4.7910000e+00   4.9470000e+00   4.8900000e+00   4.9980000e+00   3.6650000e+00   3.8780000e+00
   4.4550000e+00   4.8140000e+00   4.7320000e+00   4.8970000e+00   3.1680000e+00   3.2890000e+00
   4.4290000e+00   4.8220000e+00   4.7430000e+00   4.8530000e+00   2.9730000e+00   2.9750000e+00
   4.5090000e+00   4.6630000e+00   4.6320000e+00   4.7320000e+00   2.9250000e+00   3.0680000e+00
   4.6500000e+00   4.6150000e+00   4.6490000e+00   4.7370000e+00   3.1730000e+00   3.2000000e+00
   4.7140000e+00   4.5410000e+00   4.6160000e+00   4.6260000e+00   3.2500000e+00   3.1460000e+00
   4.6050000e+00   4.5050000e+00   4.5550000e+00   4.5730000e+00   3.2090000e+00   3.0520000e+00
   4.4280000e+00   4.3940000e+00   4.4320000e+00   4.4940000e+00   3.1330000e+00   2.9890000e+00
   4.3100000e+00   4.2760000e+00   4.3240000e+00   4.4230000e+00   3.0320000e+00   2.9530000e+00
   4.2130000e+00   4.0910000e+00   4.1910000e+00   4.3440000e+00   2.9670000e+00   2.8830000e+00
   4.1940000e+00   3.9450000e+00   4.0960000e+00   4.3070000e+00   2.8780000e+00   2.8480000e+00
   4.2110000e+00   3.8440000e+00   4.0270000e+00   4.2860000e+00   2.8020000e+00   2.8090000e+00
   4.1890000e+00   3.8290000e+00   4.0230000e+00   4.3720000e+00   2.6960000e+00   2.7330000e+00
   4.1140000e+00   3.8400000e+00   4.0000000e+00   4.4070000e+00   2.6150000e+00   2.6660000e+00
   4.0380000e+00   3.8980000e+00   4.0150000e+00   4.4880000e+00   2.5680000e+00   2.6360000e+00
   4.0080000e+00   4.0360000e+00   4.0710000e+00   4.5880000e+00   2.5390000e+00   2.6260000e+00
   3.9810000e+00   4.1510000e+00   4.1230000e+00   4.6530000e+00   2.5010000e+00   2.5770000e+00
   3.9960000e+00   4.2390000e+00   4.1420000e+00   4.6490000e+00   2.4640000e+00   2.5410000e+00
   4.0240000e+00   4.2390000e+00   4.1060000e+00   4.6030000e+00   2.4350000e+00   2.5410000e+00
   3.9960000e+00   4.1790000e+00   4.0610000e+00   4.5930000e+00   2.4250000e+00   2.5650000e+00
   3.9500000e+00   4.1710000e+00   4.0720000e+00   4.6450000e+00   2.4430000e+00   2.5950000e+00
   3.9360000e+00   4.2420000e+00   4.1440000e+00   4.7350000e+00   2.4740000e+00   2.6180000e+00
   3.9210000e+00   4.3510000e+00   4.2420000e+00   4.8350000e+00   2.4860000e+00   2.6350000e+00
   3.9280000e+00   4.5340000e+00   4.4120000e+00   4.9880000e+00   2.4880000e+00   2.6230000e+00
   3.9730000e+00   4.7170000e+00   4.5470000e+00   5.0260000e+00   2.5000000e+00   2.6540000e+00
   4.1300000e+00   4.8680000e+00   4.6540000e+00   5.0330000e+00   2.5110000e+00   2.6560000e+00
   4.2620000e+00   4.9520000e+00   4.7220000e+00   5.0130000e+00   2.5150000e+00   2.6760000e+00
   4.3500000e+00   5.0030000e+00   4.7650000e+00   4.9180000e+00   2.4970000e+00   2.6900000e+00
   4.4070000e+00   4.9800000e+00   4.7860000e+00   4.8350000e+00   2.5050000e+00   2.6770000e+00
   4.4900000e+00   4.9520000e+00   4.8070000e+00   4.7800000e+00   2.4880000e+00   2.6730000e+00
   4.6700000e+00   4.9370000e+00   4.8560000e+00   4.9220000e+00   2.4870000e+00   2.7080000e+00
   4.8330000e+00   5.0150000e+00   4.9830000e+00   5.3150000e+00   2.5170000e+00   2.7770000e+00
   4.9530000e+00   5.2330000e+00   5.1590000e+00   5.6860000e+00   2.5320000e+00   2.8690000e+00
   5.0160000e+00   5.4610000e+00   5.3320000e+00   5.9520000e+00   2.5410000e+00   3.0020000e+00
   5.0960000e+00   5.7870000e+00   5.6170000e+00   6.2660000e+00   2.6200000e+00   3.1280000e+00
   5.2420000e+00   6.1820000e+00   5.9410000e+00   6.5190000e+00   2.7010000e+00   3.1710000e+00
   5.4540000e+00   6.4880000e+00   6.1670000e+00   6.6080000e+00   2.8540000e+00   3.2750000e+00
   5.6130000e+00   6.6030000e+00   6.2530000e+00   6.5790000e+00   3.0590000e+00   3.4230000e+00
   5.8480000e+00   6.6760000e+00   6.3670000e+00   6.5890000e+00   3.2340000e+00   3.6270000e+00
   6.0100000e+00   6.6730000e+00   6.3850000e+00   6.5600000e+00   3.8070000e+00   3.8970000e+00
   5.9910000e+00   6.5740000e+00   6.3220000e+00   6.4890000e+00   4.3330000e+00   3.9960000e+00
   6.0970000e+00   6.6220000e+00   6.3860000e+00   6.5540000e+00   4.7200000e+00   4.2760000e+00
   6.1970000e+00   6.6910000e+00   6.4640000e+00   6.6380000e+00   4.8190000e+00   4.4170000e+00
   6.1070000e+00   6.5860000e+00   6.3480000e+00   6.5010000e+00   4.9820000e+00   4.5950000e+00
   6.2120000e+00   6.6750000e+00   6.4830000e+00   6.5930000e+00   5.2480000e+00   4.8890000e+00
   6.1720000e+00   6.5320000e+00   6.3770000e+00   6.4280000e+00   5.0290000e+00   4.6310000e+00
   6.1380000e+00   6.4300000e+00   6.3000000e+00   6.4120000e+00   5.2490000e+00   4.9690000e+00
   6.3350000e+00   6.7370000e+00   6.6030000e+00   6.6960000e+00   5.3300000e+00   5.0970000e+00
   6.3900000e+00   6.7160000e+00   6.6030000e+00   6.6750000e+00   5.4590000e+00   5.3060000e+00
   6.4870000e+00   6.6500000e+00   6.5780000e+00   6.6160000e+00   5.7700000e+00   5.6310000e+00
   6.5010000e+00   6.6310000e+00   6.5920000e+00   6.6210000e+00   5.8980000e+00   5.9820000e+00
   6.4320000e+00   6.5500000e+00   6.5470000e+00   6.5880000e+00   6.0640000e+00   6.2320000e+00
   6.3930000e+00   6.5090000e+00   6.5300000e+00   6.5650000e+00   6.3840000e+00   6.3220000e+00
   6.3340000e+00   6.4200000e+00   6.4380000e+00   6.4450000e+00   6.6730000e+00   6.7590000e+00
   6.4590000e+00   6.5000000e+00   6.5320000e+00   6.5190000e+00   6.5310000e+00   6.5900000e+00
   6.3780000e+00   6.4050000e+00   6.4480000e+00   6.4420000e+00   6.5630000e+00   6.5180000e+00
   6.1920000e+00   6.2370000e+00   6.2440000e+00   6.2370000e+00   6.5200000e+00   6.4770000e+00
   6.0690000e+00   6.1130000e+00   6.1360000e+00   6.1320000e+00   6.1970000e+00   6.1890000e+00
   5.8850000e+00   5.8770000e+00   5.9220000e+00   5.9050000e+00   6.1090000e+00   6.0200000e+00
   5.8260000e+00   5.7910000e+00   5.8330000e+00   5.7770000e+00   5.9400000e+00   6.1560000e+00
   5.8410000e+00   5.7300000e+00   5.7980000e+00   5.7130000e+00   5.8830000e+00   6.0140000e+00
   5.8580000e+00   5.6970000e+00   5.7390000e+00   5.5990000e+00   5.7150000e+00   5.9730000e+00
   5.9210000e+00   5.7160000e+00   5.7900000e+00   5.6120000e+00   5.5860000e+00   5.8240000e+00
   5.9960000e+00   5.7790000e+00   5.8540000e+00   5.6430000e+00   5.7110000e+00   5.8600000e+00
   6.0680000e+00   5.8800000e+00   5.9550000e+00   5.7480000e+00   5.8060000e+00   5.8200000e+00
   5.8790000e+00   5.6740000e+00   5.8180000e+00   5.6230000e+00   5.7200000e+00   5.8370000e+00
   5.6900000e+00   5.5180000e+00   5.6780000e+00   5.5060000e+00   5.8140000e+00   5.6190000e+00
   5.7320000e+00   5.5640000e+00   5.7130000e+00   5.5700000e+00   5.9690000e+00   5.7280000e+00
   5.8860000e+00   5.6750000e+00   5.8320000e+00   5.6840000e+00   5.9130000e+00   5.8910000e+00
