   6.0357000e+00   6.1983000e+00   6.1243000e+00   6.1776000e+00   5.1518000e+00   4.8922000e+00
   6.0938000e+00   6.2121000e+00   6.1490000e+00   6.1524000e+00   5.1141000e+00   5.0052000e+00
   6.3213000e+00   6.4370000e+00   6.3701000e+00   6.3744000e+00   5.0720000e+00   5.0898000e+00
   6.2668000e+00   6.3727000e+00   6.3366000e+00   6.3477000e+00   4.9341000e+00   5.0349000e+00
   6.3301000e+00   6.4629000e+00   6.4410000e+00   6.4709000e+00   4.7935000e+00   4.9868000e+00
   6.4541000e+00   6.5252000e+00   6.5095000e+00   6.5300000e+00   4.4500000e+00   4.6845000e+00
   6.5327000e+00   6.5499000e+00   6.5317000e+00   6.5312000e+00   4.2793000e+00   4.5258000e+00
   6.5665000e+00   6.5598000e+00   6.5175000e+00   6.4616000e+00   4.0402000e+00   4.3116000e+00
   6.5126000e+00   6.3744000e+00   6.4440000e+00   6.3916000e+00   4.0215000e+00   4.0969000e+00
   6.6921000e+00   6.4921000e+00   6.6275000e+00   6.5765000e+00   3.8939000e+00   3.8021000e+00
   6.6997000e+00   6.5583000e+00   6.6805000e+00   6.6707000e+00   3.8993000e+00   3.6414000e+00
   6.7636000e+00   6.6381000e+00   6.7444000e+00   6.7100000e+00   3.6803000e+00   3.4225000e+00
   6.8071000e+00   6.6627000e+00   6.7733000e+00   6.7006000e+00   3.5462000e+00   3.2342000e+00
   6.8049000e+00   6.6197000e+00   6.7524000e+00   6.6484000e+00   3.2943000e+00   2.9175000e+00
   6.9150000e+00   6.6947000e+00   6.8507000e+00   6.7358000e+00   3.1475000e+00   2.7040000e+00
   7.0370000e+00   6.7944000e+00   6.9538000e+00   6.8122000e+00   2.9683000e+00   2.5050000e+00
   7.1306000e+00   6.9098000e+00   7.0417000e+00   6.9109000e+00   2.7777000e+00   2.3091000e+00
   7.1416000e+00   6.9797000e+00   7.0722000e+00   6.9946000e+00   2.6744000e+00   2.2306000e+00
   6.9027000e+00   6.8546000e+00   6.8946000e+00   6.8568000e+00   2.7200000e+00   2.2236000e+00
   6.5905000e+00   6.6794000e+00   6.6353000e+00   6.6225000e+00   2.8410000e+00   2.2231000e+00
   6.2424000e+00   6.2964000e+00   6.3102000e+00   6.2973000e+00   2.9082000e+00   2.1970000e+00
   5.9810000e+00   6.1525000e+00   6.1002000e+00   6.1098000e+00   2.9686000e+00   2.1528000e+00
   5.4003000e+00   5.9834000e+00   5.6309000e+00   5.6637000e+00   2.7939000e+00   1.9406000e+00
   4.8548000e+00   5.5155000e+00   5.0929000e+00   5.0816000e+00   2.4892000e+00   1.6988000e+00
   4.4838000e+00   5.1255000e+00   4.7336000e+00   4.6419000e+00   2.3400000e+00   1.5833000e+00
   4.1560000e+00   4.6558000e+00   4.4070000e+00   4.2635000e+00   2.2746000e+00   1.5678000e+00
   4.0128000e+00   4.4188000e+00   4.2804000e+00   4.0511000e+00   2.4077000e+00   1.7478000e+00
   3.8261000e+00   4.3505000e+00   4.1644000e+00   3.8628000e+00   2.5763000e+00   2.0091000e+00
   3.6174000e+00   4.2810000e+00   3.9834000e+00   3.6847000e+00   2.5846000e+00   2.0712000e+00
   3.3955000e+00   4.0830000e+00   3.7678000e+00   3.4886000e+00   2.6568000e+00   2.1210000e+00
   3.2087000e+00   3.8930000e+00   3.6028000e+00   3.3569000e+00   2.8077000e+00   2.2211000e+00
   3.0271000e+00   3.7163000e+00   3.4353000e+00   3.2679000e+00   2.7954000e+00   2.2107000e+00
   2.8594000e+00   3.5393000e+00   3.2547000e+00   3.1288000e+00   2.6869000e+00   2.1337000e+00
   2.6607000e+00   3.3745000e+00   3.0626000e+00   2.9289000e+00   2.6147000e+00   2.1113000e+00
   2.4954000e+00   3.2814000e+00   2.9190000e+00   2.7384000e+00   2.5446000e+00   2.0731000e+00
   2.3411000e+00   3.2060000e+00   2.7861000e+00   2.5389000e+00   2.5086000e+00   2.0178000e+00
   2.1646000e+00   3.1113000e+00   2.6293000e+00   2.3314000e+00   2.5586000e+00   1.9848000e+00
   2.0880000e+00   3.0774000e+00   2.5228000e+00   2.2175000e+00   2.6324000e+00   2.0467000e+00
   2.0701000e+00   3.0513000e+00   2.4303000e+00   2.1521000e+00   2.6523000e+00   2.1184000e+00
   2.0502000e+00   3.0021000e+00   2.3189000e+00   2.0543000e+00   2.6658000e+00   2.1279000e+00
   2.0365000e+00   2.9232000e+00   2.2013000e+00   1.8809000e+00   2.7453000e+00   2.1804000e+00
   2.0566000e+00   2.7748000e+00   2.0542000e+00   1.6667000e+00   2.8102000e+00   2.2474000e+00
   2.1416000e+00   2.5510000e+00   1.8658000e+00   1.5225000e+00   2.8955000e+00   2.3538000e+00
   2.1615000e+00   2.2494000e+00   1.6392000e+00   1.4891000e+00   2.9504000e+00   2.4269000e+00
   1.9926000e+00   1.9719000e+00   1.4605000e+00   1.5171000e+00   3.0110000e+00   2.4795000e+00
   1.7489000e+00   1.8646000e+00   1.4375000e+00   1.5890000e+00   3.0313000e+00   2.4841000e+00
   1.5717000e+00   1.9184000e+00   1.5906000e+00   1.7151000e+00   3.0728000e+00   2.5663000e+00
   1.6753000e+00   2.1731000e+00   1.8151000e+00   1.7173000e+00   3.0927000e+00   2.6093000e+00
   2.0124000e+00   2.3911000e+00   1.8762000e+00   1.5710000e+00   3.1591000e+00   2.6796000e+00
   2.1832000e+00   2.3827000e+00   1.7861000e+00   1.4279000e+00   3.2640000e+00   2.7802000e+00
   2.1263000e+00   2.3056000e+00   1.7118000e+00   1.3241000e+00   3.3034000e+00   2.7880000e+00
   2.0996000e+00   2.2064000e+00   1.6221000e+00   1.2453000e+00   3.3362000e+00   2.7333000e+00
   2.0407000e+00   2.0723000e+00   1.5571000e+00   1.2960000e+00   3.3394000e+00   2.7460000e+00
   1.8342000e+00   1.8910000e+00   1.5221000e+00   1.4486000e+00   3.3416000e+00   2.7730000e+00
   1.8334000e+00   1.9860000e+00   1.7891000e+00   1.8664000e+00   3.4211000e+00   2.7643000e+00
   1.9157000e+00   2.1317000e+00   2.0781000e+00   2.2366000e+00   3.4344000e+00   2.7515000e+00
   2.0418000e+00   2.3476000e+00   2.3876000e+00   2.6031000e+00   3.5448000e+00   2.7657000e+00
   2.4473000e+00   2.8398000e+00   2.8598000e+00   3.0206000e+00   3.6537000e+00   2.8140000e+00
   2.9469000e+00   3.3343000e+00   3.3003000e+00   3.3939000e+00   3.7471000e+00   2.9823000e+00
   3.4333000e+00   3.7786000e+00   3.6662000e+00   3.7615000e+00   3.7606000e+00   3.4145000e+00
   3.8683000e+00   4.2251000e+00   4.1536000e+00   4.3987000e+00   3.9080000e+00   4.1346000e+00
   4.3018000e+00   4.6574000e+00   4.7174000e+00   5.3378000e+00   4.0561000e+00   4.4738000e+00
   4.7791000e+00   5.2726000e+00   5.4220000e+00   6.3487000e+00   4.0693000e+00   4.0961000e+00
   5.6050000e+00   6.6497000e+00   6.6959000e+00   7.6103000e+00   3.9911000e+00   3.8243000e+00
   7.0605000e+00   7.9790000e+00   7.6093000e+00   8.0292000e+00   4.1736000e+00   3.8581000e+00
   7.4966000e+00   8.2218000e+00   7.8745000e+00   8.0809000e+00   4.3129000e+00   4.0522000e+00
   7.6892000e+00   8.4024000e+00   8.1746000e+00   8.4390000e+00   4.5966000e+00   4.3439000e+00
   8.2211000e+00   8.8339000e+00   8.5518000e+00   8.6567000e+00   5.1399000e+00   4.9253000e+00
   8.5344000e+00   9.0055000e+00   8.6594000e+00   8.7887000e+00   6.1898000e+00   5.6924000e+00
   8.6090000e+00   8.9586000e+00   8.8265000e+00   9.0124000e+00   6.8130000e+00   6.1516000e+00
   8.8141000e+00   9.1330000e+00   8.9592000e+00   9.1700000e+00   6.7011000e+00   6.2741000e+00
   8.9109000e+00   9.2726000e+00   9.0828000e+00   9.2566000e+00   7.0346000e+00   6.3568000e+00
   9.0168000e+00   9.3713000e+00   9.0605000e+00   9.1307000e+00   6.9893000e+00   6.5468000e+00
   8.9857000e+00   9.2753000e+00   9.0896000e+00   9.1816000e+00   7.1494000e+00   6.6053000e+00
   9.0855000e+00   9.3550000e+00   9.1999000e+00   9.2991000e+00   7.3155000e+00   6.5636000e+00
   9.0485000e+00   9.3650000e+00   9.2245000e+00   9.3529000e+00   7.1393000e+00   6.4740000e+00
   9.0899000e+00   9.4061000e+00   9.3318000e+00   9.4882000e+00   7.0308000e+00   6.3396000e+00
   9.1529000e+00   9.4256000e+00   9.4044000e+00   9.5667000e+00   6.7684000e+00   6.2616000e+00
   9.3254000e+00   9.5521000e+00   9.5254000e+00   9.6699000e+00   6.6627000e+00   6.2108000e+00
   9.4617000e+00   9.6611000e+00   9.5922000e+00   9.6868000e+00   6.6031000e+00   6.2218000e+00
   9.4553000e+00   9.6498000e+00   9.5671000e+00   9.6267000e+00   6.6828000e+00   6.2404000e+00
   9.4528000e+00   9.5853000e+00   9.5064000e+00   9.5352000e+00   6.8451000e+00   6.2949000e+00
   9.4229000e+00   9.4894000e+00   9.4853000e+00   9.5162000e+00   6.9593000e+00   6.5620000e+00
   9.4728000e+00   9.4968000e+00   9.4834000e+00   9.4593000e+00   7.0467000e+00   8.0197000e+00
   9.4747000e+00   9.4981000e+00   9.5227000e+00   9.5128000e+00   7.2239000e+00   8.8577000e+00
   9.5012000e+00   9.4804000e+00   9.5789000e+00   9.5475000e+00   8.4218000e+00   9.3503000e+00
   9.4367000e+00   9.4496000e+00   9.5811000e+00   9.5771000e+00   9.0039000e+00   9.6346000e+00
   9.4222000e+00   9.4113000e+00   9.5836000e+00   9.6554000e+00   9.3782000e+00   9.5245000e+00
   9.2819000e+00   9.3713000e+00   9.4865000e+00   9.5519000e+00   9.6380000e+00   9.4544000e+00
   9.1859000e+00   9.2758000e+00   9.3350000e+00   9.4334000e+00   9.5507000e+00   9.3719000e+00
   9.1239000e+00   9.1676000e+00   9.2092000e+00   9.2573000e+00   9.4078000e+00   9.3081000e+00
   9.0816000e+00   9.0896000e+00   9.1481000e+00   9.1574000e+00   9.2178000e+00   9.1355000e+00
   9.0114000e+00   8.9932000e+00   9.0691000e+00   9.0684000e+00   9.1611000e+00   8.9358000e+00
   8.8668000e+00   8.8122000e+00   8.9225000e+00   8.9283000e+00   9.1012000e+00   8.7770000e+00
   8.7047000e+00   8.5960000e+00   8.7268000e+00   8.7325000e+00   8.9310000e+00   8.5563000e+00
   8.5709000e+00   8.4171000e+00   8.5573000e+00   8.5432000e+00   8.6863000e+00   8.3541000e+00
   8.4830000e+00   8.2728000e+00   8.4512000e+00   8.4219000e+00   8.3933000e+00   8.1520000e+00
   8.4375000e+00   8.1668000e+00   8.3947000e+00   8.3526000e+00   8.1404000e+00   7.9370000e+00
   8.3685000e+00   8.0417000e+00   8.3262000e+00   8.2707000e+00   7.8895000e+00   7.8266000e+00
   8.2163000e+00   7.8852000e+00   8.2116000e+00   8.1632000e+00   7.7144000e+00   7.7910000e+00
   8.0353000e+00   7.7089000e+00   8.0738000e+00   8.0449000e+00   7.6543000e+00   7.7989000e+00
   7.8327000e+00   7.5208000e+00   7.9069000e+00   7.9018000e+00   7.5532000e+00   7.7420000e+00
   7.6466000e+00   7.3507000e+00   7.6963000e+00   7.6856000e+00   7.4410000e+00   7.6606000e+00
   7.5042000e+00   7.1884000e+00   7.4813000e+00   7.4413000e+00   7.3738000e+00   7.4763000e+00
   7.4236000e+00   7.0838000e+00   7.3292000e+00   7.2714000e+00   7.3197000e+00   7.2911000e+00
   7.3845000e+00   7.0910000e+00   7.2602000e+00   7.2039000e+00   7.1941000e+00   7.1885000e+00
   7.3246000e+00   7.0391000e+00   7.2283000e+00   7.2868000e+00   7.0840000e+00   6.9957000e+00
   7.2068000e+00   7.0682000e+00   7.2540000e+00   7.2322000e+00   7.0430000e+00   6.8435000e+00
   7.1359000e+00   7.2290000e+00   7.3307000e+00   7.1665000e+00   7.0258000e+00   6.7354000e+00
   7.0755000e+00   7.3057000e+00   7.3108000e+00   7.1627000e+00   7.0080000e+00   6.6493000e+00
   7.0346000e+00   7.2746000e+00   7.2611000e+00   7.0917000e+00   6.9303000e+00   6.5410000e+00
   7.0766000e+00   7.2979000e+00   7.2586000e+00   7.0715000e+00   6.8560000e+00   6.4705000e+00
   7.1301000e+00   7.3296000e+00   7.2732000e+00   7.1214000e+00   6.8040000e+00   6.4150000e+00
   7.1765000e+00   7.2654000e+00   7.1870000e+00   7.0388000e+00   6.6834000e+00   6.3063000e+00
   7.0350000e+00   7.0341000e+00   6.9158000e+00   6.8317000e+00   6.3033000e+00   5.8914000e+00
   6.5061000e+00   6.6801000e+00   6.5644000e+00   6.5468000e+00   5.8605000e+00   5.7069000e+00
   6.2311000e+00   6.3756000e+00   6.2251000e+00   6.2416000e+00   5.3751000e+00   5.3121000e+00
   5.8316000e+00   6.0449000e+00   5.8891000e+00   6.0469000e+00   4.4514000e+00   4.3623000e+00
   5.5847000e+00   5.7523000e+00   5.6605000e+00   5.8991000e+00   3.5826000e+00   3.6518000e+00
   5.3135000e+00   5.5370000e+00   5.4031000e+00   5.7128000e+00   3.0895000e+00   3.2227000e+00
   4.9657000e+00   5.1580000e+00   5.1612000e+00   5.5269000e+00   2.9321000e+00   2.9718000e+00
   4.8206000e+00   4.8692000e+00   5.0007000e+00   5.3527000e+00   3.0057000e+00   3.0239000e+00
   4.7326000e+00   4.7037000e+00   4.7995000e+00   5.1470000e+00   2.8707000e+00   2.8860000e+00
   4.4753000e+00   4.5089000e+00   4.5828000e+00   5.0470000e+00   2.6844000e+00   2.6957000e+00
   4.2195000e+00   4.3638000e+00   4.4326000e+00   5.0077000e+00   2.4940000e+00   2.5521000e+00
   4.0030000e+00   4.2331000e+00   4.2744000e+00   4.8932000e+00   2.3890000e+00   2.4258000e+00
   3.7785000e+00   4.0678000e+00   4.1312000e+00   4.7731000e+00   2.3139000e+00   2.2785000e+00
   3.5819000e+00   3.9743000e+00   4.0069000e+00   4.6370000e+00   2.1909000e+00   2.1363000e+00
   3.4374000e+00   3.9511000e+00   3.8885000e+00   4.4976000e+00   2.0652000e+00   2.0398000e+00
   3.2234000e+00   3.8513000e+00   3.7011000e+00   4.2983000e+00   1.9724000e+00   1.9242000e+00
   2.9768000e+00   3.7219000e+00   3.5285000e+00   4.0889000e+00   1.8610000e+00   1.8240000e+00
   2.7488000e+00   3.5735000e+00   3.3733000e+00   3.8168000e+00   1.7519000e+00   1.7176000e+00
   2.6370000e+00   3.4470000e+00   3.2458000e+00   3.5177000e+00   1.6503000e+00   1.6231000e+00
   2.5735000e+00   3.2764000e+00   3.0699000e+00   3.1908000e+00   1.6059000e+00   1.5610000e+00
   2.4684000e+00   3.0313000e+00   2.8340000e+00   2.8510000e+00   1.5649000e+00   1.5071000e+00
   2.3230000e+00   2.7646000e+00   2.5900000e+00   2.5110000e+00   1.5220000e+00   1.4607000e+00
   2.1705000e+00   2.4703000e+00   2.3304000e+00   2.1652000e+00   1.5101000e+00   1.4548000e+00
   2.0656000e+00   2.2377000e+00   2.1230000e+00   1.9313000e+00   1.5193000e+00   1.4692000e+00
   1.9401000e+00   2.0612000e+00   1.9479000e+00   1.8517000e+00   1.5596000e+00   1.5076000e+00
   1.7976000e+00   2.0266000e+00   1.8898000e+00   1.9654000e+00   1.5749000e+00   1.5623000e+00
   1.7171000e+00   2.1392000e+00   1.9743000e+00   2.1940000e+00   1.6085000e+00   1.6463000e+00
   1.7587000e+00   2.3670000e+00   2.1844000e+00   2.5248000e+00   1.6485000e+00   1.8019000e+00
   1.9671000e+00   2.7354000e+00   2.5442000e+00   2.9960000e+00   1.6814000e+00   1.9995000e+00
   2.3318000e+00   3.1965000e+00   2.9869000e+00   3.5026000e+00   1.6931000e+00   2.1688000e+00
   2.8299000e+00   3.6182000e+00   3.4090000e+00   3.9026000e+00   1.7114000e+00   2.2465000e+00
   3.2377000e+00   3.9554000e+00   3.7735000e+00   4.1430000e+00   1.6597000e+00   2.1748000e+00
   3.5713000e+00   4.2075000e+00   4.0429000e+00   4.2934000e+00   1.5680000e+00   2.0276000e+00
   3.8505000e+00   4.3939000e+00   4.2648000e+00   4.4881000e+00   1.5497000e+00   1.9761000e+00
   4.0965000e+00   4.5374000e+00   4.4821000e+00   4.6810000e+00   1.6145000e+00   1.9121000e+00
   4.4375000e+00   4.7521000e+00   4.7524000e+00   4.9148000e+00   1.7076000e+00   1.8068000e+00
   4.8102000e+00   5.0126000e+00   5.0390000e+00   5.1798000e+00   1.9450000e+00   1.7013000e+00
   5.1603000e+00   5.3013000e+00   5.3290000e+00   5.4566000e+00   2.6584000e+00   1.6226000e+00
   5.4750000e+00   5.6628000e+00   5.6243000e+00   5.7493000e+00   3.3454000e+00   1.6483000e+00
   5.7931000e+00   6.0460000e+00   5.9365000e+00   6.1194000e+00   3.1844000e+00   1.8781000e+00
   6.0894000e+00   6.3920000e+00   6.2136000e+00   6.3944000e+00   2.7405000e+00   2.5318000e+00
   6.3363000e+00   6.6945000e+00   6.4683000e+00   6.6470000e+00   2.7335000e+00   3.2216000e+00
   6.5620000e+00   6.9665000e+00   6.6563000e+00   6.8151000e+00   2.9534000e+00   2.6202000e+00
   6.7057000e+00   7.2081000e+00   6.8472000e+00   6.9586000e+00   2.9824000e+00   2.5386000e+00
   6.8749000e+00   7.3655000e+00   7.0214000e+00   7.0794000e+00   2.9380000e+00   3.1904000e+00
   7.1750000e+00   7.5354000e+00   7.2787000e+00   7.3162000e+00   2.9780000e+00   3.7385000e+00
   7.4110000e+00   7.5792000e+00   7.4039000e+00   7.4440000e+00   3.3421000e+00   4.0610000e+00
   7.6445000e+00   7.6841000e+00   7.4889000e+00   7.5220000e+00   3.8647000e+00   4.1632000e+00
   7.4240000e+00   7.6779000e+00   7.4651000e+00   7.5409000e+00   3.1700000e+00   4.3089000e+00
   7.4951000e+00   7.7835000e+00   7.6405000e+00   7.6765000e+00   2.3236000e+00   4.3883000e+00
   7.6272000e+00   7.9064000e+00   7.7671000e+00   7.8178000e+00   2.3865000e+00   4.3824000e+00
   7.5771000e+00   7.8779000e+00   7.7992000e+00   7.9163000e+00   3.5998000e+00   4.1643000e+00
   7.5997000e+00   7.8792000e+00   7.7922000e+00   7.8874000e+00   3.6236000e+00   3.9536000e+00
   7.7442000e+00   8.0497000e+00   7.9906000e+00   8.0969000e+00   3.4936000e+00   5.3332000e+00
   8.0599000e+00   8.3336000e+00   8.2789000e+00   8.3909000e+00   4.0050000e+00   6.4178000e+00
   8.2495000e+00   8.4714000e+00   8.4500000e+00   8.4756000e+00   5.5657000e+00   6.6630000e+00
   8.3945000e+00   8.4005000e+00   8.4215000e+00   8.4231000e+00   6.9381000e+00   7.0256000e+00
   8.4733000e+00   8.4040000e+00   8.4650000e+00   8.4089000e+00   7.1857000e+00   7.3777000e+00
   8.4710000e+00   8.3766000e+00   8.4584000e+00   8.3878000e+00   7.7301000e+00   7.6083000e+00
   8.4527000e+00   8.3793000e+00   8.4838000e+00   8.4097000e+00   7.8941000e+00   7.6138000e+00
   8.4232000e+00   8.2959000e+00   8.4089000e+00   8.2935000e+00   7.8919000e+00   7.6144000e+00
   8.4035000e+00   8.2442000e+00   8.3421000e+00   8.2176000e+00   7.9008000e+00   7.5872000e+00
   8.2976000e+00   8.1997000e+00   8.2899000e+00   8.1811000e+00   7.8390000e+00   7.4466000e+00
   8.2526000e+00   8.1821000e+00   8.2874000e+00   8.1859000e+00   7.6611000e+00   7.3485000e+00
   8.2088000e+00   8.1024000e+00   8.2289000e+00   8.1373000e+00   7.4523000e+00   7.2856000e+00
   8.0954000e+00   7.9636000e+00   8.0905000e+00   7.9881000e+00   7.3108000e+00   7.1797000e+00
   8.0573000e+00   7.8956000e+00   8.0318000e+00   7.9261000e+00   7.1632000e+00   7.0406000e+00
   8.0518000e+00   7.8459000e+00   8.0039000e+00   7.8856000e+00   6.9907000e+00   6.9573000e+00
   8.0326000e+00   7.7849000e+00   7.9810000e+00   7.8365000e+00   6.8401000e+00   6.8629000e+00
   7.9626000e+00   7.6764000e+00   7.8867000e+00   7.7206000e+00   6.6469000e+00   6.8250000e+00
   7.9628000e+00   7.6621000e+00   7.8776000e+00   7.7166000e+00   6.5475000e+00   6.6909000e+00
   7.8950000e+00   7.5885000e+00   7.8061000e+00   7.6378000e+00   6.3592000e+00   6.4854000e+00
   7.9133000e+00   7.5509000e+00   7.7537000e+00   7.5326000e+00   6.1751000e+00   6.3241000e+00
   7.9003000e+00   7.4694000e+00   7.6806000e+00   7.4254000e+00   6.0694000e+00   6.2029000e+00
   7.8901000e+00   7.4228000e+00   7.6311000e+00   7.3553000e+00   5.9261000e+00   6.1212000e+00
   7.9089000e+00   7.4388000e+00   7.6504000e+00   7.3744000e+00   5.7848000e+00   5.9955000e+00
   7.8993000e+00   7.4310000e+00   7.6384000e+00   7.3645000e+00   5.6220000e+00   5.9460000e+00
   7.8805000e+00   7.4061000e+00   7.6035000e+00   7.3132000e+00   5.4545000e+00   5.8916000e+00
   7.8339000e+00   7.3654000e+00   7.5552000e+00   7.2555000e+00   5.3417000e+00   5.8204000e+00
   7.7047000e+00   7.1694000e+00   7.4261000e+00   7.1692000e+00   5.2532000e+00   5.7181000e+00
   7.5845000e+00   7.0535000e+00   7.3180000e+00   7.0632000e+00   5.2595000e+00   5.5340000e+00
   7.4730000e+00   6.9587000e+00   7.2196000e+00   6.9631000e+00   5.4267000e+00   5.4220000e+00
   7.4053000e+00   6.9871000e+00   7.2203000e+00   6.9556000e+00   5.5507000e+00   5.3238000e+00
   7.4016000e+00   7.0018000e+00   7.2298000e+00   6.9756000e+00   5.5461000e+00   5.2276000e+00
   7.4584000e+00   7.0205000e+00   7.2256000e+00   6.9712000e+00   5.4382000e+00   5.2361000e+00
   7.5234000e+00   7.0978000e+00   7.2820000e+00   7.0331000e+00   5.4296000e+00   5.2255000e+00
   7.5661000e+00   7.1656000e+00   7.3344000e+00   7.0948000e+00   5.3868000e+00   5.2739000e+00
   7.5906000e+00   7.2071000e+00   7.3690000e+00   7.1426000e+00   5.3273000e+00   5.3565000e+00
   7.6280000e+00   7.2522000e+00   7.4132000e+00   7.1959000e+00   5.3671000e+00   5.4399000e+00
   7.6905000e+00   7.3135000e+00   7.4758000e+00   7.2677000e+00   5.4426000e+00   5.5022000e+00
   7.7334000e+00   7.3612000e+00   7.5219000e+00   7.3159000e+00   5.5212000e+00   5.5393000e+00
   7.7618000e+00   7.3970000e+00   7.5697000e+00   7.3834000e+00   5.5845000e+00   5.5585000e+00
   7.7490000e+00   7.3653000e+00   7.5590000e+00   7.3806000e+00   5.6476000e+00   5.5985000e+00
   7.8086000e+00   7.4149000e+00   7.6123000e+00   7.4215000e+00   5.6891000e+00   5.6123000e+00
   7.8296000e+00   7.4631000e+00   7.6402000e+00   7.4559000e+00   5.5499000e+00   5.4621000e+00
   7.7338000e+00   7.4488000e+00   7.5804000e+00   7.4631000e+00   4.9644000e+00   4.8980000e+00
   7.4324000e+00   7.3177000e+00   7.3876000e+00   7.3702000e+00   4.7300000e+00   4.7448000e+00
   7.1835000e+00   7.1751000e+00   7.1751000e+00   7.1894000e+00   4.0667000e+00   4.1330000e+00
   6.8268000e+00   6.8673000e+00   6.7910000e+00   6.9206000e+00   3.4908000e+00   3.6156000e+00
   6.2372000e+00   6.5608000e+00   6.5062000e+00   6.7043000e+00   3.1518000e+00   3.2699000e+00
   5.8910000e+00   6.2563000e+00   6.2764000e+00   6.4383000e+00   2.9614000e+00   3.0560000e+00
   5.9867000e+00   6.0956000e+00   6.1545000e+00   6.1719000e+00   2.9216000e+00   3.0251000e+00
   6.0532000e+00   6.0038000e+00   6.1037000e+00   6.1006000e+00   3.3725000e+00   3.4915000e+00
   6.0171000e+00   5.9702000e+00   6.0466000e+00   6.1492000e+00   3.5712000e+00   3.6591000e+00
   6.0756000e+00   5.7290000e+00   5.9196000e+00   5.9434000e+00   3.4877000e+00   3.5715000e+00
   5.9521000e+00   5.5804000e+00   5.7743000e+00   5.8276000e+00   3.3180000e+00   3.4626000e+00
   5.8142000e+00   5.4090000e+00   5.6322000e+00   5.7539000e+00   3.3414000e+00   3.5564000e+00
   5.5294000e+00   5.1948000e+00   5.4302000e+00   5.6218000e+00   3.4419000e+00   3.5932000e+00
   5.1629000e+00   4.9113000e+00   5.1676000e+00   5.4942000e+00   3.4141000e+00   3.5625000e+00
   4.8674000e+00   4.6880000e+00   4.9370000e+00   5.3140000e+00   3.3355000e+00   3.5243000e+00
   4.6351000e+00   4.5946000e+00   4.8065000e+00   5.2271000e+00   3.2672000e+00   3.4816000e+00
   4.4524000e+00   4.6528000e+00   4.7569000e+00   5.1817000e+00   3.1967000e+00   3.4419000e+00
   4.2587000e+00   4.6771000e+00   4.6496000e+00   5.0452000e+00   3.1365000e+00   3.4296000e+00
   4.0477000e+00   4.5925000e+00   4.5402000e+00   4.9142000e+00   3.0894000e+00   3.4521000e+00
   3.8264000e+00   4.4696000e+00   4.4223000e+00   4.6677000e+00   3.0202000e+00   3.4279000e+00
   3.6926000e+00   4.3205000e+00   4.3082000e+00   4.3604000e+00   2.9430000e+00   3.3482000e+00
   3.6258000e+00   4.0366000e+00   4.0652000e+00   3.8459000e+00   2.8865000e+00   3.2931000e+00
   3.4834000e+00   3.5715000e+00   3.7099000e+00   3.3018000e+00   2.8599000e+00   3.2240000e+00
   3.2669000e+00   3.1303000e+00   3.3524000e+00   2.9177000e+00   2.8354000e+00   3.1717000e+00
   3.0785000e+00   2.8908000e+00   3.1526000e+00   2.8753000e+00   2.7962000e+00   3.1433000e+00
   2.9434000e+00   2.9918000e+00   3.1375000e+00   3.1136000e+00   2.7983000e+00   3.1086000e+00
   2.8498000e+00   3.2694000e+00   3.2659000e+00   3.4683000e+00   2.7479000e+00   3.0907000e+00
   2.9166000e+00   3.6980000e+00   3.5401000e+00   3.9027000e+00   2.7876000e+00   3.1114000e+00
   3.1318000e+00   4.1577000e+00   3.9037000e+00   4.3437000e+00   2.8023000e+00   3.1805000e+00
   3.4391000e+00   4.5537000e+00   4.3012000e+00   4.6765000e+00   2.8625000e+00   3.2390000e+00
   3.8066000e+00   4.7702000e+00   4.5885000e+00   4.8917000e+00   2.9527000e+00   3.3144000e+00
   4.1922000e+00   4.9757000e+00   4.8394000e+00   5.1082000e+00   3.0678000e+00   3.3268000e+00
   4.5430000e+00   5.1839000e+00   5.0617000e+00   5.3229000e+00   3.2380000e+00   3.4019000e+00
   4.8932000e+00   5.4268000e+00   5.2783000e+00   5.5240000e+00   3.3278000e+00   3.4949000e+00
   5.1599000e+00   5.6191000e+00   5.4548000e+00   5.6923000e+00   3.4325000e+00   3.6095000e+00
   5.4149000e+00   5.8330000e+00   5.6806000e+00   5.9141000e+00   3.4863000e+00   3.8033000e+00
   5.6399000e+00   6.0233000e+00   5.8820000e+00   6.0915000e+00   3.5747000e+00   3.9859000e+00
   5.9020000e+00   6.2015000e+00   6.1308000e+00   6.3056000e+00   3.7024000e+00   4.1183000e+00
   6.1838000e+00   6.4283000e+00   6.3673000e+00   6.5032000e+00   3.8953000e+00   4.1973000e+00
   6.4277000e+00   6.6249000e+00   6.5558000e+00   6.6400000e+00   4.1444000e+00   4.2847000e+00
   6.6497000e+00   6.7471000e+00   6.7053000e+00   6.7439000e+00   4.5042000e+00   4.4459000e+00
   6.7879000e+00   6.8570000e+00   6.8028000e+00   6.8337000e+00   4.8635000e+00   4.6492000e+00
   6.8524000e+00   6.8999000e+00   6.8704000e+00   6.8848000e+00   4.8284000e+00   4.7790000e+00
   7.0376000e+00   7.0425000e+00   7.0238000e+00   7.0450000e+00   5.0018000e+00   4.8176000e+00
   7.2270000e+00   7.2889000e+00   7.2387000e+00   7.2772000e+00   5.1704000e+00   4.9191000e+00
   7.4114000e+00   7.5455000e+00   7.4541000e+00   7.5121000e+00   5.2901000e+00   4.8275000e+00
   7.3341000e+00   7.6051000e+00   7.4160000e+00   7.4633000e+00   5.4892000e+00   4.4974000e+00
   7.3541000e+00   7.6005000e+00   7.4835000e+00   7.5178000e+00   5.7319000e+00   4.2729000e+00
   7.4983000e+00   7.6703000e+00   7.5749000e+00   7.6268000e+00   5.2318000e+00   3.9545000e+00
   7.5599000e+00   7.8253000e+00   7.7310000e+00   7.8492000e+00   4.6914000e+00   4.1591000e+00
   7.9034000e+00   8.1039000e+00   7.7975000e+00   7.6210000e+00   4.4192000e+00   5.1307000e+00
   7.6789000e+00   7.7609000e+00   7.6432000e+00   7.6185000e+00   4.6197000e+00   5.9826000e+00
   7.4487000e+00   7.7295000e+00   7.5891000e+00   7.6638000e+00   5.6218000e+00   6.4288000e+00
   7.3865000e+00   7.7556000e+00   7.6314000e+00   7.7583000e+00   6.7161000e+00   6.7781000e+00
   7.4135000e+00   7.7974000e+00   7.8056000e+00   7.9462000e+00   7.1229000e+00   7.1701000e+00
   7.7453000e+00   7.9490000e+00   7.8653000e+00   7.8103000e+00   7.2654000e+00   7.3471000e+00
   7.8128000e+00   7.8556000e+00   7.7244000e+00   7.6849000e+00   7.2939000e+00   7.3401000e+00
   7.5749000e+00   7.6272000e+00   7.5941000e+00   7.5555000e+00   7.3589000e+00   7.3288000e+00
   7.5963000e+00   7.6412000e+00   7.5656000e+00   7.5351000e+00   7.3638000e+00   7.3870000e+00
   7.4272000e+00   7.4358000e+00   7.4052000e+00   7.3612000e+00   7.4518000e+00   7.4107000e+00
   7.3559000e+00   7.3346000e+00   7.3253000e+00   7.2815000e+00   7.3551000e+00   7.2971000e+00
   7.4109000e+00   7.3345000e+00   7.3597000e+00   7.2999000e+00   7.2935000e+00   7.3041000e+00
   7.3798000e+00   7.2115000e+00   7.2886000e+00   7.1900000e+00   7.2263000e+00   7.2385000e+00
   7.4861000e+00   7.2092000e+00   7.3079000e+00   7.1630000e+00   7.0004000e+00   7.1398000e+00
   7.5837000e+00   7.1493000e+00   7.2976000e+00   7.1113000e+00   6.8758000e+00   6.9683000e+00
   7.6005000e+00   7.1032000e+00   7.2808000e+00   7.0553000e+00   6.8016000e+00   7.0065000e+00
   7.6301000e+00   7.1100000e+00   7.2977000e+00   7.0534000e+00   6.8033000e+00   6.9659000e+00
   7.6822000e+00   7.1966000e+00   7.3883000e+00   7.1011000e+00   6.6068000e+00   6.7786000e+00
   7.7602000e+00   7.3330000e+00   7.4967000e+00   7.1722000e+00   6.4965000e+00   6.5706000e+00
   7.7633000e+00   7.4152000e+00   7.5434000e+00   7.2250000e+00   6.3417000e+00   6.4170000e+00
   7.6576000e+00   7.3777000e+00   7.5140000e+00   7.2403000e+00   6.2029000e+00   6.4402000e+00
   7.5146000e+00   7.2640000e+00   7.4034000e+00   7.1572000e+00   6.0026000e+00   6.4485000e+00
   7.4801000e+00   7.2709000e+00   7.3906000e+00   7.1762000e+00   6.0597000e+00   6.5269000e+00
   7.4429000e+00   7.2748000e+00   7.3839000e+00   7.2023000e+00   6.1484000e+00   6.5981000e+00
   7.4823000e+00   7.2882000e+00   7.3936000e+00   7.2032000e+00   6.3119000e+00   6.5154000e+00
   7.5752000e+00   7.3247000e+00   7.4395000e+00   7.2295000e+00   6.4568000e+00   6.4512000e+00
   7.5844000e+00   7.3145000e+00   7.4446000e+00   7.2240000e+00   6.5373000e+00   6.2810000e+00
   7.6027000e+00   7.3146000e+00   7.4408000e+00   7.1973000e+00   6.5434000e+00   6.1919000e+00
   7.7526000e+00   7.4413000e+00   7.5794000e+00   7.3352000e+00   6.5821000e+00   6.1549000e+00
   7.9010000e+00   7.5754000e+00   7.7314000e+00   7.4841000e+00   6.5805000e+00   6.2130000e+00
   7.8747000e+00   7.5687000e+00   7.7337000e+00   7.4927000e+00   6.5332000e+00   6.3472000e+00
   7.8453000e+00   7.6047000e+00   7.7545000e+00   7.5327000e+00   6.5030000e+00   6.4266000e+00
   7.8206000e+00   7.5896000e+00   7.7292000e+00   7.5094000e+00   6.4886000e+00   6.4353000e+00
   7.7903000e+00   7.5518000e+00   7.6816000e+00   7.4481000e+00   6.4404000e+00   6.4214000e+00
   7.7507000e+00   7.5031000e+00   7.6452000e+00   7.4156000e+00   6.5125000e+00   6.5315000e+00
   7.7433000e+00   7.4722000e+00   7.6250000e+00   7.3884000e+00   6.5393000e+00   6.5431000e+00
   7.7759000e+00   7.5118000e+00   7.6618000e+00   7.4315000e+00   6.6513000e+00   6.5723000e+00
   7.7724000e+00   7.5151000e+00   7.6601000e+00   7.4345000e+00   6.7454000e+00   6.6526000e+00
   7.7759000e+00   7.5087000e+00   7.6593000e+00   7.4352000e+00   6.6558000e+00   6.7334000e+00
   7.7936000e+00   7.5157000e+00   7.6524000e+00   7.4170000e+00   6.7584000e+00   6.7689000e+00
   7.8318000e+00   7.5502000e+00   7.6937000e+00   7.4742000e+00   6.7811000e+00   6.8300000e+00
   7.8443000e+00   7.5528000e+00   7.6946000e+00   7.4805000e+00   6.7366000e+00   6.8419000e+00
   7.9176000e+00   7.6182000e+00   7.7674000e+00   7.5577000e+00   6.7712000e+00   6.8197000e+00
   7.9264000e+00   7.6297000e+00   7.7870000e+00   7.5846000e+00   6.7664000e+00   6.8461000e+00
   7.9335000e+00   7.6308000e+00   7.7992000e+00   7.6045000e+00   6.8146000e+00   6.8396000e+00
   7.8198000e+00   7.5380000e+00   7.7097000e+00   7.5465000e+00   6.6885000e+00   6.7296000e+00
   7.6146000e+00   7.4169000e+00   7.5575000e+00   7.4729000e+00   6.2182000e+00   6.3341000e+00
   7.2426000e+00   7.2186000e+00   7.2847000e+00   7.2988000e+00   5.7964000e+00   5.8422000e+00
   6.9588000e+00   7.0402000e+00   7.0546000e+00   7.0905000e+00   5.4978000e+00   5.6973000e+00
   6.5109000e+00   6.7003000e+00   6.6099000e+00   6.7583000e+00   4.6250000e+00   4.8837000e+00
   6.0078000e+00   6.5236000e+00   6.4133000e+00   6.6480000e+00   3.8832000e+00   4.0228000e+00
   6.0256000e+00   6.5914000e+00   6.4918000e+00   6.6360000e+00   3.5629000e+00   3.5740000e+00
   6.2492000e+00   6.4112000e+00   6.3910000e+00   6.4986000e+00   3.5186000e+00   3.8080000e+00
   6.5086000e+00   6.4091000e+00   6.4687000e+00   6.5638000e+00   4.0189000e+00   4.0721000e+00
   6.6240000e+00   6.3149000e+00   6.4371000e+00   6.4132000e+00   4.2005000e+00   4.0181000e+00
   6.4493000e+00   6.2640000e+00   6.3485000e+00   6.3430000e+00   4.1532000e+00   3.8869000e+00
   6.1778000e+00   6.0953000e+00   6.1589000e+00   6.2104000e+00   4.0401000e+00   3.8428000e+00
   5.9766000e+00   5.8756000e+00   5.9624000e+00   6.0536000e+00   3.9351000e+00   3.8291000e+00
   5.8268000e+00   5.5589000e+00   5.7505000e+00   5.9260000e+00   3.8646000e+00   3.7346000e+00
   5.7997000e+00   5.3187000e+00   5.5920000e+00   5.8454000e+00   3.7254000e+00   3.6738000e+00
   5.8212000e+00   5.1184000e+00   5.4567000e+00   5.7649000e+00   3.5990000e+00   3.6110000e+00
   5.7684000e+00   5.0421000e+00   5.4120000e+00   5.8463000e+00   3.4527000e+00   3.5122000e+00
   5.6199000e+00   4.9881000e+00   5.3218000e+00   5.8339000e+00   3.3463000e+00   3.4183000e+00
   5.4663000e+00   4.9790000e+00   5.2804000e+00   5.8914000e+00   3.2749000e+00   3.3756000e+00
   5.3825000e+00   5.0901000e+00   5.3012000e+00   5.9758000e+00   3.2280000e+00   3.3599000e+00
   5.3213000e+00   5.1867000e+00   5.3397000e+00   6.0306000e+00   3.1673000e+00   3.2857000e+00
   5.3411000e+00   5.2796000e+00   5.3540000e+00   5.9982000e+00   3.1070000e+00   3.2314000e+00
   5.3924000e+00   5.2681000e+00   5.2902000e+00   5.9019000e+00   3.0585000e+00   3.2321000e+00
   5.3422000e+00   5.1390000e+00   5.1908000e+00   5.8434000e+00   3.0408000e+00   3.2699000e+00
   5.2471000e+00   5.0590000e+00   5.1562000e+00   5.8678000e+00   3.0689000e+00   3.3161000e+00
   5.2040000e+00   5.0963000e+00   5.2133000e+00   5.9518000e+00   3.1167000e+00   3.3516000e+00
   5.1565000e+00   5.1782000e+00   5.3081000e+00   6.0584000e+00   3.1326000e+00   3.3738000e+00
   5.1532000e+00   5.3826000e+00   5.5389000e+00   6.2793000e+00   3.1340000e+00   3.3498000e+00
   5.2316000e+00   5.6766000e+00   5.7659000e+00   6.3765000e+00   3.1543000e+00   3.3994000e+00
   5.4669000e+00   5.9598000e+00   5.9468000e+00   6.4364000e+00   3.1773000e+00   3.4017000e+00
   5.6492000e+00   6.1203000e+00   6.0568000e+00   6.4692000e+00   3.1859000e+00   3.4359000e+00
   5.7659000e+00   6.2180000e+00   6.1297000e+00   6.3634000e+00   3.1601000e+00   3.4622000e+00
   5.8304000e+00   6.1881000e+00   6.1490000e+00   6.2214000e+00   3.1748000e+00   3.4464000e+00
   5.9105000e+00   6.1264000e+00   6.1620000e+00   6.0766000e+00   3.1456000e+00   3.4409000e+00
   6.1617000e+00   6.0903000e+00   6.2130000e+00   6.1612000e+00   3.1426000e+00   3.4830000e+00
   6.4348000e+00   6.1812000e+00   6.3857000e+00   6.6425000e+00   3.1837000e+00   3.5496000e+00
   6.6641000e+00   6.5154000e+00   6.6352000e+00   7.1470000e+00   3.1938000e+00   3.6247000e+00
   6.7932000e+00   6.8418000e+00   6.8760000e+00   7.5294000e+00   3.1994000e+00   3.7836000e+00
   6.8880000e+00   7.2703000e+00   7.2301000e+00   7.9586000e+00   3.3026000e+00   3.9400000e+00
   7.0336000e+00   7.7964000e+00   7.6215000e+00   8.3083000e+00   3.3767000e+00   3.9347000e+00
   7.2817000e+00   8.2284000e+00   7.9193000e+00   8.4666000e+00   3.5733000e+00   4.0358000e+00
   7.4374000e+00   8.3887000e+00   8.0290000e+00   8.4569000e+00   3.9149000e+00   4.2339000e+00
   7.7481000e+00   8.5503000e+00   8.2280000e+00   8.5319000e+00   4.1523000e+00   4.4046000e+00
   7.9466000e+00   8.6318000e+00   8.2876000e+00   8.5352000e+00   4.9836000e+00   4.8441000e+00
   7.9065000e+00   8.5602000e+00   8.2435000e+00   8.4894000e+00   5.5817000e+00   4.9965000e+00
   8.0207000e+00   8.6248000e+00   8.3151000e+00   8.5622000e+00   6.0627000e+00   5.4775000e+00
   8.2026000e+00   8.7876000e+00   8.4806000e+00   8.7456000e+00   6.2885000e+00   5.7925000e+00
   8.0089000e+00   8.6295000e+00   8.2970000e+00   8.5381000e+00   6.6037000e+00   6.0874000e+00
   8.1312000e+00   8.7738000e+00   8.4905000e+00   8.6642000e+00   6.9953000e+00   6.5421000e+00
   8.0697000e+00   8.5671000e+00   8.3327000e+00   8.4258000e+00   6.7196000e+00   6.1653000e+00
   7.9745000e+00   8.3534000e+00   8.1737000e+00   8.3570000e+00   7.0915000e+00   6.6369000e+00
   8.3110000e+00   8.8927000e+00   8.7165000e+00   8.8696000e+00   7.1914000e+00   6.7870000e+00
   8.4828000e+00   8.9822000e+00   8.8080000e+00   8.9400000e+00   7.3541000e+00   7.0291000e+00
   8.6226000e+00   8.8633000e+00   8.7702000e+00   8.8485000e+00   7.7780000e+00   7.4845000e+00
   8.6874000e+00   8.8732000e+00   8.8290000e+00   8.8880000e+00   7.9548000e+00   7.9274000e+00
   8.6572000e+00   8.8202000e+00   8.8429000e+00   8.9263000e+00   8.2207000e+00   7.8086000e+00
   8.7322000e+00   8.8902000e+00   8.9342000e+00   8.9951000e+00   8.6510000e+00   7.6931000e+00
   8.7357000e+00   8.8693000e+00   8.8925000e+00   8.9121000e+00   8.5345000e+00   8.4066000e+00
   8.9312000e+00   9.0112000e+00   9.0618000e+00   9.0595000e+00   8.3192000e+00   8.4221000e+00
   8.8515000e+00   8.9011000e+00   8.9671000e+00   8.9681000e+00   8.5105000e+00   8.4101000e+00
   8.7023000e+00   8.7760000e+00   8.7879000e+00   8.7822000e+00   8.5951000e+00   8.4296000e+00
   8.5832000e+00   8.6516000e+00   8.6835000e+00   8.6773000e+00   8.1719000e+00   8.0551000e+00
   8.3592000e+00   8.3471000e+00   8.4090000e+00   8.3805000e+00   7.9326000e+00   7.6967000e+00
   8.3003000e+00   8.2422000e+00   8.2951000e+00   8.1977000e+00   7.6913000e+00   7.8885000e+00
   8.3180000e+00   8.1509000e+00   8.2452000e+00   8.1033000e+00   7.6572000e+00   7.7589000e+00
   8.3510000e+00   8.1141000e+00   8.1740000e+00   7.9546000e+00   7.4780000e+00   7.7608000e+00
   8.4316000e+00   8.1255000e+00   8.2386000e+00   7.9657000e+00   7.3267000e+00   7.6149000e+00
   8.5368000e+00   8.2001000e+00   8.3221000e+00   7.9958000e+00   7.5570000e+00   7.7349000e+00
   8.6425000e+00   8.3424000e+00   8.4582000e+00   8.1290000e+00   7.7937000e+00   7.7776000e+00
   8.3678000e+00   8.0403000e+00   8.2648000e+00   7.9521000e+00   7.7121000e+00   7.8338000e+00
   8.0713000e+00   7.7915000e+00   8.0487000e+00   7.7742000e+00   7.9076000e+00   7.5518000e+00
   8.0895000e+00   7.8053000e+00   8.0578000e+00   7.8256000e+00   8.1748000e+00   7.7115000e+00
   8.3252000e+00   7.9587000e+00   8.2311000e+00   7.9869000e+00   8.1012000e+00   7.9753000e+00
