  -1.1583000e+02  -1.1472000e+02  -1.1473000e+02  -1.1501000e+02  -9.1547000e+01  -9.3340000e+01
  -8.0821000e+01  -8.0654000e+01  -8.1759000e+01  -8.2318000e+01  -1.1311000e+02  -1.1657000e+02
  -6.9275000e+01  -7.0504000e+01  -6.9875000e+01  -6.8885000e+01  -9.8963000e+01  -9.8497000e+01
  -7.0114000e+01  -7.0794000e+01  -7.0900000e+01  -7.1119000e+01  -9.1871000e+01  -9.4575000e+01
  -3.1305000e+01  -3.2931000e+01  -3.1060000e+01  -3.1848000e+01  -4.8626000e+01  -5.1561000e+01
  -5.2081000e+01  -5.2773000e+01  -5.2893000e+01  -5.3397000e+01  -6.6039000e+01  -7.0464000e+01
  -4.3575000e+01  -4.3458000e+01  -4.4965000e+01  -4.5237000e+01  -8.0820000e+01  -8.2773000e+01
  -6.2625000e+01  -6.2113000e+01  -6.4469000e+01  -6.5368000e+01  -7.3565000e+01  -7.6154000e+01
  -6.9120000e+01  -6.9625000e+01  -6.8674000e+01  -6.8279000e+01  -8.8741000e+01  -9.6189000e+01
  -5.1388000e+01  -5.2055000e+01  -5.1359000e+01  -5.2214000e+01  -5.3618000e+01  -5.6256000e+01
  -4.3825000e+01  -4.3181000e+01  -4.4367000e+01  -4.2967000e+01  -3.5016000e+01  -3.9999000e+01
  -3.2590000e+01  -3.1999000e+01  -3.1494000e+01  -3.2886000e+01  -3.4300000e+01  -3.5886000e+01
  -4.8484000e+01  -4.9729000e+01  -4.9789000e+01  -5.1534000e+01  -2.5970000e+01  -3.0057000e+01
  -5.0671000e+01  -4.9934000e+01  -4.9901000e+01  -5.1913000e+01  -2.5146000e+01  -2.9385000e+01
  -5.6802000e+01  -6.0281000e+01  -5.8324000e+01  -5.9248000e+01  -2.6790000e+01  -2.8207000e+01
  -3.3231000e+01  -3.6729000e+01  -3.5594000e+01  -3.8219000e+01  -4.7521000e-01  -2.5227000e+00
  -1.1806000e+01  -1.3728000e+01  -1.3028000e+01  -1.4142000e+01   1.9977000e+01   1.6157000e+01
  -8.4670000e+00  -1.0102000e+01  -9.8833000e+00  -1.1019000e+01   2.7359000e+01   2.3596000e+01
  -8.2412000e+00  -1.0510000e+01  -9.7676000e+00  -1.0751000e+01   2.2858000e+01   2.1381000e+01
  -1.2166000e+00  -2.1127000e+00  -1.8168000e+00  -3.3696000e+00   1.9442000e+01   1.6698000e+01
  -1.0705000e+01  -1.0867000e+01  -1.0222000e+01  -1.0672000e+01   7.3485000e+00   4.2348000e+00
   2.6210000e+00   4.0353000e+00   3.0522000e+00   2.3895000e+00   2.2039000e+01   1.7212000e+01
   1.5607000e+01   1.5875000e+01   1.7245000e+01   1.6399000e+01   3.9197000e+01   3.4082000e+01
   3.1458000e+01   3.2760000e+01   3.2203000e+01   3.3196000e+01   3.7815000e+01   3.6912000e+01
   3.5095000e+01   3.7340000e+01   3.6912000e+01   3.7401000e+01   4.0552000e+01   3.7051000e+01
   3.4000000e+01   3.5294000e+01   3.7192000e+01   3.7746000e+01   3.8303000e+01   3.5323000e+01
   2.5616000e+01   3.2251000e+01   3.0463000e+01   3.2373000e+01   3.6675000e+01   3.3412000e+01
   3.5897000e+01   4.0832000e+01   3.9745000e+01   4.1716000e+01   4.8903000e+01   4.5373000e+01
   4.8162000e+01   4.9534000e+01   5.1257000e+01   5.3906000e+01   5.3752000e+01   5.0900000e+01
   5.2719000e+01   5.6390000e+01   5.6928000e+01   5.8505000e+01   6.6865000e+01   6.3981000e+01
   4.7877000e+01   5.2725000e+01   5.2476000e+01   5.5466000e+01   6.1582000e+01   5.8402000e+01
   4.4804000e+01   4.9145000e+01   4.8521000e+01   5.1469000e+01   5.8239000e+01   5.6454000e+01
   3.6348000e+01   3.9630000e+01   3.9933000e+01   4.1919000e+01   5.2994000e+01   5.0479000e+01
   4.1055000e+01   4.4726000e+01   4.4427000e+01   4.8051000e+01   5.0984000e+01   4.8952000e+01
   4.0431000e+01   4.4298000e+01   4.2391000e+01   4.5786000e+01   5.4482000e+01   5.3177000e+01
   4.5425000e+01   4.5911000e+01   4.7650000e+01   5.0740000e+01   5.7450000e+01   5.6969000e+01
   4.3447000e+01   4.5785000e+01   4.6788000e+01   4.9500000e+01   5.1267000e+01   4.9239000e+01
   4.0508000e+01   4.6831000e+01   4.0499000e+01   4.5507000e+01   3.9617000e+01   4.1768000e+01
   3.3798000e+01   4.4677000e+01   3.2198000e+01   3.0428000e+01   3.2255000e+01   3.0905000e+01
   1.5898000e+01   1.4877000e+01   1.7644000e+01   1.5616000e+01   7.9488000e+00   9.4682000e+00
   6.6268000e+00   7.2089000e+00   8.8880000e+00   1.3166000e+01  -9.7621000e+00  -9.5057000e+00
   1.3734000e+01   1.2387000e+01   9.7574000e+00   8.5569000e+00  -2.4785000e+01  -2.0731000e+01
   5.9368000e+00   9.9214000e-01  -2.9722000e+00  -1.4442000e+00  -4.1541000e+01  -3.2554000e+01
   1.3916000e+01   1.7974000e+01   9.2614000e-01  -5.4647000e+00  -2.5416000e+01  -4.1491000e+01
  -1.5283000e+00  -5.3703000e+00  -1.8593000e+00  -1.5816000e+00  -4.6262000e+01  -5.6610000e+01
  -3.2055000e+01  -2.3710000e+01  -2.0049000e+01  -1.1068000e+01  -6.9153000e+01  -7.1954000e+01
  -5.1969000e+01  -4.5834000e+01  -4.3320000e+01  -3.5411000e+01  -9.9254000e+01  -9.0595000e+01
  -3.4430000e+01  -4.5196000e+01  -4.7617000e+01  -4.3582000e+01  -8.7093000e+01  -1.0319000e+02
  -9.9398000e+00  -1.7778000e+01  -3.2117000e+01  -4.3630000e+01  -7.6575000e+01  -1.0968000e+02
  -3.2545000e+01  -2.5955000e+01  -2.7553000e+01  -2.7763000e+01  -1.0418000e+02  -1.2100000e+02
  -4.4524000e+01  -3.2854000e+01  -3.5029000e+01  -2.8849000e+01  -1.2290000e+02  -1.2591000e+02
  -6.9410000e+01  -6.2915000e+01  -5.9179000e+01  -5.2439000e+01  -1.3696000e+02  -1.3406000e+02
  -6.0795000e+01  -5.7023000e+01  -6.1562000e+01  -5.6903000e+01  -1.4048000e+02  -1.4162000e+02
  -4.7888000e+01  -5.2696000e+01  -6.0935000e+01  -6.3837000e+01  -1.5399000e+02  -1.5358000e+02
  -5.3366000e+01  -4.9835000e+01  -5.8851000e+01  -5.8669000e+01  -1.5687000e+02  -1.4964000e+02
  -6.9909000e+01  -7.1870000e+01  -6.8234000e+01  -6.8676000e+01  -1.6077000e+02  -1.5344000e+02
  -7.2452000e+01  -6.7949000e+01  -7.2278000e+01  -6.8860000e+01  -1.7447000e+02  -1.7042000e+02
  -6.9677000e+01  -6.5982000e+01  -7.1089000e+01  -6.9695000e+01  -1.6942000e+02  -1.6810000e+02
  -7.7630000e+01  -7.0035000e+01  -7.3855000e+01  -6.8714000e+01  -1.6261000e+02  -1.6388000e+02
  -7.5920000e+01  -7.4085000e+01  -7.3817000e+01  -7.1547000e+01  -1.5778000e+02  -1.7204000e+02
  -8.5746000e+01  -7.8297000e+01  -8.0223000e+01  -7.4416000e+01  -1.4902000e+02  -1.4791000e+02
  -9.3412000e+01  -8.8787000e+01  -9.1094000e+01  -8.8787000e+01  -1.5810000e+02  -1.5958000e+02
  -8.9228000e+01  -8.6444000e+01  -8.9948000e+01  -8.9161000e+01  -1.5798000e+02  -1.5806000e+02
  -9.9827000e+01  -9.6596000e+01  -9.7196000e+01  -9.3904000e+01  -1.5578000e+02  -1.5711000e+02
  -8.4412000e+01  -8.4549000e+01  -8.2897000e+01  -8.1184000e+01  -1.4755000e+02  -1.5277000e+02
  -8.5991000e+01  -8.3814000e+01  -8.6234000e+01  -8.5456000e+01  -1.6518000e+02  -1.6142000e+02
  -9.3026000e+01  -8.9379000e+01  -9.0637000e+01  -8.7946000e+01  -1.5497000e+02  -1.5711000e+02
  -9.5825000e+01  -9.0248000e+01  -9.8644000e+01  -9.9122000e+01  -1.4549000e+02  -1.4170000e+02
  -8.4254000e+01  -8.3164000e+01  -8.4556000e+01  -8.4606000e+01  -1.3438000e+02  -1.4427000e+02
  -8.1883000e+01  -7.4429000e+01  -7.9001000e+01  -7.7071000e+01  -1.2409000e+02  -1.2268000e+02
  -7.6364000e+01  -7.3398000e+01  -6.9263000e+01  -6.8961000e+01  -1.1414000e+02  -1.2316000e+02
  -6.0381000e+01  -5.5837000e+01  -5.1379000e+01  -4.5759000e+01  -1.1074000e+02  -1.0651000e+02
  -5.1488000e+01  -5.5348000e+01  -4.8198000e+01  -4.4994000e+01  -7.3247000e+01  -8.6499000e+01
  -2.3146000e+01  -2.3035000e+01  -2.0267000e+01  -1.7488000e+01  -9.0244000e+01  -9.8357000e+01
  -4.0645000e+01  -3.5436000e+01  -3.6619000e+01  -3.3861000e+01  -7.4258000e+01  -8.0539000e+01
  -3.1401000e+01  -3.1318000e+01  -2.8379000e+01  -2.8248000e+01  -4.9554000e+01  -4.6710000e+01
  -3.8962000e+00  -5.3501000e+00  -4.3765000e+00  -5.3845000e+00  -3.2857000e+01  -3.1302000e+01
   1.1122000e+01   1.1087000e+01   1.0337000e+01   9.3400000e+00  -1.9111000e+01  -1.5769000e+01
   1.3255000e+01   1.5673000e+01   1.6317000e+01   1.7539000e+01  -9.7448000e+00  -4.5145000e+00
   2.1418000e+01   2.3447000e+01   2.2758000e+01   2.3331000e+01  -1.9566000e+01  -1.0974000e+01
   2.2073000e+01   2.4013000e+01   2.3941000e+01   2.4837000e+01  -1.7978000e+01  -1.8030000e+01
   2.1819000e+01   2.4947000e+01   2.4957000e+01   2.7437000e+01  -2.0178000e+01  -2.8552000e+01
   1.1852000e+01   1.5156000e+01   1.3621000e+01   1.4168000e+01  -6.1606000e+00  -1.9031000e+01
   1.3298000e+01   1.2280000e+01   1.2769000e+01   1.2547000e+01   1.4176000e+00  -1.4042000e+01
   1.8081000e+01   1.8888000e+01   2.0565000e+01   2.0176000e+01   1.4135000e+01  -3.3505000e+00
   1.7722000e+01   2.1713000e+01   2.1050000e+01   2.2028000e+01   2.6029000e+01   1.0969000e+01
   2.5638000e+01   2.6922000e+01   2.7727000e+01   2.8901000e+01   2.4729000e+01   2.0200000e+01
   9.4210000e+00   9.8529000e+00   1.0678000e+01   1.1909000e+01  -4.8067000e+00  -7.8345000e+00
  -5.2292000e+00  -5.6855000e+00  -5.9848000e+00  -6.0364000e+00  -2.8398000e+01  -3.0146000e+01
  -4.2718000e+00  -2.4393000e+00  -4.3796000e+00  -5.5134000e+00  -3.1497000e+01  -3.2733000e+01
  -7.4566000e+00  -7.2505000e+00  -5.3520000e+00  -4.2914000e+00  -2.9997000e+01  -3.1621000e+01
  -2.2029000e+00  -1.1550000e+00   2.4908000e-01   1.7522000e+00  -1.2143000e+01  -1.0994000e+01
  -6.0883000e+00  -6.4548000e+00  -5.4769000e+00  -6.1613000e+00  -1.0012000e+01  -4.9550000e+00
  -1.7596000e+01  -1.6977000e+01  -1.7456000e+01  -1.7334000e+01  -1.5184000e+01  -1.0836000e+01
  -3.2961000e+01  -3.3107000e+01  -3.3491000e+01  -3.4788000e+01  -3.0913000e+01  -2.6589000e+01
  -3.3822000e+01  -3.3368000e+01  -3.3711000e+01  -3.3011000e+01  -3.4382000e+01  -2.6185000e+01
  -2.6148000e+01  -2.6383000e+01  -2.6238000e+01  -2.6131000e+01  -3.6064000e+01  -2.5969000e+01
  -2.4793000e+01  -2.5328000e+01  -2.4894000e+01  -2.5427000e+01  -3.8650000e+01  -3.5071000e+01
  -2.7184000e+01  -2.7773000e+01  -2.6939000e+01  -2.7082000e+01  -4.0062000e+01  -3.3871000e+01
  -2.1554000e+01  -2.2027000e+01  -2.1300000e+01  -2.0964000e+01  -3.5614000e+01  -3.1972000e+01
  -2.0012000e+01  -2.2049000e+01  -2.0882000e+01  -2.1110000e+01  -3.6988000e+01  -3.6077000e+01
  -2.2683000e+01  -2.3952000e+01  -2.3378000e+01  -2.3744000e+01  -3.5092000e+01  -3.3684000e+01
  -2.4340000e+01  -2.4159000e+01  -2.4320000e+01  -2.4396000e+01  -3.1308000e+01  -3.3165000e+01
  -2.2441000e+01  -2.2116000e+01  -2.2558000e+01  -2.2339000e+01  -2.5525000e+01  -3.1862000e+01
  -2.0589000e+01  -1.9905000e+01  -2.0557000e+01  -2.0899000e+01  -1.8126000e+01  -2.2355000e+01
  -1.8348000e+01  -1.8107000e+01  -1.8862000e+01  -1.9520000e+01  -1.4617000e+01  -1.2460000e+01
  -1.1615000e+01  -1.0762000e+01  -1.1143000e+01  -1.0819000e+01  -1.1985000e+01  -1.2295000e+01
  -1.5010000e+01  -1.7797000e+01  -1.6180000e+01  -1.6576000e+01  -1.3868000e+01  -1.5506000e+01
  -6.9082000e+00  -8.7417000e+00  -8.0239000e+00  -9.7256000e+00  -1.3287000e+01  -1.1216000e+01
  -4.7584000e-01  -7.8385000e-01   3.4383000e-01   4.7676000e-03  -9.6895000e+00  -8.4750000e+00
  -4.6696000e-01  -4.2234000e-01  -3.2692000e-01  -2.0802000e-01  -3.9179000e+00  -1.1432000e+00
   2.2270000e+01   2.4648000e+01   2.4273000e+01   2.3743000e+01   2.4702000e+01   2.7721000e+01
   4.4401000e+01   4.5458000e+01   4.4941000e+01   4.4837000e+01   4.6948000e+01   5.0366000e+01
   5.3332000e+01   5.3206000e+01   5.1403000e+01   5.1569000e+01   5.8660000e+01   6.1291000e+01
   5.6617000e+01   5.6231000e+01   5.6911000e+01   5.6740000e+01   6.5079000e+01   6.4914000e+01
   5.5636000e+01   5.5983000e+01   5.6067000e+01   5.6518000e+01   6.3378000e+01   6.4952000e+01
   6.5176000e+01   6.6802000e+01   6.6994000e+01   6.7975000e+01   7.2412000e+01   7.4002000e+01
   8.0180000e+01   8.0314000e+01   8.0493000e+01   8.1793000e+01   8.6808000e+01   8.6625000e+01
   9.9436000e+01   1.0242000e+02   1.0241000e+02   1.0329000e+02   1.0680000e+02   1.0666000e+02
   1.0981000e+02   1.1316000e+02   1.1358000e+02   1.1512000e+02   1.1378000e+02   1.1446000e+02
   1.1177000e+02   1.1569000e+02   1.1594000e+02   1.1782000e+02   1.1494000e+02   1.1434000e+02
   1.1579000e+02   1.1919000e+02   1.2028000e+02   1.2223000e+02   1.1587000e+02   1.1773000e+02
   1.1994000e+02   1.2403000e+02   1.2465000e+02   1.2658000e+02   1.1820000e+02   1.2188000e+02
   1.2833000e+02   1.3309000e+02   1.3375000e+02   1.3580000e+02   1.2771000e+02   1.3207000e+02
   1.4532000e+02   1.4720000e+02   1.4771000e+02   1.5119000e+02   1.4070000e+02   1.4289000e+02
   1.5382000e+02   1.5749000e+02   1.5823000e+02   1.5941000e+02   1.4575000e+02   1.4707000e+02
   1.5771000e+02   1.6200000e+02   1.6164000e+02   1.6421000e+02   1.4700000e+02   1.4850000e+02
   1.5715000e+02   1.6190000e+02   1.6055000e+02   1.6196000e+02   1.4383000e+02   1.4294000e+02
   1.5970000e+02   1.6267000e+02   1.6334000e+02   1.6565000e+02   1.4520000e+02   1.4241000e+02
   1.6450000e+02   1.6877000e+02   1.6874000e+02   1.6984000e+02   1.3837000e+02   1.3964000e+02
   1.7135000e+02   1.7426000e+02   1.7230000e+02   1.7606000e+02   1.3654000e+02   1.3789000e+02
   1.8077000e+02   1.7865000e+02   1.7841000e+02   1.8133000e+02   1.3708000e+02   1.3913000e+02
   1.8273000e+02   1.8703000e+02   1.8055000e+02   1.8139000e+02   1.2806000e+02   1.2936000e+02
   1.8074000e+02   1.7708000e+02   1.7900000e+02   1.8283000e+02   1.1440000e+02   1.1765000e+02
   1.7374000e+02   1.7770000e+02   1.7756000e+02   1.7892000e+02   1.0319000e+02   1.0504000e+02
   1.4975000e+02   1.4760000e+02   1.4598000e+02   1.5190000e+02   7.0336000e+01   7.4073000e+01
   1.2895000e+02   1.2610000e+02   1.2404000e+02   1.2387000e+02   3.5990000e+01   4.4511000e+01
   9.9323000e+01   1.0909000e+02   1.0710000e+02   1.1105000e+02   1.3020000e+01   2.3369000e+01
   9.3872000e+01   9.2687000e+01   9.4124000e+01   9.7539000e+01   4.1284000e+00   6.6684000e-01
   9.1646000e+01   9.2332000e+01   9.0997000e+01   9.1447000e+01  -1.5252000e+01  -1.0607000e+01
   5.4540000e+01   4.2118000e+01   4.6167000e+01   4.8894000e+01  -3.1587000e+01  -1.5695000e+01
   1.2116000e+02   8.7001000e+01   1.0606000e+02   8.5683000e+01  -6.2892000e+01  -3.7183000e+01
   9.8366000e+01   1.0853000e+02   1.1199000e+02   1.2217000e+02  -8.0542000e+01  -4.7920000e+01
   7.1058000e+01   9.0197000e+01   7.8762000e+01   8.1383000e+01  -9.3456000e+01  -5.6399000e+01
   4.0582000e+01   4.3477000e+01   4.0766000e+01   4.3445000e+01  -8.0709000e+01  -3.8366000e+01
   1.3565000e+01   1.5632000e+01   2.1936000e+01   2.9520000e+01  -9.9257000e+01  -8.7577000e+01
   2.1804000e+01   2.1937000e+01   2.0575000e+01   2.1614000e+01  -4.7844000e+01  -1.0330000e+02
   4.1267000e+01   2.0500000e+01   2.6987000e+01   2.0122000e+01  -8.3995000e+01  -9.3277000e+01
   6.8239000e+01   3.0892000e+01   3.9781000e+01   1.9340000e+01  -1.0520000e+02  -1.4533000e+02
  -1.0373000e+01  -4.5742000e+00  -2.5562000e+00  -1.5316000e+00  -1.4222000e+02  -1.4748000e+02
  -3.4566000e+00   1.4999000e+00   4.1872000e+00   9.5201000e+00  -1.3163000e+02  -1.3938000e+02
   1.3613000e+01   1.3667000e+01   1.5712000e+01   1.8881000e+01  -1.4392000e+02  -1.5047000e+02
   4.0920000e+01   4.8510000e+01   4.3758000e+01   4.6046000e+01  -1.5695000e+02  -1.3045000e+02
   1.3911000e+01   1.6542000e+01   2.1659000e+01   2.9847000e+01  -1.1721000e+02  -1.4804000e+02
   1.1293000e+01   9.2218000e+00   8.9770000e+00   1.0656000e+01  -1.5500000e+02  -9.9497000e+01
  -2.7179000e+01  -2.8508000e+01  -2.7947000e+01  -2.5593000e+01  -1.4389000e+02  -1.2885000e+02
  -4.3515000e+01  -4.0997000e+01  -4.3843000e+01  -4.3646000e+01  -1.1554000e+02  -1.1953000e+02
  -1.3021000e+01  -2.3454000e+01  -1.9296000e+01  -2.5146000e+01  -1.5501000e+02  -1.5605000e+02
  -1.9230000e+01  -9.9121000e+00  -1.2877000e+01  -8.6279000e+00  -1.5847000e+02  -1.7033000e+02
   1.8430000e+01   2.8559000e+01   2.7347000e+01   3.4850000e+01  -7.6045000e+01  -3.7456000e+01
   4.5668000e+01   3.9540000e+01   3.8184000e+01   3.4822000e+01  -5.7076000e+01  -2.4289000e+01
   9.0202000e+01   8.3068000e+01   8.0713000e+01   6.9958000e+01  -2.1391000e+01  -4.1763000e+01
   9.8736000e+01   1.0899000e+02   1.0474000e+02   1.0333000e+02  -3.4732000e+01  -5.6894000e+01
   8.5040000e+01   9.0962000e+01   9.0317000e+01   9.2164000e+01  -3.4954000e+01  -4.9457000e+01
   8.7841000e+01   9.0651000e+01   8.7857000e+01   9.0040000e+01  -2.4842000e+01  -4.0758000e+01
   7.6515000e+01   8.1224000e+01   7.9928000e+01   8.1537000e+01  -8.4752000e+00  -2.3269000e+01
   9.5155000e+01   9.4977000e+01   9.0584000e+01   8.9697000e+01  -1.5373000e+01  -2.3683000e+01
   1.0890000e+02   1.1517000e+02   1.1385000e+02   1.1589000e+02  -3.0822000e+00  -2.3961000e+00
   8.0099000e+01   8.3326000e+01   8.6152000e+01   8.9369000e+01   1.1775000e+01   7.4456000e+00
   1.0876000e+02   1.1297000e+02   1.1542000e+02   1.1902000e+02   1.4690000e+01   1.0236000e+01
   1.1004000e+02   1.1186000e+02   1.1052000e+02   1.1269000e+02   3.0495000e+01   1.1730000e+01
   1.2680000e+02   1.3086000e+02   1.2074000e+02   1.1807000e+02   5.4670000e+01   3.9015000e+01
   1.1960000e+02   1.2827000e+02   1.2500000e+02   1.2634000e+02   6.1658000e+01   6.1560000e+01
   1.3666000e+02   1.3919000e+02   1.3885000e+02   1.3913000e+02   3.9668000e+01   5.6759000e+01
   1.5592000e+02   1.6314000e+02   1.6222000e+02   1.6607000e+02   5.1932000e+01   6.4858000e+01
   1.5800000e+02   1.6002000e+02   1.6016000e+02   1.6153000e+02   9.8892000e+01   1.0013000e+02
   1.6242000e+02   1.6281000e+02   1.6432000e+02   1.6767000e+02   1.0097000e+02   1.0846000e+02
   1.5500000e+02   1.6448000e+02   1.6077000e+02   1.6510000e+02   1.0720000e+02   9.5336000e+01
   1.7234000e+02   1.7334000e+02   1.7539000e+02   1.7835000e+02   1.1584000e+02   1.1530000e+02
   1.7631000e+02   1.7593000e+02   1.7882000e+02   1.7920000e+02   1.1442000e+02   1.1390000e+02
   1.9166000e+02   1.9476000e+02   1.9251000e+02   1.9292000e+02   1.3912000e+02   1.3246000e+02
   2.0315000e+02   2.0522000e+02   2.0151000e+02   2.0012000e+02   1.4727000e+02   1.5038000e+02
   2.1131000e+02   2.1280000e+02   2.1361000e+02   2.1527000e+02   1.5126000e+02   1.6102000e+02
   1.7464000e+02   1.7693000e+02   1.7410000e+02   1.7496000e+02   1.2876000e+02   1.2486000e+02
   1.2893000e+02   1.3591000e+02   1.3239000e+02   1.3551000e+02   1.1005000e+02   9.8754000e+01
   1.1163000e+02   1.1447000e+02   1.1213000e+02   1.1207000e+02   1.0854000e+02   9.1108000e+01
   1.2888000e+02   1.2815000e+02   1.2817000e+02   1.2753000e+02   1.0313000e+02   9.6860000e+01
   1.5747000e+02   1.5982000e+02   1.5833000e+02   1.5818000e+02   1.0556000e+02   1.0020000e+02
   1.4585000e+02   1.4749000e+02   1.4703000e+02   1.4868000e+02   9.4803000e+01   9.6256000e+01
   1.2604000e+02   1.2515000e+02   1.2506000e+02   1.2266000e+02   7.0221000e+01   7.1221000e+01
   8.9753000e+01   9.2135000e+01   9.0005000e+01   9.0623000e+01   3.0641000e+01   2.9535000e+01
   8.0579000e+01   7.9546000e+01   7.7623000e+01   7.5517000e+01   8.0433000e+00   5.6017000e+00
   7.1601000e+01   7.5466000e+01   7.3978000e+01   7.4914000e+01   1.4368000e+01   1.1101000e+01
   5.7672000e+01   6.0405000e+01   5.9060000e+01   5.9776000e+01   1.2842000e+01   9.5178000e+00
   5.6586000e+01   5.8640000e+01   5.7690000e+01   5.9277000e+01  -5.2225000e+00  -1.1576000e+00
   6.2868000e+01   6.3387000e+01   6.3315000e+01   6.3827000e+01  -2.2519000e+00  -1.6119000e+00
   5.2362000e+01   5.5234000e+01   5.3574000e+01   5.3566000e+01  -6.1386000e+00  -3.8123000e+00
   4.8513000e+01   4.7170000e+01   4.9071000e+01   4.8559000e+01  -1.9627000e+00   1.7284000e+00
   3.8245000e+01   4.2471000e+01   4.1512000e+01   4.4297000e+01   2.0196000e+00   2.5937000e+00
   3.8915000e+01   4.2325000e+01   3.9766000e+01   4.0024000e+01   1.7723000e+00   5.4614000e+00
   5.0364000e+01   5.3637000e+01   5.0195000e+01   5.1189000e+01   1.5708000e+01   1.5214000e+01
   5.5083000e+01   5.8167000e+01   5.5187000e+01   5.5183000e+01   1.7565000e+01   2.1458000e+01
   6.3789000e+01   6.5608000e+01   6.5138000e+01   6.5904000e+01   1.7371000e+01   1.9593000e+01
   5.9834000e+01   6.1063000e+01   6.0730000e+01   6.2637000e+01   1.4675000e+01   1.2940000e+01
   6.1997000e+01   6.2866000e+01   6.1780000e+01   6.1654000e+01   1.6494000e+01   1.3779000e+01
   6.4213000e+01   6.5152000e+01   6.3647000e+01   6.4942000e+01   2.0391000e+01   2.3063000e+01
   6.2658000e+01   6.4415000e+01   6.3669000e+01   6.2866000e+01   2.5381000e+01   3.2977000e+01
   7.3913000e+01   7.7143000e+01   7.7273000e+01   7.9411000e+01   6.1407000e+01   6.0872000e+01
   1.0272000e+02   1.0296000e+02   1.0125000e+02   1.0065000e+02   7.9080000e+01   7.7555000e+01
   1.4188000e+02   1.4227000e+02   1.4120000e+02   1.4021000e+02   8.1862000e+01   8.1753000e+01
   1.4110000e+02   1.4087000e+02   1.4002000e+02   1.3983000e+02   7.8518000e+01   8.0194000e+01
   1.1085000e+02   1.1052000e+02   1.1167000e+02   1.1142000e+02   6.6832000e+01   6.9453000e+01
   1.2858000e+02   1.2662000e+02   1.2432000e+02   1.2223000e+02   7.5365000e+01   7.6340000e+01
   1.4628000e+02   1.4605000e+02   1.4286000e+02   1.4084000e+02   8.7733000e+01   8.7675000e+01
   1.6555000e+02   1.6410000e+02   1.6466000e+02   1.6420000e+02   1.2187000e+02   1.2232000e+02
   2.0968000e+02   2.0729000e+02   2.0678000e+02   2.0654000e+02   1.4855000e+02   1.4234000e+02
   1.9794000e+02   1.9951000e+02   2.0018000e+02   2.0344000e+02   1.3650000e+02   1.4577000e+02
   1.6523000e+02   1.5987000e+02   1.6333000e+02   1.6298000e+02   1.2296000e+02   1.2712000e+02
   1.6393000e+02   1.6453000e+02   1.5970000e+02   1.5839000e+02   1.1974000e+02   1.2052000e+02
   1.7123000e+02   1.7997000e+02   1.7335000e+02   1.7571000e+02   1.2148000e+02   1.1919000e+02
   1.7585000e+02   1.8679000e+02   1.7558000e+02   1.7760000e+02   1.2558000e+02   1.2231000e+02
   1.9487000e+02   2.0441000e+02   1.9407000e+02   1.9605000e+02   1.2260000e+02   1.2011000e+02
   2.0169000e+02   2.0783000e+02   2.0320000e+02   2.0697000e+02   1.2198000e+02   1.2413000e+02
   2.0898000e+02   2.0937000e+02   2.0700000e+02   2.0735000e+02   1.0422000e+02   1.0811000e+02
   2.1819000e+02   2.2018000e+02   2.1826000e+02   2.1945000e+02   9.5505000e+01   9.3158000e+01
   2.0844000e+02   2.0859000e+02   2.0983000e+02   2.1580000e+02   9.9065000e+01   1.0237000e+02
   1.9621000e+02   2.0012000e+02   1.9159000e+02   1.9085000e+02   7.5436000e+01   7.5985000e+01
   2.0276000e+02   2.0863000e+02   2.0713000e+02   2.1133000e+02   5.4079000e+01   6.1704000e+01
   1.7176000e+02   1.7338000e+02   1.7549000e+02   1.8130000e+02   2.3576000e+01   4.5985000e+01
   1.0036000e+02   1.0563000e+02   1.0712000e+02   1.1656000e+02   1.0306000e+01   2.4912000e+01
   1.7092000e+02   1.7896000e+02   1.7025000e+02   1.6788000e+02   6.7762000e+01   2.1524000e+01
   1.4946000e+02   1.4875000e+02   1.4714000e+02   1.4691000e+02  -3.5663000e+01  -1.6279000e+01
   1.3291000e+02   1.1220000e+02   1.1460000e+02   1.1712000e+02  -6.8014000e+01  -4.5691000e+01
   1.4109000e+02   1.4918000e+02   1.4573000e+02   1.4921000e+02  -8.8297000e+01  -1.0080000e+02
   1.3005000e+02   1.3701000e+02   1.3127000e+02   1.3152000e+02  -1.1283000e+02  -1.0238000e+02
   1.4930000e+02   1.5178000e+02   1.2865000e+02   1.2011000e+02  -7.7640000e+01  -6.1386000e+01
   1.1544000e+02   1.1191000e+02   1.2039000e+02   1.2635000e+02  -3.7049000e+01  -9.6515000e+01
   1.1579000e+02   1.3759000e+02   1.3068000e+02   1.4077000e+02  -1.5239000e+02  -1.0112000e+02
   3.8343000e+01   4.1988000e+01   3.5077000e+01   3.2872000e+01  -4.9563000e+01  -3.6305000e+01
   1.7637000e+01   2.6606000e+01   3.2976000e+01   4.1708000e+01  -8.6109000e+01  -1.1696000e+02
   3.1279000e+01   3.9229000e+01   3.6742000e+01   3.8482000e+01  -1.4655000e+02  -1.3911000e+02
   3.4809000e+01   3.8040000e+01   3.4821000e+01   3.0731000e+01  -6.4814000e+01  -4.8545000e+01
   2.1397000e+00   3.5045000e+00   2.9412000e+00   3.7315000e+00  -6.4990000e+01  -1.4503000e+01
  -3.6283000e+00   9.3667000e+00   1.9070000e+00   7.2912000e+00  -1.2066000e+02  -1.2820000e+02
  -1.4068000e+01  -3.2240000e+00  -6.4445000e+00   2.8622000e+00  -7.9569000e+01  -1.5858000e+02
   3.6207000e+00   2.0708000e+01   2.0222000e+01   3.1017000e+01  -1.4899000e+02  -1.3322000e+02
   1.4644000e+01   1.1814000e+01   1.1074000e+01   1.1389000e+01  -1.0422000e+02  -1.0761000e+02
   1.4955000e+01   1.4788000e+01   8.7124000e+00   8.7117000e+00  -1.5508000e+02  -1.3154000e+02
   1.4519000e+00   1.6459000e+01   5.7238000e+00   7.1537000e+00  -1.1842000e+02  -9.4707000e+01
  -2.9131000e+01  -1.9480000e+01  -2.8345000e+01  -2.9676000e+01  -9.6424000e+01  -9.4074000e+01
   3.1246000e+00  -5.8018000e+00  -9.4323000e+00  -1.3983000e+01  -1.6396000e+02  -1.5632000e+02
  -1.5244000e+01  -1.8857000e+01  -1.3668000e+01  -1.4629000e+01  -1.7045000e+02  -1.8249000e+02
  -1.4527000e+00   3.1306000e+00   1.5397000e+00   6.8296000e+00  -2.1768000e+02  -2.3851000e+02
  -6.2137000e+01  -5.1196000e+01  -5.3332000e+01  -4.5626000e+01  -1.9474000e+02  -1.7169000e+02
  -8.1624000e+01  -8.3046000e+01  -8.4287000e+01  -8.4686000e+01  -1.4210000e+02  -1.4972000e+02
  -3.2601000e+01  -2.7854000e+01  -3.1813000e+01  -2.9179000e+01  -1.1634000e+02  -1.4726000e+02
  -3.0286000e+01  -3.1558000e+01  -2.5452000e+01  -2.4213000e+01  -1.2296000e+02  -8.6905000e+01
   1.4736000e+01   9.1650000e+00   1.0441000e+01   1.0164000e+01  -3.5696000e+01  -7.4325000e+00
   1.8562000e+01   2.2100000e+01   1.6383000e+01   1.5780000e+01  -3.9616000e+01  -7.3264000e+01
   3.6768000e+01   3.7052000e+01   3.3564000e+01   3.0403000e+01  -8.7916000e+01  -7.7794000e+01
   7.2604000e+01   6.5281000e+01   6.6762000e+01   6.2220000e+01  -7.5282000e+01  -4.9641000e+01
   1.2413000e+02   1.2541000e+02   1.2162000e+02   1.2075000e+02  -1.7386000e+00  -2.7321000e+01
   6.1276000e+01   6.8977000e+01   6.5120000e+01   6.7350000e+01  -3.7093000e+01  -1.4767000e+01
   1.1121000e+02   1.1023000e+02   1.0604000e+02   1.0612000e+02  -7.1852000e+00  -7.9702000e-01
   1.3187000e+02   1.2903000e+02   1.2653000e+02   1.2456000e+02   3.6431000e+01   1.8357000e+01
   1.3448000e+02   1.3651000e+02   1.3323000e+02   1.3312000e+02  -1.7638000e+01  -1.7530000e+01
   1.1245000e+02   1.1522000e+02   1.1344000e+02   1.1284000e+02  -5.4765000e+00   5.0157000e+00
   1.1622000e+02   1.0924000e+02   1.1201000e+02   1.1080000e+02   2.7146000e+01   2.3776000e+01
   1.3952000e+02   1.3715000e+02   1.3497000e+02   1.3247000e+02   5.5869000e+01   4.6031000e+01
   1.5119000e+02   1.5838000e+02   1.5217000e+02   1.5330000e+02   7.4765000e+01   7.2502000e+01
   1.3809000e+02   1.3962000e+02   1.3657000e+02   1.3660000e+02   9.4061000e+01   8.4965000e+01
   1.1441000e+02   1.1893000e+02   1.1871000e+02   1.1966000e+02   7.7421000e+01   5.9818000e+01
   1.3967000e+02   1.3660000e+02   1.3850000e+02   1.3768000e+02   6.3581000e+01   3.8458000e+01
   1.4021000e+02   1.4596000e+02   1.4084000e+02   1.4137000e+02   6.4163000e+01   6.0096000e+01
   1.2200000e+02   1.2527000e+02   1.2425000e+02   1.2481000e+02   6.9417000e+01   7.0701000e+01
   1.2414000e+02   1.2779000e+02   1.2457000e+02   1.2589000e+02   7.7680000e+01   7.5073000e+01
   1.0579000e+02   1.1372000e+02   1.1036000e+02   1.1286000e+02   9.9634000e+01   9.2216000e+01
   1.1608000e+02   1.0576000e+02   1.0694000e+02   1.0490000e+02   1.1084000e+02   9.4419000e+01
   1.4279000e+02   1.4688000e+02   1.4115000e+02   1.3921000e+02   1.0654000e+02   8.6545000e+01
   9.1961000e+01   9.2108000e+01   8.8366000e+01   8.6467000e+01   5.9276000e+01   5.9817000e+01
   5.4671000e+01   6.2616000e+01   5.7880000e+01   5.6921000e+01   1.5560000e+01   1.7922000e+01
   3.3750000e+01   3.3534000e+01   3.1379000e+01   3.1278000e+01   1.5269000e+01   1.5888000e+01
   3.2048000e+01   3.2470000e+01   3.1816000e+01   2.8408000e+01   2.8393000e+01   2.3748000e+01
   2.3701000e+01   2.9523000e+01   2.7129000e+01   2.6387000e+01   2.8132000e+01   2.6531000e+01
   1.3366000e+01   1.7281000e+01   1.3700000e+01   1.4130000e+01   1.7335000e+01   1.4513000e+01
  -4.0926000e+00   3.1542000e+00   1.9067000e+00  -2.4194000e+00   1.0789000e+00  -1.6927000e+00
  -3.8149000e+01  -3.9899000e+01  -3.6054000e+01  -2.9620000e+01  -2.1519000e+01  -2.6544000e+01
  -5.5547000e+01  -5.5655000e+01  -5.7131000e+01  -5.5620000e+01  -3.6003000e+01  -4.3772000e+01
  -5.0847000e+01  -5.6660000e+01  -6.1301000e+01  -6.3373000e+01  -4.3852000e+01  -5.3223000e+01
  -5.9658000e+01  -5.9832000e+01  -6.1064000e+01  -6.5572000e+01  -5.9543000e+01  -6.5559000e+01
  -7.1455000e+01  -6.5819000e+01  -7.2037000e+01  -7.3189000e+01  -7.3871000e+01  -7.1220000e+01
  -7.3313000e+01  -7.1901000e+01  -7.4529000e+01  -7.5007000e+01  -7.6182000e+01  -7.7045000e+01
  -8.6892000e+01  -9.1264000e+01  -8.9634000e+01  -9.3052000e+01  -8.3217000e+01  -8.4411000e+01
  -8.7493000e+01  -9.1279000e+01  -9.0154000e+01  -9.1477000e+01  -9.5182000e+01  -1.0191000e+02
  -1.0283000e+02  -9.9272000e+01  -9.9647000e+01  -9.8244000e+01  -1.2454000e+02  -1.1209000e+02
  -9.6550000e+01  -9.5458000e+01  -9.9296000e+01  -9.9083000e+01  -1.4077000e+02  -1.2906000e+02
  -9.3855000e+01  -9.4254000e+01  -9.5423000e+01  -9.5901000e+01  -1.4951000e+02  -1.4751000e+02
  -8.9011000e+01  -8.5484000e+01  -8.7608000e+01  -8.8039000e+01  -1.4880000e+02  -1.5087000e+02
  -8.3980000e+01  -8.3291000e+01  -8.3887000e+01  -8.3924000e+01  -1.3823000e+02  -1.3512000e+02
  -9.0867000e+01  -9.0674000e+01  -9.1393000e+01  -9.1727000e+01  -1.3292000e+02  -1.4194000e+02
  -9.4537000e+01  -9.4345000e+01  -9.4748000e+01  -9.5090000e+01  -1.2916000e+02  -1.3571000e+02
  -9.7992000e+01  -9.7199000e+01  -9.7771000e+01  -9.7686000e+01  -1.2826000e+02  -1.3904000e+02
  -1.0140000e+02  -9.9556000e+01  -1.0304000e+02  -1.0277000e+02  -1.2848000e+02  -1.3580000e+02
  -6.7891000e+01  -6.9411000e+01  -7.1453000e+01  -7.2672000e+01  -9.7293000e+01  -9.9500000e+01
  -4.4754000e+01  -4.4475000e+01  -4.3696000e+01  -4.4758000e+01  -7.2478000e+01  -7.7450000e+01
  -5.0088000e+01  -5.1731000e+01  -4.8826000e+01  -4.7505000e+01  -6.2761000e+01  -7.1172000e+01
  -5.8712000e+01  -6.1637000e+01  -5.9895000e+01  -5.8452000e+01  -6.8411000e+01  -6.9114000e+01
  -6.0551000e+01  -6.1316000e+01  -6.3583000e+01  -6.5164000e+01  -8.4800000e+01  -8.0174000e+01
  -5.5773000e+01  -5.5682000e+01  -5.6630000e+01  -5.6270000e+01  -9.3368000e+01  -8.7789000e+01
  -5.6829000e+01  -5.7448000e+01  -5.7220000e+01  -5.6623000e+01  -8.4955000e+01  -8.6553000e+01
  -4.3857000e+01  -4.7566000e+01  -4.8219000e+01  -5.2089000e+01  -7.2377000e+01  -6.8387000e+01
  -3.4233000e+01  -3.4348000e+01  -3.5084000e+01  -3.5168000e+01  -6.9075000e+01  -6.9132000e+01
  -3.9307000e+01  -3.8518000e+01  -3.9099000e+01  -3.8635000e+01  -7.8301000e+01  -7.7839000e+01
  -4.5804000e+01  -4.5900000e+01  -4.5709000e+01  -4.5023000e+01  -8.7359000e+01  -8.5892000e+01
  -4.1033000e+01  -4.0290000e+01  -4.1533000e+01  -4.0588000e+01  -9.5745000e+01  -9.6089000e+01
  -4.7669000e+01  -4.7586000e+01  -4.9246000e+01  -4.8479000e+01  -1.1065000e+02  -1.0857000e+02
  -5.3046000e+01  -5.1189000e+01  -5.2290000e+01  -5.0994000e+01  -1.2628000e+02  -1.1888000e+02
  -5.8125000e+01  -5.7797000e+01  -6.0633000e+01  -5.8572000e+01  -1.3491000e+02  -1.2709000e+02
  -6.7755000e+01  -6.2759000e+01  -6.4182000e+01  -6.0696000e+01  -1.4254000e+02  -1.3612000e+02
  -7.7022000e+01  -8.2085000e+01  -8.2315000e+01  -8.3356000e+01  -1.5913000e+02  -1.5139000e+02
  -1.0054000e+02  -9.8388000e+01  -9.7149000e+01  -9.4490000e+01  -1.7118000e+02  -1.6638000e+02
  -1.2359000e+02  -1.3019000e+02  -1.2544000e+02  -1.2097000e+02  -1.9306000e+02  -1.8533000e+02
  -1.6297000e+02  -1.6069000e+02  -1.5793000e+02  -1.5253000e+02  -2.2562000e+02  -2.0980000e+02
  -1.6138000e+02  -1.6108000e+02  -1.6197000e+02  -1.5909000e+02  -2.4291000e+02  -2.3293000e+02
  -1.7969000e+02  -1.7930000e+02  -1.7362000e+02  -1.6674000e+02  -2.6881000e+02  -2.5456000e+02
  -2.1768000e+02  -2.1005000e+02  -2.1013000e+02  -2.0518000e+02  -2.8551000e+02  -2.7376000e+02
  -2.1439000e+02  -2.5533000e+02  -2.4036000e+02  -2.4603000e+02  -2.9307000e+02  -2.8529000e+02
  -2.7095000e+02  -2.7403000e+02  -2.7451000e+02  -2.7214000e+02  -3.1637000e+02  -3.1630000e+02
  -3.1758000e+02  -3.1409000e+02  -3.0614000e+02  -2.9155000e+02  -3.1682000e+02  -3.7029000e+02
  -3.4670000e+02  -3.4371000e+02  -3.2814000e+02  -3.1192000e+02  -2.5434000e+02  -3.7270000e+02
  -3.6410000e+02  -3.7047000e+02  -3.6313000e+02  -3.5973000e+02  -2.6945000e+02  -2.4960000e+02
  -4.1372000e+02  -4.0688000e+02  -3.9472000e+02  -3.8282000e+02  -2.8539000e+02  -3.7992000e+02
  -4.8770000e+02  -4.7159000e+02  -4.5898000e+02  -4.4671000e+02  -3.1933000e+02  -2.5650000e+02
  -4.5811000e+02  -5.1903000e+02  -4.8310000e+02  -5.1725000e+02  -2.4926000e+02  -2.4411000e+02
  -4.5744000e+02  -4.4617000e+02  -4.9253000e+02  -5.3179000e+02  -2.4129000e+02  -2.9220000e+02
  -4.9731000e+02  -4.6588000e+02  -4.9275000e+02  -4.8154000e+02  -2.6179000e+02  -3.2213000e+02
  -3.7173000e+02  -3.9774000e+02  -4.4438000e+02  -4.8862000e+02  -2.7105000e+02  -3.2163000e+02
  -3.6756000e+02  -3.6446000e+02  -3.7954000e+02  -3.6389000e+02  -2.9112000e+02  -3.3132000e+02
  -3.5604000e+02  -3.6090000e+02  -3.6709000e+02  -3.7919000e+02  -2.9163000e+02  -3.2581000e+02
  -3.5293000e+02  -3.3738000e+02  -3.4551000e+02  -3.4300000e+02  -2.6676000e+02  -2.9550000e+02
  -3.0061000e+02  -2.8340000e+02  -3.0631000e+02  -3.0655000e+02  -2.2384000e+02  -2.5714000e+02
  -3.2310000e+02  -3.1192000e+02  -3.2892000e+02  -3.4150000e+02  -2.0237000e+02  -2.4567000e+02
  -3.2143000e+02  -3.4147000e+02  -3.4508000e+02  -3.5599000e+02  -2.0604000e+02  -2.4461000e+02
  -2.7836000e+02  -2.9517000e+02  -2.9016000e+02  -2.9685000e+02  -2.1849000e+02  -2.5304000e+02
  -2.9922000e+02  -3.1546000e+02  -3.1848000e+02  -3.2859000e+02  -2.1320000e+02  -2.5810000e+02
  -3.8068000e+02  -3.8519000e+02  -3.9192000e+02  -3.9944000e+02  -2.4391000e+02  -2.8351000e+02
  -3.9165000e+02  -4.0278000e+02  -4.0776000e+02  -4.1774000e+02  -2.1159000e+02  -2.1850000e+02
  -3.8905000e+02  -3.8929000e+02  -4.0307000e+02  -4.1174000e+02  -1.9529000e+02  -2.2683000e+02
  -4.6347000e+02  -4.5753000e+02  -4.6259000e+02  -4.6394000e+02  -2.0284000e+02  -2.2119000e+02
  -3.0680000e+02  -3.2446000e+02  -3.1906000e+02  -3.2870000e+02  -1.8023000e+02  -1.8092000e+02
  -3.2191000e+02  -3.2742000e+02  -3.4059000e+02  -3.4860000e+02  -1.1932000e+02  -1.3874000e+02
  -3.2028000e+02  -3.4210000e+02  -3.3928000e+02  -3.4926000e+02  -9.9954000e+01  -1.3852000e+02
  -2.7373000e+02  -2.9005000e+02  -2.9081000e+02  -3.0390000e+02  -8.3964000e+01  -1.0470000e+02
  -2.6960000e+02  -2.7972000e+02  -2.8405000e+02  -2.9346000e+02  -8.8354000e+01  -1.0048000e+02
  -2.6815000e+02  -2.7180000e+02  -2.8356000e+02  -2.9630000e+02  -4.4641000e+01  -6.2599000e+01
  -2.7264000e+02  -2.8213000e+02  -2.8661000e+02  -2.9549000e+02  -4.9930000e+01  -6.5456000e+01
  -2.3100000e+02  -2.4808000e+02  -2.4412000e+02  -2.5302000e+02  -2.5876000e+01  -4.3751000e+01
  -1.8041000e+02  -1.8990000e+02  -1.9104000e+02  -1.9753000e+02   5.5827000e+00  -5.5996000e+00
  -1.3376000e+02  -1.4326000e+02  -1.4893000e+02  -1.5830000e+02   2.9369000e+01   1.6318000e+01
  -1.2675000e+02  -1.3301000e+02  -1.3854000e+02  -1.4572000e+02   5.5180000e+01   4.8293000e+01
  -1.1004000e+02  -1.1714000e+02  -1.2131000e+02  -1.2721000e+02   5.9720000e+01   5.6176000e+01
  -9.1356000e+01  -9.9410000e+01  -1.0301000e+02  -1.0978000e+02   8.3445000e+01   7.4465000e+01
  -9.1743000e+01  -1.0073000e+02  -1.0129000e+02  -1.0900000e+02   9.4068000e+01   7.3253000e+01
  -8.7438000e+01  -9.6661000e+01  -9.5570000e+01  -1.0107000e+02   9.5679000e+01   8.0338000e+01
  -7.2346000e+01  -8.8115000e+01  -8.8565000e+01  -9.6594000e+01   1.0049000e+02   8.6347000e+01
  -6.8892000e+01  -7.6412000e+01  -7.7122000e+01  -8.1952000e+01   1.0114000e+02   8.6782000e+01
  -5.8047000e+01  -6.5619000e+01  -6.7021000e+01  -7.3039000e+01   9.8914000e+01   7.9237000e+01
  -8.8015000e+01  -8.9518000e+01  -9.2264000e+01  -9.3842000e+01   8.6982000e+01   7.4903000e+01
  -9.9595000e+01  -1.0810000e+02  -1.0657000e+02  -1.1033000e+02   1.0522000e+02   8.2852000e+01
  -7.8022000e+01  -8.6072000e+01  -8.8753000e+01  -9.6679000e+01   9.8650000e+01   8.9197000e+01
  -7.4876000e+01  -8.1924000e+01  -8.1832000e+01  -8.4914000e+01   1.0211000e+02   8.8296000e+01
  -5.6663000e+01  -6.4786000e+01  -6.5090000e+01  -6.9783000e+01   1.0568000e+02   1.0161000e+02
  -5.0328000e+01  -5.8197000e+01  -5.8321000e+01  -6.2687000e+01   1.0957000e+02   1.0035000e+02
  -4.2753000e+01  -4.9456000e+01  -5.0834000e+01  -5.4833000e+01   1.1734000e+02   1.1532000e+02
  -4.1782000e+01  -5.1630000e+01  -5.1359000e+01  -5.6846000e+01   1.3131000e+02   1.2507000e+02
  -6.7928000e+01  -7.8079000e+01  -7.7235000e+01  -8.2814000e+01   1.0025000e+02   9.6697000e+01
  -8.8194000e+01  -9.7532000e+01  -9.6668000e+01  -1.0137000e+02   7.7123000e+01   7.1708000e+01
