  -2.2366000e+00  -2.1776000e+00  -2.1409000e+00  -2.0957000e+00  -1.7040000e-01  -1.0750000e-01
  -2.1636000e+00  -2.1098000e+00  -2.0809000e+00  -2.0383000e+00  -2.4520000e-01  -1.1860000e-01
  -2.0988000e+00  -2.0515000e+00  -2.0367000e+00  -2.0110000e+00  -3.0600000e-01  -1.2210000e-01
  -2.0611000e+00  -2.0502000e+00  -2.0444000e+00  -2.0488000e+00  -3.5370000e-01  -1.4250000e-01
  -2.0761000e+00  -2.0749000e+00  -2.0691000e+00  -2.0533000e+00  -3.8160000e-01  -1.6380000e-01
  -2.1006000e+00  -2.0625000e+00  -2.0694000e+00  -2.0558000e+00  -4.1850000e-01  -1.7320000e-01
  -2.0887000e+00  -2.0725000e+00  -2.0778000e+00  -2.0717000e+00  -4.6670000e-01  -1.8340000e-01
  -2.0923000e+00  -2.0826000e+00  -2.0872000e+00  -2.0811000e+00  -4.9710000e-01  -2.0070000e-01
  -2.0942000e+00  -2.0883000e+00  -2.0923000e+00  -2.0880000e+00  -5.0120000e-01  -2.3120000e-01
  -2.0931000e+00  -2.0913000e+00  -2.0959000e+00  -2.0921000e+00  -5.2460000e-01  -2.7530000e-01
  -2.0932000e+00  -2.0913000e+00  -2.0968000e+00  -2.0924000e+00  -5.5100000e-01  -2.9490000e-01
  -2.0948000e+00  -2.0887000e+00  -2.0966000e+00  -2.0900000e+00  -5.7440000e-01  -2.6060000e-01
  -2.0997000e+00  -2.0854000e+00  -2.0974000e+00  -2.0881000e+00  -5.6230000e-01  -1.9480000e-01
  -2.1049000e+00  -2.0797000e+00  -2.0941000e+00  -2.0832000e+00  -5.2400000e-01  -1.1540000e-01
  -2.1116000e+00  -2.0717000e+00  -2.0890000e+00  -2.0756000e+00  -4.5790000e-01  -3.9200000e-02
  -2.1128000e+00  -2.0645000e+00  -2.0851000e+00  -2.0720000e+00  -3.7780000e-01  -1.9000000e-03
  -2.1249000e+00  -2.0672000e+00  -2.0885000e+00  -2.0765000e+00  -4.0100000e-01  -6.1000000e-02
  -2.1347000e+00  -2.0742000e+00  -2.0890000e+00  -2.0786000e+00  -5.6510000e-01  -2.6410000e-01
  -2.1374000e+00  -2.0749000e+00  -2.0793000e+00  -2.0677000e+00  -5.2380000e-01  -1.7440000e-01
  -2.1033000e+00  -2.0623000e+00  -2.0516000e+00  -2.0516000e+00  -4.2740000e-01  -6.0800000e-02
  -2.0085000e+00  -2.0434000e+00  -1.9769000e+00  -1.9894000e+00  -1.6850000e-01   1.6640000e-01
  -1.8660000e+00  -1.9282000e+00  -1.8112000e+00  -1.8428000e+00   2.1840000e-01   5.0520000e-01
  -1.6370000e+00  -1.7405000e+00  -1.6087000e+00  -1.6695000e+00   6.4860000e-01   9.0120000e-01
  -1.3265000e+00  -1.5633000e+00  -1.3812000e+00  -1.4738000e+00   1.0584000e+00   1.3312000e+00
  -9.0980000e-01  -1.3287000e+00  -1.0532000e+00  -1.1674000e+00   1.3654000e+00   1.6226000e+00
  -4.1870000e-01  -9.4380000e-01  -6.1290000e-01  -7.6650000e-01   1.7014000e+00   1.9009000e+00
   5.9100000e-02  -4.8520000e-01  -1.5660000e-01  -3.3640000e-01   2.1030000e+00   2.2188000e+00
   5.2680000e-01  -2.4100000e-02   2.9300000e-01   1.1780000e-01   2.4820000e+00   2.5724000e+00
   1.0184000e+00   3.9020000e-01   7.3870000e-01   5.5430000e-01   2.7961000e+00   2.8862000e+00
   1.5095000e+00   8.2520000e-01   1.2259000e+00   1.0455000e+00   3.1140000e+00   3.2077000e+00
   1.9582000e+00   1.3225000e+00   1.6886000e+00   1.5021000e+00   3.2951000e+00   3.4402000e+00
   2.2821000e+00   1.7940000e+00   2.0848000e+00   1.9049000e+00   3.4399000e+00   3.6017000e+00
   2.5867000e+00   2.2450000e+00   2.4131000e+00   2.2734000e+00   3.6216000e+00   3.7361000e+00
   3.0406000e+00   2.6524000e+00   2.7829000e+00   2.6156000e+00   3.8516000e+00   3.8842000e+00
   3.5669000e+00   3.1018000e+00   3.2284000e+00   3.0079000e+00   4.0814000e+00   4.0759000e+00
   3.9702000e+00   3.6066000e+00   3.6751000e+00   3.4722000e+00   4.2900000e+00   4.2961000e+00
   4.2100000e+00   4.0188000e+00   3.9974000e+00   3.8921000e+00   4.4901000e+00   4.5244000e+00
   4.4407000e+00   4.2422000e+00   4.2296000e+00   4.2113000e+00   4.7015000e+00   4.7528000e+00
   4.6719000e+00   4.4451000e+00   4.4616000e+00   4.4812000e+00   4.9237000e+00   4.9769000e+00
   4.8712000e+00   4.6587000e+00   4.6764000e+00   4.7055000e+00   5.1382000e+00   5.1828000e+00
   5.0591000e+00   4.8500000e+00   4.8719000e+00   4.8848000e+00   5.3288000e+00   5.3660000e+00
   5.2550000e+00   5.0390000e+00   5.0659000e+00   5.0481000e+00   5.4898000e+00   5.5316000e+00
   5.4687000e+00   5.2648000e+00   5.2786000e+00   5.2439000e+00   5.6398000e+00   5.6766000e+00
   5.6371000e+00   5.4805000e+00   5.4676000e+00   5.4485000e+00   5.8017000e+00   5.8229000e+00
   5.7971000e+00   5.6319000e+00   5.6216000e+00   5.6180000e+00   5.9755000e+00   5.9866000e+00
   5.9927000e+00   5.7863000e+00   5.7873000e+00   5.7774000e+00   6.1490000e+00   6.1540000e+00
   6.1717000e+00   5.9627000e+00   5.9616000e+00   5.9327000e+00   6.3049000e+00   6.3086000e+00
   6.2612000e+00   6.1305000e+00   6.1081000e+00   6.0763000e+00   6.4362000e+00   6.4516000e+00
   6.3067000e+00   6.2391000e+00   6.1909000e+00   6.1772000e+00   6.5448000e+00   6.5785000e+00
   6.0775000e+00   6.2759000e+00   6.1867000e+00   6.2284000e+00   6.6410000e+00   6.6925000e+00
   5.3685000e+00   5.1199000e+00   5.1622000e+00   5.0335000e+00   6.7331000e+00   6.8065000e+00
   5.8946000e+00   5.6850000e+00   5.7472000e+00   5.6764000e+00   6.8253000e+00   6.9136000e+00
   5.9833000e+00   5.6490000e+00   5.6121000e+00   5.3520000e+00   6.9249000e+00   7.0112000e+00
   6.2379000e+00   6.0944000e+00   6.1127000e+00   6.0475000e+00   7.0162000e+00   7.1001000e+00
   6.1080000e+00   6.0139000e+00   6.0248000e+00   6.0139000e+00   7.0919000e+00   7.1464000e+00
   6.3244000e+00   6.1886000e+00   6.2422000e+00   6.2214000e+00   7.1501000e+00   6.8549000e+00
   6.3504000e+00   6.2668000e+00   6.3149000e+00   6.3094000e+00   7.1808000e+00   6.5559000e+00
   6.3560000e+00   6.2892000e+00   6.3531000e+00   6.3913000e+00   7.1630000e+00   7.1554000e+00
   6.3941000e+00   6.3042000e+00   6.3890000e+00   6.4329000e+00   7.1268000e+00   7.1651000e+00
   6.4100000e+00   6.3279000e+00   6.4267000e+00   6.4669000e+00   7.0947000e+00   7.1505000e+00
   6.4054000e+00   6.3991000e+00   6.4350000e+00   6.4624000e+00   7.0586000e+00   7.0826000e+00
   6.3438000e+00   6.4309000e+00   6.3889000e+00   6.4151000e+00   4.4664000e+00   7.0344000e+00
   6.2636000e+00   6.3120000e+00   6.2937000e+00   6.3206000e+00   8.9250000e-01   6.7722000e+00
   6.2084000e+00   6.2279000e+00   6.2183000e+00   6.2186000e+00   1.1722000e+00   2.2364000e+00
   6.1590000e+00   6.1922000e+00   6.1661000e+00   6.1411000e+00   1.3653000e+00   1.5360000e+00
   5.9339000e+00   6.0865000e+00   6.0602000e+00   6.1016000e+00   1.3606000e+00   1.4968000e+00
   5.8139000e+00   5.9144000e+00   5.9282000e+00   5.9418000e+00   7.5390000e-01   1.4189000e+00
   5.8500000e+00   5.8914000e+00   5.9548000e+00   6.0187000e+00   7.9120000e-01   1.1865000e+00
   5.8309000e+00   5.8787000e+00   5.6941000e+00   5.6362000e+00   5.8810000e-01   5.6050000e-01
   5.3777000e+00   5.4059000e+00   5.4166000e+00   5.4825000e+00   4.5270000e-01  -6.8900000e-02
   5.4022000e+00   5.4189000e+00   5.1404000e+00   4.9728000e+00   5.6850000e-01  -7.7000000e-02
   4.8940000e+00   4.8578000e+00   4.6900000e+00   4.7571000e+00   5.7360000e-01  -6.7780000e-01
   4.5973000e+00   4.7594000e+00   4.6716000e+00   4.8613000e+00   2.1850000e-01   7.1700000e-01
  -2.9530000e-01  -2.3210000e-01   8.6430000e-01   2.2161000e+00   2.8040000e-01   1.0041000e+00
   1.6290000e-01   6.4180000e-01   3.2110000e-01   7.4000000e-03   5.0740000e-01   1.8553000e+00
   7.0500000e-02   3.8400000e-01   2.4490000e-01   2.8020000e-01   3.9490000e-01   1.3908000e+00
  -1.5400000e-01   3.4700000e-02   1.6830000e-01   2.6690000e-01   1.3670000e-01   4.3420000e-01
  -2.3740000e-01  -1.1500000e-02   5.5400000e-02   3.6530000e-01   1.0000000e-02   5.0000000e-04
  -1.4000000e-01  -3.1340000e-01  -3.1130000e-01  -3.7760000e-01  -1.0180000e-01  -1.0470000e-01
  -2.6400000e-01  -5.6060000e-01  -4.1400000e-01  -3.7340000e-01  -2.4860000e-01  -2.4530000e-01
  -4.9600000e-01  -4.4470000e-01  -3.6550000e-01  -3.2030000e-01  -3.7410000e-01  -4.5620000e-01
  -4.8610000e-01  -5.6020000e-01  -5.2880000e-01  -4.4660000e-01  -4.3680000e-01  -6.8860000e-01
  -2.6260000e-01  -2.9350000e-01  -3.2020000e-01  -2.6340000e-01  -5.1250000e-01  -8.2560000e-01
  -4.5240000e-01  -4.2590000e-01  -3.3680000e-01  -1.7820000e-01  -6.2570000e-01  -9.4040000e-01
   8.0000000e-02   1.2410000e-01   1.7900000e-01   2.9140000e-01  -7.4130000e-01  -1.0209000e+00
   6.3190000e-01   7.8260000e-01   7.3530000e-01   7.7900000e-01  -9.1000000e-01  -1.1105000e+00
   5.8690000e-01   9.0710000e-01   9.3560000e-01   1.0133000e+00  -1.0878000e+00  -1.1526000e+00
  -1.3620000e-01   8.0200000e-02   6.3190000e-01   1.0256000e+00  -1.3076000e+00  -1.2121000e+00
  -5.4240000e-01  -5.1960000e-01  -1.4830000e-01   1.7390000e-01  -1.4227000e+00  -1.2826000e+00
  -6.4250000e-01  -6.7410000e-01  -4.5560000e-01  -3.3600000e-01  -1.8794000e+00  -1.3430000e+00
  -7.4430000e-01  -7.1400000e-01  -6.0420000e-01  -5.1070000e-01  -2.3358000e+00  -1.6327000e+00
  -8.2410000e-01  -7.4710000e-01  -6.9770000e-01  -6.2690000e-01  -2.6381000e+00  -1.9335000e+00
  -9.4690000e-01  -9.1080000e-01  -8.5890000e-01  -8.0340000e-01  -2.8419000e+00  -2.3460000e+00
  -1.1287000e+00  -1.0336000e+00  -9.9800000e-01  -9.3110000e-01  -3.0348000e+00  -2.5816000e+00
  -1.3066000e+00  -1.2733000e+00  -1.2191000e+00  -1.1613000e+00  -3.2483000e+00  -2.7735000e+00
  -1.4389000e+00  -1.4064000e+00  -1.3531000e+00  -1.3061000e+00  -3.4699000e+00  -2.9628000e+00
  -1.5120000e+00  -1.5248000e+00  -1.4609000e+00  -1.4192000e+00  -3.7111000e+00  -3.1773000e+00
  -1.4926000e+00  -1.4923000e+00  -1.4910000e+00  -1.4800000e+00  -3.9548000e+00  -3.4064000e+00
  -1.5170000e+00  -1.4849000e+00  -1.5148000e+00  -1.5104000e+00  -4.1830000e+00  -3.6511000e+00
  -1.6498000e+00  -1.5948000e+00  -1.6162000e+00  -1.5930000e+00  -4.3894000e+00  -3.8951000e+00
  -1.6960000e+00  -1.6918000e+00  -1.7155000e+00  -1.7113000e+00  -4.5634000e+00  -4.1181000e+00
  -1.7054000e+00  -1.6888000e+00  -1.7176000e+00  -1.7156000e+00  -4.7123000e+00  -4.3263000e+00
  -1.7840000e+00  -1.8323000e+00  -1.7758000e+00  -1.7407000e+00  -4.8470000e+00  -4.5183000e+00
  -2.0898000e+00  -2.3721000e+00  -2.0439000e+00  -2.0009000e+00  -4.9760000e+00  -4.6668000e+00
  -2.6970000e+00  -2.6760000e+00  -2.5093000e+00  -2.4370000e+00  -5.1027000e+00  -4.7950000e+00
  -2.8683000e+00  -2.7694000e+00  -2.7340000e+00  -2.6602000e+00  -5.2110000e+00  -4.9331000e+00
  -2.9980000e+00  -2.8872000e+00  -2.8607000e+00  -2.7867000e+00  -5.3107000e+00  -5.0701000e+00
  -3.1185000e+00  -2.9918000e+00  -2.9774000e+00  -2.8897000e+00  -5.3819000e+00  -5.1855000e+00
  -3.2891000e+00  -3.1104000e+00  -3.1063000e+00  -2.9879000e+00  -5.4129000e+00  -5.2899000e+00
  -3.5745000e+00  -3.3348000e+00  -3.2991000e+00  -3.1670000e+00  -5.4134000e+00  -5.3852000e+00
  -3.8905000e+00  -3.6433000e+00  -3.5940000e+00  -3.4066000e+00  -5.4154000e+00  -5.4647000e+00
  -4.1728000e+00  -4.0490000e+00  -3.9292000e+00  -3.7881000e+00  -5.4295000e+00  -5.5261000e+00
  -4.3278000e+00  -4.2625000e+00  -4.1757000e+00  -4.0938000e+00  -5.4603000e+00  -5.5376000e+00
  -4.3722000e+00  -4.3437000e+00  -4.2787000e+00  -4.2248000e+00  -5.4827000e+00  -5.5337000e+00
  -4.3583000e+00  -4.3204000e+00  -4.2813000e+00  -4.2548000e+00  -5.4572000e+00  -5.4657000e+00
  -4.3048000e+00  -4.3014000e+00  -4.2601000e+00  -4.2365000e+00  -5.2806000e+00  -5.2658000e+00
  -4.1798000e+00  -4.2087000e+00  -4.1878000e+00  -4.1958000e+00  -4.9689000e+00  -4.9475000e+00
  -4.0088000e+00  -4.0695000e+00  -4.0639000e+00  -4.0973000e+00  -4.6001000e+00  -4.6279000e+00
  -3.7936000e+00  -3.8867000e+00  -3.8989000e+00  -3.9574000e+00  -4.2743000e+00  -4.3173000e+00
  -3.5593000e+00  -3.6778000e+00  -3.7112000e+00  -3.7993000e+00  -3.9223000e+00  -3.9470000e+00
  -3.3245000e+00  -3.4423000e+00  -3.4935000e+00  -3.6021000e+00  -3.5660000e+00  -3.5995000e+00
  -3.0642000e+00  -3.2273000e+00  -3.2847000e+00  -3.4039000e+00  -3.2449000e+00  -3.2772000e+00
  -2.7500000e+00  -2.9667000e+00  -3.0468000e+00  -3.2059000e+00  -2.8889000e+00  -2.9092000e+00
  -2.4215000e+00  -2.6533000e+00  -2.7585000e+00  -2.9529000e+00  -2.4909000e+00  -2.5102000e+00
  -2.1186000e+00  -2.3728000e+00  -2.4706000e+00  -2.6768000e+00  -2.1300000e+00  -2.1515000e+00
  -1.8209000e+00  -2.1728000e+00  -2.2238000e+00  -2.4600000e+00  -1.7880000e+00  -1.8173000e+00
  -1.5336000e+00  -2.0114000e+00  -2.0227000e+00  -2.3358000e+00  -1.4421000e+00  -1.4802000e+00
  -1.2534000e+00  -1.8403000e+00  -1.8353000e+00  -2.2354000e+00  -1.0620000e+00  -1.1110000e+00
  -1.0299000e+00  -1.7267000e+00  -1.6955000e+00  -2.1464000e+00  -6.7670000e-01  -7.2290000e-01
  -8.2760000e-01  -1.7217000e+00  -1.6595000e+00  -2.1437000e+00  -3.4030000e-01  -3.7740000e-01
  -6.8060000e-01  -1.6909000e+00  -1.6843000e+00  -2.1759000e+00  -4.8400000e-02  -8.1700000e-02
  -6.6370000e-01  -1.6698000e+00  -1.6989000e+00  -2.1714000e+00   2.4300000e-01   1.9740000e-01
  -6.7910000e-01  -1.7175000e+00  -1.6616000e+00  -2.1468000e+00   5.2290000e-01   4.8630000e-01
  -7.5700000e-01  -1.7496000e+00  -1.6540000e+00  -2.1049000e+00   8.2050000e-01   7.8150000e-01
  -8.3360000e-01  -1.7467000e+00  -1.6624000e+00  -2.0976000e+00   1.0930000e+00   1.0654000e+00
  -9.9900000e-01  -1.7254000e+00  -1.6251000e+00  -2.0291000e+00   1.3352000e+00   1.3297000e+00
  -9.8320000e-01  -1.6278000e+00  -1.5288000e+00  -1.9185000e+00   1.5589000e+00   1.5751000e+00
  -9.5500000e-01  -1.5503000e+00  -1.4387000e+00  -1.8047000e+00   1.7714000e+00   1.7980000e+00
  -8.5100000e-01  -1.5803000e+00  -1.4647000e+00  -1.7922000e+00   1.9792000e+00   2.0061000e+00
  -7.1430000e-01  -1.5645000e+00  -1.4561000e+00  -1.7548000e+00   2.1803000e+00   2.2036000e+00
  -7.6380000e-01  -1.5664000e+00  -1.4529000e+00  -1.6740000e+00   2.3778000e+00   2.3963000e+00
  -6.4010000e-01  -1.5298000e+00  -1.3974000e+00  -1.6247000e+00   2.5714000e+00   2.5903000e+00
  -6.2260000e-01  -1.5171000e+00  -1.4224000e+00  -1.6117000e+00   2.7658000e+00   2.7914000e+00
  -6.1440000e-01  -1.4160000e+00  -1.3583000e+00  -1.5047000e+00   2.9634000e+00   2.9966000e+00
  -5.0870000e-01  -1.2911000e+00  -1.2705000e+00  -1.4090000e+00   3.1639000e+00   3.1882000e+00
  -4.8710000e-01  -1.1862000e+00  -1.2289000e+00  -1.3569000e+00   3.3617000e+00   3.3569000e+00
  -5.5730000e-01  -1.1227000e+00  -1.2303000e+00  -1.3728000e+00   3.5429000e+00   3.5006000e+00
  -7.9770000e-01  -1.1772000e+00  -1.3418000e+00  -1.5025000e+00   3.7028000e+00   3.6241000e+00
  -1.1058000e+00  -1.3166000e+00  -1.5081000e+00  -1.7070000e+00   3.8405000e+00   3.7345000e+00
  -1.4500000e+00  -1.5468000e+00  -1.6730000e+00  -1.8801000e+00   3.9619000e+00   3.8361000e+00
  -1.7282000e+00  -1.7327000e+00  -1.7374000e+00  -1.9129000e+00   4.0644000e+00   3.9234000e+00
  -1.8002000e+00  -1.7826000e+00  -1.6837000e+00  -1.8364000e+00   4.1429000e+00   4.0020000e+00
  -1.8079000e+00  -1.7072000e+00  -1.6301000e+00  -1.7468000e+00   4.1906000e+00   4.0675000e+00
  -1.7321000e+00  -1.6859000e+00  -1.6157000e+00  -1.7555000e+00   4.2192000e+00   4.1212000e+00
  -1.6019000e+00  -1.6404000e+00  -1.5715000e+00  -1.7352000e+00   4.2491000e+00   4.1600000e+00
  -1.6418000e+00  -1.6002000e+00  -1.6090000e+00  -1.7306000e+00   4.2842000e+00   4.1877000e+00
  -1.6344000e+00  -1.6974000e+00  -1.6640000e+00  -1.7554000e+00   4.2996000e+00   4.1933000e+00
  -1.6254000e+00  -1.7090000e+00  -1.6364000e+00  -1.6983000e+00   4.2805000e+00   4.1707000e+00
  -1.6296000e+00  -1.7219000e+00  -1.6174000e+00  -1.6513000e+00   4.2161000e+00   4.1293000e+00
  -1.6414000e+00  -1.7276000e+00  -1.6183000e+00  -1.6420000e+00   4.1161000e+00   4.0665000e+00
  -1.6344000e+00  -1.6724000e+00  -1.6264000e+00  -1.6597000e+00   4.0003000e+00   3.9778000e+00
  -1.6385000e+00  -1.6120000e+00  -1.6584000e+00  -1.7027000e+00   3.9036000e+00   3.8710000e+00
  -1.7163000e+00  -1.6255000e+00  -1.7680000e+00  -1.8258000e+00   3.8426000e+00   3.7844000e+00
  -1.8514000e+00  -1.7694000e+00  -1.9095000e+00  -1.9729000e+00   3.8036000e+00   3.7305000e+00
  -1.8986000e+00  -1.9671000e+00  -2.0471000e+00  -2.1158000e+00   3.7505000e+00   3.6834000e+00
  -2.1880000e+00  -2.1442000e+00  -2.3659000e+00  -2.4909000e+00   3.6916000e+00   3.6066000e+00
  -2.6168000e+00  -2.6140000e+00  -2.6434000e+00  -2.6966000e+00   3.6518000e+00   3.5137000e+00
  -2.5178000e+00  -2.7081000e+00  -2.4723000e+00  -2.4814000e+00   3.6589000e+00   3.4378000e+00
  -2.2204000e+00  -2.4775000e+00  -2.3257000e+00  -2.3775000e+00   3.6933000e+00   3.3134000e+00
  -2.3365000e+00  -2.3699000e+00  -2.4309000e+00  -2.4813000e+00   3.6816000e+00   3.1272000e+00
  -2.4927000e+00  -2.5170000e+00  -2.5420000e+00  -2.5912000e+00   3.5453000e+00   2.9913000e+00
  -2.4819000e+00  -2.6271000e+00  -2.5786000e+00  -2.6528000e+00   3.2100000e+00   2.9555000e+00
  -2.4787000e+00  -2.6607000e+00  -2.5625000e+00  -2.6210000e+00   2.8280000e+00   2.7901000e+00
  -2.4617000e+00  -2.5959000e+00  -2.5150000e+00  -2.5524000e+00   2.5159000e+00   2.4545000e+00
  -2.4973000e+00  -2.4896000e+00  -2.5027000e+00  -2.5048000e+00   2.3718000e+00   2.2873000e+00
  -2.5938000e+00  -2.4797000e+00  -2.5622000e+00  -2.5478000e+00   2.2816000e+00   2.2543000e+00
  -2.5836000e+00  -2.5405000e+00  -2.5751000e+00  -2.5718000e+00   1.9071000e+00   2.1093000e+00
  -2.5321000e+00  -2.5521000e+00  -2.5457000e+00  -2.5522000e+00   1.6827000e+00   1.9026000e+00
  -2.4848000e+00  -2.5396000e+00  -2.5058000e+00  -2.5227000e+00   1.6565000e+00   1.8303000e+00
  -2.4401000e+00  -2.5448000e+00  -2.5041000e+00  -2.5382000e+00   1.5019000e+00   1.7020000e+00
  -2.4417000e+00  -2.5609000e+00  -2.5070000e+00  -2.5410000e+00   1.4096000e+00   1.4052000e+00
  -2.4718000e+00  -2.5372000e+00  -2.5081000e+00  -2.5212000e+00   1.2868000e+00   1.2013000e+00
  -2.5457000e+00  -2.5566000e+00  -2.5429000e+00  -2.5320000e+00   1.0186000e+00   1.1009000e+00
  -2.6146000e+00  -2.5879000e+00  -2.5794000e+00  -2.5300000e+00   1.0522000e+00   1.0123000e+00
  -2.6657000e+00  -2.6541000e+00  -2.6499000e+00  -2.6160000e+00   9.5460000e-01   9.2510000e-01
  -2.6786000e+00  -2.7114000e+00  -2.6655000e+00  -2.6426000e+00   6.2580000e-01   9.9980000e-01
  -2.7110000e+00  -2.7014000e+00  -2.6639000e+00  -2.6288000e+00   4.6000000e-01   1.1756000e+00
  -2.6714000e+00  -2.6995000e+00  -2.6445000e+00  -2.6191000e+00   5.5080000e-01   1.2917000e+00
  -2.6830000e+00  -2.6650000e+00  -2.6320000e+00  -2.6080000e+00   6.2050000e-01   1.2471000e+00
  -2.7064000e+00  -2.6756000e+00  -2.6634000e+00  -2.6414000e+00   6.4910000e-01   9.5320000e-01
  -2.6809000e+00  -2.6841000e+00  -2.6545000e+00  -2.6492000e+00   6.6120000e-01   4.8100000e-01
  -2.6604000e+00  -2.6515000e+00  -2.6343000e+00  -2.6322000e+00   4.3290000e-01   1.8020000e-01
  -2.6265000e+00  -2.6669000e+00  -2.6431000e+00  -2.6592000e+00  -3.4200000e-02   1.7660000e-01
  -2.6294000e+00  -2.6775000e+00  -2.6463000e+00  -2.6701000e+00  -1.4230000e-01   2.5020000e-01
  -2.6500000e+00  -2.6979000e+00  -2.6594000e+00  -2.6839000e+00  -1.5300000e-01   3.5500000e-01
  -2.6405000e+00  -2.7010000e+00  -2.6486000e+00  -2.6884000e+00  -8.9100000e-02   3.8280000e-01
  -2.6508000e+00  -2.6993000e+00  -2.6507000e+00  -2.6976000e+00  -6.1000000e-03   6.7000000e-03
  -2.6407000e+00  -2.6983000e+00  -2.6399000e+00  -2.6974000e+00  -1.9620000e-01  -8.6790000e-01
  -2.6455000e+00  -2.7123000e+00  -2.6447000e+00  -2.6905000e+00  -4.1530000e-01  -8.7140000e-01
  -2.5388000e+00  -2.6693000e+00  -2.5482000e+00  -2.6210000e+00  -8.9430000e-01  -6.3290000e-01
  -2.4236000e+00  -2.5544000e+00  -2.4349000e+00  -2.5096000e+00  -8.5630000e-01  -4.8980000e-01
  -2.3675000e+00  -2.4614000e+00  -2.3592000e+00  -2.4151000e+00  -5.5040000e-01  -3.7390000e-01
  -2.3341000e+00  -2.3897000e+00  -2.3165000e+00  -2.3528000e+00  -4.6770000e-01  -1.9690000e-01
  -2.3221000e+00  -2.3420000e+00  -2.2873000e+00  -2.3168000e+00  -4.0570000e-01  -6.8700000e-02
  -2.3063000e+00  -2.3023000e+00  -2.2659000e+00  -2.2884000e+00  -3.5710000e-01  -9.8900000e-02
  -2.2746000e+00  -2.2761000e+00  -2.2495000e+00  -2.2701000e+00  -3.2200000e-01  -1.8400000e-01
  -2.2596000e+00  -2.2936000e+00  -2.2577000e+00  -2.2981000e+00  -3.8070000e-01  -3.7990000e-01
  -2.2206000e+00  -2.2820000e+00  -2.2375000e+00  -2.2988000e+00  -5.2500000e-01  -7.0530000e-01
  -2.1310000e+00  -2.2248000e+00  -2.1629000e+00  -2.2279000e+00  -9.8960000e-01  -1.0371000e+00
  -2.0656000e+00  -2.1380000e+00  -2.0933000e+00  -2.1401000e+00  -1.5618000e+00  -1.5185000e+00
  -2.1538000e+00  -2.1301000e+00  -2.1448000e+00  -2.1299000e+00  -1.9486000e+00  -1.9021000e+00
  -2.2836000e+00  -2.2466000e+00  -2.2264000e+00  -2.1707000e+00  -2.0319000e+00  -2.0556000e+00
  -2.1503000e+00  -2.2251000e+00  -2.1380000e+00  -2.1377000e+00  -1.9929000e+00  -1.9734000e+00
  -1.9659000e+00  -2.0643000e+00  -1.9829000e+00  -2.0190000e+00  -1.7741000e+00  -1.6599000e+00
  -1.8098000e+00  -1.9041000e+00  -1.7831000e+00  -1.7925000e+00  -1.4319000e+00  -1.2255000e+00
  -1.5970000e+00  -1.7316000e+00  -1.5877000e+00  -1.6208000e+00  -1.0680000e+00  -7.9760000e-01
  -1.3179000e+00  -1.5637000e+00  -1.3775000e+00  -1.4860000e+00  -6.3460000e-01  -4.0400000e-01
  -9.6610000e-01  -1.3378000e+00  -1.0775000e+00  -1.2285000e+00  -2.4910000e-01  -9.1500000e-02
  -5.4800000e-01  -9.8530000e-01  -6.8970000e-01  -8.7740000e-01   2.4900000e-02   1.6130000e-01
  -1.5230000e-01  -5.9290000e-01  -3.1050000e-01  -5.2520000e-01   2.8990000e-01   4.2280000e-01
   2.1520000e-01  -2.1910000e-01   4.2500000e-02  -1.7620000e-01   5.8830000e-01   7.1740000e-01
   5.0210000e-01   9.6100000e-02   3.3970000e-01   1.3810000e-01   9.3100000e-01   1.0612000e+00
   7.5960000e-01   3.7680000e-01   6.0700000e-01   4.1870000e-01   1.3431000e+00   1.4425000e+00
   1.0444000e+00   6.2890000e-01   8.6110000e-01   6.6330000e-01   1.7436000e+00   1.7943000e+00
   1.3302000e+00   8.4170000e-01   1.1086000e+00   9.0540000e-01   2.0842000e+00   2.0883000e+00
   1.5982000e+00   1.0513000e+00   1.3419000e+00   1.1318000e+00   2.3848000e+00   2.3659000e+00
   1.8490000e+00   1.2571000e+00   1.5563000e+00   1.3495000e+00   2.6944000e+00   2.6631000e+00
   2.0818000e+00   1.4230000e+00   1.7444000e+00   1.5690000e+00   3.0391000e+00   2.9835000e+00
   2.2846000e+00   1.5817000e+00   1.9071000e+00   1.7779000e+00   3.3690000e+00   3.2899000e+00
   2.4678000e+00   1.7927000e+00   2.0845000e+00   1.9924000e+00   3.6455000e+00   3.5582000e+00
   2.6381000e+00   1.9950000e+00   2.2506000e+00   2.1674000e+00   3.8906000e+00   3.8134000e+00
   2.7774000e+00   2.1472000e+00   2.3868000e+00   2.2418000e+00   4.1519000e+00   4.0794000e+00
   2.8156000e+00   2.1698000e+00   2.4099000e+00   2.1652000e+00   4.4070000e+00   4.3345000e+00
   2.6717000e+00   2.2399000e+00   2.4160000e+00   2.2170000e+00   4.6278000e+00   4.5589000e+00
   2.5823000e+00   2.3707000e+00   2.5345000e+00   2.3586000e+00   4.8230000e+00   4.7556000e+00
   2.7666000e+00   2.4956000e+00   2.6777000e+00   2.5508000e+00   5.0108000e+00   4.9438000e+00
   2.8974000e+00   2.6781000e+00   2.8256000e+00   2.7088000e+00   5.2095000e+00   5.1374000e+00
   2.9455000e+00   2.7912000e+00   2.8969000e+00   2.7218000e+00   5.4055000e+00   5.3185000e+00
   3.0837000e+00   2.9044000e+00   2.9911000e+00   2.7802000e+00   5.5815000e+00   5.4730000e+00
   3.2253000e+00   2.9890000e+00   3.0143000e+00   2.8970000e+00   5.7350000e+00   5.5951000e+00
   3.1564000e+00   2.8909000e+00   3.0412000e+00   2.9886000e+00   5.8638000e+00   5.6841000e+00
   3.0387000e+00   2.8264000e+00   3.0722000e+00   3.0022000e+00   5.9737000e+00   5.7526000e+00
   2.9859000e+00   2.8403000e+00   3.0742000e+00   2.7728000e+00   6.0706000e+00   5.8270000e+00
   3.1976000e+00   2.5182000e+00   2.7935000e+00   2.3231000e+00   6.1521000e+00   5.9122000e+00
   3.0965000e+00   2.2701000e+00   2.6104000e+00   2.2199000e+00   6.2097000e+00   5.9962000e+00
   3.0683000e+00   2.2478000e+00   2.5694000e+00   2.2447000e+00   6.2488000e+00   6.0564000e+00
   3.1183000e+00   2.2299000e+00   2.5340000e+00   2.2357000e+00   6.2476000e+00   6.0326000e+00
   3.0028000e+00   2.2491000e+00   2.5113000e+00   2.2277000e+00   6.1391000e+00   5.6067000e+00
   2.9451000e+00   2.2218000e+00   2.4489000e+00   2.1942000e+00   6.0711000e+00   5.1630000e+00
   2.8140000e+00   2.1405000e+00   2.3497000e+00   2.0880000e+00   6.1386000e+00   5.4686000e+00
   2.6460000e+00   1.9900000e+00   2.1793000e+00   1.8981000e+00   6.0961000e+00   5.4654000e+00
   2.4096000e+00   1.7867000e+00   1.9418000e+00   1.6627000e+00   5.7792000e+00   5.3455000e+00
   2.1672000e+00   1.6147000e+00   1.7457000e+00   1.5141000e+00   5.5463000e+00   5.2005000e+00
   1.9012000e+00   1.4726000e+00   1.5527000e+00   1.3789000e+00   5.2964000e+00   5.0398000e+00
   1.6058000e+00   1.3076000e+00   1.3082000e+00   1.1696000e+00   5.0941000e+00   4.9257000e+00
   1.2811000e+00   1.0616000e+00   1.0302000e+00   9.1950000e-01   4.9106000e+00   4.8352000e+00
   9.4780000e-01   7.9990000e-01   7.4580000e-01   6.6240000e-01   4.7543000e+00   4.7864000e+00
   6.2890000e-01   5.4310000e-01   4.6880000e-01   3.9300000e-01   4.6475000e+00   4.7164000e+00
   3.2570000e-01   2.5120000e-01   1.6790000e-01   9.9400000e-02   4.5763000e+00   4.4845000e+00
  -3.4000000e-03  -5.3500000e-02  -1.1280000e-01  -1.6550000e-01   4.5565000e+00   4.2225000e+00
  -2.8510000e-01  -3.3060000e-01  -4.1530000e-01  -4.8620000e-01   4.4989000e+00   4.0283000e+00
  -5.2970000e-01  -5.9770000e-01  -6.2550000e-01  -6.8770000e-01   4.2297000e+00   3.8436000e+00
  -6.8400000e-01  -7.3140000e-01  -7.7760000e-01  -8.1950000e-01   3.9222000e+00   3.3918000e+00
  -9.1550000e-01  -9.4770000e-01  -1.0079000e+00  -1.0619000e+00   3.6127000e+00   2.8586000e+00
  -1.1262000e+00  -1.1561000e+00  -1.2121000e+00  -1.2680000e+00   3.2144000e+00   2.3714000e+00
  -1.3305000e+00  -1.3508000e+00  -1.4050000e+00  -1.4512000e+00   2.6219000e+00   1.8524000e+00
  -1.5614000e+00  -1.5715000e+00  -1.5896000e+00  -1.6206000e+00   2.0479000e+00   1.3728000e+00
  -1.7012000e+00  -1.7023000e+00  -1.7177000e+00  -1.7464000e+00   1.5152000e+00   1.0100000e+00
  -1.8056000e+00  -1.7977000e+00  -1.8468000e+00  -1.8855000e+00   1.0857000e+00   7.6800000e-01
  -1.8999000e+00  -1.9045000e+00  -1.9412000e+00  -1.9716000e+00   7.8190000e-01   5.8100000e-01
  -1.9938000e+00  -2.0067000e+00  -2.0278000e+00  -2.0574000e+00   5.7890000e-01   3.5040000e-01
  -2.0531000e+00  -2.0839000e+00  -2.0843000e+00  -2.0999000e+00   4.2260000e-01   1.7300000e-01
  -2.1006000e+00  -2.1265000e+00  -2.1258000e+00  -2.1380000e+00   2.4910000e-01  -8.5000000e-03
  -2.1233000e+00  -2.1604000e+00  -2.1531000e+00  -2.1737000e+00   7.2300000e-02  -1.7450000e-01
  -2.1558000e+00  -2.1957000e+00  -2.1831000e+00  -2.1978000e+00  -8.9000000e-02  -3.4120000e-01
  -2.1725000e+00  -2.2156000e+00  -2.1962000e+00  -2.2068000e+00  -3.1030000e-01  -5.0380000e-01
  -2.1868000e+00  -2.2311000e+00  -2.2064000e+00  -2.2116000e+00  -5.1970000e-01  -6.5760000e-01
  -2.2000000e+00  -2.2392000e+00  -2.2157000e+00  -2.2204000e+00  -6.9700000e-01  -7.9360000e-01
  -2.2284000e+00  -2.2555000e+00  -2.2361000e+00  -2.2374000e+00  -8.5320000e-01  -9.5360000e-01
  -2.2532000e+00  -2.2596000e+00  -2.2448000e+00  -2.2392000e+00  -9.7290000e-01  -1.1188000e+00
  -2.2510000e+00  -2.2468000e+00  -2.2280000e+00  -2.2169000e+00  -1.0866000e+00  -1.2686000e+00
  -2.2264000e+00  -2.2162000e+00  -2.2001000e+00  -2.1863000e+00  -1.2544000e+00  -1.4214000e+00
  -2.2175000e+00  -2.1974000e+00  -2.1811000e+00  -2.1631000e+00  -1.4140000e+00  -1.5542000e+00
  -2.2100000e+00  -2.1812000e+00  -2.1667000e+00  -2.1459000e+00  -1.5433000e+00  -1.6770000e+00
  -2.2075000e+00  -2.1716000e+00  -2.1547000e+00  -2.1297000e+00  -1.6472000e+00  -1.7628000e+00
  -2.1913000e+00  -2.1514000e+00  -2.1359000e+00  -2.1109000e+00  -1.7149000e+00  -1.8026000e+00
  -2.1760000e+00  -2.1393000e+00  -2.1287000e+00  -2.1078000e+00  -1.7807000e+00  -1.8333000e+00
  -2.1700000e+00  -2.1402000e+00  -2.1304000e+00  -2.1174000e+00  -1.8601000e+00  -1.8874000e+00
  -2.1543000e+00  -2.1345000e+00  -2.1201000e+00  -2.1115000e+00  -1.9525000e+00  -1.9124000e+00
  -2.1258000e+00  -2.1347000e+00  -2.1206000e+00  -2.1080000e+00  -1.9789000e+00  -1.9371000e+00
  -2.1201000e+00  -2.1409000e+00  -2.1245000e+00  -2.1209000e+00  -2.0035000e+00  -1.9581000e+00
  -2.1223000e+00  -2.1514000e+00  -2.1374000e+00  -2.1365000e+00  -2.0175000e+00  -1.9802000e+00
  -2.1226000e+00  -2.1578000e+00  -2.1360000e+00  -2.1472000e+00  -2.0275000e+00  -2.0009000e+00
  -2.1140000e+00  -2.1663000e+00  -2.1326000e+00  -2.1526000e+00  -2.0599000e+00  -2.0106000e+00
  -2.1111000e+00  -2.1552000e+00  -2.1238000e+00  -2.1398000e+00  -2.0912000e+00  -2.0095000e+00
  -2.1008000e+00  -2.1430000e+00  -2.1175000e+00  -2.1270000e+00  -2.1145000e+00  -1.9988000e+00
  -2.1017000e+00  -2.1291000e+00  -2.1102000e+00  -2.1134000e+00  -2.1295000e+00  -1.9942000e+00
  -2.0963000e+00  -2.1074000e+00  -2.0907000e+00  -2.0879000e+00  -2.1304000e+00  -1.9947000e+00
  -2.0745000e+00  -2.0785000e+00  -2.0610000e+00  -2.0535000e+00  -2.1257000e+00  -1.9924000e+00
  -2.0411000e+00  -2.0431000e+00  -2.0228000e+00  -2.0115000e+00  -2.1182000e+00  -1.9862000e+00
  -2.0030000e+00  -1.9961000e+00  -1.9739000e+00  -1.9559000e+00  -2.1229000e+00  -1.9736000e+00
  -1.9577000e+00  -1.9515000e+00  -1.9285000e+00  -1.9147000e+00  -2.1163000e+00  -1.9752000e+00
  -1.9085000e+00  -1.9221000e+00  -1.8900000e+00  -1.8826000e+00  -2.1008000e+00  -1.9809000e+00
  -1.8798000e+00  -1.9158000e+00  -1.8766000e+00  -1.8832000e+00  -2.1019000e+00  -2.0097000e+00
  -1.8709000e+00  -1.9243000e+00  -1.8815000e+00  -1.8938000e+00  -2.1207000e+00  -2.0500000e+00
  -1.8710000e+00  -1.9315000e+00  -1.8863000e+00  -1.9074000e+00  -2.1235000e+00  -2.0881000e+00
  -1.8668000e+00  -1.9404000e+00  -1.8899000e+00  -1.9086000e+00  -2.1106000e+00  -2.0735000e+00
  -1.8662000e+00  -1.9328000e+00  -1.8825000e+00  -1.9068000e+00  -2.0892000e+00  -2.0536000e+00
  -1.8731000e+00  -1.9318000e+00  -1.8739000e+00  -1.9002000e+00  -1.9844000e+00  -1.9470000e+00
  -1.8491000e+00  -1.9210000e+00  -1.8675000e+00  -1.9111000e+00  -1.8207000e+00  -1.7835000e+00
  -1.8498000e+00  -1.9412000e+00  -1.8693000e+00  -1.9219000e+00  -1.6341000e+00  -1.5806000e+00
  -1.8543000e+00  -1.9436000e+00  -1.8719000e+00  -1.9353000e+00  -1.2894000e+00  -1.0745000e+00
  -1.8609000e+00  -1.9739000e+00  -1.8853000e+00  -1.9638000e+00  -8.0660000e-01  -6.0540000e-01
  -1.8850000e+00  -1.9984000e+00  -1.9006000e+00  -1.9878000e+00  -3.1810000e-01  -1.1740000e-01
  -1.9046000e+00  -2.0213000e+00  -1.9237000e+00  -2.0154000e+00   2.1370000e-01   3.9930000e-01
  -1.9185000e+00  -2.0338000e+00  -1.9296000e+00  -2.0241000e+00   6.5630000e-01   8.2540000e-01
  -1.9371000e+00  -2.0450000e+00  -1.9165000e+00  -2.0344000e+00   1.0601000e+00   1.2518000e+00
  -1.9315000e+00  -2.0479000e+00  -1.8864000e+00  -2.0411000e+00   1.5031000e+00   1.6671000e+00
  -1.8742000e+00  -2.0158000e+00  -1.8448000e+00  -2.0177000e+00   1.8548000e+00   1.9982000e+00
  -1.8185000e+00  -1.9771000e+00  -1.8002000e+00  -1.9899000e+00   2.1730000e+00   2.3128000e+00
  -1.7682000e+00  -1.9143000e+00  -1.7309000e+00  -1.9296000e+00   2.5226000e+00   2.6699000e+00
  -1.6997000e+00  -1.8435000e+00  -1.6757000e+00  -1.8978000e+00   2.8787000e+00   2.9826000e+00
  -1.6551000e+00  -1.8109000e+00  -1.6505000e+00  -1.8769000e+00   3.1716000e+00   3.2479000e+00
  -1.6586000e+00  -1.7998000e+00  -1.6432000e+00  -1.8671000e+00   3.4319000e+00   3.5063000e+00
  -1.6844000e+00  -1.7981000e+00  -1.6439000e+00  -1.8798000e+00   3.7013000e+00   3.7822000e+00
  -1.7012000e+00  -1.8112000e+00  -1.6519000e+00  -1.8827000e+00   3.9834000e+00   4.0560000e+00
  -1.6968000e+00  -1.8032000e+00  -1.6409000e+00  -1.8690000e+00   4.2374000e+00   4.2994000e+00
  -1.6975000e+00  -1.7786000e+00  -1.6168000e+00  -1.8379000e+00   4.4562000e+00   4.5152000e+00
  -1.6787000e+00  -1.7486000e+00  -1.5868000e+00  -1.8122000e+00   4.6607000e+00   4.7223000e+00
  -1.6715000e+00  -1.7276000e+00  -1.5857000e+00  -1.8135000e+00   4.8703000e+00   4.9430000e+00
  -1.6796000e+00  -1.7375000e+00  -1.5941000e+00  -1.8214000e+00   5.0952000e+00   5.1662000e+00
  -1.6816000e+00  -1.7523000e+00  -1.6084000e+00  -1.8387000e+00   5.3057000e+00   5.3661000e+00
  -1.6988000e+00  -1.7693000e+00  -1.6316000e+00  -1.8609000e+00   5.4852000e+00   5.5368000e+00
  -1.7334000e+00  -1.7995000e+00  -1.6643000e+00  -1.8901000e+00   5.6346000e+00   5.6822000e+00
  -1.7723000e+00  -1.8359000e+00  -1.7079000e+00  -1.9268000e+00   5.7639000e+00   5.8083000e+00
  -1.8291000e+00  -1.8755000e+00  -1.7619000e+00  -1.9665000e+00   5.8716000e+00   5.9262000e+00
  -1.9210000e+00  -1.9293000e+00  -1.8308000e+00  -2.0162000e+00   6.0058000e+00   6.0378000e+00
  -1.9904000e+00  -1.9692000e+00  -1.8844000e+00  -2.0518000e+00   6.1250000e+00   6.1392000e+00
  -2.0188000e+00  -1.9768000e+00  -1.9016000e+00  -2.0561000e+00   6.1336000e+00   6.1865000e+00
  -2.0453000e+00  -1.9949000e+00  -1.9202000e+00  -2.0607000e+00   5.9332000e+00   6.0841000e+00
  -2.0558000e+00  -1.9908000e+00  -1.9393000e+00  -2.0587000e+00   5.8299000e+00   5.9404000e+00
  -2.0629000e+00  -2.0039000e+00  -1.9553000e+00  -2.0606000e+00   5.2481000e+00   5.4984000e+00
  -2.0800000e+00  -2.0164000e+00  -1.9714000e+00  -2.0653000e+00   5.5407000e+00   4.7659000e+00
  -2.0819000e+00  -2.0240000e+00  -1.9830000e+00  -2.0688000e+00   6.0189000e+00   4.7305000e+00
  -2.0836000e+00  -2.0343000e+00  -1.9959000e+00  -2.0786000e+00   5.7853000e+00   5.0258000e+00
  -2.0979000e+00  -2.0492000e+00  -2.0173000e+00  -2.0943000e+00   5.2292000e+00   5.0772000e+00
  -2.1203000e+00  -2.0766000e+00  -2.0444000e+00  -2.1159000e+00   3.5513000e+00   4.9637000e+00
  -2.1249000e+00  -2.1046000e+00  -2.0703000e+00  -2.1379000e+00   4.0119000e+00   4.8485000e+00
  -2.1010000e+00  -2.1324000e+00  -2.0648000e+00  -2.1083000e+00   4.8758000e+00   4.6524000e+00
  -2.0863000e+00  -2.1232000e+00  -2.0525000e+00  -2.0889000e+00   4.6385000e+00   4.2940000e+00
  -2.0754000e+00  -2.1102000e+00  -2.0438000e+00  -2.0725000e+00   4.4096000e+00   4.0917000e+00
  -2.0642000e+00  -2.1070000e+00  -2.0382000e+00  -2.0650000e+00   4.1847000e+00   3.8812000e+00
  -2.0663000e+00  -2.1098000e+00  -2.0419000e+00  -2.0610000e+00   3.8901000e+00   3.5724000e+00
  -2.0547000e+00  -2.0899000e+00  -2.0362000e+00  -2.0520000e+00   3.5854000e+00   3.2249000e+00
  -2.0534000e+00  -2.0658000e+00  -2.0377000e+00  -2.0466000e+00   3.1503000e+00   2.8041000e+00
  -2.0488000e+00  -2.0403000e+00  -2.0237000e+00  -2.0329000e+00   2.7463000e+00   2.4369000e+00
  -2.0432000e+00  -2.0518000e+00  -2.0254000e+00  -2.0306000e+00   2.3359000e+00   2.0852000e+00
  -2.0493000e+00  -2.0733000e+00  -2.0327000e+00  -2.0337000e+00   1.9572000e+00   1.7560000e+00
  -2.0543000e+00  -2.0848000e+00  -2.0364000e+00  -2.0358000e+00   1.5774000e+00   1.4640000e+00
  -2.0516000e+00  -2.0807000e+00  -2.0333000e+00  -2.0364000e+00   1.2873000e+00   1.2062000e+00
  -2.0373000e+00  -2.0611000e+00  -2.0221000e+00  -2.0221000e+00   1.0642000e+00   9.8130000e-01
  -2.0370000e+00  -2.0604000e+00  -2.0125000e+00  -2.0053000e+00   8.1760000e-01   7.3500000e-01
  -2.0296000e+00  -2.0585000e+00  -1.9990000e+00  -1.9905000e+00   5.8290000e-01   5.0760000e-01
  -2.0066000e+00  -2.0297000e+00  -1.9647000e+00  -1.9473000e+00   3.4920000e-01   2.8840000e-01
  -1.9590000e+00  -1.9906000e+00  -1.9096000e+00  -1.8812000e+00   1.2170000e-01   4.2700000e-02
  -1.9010000e+00  -1.9284000e+00  -1.8476000e+00  -1.8145000e+00  -7.8700000e-02  -2.0920000e-01
  -1.8466000e+00  -1.8810000e+00  -1.8142000e+00  -1.7914000e+00  -2.5420000e-01  -4.5320000e-01
  -1.8093000e+00  -1.8383000e+00  -1.8032000e+00  -1.7931000e+00  -4.5070000e-01  -6.3350000e-01
  -1.8094000e+00  -1.8136000e+00  -1.8119000e+00  -1.8051000e+00  -6.4630000e-01  -7.9960000e-01
  -1.8257000e+00  -1.8163000e+00  -1.8100000e+00  -1.7971000e+00  -8.6480000e-01  -9.5570000e-01
  -1.8071000e+00  -1.8148000e+00  -1.7809000e+00  -1.7586000e+00  -1.0838000e+00  -1.0794000e+00
  -1.7731000e+00  -1.7957000e+00  -1.7594000e+00  -1.7450000e+00  -1.2662000e+00  -1.1238000e+00
  -1.7759000e+00  -1.7792000e+00  -1.7799000e+00  -1.7765000e+00  -1.4143000e+00  -1.1063000e+00
  -1.8177000e+00  -1.8082000e+00  -1.8280000e+00  -1.8388000e+00  -1.4744000e+00  -1.2025000e+00
  -1.8807000e+00  -1.8667000e+00  -1.8912000e+00  -1.8665000e+00  -1.5268000e+00  -1.4005000e+00
  -1.8999000e+00  -1.9094000e+00  -1.7718000e+00  -1.6962000e+00  -1.5542000e+00  -1.5920000e+00
  -1.8833000e+00  -1.8390000e+00  -1.7843000e+00  -1.7194000e+00  -1.5717000e+00  -1.6356000e+00
