   6.3480000e-01   6.7370000e-01   6.3770000e-01   6.4860000e-01   2.4182000e+00   2.4566000e+00
   7.8520000e-01   8.5010000e-01   8.0810000e-01   8.3360000e-01   2.2780000e+00   2.3485000e+00
   8.9340000e-01   9.6700000e-01   9.3170000e-01   9.5910000e-01   2.1212000e+00   2.1981000e+00
   8.9100000e-01   1.0118000e+00   9.6020000e-01   9.9070000e-01   1.8157000e+00   2.0455000e+00
   9.8100000e-01   1.1434000e+00   1.0821000e+00   1.1064000e+00   1.6272000e+00   1.9053000e+00
   9.0010000e-01   1.1485000e+00   1.0898000e+00   1.1536000e+00   1.5086000e+00   1.8337000e+00
   8.2340000e-01   1.0770000e+00   1.0251000e+00   1.0900000e+00   1.3876000e+00   1.8017000e+00
   9.0600000e-01   1.2023000e+00   1.1441000e+00   1.2415000e+00   1.3273000e+00   1.6595000e+00
   9.6020000e-01   1.2632000e+00   1.2079000e+00   1.3332000e+00   1.4012000e+00   1.6076000e+00
   9.2890000e-01   1.2028000e+00   1.1646000e+00   1.3043000e+00   1.3492000e+00   1.5705000e+00
   9.8610000e-01   1.2443000e+00   1.2066000e+00   1.3590000e+00   1.4832000e+00   1.7180000e+00
   1.0546000e+00   1.3066000e+00   1.2770000e+00   1.4401000e+00   1.6057000e+00   1.8699000e+00
   9.9970000e-01   1.2426000e+00   1.2248000e+00   1.3956000e+00   1.7325000e+00   2.0744000e+00
   9.6050000e-01   1.1607000e+00   1.1491000e+00   1.2840000e+00   1.8150000e+00   2.1809000e+00
   9.5550000e-01   1.1801000e+00   1.1737000e+00   1.3165000e+00   1.9494000e+00   2.2919000e+00
   8.7770000e-01   1.1080000e+00   1.1044000e+00   1.2469000e+00   2.0292000e+00   2.3247000e+00
   7.5940000e-01   9.6690000e-01   9.6500000e-01   1.0818000e+00   2.1891000e+00   2.3987000e+00
   6.6590000e-01   8.8720000e-01   8.9000000e-01   9.9000000e-01   2.2371000e+00   2.3845000e+00
   6.9160000e-01   8.9870000e-01   9.0590000e-01   9.9430000e-01   2.1393000e+00   2.3396000e+00
   5.0070000e-01   7.4760000e-01   7.4650000e-01   8.4490000e-01   1.9078000e+00   2.1501000e+00
   3.9530000e-01   6.2190000e-01   6.5270000e-01   7.3950000e-01   1.9393000e+00   2.1576000e+00
   3.9880000e-01   5.3040000e-01   5.7570000e-01   6.2440000e-01   2.0164000e+00   2.1407000e+00
   4.8220000e-01   5.3110000e-01   5.7070000e-01   6.0670000e-01   1.9907000e+00   2.1122000e+00
   5.2630000e-01   4.8570000e-01   4.6960000e-01   5.1200000e-01   1.9441000e+00   2.0267000e+00
   6.0990000e-01   3.0430000e-01   2.7660000e-01   2.7600000e-01   2.0254000e+00   1.9947000e+00
   9.3560000e-01   4.7120000e-01   4.2070000e-01   3.6200000e-01   2.1229000e+00   1.9996000e+00
   1.1880000e+00   6.7440000e-01   6.1270000e-01   5.2580000e-01   2.1156000e+00   1.9040000e+00
   1.3930000e+00   8.6390000e-01   7.8860000e-01   6.4590000e-01   2.0402000e+00   1.7504000e+00
   1.5056000e+00   9.2190000e-01   8.8120000e-01   6.5450000e-01   2.0363000e+00   1.7240000e+00
   1.6838000e+00   1.0600000e+00   1.0850000e+00   7.8950000e-01   1.9210000e+00   1.5678000e+00
   1.8421000e+00   1.2427000e+00   1.2896000e+00   1.0020000e+00   1.7083000e+00   1.3525000e+00
   2.1388000e+00   1.5629000e+00   1.5936000e+00   1.3198000e+00   1.5190000e+00   1.2011000e+00
   2.3815000e+00   1.8804000e+00   1.9019000e+00   1.7032000e+00   1.4305000e+00   1.2749000e+00
   2.6025000e+00   2.1624000e+00   2.1781000e+00   2.0163000e+00   1.7409000e+00   1.7421000e+00
   2.8291000e+00   2.5036000e+00   2.5004000e+00   2.3635000e+00   1.8504000e+00   1.9216000e+00
   3.0218000e+00   2.7933000e+00   2.7833000e+00   2.6704000e+00   1.7436000e+00   1.7620000e+00
   3.1613000e+00   3.0133000e+00   2.9759000e+00   2.8818000e+00   1.7216000e+00   1.7943000e+00
   3.2229000e+00   3.1203000e+00   3.0770000e+00   3.0036000e+00   1.8367000e+00   1.9727000e+00
   3.4010000e+00   3.3067000e+00   3.2336000e+00   3.1570000e+00   1.9899000e+00   2.2027000e+00
   3.5854000e+00   3.5162000e+00   3.5021000e+00   3.4836000e+00   2.1717000e+00   2.3897000e+00
   3.9247000e+00   3.8290000e+00   3.8932000e+00   3.9111000e+00   2.0862000e+00   2.1416000e+00
   4.3023000e+00   4.2389000e+00   4.2791000e+00   4.3287000e+00   1.9853000e+00   1.8832000e+00
   4.5240000e+00   4.4847000e+00   4.5512000e+00   4.6196000e+00   2.1431000e+00   2.0606000e+00
   4.7181000e+00   4.7922000e+00   4.8593000e+00   4.9723000e+00   2.5395000e+00   2.5568000e+00
   5.0207000e+00   5.1170000e+00   5.1610000e+00   5.2877000e+00   2.8396000e+00   3.0214000e+00
   5.4441000e+00   5.6348000e+00   5.6463000e+00   5.8460000e+00   2.5181000e+00   2.8285000e+00
   5.8026000e+00   6.1279000e+00   6.1583000e+00   6.4542000e+00   2.3242000e+00   2.6783000e+00
   6.3265000e+00   6.5899000e+00   6.6274000e+00   6.8486000e+00   2.3236000e+00   2.5690000e+00
   6.6510000e+00   6.8165000e+00   6.7863000e+00   6.8838000e+00   2.4409000e+00   2.7531000e+00
   6.7387000e+00   6.9262000e+00   6.8133000e+00   6.8751000e+00   2.5599000e+00   2.8533000e+00
   7.0612000e+00   7.2137000e+00   7.0833000e+00   7.1159000e+00   2.5291000e+00   2.7207000e+00
   6.8112000e+00   6.9546000e+00   6.8917000e+00   7.0034000e+00   2.5394000e+00   2.5858000e+00
   6.8299000e+00   6.6928000e+00   6.7890000e+00   6.8804000e+00   2.6430000e+00   2.5668000e+00
   6.9789000e+00   6.8421000e+00   6.9487000e+00   7.0534000e+00   2.9167000e+00   2.7527000e+00
   7.1047000e+00   7.1441000e+00   7.1621000e+00   7.2826000e+00   3.1160000e+00   2.8149000e+00
   7.3950000e+00   7.5643000e+00   7.5410000e+00   7.6186000e+00   3.1808000e+00   2.8253000e+00
   7.5438000e+00   7.8018000e+00   7.6705000e+00   7.6718000e+00   2.9585000e+00   2.7495000e+00
   7.6697000e+00   7.7614000e+00   7.7334000e+00   7.6554000e+00   2.4696000e+00   2.7445000e+00
   7.9016000e+00   7.9503000e+00   7.9629000e+00   7.9416000e+00   1.8735000e+00   2.5825000e+00
   7.9205000e+00   7.9102000e+00   7.9845000e+00   8.0087000e+00   1.6809000e+00   2.3833000e+00
   8.0328000e+00   7.9661000e+00   8.1272000e+00   8.1769000e+00   2.8581000e+00   2.3028000e+00
   8.2211000e+00   7.9787000e+00   8.0985000e+00   8.0361000e+00   3.6458000e+00   2.3546000e+00
   8.0500000e+00   7.9294000e+00   7.9117000e+00   7.8362000e+00   3.2346000e+00   2.4239000e+00
   7.7170000e+00   7.7063000e+00   7.7816000e+00   7.8284000e+00   3.1890000e+00   2.5176000e+00
   7.7228000e+00   7.7375000e+00   7.7912000e+00   7.8410000e+00   3.5288000e+00   2.4253000e+00
   7.7436000e+00   7.7197000e+00   7.7978000e+00   7.8779000e+00   3.7599000e+00   2.1218000e+00
   7.6672000e+00   7.6669000e+00   7.7259000e+00   7.7902000e+00   5.0125000e+00   2.2817000e+00
   7.5894000e+00   7.6215000e+00   7.5824000e+00   7.6254000e+00   5.2995000e+00   1.8333000e+00
   7.5441000e+00   7.5576000e+00   7.4983000e+00   7.5209000e+00   4.7774000e+00   1.6858000e+00
   7.4077000e+00   7.3723000e+00   7.3732000e+00   7.3623000e+00   4.7606000e+00   1.8701000e+00
   7.2297000e+00   7.1896000e+00   7.2415000e+00   7.2521000e+00   4.5928000e+00   2.4529000e+00
   6.9332000e+00   6.9305000e+00   6.8632000e+00   6.8584000e+00   4.4581000e+00   3.3955000e+00
   6.8417000e+00   6.7727000e+00   6.5583000e+00   6.4318000e+00   4.4408000e+00   3.8527000e+00
   6.9706000e+00   6.7709000e+00   6.4727000e+00   6.2320000e+00   4.6131000e+00   4.0597000e+00
   7.0356000e+00   6.9329000e+00   6.6233000e+00   6.3268000e+00   5.4193000e+00   4.2182000e+00
   6.7904000e+00   6.8789000e+00   6.6907000e+00   6.5741000e+00   7.1913000e+00   4.3163000e+00
   6.4811000e+00   6.5920000e+00   6.5554000e+00   6.6226000e+00   7.4231000e+00   4.6321000e+00
   6.1606000e+00   6.1977000e+00   6.2675000e+00   6.3864000e+00   7.0780000e+00   4.6477000e+00
   5.7888000e+00   5.7388000e+00   5.8299000e+00   5.9111000e+00   7.0049000e+00   6.7389000e+00
   5.5231000e+00   5.3890000e+00   5.4935000e+00   5.5121000e+00   7.1577000e+00   6.8372000e+00
   5.2734000e+00   5.1771000e+00   5.2754000e+00   5.2703000e+00   7.2599000e+00   6.9002000e+00
   4.9167000e+00   4.8896000e+00   4.9537000e+00   4.9549000e+00   7.1403000e+00   6.6265000e+00
   4.5107000e+00   4.5420000e+00   4.5897000e+00   4.6404000e+00   7.3449000e+00   6.4044000e+00
   4.2439000e+00   4.3155000e+00   4.2693000e+00   4.3168000e+00   7.4913000e+00   6.4747000e+00
   4.2998000e+00   4.5175000e+00   4.2597000e+00   4.2538000e+00   6.9292000e+00   6.1706000e+00
   4.7162000e+00   5.1217000e+00   4.6818000e+00   4.7290000e+00   6.7861000e+00   5.9408000e+00
   5.3659000e+00   5.7869000e+00   5.3236000e+00   5.3840000e+00   5.8085000e+00   5.3770000e+00
   5.7107000e+00   6.0520000e+00   5.6598000e+00   5.7760000e+00   5.9206000e+00   5.1930000e+00
   6.5081000e+00   6.6978000e+00   6.3781000e+00   6.4798000e+00   5.0701000e+00   3.9824000e+00
   6.9152000e+00   6.9254000e+00   6.8877000e+00   7.0167000e+00   5.2468000e+00   5.0642000e+00
   7.2708000e+00   7.0685000e+00   7.1647000e+00   7.1374000e+00   5.4677000e+00   5.5918000e+00
   7.3689000e+00   7.5534000e+00   7.5264000e+00   7.6446000e+00   5.6131000e+00   5.6720000e+00
   6.9160000e+00   7.2004000e+00   7.2289000e+00   7.4759000e+00   6.5371000e+00   6.0158000e+00
   6.1530000e+00   6.1353000e+00   6.3181000e+00   6.4370000e+00   7.3289000e+00   6.5311000e+00
   6.8119000e+00   6.5266000e+00   6.7569000e+00   6.8325000e+00   7.1081000e+00   7.1023000e+00
   8.1653000e+00   8.1591000e+00   7.9697000e+00   7.8946000e+00   7.8198000e+00   7.6350000e+00
   7.2565000e+00   7.3046000e+00   7.1868000e+00   7.3056000e+00   7.5094000e+00   7.5187000e+00
   6.6615000e+00   6.8174000e+00   6.7776000e+00   6.8698000e+00   7.3132000e+00   7.0856000e+00
   6.7633000e+00   7.0950000e+00   7.0591000e+00   7.2783000e+00   6.5816000e+00   5.7274000e+00
   7.7082000e+00   7.5166000e+00   7.6923000e+00   7.6615000e+00   5.9952000e+00   4.6655000e+00
   8.6448000e+00   8.2772000e+00   8.4331000e+00   8.3386000e+00   5.9503000e+00   4.2212000e+00
   9.3693000e+00   9.4654000e+00   9.3897000e+00   9.4348000e+00   6.1918000e+00   4.7210000e+00
   9.7032000e+00   9.7219000e+00   9.6407000e+00   9.5878000e+00   6.4285000e+00   5.9635000e+00
   9.1606000e+00   9.2342000e+00   9.2103000e+00   9.2958000e+00   6.5267000e+00   6.7051000e+00
   9.1239000e+00   9.4140000e+00   9.2643000e+00   9.4273000e+00   6.3989000e+00   6.8871000e+00
   8.5164000e+00   8.7803000e+00   8.5413000e+00   8.6355000e+00   6.1723000e+00   6.8098000e+00
   8.6772000e+00   8.8189000e+00   8.5882000e+00   8.6324000e+00   6.1691000e+00   6.7153000e+00
   8.6132000e+00   8.6214000e+00   8.5710000e+00   8.6121000e+00   6.5245000e+00   6.6054000e+00
   8.4417000e+00   8.2968000e+00   8.4711000e+00   8.5122000e+00   7.2976000e+00   6.7388000e+00
   7.9048000e+00   7.8954000e+00   8.0054000e+00   8.1008000e+00   7.4820000e+00   6.9611000e+00
   8.0529000e+00   8.0280000e+00   8.0800000e+00   8.1173000e+00   7.3441000e+00   7.4841000e+00
   7.7656000e+00   7.7513000e+00   7.8332000e+00   7.9080000e+00   7.0290000e+00   7.6551000e+00
   7.7616000e+00   7.7204000e+00   7.7996000e+00   7.8521000e+00   6.8996000e+00   7.5586000e+00
   7.7727000e+00   7.6837000e+00   7.7420000e+00   7.7929000e+00   6.3513000e+00   6.9507000e+00
   7.5954000e+00   7.5407000e+00   7.5549000e+00   7.6046000e+00   6.3240000e+00   6.5925000e+00
   7.6071000e+00   7.5309000e+00   7.5446000e+00   7.5833000e+00   6.4247000e+00   6.5330000e+00
   7.5085000e+00   7.3590000e+00   7.4897000e+00   7.5420000e+00   6.2603000e+00   6.3111000e+00
   7.2901000e+00   7.2535000e+00   7.3055000e+00   7.3686000e+00   6.2632000e+00   6.3553000e+00
   7.4447000e+00   7.5117000e+00   7.3503000e+00   7.3702000e+00   6.4133000e+00   6.3689000e+00
   7.8063000e+00   7.7951000e+00   7.6645000e+00   7.6788000e+00   6.5299000e+00   6.3982000e+00
   7.8612000e+00   7.7947000e+00   7.7880000e+00   7.8326000e+00   6.7036000e+00   6.6482000e+00
   7.9725000e+00   7.8839000e+00   7.8229000e+00   7.8673000e+00   6.7512000e+00   6.7836000e+00
   8.2534000e+00   8.1051000e+00   8.1073000e+00   8.1387000e+00   6.5744000e+00   6.6675000e+00
   8.3885000e+00   8.2088000e+00   8.2523000e+00   8.2984000e+00   6.3990000e+00   6.3509000e+00
   8.3696000e+00   8.2374000e+00   8.2008000e+00   8.2616000e+00   6.2606000e+00   6.0098000e+00
   8.1574000e+00   8.1492000e+00   8.0762000e+00   8.1473000e+00   6.1039000e+00   5.8444000e+00
   8.0612000e+00   7.8773000e+00   7.9203000e+00   8.0085000e+00   5.8672000e+00   5.7343000e+00
   7.7730000e+00   7.6319000e+00   7.6636000e+00   7.7241000e+00   5.6533000e+00   5.7348000e+00
   7.6038000e+00   7.3805000e+00   7.4476000e+00   7.4658000e+00   5.5523000e+00   5.7239000e+00
   7.2813000e+00   7.0791000e+00   7.1847000e+00   7.2209000e+00   5.3204000e+00   5.6094000e+00
   7.0165000e+00   6.8307000e+00   6.9483000e+00   6.9824000e+00   5.1762000e+00   5.4831000e+00
   6.7421000e+00   6.5555000e+00   6.7027000e+00   6.7137000e+00   5.1351000e+00   5.4060000e+00
   6.5604000e+00   6.3750000e+00   6.4574000e+00   6.4407000e+00   5.2485000e+00   5.4050000e+00
   6.5733000e+00   6.4201000e+00   6.4209000e+00   6.3718000e+00   5.3321000e+00   5.3892000e+00
   6.7118000e+00   6.5279000e+00   6.5411000e+00   6.4699000e+00   5.3584000e+00   5.3218000e+00
   6.9294000e+00   6.6656000e+00   6.7109000e+00   6.6303000e+00   5.3678000e+00   5.3247000e+00
   7.1046000e+00   6.7531000e+00   6.8017000e+00   6.7293000e+00   5.4076000e+00   5.3126000e+00
   7.2456000e+00   6.8677000e+00   6.8941000e+00   6.8296000e+00   5.4762000e+00   5.3751000e+00
   7.3996000e+00   6.9875000e+00   7.0298000e+00   6.9411000e+00   5.5267000e+00   5.4592000e+00
   7.5729000e+00   7.0993000e+00   7.1467000e+00   7.0719000e+00   5.5779000e+00   5.5735000e+00
   7.7143000e+00   7.1870000e+00   7.2373000e+00   7.1458000e+00   5.6754000e+00   5.7738000e+00
   7.8635000e+00   7.3048000e+00   7.3718000e+00   7.2875000e+00   5.7103000e+00   5.6805000e+00
   8.0568000e+00   7.4708000e+00   7.5567000e+00   7.5003000e+00   5.7603000e+00   5.7124000e+00
   8.2177000e+00   7.6464000e+00   7.7204000e+00   7.6696000e+00   5.8553000e+00   5.6962000e+00
   8.3056000e+00   7.7893000e+00   7.8424000e+00   7.8074000e+00   5.8150000e+00   5.6338000e+00
   8.3629000e+00   7.9174000e+00   7.9488000e+00   7.9201000e+00   6.1072000e+00   5.7992000e+00
   8.4752000e+00   8.0696000e+00   8.0956000e+00   8.0745000e+00   6.3269000e+00   5.4588000e+00
   8.5528000e+00   8.1609000e+00   8.1831000e+00   8.1660000e+00   6.3433000e+00   5.1676000e+00
   8.5490000e+00   8.1593000e+00   8.1757000e+00   8.1594000e+00   6.1594000e+00   5.4829000e+00
   8.5574000e+00   8.1935000e+00   8.2103000e+00   8.1954000e+00   5.8788000e+00   5.4591000e+00
   8.5409000e+00   8.2023000e+00   8.2302000e+00   8.2270000e+00   5.7036000e+00   4.9876000e+00
   8.4961000e+00   8.1651000e+00   8.1902000e+00   8.1897000e+00   5.6617000e+00   5.1148000e+00
   8.3529000e+00   8.0494000e+00   8.0966000e+00   8.1187000e+00   5.6039000e+00   5.5035000e+00
   8.1693000e+00   7.8918000e+00   7.9550000e+00   7.9862000e+00   5.4646000e+00   4.8453000e+00
   7.9782000e+00   7.7430000e+00   7.8040000e+00   7.8341000e+00   5.4997000e+00   4.5155000e+00
   7.7986000e+00   7.5849000e+00   7.6521000e+00   7.6889000e+00   5.3976000e+00   5.1607000e+00
   7.6568000e+00   7.4588000e+00   7.5239000e+00   7.5640000e+00   4.9063000e+00   5.2754000e+00
   7.4994000e+00   7.3279000e+00   7.3908000e+00   7.4362000e+00   4.5461000e+00   4.9913000e+00
   7.3173000e+00   7.1647000e+00   7.2338000e+00   7.2836000e+00   4.2839000e+00   5.3263000e+00
   7.0846000e+00   6.9388000e+00   7.0220000e+00   7.0776000e+00   4.3201000e+00   4.8072000e+00
   6.7733000e+00   6.6366000e+00   6.7272000e+00   6.7820000e+00   4.2233000e+00   4.8362000e+00
   6.5172000e+00   6.3971000e+00   6.4872000e+00   6.5448000e+00   3.8755000e+00   4.8239000e+00
   6.2080000e+00   6.1066000e+00   6.2048000e+00   6.2604000e+00   3.9236000e+00   4.9348000e+00
   5.8219000e+00   5.7503000e+00   5.8479000e+00   5.8955000e+00   4.4525000e+00   5.2545000e+00
   5.5152000e+00   5.4690000e+00   5.5630000e+00   5.6050000e+00   4.9110000e+00   5.6456000e+00
   5.2703000e+00   5.2464000e+00   5.3272000e+00   5.3640000e+00   5.4243000e+00   6.2450000e+00
   5.0739000e+00   5.0671000e+00   5.1415000e+00   5.1764000e+00   6.2801000e+00   6.8660000e+00
   4.8838000e+00   4.8881000e+00   4.9602000e+00   4.9940000e+00   6.5819000e+00   7.0389000e+00
   4.7308000e+00   4.7502000e+00   4.8052000e+00   4.8301000e+00   6.6875000e+00   6.8891000e+00
   4.5983000e+00   4.6244000e+00   4.6845000e+00   4.7079000e+00   6.7230000e+00   6.4140000e+00
   4.4348000e+00   4.4583000e+00   4.5313000e+00   4.5603000e+00   6.7152000e+00   6.0011000e+00
   4.2383000e+00   4.2474000e+00   4.3308000e+00   4.3620000e+00   6.5974000e+00   6.0971000e+00
   4.0178000e+00   4.0132000e+00   4.0975000e+00   4.1197000e+00   6.4211000e+00   6.3231000e+00
   3.7681000e+00   3.7649000e+00   3.8421000e+00   3.8610000e+00   6.2198000e+00   6.2851000e+00
   3.5067000e+00   3.5162000e+00   3.5865000e+00   3.6123000e+00   6.0386000e+00   6.0682000e+00
   3.2661000e+00   3.2941000e+00   3.3554000e+00   3.3941000e+00   5.8902000e+00   5.9228000e+00
   3.0255000e+00   3.0680000e+00   3.1227000e+00   3.1670000e+00   5.7305000e+00   5.8292000e+00
   2.7732000e+00   2.8351000e+00   2.8844000e+00   2.9255000e+00   5.6473000e+00   5.7715000e+00
   2.5155000e+00   2.5898000e+00   2.6413000e+00   2.6794000e+00   5.5801000e+00   5.7464000e+00
   2.2601000e+00   2.3360000e+00   2.3877000e+00   2.4206000e+00   5.5343000e+00   5.7238000e+00
   2.0273000e+00   2.1199000e+00   2.1672000e+00   2.1989000e+00   5.4710000e+00   5.6172000e+00
   1.8505000e+00   1.9970000e+00   2.0153000e+00   2.0531000e+00   5.2326000e+00   5.5055000e+00
   1.8132000e+00   2.0159000e+00   2.0004000e+00   2.0501000e+00   4.9121000e+00   5.3227000e+00
   1.7199000e+00   1.9171000e+00   1.9182000e+00   1.9712000e+00   4.7268000e+00   5.0743000e+00
   1.5919000e+00   1.7693000e+00   1.7878000e+00   1.8392000e+00   4.5555000e+00   4.7648000e+00
   1.4319000e+00   1.6059000e+00   1.6188000e+00   1.6672000e+00   4.3850000e+00   4.5330000e+00
   1.3361000e+00   1.5256000e+00   1.5196000e+00   1.5686000e+00   4.2628000e+00   4.3468000e+00
   1.2865000e+00   1.4974000e+00   1.4965000e+00   1.5560000e+00   4.3059000e+00   4.0931000e+00
   1.2389000e+00   1.4695000e+00   1.4943000e+00   1.5727000e+00   4.3052000e+00   3.8247000e+00
   1.2155000e+00   1.4539000e+00   1.5016000e+00   1.6230000e+00   4.1549000e+00   3.6245000e+00
   1.2631000e+00   1.4830000e+00   1.5347000e+00   1.7277000e+00   3.8746000e+00   3.4689000e+00
   1.4406000e+00   1.6192000e+00   1.6549000e+00   1.8971000e+00   3.6882000e+00   3.3902000e+00
   1.6167000e+00   1.7583000e+00   1.7852000e+00   2.0307000e+00   3.5979000e+00   3.3930000e+00
   1.7908000e+00   1.9037000e+00   1.9087000e+00   2.0925000e+00   3.6393000e+00   3.4529000e+00
   2.0199000e+00   2.1205000e+00   2.0988000e+00   2.2086000e+00   3.6675000e+00   3.4438000e+00
   2.2332000e+00   2.3222000e+00   2.2794000e+00   2.3366000e+00   3.6856000e+00   3.4002000e+00
   2.3786000e+00   2.4813000e+00   2.4332000e+00   2.4856000e+00   3.7454000e+00   3.3587000e+00
   2.3952000e+00   2.5034000e+00   2.4807000e+00   2.5609000e+00   3.7869000e+00   3.3139000e+00
   2.3584000e+00   2.4576000e+00   2.4526000e+00   2.5468000e+00   3.8004000e+00   3.3082000e+00
   2.2930000e+00   2.3892000e+00   2.3847000e+00   2.4808000e+00   3.7822000e+00   3.3169000e+00
   2.2121000e+00   2.3120000e+00   2.2983000e+00   2.3922000e+00   3.7761000e+00   3.3377000e+00
   2.1076000e+00   2.2041000e+00   2.1846000e+00   2.2709000e+00   3.7584000e+00   3.3361000e+00
   1.9708000e+00   2.0549000e+00   2.0439000e+00   2.1277000e+00   3.7378000e+00   3.3403000e+00
   1.8192000e+00   1.8923000e+00   1.8916000e+00   1.9807000e+00   3.7441000e+00   3.3400000e+00
   1.6996000e+00   1.7554000e+00   1.7600000e+00   1.8504000e+00   3.7712000e+00   3.3375000e+00
   1.5850000e+00   1.6216000e+00   1.6315000e+00   1.7170000e+00   3.8055000e+00   3.3260000e+00
   1.4820000e+00   1.4943000e+00   1.5126000e+00   1.5913000e+00   3.8140000e+00   3.3530000e+00
   1.4025000e+00   1.3770000e+00   1.3928000e+00   1.4510000e+00   3.8337000e+00   3.4356000e+00
   1.4080000e+00   1.3390000e+00   1.3481000e+00   1.3780000e+00   3.8582000e+00   3.5005000e+00
   1.4732000e+00   1.3694000e+00   1.3678000e+00   1.3707000e+00   3.8880000e+00   3.5493000e+00
   1.5905000e+00   1.4742000e+00   1.4627000e+00   1.4511000e+00   3.9382000e+00   3.6186000e+00
   1.7071000e+00   1.5667000e+00   1.5615000e+00   1.5481000e+00   4.0402000e+00   3.7628000e+00
   1.8440000e+00   1.6655000e+00   1.6638000e+00   1.6432000e+00   4.0708000e+00   3.8821000e+00
   1.9638000e+00   1.7720000e+00   1.7430000e+00   1.6900000e+00   3.6170000e+00   3.6015000e+00
   1.9660000e+00   1.9157000e+00   1.8369000e+00   1.7682000e+00   2.9758000e+00   2.9507000e+00
   1.8308000e+00   1.9715000e+00   1.8804000e+00   1.8485000e+00   2.7061000e+00   2.7510000e+00
   1.6056000e+00   1.8412000e+00   1.7974000e+00   1.8853000e+00   2.8102000e+00   2.8306000e+00
   1.3341000e+00   1.5952000e+00   1.5810000e+00   1.7217000e+00   2.8444000e+00   2.7349000e+00
   9.6070000e-01   1.2995000e+00   1.2888000e+00   1.4604000e+00   2.7951000e+00   2.6099000e+00
   7.2510000e-01   1.0288000e+00   9.8960000e-01   1.1694000e+00   2.7368000e+00   2.5262000e+00
   7.9000000e-01   8.5270000e-01   7.3080000e-01   8.6300000e-01   2.6451000e+00   2.4289000e+00
   1.0653000e+00   8.5910000e-01   6.5540000e-01   6.5290000e-01   2.5704000e+00   2.4191000e+00
   1.4091000e+00   1.0617000e+00   8.3570000e-01   6.5930000e-01   2.5745000e+00   2.4831000e+00
   1.7337000e+00   1.3372000e+00   1.1314000e+00   8.8750000e-01   2.6101000e+00   2.5468000e+00
   1.9960000e+00   1.6019000e+00   1.4511000e+00   1.2301000e+00   2.6764000e+00   2.6185000e+00
   2.2286000e+00   1.8439000e+00   1.7756000e+00   1.5865000e+00   2.7946000e+00   2.7086000e+00
   2.4898000e+00   2.0764000e+00   2.0918000e+00   1.9019000e+00   2.9259000e+00   2.8052000e+00
   2.7672000e+00   2.3150000e+00   2.3711000e+00   2.1594000e+00   3.0604000e+00   2.8964000e+00
   3.0228000e+00   2.5713000e+00   2.6236000e+00   2.3991000e+00   3.1850000e+00   2.9924000e+00
   3.2514000e+00   2.8285000e+00   2.8751000e+00   2.6615000e+00   3.2586000e+00   3.0858000e+00
   3.4768000e+00   3.1022000e+00   3.1637000e+00   2.9867000e+00   3.3167000e+00   3.1452000e+00
   3.7153000e+00   3.4067000e+00   3.4827000e+00   3.3472000e+00   3.4022000e+00   3.1869000e+00
   3.9444000e+00   3.7272000e+00   3.8092000e+00   3.7191000e+00   3.4807000e+00   3.2754000e+00
   4.1821000e+00   4.0472000e+00   4.1410000e+00   4.0996000e+00   3.5869000e+00   3.4949000e+00
   4.4808000e+00   4.3934000e+00   4.4776000e+00   4.4565000e+00   3.7154000e+00   3.7927000e+00
   4.7901000e+00   4.7607000e+00   4.7936000e+00   4.7657000e+00   3.8048000e+00   3.9549000e+00
   5.0105000e+00   5.0698000e+00   5.0514000e+00   5.0330000e+00   3.7570000e+00   3.9992000e+00
   5.2345000e+00   5.3145000e+00   5.2983000e+00   5.2894000e+00   3.5717000e+00   4.1124000e+00
   5.5563000e+00   5.5947000e+00   5.6146000e+00   5.6167000e+00   3.7647000e+00   4.3064000e+00
   5.9269000e+00   5.9347000e+00   5.9804000e+00   6.0121000e+00   4.7267000e+00   4.5273000e+00
   6.3737000e+00   6.3573000e+00   6.4129000e+00   6.4645000e+00   5.2793000e+00   4.7432000e+00
   6.8159000e+00   6.8327000e+00   6.8554000e+00   6.8906000e+00   5.0778000e+00   4.9694000e+00
   7.1332000e+00   7.1726000e+00   7.1488000e+00   7.1498000e+00   5.1838000e+00   5.2046000e+00
   7.3400000e+00   7.3673000e+00   7.3782000e+00   7.3943000e+00   5.5411000e+00   5.3905000e+00
   7.5697000e+00   7.5785000e+00   7.6843000e+00   7.7359000e+00   5.7005000e+00   5.5073000e+00
   7.9108000e+00   7.8752000e+00   8.0591000e+00   8.0932000e+00   5.7340000e+00   5.5759000e+00
   8.3574000e+00   8.2289000e+00   8.4451000e+00   8.4239000e+00   5.7866000e+00   5.5889000e+00
   8.8067000e+00   8.5666000e+00   8.7529000e+00   8.6682000e+00   5.8047000e+00   5.5366000e+00
   9.2282000e+00   8.8378000e+00   9.0033000e+00   8.8675000e+00   5.8432000e+00   5.4736000e+00
   9.5580000e+00   9.0524000e+00   9.1984000e+00   9.0251000e+00   5.8433000e+00   5.4186000e+00
   9.7607000e+00   9.2034000e+00   9.3136000e+00   9.1322000e+00   5.6892000e+00   5.4082000e+00
   9.8516000e+00   9.3188000e+00   9.3782000e+00   9.1937000e+00   5.6441000e+00   5.3668000e+00
   9.8457000e+00   9.3458000e+00   9.3643000e+00   9.2055000e+00   5.6110000e+00   5.2966000e+00
   9.7887000e+00   9.3540000e+00   9.3676000e+00   9.2394000e+00   5.7451000e+00   5.4024000e+00
   9.7896000e+00   9.3670000e+00   9.3503000e+00   9.2071000e+00   5.9339000e+00   5.5400000e+00
   9.7346000e+00   9.3756000e+00   9.3024000e+00   9.1566000e+00   6.0361000e+00   5.6163000e+00
   9.6262000e+00   9.3627000e+00   9.2381000e+00   9.1275000e+00   6.0522000e+00   5.6845000e+00
   9.4999000e+00   9.3362000e+00   9.1926000e+00   9.0956000e+00   6.3383000e+00   5.9832000e+00
   9.4055000e+00   9.3243000e+00   9.1868000e+00   9.1251000e+00   6.7359000e+00   6.3951000e+00
   9.3308000e+00   9.3757000e+00   9.2108000e+00   9.1603000e+00   7.1320000e+00   6.9879000e+00
   9.1914000e+00   9.3757000e+00   9.1679000e+00   9.1415000e+00   7.4944000e+00   7.6077000e+00
   9.0352000e+00   9.3345000e+00   9.0987000e+00   9.0918000e+00   7.8729000e+00   8.1782000e+00
   8.9673000e+00   9.2792000e+00   9.0610000e+00   9.0436000e+00   8.5045000e+00   8.7345000e+00
   8.9919000e+00   9.1887000e+00   9.0262000e+00   8.9629000e+00   9.0685000e+00   9.1744000e+00
   9.0509000e+00   9.1386000e+00   9.0392000e+00   8.9545000e+00   9.5793000e+00   1.0482400e+01
   9.1138000e+00   9.1416000e+00   9.0792000e+00   8.9828000e+00   9.9384000e+00   1.1273100e+01
   9.1174000e+00   9.0982000e+00   9.0710000e+00   8.9746000e+00   1.1199700e+01   1.1435500e+01
   9.0724000e+00   8.9925000e+00   8.9927000e+00   8.8893000e+00   1.1456600e+01   1.1202800e+01
   9.0085000e+00   8.8861000e+00   8.9318000e+00   8.8418000e+00   1.1250500e+01   1.0863300e+01
   8.9592000e+00   8.8141000e+00   8.9043000e+00   8.8274000e+00   1.0832300e+01   1.0691700e+01
   8.9851000e+00   8.8227000e+00   8.9542000e+00   8.8933000e+00   1.0593700e+01   1.0694300e+01
   9.1257000e+00   8.9308000e+00   9.0717000e+00   8.9998000e+00   1.0459700e+01   1.0899900e+01
   9.2674000e+00   9.0387000e+00   9.1695000e+00   9.0690000e+00   1.0759100e+01   1.0995300e+01
   9.4085000e+00   9.1366000e+00   9.2941000e+00   9.1754000e+00   1.0933700e+01   1.1011500e+01
   9.5918000e+00   9.2655000e+00   9.4777000e+00   9.3650000e+00   1.0961500e+01   1.0964600e+01
   9.7574000e+00   9.4358000e+00   9.6499000e+00   9.5425000e+00   1.0942600e+01   1.0944200e+01
   9.8138000e+00   9.5401000e+00   9.7363000e+00   9.6457000e+00   1.0866600e+01   1.0850800e+01
   9.8215000e+00   9.5831000e+00   9.7787000e+00   9.7081000e+00   1.0719200e+01   1.0721800e+01
   9.9339000e+00   9.6411000e+00   9.8757000e+00   9.7923000e+00   1.0569500e+01   1.0625600e+01
   1.0075500e+01   9.7030000e+00   9.9500000e+00   9.8065000e+00   1.0417900e+01   1.0569800e+01
   1.0135500e+01   9.7437000e+00   9.9803000e+00   9.7712000e+00   1.0208400e+01   1.0489900e+01
   1.0145800e+01   9.7657000e+00   9.9823000e+00   9.7198000e+00   1.0030200e+01   1.0406700e+01
   1.0140500e+01   9.7776000e+00   9.9824000e+00   9.6954000e+00   9.9672000e+00   1.0320800e+01
   1.0105300e+01   9.7509000e+00   9.9745000e+00   9.6997000e+00   9.9784000e+00   1.0229100e+01
   1.0097300e+01   9.8040000e+00   1.0014800e+01   9.7713000e+00   9.9763000e+00   1.0133800e+01
   1.0019900e+01   9.8361000e+00   9.9936000e+00   9.7782000e+00   9.8844000e+00   1.0042900e+01
   9.9852000e+00   9.8267000e+00   9.9657000e+00   9.7519000e+00   9.7780000e+00   1.0031700e+01
   9.9648000e+00   9.7300000e+00   9.9111000e+00   9.6786000e+00   9.7027000e+00   1.0050900e+01
   1.0009700e+01   9.7080000e+00   9.9202000e+00   9.6794000e+00   9.7048000e+00   1.0075900e+01
   1.0130300e+01   9.7724000e+00   1.0018800e+01   9.7639000e+00   9.7851000e+00   1.0085200e+01
   1.0252200e+01   9.8856000e+00   1.0140000e+01   9.8785000e+00   9.8863000e+00   1.0068600e+01
   1.0369000e+01   1.0020200e+01   1.0272200e+01   1.0023900e+01   9.9618000e+00   1.0070500e+01
   1.0442700e+01   1.0106800e+01   1.0360300e+01   1.0130700e+01   9.9766000e+00   1.0139100e+01
   1.0521000e+01   1.0182600e+01   1.0441600e+01   1.0227200e+01   9.9717000e+00   1.0196500e+01
   1.0624700e+01   1.0288700e+01   1.0549300e+01   1.0347800e+01   1.0008700e+01   1.0226100e+01
   1.0745000e+01   1.0414500e+01   1.0680900e+01   1.0483500e+01   1.0047600e+01   1.0231800e+01
   1.0831600e+01   1.0529700e+01   1.0783500e+01   1.0585000e+01   1.0046500e+01   1.0177200e+01
   1.0874500e+01   1.0586500e+01   1.0832800e+01   1.0630300e+01   1.0014900e+01   1.0127800e+01
   1.0825000e+01   1.0544600e+01   1.0789900e+01   1.0582200e+01   9.9092000e+00   1.0108000e+01
   1.0740000e+01   1.0465100e+01   1.0703300e+01   1.0482900e+01   9.7291000e+00   1.0046500e+01
   1.0692600e+01   1.0412800e+01   1.0634300e+01   1.0392400e+01   9.5949000e+00   9.9646000e+00
   1.0704400e+01   1.0406500e+01   1.0613300e+01   1.0342900e+01   9.5629000e+00   9.9008000e+00
   1.0761800e+01   1.0456000e+01   1.0647000e+01   1.0361400e+01   9.5528000e+00   9.8442000e+00
   1.0869700e+01   1.0567200e+01   1.0739900e+01   1.0459600e+01   9.5053000e+00   9.7416000e+00
   1.0763700e+01   1.0590500e+01   1.0706000e+01   1.0538400e+01   9.2748000e+00   9.5112000e+00
   1.0527600e+01   1.0485200e+01   1.0547500e+01   1.0453300e+01   8.7919000e+00   9.1088000e+00
   1.0167300e+01   1.0244100e+01   1.0326200e+01   1.0312200e+01   8.4710000e+00   8.7397000e+00
   1.0031300e+01   1.0023600e+01   1.0056500e+01   1.0020300e+01   8.5413000e+00   8.8292000e+00
   9.6560000e+00   9.6542000e+00   9.7543000e+00   9.9314000e+00   7.6867000e+00   8.1566000e+00
   9.7818000e+00   9.7660000e+00   9.7449000e+00   9.7878000e+00   6.7585000e+00   7.3893000e+00
   9.6421000e+00   9.7252000e+00   9.7633000e+00   9.9386000e+00   6.4233000e+00   7.2754000e+00
   9.4275000e+00   9.6189000e+00   9.6286000e+00   9.8811000e+00   6.7836000e+00   7.3812000e+00
   9.3729000e+00   9.5316000e+00   9.5769000e+00   9.8103000e+00   6.6974000e+00   7.3117000e+00
   9.5530000e+00   9.6334000e+00   9.7535000e+00   9.9194000e+00   6.4500000e+00   7.1497000e+00
   9.7123000e+00   9.7987000e+00   9.8898000e+00   1.0150200e+01   6.2534000e+00   7.0300000e+00
   9.8035000e+00   9.7686000e+00   9.8671000e+00   1.0096800e+01   6.1362000e+00   7.0095000e+00
   9.7626000e+00   9.6267000e+00   9.7325000e+00   9.9620000e+00   6.1722000e+00   7.2319000e+00
   9.6041000e+00   9.4150000e+00   9.5129000e+00   9.7665000e+00   6.4812000e+00   7.3484000e+00
   9.4150000e+00   9.1803000e+00   9.2984000e+00   9.5799000e+00   6.6504000e+00   7.3402000e+00
   9.2526000e+00   8.9921000e+00   9.1302000e+00   9.4522000e+00   6.6428000e+00   7.2699000e+00
   9.1125000e+00   8.8305000e+00   8.9848000e+00   9.3317000e+00   6.5401000e+00   7.1313000e+00
   8.9808000e+00   8.6667000e+00   8.8442000e+00   9.1954000e+00   6.3902000e+00   6.9537000e+00
   8.9632000e+00   8.4792000e+00   8.7434000e+00   9.0531000e+00   6.2110000e+00   6.7778000e+00
   9.0172000e+00   8.4135000e+00   8.7025000e+00   8.9460000e+00   5.9493000e+00   6.5683000e+00
   9.0141000e+00   8.3628000e+00   8.6106000e+00   8.8251000e+00   5.6743000e+00   6.3344000e+00
   8.8981000e+00   8.1841000e+00   8.4222000e+00   8.6085000e+00   5.4492000e+00   6.0872000e+00
   8.7508000e+00   7.9560000e+00   8.2018000e+00   8.3499000e+00   5.2427000e+00   5.8416000e+00
   8.5545000e+00   7.7008000e+00   7.9814000e+00   8.1380000e+00   5.0416000e+00   5.5493000e+00
   8.3740000e+00   7.4977000e+00   7.8033000e+00   7.9905000e+00   4.8943000e+00   5.2752000e+00
   8.2002000e+00   7.3063000e+00   7.6296000e+00   7.8632000e+00   4.7675000e+00   5.0576000e+00
   8.0524000e+00   7.1426000e+00   7.4981000e+00   7.7923000e+00   4.6293000e+00   4.8764000e+00
   7.9298000e+00   7.0224000e+00   7.4124000e+00   7.7801000e+00   4.4826000e+00   4.7116000e+00
   7.8603000e+00   6.9747000e+00   7.4084000e+00   7.8935000e+00   4.3384000e+00   4.5670000e+00
   7.8297000e+00   7.0121000e+00   7.4617000e+00   8.0606000e+00   4.2478000e+00   4.4781000e+00
   7.8297000e+00   7.1415000e+00   7.5602000e+00   8.2735000e+00   4.1663000e+00   4.3882000e+00
   7.8161000e+00   7.3190000e+00   7.6897000e+00   8.5236000e+00   4.0914000e+00   4.2809000e+00
   7.8100000e+00   7.5377000e+00   7.8348000e+00   8.7526000e+00   4.0013000e+00   4.1546000e+00
   7.8112000e+00   7.7501000e+00   7.9662000e+00   8.8945000e+00   3.8614000e+00   4.0624000e+00
   7.7953000e+00   7.9451000e+00   8.0927000e+00   8.9785000e+00   3.7723000e+00   4.0017000e+00
   7.7470000e+00   8.1391000e+00   8.2150000e+00   8.9935000e+00   3.6958000e+00   3.9173000e+00
   7.7313000e+00   8.3605000e+00   8.3507000e+00   8.9529000e+00   3.6462000e+00   3.8734000e+00
   7.8449000e+00   8.6240000e+00   8.4858000e+00   8.8527000e+00   3.7070000e+00   3.8754000e+00
   8.0127000e+00   8.7169000e+00   8.4400000e+00   8.6296000e+00   3.7875000e+00   3.9227000e+00
   8.1644000e+00   8.5791000e+00   8.3494000e+00   8.6009000e+00   3.9089000e+00   4.0166000e+00
   8.2055000e+00   8.5186000e+00   8.3971000e+00   8.8636000e+00   4.1198000e+00   4.1748000e+00
   8.2652000e+00   8.7588000e+00   8.6493000e+00   9.3244000e+00   4.3073000e+00   4.3853000e+00
   8.3897000e+00   9.2408000e+00   9.0346000e+00   9.8009000e+00   4.4143000e+00   4.5660000e+00
   8.6587000e+00   9.7679000e+00   9.3826000e+00   9.9887000e+00   4.5454000e+00   4.7622000e+00
   8.8448000e+00   9.9826000e+00   9.5165000e+00   1.0022100e+01   4.9208000e+00   4.8950000e+00
   8.9824000e+00   1.0061400e+01   9.6017000e+00   1.0062500e+01   5.3774000e+00   5.0708000e+00
   9.0334000e+00   1.0133300e+01   9.6798000e+00   1.0106000e+01   5.8219000e+00   5.3244000e+00
   9.0911000e+00   1.0132200e+01   9.7558000e+00   1.0076800e+01   5.9844000e+00   5.3101000e+00
   9.3291000e+00   1.0194200e+01   9.9473000e+00   1.0155700e+01   6.0434000e+00   5.4182000e+00
   9.4864000e+00   1.0285800e+01   1.0022000e+01   1.0351500e+01   6.3271000e+00   5.6062000e+00
   9.3134000e+00   1.0289400e+01   1.0024600e+01   1.0407000e+01   6.5975000e+00   5.8353000e+00
   9.3659000e+00   1.0183300e+01   9.9616000e+00   1.0322700e+01   6.7465000e+00   6.0363000e+00
   9.4796000e+00   1.0026400e+01   9.9118000e+00   1.0202500e+01   6.6861000e+00   6.2154000e+00
   9.5964000e+00   1.0032800e+01   9.9535000e+00   1.0211500e+01   6.5580000e+00   6.3816000e+00
   9.5123000e+00   9.9086000e+00   9.8877000e+00   1.0133600e+01   6.5577000e+00   6.5985000e+00
   9.4100000e+00   9.7645000e+00   9.7626000e+00   1.0003400e+01   6.5522000e+00   7.0354000e+00
   9.0927000e+00   9.3994000e+00   9.4221000e+00   9.6618000e+00   6.5072000e+00   8.1400000e+00
   8.7822000e+00   9.0291000e+00   9.1126000e+00   9.3228000e+00   6.5039000e+00   9.4903000e+00
   8.6686000e+00   8.8412000e+00   9.0301000e+00   9.2204000e+00   7.0210000e+00   9.5331000e+00
   8.7865000e+00   8.8314000e+00   9.0189000e+00   9.2119000e+00   8.0456000e+00   9.1134000e+00
   8.9840000e+00   9.0369000e+00   9.0969000e+00   9.2052000e+00   8.8783000e+00   8.8743000e+00
   9.1603000e+00   9.1952000e+00   9.2349000e+00   9.3211000e+00   8.3666000e+00   8.6665000e+00
   9.4327000e+00   9.4927000e+00   9.4356000e+00   9.4908000e+00   8.2625000e+00   8.5533000e+00
   9.2753000e+00   9.3347000e+00   9.4997000e+00   9.6620000e+00   8.2207000e+00   8.4657000e+00
   8.9038000e+00   8.9944000e+00   9.1227000e+00   9.2814000e+00   8.2142000e+00   8.3614000e+00
   8.7442000e+00   8.7618000e+00   8.9625000e+00   8.9915000e+00   8.2079000e+00   8.2672000e+00
   8.8658000e+00   8.9175000e+00   8.9864000e+00   9.0013000e+00   8.1279000e+00   8.1877000e+00
   8.5238000e+00   8.7572000e+00   8.7728000e+00   8.8754000e+00   8.0415000e+00   8.1128000e+00
   8.2820000e+00   8.4322000e+00   8.6058000e+00   8.7682000e+00   7.9529000e+00   8.0653000e+00
   8.0982000e+00   8.1638000e+00   8.3498000e+00   8.4670000e+00   7.8333000e+00   8.0139000e+00
   7.9517000e+00   7.9276000e+00   8.1605000e+00   8.2562000e+00   7.6682000e+00   7.9225000e+00
   7.9473000e+00   7.8834000e+00   8.0390000e+00   8.0470000e+00   7.5462000e+00   7.8173000e+00
   8.1270000e+00   7.9968000e+00   8.1228000e+00   8.0692000e+00   7.4942000e+00   7.7688000e+00
