   6.2200000e-01   6.5970000e-01   6.2660000e-01   6.3860000e-01  -1.5879000e+00  -1.8248000e+00
   7.8510000e-01   8.5000000e-01   8.0810000e-01   8.3360000e-01  -1.5806000e+00  -1.7953000e+00
   8.6860000e-01   9.5360000e-01   9.1350000e-01   9.4440000e-01  -1.5486000e+00  -1.7114000e+00
   8.5860000e-01   9.9700000e-01   9.4640000e-01   9.8170000e-01  -1.4380000e+00  -1.6865000e+00
   9.4540000e-01   1.1263000e+00   1.0667000e+00   1.0989000e+00  -1.4045000e+00  -1.7002000e+00
   8.6970000e-01   1.1325000e+00   1.0778000e+00   1.1505000e+00  -1.3644000e+00  -1.6644000e+00
   7.8450000e-01   1.0464000e+00   1.0018000e+00   1.0813000e+00  -1.3045000e+00  -1.6700000e+00
   8.5960000e-01   1.1639000e+00   1.1132000e+00   1.2278000e+00  -1.2839000e+00  -1.5836000e+00
   8.3650000e-01   1.1631000e+00   1.1205000e+00   1.2760000e+00  -1.3785000e+00  -1.5728000e+00
   7.3650000e-01   1.0541000e+00   1.0272000e+00   1.1998000e+00  -1.3408000e+00  -1.5597000e+00
   8.1300000e-01   1.1114000e+00   1.0850000e+00   1.2646000e+00  -1.4821000e+00  -1.7116000e+00
   8.6980000e-01   1.1691000e+00   1.1482000e+00   1.3386000e+00  -1.6035000e+00  -1.8675000e+00
   7.6330000e-01   1.0697000e+00   1.0606000e+00   1.2686000e+00  -1.7324000e+00  -2.0728000e+00
   6.8940000e-01   9.2840000e-01   9.3830000e-01   1.1095000e+00  -1.8131000e+00  -2.1685000e+00
   7.1830000e-01   9.8800000e-01   9.9130000e-01   1.1722000e+00  -1.9375000e+00  -2.2807000e+00
   5.7590000e-01   8.8090000e-01   8.7920000e-01   1.0740000e+00  -2.0201000e+00  -2.3215000e+00
   2.8650000e-01   6.0670000e-01   6.1810000e-01   8.0650000e-01  -2.1832000e+00  -2.3963000e+00
   1.8610000e-01   5.2030000e-01   5.3200000e-01   6.9150000e-01  -2.2211000e+00  -2.3791000e+00
   5.8300000e-02   4.4750000e-01   4.5300000e-01   6.0990000e-01  -2.1108000e+00  -2.3266000e+00
  -5.2700000e-02   3.3290000e-01   3.6220000e-01   5.0890000e-01  -1.8913000e+00  -2.1451000e+00
  -5.9000000e-02   2.8850000e-01   3.1310000e-01   4.3210000e-01  -1.9250000e+00  -2.1533000e+00
  -1.1910000e-01   1.3380000e-01   1.4630000e-01   2.2210000e-01  -1.9763000e+00  -2.1252000e+00
  -3.0880000e-01  -1.0200000e-01  -8.7100000e-02  -4.4000000e-02  -1.9297000e+00  -2.0856000e+00
  -4.9650000e-01  -2.8430000e-01  -2.3340000e-01  -2.0380000e-01  -1.8601000e+00  -1.9613000e+00
  -5.9840000e-01  -2.9150000e-01  -2.4600000e-01  -2.1670000e-01  -1.8785000e+00  -1.8876000e+00
  -8.8980000e-01  -4.5710000e-01  -4.1920000e-01  -3.6170000e-01  -1.8798000e+00  -1.8256000e+00
  -1.1373000e+00  -6.3890000e-01  -6.0610000e-01  -5.1980000e-01  -1.7083000e+00  -1.6009000e+00
  -1.3422000e+00  -8.0400000e-01  -7.7620000e-01  -6.2920000e-01  -1.4431000e+00  -1.2586000e+00
  -1.4804000e+00  -8.5910000e-01  -8.7380000e-01  -6.3290000e-01  -1.1817000e+00  -9.3420000e-01
  -1.6830000e+00  -1.0417000e+00  -1.0836000e+00  -7.8940000e-01  -8.6770000e-01  -5.9680000e-01
  -1.8415000e+00  -1.2322000e+00  -1.2854000e+00  -1.0010000e+00  -7.3000000e-01  -4.4330000e-01
  -2.1346000e+00  -1.5587000e+00  -1.5863000e+00  -1.3138000e+00  -6.9470000e-01  -4.2590000e-01
  -2.3656000e+00  -1.8804000e+00  -1.8855000e+00  -1.6843000e+00  -6.6740000e-01  -3.5890000e-01
  -2.5796000e+00  -2.1624000e+00  -2.1605000e+00  -1.9968000e+00  -2.6080000e-01   2.6300000e-02
  -2.8016000e+00  -2.5033000e+00  -2.4850000e+00  -2.3488000e+00   4.8300000e-02   2.2610000e-01
  -2.9696000e+00  -2.7922000e+00  -2.7554000e+00  -2.6423000e+00   2.3620000e-01   3.7420000e-01
  -3.1006000e+00  -3.0097000e+00  -2.9423000e+00  -2.8408000e+00   4.4660000e-01   6.5690000e-01
  -3.1591000e+00  -3.1145000e+00  -3.0442000e+00  -2.9587000e+00   6.7790000e-01   9.1240000e-01
  -3.3134000e+00  -3.2907000e+00  -3.1824000e+00  -3.0875000e+00   9.4660000e-01   1.0830000e+00
  -3.4795000e+00  -3.4875000e+00  -3.4423000e+00  -3.4071000e+00   1.2232000e+00   1.2439000e+00
  -3.7947000e+00  -3.7897000e+00  -3.8262000e+00  -3.8316000e+00   1.2465000e+00   1.2467000e+00
  -4.1695000e+00  -4.1841000e+00  -4.2004000e+00  -4.2266000e+00   1.2827000e+00   1.3428000e+00
  -4.4223000e+00  -4.4510000e+00  -4.4995000e+00  -4.5513000e+00   1.4839000e+00   1.6668000e+00
  -4.6450000e+00  -4.7639000e+00  -4.8210000e+00  -4.9224000e+00   1.8599000e+00   2.1650000e+00
  -4.9927000e+00  -5.1023000e+00  -5.1443000e+00  -5.2653000e+00   2.1664000e+00   2.5961000e+00
  -5.4421000e+00  -5.6299000e+00  -5.6455000e+00  -5.8454000e+00   1.9726000e+00   2.4729000e+00
  -5.8023000e+00  -6.1277000e+00  -6.1562000e+00  -6.4499000e+00   1.9473000e+00   2.4086000e+00
  -6.3262000e+00  -6.5899000e+00  -6.6267000e+00  -6.8459000e+00   1.9610000e+00   2.3570000e+00
  -6.6497000e+00  -6.8155000e+00  -6.7789000e+00  -6.8698000e+00   2.1544000e+00   2.4224000e+00
  -6.7272000e+00  -6.9024000e+00  -6.7857000e+00  -6.8340000e+00   2.2936000e+00   2.3785000e+00
  -7.0589000e+00  -7.2036000e+00  -7.0735000e+00  -7.1011000e+00   2.3238000e+00   2.2046000e+00
  -6.8078000e+00  -6.9471000e+00  -6.8802000e+00  -6.9891000e+00   2.4063000e+00   2.1124000e+00
  -6.8122000e+00  -6.6537000e+00  -6.7495000e+00  -6.8236000e+00   2.5825000e+00   2.1255000e+00
  -6.9559000e+00  -6.7817000e+00  -6.9009000e+00  -6.9858000e+00   2.8742000e+00   2.1266000e+00
  -7.0569000e+00  -7.0591000e+00  -7.0799000e+00  -7.1799000e+00   3.0863000e+00   2.1656000e+00
  -7.3716000e+00  -7.5240000e+00  -7.4917000e+00  -7.5538000e+00   3.1465000e+00   2.1695000e+00
  -7.5338000e+00  -7.7768000e+00  -7.6434000e+00  -7.6380000e+00   2.9118000e+00   2.1814000e+00
  -7.6507000e+00  -7.7116000e+00  -7.6809000e+00  -7.5804000e+00   2.3319000e+00   2.2019000e+00
  -7.8818000e+00  -7.9025000e+00  -7.9067000e+00  -7.8597000e+00   1.7204000e+00   2.1801000e+00
  -7.8885000e+00  -7.8414000e+00  -7.9057000e+00  -7.9023000e+00   1.6809000e+00   2.1511000e+00
  -7.9764000e+00  -7.8576000e+00  -8.0099000e+00  -8.0206000e+00   2.4966000e+00   2.2475000e+00
  -8.0896000e+00  -7.7524000e+00  -7.8943000e+00  -7.7748000e+00   3.1539000e+00   2.3544000e+00
  -7.8846000e+00  -7.6681000e+00  -7.6818000e+00  -7.5679000e+00   3.0316000e+00   2.3546000e+00
  -7.5597000e+00  -7.4548000e+00  -7.5561000e+00  -7.5621000e+00   3.0963000e+00   2.2621000e+00
  -7.5505000e+00  -7.4779000e+00  -7.5532000e+00  -7.5778000e+00   3.0829000e+00   2.0256000e+00
  -7.4878000e+00  -7.3898000e+00  -7.4575000e+00  -7.4867000e+00   1.3443000e+00   1.8263000e+00
  -7.4297000e+00  -7.3836000e+00  -7.3940000e+00  -7.3998000e+00  -7.7000000e-03   1.8884000e+00
  -7.3264000e+00  -7.3448000e+00  -7.2432000e+00  -7.2366000e+00  -2.2960000e-01   1.6046000e+00
  -7.2532000e+00  -7.2287000e+00  -7.1278000e+00  -7.0993000e+00  -4.5530000e-01   1.1611000e+00
  -7.1143000e+00  -7.0649000e+00  -7.0000000e+00  -6.9472000e+00  -6.1130000e-01   6.2700000e-01
  -6.8595000e+00  -6.8225000e+00  -6.7914000e+00  -6.7552000e+00  -6.5390000e-01  -1.1680000e-01
  -6.5889000e+00  -6.5821000e+00  -6.4691000e+00  -6.4244000e+00  -6.8850000e-01  -7.7330000e-01
  -6.5186000e+00  -6.4230000e+00  -6.2089000e+00  -6.0624000e+00  -9.8110000e-01  -1.1540000e+00
  -6.5484000e+00  -6.3215000e+00  -6.0597000e+00  -5.8318000e+00  -1.6801000e+00  -1.4444000e+00
  -6.5770000e+00  -6.4801000e+00  -6.1933000e+00  -5.9246000e+00  -2.5063000e+00  -1.6883000e+00
  -6.2726000e+00  -6.4344000e+00  -6.2162000e+00  -6.1256000e+00  -3.9152000e+00  -2.1303000e+00
  -5.8728000e+00  -6.1234000e+00  -6.0029000e+00  -6.1074000e+00  -6.1626000e+00  -2.6673000e+00
  -5.5265000e+00  -5.6902000e+00  -5.6701000e+00  -5.8089000e+00  -6.1945000e+00  -3.2053000e+00
  -5.2231000e+00  -5.2744000e+00  -5.2845000e+00  -5.3709000e+00  -6.0410000e+00  -5.7138000e+00
  -5.0441000e+00  -4.9941000e+00  -5.0071000e+00  -5.0119000e+00  -6.3204000e+00  -6.3626000e+00
  -4.9019000e+00  -4.8970000e+00  -4.8767000e+00  -4.8605000e+00  -6.4623000e+00  -6.5364000e+00
  -4.6505000e+00  -4.7309000e+00  -4.6768000e+00  -4.6943000e+00  -6.4890000e+00  -6.3338000e+00
  -4.3724000e+00  -4.5010000e+00  -4.4480000e+00  -4.5121000e+00  -6.4429000e+00  -5.9446000e+00
  -4.2258000e+00  -4.3063000e+00  -4.2487000e+00  -4.3028000e+00  -6.2479000e+00  -5.7177000e+00
  -4.2802000e+00  -4.3555000e+00  -4.2389000e+00  -4.2245000e+00  -5.4678000e+00  -5.2760000e+00
  -4.4480000e+00  -4.5928000e+00  -4.4064000e+00  -4.4186000e+00  -4.9673000e+00  -4.7401000e+00
  -4.6979000e+00  -4.8900000e+00  -4.6895000e+00  -4.7006000e+00  -3.8919000e+00  -3.8046000e+00
  -4.6605000e+00  -4.8305000e+00  -4.7546000e+00  -4.8539000e+00  -4.2389000e+00  -3.5399000e+00
  -4.9225000e+00  -4.9256000e+00  -4.9451000e+00  -5.0108000e+00  -4.0097000e+00  -2.8881000e+00
  -4.8493000e+00  -4.7363000e+00  -4.8288000e+00  -4.9045000e+00  -4.2283000e+00  -3.8487000e+00
  -4.9860000e+00  -4.7942000e+00  -4.7671000e+00  -4.6283000e+00  -4.0312000e+00  -4.0568000e+00
  -5.2257000e+00  -5.3735000e+00  -5.1718000e+00  -5.1046000e+00  -3.4619000e+00  -3.3913000e+00
  -4.8350000e+00  -5.1651000e+00  -4.9924000e+00  -5.0797000e+00  -4.1743000e+00  -3.3639000e+00
  -3.8055000e+00  -3.8914000e+00  -3.8620000e+00  -3.9361000e+00  -5.2833000e+00  -3.9088000e+00
  -2.9865000e+00  -3.0262000e+00  -3.2114000e+00  -3.3695000e+00  -5.2734000e+00  -4.5906000e+00
  -3.8667000e+00  -3.8536000e+00  -3.9529000e+00  -3.9534000e+00  -5.0407000e+00  -5.6803000e+00
  -3.7514000e+00  -3.7036000e+00  -3.7336000e+00  -3.7155000e+00  -4.7847000e+00  -6.0334000e+00
  -4.9658000e+00  -5.0377000e+00  -4.9874000e+00  -4.9758000e+00  -4.6123000e+00  -5.5304000e+00
  -5.1754000e+00  -5.4435000e+00  -5.4243000e+00  -5.6066000e+00  -3.8905000e+00  -4.1068000e+00
  -5.9851000e+00  -5.8744000e+00  -5.9296000e+00  -5.8975000e+00  -3.0223000e+00  -2.8662000e+00
  -7.0290000e+00  -6.6889000e+00  -6.7204000e+00  -6.5770000e+00  -2.2017000e+00  -2.0440000e+00
  -7.5725000e+00  -7.5660000e+00  -7.6467000e+00  -7.6653000e+00  -2.0814000e+00  -1.5314000e+00
  -8.2018000e+00  -8.2287000e+00  -8.1079000e+00  -7.9654000e+00  -2.4128000e+00  -1.3910000e+00
  -7.3490000e+00  -7.3977000e+00  -7.5480000e+00  -7.6852000e+00  -2.9991000e+00  -1.9713000e+00
  -6.8466000e+00  -7.0909000e+00  -7.2264000e+00  -7.4403000e+00  -4.0508000e+00  -2.7644000e+00
  -6.1361000e+00  -6.2447000e+00  -6.3255000e+00  -6.4472000e+00  -3.9627000e+00  -3.5364000e+00
  -6.1354000e+00  -6.1502000e+00  -6.1753000e+00  -6.2006000e+00  -3.8330000e+00  -4.4727000e+00
  -6.0628000e+00  -6.0780000e+00  -6.1292000e+00  -6.1656000e+00  -3.4232000e+00  -3.9952000e+00
  -5.9725000e+00  -5.9983000e+00  -6.0622000e+00  -6.0951000e+00  -2.9801000e+00  -3.3395000e+00
  -5.7395000e+00  -5.8595000e+00  -5.7868000e+00  -5.8476000e+00  -3.1228000e+00  -2.7010000e+00
  -5.7090000e+00  -5.8733000e+00  -5.8534000e+00  -5.9268000e+00  -3.3025000e+00  -2.4381000e+00
  -5.5458000e+00  -5.6474000e+00  -5.5713000e+00  -5.5842000e+00  -3.6642000e+00  -2.8640000e+00
  -5.3015000e+00  -5.3695000e+00  -5.3342000e+00  -5.3496000e+00  -3.2211000e+00  -3.2071000e+00
  -4.9936000e+00  -5.0117000e+00  -5.0474000e+00  -5.0701000e+00  -2.5088000e+00  -3.2181000e+00
  -4.5166000e+00  -4.5629000e+00  -4.5903000e+00  -4.6333000e+00  -2.0610000e+00  -2.5856000e+00
  -4.2174000e+00  -4.2234000e+00  -4.2635000e+00  -4.3111000e+00  -1.9608000e+00  -2.2612000e+00
  -4.0386000e+00  -4.0003000e+00  -3.9874000e+00  -3.9806000e+00  -1.7704000e+00  -2.0000000e+00
  -3.9383000e+00  -3.9582000e+00  -3.9056000e+00  -3.8823000e+00  -1.6621000e+00  -2.0059000e+00
  -3.6820000e+00  -3.7156000e+00  -3.7847000e+00  -3.8329000e+00  -1.7306000e+00  -2.0363000e+00
  -3.1527000e+00  -3.2115000e+00  -3.2722000e+00  -3.3418000e+00  -1.7350000e+00  -1.8931000e+00
  -2.9459000e+00  -2.9861000e+00  -2.9013000e+00  -2.8795000e+00  -1.7488000e+00  -1.6873000e+00
  -2.8787000e+00  -2.8767000e+00  -2.8302000e+00  -2.8108000e+00  -1.8223000e+00  -1.5505000e+00
  -2.7647000e+00  -2.7706000e+00  -2.7387000e+00  -2.7580000e+00  -1.8849000e+00  -1.4854000e+00
  -2.7370000e+00  -2.7048000e+00  -2.6537000e+00  -2.6248000e+00  -1.6961000e+00  -1.4851000e+00
  -2.6445000e+00  -2.6901000e+00  -2.6554000e+00  -2.7090000e+00  -1.3413000e+00  -1.3870000e+00
  -2.7565000e+00  -2.8659000e+00  -2.8010000e+00  -2.9468000e+00  -1.0359000e+00  -1.1345000e+00
  -2.8997000e+00  -2.8850000e+00  -2.8990000e+00  -3.0116000e+00  -8.0290000e-01  -8.9400000e-01
  -2.8255000e+00  -2.8349000e+00  -2.8935000e+00  -3.0027000e+00  -7.9030000e-01  -6.6630000e-01
  -2.8314000e+00  -2.7715000e+00  -2.8605000e+00  -2.9720000e+00  -7.8100000e-01  -5.4940000e-01
  -2.7829000e+00  -2.7099000e+00  -2.8016000e+00  -2.9330000e+00  -7.0860000e-01  -4.7310000e-01
  -2.6643000e+00  -2.5443000e+00  -2.6581000e+00  -2.7826000e+00  -6.4390000e-01  -3.4090000e-01
  -2.4953000e+00  -2.2938000e+00  -2.4237000e+00  -2.5042000e+00  -6.1140000e-01  -2.2830000e-01
  -2.2877000e+00  -1.9870000e+00  -2.1409000e+00  -2.2075000e+00  -6.6020000e-01  -2.8410000e-01
  -2.0967000e+00  -1.7469000e+00  -1.8922000e+00  -1.9723000e+00  -7.4230000e-01  -4.3240000e-01
  -2.0107000e+00  -1.5821000e+00  -1.7203000e+00  -1.7826000e+00  -6.8760000e-01  -5.1530000e-01
  -1.9332000e+00  -1.3948000e+00  -1.5366000e+00  -1.5584000e+00  -4.9210000e-01  -5.5480000e-01
  -1.8854000e+00  -1.2642000e+00  -1.4114000e+00  -1.4113000e+00  -2.0270000e-01  -4.2710000e-01
  -1.8102000e+00  -1.1393000e+00  -1.2979000e+00  -1.2969000e+00  -9.1500000e-02  -2.0120000e-01
  -1.7514000e+00  -9.7070000e-01  -1.1405000e+00  -1.1186000e+00   5.9000000e-03  -3.0200000e-02
  -1.7387000e+00  -8.4020000e-01  -1.0130000e+00  -9.4610000e-01   4.1990000e-01   1.2420000e-01
  -1.7678000e+00  -7.4360000e-01  -9.3220000e-01  -8.0490000e-01   1.0013000e+00   3.0130000e-01
  -1.7882000e+00  -6.8120000e-01  -8.5310000e-01  -6.8200000e-01   1.3421000e+00   2.7360000e-01
  -1.8897000e+00  -7.8470000e-01  -9.2700000e-01  -7.0920000e-01   1.3624000e+00   2.4900000e-02
  -1.9757000e+00  -9.2620000e-01  -1.0694000e+00  -8.8430000e-01   1.1461000e+00  -1.5400000e-02
  -1.9153000e+00  -9.5610000e-01  -1.1090000e+00  -9.7390000e-01   1.1607000e+00   4.3200000e-02
  -1.7546000e+00  -8.6560000e-01  -1.0325000e+00  -9.5540000e-01   1.4811000e+00   1.9900000e-02
  -1.5907000e+00  -6.8150000e-01  -8.4720000e-01  -7.7740000e-01   1.4105000e+00   1.1090000e-01
  -1.5447000e+00  -5.8840000e-01  -7.3900000e-01  -6.4130000e-01   1.6027000e+00   1.8130000e-01
  -1.5641000e+00  -6.2190000e-01  -7.6390000e-01  -6.6110000e-01   1.5811000e+00   2.0960000e-01
  -1.4835000e+00  -6.1320000e-01  -7.5850000e-01  -6.9510000e-01   1.4413000e+00  -7.4700000e-02
  -1.4631000e+00  -6.5400000e-01  -7.8330000e-01  -7.2880000e-01   1.2990000e+00  -2.2300000e-01
  -1.5353000e+00  -8.0890000e-01  -9.2170000e-01  -8.5490000e-01   1.2031000e+00  -4.4670000e-01
  -1.5616000e+00  -9.5670000e-01  -1.0377000e+00  -9.8520000e-01   1.1754000e+00  -9.3600000e-01
  -1.4625000e+00  -9.9650000e-01  -1.0787000e+00  -1.0708000e+00   1.2291000e+00  -1.0314000e+00
  -1.3068000e+00  -9.2520000e-01  -1.0133000e+00  -1.0273000e+00   1.2234000e+00  -7.8370000e-01
  -1.3215000e+00  -9.7820000e-01  -1.0489000e+00  -1.0470000e+00   8.7780000e-01  -1.4065000e+00
  -1.3209000e+00  -1.0360000e+00  -1.1007000e+00  -1.0994000e+00  -2.2100000e-02  -1.9012000e+00
  -1.3052000e+00  -1.0942000e+00  -1.1494000e+00  -1.1500000e+00  -1.0512000e+00  -1.0743000e+00
  -1.2642000e+00  -1.1167000e+00  -1.1656000e+00  -1.1629000e+00  -8.0030000e-01  -6.9250000e-01
  -1.1809000e+00  -1.0945000e+00  -1.1440000e+00  -1.1361000e+00   8.6400000e-02  -1.5510000e+00
  -1.0770000e+00  -1.0378000e+00  -1.0899000e+00  -1.0670000e+00  -4.4020000e-01  -3.0999000e+00
  -9.9020000e-01  -1.0138000e+00  -1.0653000e+00  -1.0243000e+00  -1.5414000e+00  -3.7006000e+00
  -9.6810000e-01  -1.0523000e+00  -1.0985000e+00  -1.0456000e+00  -1.9101000e+00  -4.0334000e+00
  -9.7780000e-01  -1.0884000e+00  -1.1366000e+00  -1.0812000e+00  -2.2731000e+00  -4.4176000e+00
  -9.8370000e-01  -1.0942000e+00  -1.1456000e+00  -1.0925000e+00  -2.9230000e+00  -4.8389000e+00
  -1.0056000e+00  -1.1111000e+00  -1.1649000e+00  -1.1081000e+00  -4.3550000e+00  -5.4066000e+00
  -9.5730000e-01  -1.0585000e+00  -1.1075000e+00  -1.0390000e+00  -5.8226000e+00  -6.2421000e+00
  -8.8590000e-01  -9.7780000e-01  -1.0249000e+00  -9.4670000e-01  -6.2087000e+00  -6.6834000e+00
  -8.1630000e-01  -8.9980000e-01  -9.5830000e-01  -8.8170000e-01  -6.4881000e+00  -6.6922000e+00
  -7.9130000e-01  -8.6770000e-01  -9.1670000e-01  -8.3490000e-01  -6.6003000e+00  -6.3530000e+00
  -8.2220000e-01  -8.9090000e-01  -9.2470000e-01  -8.3020000e-01  -6.6168000e+00  -5.9971000e+00
  -8.5460000e-01  -9.1070000e-01  -9.3980000e-01  -8.3150000e-01  -6.5467000e+00  -6.0969000e+00
  -8.4810000e-01  -8.8440000e-01  -9.1840000e-01  -8.0460000e-01  -6.4145000e+00  -6.3219000e+00
  -8.2910000e-01  -8.5890000e-01  -8.9550000e-01  -7.8690000e-01  -6.2129000e+00  -6.2838000e+00
  -8.4890000e-01  -8.8570000e-01  -9.1740000e-01  -8.1420000e-01  -5.9882000e+00  -6.0646000e+00
  -8.7250000e-01  -9.1180000e-01  -9.3870000e-01  -8.3540000e-01  -5.7885000e+00  -5.9135000e+00
  -8.3810000e-01  -8.6990000e-01  -9.0400000e-01  -8.0390000e-01  -5.5992000e+00  -5.8070000e+00
  -7.5460000e-01  -7.8540000e-01  -8.2070000e-01  -7.2110000e-01  -5.4888000e+00  -5.7259000e+00
  -6.3940000e-01  -6.7650000e-01  -7.0600000e-01  -5.9810000e-01  -5.3796000e+00  -5.6738000e+00
  -5.0120000e-01  -5.3150000e-01  -5.7910000e-01  -4.6780000e-01  -5.2656000e+00  -5.6119000e+00
  -3.7870000e-01  -4.1020000e-01  -4.7230000e-01  -3.7090000e-01  -5.1384000e+00  -5.4743000e+00
  -2.2360000e-01  -2.6830000e-01  -3.2700000e-01  -2.4820000e-01  -4.8392000e+00  -5.3078000e+00
  -3.8400000e-02  -1.0560000e-01  -1.6070000e-01  -1.2350000e-01  -4.4624000e+00  -5.0671000e+00
   1.4190000e-01   9.3300000e-02   3.3600000e-02   3.0800000e-02  -4.2087000e+00  -4.7678000e+00
   3.1530000e-01   3.0770000e-01   2.3680000e-01   1.8560000e-01  -3.9510000e+00  -4.3613000e+00
   5.0360000e-01   5.5290000e-01   4.6610000e-01   3.7480000e-01  -3.7057000e+00  -3.9911000e+00
   6.3050000e-01   7.8710000e-01   7.0190000e-01   6.0670000e-01  -3.4614000e+00  -3.6263000e+00
   7.3480000e-01   9.9490000e-01   9.2430000e-01   8.4340000e-01  -3.3152000e+00  -3.2727000e+00
   8.3000000e-01   1.1840000e+00   1.1406000e+00   1.1073000e+00  -3.0987000e+00  -2.9635000e+00
   9.5260000e-01   1.3161000e+00   1.3203000e+00   1.3864000e+00  -2.7313000e+00  -2.6986000e+00
   1.0914000e+00   1.3893000e+00   1.4357000e+00   1.6202000e+00  -2.3316000e+00  -2.4520000e+00
   1.2841000e+00   1.5014000e+00   1.5615000e+00   1.8194000e+00  -1.9865000e+00  -2.2156000e+00
   1.4587000e+00   1.6022000e+00   1.6667000e+00   1.9444000e+00  -1.7002000e+00  -2.0180000e+00
   1.6448000e+00   1.7373000e+00   1.7666000e+00   1.9856000e+00  -1.5023000e+00  -1.8539000e+00
   1.8852000e+00   1.9546000e+00   1.9315000e+00   2.0671000e+00  -1.3498000e+00  -1.6740000e+00
   2.1058000e+00   2.1473000e+00   2.0873000e+00   2.1413000e+00  -1.2036000e+00  -1.5004000e+00
   2.2306000e+00   2.2806000e+00   2.2099000e+00   2.2254000e+00  -1.0541000e+00  -1.3181000e+00
   2.2166000e+00   2.2801000e+00   2.2387000e+00   2.2623000e+00  -8.5530000e-01  -1.0774000e+00
   2.1406000e+00   2.2010000e+00   2.1914000e+00   2.2286000e+00  -6.6970000e-01  -8.4080000e-01
   2.0405000e+00   2.1029000e+00   2.1023000e+00   2.1515000e+00  -4.9260000e-01  -6.0930000e-01
   1.9437000e+00   2.0123000e+00   1.9975000e+00   2.0520000e+00  -4.0840000e-01  -4.5160000e-01
   1.8494000e+00   1.9050000e+00   1.8752000e+00   1.9177000e+00  -4.3070000e-01  -4.0720000e-01
   1.7457000e+00   1.7921000e+00   1.7548000e+00   1.7863000e+00  -4.7890000e-01  -4.6620000e-01
   1.6119000e+00   1.6630000e+00   1.6209000e+00   1.6524000e+00  -5.2650000e-01  -5.4630000e-01
   1.4993000e+00   1.5352000e+00   1.4991000e+00   1.5291000e+00  -5.2950000e-01  -5.6410000e-01
   1.3990000e+00   1.4194000e+00   1.3909000e+00   1.4232000e+00  -4.7680000e-01  -5.0850000e-01
   1.3146000e+00   1.3074000e+00   1.2914000e+00   1.3225000e+00  -3.5270000e-01  -3.9290000e-01
   1.2971000e+00   1.2455000e+00   1.2390000e+00   1.2558000e+00  -1.1510000e-01  -1.9890000e-01
   1.3656000e+00   1.2771000e+00   1.2740000e+00   1.2754000e+00   4.7900000e-02  -5.1400000e-02
   1.4671000e+00   1.3558000e+00   1.3489000e+00   1.3381000e+00   1.8970000e-01   9.4300000e-02
   1.5889000e+00   1.4741000e+00   1.4626000e+00   1.4486000e+00   3.3580000e-01   2.1330000e-01
   1.6879000e+00   1.5549000e+00   1.5533000e+00   1.5453000e+00   4.7150000e-01   3.0110000e-01
   1.8016000e+00   1.6351000e+00   1.6389000e+00   1.6288000e+00   5.8970000e-01   3.7420000e-01
   1.8917000e+00   1.7155000e+00   1.6943000e+00   1.6557000e+00   5.5450000e-01   3.4470000e-01
   1.8658000e+00   1.8253000e+00   1.7602000e+00   1.7094000e+00   3.9240000e-01   1.8480000e-01
   1.7169000e+00   1.8535000e+00   1.7801000e+00   1.7694000e+00   2.6790000e-01   6.6200000e-02
   1.4784000e+00   1.7125000e+00   1.6791000e+00   1.7835000e+00   1.2160000e-01  -3.9400000e-02
   1.1648000e+00   1.4357000e+00   1.4319000e+00   1.5928000e+00  -2.9000000e-02  -2.1310000e-01
   6.7050000e-01   1.0763000e+00   1.0893000e+00   1.2959000e+00  -2.6430000e-01  -4.2900000e-01
   1.1450000e-01   6.7840000e-01   7.0780000e-01   9.5770000e-01  -4.7570000e-01  -6.1030000e-01
  -4.2770000e-01   2.6750000e-01   3.0330000e-01   5.7840000e-01  -6.1760000e-01  -8.0840000e-01
  -8.9000000e-01  -1.3760000e-01  -1.0840000e-01   1.9450000e-01  -7.6420000e-01  -9.6810000e-01
  -1.2747000e+00  -5.4880000e-01  -5.2540000e-01  -2.0120000e-01  -8.4450000e-01  -1.0578000e+00
  -1.5913000e+00  -9.3360000e-01  -9.2870000e-01  -6.1860000e-01  -9.0090000e-01  -1.1262000e+00
  -1.8453000e+00  -1.2756000e+00  -1.3109000e+00  -1.0412000e+00  -9.6630000e-01  -1.1964000e+00
  -2.0964000e+00  -1.5854000e+00  -1.6744000e+00  -1.4304000e+00  -1.0741000e+00  -1.2718000e+00
  -2.4006000e+00  -1.8811000e+00  -2.0159000e+00  -1.7647000e+00  -1.1942000e+00  -1.3426000e+00
  -2.7140000e+00  -2.1658000e+00  -2.3102000e+00  -2.0438000e+00  -1.2982000e+00  -1.3986000e+00
  -2.9930000e+00  -2.4504000e+00  -2.5778000e+00  -2.3190000e+00  -1.3487000e+00  -1.4342000e+00
  -3.2391000e+00  -2.7376000e+00  -2.8511000e+00  -2.6260000e+00  -1.3491000e+00  -1.4407000e+00
  -3.4747000e+00  -3.0451000e+00  -3.1573000e+00  -2.9795000e+00  -1.3466000e+00  -1.4194000e+00
  -3.7140000e+00  -3.3863000e+00  -3.4825000e+00  -3.3462000e+00  -1.3774000e+00  -1.3869000e+00
  -3.9308000e+00  -3.7261000e+00  -3.7997000e+00  -3.7026000e+00  -1.3638000e+00  -1.3142000e+00
  -4.1634000e+00  -4.0464000e+00  -4.1307000e+00  -4.0800000e+00  -1.3834000e+00  -1.2898000e+00
  -4.4713000e+00  -4.3933000e+00  -4.4754000e+00  -4.4487000e+00  -1.4977000e+00  -1.2936000e+00
  -4.7883000e+00  -4.7582000e+00  -4.7936000e+00  -4.7642000e+00  -1.7038000e+00  -1.2617000e+00
  -5.0102000e+00  -5.0585000e+00  -5.0489000e+00  -5.0329000e+00  -1.8914000e+00  -1.2504000e+00
  -5.2279000e+00  -5.2862000e+00  -5.2843000e+00  -5.2816000e+00  -1.8401000e+00  -1.3167000e+00
  -5.5367000e+00  -5.5379000e+00  -5.5799000e+00  -5.5864000e+00  -1.3649000e+00  -1.3297000e+00
  -5.8801000e+00  -5.8387000e+00  -5.9093000e+00  -5.9383000e+00  -6.8960000e-01  -1.2923000e+00
  -6.2717000e+00  -6.1848000e+00  -6.2770000e+00  -6.3116000e+00  -5.2350000e-01  -1.2875000e+00
  -6.6583000e+00  -6.5647000e+00  -6.6523000e+00  -6.6583000e+00  -6.6000000e-01  -1.3546000e+00
  -6.9457000e+00  -6.8419000e+00  -6.9091000e+00  -6.8771000e+00  -6.1770000e-01  -1.4376000e+00
  -7.1532000e+00  -7.0218000e+00  -7.1334000e+00  -7.1120000e+00  -5.4250000e-01  -1.4981000e+00
  -7.3857000e+00  -7.2295000e+00  -7.4186000e+00  -7.4225000e+00  -6.6660000e-01  -1.5741000e+00
  -7.7093000e+00  -7.4876000e+00  -7.7370000e+00  -7.7150000e+00  -9.1590000e-01  -1.6857000e+00
  -8.0963000e+00  -7.7734000e+00  -8.0403000e+00  -7.9632000e+00  -1.2737000e+00  -1.8119000e+00
  -8.4464000e+00  -8.0312000e+00  -8.2546000e+00  -8.1203000e+00  -1.6851000e+00  -1.9092000e+00
  -8.7335000e+00  -8.2232000e+00  -8.3972000e+00  -8.2084000e+00  -2.0276000e+00  -2.0252000e+00
  -8.8998000e+00  -8.3419000e+00  -8.4636000e+00  -8.2457000e+00  -2.2252000e+00  -2.1154000e+00
  -8.9268000e+00  -8.3629000e+00  -8.4345000e+00  -8.2164000e+00  -2.3338000e+00  -2.2135000e+00
  -8.8379000e+00  -8.3206000e+00  -8.3510000e+00  -8.1411000e+00  -2.5229000e+00  -2.3373000e+00
  -8.6708000e+00  -8.1951000e+00  -8.2057000e+00  -8.0128000e+00  -2.7335000e+00  -2.4573000e+00
  -8.4796000e+00  -8.0351000e+00  -8.0460000e+00  -7.8694000e+00  -3.0054000e+00  -2.6551000e+00
  -8.2684000e+00  -7.8157000e+00  -7.8164000e+00  -7.6308000e+00  -3.2424000e+00  -2.8173000e+00
  -8.0063000e+00  -7.5550000e+00  -7.5317000e+00  -7.3545000e+00  -3.3641000e+00  -2.9104000e+00
  -7.6176000e+00  -7.2802000e+00  -7.1868000e+00  -7.0206000e+00  -3.4231000e+00  -3.0369000e+00
  -7.1462000e+00  -6.9362000e+00  -6.8055000e+00  -6.6619000e+00  -3.5825000e+00  -3.2917000e+00
  -6.7836000e+00  -6.6018000e+00  -6.5059000e+00  -6.3754000e+00  -3.7194000e+00  -3.6718000e+00
  -6.4014000e+00  -6.3422000e+00  -6.2290000e+00  -6.1277000e+00  -3.8237000e+00  -4.1873000e+00
  -5.8834000e+00  -6.0241000e+00  -5.8644000e+00  -5.8166000e+00  -4.0612000e+00  -4.7599000e+00
  -5.4029000e+00  -5.6655000e+00  -5.4828000e+00  -5.4710000e+00  -4.4710000e+00  -5.3215000e+00
  -5.0541000e+00  -5.2836000e+00  -5.1299000e+00  -5.1076000e+00  -5.0504000e+00  -5.9807000e+00
  -4.8961000e+00  -4.9678000e+00  -4.8931000e+00  -4.8334000e+00  -5.5026000e+00  -6.7060000e+00
  -4.7773000e+00  -4.7656000e+00  -4.7410000e+00  -4.6687000e+00  -6.3234000e+00  -7.1601000e+00
  -4.6627000e+00  -4.6281000e+00  -4.6209000e+00  -4.5494000e+00  -6.9942000e+00  -6.9590000e+00
  -4.5379000e+00  -4.4843000e+00  -4.4883000e+00  -4.4231000e+00  -7.1254000e+00  -6.3016000e+00
  -4.3974000e+00  -4.3079000e+00  -4.3311000e+00  -4.2658000e+00  -6.4339000e+00  -6.0263000e+00
  -4.2875000e+00  -4.1843000e+00  -4.2371000e+00  -4.1862000e+00  -5.8797000e+00  -5.9956000e+00
  -4.2393000e+00  -4.1251000e+00  -4.2010000e+00  -4.1571000e+00  -5.8248000e+00  -6.0680000e+00
  -4.2493000e+00  -4.1248000e+00  -4.2197000e+00  -4.1822000e+00  -5.7555000e+00  -6.1405000e+00
  -4.3243000e+00  -4.1876000e+00  -4.2890000e+00  -4.2464000e+00  -5.9439000e+00  -6.1582000e+00
  -4.4000000e+00  -4.2527000e+00  -4.3459000e+00  -4.2900000e+00  -6.0535000e+00  -6.1390000e+00
  -4.4649000e+00  -4.2872000e+00  -4.3960000e+00  -4.3338000e+00  -5.9793000e+00  -6.0851000e+00
  -4.5746000e+00  -4.3373000e+00  -4.4890000e+00  -4.4244000e+00  -5.8894000e+00  -6.0093000e+00
  -4.6319000e+00  -4.4281000e+00  -4.5716000e+00  -4.5234000e+00  -5.8610000e+00  -5.9224000e+00
  -4.5057000e+00  -4.3997000e+00  -4.5007000e+00  -4.4818000e+00  -5.8022000e+00  -5.8332000e+00
  -4.2767000e+00  -4.2604000e+00  -4.3299000e+00  -4.3514000e+00  -5.6630000e+00  -5.6893000e+00
  -4.0523000e+00  -4.0494000e+00  -4.1162000e+00  -4.1402000e+00  -5.5071000e+00  -5.5520000e+00
  -3.9023000e+00  -3.8117000e+00  -3.9171000e+00  -3.9032000e+00  -5.4201000e+00  -5.4924000e+00
  -3.7907000e+00  -3.6643000e+00  -3.7882000e+00  -3.7436000e+00  -5.3174000e+00  -5.4511000e+00
  -3.6022000e+00  -3.5003000e+00  -3.5993000e+00  -3.5381000e+00  -5.3249000e+00  -5.4589000e+00
  -3.3558000e+00  -3.2997000e+00  -3.3749000e+00  -3.3151000e+00  -5.4141000e+00  -5.4726000e+00
  -3.1149000e+00  -3.0648000e+00  -3.1441000e+00  -3.0943000e+00  -5.5190000e+00  -5.5171000e+00
  -2.9469000e+00  -2.8547000e+00  -2.9575000e+00  -2.9081000e+00  -5.5589000e+00  -5.5307000e+00
  -2.7832000e+00  -2.7028000e+00  -2.8026000e+00  -2.7634000e+00  -5.5883000e+00  -5.5547000e+00
  -2.6883000e+00  -2.6104000e+00  -2.7003000e+00  -2.6628000e+00  -5.5469000e+00  -5.5750000e+00
  -2.6351000e+00  -2.5488000e+00  -2.6351000e+00  -2.5955000e+00  -5.4907000e+00  -5.6128000e+00
  -2.5783000e+00  -2.4649000e+00  -2.5574000e+00  -2.5129000e+00  -5.4848000e+00  -5.6152000e+00
  -2.5593000e+00  -2.4146000e+00  -2.5146000e+00  -2.4565000e+00  -5.4971000e+00  -5.5947000e+00
  -2.5645000e+00  -2.4050000e+00  -2.5132000e+00  -2.4497000e+00  -5.4986000e+00  -5.5653000e+00
  -2.6196000e+00  -2.4590000e+00  -2.5611000e+00  -2.4971000e+00  -5.4703000e+00  -5.5603000e+00
  -2.6165000e+00  -2.4885000e+00  -2.5801000e+00  -2.5336000e+00  -5.4399000e+00  -5.5833000e+00
  -2.5358000e+00  -2.4475000e+00  -2.5287000e+00  -2.5043000e+00  -5.3609000e+00  -5.5798000e+00
  -2.4423000e+00  -2.3631000e+00  -2.4402000e+00  -2.4169000e+00  -5.3109000e+00  -5.5310000e+00
  -2.3470000e+00  -2.2610000e+00  -2.3485000e+00  -2.3196000e+00  -5.2776000e+00  -5.4477000e+00
  -2.2839000e+00  -2.2018000e+00  -2.2930000e+00  -2.2659000e+00  -5.2405000e+00  -5.3865000e+00
  -2.2863000e+00  -2.2051000e+00  -2.2888000e+00  -2.2581000e+00  -5.1375000e+00  -5.2781000e+00
  -2.2828000e+00  -2.2035000e+00  -2.2794000e+00  -2.2449000e+00  -4.9445000e+00  -5.1284000e+00
  -2.2452000e+00  -2.1803000e+00  -2.2428000e+00  -2.2107000e+00  -4.6967000e+00  -4.9410000e+00
  -2.2499000e+00  -2.1783000e+00  -2.2234000e+00  -2.1764000e+00  -4.4721000e+00  -4.7316000e+00
  -2.2661000e+00  -2.1886000e+00  -2.2227000e+00  -2.1671000e+00  -4.3131000e+00  -4.5341000e+00
  -2.2763000e+00  -2.2049000e+00  -2.2269000e+00  -2.1687000e+00  -4.1823000e+00  -4.3540000e+00
  -2.2935000e+00  -2.2528000e+00  -2.2646000e+00  -2.2132000e+00  -3.9906000e+00  -4.1400000e+00
  -2.2893000e+00  -2.3119000e+00  -2.3035000e+00  -2.2619000e+00  -3.7453000e+00  -3.9146000e+00
  -2.2250000e+00  -2.3016000e+00  -2.2701000e+00  -2.2561000e+00  -3.4061000e+00  -3.6231000e+00
  -2.1155000e+00  -2.2253000e+00  -2.1840000e+00  -2.1869000e+00  -3.0288000e+00  -3.2458000e+00
  -1.9670000e+00  -2.0712000e+00  -2.0679000e+00  -2.1258000e+00  -2.8602000e+00  -3.0716000e+00
  -1.9719000e+00  -2.1403000e+00  -2.0922000e+00  -2.1287000e+00  -2.5240000e+00  -2.8203000e+00
  -1.8058000e+00  -1.9483000e+00  -1.9519000e+00  -2.0514000e+00  -2.2942000e+00  -2.6341000e+00
  -1.7444000e+00  -1.9361000e+00  -1.9131000e+00  -2.0066000e+00  -2.2767000e+00  -2.6121000e+00
  -1.6125000e+00  -1.8010000e+00  -1.7912000e+00  -1.9082000e+00  -2.3496000e+00  -2.5926000e+00
  -1.4773000e+00  -1.6734000e+00  -1.6717000e+00  -1.8201000e+00  -2.2949000e+00  -2.5748000e+00
  -1.3676000e+00  -1.5073000e+00  -1.5395000e+00  -1.6654000e+00  -2.2616000e+00  -2.5660000e+00
  -1.3000000e+00  -1.4962000e+00  -1.4696000e+00  -1.6037000e+00  -2.3136000e+00  -2.5790000e+00
  -1.1063000e+00  -1.3458000e+00  -1.3259000e+00  -1.4996000e+00  -2.2916000e+00  -2.5642000e+00
  -9.1430000e-01  -1.1539000e+00  -1.1539000e+00  -1.3547000e+00  -2.1774000e+00  -2.3915000e+00
  -7.7350000e-01  -1.0330000e+00  -1.0396000e+00  -1.2709000e+00  -1.9293000e+00  -2.2180000e+00
  -6.8540000e-01  -9.4180000e-01  -9.6920000e-01  -1.2275000e+00  -1.7312000e+00  -2.0742000e+00
  -6.7340000e-01  -9.0730000e-01  -9.3490000e-01  -1.2059000e+00  -1.6096000e+00  -1.9505000e+00
  -6.7990000e-01  -9.0570000e-01  -9.2320000e-01  -1.2072000e+00  -1.4827000e+00  -1.8046000e+00
  -6.0820000e-01  -8.4870000e-01  -8.4820000e-01  -1.1726000e+00  -1.3669000e+00  -1.6866000e+00
  -4.3100000e-01  -6.7430000e-01  -6.5820000e-01  -1.0300000e+00  -1.1983000e+00  -1.6168000e+00
  -3.3660000e-01  -4.8670000e-01  -4.9590000e-01  -8.6640000e-01  -9.5670000e-01  -1.5427000e+00
  -2.9650000e-01  -3.8620000e-01  -4.3070000e-01  -8.1210000e-01  -7.0010000e-01  -1.4415000e+00
  -3.0080000e-01  -3.7490000e-01  -4.2900000e-01  -8.2880000e-01  -4.4520000e-01  -1.2664000e+00
  -3.4410000e-01  -4.1540000e-01  -4.5220000e-01  -8.8570000e-01  -2.1020000e-01  -1.0641000e+00
  -3.5550000e-01  -3.9030000e-01  -4.4070000e-01  -9.0650000e-01  -5.9700000e-02  -8.7520000e-01
  -4.3400000e-01  -4.2690000e-01  -4.7600000e-01  -9.6500000e-01   2.1190000e-01  -6.7720000e-01
  -4.8520000e-01  -4.9640000e-01  -5.2990000e-01  -1.0538000e+00   5.0890000e-01  -4.9700000e-01
  -5.1190000e-01  -5.9180000e-01  -5.9670000e-01  -1.1706000e+00   6.5700000e-01  -3.6290000e-01
  -5.5610000e-01  -6.9260000e-01  -6.8230000e-01  -1.2937000e+00   7.0200000e-01  -2.6210000e-01
  -6.2080000e-01  -8.3560000e-01  -8.2420000e-01  -1.4756000e+00   6.6570000e-01  -1.8960000e-01
  -6.6640000e-01  -9.7240000e-01  -9.5690000e-01  -1.6413000e+00   5.5060000e-01  -1.5940000e-01
  -7.4790000e-01  -1.1578000e+00  -1.1478000e+00  -1.8664000e+00   4.3810000e-01  -1.7480000e-01
  -8.5670000e-01  -1.4063000e+00  -1.3863000e+00  -2.1291000e+00   3.4490000e-01  -2.0680000e-01
  -9.6630000e-01  -1.6697000e+00  -1.5997000e+00  -2.3278000e+00   3.1540000e-01  -2.7500000e-01
  -1.0034000e+00  -1.8381000e+00  -1.7240000e+00  -2.4187000e+00   3.1000000e-01  -3.7840000e-01
  -1.0351000e+00  -1.9472000e+00  -1.8215000e+00  -2.4532000e+00   3.2020000e-01  -4.4950000e-01
  -1.1354000e+00  -2.0834000e+00  -1.9455000e+00  -2.4648000e+00   3.2410000e-01  -4.8750000e-01
  -1.2945000e+00  -2.2292000e+00  -2.0639000e+00  -2.4300000e+00   2.9250000e-01  -5.4560000e-01
  -1.5714000e+00  -2.4108000e+00  -2.2445000e+00  -2.4772000e+00   2.9490000e-01  -6.0370000e-01
  -1.8864000e+00  -2.5838000e+00  -2.3967000e+00  -2.6057000e+00   2.5120000e-01  -7.0120000e-01
  -2.0770000e+00  -2.6739000e+00  -2.4913000e+00  -2.8281000e+00   1.1350000e-01  -8.7900000e-01
  -2.2069000e+00  -2.8511000e+00  -2.7105000e+00  -3.1889000e+00  -9.0500000e-02  -1.1341000e+00
  -2.4189000e+00  -3.2502000e+00  -3.1212000e+00  -3.7135000e+00  -2.2650000e-01  -1.4304000e+00
  -2.6909000e+00  -3.7473000e+00  -3.5486000e+00  -4.1056000e+00  -4.2830000e-01  -1.7349000e+00
  -3.0916000e+00  -4.1037000e+00  -3.8570000e+00  -4.2361000e+00  -1.0421000e+00  -2.0587000e+00
  -3.4680000e+00  -4.3011000e+00  -4.0639000e+00  -4.3297000e+00  -1.8115000e+00  -2.2575000e+00
  -3.7335000e+00  -4.4576000e+00  -4.2114000e+00  -4.4101000e+00  -2.4034000e+00  -2.4139000e+00
  -3.8657000e+00  -4.5108000e+00  -4.2765000e+00  -4.4600000e+00  -2.5755000e+00  -2.5941000e+00
  -4.0218000e+00  -4.4847000e+00  -4.3865000e+00  -4.5520000e+00  -2.5883000e+00  -2.5548000e+00
  -4.1503000e+00  -4.5822000e+00  -4.4594000e+00  -4.5438000e+00  -2.5433000e+00  -2.5862000e+00
  -4.0184000e+00  -4.4778000e+00  -4.3068000e+00  -4.4052000e+00  -2.6235000e+00  -2.7542000e+00
  -3.6707000e+00  -4.2152000e+00  -4.0611000e+00  -4.2338000e+00  -2.8390000e+00  -3.0291000e+00
  -3.5439000e+00  -3.9373000e+00  -3.8461000e+00  -3.9670000e+00  -2.9811000e+00  -3.2738000e+00
  -3.4757000e+00  -3.6703000e+00  -3.6238000e+00  -3.6994000e+00  -3.0298000e+00  -3.4523000e+00
  -3.4023000e+00  -3.5761000e+00  -3.5410000e+00  -3.5862000e+00  -3.0534000e+00  -3.5740000e+00
  -3.2768000e+00  -3.3851000e+00  -3.3812000e+00  -3.4150000e+00  -3.1434000e+00  -3.6979000e+00
  -2.9870000e+00  -3.1319000e+00  -3.1218000e+00  -3.1852000e+00  -3.2279000e+00  -4.1163000e+00
  -2.6242000e+00  -2.7513000e+00  -2.7219000e+00  -2.7669000e+00  -3.3109000e+00  -5.5694000e+00
  -2.3523000e+00  -2.3991000e+00  -2.3939000e+00  -2.4034000e+00  -3.3407000e+00  -5.5664000e+00
  -2.0920000e+00  -2.1281000e+00  -2.1469000e+00  -2.1712000e+00  -4.7548000e+00  -5.5124000e+00
  -1.9340000e+00  -1.8824000e+00  -1.9301000e+00  -1.9391000e+00  -4.6018000e+00  -5.2265000e+00
  -1.9687000e+00  -1.8683000e+00  -1.9222000e+00  -1.8887000e+00  -4.4770000e+00  -5.0872000e+00
  -1.9695000e+00  -1.8852000e+00  -1.9206000e+00  -1.8923000e+00  -4.3824000e+00  -4.9050000e+00
  -2.0785000e+00  -1.9813000e+00  -1.9857000e+00  -1.9313000e+00  -4.3291000e+00  -4.7230000e+00
  -1.9369000e+00  -1.8702000e+00  -1.9703000e+00  -1.9707000e+00  -4.1999000e+00  -4.5502000e+00
  -1.6010000e+00  -1.5916000e+00  -1.6632000e+00  -1.6994000e+00  -4.0361000e+00  -4.3167000e+00
  -1.4815000e+00  -1.4094000e+00  -1.4900000e+00  -1.4820000e+00  -3.8441000e+00  -4.0803000e+00
  -1.3718000e+00  -1.3712000e+00  -1.4167000e+00  -1.4109000e+00  -3.6260000e+00  -3.8794000e+00
  -1.2689000e+00  -1.2633000e+00  -1.3032000e+00  -1.3296000e+00  -3.4263000e+00  -3.7040000e+00
  -1.1161000e+00  -1.0869000e+00  -1.1548000e+00  -1.1937000e+00  -3.2762000e+00  -3.5196000e+00
  -1.0182000e+00  -9.7160000e-01  -1.0600000e+00  -1.1026000e+00  -3.1485000e+00  -3.3661000e+00
  -8.7410000e-01  -8.5520000e-01  -9.1430000e-01  -9.6680000e-01  -2.9926000e+00  -3.1979000e+00
  -7.6300000e-01  -7.2780000e-01  -7.7710000e-01  -8.1060000e-01  -2.9018000e+00  -3.0692000e+00
  -7.4910000e-01  -7.2960000e-01  -7.4920000e-01  -7.6750000e-01  -2.7017000e+00  -2.9320000e+00
