   1.1059900e+01   1.1442000e+01   1.1391000e+01   1.1576600e+01   8.6212000e+00   8.4011000e+00
   1.1366200e+01   1.1683800e+01   1.1592000e+01   1.1748400e+01   8.0138000e+00   7.9933000e+00
   1.1651600e+01   1.1955700e+01   1.1861400e+01   1.2072600e+01   7.7005000e+00   8.0463000e+00
   1.1907600e+01   1.2173900e+01   1.2095100e+01   1.2301400e+01   7.6054000e+00   7.7766000e+00
   1.2277500e+01   1.2501200e+01   1.2423300e+01   1.2613100e+01   7.8964000e+00   7.3037000e+00
   1.2594300e+01   1.2804200e+01   1.2709700e+01   1.2892100e+01   8.3982000e+00   7.4353000e+00
   1.2816000e+01   1.3020200e+01   1.2973200e+01   1.3180700e+01   8.2312000e+00   7.6693000e+00
   1.2868100e+01   1.3018300e+01   1.2995400e+01   1.3193100e+01   7.9552000e+00   7.8852000e+00
   1.3455500e+01   1.3594700e+01   1.3578500e+01   1.3782500e+01   8.3073000e+00   7.8234000e+00
   1.3198600e+01   1.3365700e+01   1.3397700e+01   1.3642500e+01   8.0434000e+00   7.3040000e+00
   1.2904200e+01   1.3092600e+01   1.3127600e+01   1.3370100e+01   7.2750000e+00   6.5278000e+00
   1.2503400e+01   1.2620500e+01   1.2732000e+01   1.2950700e+01   6.0317000e+00   6.8535000e+00
   1.1956500e+01   1.2015200e+01   1.2172900e+01   1.2293400e+01   5.8773000e+00   7.3528000e+00
   1.1550500e+01   1.1822200e+01   1.1957100e+01   1.2060900e+01   6.5494000e+00   7.8136000e+00
   1.1052400e+01   1.1227300e+01   1.1473300e+01   1.1655300e+01   6.7605000e+00   7.4855000e+00
   1.2204100e+01   1.1898100e+01   1.2002300e+01   1.1937300e+01   6.6653000e+00   7.1931000e+00
   1.2637500e+01   1.2547600e+01   1.2578000e+01   1.2675400e+01   6.6466000e+00   7.2301000e+00
   1.2116000e+01   1.1804500e+01   1.2127900e+01   1.2209100e+01   6.6401000e+00   7.4194000e+00
   1.1405800e+01   1.1362000e+01   1.2402800e+01   1.2961900e+01   7.0483000e+00   7.6595000e+00
   1.4064600e+01   1.3913000e+01   1.4714000e+01   1.5190200e+01   6.5199000e+00   7.4292000e+00
   1.4270800e+01   1.4336300e+01   1.4573300e+01   1.4847300e+01   5.0938000e+00   6.7276000e+00
   1.3177200e+01   1.4436300e+01   1.3214000e+01   1.3284000e+01   4.1948000e+00   5.8589000e+00
   1.3495200e+01   1.4077200e+01   1.3455800e+01   1.3321600e+01   3.7591000e+00   5.4350000e+00
   1.2616100e+01   1.3841400e+01   1.3419200e+01   1.3950100e+01   3.5970000e+00   4.6826000e+00
   1.0227000e+01   1.1393300e+01   1.1221900e+01   1.1823800e+01   4.4157000e+00   3.8488000e+00
   1.0484100e+01   1.0771700e+01   1.0959600e+01   1.1312500e+01   5.0183000e+00   2.7795000e+00
   1.1489100e+01   1.1227600e+01   1.2102100e+01   1.2900100e+01   3.8890000e+00   2.8043000e+00
   1.0343000e+01   1.1212700e+01   1.0560900e+01   1.0856800e+01   2.8195000e+00   3.5447000e+00
   7.9267000e+00   8.9310000e+00   8.2724000e+00   8.5012000e+00   2.3920000e+00   3.8306000e+00
   6.6095000e+00   6.7369000e+00   7.1336000e+00   7.4138000e+00   2.3936000e+00   4.0779000e+00
   5.7984000e+00   4.9079000e+00   6.2084000e+00   6.6540000e+00   3.6248000e+00   4.2255000e+00
   6.8282000e+00   5.2324000e+00   6.7309000e+00   7.0987000e+00   4.4089000e+00   4.8719000e+00
   6.8463000e+00   6.0286000e+00   6.7609000e+00   6.9766000e+00   4.6786000e+00   4.3967000e+00
   6.6443000e+00   6.3788000e+00   6.6102000e+00   6.8350000e+00   4.1376000e+00   3.3911000e+00
   5.9640000e+00   6.0792000e+00   5.8538000e+00   5.9304000e+00   3.6256000e+00   4.1031000e+00
   4.9882000e+00   5.2432000e+00   4.8110000e+00   4.7684000e+00   4.2859000e+00   4.6747000e+00
   4.0741000e+00   4.0483000e+00   3.6306000e+00   3.5646000e+00   4.6595000e+00   4.3754000e+00
   1.8801000e+00   2.3912000e+00   1.7812000e+00   1.7776000e+00   5.2398000e+00   4.0178000e+00
   1.8396000e+00   2.6585000e+00   2.0955000e+00   2.3527000e+00   5.0192000e+00   4.2951000e+00
   1.3655000e+00   2.5892000e+00   2.2653000e+00   2.6595000e+00   4.6342000e+00   4.3041000e+00
   3.8531000e+00   3.9975000e+00   4.5205000e+00   5.0448000e+00   5.0090000e+00   4.2798000e+00
   3.5997000e+00   4.3800000e+00   4.8806000e+00   5.4128000e+00   5.0344000e+00   4.2803000e+00
   4.1485000e+00   5.1079000e+00   4.7316000e+00   4.9642000e+00   5.1671000e+00   4.3411000e+00
   4.1541000e+00   5.1206000e+00   4.1980000e+00   4.1104000e+00   5.0178000e+00   4.8936000e+00
   3.9352000e+00   4.4174000e+00   5.0193000e+00   5.9244000e+00   5.3600000e+00   4.7800000e+00
   4.9516000e+00   6.9028000e+00   6.7450000e+00   7.6395000e+00   4.9778000e+00   4.7689000e+00
   4.5887000e+00   6.3695000e+00   5.7537000e+00   6.2828000e+00   4.7123000e+00   4.5080000e+00
   4.8732000e+00   5.5676000e+00   6.2522000e+00   6.8500000e+00   4.3961000e+00   4.5093000e+00
   6.7375000e+00   6.8441000e+00   7.1332000e+00   7.6932000e+00   3.9536000e+00   3.8584000e+00
   8.7348000e+00   8.8223000e+00   7.8434000e+00   8.1862000e+00   3.2338000e+00   3.4331000e+00
   5.5321000e+00   7.2501000e+00   5.9365000e+00   7.5237000e+00   2.9470000e+00   3.2783000e+00
   4.9269000e+00   7.3362000e+00   7.3272000e+00   7.8578000e+00   3.1846000e+00   3.2971000e+00
   7.1450000e+00   7.4653000e+00   7.4598000e+00   7.7215000e+00   2.7967000e+00   3.1045000e+00
   6.9307000e+00   7.6379000e+00   7.6334000e+00   8.0653000e+00   1.9208000e+00   2.8921000e+00
   7.5024000e+00   8.2198000e+00   7.8081000e+00   8.2828000e+00   1.7231000e+00   2.6389000e+00
   6.4401000e+00   7.5537000e+00   6.6166000e+00   6.9480000e+00   1.5390000e+00   2.1740000e+00
   5.2403000e+00   6.3585000e+00   5.6437000e+00   5.9738000e+00   1.7545000e+00   2.7908000e+00
   4.9778000e+00   5.8251000e+00   5.4704000e+00   5.4463000e+00   2.2619000e+00   2.9298000e+00
   5.0900000e+00   5.4669000e+00   5.6308000e+00   5.5984000e+00   1.3461000e+00   3.0853000e+00
   5.8162000e+00   5.7671000e+00   6.9651000e+00   7.4811000e+00   5.9050000e-01   2.3979000e+00
   6.3019000e+00   6.3561000e+00   8.2167000e+00   9.9577000e+00   2.1360000e-01   2.4320000e+00
   9.2379000e+00   1.0281200e+01   1.0459900e+01   1.1074100e+01   9.1020000e-01   3.7197000e+00
   9.1411000e+00   9.9689000e+00   9.7536000e+00   1.0504100e+01   1.1530000e+00   3.8089000e+00
   1.0473000e+01   1.1233800e+01   1.0718700e+01   1.1019000e+01   2.8228000e+00   3.5938000e+00
   1.1095400e+01   1.1280900e+01   1.1068200e+01   1.1168700e+01   2.5879000e+00   3.0303000e+00
   9.3242000e+00   9.7215000e+00   9.4304000e+00   9.4337000e+00   2.0700000e+00   2.5641000e+00
   9.2878000e+00   9.7307000e+00   9.3079000e+00   9.5370000e+00   4.2370000e-01  -2.2580000e-01
   9.6203000e+00   9.8351000e+00   9.9473000e+00   1.0402800e+01  -1.3090000e+00  -1.7777000e+00
   9.8395000e+00   1.0344800e+01   1.0220500e+01   1.0709400e+01  -3.2219000e+00  -1.9399000e+00
   9.7562000e+00   1.0435000e+01   1.0351600e+01   1.0955500e+01  -3.2377000e+00  -2.8811000e+00
   1.0252600e+01   1.1259600e+01   1.0961700e+01   1.1563600e+01  -4.8247000e+00  -5.9667000e+00
   1.0087400e+01   1.0707600e+01   1.0657400e+01   1.1181700e+01  -4.9240000e+00  -5.1656000e+00
   1.0768300e+01   1.1321800e+01   1.1136000e+01   1.1574800e+01  -3.9429000e+00  -4.5568000e+00
   1.0711800e+01   1.1142700e+01   1.1044700e+01   1.1444100e+01  -4.7274000e+00  -3.8528000e+00
   9.6084000e+00   1.0780600e+01   1.0717100e+01   1.1520200e+01  -5.8755000e+00  -4.2042000e+00
   9.8525000e+00   1.0373500e+01   1.0426800e+01   1.0874100e+01  -5.4359000e+00  -4.1731000e+00
   9.1338000e+00   9.8736000e+00   9.8635000e+00   1.0549300e+01  -5.4553000e+00  -4.4817000e+00
   8.1754000e+00   8.6612000e+00   8.6300000e+00   9.1902000e+00  -6.0009000e+00  -4.5183000e+00
   9.0881000e+00   9.7646000e+00   9.6117000e+00   1.0111400e+01  -6.4105000e+00  -6.1221000e+00
   9.2467000e+00   9.7669000e+00   9.6478000e+00   1.0142800e+01  -6.4974000e+00  -7.0659000e+00
   9.0975000e+00   9.7385000e+00   9.1034000e+00   9.1815000e+00  -7.4539000e+00  -7.6860000e+00
   8.0035000e+00   8.6936000e+00   7.8514000e+00   7.5746000e+00  -8.0150000e+00  -7.9015000e+00
   8.9463000e+00   9.1529000e+00   9.4821000e+00   9.8660000e+00  -8.3871000e+00  -7.8503000e+00
   8.8475000e+00   9.3888000e+00   8.3499000e+00   8.1833000e+00  -8.7290000e+00  -7.0720000e+00
   5.2214000e+00   5.6340000e+00   5.6092000e+00   6.0161000e+00  -8.6565000e+00  -5.7184000e+00
   5.8024000e+00   5.9367000e+00   5.8532000e+00   6.0808000e+00  -9.2318000e+00  -6.5756000e+00
   5.7247000e+00   5.3151000e+00   5.0868000e+00   4.7587000e+00  -9.4755000e+00  -7.0338000e+00
   5.6030000e+00   5.8157000e+00   5.5811000e+00   5.7404000e+00  -9.4064000e+00  -7.9846000e+00
   4.0886000e+00   4.3943000e+00   4.1387000e+00   4.2660000e+00  -9.4884000e+00  -9.3122000e+00
   2.7402000e+00   3.0615000e+00   2.7978000e+00   3.0446000e+00  -9.8844000e+00  -8.9901000e+00
  -2.4759000e+00  -1.2062000e+00  -6.5500000e-02   1.0337000e+00  -9.5966000e+00  -8.3278000e+00
  -5.7000000e+00  -5.8586000e+00  -4.7772000e+00  -4.1171000e+00  -9.2508000e+00  -8.1251000e+00
  -7.7882000e+00  -9.1213000e+00  -8.1637000e+00  -8.5199000e+00  -9.5553000e+00  -7.9606000e+00
  -8.6136000e+00  -9.0281000e+00  -8.8255000e+00  -9.2743000e+00  -9.3259000e+00  -7.9030000e+00
  -9.9872000e+00  -1.0308900e+01  -1.0201600e+01  -1.0140100e+01  -9.0167000e+00  -7.9656000e+00
  -1.0228000e+01  -1.0687300e+01  -1.0635600e+01  -1.0716600e+01  -8.8723000e+00  -8.0541000e+00
  -1.0542400e+01  -1.0790700e+01  -1.0864400e+01  -1.0863500e+01  -8.7135000e+00  -7.8211000e+00
  -1.0245500e+01  -1.0547800e+01  -1.0711800e+01  -1.0868600e+01  -8.2278000e+00  -7.9574000e+00
  -1.0090100e+01  -1.0587900e+01  -1.0535600e+01  -1.0804600e+01  -7.7915000e+00  -7.9864000e+00
  -9.8228000e+00  -1.0298800e+01  -1.0275400e+01  -1.0566400e+01  -7.7449000e+00  -7.8356000e+00
  -8.9376000e+00  -9.4595000e+00  -9.4996000e+00  -9.8197000e+00  -7.8320000e+00  -7.6310000e+00
  -8.4634000e+00  -9.1736000e+00  -9.1496000e+00  -9.5200000e+00  -7.7210000e+00  -7.3575000e+00
  -7.7607000e+00  -8.0797000e+00  -8.1843000e+00  -8.4044000e+00  -7.8933000e+00  -7.2280000e+00
  -8.4115000e+00  -8.7736000e+00  -8.7039000e+00  -8.8809000e+00  -8.0080000e+00  -7.3181000e+00
  -8.3799000e+00  -9.2165000e+00  -9.0089000e+00  -9.4762000e+00  -8.0087000e+00  -7.3201000e+00
  -7.6561000e+00  -8.9016000e+00  -8.3568000e+00  -8.7888000e+00  -8.0596000e+00  -7.4827000e+00
  -6.9595000e+00  -7.7757000e+00  -7.4647000e+00  -7.6842000e+00  -7.8721000e+00  -7.8057000e+00
  -7.2514000e+00  -7.6528000e+00  -7.7675000e+00  -7.9666000e+00  -7.2272000e+00  -7.7038000e+00
  -7.7940000e+00  -8.1422000e+00  -8.3171000e+00  -8.5467000e+00  -6.3791000e+00  -7.4249000e+00
  -7.9084000e+00  -8.5103000e+00  -8.3739000e+00  -8.6216000e+00  -6.1586000e+00  -6.8646000e+00
  -7.9558000e+00  -8.5909000e+00  -8.4630000e+00  -8.7060000e+00  -5.9737000e+00  -6.2399000e+00
  -7.6435000e+00  -8.2919000e+00  -8.2653000e+00  -8.5725000e+00  -5.9321000e+00  -5.8476000e+00
  -6.7886000e+00  -7.5392000e+00  -7.5567000e+00  -7.8773000e+00  -5.6499000e+00  -5.8783000e+00
  -6.2304000e+00  -6.8800000e+00  -6.7618000e+00  -6.9529000e+00  -5.2495000e+00  -5.6246000e+00
  -5.7567000e+00  -6.3385000e+00  -6.1555000e+00  -6.3644000e+00  -4.6969000e+00  -5.0637000e+00
  -5.2226000e+00  -5.9237000e+00  -5.7872000e+00  -6.0119000e+00  -4.3088000e+00  -4.4097000e+00
  -4.3599000e+00  -5.0991000e+00  -5.0510000e+00  -5.3904000e+00  -3.9499000e+00  -3.6215000e+00
  -4.0987000e+00  -4.6691000e+00  -4.6529000e+00  -4.9999000e+00  -3.9297000e+00  -3.6760000e+00
  -4.0587000e+00  -4.5892000e+00  -4.4487000e+00  -4.7492000e+00  -3.9423000e+00  -3.7874000e+00
  -3.8539000e+00  -4.3786000e+00  -4.2200000e+00  -4.5095000e+00  -3.4526000e+00  -3.5036000e+00
  -3.5473000e+00  -3.8350000e+00  -3.8216000e+00  -4.0938000e+00  -2.8256000e+00  -3.2827000e+00
  -3.5775000e+00  -3.6366000e+00  -3.5517000e+00  -3.6415000e+00  -2.4334000e+00  -3.1259000e+00
  -3.9024000e+00  -3.9372000e+00  -3.8284000e+00  -3.8225000e+00  -2.2953000e+00  -2.9210000e+00
  -3.9851000e+00  -4.1563000e+00  -4.0697000e+00  -4.0991000e+00  -2.4800000e+00  -2.6872000e+00
  -3.8946000e+00  -4.1537000e+00  -4.1070000e+00  -4.2490000e+00  -2.4812000e+00  -2.4704000e+00
  -3.8754000e+00  -4.0976000e+00  -4.0138000e+00  -4.1628000e+00  -2.3393000e+00  -2.4024000e+00
  -3.9882000e+00  -4.2469000e+00  -4.1171000e+00  -4.2758000e+00  -2.2655000e+00  -2.4894000e+00
  -4.0963000e+00  -4.4585000e+00  -4.2670000e+00  -4.4600000e+00  -2.3282000e+00  -2.4408000e+00
  -4.1913000e+00  -4.6459000e+00  -4.3986000e+00  -4.6201000e+00  -2.1353000e+00  -2.2052000e+00
  -4.3017000e+00  -4.8659000e+00  -4.5367000e+00  -4.7868000e+00  -1.8844000e+00  -2.0508000e+00
  -4.4419000e+00  -5.1582000e+00  -4.7937000e+00  -5.0721000e+00  -1.8140000e+00  -1.9675000e+00
  -4.4894000e+00  -5.3759000e+00  -5.0313000e+00  -5.3501000e+00  -1.6986000e+00  -1.7830000e+00
  -4.4295000e+00  -5.3907000e+00  -5.1239000e+00  -5.4589000e+00  -1.5153000e+00  -1.6147000e+00
  -4.2079000e+00  -5.2369000e+00  -4.9919000e+00  -5.3156000e+00  -1.3899000e+00  -1.4784000e+00
  -3.9394000e+00  -5.0449000e+00  -4.7859000e+00  -5.1218000e+00  -1.3478000e+00  -1.3930000e+00
  -3.6590000e+00  -4.8369000e+00  -4.5189000e+00  -4.8755000e+00  -1.3568000e+00  -1.3295000e+00
  -3.4282000e+00  -4.6272000e+00  -4.2446000e+00  -4.6374000e+00  -1.4557000e+00  -1.2780000e+00
  -3.1735000e+00  -4.3354000e+00  -3.9286000e+00  -4.3720000e+00  -1.7738000e+00  -1.2562000e+00
  -3.0107000e+00  -4.0543000e+00  -3.6529000e+00  -4.1117000e+00  -2.2213000e+00  -1.2914000e+00
  -2.7771000e+00  -3.7058000e+00  -3.2963000e+00  -3.7145000e+00  -2.5132000e+00  -1.3621000e+00
  -2.4926000e+00  -3.4207000e+00  -2.9507000e+00  -3.3253000e+00  -2.5625000e+00  -1.4373000e+00
  -2.1838000e+00  -3.1931000e+00  -2.6820000e+00  -3.0302000e+00  -2.5323000e+00  -1.6132000e+00
  -1.9484000e+00  -3.1524000e+00  -2.5783000e+00  -2.8612000e+00  -2.5482000e+00  -1.9835000e+00
  -1.9539000e+00  -3.2164000e+00  -2.6405000e+00  -2.8390000e+00  -2.6873000e+00  -2.4692000e+00
  -2.1599000e+00  -3.0085000e+00  -2.6056000e+00  -2.7708000e+00  -2.8586000e+00  -2.8661000e+00
  -2.3544000e+00  -2.7056000e+00  -2.4615000e+00  -2.6645000e+00  -3.0879000e+00  -3.1254000e+00
  -2.2953000e+00  -2.2006000e+00  -2.1934000e+00  -2.4846000e+00  -3.0608000e+00  -3.2645000e+00
  -2.1312000e+00  -1.8195000e+00  -2.0054000e+00  -2.3272000e+00  -2.8170000e+00  -3.3670000e+00
  -1.5450000e+00  -1.2917000e+00  -1.5734000e+00  -1.8520000e+00  -2.7219000e+00  -3.7152000e+00
  -1.0154000e+00  -8.8150000e-01  -1.1483000e+00  -1.3388000e+00  -2.6697000e+00  -4.0522000e+00
  -5.4510000e-01  -4.7280000e-01  -6.9890000e-01  -8.1320000e-01  -2.7678000e+00  -4.0013000e+00
   6.8000000e-02   1.1190000e-01  -8.4200000e-02  -1.3470000e-01  -3.0074000e+00  -3.5527000e+00
   5.1600000e-01   4.2050000e-01   3.2500000e-01   3.0160000e-01  -3.1296000e+00  -3.0353000e+00
   9.2650000e-01   6.2980000e-01   6.4280000e-01   5.9170000e-01  -3.0502000e+00  -2.6780000e+00
   1.2458000e+00   9.4560000e-01   9.4850000e-01   9.2740000e-01  -2.8069000e+00  -2.3066000e+00
   1.3478000e+00   1.1906000e+00   1.1495000e+00   1.2029000e+00  -2.3637000e+00  -2.0693000e+00
   1.1987000e+00   1.1850000e+00   1.0959000e+00   1.1592000e+00  -1.7671000e+00  -2.0402000e+00
   9.9760000e-01   1.2356000e+00   9.7010000e-01   1.0314000e+00  -1.3054000e+00  -2.2905000e+00
   9.2380000e-01   1.1918000e+00   9.3760000e-01   9.9990000e-01  -1.1506000e+00  -2.4945000e+00
   9.4270000e-01   1.1224000e+00   9.7940000e-01   1.0559000e+00  -1.3326000e+00  -2.8053000e+00
   8.9280000e-01   9.9410000e-01   1.0312000e+00   1.1382000e+00  -1.9194000e+00  -3.1817000e+00
   7.0210000e-01   1.2147000e+00   1.0797000e+00   1.2839000e+00  -2.5999000e+00  -3.4261000e+00
   1.0041000e+00   1.7893000e+00   1.5101000e+00   1.8144000e+00  -3.1935000e+00  -3.5386000e+00
   1.6342000e+00   2.3046000e+00   2.2925000e+00   2.7129000e+00  -3.4628000e+00  -3.5737000e+00
   2.1435000e+00   2.7522000e+00   3.1699000e+00   3.8408000e+00  -3.5076000e+00  -3.6874000e+00
   2.5605000e+00   3.2068000e+00   3.4316000e+00   3.8633000e+00  -3.3822000e+00  -3.6848000e+00
   2.8946000e+00   3.4782000e+00   3.3793000e+00   3.6531000e+00  -3.2920000e+00  -3.5241000e+00
   2.8457000e+00   3.4094000e+00   3.2765000e+00   3.6589000e+00  -3.1612000e+00  -3.3467000e+00
   2.6124000e+00   3.1641000e+00   3.1561000e+00   3.5797000e+00  -2.8403000e+00  -3.1287000e+00
   2.3864000e+00   2.9389000e+00   2.9990000e+00   3.4373000e+00  -2.5128000e+00  -2.9403000e+00
   2.1860000e+00   2.7777000e+00   2.7664000e+00   3.1365000e+00  -2.2498000e+00  -2.6732000e+00
   1.9367000e+00   2.4029000e+00   2.4028000e+00   2.7156000e+00  -2.0922000e+00  -2.3694000e+00
   1.6681000e+00   2.0999000e+00   2.1158000e+00   2.4159000e+00  -1.8954000e+00  -2.0176000e+00
   1.3486000e+00   1.8986000e+00   1.8679000e+00   2.1745000e+00  -1.6419000e+00  -1.5945000e+00
   1.1484000e+00   1.6757000e+00   1.6617000e+00   1.9486000e+00  -1.2074000e+00  -1.0088000e+00
   1.0830000e+00   1.5351000e+00   1.5859000e+00   1.8658000e+00  -5.2250000e-01  -3.7650000e-01
   1.0800000e+00   1.4495000e+00   1.5569000e+00   1.8257000e+00   4.1610000e-01   2.2980000e-01
   1.2063000e+00   1.4549000e+00   1.5928000e+00   1.8168000e+00   1.2426000e+00   6.5840000e-01
   1.2437000e+00   1.4086000e+00   1.5807000e+00   1.7713000e+00   1.6860000e+00   9.2810000e-01
   1.2930000e+00   1.4419000e+00   1.6308000e+00   1.8150000e+00   1.9851000e+00   1.1665000e+00
   1.4826000e+00   1.6375000e+00   1.8302000e+00   2.0303000e+00   2.2567000e+00   1.4873000e+00
   1.8249000e+00   2.0062000e+00   2.1743000e+00   2.3815000e+00   2.5121000e+00   1.9055000e+00
   2.2169000e+00   2.4282000e+00   2.4899000e+00   2.6524000e+00   2.7401000e+00   2.3760000e+00
   2.2549000e+00   2.5074000e+00   2.4407000e+00   2.5531000e+00   2.8502000e+00   2.7635000e+00
   2.0923000e+00   2.3167000e+00   2.2678000e+00   2.3591000e+00   3.0529000e+00   3.0843000e+00
   2.0866000e+00   2.2643000e+00   2.2945000e+00   2.3957000e+00   3.3334000e+00   3.3421000e+00
   2.1967000e+00   2.3455000e+00   2.4108000e+00   2.5208000e+00   3.6310000e+00   3.6249000e+00
   2.3280000e+00   2.4379000e+00   2.5902000e+00   2.7237000e+00   3.9154000e+00   3.9002000e+00
   2.6986000e+00   2.7877000e+00   2.9084000e+00   2.9969000e+00   4.4000000e+00   4.2829000e+00
   3.0030000e+00   3.0684000e+00   3.1357000e+00   3.1985000e+00   5.1584000e+00   4.5603000e+00
   3.2339000e+00   3.3079000e+00   3.3468000e+00   3.4116000e+00   5.1911000e+00   4.5007000e+00
   3.4560000e+00   3.5762000e+00   3.5851000e+00   3.6422000e+00   5.1067000e+00   4.4361000e+00
   3.7736000e+00   3.8715000e+00   3.9082000e+00   3.9583000e+00   5.0089000e+00   4.3600000e+00
   4.1582000e+00   4.2418000e+00   4.2614000e+00   4.2878000e+00   4.8579000e+00   4.3412000e+00
   4.3493000e+00   4.4427000e+00   4.4324000e+00   4.4720000e+00   4.6905000e+00   4.3495000e+00
   4.4229000e+00   4.4989000e+00   4.5323000e+00   4.6067000e+00   4.5792000e+00   4.3762000e+00
   4.5780000e+00   4.6323000e+00   4.7121000e+00   4.8066000e+00   4.5256000e+00   4.4335000e+00
   4.7281000e+00   4.8053000e+00   4.8429000e+00   4.9217000e+00   4.4819000e+00   4.4283000e+00
   4.7447000e+00   4.8253000e+00   4.8605000e+00   4.9205000e+00   4.4136000e+00   4.3276000e+00
   4.8258000e+00   4.8611000e+00   4.9074000e+00   4.9410000e+00   4.2587000e+00   4.1216000e+00
   4.9574000e+00   4.9711000e+00   4.9622000e+00   4.9551000e+00   4.0360000e+00   3.7839000e+00
   5.0094000e+00   5.0057000e+00   4.9605000e+00   4.9263000e+00   3.7925000e+00   3.4141000e+00
   4.9602000e+00   4.9588000e+00   4.8919000e+00   4.8360000e+00   3.5688000e+00   3.1061000e+00
   4.8951000e+00   4.8820000e+00   4.8024000e+00   4.7214000e+00   3.3708000e+00   2.9210000e+00
   4.8450000e+00   4.8153000e+00   4.7881000e+00   4.7268000e+00   3.2140000e+00   3.0076000e+00
   4.8374000e+00   4.8480000e+00   4.8517000e+00   4.8184000e+00   3.1404000e+00   3.4428000e+00
   4.8646000e+00   4.8941000e+00   4.9201000e+00   4.9101000e+00   3.1534000e+00   3.6388000e+00
   5.0382000e+00   4.9826000e+00   5.0664000e+00   5.0546000e+00   3.2716000e+00   3.7527000e+00
   5.3077000e+00   5.1967000e+00   5.2937000e+00   5.2679000e+00   3.5333000e+00   3.9511000e+00
   5.5549000e+00   5.4529000e+00   5.5092000e+00   5.4744000e+00   3.6632000e+00   4.1762000e+00
   5.7606000e+00   5.6370000e+00   5.6794000e+00   5.6279000e+00   3.7247000e+00   4.2644000e+00
   5.9145000e+00   5.7514000e+00   5.7977000e+00   5.7272000e+00   3.8599000e+00   4.2211000e+00
   5.7966000e+00   5.7581000e+00   5.7754000e+00   5.7231000e+00   4.0023000e+00   4.1005000e+00
   5.3823000e+00   5.5085000e+00   5.5437000e+00   5.5708000e+00   4.0810000e+00   3.9445000e+00
   5.0974000e+00   5.1425000e+00   5.2246000e+00   5.2654000e+00   4.0637000e+00   3.7511000e+00
   4.6023000e+00   4.7922000e+00   4.8882000e+00   4.9642000e+00   3.8781000e+00   3.3864000e+00
   3.7510000e+00   4.1839000e+00   4.3071000e+00   4.4950000e+00   3.3559000e+00   2.7852000e+00
   3.1212000e+00   3.5205000e+00   3.6937000e+00   3.9417000e+00   2.7932000e+00   2.3979000e+00
   2.8625000e+00   3.2229000e+00   3.3941000e+00   3.6460000e+00   2.4512000e+00   2.2101000e+00
   2.9788000e+00   3.2926000e+00   3.4504000e+00   3.7000000e+00   2.3087000e+00   2.2885000e+00
   3.1808000e+00   3.3945000e+00   3.5805000e+00   3.8384000e+00   2.3933000e+00   2.4741000e+00
   3.1370000e+00   3.3400000e+00   3.5216000e+00   3.7888000e+00   2.0603000e+00   2.2265000e+00
   3.0325000e+00   3.2584000e+00   3.3864000e+00   3.6450000e+00   1.8826000e+00   2.0398000e+00
   2.7801000e+00   2.9576000e+00   3.0949000e+00   3.3110000e+00   1.7684000e+00   1.7348000e+00
   2.2818000e+00   2.5237000e+00   2.6201000e+00   2.8160000e+00   1.8045000e+00   1.5919000e+00
   1.8734000e+00   2.2636000e+00   2.2639000e+00   2.4806000e+00   1.9181000e+00   1.6794000e+00
   1.6037000e+00   2.0964000e+00   2.0477000e+00   2.2835000e+00   1.8299000e+00   1.8322000e+00
   1.3049000e+00   1.8843000e+00   1.7959000e+00   2.0414000e+00   1.5232000e+00   1.6460000e+00
   1.0301000e+00   1.6442000e+00   1.5463000e+00   1.7752000e+00   1.1503000e+00   1.2700000e+00
   8.3220000e-01   1.4272000e+00   1.3282000e+00   1.5092000e+00   6.4770000e-01   1.0267000e+00
   7.7240000e-01   1.2719000e+00   1.1463000e+00   1.2986000e+00   1.0340000e-01   7.2210000e-01
   8.2280000e-01   1.1892000e+00   1.0205000e+00   1.1559000e+00  -4.0460000e-01   2.2870000e-01
   8.7570000e-01   1.1419000e+00   9.3360000e-01   1.0209000e+00  -7.8790000e-01  -3.0930000e-01
   6.8240000e-01   9.3720000e-01   7.3620000e-01   8.0440000e-01  -9.9650000e-01  -7.4930000e-01
   2.7400000e-01   6.0420000e-01   3.9110000e-01   4.4580000e-01  -1.0656000e+00  -9.8860000e-01
  -1.9300000e-01   1.8680000e-01  -2.7500000e-02  -1.4000000e-02  -1.1537000e+00  -1.0944000e+00
  -6.6790000e-01  -3.9300000e-01  -4.7970000e-01  -4.9930000e-01  -1.2361000e+00  -1.2025000e+00
  -1.2327000e+00  -1.1859000e+00  -1.1382000e+00  -1.0937000e+00  -1.3469000e+00  -1.3258000e+00
  -1.8258000e+00  -1.7757000e+00  -1.8355000e+00  -1.6990000e+00  -1.4047000e+00  -1.4899000e+00
  -2.3431000e+00  -2.0761000e+00  -2.1986000e+00  -2.0138000e+00  -1.4738000e+00  -1.6839000e+00
  -2.7196000e+00  -2.4439000e+00  -2.4446000e+00  -2.2473000e+00  -1.5452000e+00  -1.8650000e+00
  -2.9931000e+00  -2.6632000e+00  -2.6303000e+00  -2.3892000e+00  -1.6117000e+00  -1.9719000e+00
  -3.0916000e+00  -2.7960000e+00  -2.6406000e+00  -2.3706000e+00  -1.7817000e+00  -2.0924000e+00
  -3.1509000e+00  -2.8713000e+00  -2.7415000e+00  -2.5859000e+00  -2.0511000e+00  -2.2870000e+00
  -3.2870000e+00  -2.8607000e+00  -2.9256000e+00  -2.8897000e+00  -2.4003000e+00  -2.4010000e+00
  -3.2900000e+00  -2.8801000e+00  -3.0543000e+00  -3.0947000e+00  -2.5819000e+00  -2.3652000e+00
  -3.3295000e+00  -3.0257000e+00  -3.1978000e+00  -3.2460000e+00  -2.2903000e+00  -2.2488000e+00
  -3.4407000e+00  -3.3047000e+00  -3.3218000e+00  -3.3160000e+00  -1.8288000e+00  -2.0963000e+00
  -4.2945000e+00  -4.3529000e+00  -4.0417000e+00  -4.0500000e+00  -2.0657000e+00  -1.7751000e+00
  -5.0577000e+00  -5.0837000e+00  -4.7403000e+00  -4.7784000e+00  -2.4318000e+00  -1.6098000e+00
  -5.7436000e+00  -5.6729000e+00  -5.3201000e+00  -5.4177000e+00  -2.0693000e+00  -1.8472000e+00
  -6.1008000e+00  -5.8854000e+00  -5.7036000e+00  -5.8062000e+00  -1.0861000e+00  -1.9578000e+00
  -6.2896000e+00  -6.0804000e+00  -5.8550000e+00  -5.9012000e+00  -4.3490000e-01  -2.2782000e+00
  -6.3593000e+00  -6.2386000e+00  -5.9486000e+00  -5.9917000e+00  -1.7930000e-01  -2.5809000e+00
  -6.2265000e+00  -6.1406000e+00  -5.8614000e+00  -5.9020000e+00  -6.7300000e-02  -1.7785000e+00
  -5.7048000e+00  -5.6836000e+00  -5.4811000e+00  -5.5361000e+00  -4.0380000e-01  -7.1550000e-01
  -5.2210000e+00  -5.2524000e+00  -5.0418000e+00  -5.0470000e+00  -2.6440000e+00  -3.2700000e-02
  -4.6614000e+00  -4.7441000e+00  -4.5117000e+00  -4.5082000e+00  -5.9693000e+00  -2.9190000e-01
  -4.1940000e+00  -4.2790000e+00  -4.1955000e+00  -4.2644000e+00  -5.8603000e+00  -4.2226000e+00
  -3.8860000e+00  -3.9299000e+00  -3.9354000e+00  -4.0274000e+00  -5.0344000e+00  -4.6365000e+00
  -3.5275000e+00  -3.6190000e+00  -3.5052000e+00  -3.5613000e+00  -4.6075000e+00  -4.9704000e+00
  -2.9884000e+00  -3.2026000e+00  -2.9441000e+00  -2.9643000e+00  -4.5856000e+00  -4.8550000e+00
  -2.4664000e+00  -2.6466000e+00  -2.4934000e+00  -2.5271000e+00  -4.4499000e+00  -4.7399000e+00
  -2.1842000e+00  -2.3041000e+00  -2.2370000e+00  -2.2820000e+00  -4.1382000e+00  -4.3729000e+00
  -1.9828000e+00  -2.0881000e+00  -2.0120000e+00  -2.0418000e+00  -3.8798000e+00  -4.0762000e+00
  -1.8919000e+00  -1.9645000e+00  -1.8807000e+00  -1.8849000e+00  -3.8678000e+00  -3.6520000e+00
  -1.7677000e+00  -1.8321000e+00  -1.7685000e+00  -1.7676000e+00  -3.8369000e+00  -3.2425000e+00
  -1.7710000e+00  -1.7743000e+00  -1.7853000e+00  -1.7937000e+00  -3.4242000e+00  -3.0015000e+00
  -1.9716000e+00  -1.9989000e+00  -1.9466000e+00  -1.9545000e+00  -2.8418000e+00  -3.0077000e+00
  -1.9756000e+00  -2.0754000e+00  -1.8924000e+00  -1.8770000e+00  -2.6379000e+00  -3.0128000e+00
  -1.8013000e+00  -1.9411000e+00  -1.7059000e+00  -1.6744000e+00  -2.9943000e+00  -2.9847000e+00
  -1.4604000e+00  -1.5722000e+00  -1.3514000e+00  -1.2823000e+00  -3.1811000e+00  -2.6995000e+00
  -1.2744000e+00  -1.2761000e+00  -1.1996000e+00  -1.1348000e+00  -3.2581000e+00  -2.5341000e+00
  -1.4471000e+00  -1.3410000e+00  -1.3956000e+00  -1.3467000e+00  -3.1095000e+00  -2.4355000e+00
  -1.7235000e+00  -1.6057000e+00  -1.6945000e+00  -1.6789000e+00  -3.0146000e+00  -2.1257000e+00
  -1.9024000e+00  -1.8066000e+00  -1.8776000e+00  -1.8725000e+00  -2.7907000e+00  -2.1062000e+00
  -1.9899000e+00  -1.8618000e+00  -1.9470000e+00  -1.9387000e+00  -2.6177000e+00  -2.2430000e+00
  -1.9188000e+00  -1.7561000e+00  -1.8654000e+00  -1.8578000e+00  -2.4735000e+00  -2.4218000e+00
  -2.0299000e+00  -1.9011000e+00  -1.9857000e+00  -1.9951000e+00  -2.6459000e+00  -2.5874000e+00
  -1.9972000e+00  -1.9539000e+00  -1.9638000e+00  -1.9684000e+00  -3.0296000e+00  -2.7809000e+00
  -1.8632000e+00  -1.7713000e+00  -1.8329000e+00  -1.8010000e+00  -3.2038000e+00  -3.0083000e+00
  -2.0337000e+00  -1.8028000e+00  -1.9907000e+00  -1.9685000e+00  -3.3715000e+00  -3.1631000e+00
  -1.9749000e+00  -1.8420000e+00  -1.9197000e+00  -1.8979000e+00  -3.3760000e+00  -3.1247000e+00
  -1.6914000e+00  -1.5142000e+00  -1.6336000e+00  -1.5817000e+00  -2.8936000e+00  -2.9830000e+00
  -1.8600000e+00  -1.5497000e+00  -1.7752000e+00  -1.7311000e+00  -2.2260000e+00  -2.7039000e+00
  -1.6041000e+00  -1.5339000e+00  -1.5666000e+00  -1.5736000e+00  -1.6313000e+00  -2.1453000e+00
  -9.3650000e-01  -1.0907000e+00  -8.5260000e-01  -8.1310000e-01  -1.0599000e+00  -1.9220000e+00
  -1.0837000e+00  -8.2540000e-01  -8.1640000e-01  -6.4670000e-01  -5.4080000e-01  -1.9649000e+00
  -2.0935000e+00  -1.7975000e+00  -1.7615000e+00  -1.6251000e+00  -9.7850000e-01  -2.0726000e+00
  -2.5225000e+00  -2.3896000e+00  -2.3360000e+00  -2.3128000e+00  -1.5629000e+00  -1.9009000e+00
  -2.7239000e+00  -2.5712000e+00  -2.7223000e+00  -2.8041000e+00  -1.2590000e+00  -1.7009000e+00
  -2.8580000e+00  -2.5549000e+00  -2.9073000e+00  -3.0900000e+00  -1.7473000e+00  -1.8612000e+00
  -1.9799000e+00  -2.2331000e+00  -2.0698000e+00  -2.2416000e+00  -2.7479000e+00  -2.0084000e+00
   9.5600000e-02  -3.4590000e-01  -1.9440000e-01  -3.4540000e-01  -3.3004000e+00  -1.6820000e+00
   1.0335000e+00   8.7840000e-01   6.8650000e-01   5.6730000e-01  -2.4459000e+00  -1.0852000e+00
   1.0279000e+00   1.1199000e+00   6.2210000e-01   4.3550000e-01  -3.2280000e-01  -1.0134000e+00
   7.9240000e-01   1.2426000e+00   3.2070000e-01   7.8600000e-02   1.1208000e+00  -6.7380000e-01
   2.9350000e-01   8.0010000e-01  -4.4500000e-02  -2.5180000e-01   9.5910000e-01  -3.7260000e-01
  -1.3450000e-01   1.2990000e-01  -4.9790000e-01  -7.3410000e-01   1.7348000e+00   2.3150000e-01
  -4.5050000e-01  -3.9720000e-01  -8.2740000e-01  -1.1261000e+00   2.5203000e+00   8.1210000e-01
  -6.6240000e-01  -6.7200000e-01  -1.0057000e+00  -1.2954000e+00   3.3307000e+00   1.1194000e+00
  -4.6330000e-01  -4.1200000e-01  -7.1810000e-01  -9.4520000e-01   4.0708000e+00   1.3818000e+00
  -1.0210000e-01  -1.0890000e-01  -2.0930000e-01  -3.0190000e-01   4.8929000e+00   1.9503000e+00
   5.7530000e-01   5.9310000e-01   4.9050000e-01   4.2150000e-01   5.7009000e+00   2.5924000e+00
   6.5960000e-01   6.3680000e-01   5.6280000e-01   4.9420000e-01   6.5207000e+00   3.3807000e+00
   6.6810000e-01   6.4820000e-01   5.4560000e-01   4.1280000e-01   6.8354000e+00   3.9162000e+00
   7.3200000e-01   7.7390000e-01   6.7600000e-01   5.5740000e-01   6.4463000e+00   4.1604000e+00
   1.3429000e+00   1.6708000e+00   1.2762000e+00   1.1690000e+00   6.2481000e+00   4.0853000e+00
   2.2288000e+00   2.8396000e+00   2.1162000e+00   1.9755000e+00   5.7919000e+00   3.6091000e+00
   4.3436000e+00   4.6621000e+00   4.0413000e+00   3.8292000e+00   5.2801000e+00   3.2907000e+00
   6.6575000e+00   6.8931000e+00   6.1746000e+00   6.0425000e+00   4.4407000e+00   2.9795000e+00
   7.8060000e+00   8.2726000e+00   7.4432000e+00   7.4433000e+00   3.7007000e+00   2.9779000e+00
   8.0199000e+00   8.5174000e+00   7.8393000e+00   7.9654000e+00   2.8010000e+00   2.7170000e+00
   7.9656000e+00   8.4455000e+00   7.8335000e+00   7.9356000e+00   2.1237000e+00   2.2599000e+00
   7.9366000e+00   8.3831000e+00   7.8896000e+00   8.0183000e+00   1.7528000e+00   1.8564000e+00
   8.0732000e+00   8.5543000e+00   8.1795000e+00   8.3979000e+00   1.7593000e+00   1.6344000e+00
   8.1761000e+00   8.8134000e+00   8.3539000e+00   8.6378000e+00   2.0520000e+00   1.6230000e+00
   7.9876000e+00   8.6751000e+00   8.1780000e+00   8.4658000e+00   2.1754000e+00   1.7227000e+00
   7.7810000e+00   8.4614000e+00   7.9505000e+00   8.2275000e+00   2.2182000e+00   1.7490000e+00
   8.0415000e+00   8.6561000e+00   8.1442000e+00   8.3409000e+00   2.3477000e+00   1.6843000e+00
   8.1357000e+00   8.6820000e+00   8.1871000e+00   8.4285000e+00   2.5167000e+00   1.7491000e+00
   8.0650000e+00   8.6630000e+00   8.1589000e+00   8.3896000e+00   2.6894000e+00   1.9267000e+00
   8.0424000e+00   8.5184000e+00   8.1170000e+00   8.3333000e+00   2.7981000e+00   2.0607000e+00
   8.2590000e+00   8.8189000e+00   8.3761000e+00   8.6116000e+00   2.8878000e+00   2.2452000e+00
   8.5954000e+00   9.1659000e+00   8.6171000e+00   8.8262000e+00   2.9731000e+00   2.4750000e+00
   8.4016000e+00   9.0827000e+00   8.4918000e+00   8.7394000e+00   3.2797000e+00   2.6566000e+00
   8.0248000e+00   8.6275000e+00   8.2144000e+00   8.4928000e+00   3.5298000e+00   2.6872000e+00
   8.3589000e+00   8.7939000e+00   8.5440000e+00   8.8445000e+00   3.1682000e+00   1.8505000e+00
   8.1638000e+00   8.8059000e+00   8.3689000e+00   8.7038000e+00   2.6972000e+00   1.6751000e+00
   7.6271000e+00   8.2755000e+00   7.8343000e+00   8.1331000e+00   2.6929000e+00   1.6487000e+00
   6.8514000e+00   7.3572000e+00   7.0211000e+00   7.2394000e+00   2.5197000e+00   1.5871000e+00
   6.0823000e+00   6.4816000e+00   6.3240000e+00   6.5547000e+00   2.2182000e+00   1.1782000e+00
   5.9094000e+00   6.0732000e+00   6.1280000e+00   6.3407000e+00   2.0240000e+00   6.5310000e-01
   5.5207000e+00   5.8334000e+00   5.9849000e+00   6.3481000e+00   1.9727000e+00   5.3430000e-01
   5.0711000e+00   5.3637000e+00   5.4230000e+00   5.6848000e+00   1.6778000e+00   2.6150000e-01
   4.3683000e+00   4.3585000e+00   4.6242000e+00   4.8247000e+00   8.6580000e-01  -4.2480000e-01
   3.2897000e+00   2.5386000e+00   3.3957000e+00   3.3966000e+00   2.3420000e-01  -9.5060000e-01
   2.1220000e+00   1.2495000e+00   2.1154000e+00   1.9298000e+00  -4.7400000e-02  -1.0471000e+00
   9.9840000e-01   7.5640000e-01   1.0746000e+00   9.0550000e-01  -4.3490000e-01  -8.5580000e-01
   1.5370000e-01   7.2020000e-01   6.8940000e-01   8.2370000e-01  -7.5420000e-01  -5.9640000e-01
  -1.1950000e-01   4.5550000e-01   4.9190000e-01   5.7670000e-01  -1.0359000e+00  -4.4560000e-01
  -7.2330000e-01  -7.2390000e-01  -3.8300000e-01  -3.9640000e-01  -9.7670000e-01  -9.5100000e-02
  -1.6487000e+00  -1.4521000e+00  -1.1864000e+00  -1.1203000e+00  -8.1320000e-01   2.2800000e-02
  -1.7888000e+00  -1.6488000e+00  -1.3362000e+00  -1.3525000e+00  -6.2430000e-01  -5.2000000e-03
  -1.5715000e+00  -1.4079000e+00  -1.1938000e+00  -1.2234000e+00  -2.8090000e-01   5.6000000e-03
  -1.2656000e+00  -1.0487000e+00  -8.5730000e-01  -8.2190000e-01   4.3710000e-01   1.2380000e-01
  -1.0492000e+00  -8.7770000e-01  -6.6760000e-01  -6.6270000e-01   1.1679000e+00   3.4230000e-01
  -9.2720000e-01  -8.2730000e-01  -7.1060000e-01  -7.8150000e-01   1.8727000e+00   7.4880000e-01
  -8.4130000e-01  -7.4890000e-01  -7.4260000e-01  -8.6020000e-01   2.4842000e+00   1.1423000e+00
  -7.5620000e-01  -5.5580000e-01  -6.6640000e-01  -7.4260000e-01   2.8146000e+00   1.2941000e+00
  -7.1960000e-01  -4.4480000e-01  -5.6410000e-01  -5.7040000e-01   2.9192000e+00   1.2248000e+00
  -4.6350000e-01  -1.1820000e-01  -3.7060000e-01  -3.9150000e-01   3.0127000e+00   1.0534000e+00
  -1.1900000e-02   3.1570000e-01  -2.0800000e-02  -7.2000000e-02   2.9895000e+00   1.0794000e+00
   4.0160000e-01   7.2020000e-01   3.3650000e-01   2.7860000e-01   2.9664000e+00   1.4479000e+00
   9.7980000e-01   1.2549000e+00   8.3730000e-01   7.7550000e-01   2.8837000e+00   1.7767000e+00
   1.5762000e+00   1.8117000e+00   1.3544000e+00   1.2749000e+00   3.0592000e+00   2.0216000e+00
   1.6544000e+00   1.7980000e+00   1.5077000e+00   1.4687000e+00   3.2534000e+00   2.2378000e+00
   1.8581000e+00   1.9921000e+00   1.7569000e+00   1.7403000e+00   3.4769000e+00   2.2124000e+00
   1.6807000e+00   1.8631000e+00   1.7667000e+00   1.8595000e+00   3.6719000e+00   2.5286000e+00
   1.9948000e+00   2.1735000e+00   2.0000000e+00   2.0210000e+00   3.7445000e+00   3.0396000e+00
   2.2338000e+00   2.4462000e+00   2.2409000e+00   2.2635000e+00   4.0534000e+00   3.5026000e+00
   2.4764000e+00   2.6227000e+00   2.4819000e+00   2.5202000e+00   3.9592000e+00   4.1868000e+00
   2.5874000e+00   2.6347000e+00   2.5572000e+00   2.5814000e+00   3.8645000e+00   4.4983000e+00
   2.3973000e+00   2.3436000e+00   2.3307000e+00   2.3179000e+00   3.8678000e+00   4.6179000e+00
   2.2303000e+00   2.1065000e+00   2.0956000e+00   2.0302000e+00   3.7055000e+00   4.5091000e+00
   1.8884000e+00   1.8439000e+00   1.7786000e+00   1.7383000e+00   3.4026000e+00   4.4283000e+00
   1.4256000e+00   1.4633000e+00   1.3532000e+00   1.3412000e+00   3.0289000e+00   4.1109000e+00
   1.2589000e+00   1.1802000e+00   1.1714000e+00   1.1455000e+00   2.8039000e+00   3.5851000e+00
   1.0036000e+00   9.8290000e-01   9.6160000e-01   9.6620000e-01   2.5646000e+00   3.1338000e+00
   4.8610000e-01   4.3590000e-01   4.0120000e-01   4.1890000e-01   2.1557000e+00   2.8721000e+00
   4.8400000e-02  -1.0490000e-01  -4.4000000e-02  -7.3900000e-02   1.8930000e+00   2.5391000e+00
  -6.1850000e-01  -9.1730000e-01  -6.7010000e-01  -6.4960000e-01   1.5835000e+00   2.0391000e+00
  -1.3876000e+00  -1.5679000e+00  -1.4252000e+00  -1.4019000e+00   1.0470000e+00   1.3654000e+00
  -1.8705000e+00  -1.8947000e+00  -1.9422000e+00  -1.9548000e+00   3.6160000e-01   7.1810000e-01
  -2.0983000e+00  -2.0242000e+00  -2.2201000e+00  -2.2525000e+00  -4.1020000e-01  -4.1000000e-02
  -2.2140000e+00  -2.1685000e+00  -2.3442000e+00  -2.3863000e+00  -1.1840000e+00  -1.0165000e+00
  -2.2371000e+00  -2.2039000e+00  -2.3309000e+00  -2.3341000e+00  -1.5883000e+00  -2.0071000e+00
