   2.0233000e+00   2.0551000e+00   1.9937000e+00   1.9986000e+00   1.7235000e+00   1.7405000e+00
   2.0967000e+00   2.1327000e+00   2.0776000e+00   2.0860000e+00   1.9474000e+00   1.9395000e+00
   2.1985000e+00   2.2392000e+00   2.1707000e+00   2.1823000e+00   2.1701000e+00   2.2190000e+00
   2.2646000e+00   2.3347000e+00   2.2177000e+00   2.2240000e+00   2.6063000e+00   2.6639000e+00
   2.5414000e+00   2.6699000e+00   2.4873000e+00   2.4924000e+00   2.8741000e+00   2.9621000e+00
   2.6179000e+00   2.8149000e+00   2.5912000e+00   2.6128000e+00   3.1148000e+00   3.2329000e+00
   2.6082000e+00   2.8434000e+00   2.6075000e+00   2.6291000e+00   3.4546000e+00   3.4934000e+00
   2.6994000e+00   2.9457000e+00   2.6957000e+00   2.7123000e+00   3.6711000e+00   3.7567000e+00
   2.7899000e+00   3.0323000e+00   2.8095000e+00   2.8375000e+00   3.8874000e+00   3.9537000e+00
   2.7688000e+00   2.9995000e+00   2.7940000e+00   2.8234000e+00   4.1199000e+00   4.1761000e+00
   2.9125000e+00   3.1391000e+00   2.9509000e+00   2.9918000e+00   4.2334000e+00   4.2913000e+00
   3.0031000e+00   3.2150000e+00   3.0570000e+00   3.1051000e+00   4.3905000e+00   4.4670000e+00
   3.1245000e+00   3.3279000e+00   3.1684000e+00   3.2023000e+00   4.4568000e+00   4.5999000e+00
   3.1832000e+00   3.3668000e+00   3.2102000e+00   3.2314000e+00   4.7025000e+00   4.7910000e+00
   3.3113000e+00   3.4686000e+00   3.3184000e+00   3.3319000e+00   5.0121000e+00   5.0475000e+00
   3.3890000e+00   3.5476000e+00   3.3946000e+00   3.4132000e+00   5.2360000e+00   5.2610000e+00
   3.5142000e+00   3.6801000e+00   3.5256000e+00   3.5534000e+00   5.4781000e+00   5.5741000e+00
   3.5509000e+00   3.7526000e+00   3.5912000e+00   3.6344000e+00   5.4690000e+00   5.6346000e+00
   3.5539000e+00   3.7945000e+00   3.6585000e+00   3.7332000e+00   5.5321000e+00   5.7853000e+00
   3.7106000e+00   3.9824000e+00   3.8355000e+00   3.9228000e+00   5.0989000e+00   5.0585000e+00
   3.7803000e+00   4.0315000e+00   3.8664000e+00   3.9754000e+00   4.3301000e+00   4.4004000e+00
   3.7169000e+00   3.9731000e+00   3.7763000e+00   3.9162000e+00   3.9406000e+00   4.0964000e+00
   3.5725000e+00   3.8793000e+00   3.6520000e+00   3.8346000e+00   4.2300000e+00   4.5011000e+00
   3.3366000e+00   3.7398000e+00   3.4706000e+00   3.6922000e+00   4.7100000e+00   4.7545000e+00
   3.2613000e+00   3.7292000e+00   3.4355000e+00   3.6921000e+00   4.8135000e+00   4.7486000e+00
   3.2694000e+00   3.7176000e+00   3.4247000e+00   3.7005000e+00   4.9796000e+00   4.7768000e+00
   3.0361000e+00   3.4473000e+00   3.2138000e+00   3.5258000e+00   5.2000000e+00   4.9380000e+00
   2.9017000e+00   3.2599000e+00   3.0694000e+00   3.3984000e+00   5.2072000e+00   5.0543000e+00
   2.8907000e+00   3.2622000e+00   3.1054000e+00   3.4592000e+00   5.2737000e+00   5.2253000e+00
   2.9683000e+00   3.3976000e+00   3.2635000e+00   3.6068000e+00   5.5362000e+00   5.4274000e+00
   3.0330000e+00   3.5334000e+00   3.4097000e+00   3.7021000e+00   5.8243000e+00   5.5671000e+00
   3.0819000e+00   3.6363000e+00   3.4895000e+00   3.6945000e+00   5.8968000e+00   5.5060000e+00
   3.2029000e+00   3.7693000e+00   3.5948000e+00   3.7084000e+00   5.8224000e+00   5.4277000e+00
   3.3389000e+00   3.8571000e+00   3.6819000e+00   3.7136000e+00   5.6562000e+00   5.4237000e+00
   3.5131000e+00   3.9431000e+00   3.7818000e+00   3.7435000e+00   5.5016000e+00   5.4189000e+00
   3.7471000e+00   4.0384000e+00   3.8800000e+00   3.8001000e+00   5.2923000e+00   5.3435000e+00
   3.9437000e+00   4.1569000e+00   3.9732000e+00   3.8848000e+00   5.3026000e+00   5.3459000e+00
   4.2061000e+00   4.4221000e+00   4.2170000e+00   4.1841000e+00   5.4584000e+00   5.4431000e+00
   4.5089000e+00   4.7992000e+00   4.5521000e+00   4.5842000e+00   5.5788000e+00   5.5172000e+00
   4.7561000e+00   5.1240000e+00   4.8357000e+00   4.9698000e+00   5.6984000e+00   5.5309000e+00
   5.2252000e+00   5.5895000e+00   5.2097000e+00   5.3899000e+00   6.0169000e+00   5.6482000e+00
   5.7052000e+00   6.0822000e+00   5.4904000e+00   5.6891000e+00   6.3009000e+00   5.7991000e+00
   5.9630000e+00   6.5259000e+00   5.8298000e+00   6.0143000e+00   6.4600000e+00   5.9527000e+00
   6.2572000e+00   6.8822000e+00   6.2459000e+00   6.5013000e+00   6.5886000e+00   6.1742000e+00
   6.7219000e+00   7.3742000e+00   6.7249000e+00   7.0176000e+00   6.7029000e+00   6.3917000e+00
   6.6253000e+00   7.5538000e+00   6.9068000e+00   7.3329000e+00   6.9386000e+00   6.5932000e+00
   6.6531000e+00   7.8148000e+00   7.1663000e+00   7.5493000e+00   7.1089000e+00   6.7665000e+00
   6.8538000e+00   7.8179000e+00   6.8678000e+00   7.2247000e+00   7.3052000e+00   6.9855000e+00
   7.0598000e+00   8.2451000e+00   7.2745000e+00   7.7189000e+00   7.2986000e+00   7.1047000e+00
   6.9410000e+00   8.2595000e+00   7.6996000e+00   8.4152000e+00   7.3957000e+00   7.3092000e+00
   7.5549000e+00   8.8856000e+00   8.5947000e+00   9.5641000e+00   7.5922000e+00   7.5212000e+00
   6.5627000e+00   8.8976000e+00   8.4190000e+00   9.6713000e+00   7.8853000e+00   7.9260000e+00
   7.2365000e+00   9.5331000e+00   8.6541000e+00   9.5449000e+00   8.2212000e+00   8.2751000e+00
   6.4369000e+00   8.1734000e+00   8.1524000e+00   9.5062000e+00   8.6983000e+00   8.6667000e+00
   7.5187000e+00   1.0165500e+01   9.0796000e+00   1.0101500e+01   9.1335000e+00   8.8705000e+00
   8.3620000e+00   1.0707300e+01   1.0279800e+01   1.1036800e+01   9.1163000e+00   8.6540000e+00
   1.1360400e+01   1.2097800e+01   1.1714400e+01   1.2167500e+01   9.4647000e+00   8.7935000e+00
   1.0648800e+01   1.1887800e+01   1.1036600e+01   1.1393700e+01   9.1860000e+00   8.5117000e+00
   9.9788000e+00   1.1367400e+01   1.0533000e+01   1.0864900e+01   8.5152000e+00   7.9097000e+00
   1.0522200e+01   1.1511300e+01   1.0934600e+01   1.1218900e+01   8.1804000e+00   7.7513000e+00
   1.0306600e+01   1.1172600e+01   1.0751200e+01   1.1168200e+01   8.3996000e+00   7.3722000e+00
   9.7276000e+00   1.0801900e+01   1.0415600e+01   1.0867400e+01   8.8380000e+00   8.5140000e+00
   1.0176100e+01   1.1342400e+01   1.0895100e+01   1.1293600e+01   9.1862000e+00   8.5399000e+00
   1.0287200e+01   1.1351800e+01   1.0961300e+01   1.1267500e+01   8.5426000e+00   8.2694000e+00
   1.0666200e+01   1.1591900e+01   1.1334900e+01   1.1596200e+01   9.0271000e+00   9.5902000e+00
   1.1168400e+01   1.2112400e+01   1.1740100e+01   1.1998800e+01   9.1019000e+00   9.2246000e+00
   1.1677400e+01   1.2413000e+01   1.2015600e+01   1.2522600e+01   8.7426000e+00   9.0730000e+00
   1.1485000e+01   1.2577900e+01   1.2239200e+01   1.2831800e+01   8.8011000e+00   9.1223000e+00
   1.0948700e+01   1.1789000e+01   1.1567600e+01   1.2064200e+01   9.0349000e+00   9.2074000e+00
   1.0497900e+01   1.1331200e+01   1.1074100e+01   1.1519700e+01   9.5370000e+00   9.4609000e+00
   1.1277300e+01   1.1892700e+01   1.1616700e+01   1.1931000e+01   9.6131000e+00   9.8008000e+00
   1.2326900e+01   1.2927400e+01   1.2647700e+01   1.2952500e+01   9.4861000e+00   9.5507000e+00
   1.3090400e+01   1.3616800e+01   1.3253800e+01   1.3465800e+01   9.5255000e+00   9.7698000e+00
   1.2922200e+01   1.3428500e+01   1.3147600e+01   1.3361200e+01   9.8823000e+00   9.9657000e+00
   1.2686300e+01   1.3074100e+01   1.2854500e+01   1.3007300e+01   1.0066800e+01   1.0599400e+01
   1.2461400e+01   1.2903200e+01   1.2762000e+01   1.2970600e+01   9.9365000e+00   1.0505100e+01
   1.2212800e+01   1.2677400e+01   1.2628100e+01   1.2904800e+01   1.0825700e+01   1.1527500e+01
   1.1855900e+01   1.2314200e+01   1.2270500e+01   1.2578800e+01   1.1264200e+01   1.1925200e+01
   1.2162800e+01   1.2501000e+01   1.2380600e+01   1.2526100e+01   1.1530500e+01   1.2160200e+01
   1.3245000e+01   1.3676500e+01   1.3565200e+01   1.3695700e+01   1.1134000e+01   1.1810500e+01
   1.2914700e+01   1.3520200e+01   1.3414900e+01   1.3598300e+01   1.0834800e+01   1.1710800e+01
   1.3222200e+01   1.3870200e+01   1.3695900e+01   1.3860300e+01   1.0549400e+01   1.1055200e+01
   1.3158500e+01   1.3591000e+01   1.3531200e+01   1.3640900e+01   1.0790900e+01   1.1005600e+01
   1.3001100e+01   1.3554900e+01   1.3439200e+01   1.3586500e+01   1.1028600e+01   1.1389200e+01
   1.3617000e+01   1.4098700e+01   1.3997700e+01   1.4120500e+01   1.0901000e+01   1.1344200e+01
   1.3754500e+01   1.4397400e+01   1.4196000e+01   1.4334800e+01   1.1351700e+01   1.1444100e+01
   1.3818700e+01   1.4568600e+01   1.4432800e+01   1.4669300e+01   1.1417000e+01   1.1668100e+01
   1.3683500e+01   1.4306400e+01   1.4237200e+01   1.4477400e+01   1.1381500e+01   1.1715400e+01
   1.3813200e+01   1.4408600e+01   1.4393400e+01   1.4672800e+01   1.1705200e+01   1.1807200e+01
   1.3770100e+01   1.4248300e+01   1.4322100e+01   1.4616400e+01   1.1896100e+01   1.2008400e+01
   1.3683800e+01   1.4241000e+01   1.4198900e+01   1.4469100e+01   1.1899500e+01   1.2458400e+01
   1.3741200e+01   1.4338300e+01   1.4288800e+01   1.4600500e+01   1.0898600e+01   1.2270600e+01
   1.3765100e+01   1.4270000e+01   1.4310700e+01   1.4644100e+01   9.6987000e+00   1.1976800e+01
   1.4018700e+01   1.4178500e+01   1.4341800e+01   1.4578400e+01   9.3373000e+00   1.1964100e+01
   1.4598000e+01   1.4788100e+01   1.4884000e+01   1.5071000e+01   8.9697000e+00   1.1780800e+01
   1.3894000e+01   1.4397700e+01   1.4430200e+01   1.4814200e+01   9.4641000e+00   1.1716300e+01
   1.3590400e+01   1.3813900e+01   1.3985700e+01   1.4276300e+01   1.0476700e+01   1.1946900e+01
   1.3613800e+01   1.3282100e+01   1.3779400e+01   1.3921200e+01   1.1292800e+01   1.1985300e+01
   1.3648500e+01   1.3764700e+01   1.3969300e+01   1.4159600e+01   1.2083400e+01   1.2249200e+01
   1.3207800e+01   1.3670000e+01   1.3740400e+01   1.4093100e+01   1.2438000e+01   1.2450200e+01
   1.2743100e+01   1.3114500e+01   1.3232900e+01   1.3567100e+01   1.2353800e+01   1.2371500e+01
   1.2477500e+01   1.2874500e+01   1.2883300e+01   1.3148900e+01   1.1775400e+01   1.2029400e+01
   1.2205500e+01   1.2738600e+01   1.2734500e+01   1.3036800e+01   1.0470000e+01   1.1188900e+01
   1.1637200e+01   1.2120200e+01   1.2175200e+01   1.2526400e+01   8.8510000e+00   1.0121200e+01
   1.1865000e+01   1.1800000e+01   1.2024200e+01   1.2163000e+01   8.7582000e+00   9.2398000e+00
   1.2599700e+01   1.2484700e+01   1.2646400e+01   1.2663300e+01   8.1456000e+00   8.8005000e+00
   1.2841000e+01   1.2941300e+01   1.2999200e+01   1.3130900e+01   7.7940000e+00   7.7804000e+00
   1.2704800e+01   1.2982900e+01   1.2874300e+01   1.3008400e+01   7.7428000e+00   7.3227000e+00
   1.2090000e+01   1.2210400e+01   1.2465000e+01   1.2749500e+01   8.0781000e+00   7.1809000e+00
   1.1191800e+01   1.1358200e+01   1.1813000e+01   1.2212100e+01   8.5051000e+00   7.3964000e+00
   1.0638800e+01   1.0963800e+01   1.1547600e+01   1.2029100e+01   8.8822000e+00   7.7899000e+00
   1.0169400e+01   1.0149000e+01   1.0549100e+01   1.0842200e+01   9.1239000e+00   8.0068000e+00
   1.0944200e+01   1.0960300e+01   1.1024100e+01   1.1113400e+01   9.1389000e+00   8.3570000e+00
   1.1028500e+01   1.1324300e+01   1.1356000e+01   1.1536800e+01   8.5224000e+00   8.0535000e+00
   1.0344700e+01   1.0793600e+01   1.0864300e+01   1.1345000e+01   7.7624000e+00   7.8730000e+00
   1.0885400e+01   1.1112200e+01   1.1021900e+01   1.1114000e+01   7.3807000e+00   7.9276000e+00
   1.0994200e+01   1.1101800e+01   1.1251100e+01   1.1431400e+01   7.5684000e+00   8.0833000e+00
   1.1343500e+01   1.1427500e+01   1.1537300e+01   1.1593600e+01   7.6275000e+00   8.2777000e+00
   1.0868200e+01   1.1201000e+01   1.1133400e+01   1.1301100e+01   7.1065000e+00   7.9231000e+00
   1.0523000e+01   1.0831600e+01   1.0741400e+01   1.1012800e+01   6.8207000e+00   7.5631000e+00
   1.1054400e+01   1.1390400e+01   1.1183800e+01   1.1339300e+01   6.2968000e+00   7.5467000e+00
   1.0346800e+01   1.0001000e+01   1.0638600e+01   1.1049100e+01   5.8304000e+00   7.2783000e+00
   1.0793700e+01   1.0997400e+01   1.1025300e+01   1.1143200e+01   5.8438000e+00   6.8307000e+00
   1.0240400e+01   9.7097000e+00   1.0504000e+01   1.0537800e+01   6.5725000e+00   6.6402000e+00
   8.7673000e+00   9.2292000e+00   8.9501000e+00   9.1409000e+00   6.7577000e+00   6.6756000e+00
   8.3036000e+00   1.0083200e+01   9.2100000e+00   1.0286400e+01   6.8096000e+00   6.7801000e+00
   8.8393000e+00   1.0126300e+01   9.9868000e+00   1.0806300e+01   6.8835000e+00   7.1384000e+00
   9.2346000e+00   9.7260000e+00   9.8149000e+00   1.0110900e+01   6.7264000e+00   7.3338000e+00
   8.6548000e+00   9.2605000e+00   9.3176000e+00   9.7440000e+00   6.7989000e+00   7.1114000e+00
   8.5078000e+00   9.0278000e+00   9.0149000e+00   9.1863000e+00   6.7343000e+00   6.8396000e+00
   8.7293000e+00   8.8942000e+00   9.1934000e+00   9.4080000e+00   6.6061000e+00   6.9213000e+00
   8.6432000e+00   9.0358000e+00   9.3018000e+00   9.5578000e+00   6.7947000e+00   6.9614000e+00
   8.5590000e+00   9.0906000e+00   9.1161000e+00   9.2523000e+00   6.8361000e+00   6.7494000e+00
   8.8942000e+00   9.1182000e+00   9.0407000e+00   8.9998000e+00   7.3243000e+00   6.4252000e+00
   8.8802000e+00   8.7976000e+00   8.7281000e+00   8.6377000e+00   7.8297000e+00   6.7984000e+00
   8.3468000e+00   7.8940000e+00   8.0092000e+00   7.7993000e+00   7.9989000e+00   7.4967000e+00
   8.1367000e+00   7.6826000e+00   7.7707000e+00   7.5838000e+00   8.7079000e+00   7.8718000e+00
   7.9237000e+00   7.6107000e+00   7.4927000e+00   7.2992000e+00   8.5892000e+00   8.1761000e+00
   8.5284000e+00   7.9966000e+00   7.9250000e+00   7.6763000e+00   7.6307000e+00   8.2649000e+00
   8.6860000e+00   8.3315000e+00   8.2440000e+00   8.0574000e+00   7.1225000e+00   8.6478000e+00
   9.5025000e+00   9.1490000e+00   9.0617000e+00   8.8589000e+00   7.0007000e+00   8.0707000e+00
   9.4296000e+00   9.1064000e+00   9.0181000e+00   8.8194000e+00   6.8357000e+00   7.4938000e+00
   9.8282000e+00   9.3981000e+00   9.3340000e+00   9.1402000e+00   5.9183000e+00   7.3662000e+00
   8.0811000e+00   7.3526000e+00   8.0795000e+00   8.0447000e+00   5.3698000e+00   6.7709000e+00
   6.6158000e+00   5.9326000e+00   6.3066000e+00   6.2161000e+00   4.6382000e+00   5.7409000e+00
   6.5203000e+00   5.8399000e+00   5.8071000e+00   5.6841000e+00   4.0642000e+00   4.9008000e+00
   6.4710000e+00   5.8074000e+00   5.8052000e+00   5.6440000e+00   3.5734000e+00   4.6206000e+00
   6.3333000e+00   5.3195000e+00   5.5919000e+00   5.3733000e+00   3.7576000e+00   4.5307000e+00
   6.5965000e+00   5.3863000e+00   5.7414000e+00   5.5135000e+00   4.5536000e+00   4.4217000e+00
   6.2847000e+00   5.1833000e+00   5.5270000e+00   5.3764000e+00   5.3075000e+00   4.2528000e+00
   5.6976000e+00   4.8609000e+00   5.1254000e+00   5.0878000e+00   5.5684000e+00   4.1890000e+00
   5.0893000e+00   4.5902000e+00   4.8276000e+00   4.8247000e+00   5.5579000e+00   4.5584000e+00
   4.6341000e+00   4.3615000e+00   4.5767000e+00   4.5695000e+00   5.8418000e+00   5.6502000e+00
   4.4287000e+00   4.3016000e+00   4.4806000e+00   4.5030000e+00   5.8722000e+00   5.9687000e+00
   4.4225000e+00   4.1724000e+00   4.4616000e+00   4.5848000e+00   5.7865000e+00   5.9882000e+00
   4.7172000e+00   4.2778000e+00   4.5934000e+00   4.6819000e+00   5.5119000e+00   5.9871000e+00
   4.7668000e+00   4.3959000e+00   4.7301000e+00   4.8779000e+00   5.3426000e+00   5.5438000e+00
   4.7153000e+00   4.4638000e+00   4.7000000e+00   4.8156000e+00   5.5060000e+00   5.6330000e+00
   4.5793000e+00   4.4152000e+00   4.5334000e+00   4.6158000e+00   5.2326000e+00   5.4748000e+00
   4.4834000e+00   4.3655000e+00   4.4667000e+00   4.5587000e+00   5.5076000e+00   4.9777000e+00
   4.0651000e+00   3.9617000e+00   4.0617000e+00   4.1507000e+00   6.3259000e+00   4.5534000e+00
   3.9638000e+00   3.8840000e+00   3.9975000e+00   4.0853000e+00   6.1005000e+00   4.1658000e+00
   3.7090000e+00   3.6418000e+00   3.8387000e+00   3.9390000e+00   5.2788000e+00   3.9860000e+00
   3.6197000e+00   3.6783000e+00   3.7955000e+00   3.8649000e+00   4.7946000e+00   4.3988000e+00
   3.4550000e+00   3.3788000e+00   3.5828000e+00   3.6303000e+00   4.3228000e+00   5.0830000e+00
   3.8420000e+00   3.8374000e+00   3.9292000e+00   3.9373000e+00   4.1035000e+00   5.2702000e+00
   4.2911000e+00   3.9527000e+00   4.2845000e+00   4.2365000e+00   3.8258000e+00   5.0820000e+00
   4.4927000e+00   4.2528000e+00   4.5110000e+00   4.5425000e+00   4.2979000e+00   4.4283000e+00
   4.2200000e+00   4.2226000e+00   4.2959000e+00   4.3844000e+00   5.1003000e+00   4.3941000e+00
   3.8129000e+00   3.8663000e+00   3.8909000e+00   3.9655000e+00   5.6915000e+00   5.1374000e+00
   3.1659000e+00   3.2490000e+00   3.2595000e+00   3.3280000e+00   5.4107000e+00   5.1634000e+00
   2.6570000e+00   2.7185000e+00   2.7400000e+00   2.7909000e+00   4.5584000e+00   5.1936000e+00
   2.1063000e+00   2.1190000e+00   2.2397000e+00   2.2865000e+00   2.6440000e+00   5.1012000e+00
   2.5738000e+00   2.2130000e+00   2.6900000e+00   2.7451000e+00   2.9997000e+00   4.6264000e+00
   3.4660000e+00   3.2831000e+00   3.3859000e+00   3.4023000e+00   4.6037000e+00   4.5601000e+00
   3.3868000e+00   3.3746000e+00   3.1940000e+00   3.1339000e+00   4.7403000e+00   4.7340000e+00
   2.9394000e+00   3.0157000e+00   2.7869000e+00   2.7540000e+00   4.3824000e+00   4.5150000e+00
   2.5161000e+00   2.7588000e+00   2.3767000e+00   2.3876000e+00   3.8687000e+00   4.4791000e+00
   2.3311000e+00   2.5490000e+00   2.1862000e+00   2.1973000e+00   3.6955000e+00   4.5983000e+00
   1.9846000e+00   1.9924000e+00   1.8187000e+00   1.7541000e+00   4.1563000e+00   5.1283000e+00
   2.0542000e+00   2.0320000e+00   1.8287000e+00   1.7015000e+00   4.6369000e+00   5.3215000e+00
   1.8993000e+00   2.0303000e+00   1.7756000e+00   1.6619000e+00   5.4414000e+00   5.2029000e+00
   1.8965000e+00   1.9543000e+00   1.8288000e+00   1.7360000e+00   5.7505000e+00   5.3336000e+00
   2.4849000e+00   2.5013000e+00   2.3332000e+00   2.2094000e+00   5.8486000e+00   5.5630000e+00
   2.7461000e+00   2.8237000e+00   2.6705000e+00   2.5858000e+00   6.1087000e+00   5.9346000e+00
   3.1973000e+00   3.5186000e+00   3.2329000e+00   3.2382000e+00   6.3025000e+00   5.5827000e+00
   3.7076000e+00   3.7095000e+00   3.5830000e+00   3.5030000e+00   6.5297000e+00   5.7040000e+00
   4.3180000e+00   4.4526000e+00   4.2200000e+00   4.1502000e+00   6.8842000e+00   5.7671000e+00
   4.4277000e+00   4.5933000e+00   4.3833000e+00   4.3477000e+00   6.9312000e+00   5.8761000e+00
   4.5242000e+00   4.7562000e+00   4.5207000e+00   4.5026000e+00   7.0091000e+00   6.0696000e+00
   4.6914000e+00   4.7981000e+00   4.6771000e+00   4.6501000e+00   6.9319000e+00   6.1563000e+00
   5.4108000e+00   5.3532000e+00   5.3097000e+00   5.2548000e+00   6.8211000e+00   6.2832000e+00
   5.9288000e+00   5.9636000e+00   5.8893000e+00   5.8755000e+00   6.8440000e+00   6.3344000e+00
   6.3221000e+00   6.4250000e+00   6.2518000e+00   6.2163000e+00   6.8507000e+00   6.2234000e+00
   6.6960000e+00   6.8695000e+00   6.6789000e+00   6.6906000e+00   6.7944000e+00   6.1545000e+00
   6.9502000e+00   7.1879000e+00   6.9584000e+00   6.9828000e+00   6.6545000e+00   6.0944000e+00
   7.4220000e+00   7.5142000e+00   7.3014000e+00   7.2619000e+00   6.3811000e+00   6.2536000e+00
   7.9023000e+00   8.0128000e+00   7.8105000e+00   7.7704000e+00   6.1370000e+00   6.3796000e+00
   7.7410000e+00   8.0280000e+00   7.8758000e+00   7.9173000e+00   5.8637000e+00   6.1837000e+00
   7.6367000e+00   7.9308000e+00   7.8071000e+00   7.9033000e+00   5.7226000e+00   5.8264000e+00
   7.9165000e+00   8.0907000e+00   7.9381000e+00   7.9663000e+00   5.8682000e+00   5.6469000e+00
   8.2563000e+00   8.4060000e+00   8.2365000e+00   8.2063000e+00   6.0633000e+00   5.6519000e+00
   8.3911000e+00   8.7030000e+00   8.4019000e+00   8.4249000e+00   6.0023000e+00   5.8997000e+00
   8.8332000e+00   9.0347000e+00   8.7425000e+00   8.6678000e+00   5.8483000e+00   6.2754000e+00
   9.2314000e+00   9.3587000e+00   9.1285000e+00   9.1213000e+00   5.7937000e+00   6.4874000e+00
   9.7801000e+00   9.7053000e+00   9.6123000e+00   9.5315000e+00   5.7074000e+00   6.4541000e+00
   1.0141100e+01   1.0312300e+01   1.0003700e+01   9.9214000e+00   5.4337000e+00   6.3594000e+00
   1.0283100e+01   1.0391100e+01   1.0296600e+01   1.0332600e+01   5.2431000e+00   6.2399000e+00
   9.8437000e+00   9.9933000e+00   1.0067800e+01   1.0245200e+01   5.0172000e+00   6.0758000e+00
   9.2199000e+00   9.4486000e+00   9.5133000e+00   9.7081000e+00   4.8595000e+00   5.7776000e+00
   8.2743000e+00   8.6656000e+00   8.7586000e+00   9.0572000e+00   4.6736000e+00   5.6116000e+00
   7.7687000e+00   7.8896000e+00   7.9945000e+00   8.1758000e+00   4.4539000e+00   5.1743000e+00
   6.9539000e+00   7.5068000e+00   7.4488000e+00   7.6231000e+00   4.1361000e+00   4.3734000e+00
   6.1496000e+00   6.9112000e+00   6.8496000e+00   7.2300000e+00   3.6759000e+00   3.6140000e+00
   5.6631000e+00   6.4207000e+00   6.4214000e+00   6.8579000e+00   3.1806000e+00   3.2403000e+00
   5.2526000e+00   5.9892000e+00   6.0596000e+00   6.5016000e+00   2.8913000e+00   3.0231000e+00
   5.0650000e+00   5.6163000e+00   5.7078000e+00   6.1596000e+00   2.7044000e+00   3.0636000e+00
   5.2163000e+00   5.4543000e+00   5.4801000e+00   5.7683000e+00   2.7908000e+00   3.2502000e+00
   5.2462000e+00   5.4095000e+00   5.4323000e+00   5.5924000e+00   2.9563000e+00   3.2297000e+00
   5.1848000e+00   5.1935000e+00   5.3457000e+00   5.5034000e+00   2.9909000e+00   3.2189000e+00
   5.0459000e+00   5.0171000e+00   5.1515000e+00   5.2742000e+00   2.9917000e+00   3.1993000e+00
   4.9262000e+00   5.0554000e+00   5.0107000e+00   5.1315000e+00   3.0598000e+00   3.1027000e+00
   4.8879000e+00   5.3011000e+00   5.0082000e+00   5.1996000e+00   3.2189000e+00   3.0862000e+00
   4.9221000e+00   5.5235000e+00   5.1625000e+00   5.4348000e+00   3.2943000e+00   3.0412000e+00
   5.0831000e+00   5.7157000e+00   5.3999000e+00   5.6863000e+00   3.3819000e+00   2.9684000e+00
   5.2443000e+00   5.8740000e+00   5.5825000e+00   5.8578000e+00   3.4580000e+00   3.0308000e+00
   5.3778000e+00   5.9549000e+00   5.7216000e+00   5.9712000e+00   3.3899000e+00   3.0571000e+00
   5.4399000e+00   6.0112000e+00   5.7901000e+00   5.9909000e+00   3.3395000e+00   3.1178000e+00
   5.4538000e+00   6.1438000e+00   5.8083000e+00   5.9440000e+00   3.3158000e+00   3.1318000e+00
   5.5005000e+00   6.3289000e+00   5.8883000e+00   5.9856000e+00   3.3807000e+00   3.2276000e+00
   5.5975000e+00   6.4373000e+00   6.0121000e+00   6.1173000e+00   3.5010000e+00   3.3625000e+00
   5.6705000e+00   6.4385000e+00   6.0664000e+00   6.1774000e+00   3.6450000e+00   3.5314000e+00
   5.7506000e+00   6.3920000e+00   6.1226000e+00   6.2227000e+00   3.8081000e+00   3.6109000e+00
   5.7602000e+00   6.2172000e+00   6.0643000e+00   6.1947000e+00   3.9142000e+00   3.5213000e+00
   5.6352000e+00   5.9568000e+00   5.8566000e+00   5.9643000e+00   3.8274000e+00   3.2896000e+00
   5.4914000e+00   5.6405000e+00   5.5923000e+00   5.6551000e+00   3.7195000e+00   3.2228000e+00
   5.3866000e+00   5.4614000e+00   5.3627000e+00   5.3388000e+00   3.5049000e+00   3.1081000e+00
   5.2390000e+00   5.2584000e+00   5.1263000e+00   5.0478000e+00   3.3148000e+00   2.9447000e+00
   5.1178000e+00   5.0563000e+00   4.9213000e+00   4.8248000e+00   3.1768000e+00   2.8061000e+00
   4.9663000e+00   4.8245000e+00   4.6796000e+00   4.5656000e+00   3.0183000e+00   2.7101000e+00
   4.7619000e+00   4.5019000e+00   4.4037000e+00   4.2842000e+00   2.8972000e+00   2.6911000e+00
   4.5545000e+00   4.1898000e+00   4.1533000e+00   4.0463000e+00   2.8033000e+00   2.8546000e+00
   4.2454000e+00   3.8273000e+00   3.8326000e+00   3.7430000e+00   2.6500000e+00   2.9392000e+00
   3.9052000e+00   3.4649000e+00   3.5201000e+00   3.4528000e+00   2.5374000e+00   2.7119000e+00
   3.5567000e+00   3.1138000e+00   3.1988000e+00   3.1384000e+00   2.4569000e+00   2.2654000e+00
   3.2509000e+00   2.8040000e+00   2.9188000e+00   2.8607000e+00   2.5175000e+00   1.9151000e+00
   2.9330000e+00   2.5410000e+00   2.6480000e+00   2.5989000e+00   2.6077000e+00   1.7909000e+00
   2.5177000e+00   2.1349000e+00   2.2665000e+00   2.2164000e+00   2.7556000e+00   1.9327000e+00
   2.2543000e+00   1.8539000e+00   2.0206000e+00   1.9750000e+00   2.7783000e+00   2.0048000e+00
   2.0657000e+00   1.7047000e+00   1.8646000e+00   1.8238000e+00   2.6269000e+00   1.9635000e+00
   1.8454000e+00   1.5221000e+00   1.6810000e+00   1.6449000e+00   2.4580000e+00   1.9368000e+00
   1.7669000e+00   1.3802000e+00   1.5419000e+00   1.4809000e+00   2.4202000e+00   1.9134000e+00
   1.9244000e+00   1.5485000e+00   1.6991000e+00   1.6280000e+00   2.5068000e+00   1.8618000e+00
   2.2585000e+00   1.9060000e+00   2.0255000e+00   1.9404000e+00   2.6917000e+00   1.9271000e+00
   2.6416000e+00   2.3402000e+00   2.4086000e+00   2.3401000e+00   2.8958000e+00   1.9042000e+00
   3.0259000e+00   2.7808000e+00   2.8389000e+00   2.7824000e+00   2.9355000e+00   1.5551000e+00
   3.3067000e+00   3.1096000e+00   3.1520000e+00   3.0488000e+00   2.8841000e+00   1.2839000e+00
   3.6580000e+00   3.4734000e+00   3.4688000e+00   3.3706000e+00   2.7574000e+00   1.2161000e+00
   3.9837000e+00   3.8164000e+00   3.8712000e+00   3.8542000e+00   2.5600000e+00   1.1394000e+00
   4.4348000e+00   4.3053000e+00   4.3433000e+00   4.3063000e+00   2.2815000e+00   1.0691000e+00
   4.8746000e+00   4.7286000e+00   4.6889000e+00   4.5957000e+00   2.0752000e+00   1.1016000e+00
   5.2048000e+00   5.0160000e+00   5.0324000e+00   4.9255000e+00   1.6262000e+00   9.5960000e-01
   5.6900000e+00   5.4300000e+00   5.5552000e+00   5.4723000e+00   1.4740000e+00   1.0438000e+00
   6.1761000e+00   6.0024000e+00   6.0163000e+00   5.9068000e+00   1.4043000e+00   1.2076000e+00
   6.3230000e+00   6.3352000e+00   6.2449000e+00   6.2112000e+00   1.1937000e+00   1.0654000e+00
   6.2132000e+00   6.3764000e+00   6.2591000e+00   6.3316000e+00   1.1168000e+00   1.0445000e+00
   6.4730000e+00   6.4784000e+00   6.4009000e+00   6.3831000e+00   1.1546000e+00   1.1516000e+00
   6.6939000e+00   6.6036000e+00   6.4839000e+00   6.3898000e+00   1.2079000e+00   1.4600000e+00
   7.0034000e+00   6.5915000e+00   6.5688000e+00   6.3633000e+00   1.4155000e+00   1.9367000e+00
   7.2398000e+00   7.0193000e+00   7.0110000e+00   6.8128000e+00   1.5717000e+00   2.5128000e+00
   7.1553000e+00   7.2965000e+00   7.0914000e+00   7.0538000e+00   1.7980000e+00   3.1544000e+00
   7.3555000e+00   7.2704000e+00   7.2377000e+00   7.1115000e+00   2.0719000e+00   3.5980000e+00
   7.7818000e+00   7.6767000e+00   7.7731000e+00   7.7000000e+00   2.6146000e+00   4.0654000e+00
   8.0282000e+00   8.0955000e+00   8.0779000e+00   8.1606000e+00   3.2007000e+00   4.5945000e+00
   8.0720000e+00   8.0408000e+00   8.1175000e+00   8.1927000e+00   3.3899000e+00   5.0297000e+00
   8.2156000e+00   8.1454000e+00   8.2076000e+00   8.2862000e+00   3.4227000e+00   5.4708000e+00
   8.3709000e+00   8.1799000e+00   8.2700000e+00   8.3263000e+00   3.6227000e+00   6.2871000e+00
   8.6903000e+00   8.4573000e+00   8.4972000e+00   8.5305000e+00   4.0138000e+00   6.9398000e+00
   8.9355000e+00   8.7183000e+00   8.7157000e+00   8.7372000e+00   4.5278000e+00   7.0819000e+00
   8.8721000e+00   8.7299000e+00   8.6730000e+00   8.6892000e+00   5.0975000e+00   7.2368000e+00
   8.7806000e+00   8.6998000e+00   8.6050000e+00   8.6201000e+00   6.0880000e+00   7.2636000e+00
   8.6960000e+00   8.6220000e+00   8.5357000e+00   8.5436000e+00   6.5174000e+00   7.0686000e+00
   8.5501000e+00   8.4579000e+00   8.4445000e+00   8.4720000e+00   6.5986000e+00   7.1729000e+00
   8.3178000e+00   8.1516000e+00   8.2826000e+00   8.3451000e+00   6.4742000e+00   7.1607000e+00
   8.1654000e+00   7.9222000e+00   8.1511000e+00   8.2348000e+00   5.9689000e+00   7.0924000e+00
   8.0854000e+00   7.8199000e+00   8.0592000e+00   8.1371000e+00   5.9867000e+00   6.9949000e+00
   8.0221000e+00   7.7473000e+00   7.9667000e+00   8.0223000e+00   5.9086000e+00   6.8290000e+00
   8.1409000e+00   7.7918000e+00   8.0419000e+00   8.0841000e+00   5.8367000e+00   6.7689000e+00
   8.3274000e+00   7.9505000e+00   8.2222000e+00   8.2726000e+00   5.8081000e+00   6.7594000e+00
   8.2889000e+00   7.9652000e+00   8.2533000e+00   8.3395000e+00   5.7390000e+00   6.7460000e+00
   8.0012000e+00   7.7563000e+00   8.0406000e+00   8.1598000e+00   5.5726000e+00   6.6113000e+00
   7.8643000e+00   7.6751000e+00   7.8709000e+00   7.9813000e+00   5.3674000e+00   6.4260000e+00
   7.8819000e+00   7.7444000e+00   7.8057000e+00   7.8857000e+00   5.2830000e+00   6.2597000e+00
   7.8854000e+00   7.7625000e+00   7.7458000e+00   7.7937000e+00   5.2748000e+00   6.0998000e+00
   7.9239000e+00   7.7689000e+00   7.7187000e+00   7.7415000e+00   5.2260000e+00   5.9624000e+00
   7.9255000e+00   7.7660000e+00   7.6925000e+00   7.6744000e+00   5.1544000e+00   5.7802000e+00
   7.7994000e+00   7.6939000e+00   7.6089000e+00   7.5786000e+00   5.1047000e+00   5.6293000e+00
   7.8272000e+00   7.5654000e+00   7.5242000e+00   7.4661000e+00   5.0108000e+00   5.5105000e+00
   7.7696000e+00   7.5151000e+00   7.4859000e+00   7.3886000e+00   4.9692000e+00   5.4733000e+00
   7.3036000e+00   7.3329000e+00   7.3292000e+00   7.3118000e+00   5.1402000e+00   5.5465000e+00
   7.1315000e+00   7.0189000e+00   7.0983000e+00   7.0963000e+00   5.6666000e+00   5.7687000e+00
   7.0047000e+00   6.8849000e+00   6.9320000e+00   6.8840000e+00   5.8238000e+00   5.7966000e+00
   6.8831000e+00   6.7386000e+00   6.7880000e+00   6.7106000e+00   5.3895000e+00   5.4642000e+00
   6.8203000e+00   6.6665000e+00   6.7400000e+00   6.6630000e+00   5.3162000e+00   5.0809000e+00
   6.7627000e+00   6.5932000e+00   6.7100000e+00   6.6477000e+00   5.2397000e+00   4.6561000e+00
   6.8419000e+00   6.6208000e+00   6.7635000e+00   6.6930000e+00   5.5660000e+00   5.9103000e+00
   6.9600000e+00   6.8050000e+00   6.8991000e+00   6.8245000e+00   5.7912000e+00   5.6898000e+00
   6.7831000e+00   6.9008000e+00   6.8997000e+00   6.8974000e+00   5.7759000e+00   5.6284000e+00
   6.5503000e+00   6.7465000e+00   6.6965000e+00   6.7145000e+00   5.3244000e+00   4.6991000e+00
   6.3106000e+00   6.5484000e+00   6.4940000e+00   6.5199000e+00   4.3017000e+00   4.2459000e+00
   5.8279000e+00   6.4201000e+00   6.2975000e+00   6.3838000e+00   4.3907000e+00   4.8977000e+00
   5.2756000e+00   6.1264000e+00   5.9208000e+00   6.0682000e+00   4.8706000e+00   4.4897000e+00
   4.7318000e+00   5.5886000e+00   5.3502000e+00   5.4650000e+00   4.2613000e+00   4.3431000e+00
   4.4924000e+00   5.2046000e+00   4.9579000e+00   4.9604000e+00   3.8008000e+00   4.1005000e+00
   4.5246000e+00   5.0341000e+00   4.8537000e+00   4.7714000e+00   4.1018000e+00   3.8927000e+00
   4.4655000e+00   4.8256000e+00   4.7505000e+00   4.6335000e+00   3.5646000e+00   3.3970000e+00
   4.7956000e+00   4.9746000e+00   4.9758000e+00   4.8230000e+00   3.1356000e+00   3.4796000e+00
   4.4343000e+00   4.8267000e+00   4.7077000e+00   4.5744000e+00   3.4117000e+00   3.6947000e+00
   4.1372000e+00   4.5932000e+00   4.3359000e+00   4.0698000e+00   3.6882000e+00   3.8644000e+00
   4.1089000e+00   4.4685000e+00   4.1281000e+00   3.5920000e+00   3.6985000e+00   3.9901000e+00
   4.2017000e+00   4.5944000e+00   4.1344000e+00   3.3360000e+00   3.6781000e+00   3.9988000e+00
   3.8904000e+00   4.5186000e+00   3.9036000e+00   2.9568000e+00   3.6994000e+00   4.2042000e+00
   3.4196000e+00   3.9314000e+00   3.2451000e+00   2.2114000e+00   3.8214000e+00   4.5202000e+00
   3.3760000e+00   3.4443000e+00   2.8721000e+00   2.0426000e+00   3.9694000e+00   4.5040000e+00
   3.2365000e+00   2.7890000e+00   2.4323000e+00   2.2251000e+00   4.3372000e+00   4.2925000e+00
   2.8091000e+00   1.9766000e+00   2.0136000e+00   2.5454000e+00   4.5289000e+00   4.7604000e+00
   2.5570000e+00   1.8305000e+00   2.3187000e+00   3.2221000e+00   4.9072000e+00   5.7049000e+00
   2.7173000e+00   2.3944000e+00   2.9900000e+00   3.8817000e+00   5.1833000e+00   6.4213000e+00
   3.1032000e+00   3.2396000e+00   3.7341000e+00   4.2479000e+00   4.7451000e+00   7.0643000e+00
   3.6654000e+00   4.0081000e+00   4.2120000e+00   4.1602000e+00   7.6437000e+00   7.7738000e+00
   4.3233000e+00   4.4996000e+00   4.3957000e+00   3.9516000e+00   8.5580000e+00   8.2926000e+00
   4.8165000e+00   4.6808000e+00   4.4596000e+00   3.9439000e+00   9.8408000e+00   9.5068000e+00
   5.3489000e+00   5.0498000e+00   4.8534000e+00   4.4742000e+00   9.9036000e+00   1.0610200e+01
   5.4127000e+00   5.3364000e+00   5.0547000e+00   4.9491000e+00   1.0321800e+01   1.0386000e+01
   5.4567000e+00   5.6426000e+00   5.3910000e+00   5.3110000e+00   1.0530000e+01   9.8343000e+00
   5.8450000e+00   5.9181000e+00   5.6403000e+00   5.5452000e+00   1.0851000e+01   9.3202000e+00
   5.9559000e+00   6.1256000e+00   5.6705000e+00   5.6525000e+00   1.0271200e+01   8.9916000e+00
   5.7370000e+00   6.1953000e+00   5.2991000e+00   5.2867000e+00   9.8500000e+00   8.5737000e+00
   5.0826000e+00   5.7182000e+00   4.9432000e+00   5.1533000e+00   9.3813000e+00   8.3770000e+00
   5.0144000e+00   5.6612000e+00   5.1196000e+00   5.6888000e+00   9.1723000e+00   8.3860000e+00
   5.6943000e+00   6.6115000e+00   6.3621000e+00   7.4428000e+00   8.9536000e+00   8.6527000e+00
   5.9571000e+00   7.7144000e+00   7.2290000e+00   8.3397000e+00   8.5882000e+00   8.8262000e+00
   7.7082000e+00   9.9525000e+00   9.1317000e+00   1.0119400e+01   8.3583000e+00   8.2686000e+00
   1.0208600e+01   1.0172300e+01   1.0289500e+01   1.0569700e+01   8.6090000e+00   8.3938000e+00
   9.2089000e+00   9.6362000e+00   9.2167000e+00   9.1467000e+00   8.7729000e+00   8.5243000e+00
   8.8968000e+00   8.5192000e+00   8.8598000e+00   9.1887000e+00   8.2744000e+00   8.6173000e+00
   9.6192000e+00   8.9041000e+00   9.2640000e+00   9.5783000e+00   7.9873000e+00   8.8520000e+00
   1.0536900e+01   1.0394400e+01   1.0504000e+01   1.0684000e+01   7.5793000e+00   8.6666000e+00
   1.0345700e+01   1.0523500e+01   1.0223500e+01   1.0363700e+01   7.6898000e+00   8.3801000e+00
   1.0038300e+01   1.0404600e+01   1.0146800e+01   1.0299300e+01   7.5854000e+00   8.3191000e+00
   9.9424000e+00   1.0301700e+01   1.0020900e+01   1.0118400e+01   7.7843000e+00   8.0199000e+00
   9.4215000e+00   1.0015300e+01   9.8100000e+00   1.0138300e+01   7.5888000e+00   7.9896000e+00
   8.9069000e+00   9.7370000e+00   9.4637000e+00   9.8515000e+00   7.2932000e+00   7.9868000e+00
   8.8344000e+00   9.5796000e+00   9.4098000e+00   9.8157000e+00   6.6980000e+00   7.6971000e+00
   8.5710000e+00   9.1624000e+00   8.9430000e+00   9.2723000e+00   6.4809000e+00   7.8360000e+00
   8.8212000e+00   9.0866000e+00   8.8699000e+00   9.0103000e+00   7.0192000e+00   8.4954000e+00
   8.2553000e+00   8.5871000e+00   8.7324000e+00   9.1858000e+00   8.3321000e+00   9.0676000e+00
   7.7472000e+00   8.2391000e+00   8.2955000e+00   8.7720000e+00   9.4011000e+00   9.3982000e+00
   7.6610000e+00   7.7877000e+00   7.9613000e+00   8.3505000e+00   9.5474000e+00   9.3007000e+00
   8.1279000e+00   8.2751000e+00   8.3502000e+00   8.5589000e+00   8.8772000e+00   8.9744000e+00
   7.7651000e+00   8.0166000e+00   8.2474000e+00   8.6007000e+00   8.7280000e+00   8.9055000e+00
   8.3103000e+00   8.2619000e+00   8.4042000e+00   8.5580000e+00   7.9661000e+00   8.6235000e+00
   9.0126000e+00   8.7678000e+00   9.0089000e+00   9.0260000e+00   8.0435000e+00   8.4839000e+00
   9.8271000e+00   9.8564000e+00   9.5734000e+00   9.5426000e+00   9.1663000e+00   8.5889000e+00
   1.0611500e+01   1.0594300e+01   1.0571400e+01   1.0748600e+01   9.5317000e+00   9.5270000e+00
   1.0638400e+01   1.0616800e+01   1.0579100e+01   1.0788400e+01   8.7153000e+00   1.0033400e+01
   1.0508200e+01   1.0465000e+01   1.0461700e+01   1.0664300e+01   8.0551000e+00   9.4940000e+00
   9.7798000e+00   1.0025900e+01   9.9931000e+00   1.0324900e+01   8.3329000e+00   9.1957000e+00
   9.2888000e+00   9.2652000e+00   9.3329000e+00   9.5588000e+00   8.1047000e+00   9.2635000e+00
   8.7716000e+00   8.8458000e+00   8.9119000e+00   9.1574000e+00   7.9005000e+00   9.0129000e+00
   8.9585000e+00   8.9267000e+00   8.8901000e+00   8.9920000e+00   8.0828000e+00   8.6664000e+00
   9.0988000e+00   9.0970000e+00   9.3142000e+00   9.6846000e+00   8.3618000e+00   7.9238000e+00
   9.1294000e+00   9.0773000e+00   9.2686000e+00   9.4042000e+00   8.6602000e+00   8.7624000e+00
   8.8743000e+00   8.9722000e+00   9.2817000e+00   9.6514000e+00   8.5596000e+00   8.6702000e+00
   8.9873000e+00   8.9579000e+00   9.1151000e+00   9.3809000e+00   8.4111000e+00   8.2403000e+00
   8.7858000e+00   8.9400000e+00   9.0287000e+00   9.2820000e+00   8.6686000e+00   8.3506000e+00
   8.5388000e+00   8.9403000e+00   8.9437000e+00   9.2479000e+00   8.7619000e+00   8.6076000e+00
