  -1.2913000e+00  -1.3720000e+00  -1.2766000e+00  -1.2541000e+00   4.0530000e-01   2.5460000e-01
  -1.3211000e+00  -1.3651000e+00  -1.3149000e+00  -1.2901000e+00   3.3970000e-01   2.1220000e-01
  -1.3789000e+00  -1.3844000e+00  -1.3780000e+00  -1.3618000e+00   2.7080000e-01   1.6040000e-01
  -1.4515000e+00  -1.4414000e+00  -1.4545000e+00  -1.4496000e+00   1.8890000e-01   1.0230000e-01
  -1.5082000e+00  -1.5074000e+00  -1.5094000e+00  -1.5098000e+00   1.1400000e-01   5.5500000e-02
  -1.5351000e+00  -1.5583000e+00  -1.5309000e+00  -1.5367000e+00   5.4300000e-02   3.2100000e-02
  -1.5418000e+00  -1.5884000e+00  -1.5400000e+00  -1.5532000e+00   3.6000000e-03   2.0200000e-02
  -1.5370000e+00  -1.5985000e+00  -1.5474000e+00  -1.5774000e+00  -4.1300000e-02   4.3000000e-03
  -1.5307000e+00  -1.6144000e+00  -1.5696000e+00  -1.6124000e+00  -9.0100000e-02  -2.1200000e-02
  -1.5545000e+00  -1.6489000e+00  -1.5964000e+00  -1.6302000e+00  -1.3930000e-01  -4.2400000e-02
  -1.5823000e+00  -1.6664000e+00  -1.6083000e+00  -1.6356000e+00  -1.6360000e-01  -7.2100000e-02
  -1.6100000e+00  -1.6857000e+00  -1.6332000e+00  -1.6660000e+00  -1.6940000e-01  -8.6100000e-02
  -1.6397000e+00  -1.7134000e+00  -1.6624000e+00  -1.6966000e+00  -1.8020000e-01  -9.8900000e-02
  -1.6710000e+00  -1.7330000e+00  -1.6914000e+00  -1.7240000e+00  -1.7640000e-01  -8.9800000e-02
  -1.7230000e+00  -1.7644000e+00  -1.7359000e+00  -1.7614000e+00  -1.9130000e-01  -5.9900000e-02
  -1.7765000e+00  -1.8050000e+00  -1.7769000e+00  -1.7950000e+00  -2.1630000e-01  -7.6900000e-02
  -1.8189000e+00  -1.8420000e+00  -1.8094000e+00  -1.8214000e+00  -3.0160000e-01  -2.4060000e-01
  -1.8528000e+00  -1.8657000e+00  -1.8267000e+00  -1.8357000e+00  -3.6920000e-01  -5.0250000e-01
  -1.8822000e+00  -1.8815000e+00  -1.8446000e+00  -1.8589000e+00  -4.4830000e-01  -6.4350000e-01
  -1.8859000e+00  -1.9080000e+00  -1.8623000e+00  -1.8777000e+00  -6.5480000e-01  -7.4300000e-01
  -1.8631000e+00  -1.9260000e+00  -1.8662000e+00  -1.8805000e+00  -5.8260000e-01  -5.2870000e-01
  -1.8701000e+00  -1.9348000e+00  -1.8524000e+00  -1.8648000e+00  -2.8280000e-01  -1.9040000e-01
  -1.8234000e+00  -1.9164000e+00  -1.7870000e+00  -1.8041000e+00   1.6100000e-01   2.6050000e-01
  -1.6820000e+00  -1.8237000e+00  -1.6552000e+00  -1.6992000e+00   6.0570000e-01   6.4060000e-01
  -1.4647000e+00  -1.6735000e+00  -1.4825000e+00  -1.5623000e+00   9.7560000e-01   9.8060000e-01
  -1.1867000e+00  -1.4921000e+00  -1.2651000e+00  -1.3702000e+00   1.4114000e+00   1.4098000e+00
  -8.6710000e-01  -1.2789000e+00  -1.0124000e+00  -1.1243000e+00   1.8464000e+00   1.8582000e+00
  -5.3680000e-01  -1.0395000e+00  -7.4790000e-01  -8.4670000e-01   2.2021000e+00   2.2116000e+00
  -2.3790000e-01  -7.8270000e-01  -4.7980000e-01  -5.5830000e-01   2.5442000e+00   2.5672000e+00
  -6.0000000e-04  -5.1330000e-01  -2.0920000e-01  -2.7230000e-01   2.9159000e+00   2.9339000e+00
   1.9170000e-01  -2.3070000e-01   5.9100000e-02  -4.9000000e-03   3.2373000e+00   3.2325000e+00
   3.4720000e-01   4.9800000e-02   3.0680000e-01   2.2780000e-01   3.5115000e+00   3.5048000e+00
   4.8480000e-01   3.2280000e-01   5.3600000e-01   4.2300000e-01   3.7935000e+00   3.8082000e+00
   6.1740000e-01   5.5820000e-01   7.3120000e-01   5.7570000e-01   4.0996000e+00   4.1433000e+00
   7.4040000e-01   7.4450000e-01   8.9730000e-01   7.0250000e-01   4.3669000e+00   4.4541000e+00
   9.0180000e-01   8.9930000e-01   1.0571000e+00   8.2670000e-01   4.5750000e+00   4.7323000e+00
   1.1151000e+00   1.0391000e+00   1.2149000e+00   9.7140000e-01   4.8015000e+00   4.9720000e+00
   1.3054000e+00   1.1748000e+00   1.3505000e+00   1.1309000e+00   5.0653000e+00   5.1590000e+00
   1.4645000e+00   1.2678000e+00   1.4746000e+00   1.3370000e+00   5.3581000e+00   5.3214000e+00
   1.6763000e+00   1.4175000e+00   1.6431000e+00   1.5944000e+00   5.6656000e+00   5.5015000e+00
   2.0019000e+00   1.6271000e+00   1.8562000e+00   1.8549000e+00   5.9327000e+00   5.7132000e+00
   2.4643000e+00   1.9064000e+00   2.1206000e+00   2.0983000e+00   6.1347000e+00   5.9550000e+00
   2.8549000e+00   2.2510000e+00   2.4110000e+00   2.3418000e+00   6.3180000e+00   6.2101000e+00
   3.0484000e+00   2.4884000e+00   2.6741000e+00   2.5645000e+00   6.4867000e+00   6.4523000e+00
   3.2575000e+00   2.7637000e+00   2.8434000e+00   2.7558000e+00   6.6345000e+00   6.6574000e+00
   3.2359000e+00   2.8419000e+00   2.9832000e+00   2.8617000e+00   6.7913000e+00   6.8161000e+00
   2.8175000e+00   2.9194000e+00   2.8609000e+00   2.7750000e+00   6.9507000e+00   6.9530000e+00
   3.0860000e+00   2.8146000e+00   2.8345000e+00   2.9066000e+00   7.0781000e+00   7.0807000e+00
   3.5811000e+00   2.9600000e+00   3.7806000e+00   3.9548000e+00   7.1772000e+00   7.1950000e+00
   4.2695000e+00   3.3515000e+00   4.2360000e+00   4.3642000e+00   7.2723000e+00   7.3137000e+00
   4.6693000e+00   4.0795000e+00   4.4035000e+00   4.2160000e+00   7.3633000e+00   7.4324000e+00
   4.0307000e+00   3.6842000e+00   4.0875000e+00   3.9513000e+00   7.4431000e+00   7.5323000e+00
   3.2998000e+00   2.9641000e+00   3.4795000e+00   3.0798000e+00   7.4999000e+00   7.6093000e+00
   3.6092000e+00   3.1767000e+00   3.3429000e+00   2.9728000e+00   7.5437000e+00   7.6724000e+00
   3.4257000e+00   2.9268000e+00   3.2390000e+00   2.8181000e+00   7.6053000e+00   7.7307000e+00
   3.9115000e+00   2.7308000e+00   3.5897000e+00   3.0999000e+00   7.6705000e+00   7.7764000e+00
   5.0576000e+00   3.5591000e+00   4.2151000e+00   3.8003000e+00   7.7039000e+00   7.7958000e+00
   4.6202000e+00   3.7417000e+00   3.9860000e+00   3.5710000e+00   7.6872000e+00   7.7795000e+00
   4.3432000e+00   3.4187000e+00   3.6855000e+00   3.2946000e+00   7.6838000e+00   7.7360000e+00
   4.0896000e+00   3.2569000e+00   3.4950000e+00   3.1645000e+00   7.6211000e+00   7.6973000e+00
   3.8648000e+00   3.1158000e+00   3.3148000e+00   3.0484000e+00   7.6322000e+00   7.3978000e+00
   3.6212000e+00   2.9291000e+00   3.1446000e+00   2.8926000e+00   7.6514000e+00   6.8174000e+00
   3.4221000e+00   2.8517000e+00   3.0056000e+00   2.8050000e+00   7.6322000e+00   6.4127000e+00
   3.1805000e+00   2.8010000e+00   2.8546000e+00   2.6881000e+00   7.3226000e+00   6.2539000e+00
   2.9406000e+00   2.6258000e+00   2.6712000e+00   2.5166000e+00   6.4364000e+00   6.3235000e+00
   2.8184000e+00   2.6177000e+00   2.5825000e+00   2.4311000e+00   6.1531000e+00   6.3244000e+00
   2.6574000e+00   2.4283000e+00   2.4365000e+00   2.2855000e+00   6.0084000e+00   6.2593000e+00
   2.6770000e+00   2.4354000e+00   2.4234000e+00   2.2391000e+00   5.8613000e+00   6.1093000e+00
   2.5725000e+00   2.2831000e+00   2.2976000e+00   2.1264000e+00   5.6955000e+00   5.9243000e+00
   2.5694000e+00   2.3246000e+00   2.3071000e+00   2.1194000e+00   5.6203000e+00   5.7739000e+00
   2.3752000e+00   2.2271000e+00   2.1207000e+00   1.9518000e+00   5.5937000e+00   5.5722000e+00
   1.9799000e+00   1.9032000e+00   1.8158000e+00   1.6803000e+00   5.4357000e+00   5.4421000e+00
   1.7757000e+00   1.6723000e+00   1.6594000e+00   1.5404000e+00   5.2793000e+00   5.4034000e+00
   1.8754000e+00   1.6996000e+00   1.7681000e+00   1.6454000e+00   5.1578000e+00   5.3512000e+00
   2.0825000e+00   1.9664000e+00   1.9836000e+00   1.8848000e+00   5.0317000e+00   5.3141000e+00
   2.0423000e+00   2.0053000e+00   1.9888000e+00   1.9255000e+00   4.7983000e+00   5.0533000e+00
   1.9188000e+00   1.9101000e+00   1.9039000e+00   1.8683000e+00   4.6359000e+00   4.8378000e+00
   1.8261000e+00   1.7971000e+00   1.8351000e+00   1.8248000e+00   4.5130000e+00   4.5830000e+00
   1.8582000e+00   1.8397000e+00   1.8795000e+00   1.8872000e+00   4.3483000e+00   4.3807000e+00
   1.9510000e+00   1.9752000e+00   2.0123000e+00   2.0388000e+00   4.1352000e+00   4.1799000e+00
   1.9199000e+00   1.9534000e+00   1.9885000e+00   2.0108000e+00   3.9331000e+00   4.0181000e+00
   1.9273000e+00   1.9250000e+00   1.9614000e+00   1.9706000e+00   3.7123000e+00   3.7834000e+00
   1.9572000e+00   1.9085000e+00   1.9632000e+00   1.9725000e+00   3.5513000e+00   3.5994000e+00
   1.9651000e+00   1.9175000e+00   1.9792000e+00   2.0079000e+00   3.3545000e+00   3.4330000e+00
   2.0768000e+00   2.0475000e+00   2.0895000e+00   2.1159000e+00   3.1116000e+00   3.2254000e+00
   2.0300000e+00   2.0501000e+00   2.0931000e+00   2.1579000e+00   2.9636000e+00   3.0505000e+00
   1.9246000e+00   1.9277000e+00   1.9928000e+00   2.0655000e+00   2.8193000e+00   2.9378000e+00
   1.9408000e+00   1.8951000e+00   1.9534000e+00   1.9909000e+00   2.6785000e+00   2.7481000e+00
   1.9710000e+00   1.9407000e+00   2.0061000e+00   2.0478000e+00   2.5394000e+00   2.5501000e+00
   1.9366000e+00   1.8985000e+00   1.9830000e+00   2.0385000e+00   2.3849000e+00   2.4323000e+00
   1.9492000e+00   1.9303000e+00   1.9802000e+00   2.0172000e+00   2.1559000e+00   2.3183000e+00
   1.9716000e+00   1.9756000e+00   2.0160000e+00   2.0555000e+00   1.8967000e+00   2.1724000e+00
   1.9614000e+00   1.9236000e+00   1.9846000e+00   2.0184000e+00   1.5531000e+00   1.9800000e+00
   1.9192000e+00   1.8921000e+00   1.9410000e+00   1.9778000e+00   1.2834000e+00   1.7824000e+00
   2.1010000e+00   1.9574000e+00   2.0053000e+00   1.9667000e+00   1.0690000e+00   1.5612000e+00
   1.9970000e+00   2.0260000e+00   2.0097000e+00   2.0395000e+00   1.0018000e+00   1.4100000e+00
   1.8231000e+00   1.8299000e+00   1.8331000e+00   1.8524000e+00   9.6430000e-01   1.3000000e+00
   1.6994000e+00   1.5838000e+00   1.6509000e+00   1.6367000e+00   9.3940000e-01   1.1850000e+00
   1.6542000e+00   1.5913000e+00   1.6101000e+00   1.5739000e+00   8.9360000e-01   1.1127000e+00
   1.4823000e+00   1.5238000e+00   1.5115000e+00   1.5229000e+00   7.2220000e-01   1.0061000e+00
   1.3247000e+00   1.3644000e+00   1.3739000e+00   1.4107000e+00   4.8420000e-01   8.2920000e-01
   1.2188000e+00   1.2594000e+00   1.2503000e+00   1.2745000e+00   1.4240000e-01   6.2190000e-01
   9.8840000e-01   1.0952000e+00   1.1114000e+00   1.1780000e+00  -2.9550000e-01   3.4800000e-01
   5.6750000e-01   7.0010000e-01   7.3840000e-01   8.5160000e-01  -6.1370000e-01   3.0400000e-02
   4.2660000e-01   3.8170000e-01   4.4630000e-01   4.7240000e-01  -9.2590000e-01  -3.1380000e-01
   4.5850000e-01   4.0040000e-01   4.4370000e-01   4.2570000e-01  -1.1226000e+00  -6.1380000e-01
   3.7950000e-01   3.6300000e-01   3.9800000e-01   4.1470000e-01  -1.2219000e+00  -7.9640000e-01
   2.3840000e-01   2.6210000e-01   2.4740000e-01   2.6000000e-01  -1.2829000e+00  -9.4350000e-01
   2.9800000e-02   4.4300000e-02   9.6300000e-02   1.4360000e-01  -1.3625000e+00  -1.0396000e+00
  -2.3010000e-01  -2.1850000e-01  -1.4700000e-01  -8.9400000e-02  -1.4976000e+00  -1.1453000e+00
  -6.8160000e-01  -6.4630000e-01  -5.3550000e-01  -4.3310000e-01  -1.6277000e+00  -1.3323000e+00
  -6.9750000e-01  -7.3320000e-01  -6.8750000e-01  -6.8730000e-01  -1.7109000e+00  -1.5215000e+00
  -6.1800000e-01  -7.0570000e-01  -6.4260000e-01  -6.3990000e-01  -1.7316000e+00  -1.5911000e+00
  -6.7900000e-01  -6.6520000e-01  -6.0350000e-01  -5.7810000e-01  -1.8498000e+00  -1.6201000e+00
  -7.7020000e-01  -7.9920000e-01  -7.4300000e-01  -7.2010000e-01  -1.8697000e+00  -1.6107000e+00
  -8.7050000e-01  -9.1460000e-01  -8.4430000e-01  -8.3880000e-01  -1.7503000e+00  -1.5570000e+00
  -9.1430000e-01  -9.9370000e-01  -9.5670000e-01  -9.8000000e-01  -1.5330000e+00  -1.4380000e+00
  -7.9250000e-01  -8.9150000e-01  -8.6230000e-01  -9.0610000e-01  -1.3811000e+00  -1.2695000e+00
  -7.1980000e-01  -7.8960000e-01  -7.6170000e-01  -7.8170000e-01  -1.2906000e+00  -1.1162000e+00
  -7.3150000e-01  -7.9120000e-01  -7.5000000e-01  -7.5190000e-01  -1.2447000e+00  -9.5340000e-01
  -7.0860000e-01  -7.4350000e-01  -7.3920000e-01  -7.5410000e-01  -1.2633000e+00  -8.0620000e-01
  -5.5560000e-01  -6.3540000e-01  -6.6730000e-01  -7.0300000e-01  -1.1718000e+00  -6.9080000e-01
  -4.7530000e-01  -6.3750000e-01  -5.8600000e-01  -6.4740000e-01  -1.0376000e+00  -5.5530000e-01
  -5.6270000e-01  -8.4090000e-01  -7.4430000e-01  -8.1260000e-01  -9.2540000e-01  -4.2000000e-01
  -6.7020000e-01  -1.5314000e+00  -1.1002000e+00  -1.5609000e+00  -7.6390000e-01  -2.9350000e-01
  -8.1310000e-01  -1.9790000e+00  -1.6292000e+00  -2.2568000e+00  -7.0520000e-01  -1.9960000e-01
  -1.1547000e+00  -2.1182000e+00  -1.9089000e+00  -2.3968000e+00  -7.7450000e-01  -9.9800000e-02
  -1.3567000e+00  -2.3131000e+00  -2.0871000e+00  -2.6278000e+00  -6.7640000e-01  -1.0970000e-01
  -1.4416000e+00  -2.5473000e+00  -2.3415000e+00  -2.8649000e+00  -5.7590000e-01  -1.2950000e-01
  -1.5883000e+00  -2.7304000e+00  -2.5242000e+00  -3.0158000e+00  -6.1750000e-01  -1.0310000e-01
  -1.8482000e+00  -2.8840000e+00  -2.6988000e+00  -3.1457000e+00  -5.1640000e-01  -9.2400000e-02
  -2.3898000e+00  -3.3184000e+00  -3.1193000e+00  -3.4993000e+00  -3.0380000e-01  -8.2600000e-02
  -2.6805000e+00  -3.5755000e+00  -3.4356000e+00  -3.7705000e+00  -6.2800000e-02  -6.6500000e-02
  -2.7439000e+00  -3.6764000e+00  -3.5414000e+00  -3.8663000e+00   6.0000000e-03   6.2300000e-02
  -3.0588000e+00  -3.8455000e+00  -3.7006000e+00  -4.0058000e+00  -3.7600000e-02   4.3400000e-01
  -3.3574000e+00  -4.0214000e+00  -3.8776000e+00  -4.1249000e+00  -3.1000000e-02   6.4380000e-01
  -3.5027000e+00  -4.0715000e+00  -3.9577000e+00  -4.1749000e+00  -1.3610000e-01   6.5680000e-01
  -3.6216000e+00  -4.0614000e+00  -3.9857000e+00  -4.1653000e+00  -2.4290000e-01   7.4170000e-01
  -3.6619000e+00  -4.0467000e+00  -3.9767000e+00  -4.1270000e+00  -1.1680000e-01   7.5350000e-01
  -3.6313000e+00  -4.0652000e+00  -3.9804000e+00  -4.1082000e+00   2.7800000e-02   5.4350000e-01
  -3.4695000e+00  -4.0408000e+00  -3.9869000e+00  -4.1536000e+00   8.7300000e-02   5.7230000e-01
  -3.4156000e+00  -4.0282000e+00  -3.9668000e+00  -4.1704000e+00  -1.2930000e-01   7.2940000e-01
  -3.5891000e+00  -4.1600000e+00  -4.0474000e+00  -4.2198000e+00  -6.9000000e-03   8.1890000e-01
  -3.8156000e+00  -4.2774000e+00  -4.1665000e+00  -4.3158000e+00   2.5350000e-01   8.2590000e-01
  -3.9773000e+00  -4.3518000e+00  -4.1705000e+00  -4.2998000e+00   5.8900000e-01   8.8250000e-01
  -4.1714000e+00  -4.2464000e+00  -4.2226000e+00  -4.3440000e+00   1.0665000e+00   1.0744000e+00
  -4.0479000e+00  -4.0821000e+00  -4.1062000e+00  -4.2384000e+00   1.5937000e+00   1.2948000e+00
  -3.9117000e+00  -4.0071000e+00  -3.9820000e+00  -4.1078000e+00   2.0829000e+00   1.4975000e+00
  -3.8627000e+00  -3.9868000e+00  -3.9193000e+00  -4.0397000e+00   2.4160000e+00   1.7055000e+00
  -3.9289000e+00  -3.9843000e+00  -3.9101000e+00  -4.0345000e+00   2.6261000e+00   1.9537000e+00
  -4.0254000e+00  -3.9649000e+00  -3.9172000e+00  -4.0433000e+00   2.7217000e+00   2.2445000e+00
  -4.1002000e+00  -3.9123000e+00  -3.9059000e+00  -4.0438000e+00   2.7705000e+00   2.6223000e+00
  -4.0891000e+00  -3.8559000e+00  -3.8843000e+00  -4.0438000e+00   2.7726000e+00   2.8980000e+00
  -4.0552000e+00  -3.8292000e+00  -3.8542000e+00  -4.0079000e+00   2.7246000e+00   2.8996000e+00
  -4.0266000e+00  -3.8791000e+00  -3.8562000e+00  -3.9884000e+00   2.7249000e+00   2.8895000e+00
  -4.0194000e+00  -3.9291000e+00  -3.8718000e+00  -3.9790000e+00   2.7320000e+00   2.8549000e+00
  -3.9998000e+00  -3.9040000e+00  -3.8702000e+00  -3.9720000e+00   2.7022000e+00   2.8105000e+00
  -3.9214000e+00  -3.8265000e+00  -3.8179000e+00  -3.9087000e+00   2.6476000e+00   2.7269000e+00
  -3.8570000e+00  -3.7649000e+00  -3.7718000e+00  -3.8445000e+00   2.6016000e+00   2.6218000e+00
  -3.8069000e+00  -3.7213000e+00  -3.7460000e+00  -3.8122000e+00   2.4480000e+00   2.5488000e+00
  -3.7389000e+00  -3.6964000e+00  -3.7132000e+00  -3.7698000e+00   2.2733000e+00   2.3918000e+00
  -3.7125000e+00  -3.7122000e+00  -3.6943000e+00  -3.7313000e+00   2.3286000e+00   2.1956000e+00
  -3.7087000e+00  -3.7338000e+00  -3.6833000e+00  -3.6990000e+00   2.2197000e+00   1.9586000e+00
  -3.7257000e+00  -3.7459000e+00  -3.6924000e+00  -3.7012000e+00   2.1739000e+00   1.7558000e+00
  -3.7075000e+00  -3.7358000e+00  -3.6955000e+00  -3.7048000e+00   2.0773000e+00   1.6851000e+00
  -3.6893000e+00  -3.7042000e+00  -3.6718000e+00  -3.6739000e+00   1.8331000e+00   1.7534000e+00
  -3.6475000e+00  -3.7211000e+00  -3.6415000e+00  -3.6501000e+00   1.6516000e+00   1.7745000e+00
  -3.5929000e+00  -3.6705000e+00  -3.6034000e+00  -3.6065000e+00   1.4667000e+00   1.2045000e+00
  -3.5818000e+00  -3.6333000e+00  -3.6068000e+00  -3.6097000e+00   1.3415000e+00   5.3630000e-01
  -3.5993000e+00  -3.6415000e+00  -3.6339000e+00  -3.6436000e+00   1.2778000e+00   2.1870000e-01
  -3.6135000e+00  -3.6419000e+00  -3.6436000e+00  -3.6532000e+00   1.1326000e+00   2.8800000e-02
  -3.6346000e+00  -3.6482000e+00  -3.6641000e+00  -3.6705000e+00   9.1540000e-01  -8.3800000e-02
  -3.7428000e+00  -3.7090000e+00  -3.7756000e+00  -3.7809000e+00   3.5700000e-02  -3.0510000e-01
  -3.9218000e+00  -3.8756000e+00  -3.9384000e+00  -3.9449000e+00  -1.4300000e-02  -6.2840000e-01
  -3.9879000e+00  -4.0090000e+00  -3.9879000e+00  -3.9881000e+00  -8.4900000e-02  -1.0040000e+00
  -3.9702000e+00  -3.9775000e+00  -3.9689000e+00  -3.9618000e+00  -5.6150000e-01  -1.1276000e+00
  -4.0068000e+00  -3.9389000e+00  -3.9820000e+00  -3.9703000e+00  -4.5120000e-01  -1.2245000e+00
  -3.9898000e+00  -3.9480000e+00  -3.9634000e+00  -3.9876000e+00  -6.7360000e-01  -1.4294000e+00
  -3.8201000e+00  -3.8633000e+00  -3.8211000e+00  -3.8795000e+00  -1.0062000e+00  -1.5304000e+00
  -3.6531000e+00  -3.6836000e+00  -3.6439000e+00  -3.6793000e+00  -1.2519000e+00  -1.5597000e+00
  -3.5768000e+00  -3.6106000e+00  -3.5515000e+00  -3.5491000e+00  -1.3627000e+00  -1.6277000e+00
  -3.4226000e+00  -3.4792000e+00  -3.4171000e+00  -3.3803000e+00  -1.6177000e+00  -1.6751000e+00
  -3.3492000e+00  -3.3681000e+00  -3.3723000e+00  -3.3279000e+00  -1.4357000e+00  -1.7451000e+00
  -3.3395000e+00  -3.3689000e+00  -3.3676000e+00  -3.3271000e+00  -1.3934000e+00  -1.8431000e+00
  -3.3094000e+00  -3.4019000e+00  -3.3671000e+00  -3.3456000e+00  -1.4352000e+00  -1.8489000e+00
  -3.1324000e+00  -3.2491000e+00  -3.2534000e+00  -3.2858000e+00  -1.4439000e+00  -1.7385000e+00
  -3.1817000e+00  -3.0633000e+00  -3.2121000e+00  -3.1880000e+00  -1.4375000e+00  -1.6887000e+00
  -3.3220000e+00  -3.2351000e+00  -3.3590000e+00  -3.3385000e+00  -1.2481000e+00  -1.7015000e+00
  -3.3627000e+00  -3.3532000e+00  -3.4487000e+00  -3.4851000e+00  -1.1231000e+00  -1.6772000e+00
  -3.2587000e+00  -3.2692000e+00  -3.3800000e+00  -3.4351000e+00  -1.2112000e+00  -1.6363000e+00
  -3.3230000e+00  -3.1969000e+00  -3.3892000e+00  -3.4366000e+00  -1.2858000e+00  -1.4977000e+00
  -3.5518000e+00  -3.4269000e+00  -3.5997000e+00  -3.6718000e+00  -1.2353000e+00  -1.4892000e+00
  -3.4906000e+00  -3.5308000e+00  -3.5697000e+00  -3.6820000e+00  -1.1822000e+00  -1.5773000e+00
  -3.4537000e+00  -3.4968000e+00  -3.4583000e+00  -3.5183000e+00  -1.2226000e+00  -1.6275000e+00
  -3.2111000e+00  -3.3109000e+00  -3.2692000e+00  -3.3331000e+00  -1.2528000e+00  -1.6917000e+00
  -2.9876000e+00  -3.0989000e+00  -3.0706000e+00  -3.1277000e+00  -1.3595000e+00  -1.5955000e+00
  -2.7943000e+00  -2.8910000e+00  -2.9152000e+00  -2.9701000e+00  -1.4031000e+00  -1.5819000e+00
  -2.9579000e+00  -2.9679000e+00  -3.0270000e+00  -3.0639000e+00  -1.6499000e+00  -1.5760000e+00
  -3.2189000e+00  -3.1659000e+00  -3.1951000e+00  -3.2213000e+00  -2.1872000e+00  -1.5315000e+00
  -3.5938000e+00  -3.3958000e+00  -3.4271000e+00  -3.3579000e+00  -2.3419000e+00  -1.6764000e+00
  -3.5410000e+00  -3.6059000e+00  -3.5620000e+00  -3.5431000e+00  -2.3414000e+00  -1.9959000e+00
  -3.3386000e+00  -3.4050000e+00  -3.4337000e+00  -3.5182000e+00  -2.3054000e+00  -2.5337000e+00
  -3.5057000e+00  -3.3812000e+00  -3.4454000e+00  -3.4519000e+00  -2.1110000e+00  -2.7965000e+00
  -3.5300000e+00  -3.5477000e+00  -3.5554000e+00  -3.6085000e+00  -2.0869000e+00  -2.7273000e+00
  -3.4507000e+00  -3.4941000e+00  -3.4811000e+00  -3.5003000e+00  -2.2274000e+00  -2.5767000e+00
  -3.2394000e+00  -3.3504000e+00  -3.3211000e+00  -3.3992000e+00  -2.2344000e+00  -2.5239000e+00
  -3.2274000e+00  -3.2042000e+00  -3.2506000e+00  -3.2977000e+00  -2.0809000e+00  -2.6275000e+00
  -3.2616000e+00  -3.2936000e+00  -3.2363000e+00  -3.2317000e+00  -2.0155000e+00  -2.8337000e+00
  -3.5557000e+00  -3.5921000e+00  -3.4202000e+00  -3.3464000e+00  -2.0885000e+00  -3.1241000e+00
  -3.8227000e+00  -3.7647000e+00  -3.6896000e+00  -3.6408000e+00  -2.2125000e+00  -3.2867000e+00
  -4.1127000e+00  -4.0275000e+00  -3.9370000e+00  -3.8546000e+00  -2.3526000e+00  -3.1483000e+00
  -4.1809000e+00  -4.1732000e+00  -4.1441000e+00  -4.1643000e+00  -2.3901000e+00  -3.1061000e+00
  -4.0809000e+00  -3.9296000e+00  -4.0285000e+00  -4.0706000e+00  -2.3929000e+00  -3.1897000e+00
  -3.7434000e+00  -3.5854000e+00  -3.7213000e+00  -3.7293000e+00  -2.4784000e+00  -3.1858000e+00
  -3.3417000e+00  -3.2250000e+00  -3.3681000e+00  -3.3783000e+00  -2.4323000e+00  -2.9614000e+00
  -2.9093000e+00  -2.9243000e+00  -2.9702000e+00  -2.9869000e+00  -2.0782000e+00  -2.6178000e+00
  -2.5414000e+00  -2.7134000e+00  -2.7331000e+00  -2.7845000e+00  -1.6066000e+00  -2.1349000e+00
  -2.0446000e+00  -2.3766000e+00  -2.4377000e+00  -2.5976000e+00  -1.0009000e+00  -1.5738000e+00
  -1.5933000e+00  -2.0201000e+00  -2.0704000e+00  -2.3116000e+00  -4.7640000e-01  -1.1210000e+00
  -1.1705000e+00  -1.7271000e+00  -1.7366000e+00  -2.0269000e+00   4.4200000e-02  -6.0880000e-01
  -8.4430000e-01  -1.4365000e+00  -1.4633000e+00  -1.8133000e+00   5.1010000e-01  -6.5300000e-02
  -5.6950000e-01  -1.1794000e+00  -1.2409000e+00  -1.6105000e+00   8.2630000e-01   4.2800000e-01
  -3.5530000e-01  -9.0470000e-01  -1.0429000e+00  -1.3572000e+00   1.0980000e+00   8.0720000e-01
  -2.2810000e-01  -6.6440000e-01  -7.8520000e-01  -1.0006000e+00   1.3384000e+00   1.0924000e+00
  -8.6800000e-02  -4.9750000e-01  -5.6460000e-01  -7.3050000e-01   1.5504000e+00   1.3480000e+00
   3.9200000e-02  -3.6560000e-01  -3.8750000e-01  -5.3680000e-01   1.7532000e+00   1.5873000e+00
   1.0220000e-01  -2.9170000e-01  -2.6680000e-01  -4.0450000e-01   1.9513000e+00   1.7966000e+00
   1.2930000e-01  -2.7040000e-01  -1.9920000e-01  -3.4110000e-01   2.1449000e+00   1.9889000e+00
   1.4150000e-01  -2.7010000e-01  -1.8680000e-01  -3.7600000e-01   2.3292000e+00   2.1839000e+00
   1.7200000e-01  -2.3550000e-01  -1.9240000e-01  -4.6710000e-01   2.4994000e+00   2.3852000e+00
   2.4230000e-01  -1.1980000e-01  -1.5230000e-01  -4.7810000e-01   2.6565000e+00   2.5864000e+00
   3.5820000e-01   3.6500000e-02  -4.6900000e-02  -3.9170000e-01   2.8005000e+00   2.7763000e+00
   4.9050000e-01   1.8650000e-01   1.1920000e-01  -2.2110000e-01   2.9399000e+00   2.9468000e+00
   6.0260000e-01   2.7890000e-01   2.7710000e-01   1.5200000e-02   3.0730000e+00   3.0944000e+00
   6.8640000e-01   3.6460000e-01   3.8940000e-01   1.7340000e-01   3.2038000e+00   3.2156000e+00
   7.7020000e-01   4.0710000e-01   4.6660000e-01   2.9340000e-01   3.3185000e+00   3.3056000e+00
   8.8340000e-01   5.0180000e-01   5.3980000e-01   3.5100000e-01   3.4023000e+00   3.3676000e+00
   9.8580000e-01   5.7890000e-01   6.0990000e-01   4.2190000e-01   3.4651000e+00   3.4133000e+00
   1.0844000e+00   6.4100000e-01   6.6340000e-01   4.8910000e-01   3.5152000e+00   3.4579000e+00
   1.1857000e+00   6.9380000e-01   6.9630000e-01   5.2930000e-01   3.5561000e+00   3.5197000e+00
   1.2859000e+00   7.3050000e-01   7.2250000e-01   5.6830000e-01   3.5930000e+00   3.6088000e+00
   1.3620000e+00   7.4820000e-01   7.4670000e-01   6.1780000e-01   3.6322000e+00   3.7039000e+00
   1.3829000e+00   7.4530000e-01   7.6260000e-01   6.6820000e-01   3.6751000e+00   3.7864000e+00
   1.3561000e+00   7.4740000e-01   7.8460000e-01   7.2180000e-01   3.7188000e+00   3.8570000e+00
   1.2870000e+00   7.6800000e-01   8.1920000e-01   7.7730000e-01   3.7582000e+00   3.9145000e+00
   1.2124000e+00   8.0210000e-01   8.6270000e-01   8.4080000e-01   3.7797000e+00   3.9482000e+00
   1.1295000e+00   8.4290000e-01   8.9940000e-01   8.9410000e-01   3.7745000e+00   3.9657000e+00
   1.0648000e+00   8.8030000e-01   9.2400000e-01   9.2590000e-01   3.7517000e+00   3.9753000e+00
   1.0580000e+00   9.2670000e-01   9.5560000e-01   9.6350000e-01   3.7245000e+00   3.9755000e+00
   1.0356000e+00   9.6550000e-01   9.7260000e-01   9.9280000e-01   3.7033000e+00   3.9678000e+00
   9.8530000e-01   9.6900000e-01   9.4920000e-01   9.7880000e-01   3.6764000e+00   3.9476000e+00
   8.8800000e-01   9.4610000e-01   9.1390000e-01   9.1960000e-01   3.6353000e+00   3.9073000e+00
   8.1590000e-01   9.3550000e-01   9.1380000e-01   8.7580000e-01   3.5922000e+00   3.8507000e+00
   8.2850000e-01   9.5190000e-01   9.6470000e-01   8.8190000e-01   3.5606000e+00   3.7818000e+00
   9.7860000e-01   9.9660000e-01   1.0486000e+00   9.2710000e-01   3.5403000e+00   3.7449000e+00
   1.1229000e+00   1.0637000e+00   1.1157000e+00   9.8740000e-01   3.5235000e+00   3.7350000e+00
   1.2048000e+00   1.1149000e+00   1.1488000e+00   1.0099000e+00   3.5283000e+00   3.6972000e+00
   1.3590000e+00   1.1597000e+00   1.1850000e+00   1.0651000e+00   3.5404000e+00   3.5846000e+00
   1.4490000e+00   1.1973000e+00   1.2372000e+00   1.2057000e+00   3.5649000e+00   3.3806000e+00
   1.3571000e+00   1.2474000e+00   1.2109000e+00   1.1847000e+00   3.5615000e+00   3.1264000e+00
   1.2726000e+00   1.2071000e+00   1.1535000e+00   1.1071000e+00   3.5244000e+00   2.9263000e+00
   1.2799000e+00   1.2051000e+00   1.2134000e+00   1.1840000e+00   3.4713000e+00   2.8655000e+00
   1.1420000e+00   1.2408000e+00   1.1005000e+00   1.0540000e+00   3.4307000e+00   2.8614000e+00
   8.3310000e-01   9.3380000e-01   7.7010000e-01   6.6970000e-01   3.3988000e+00   2.8026000e+00
   6.4240000e-01   5.5010000e-01   4.8820000e-01   4.0660000e-01   3.3676000e+00   2.7063000e+00
   5.6110000e-01   3.8650000e-01   3.6650000e-01   2.6320000e-01   3.3451000e+00   2.6208000e+00
   3.7260000e-01   4.0970000e-01   2.3720000e-01   1.6050000e-01   3.3182000e+00   2.5186000e+00
  -7.7400000e-02   1.5300000e-01  -8.5300000e-02  -1.1880000e-01   3.2665000e+00   2.3526000e+00
  -1.8620000e-01  -1.7220000e-01  -2.2940000e-01  -2.4750000e-01   3.1531000e+00   2.1755000e+00
  -9.0800000e-02  -1.6710000e-01  -1.7130000e-01  -1.8030000e-01   2.9348000e+00   1.9352000e+00
  -4.6520000e-01  -1.9770000e-01  -4.4030000e-01  -3.5200000e-01   2.7404000e+00   1.4784000e+00
  -9.6320000e-01  -7.0530000e-01  -1.0109000e+00  -1.0274000e+00   2.4640000e+00   1.2526000e+00
  -1.1752000e+00  -1.2488000e+00  -1.1915000e+00  -1.2733000e+00   1.6428000e+00   1.3141000e+00
  -7.5160000e-01  -8.7250000e-01  -7.3340000e-01  -7.1050000e-01   1.1440000e+00   1.2618000e+00
  -5.7850000e-01  -6.7070000e-01  -4.8990000e-01  -4.0430000e-01   1.2519000e+00   1.0501000e+00
  -3.6630000e-01  -4.4870000e-01  -3.0320000e-01  -1.7240000e-01   1.4562000e+00   5.8890000e-01
  -2.5040000e-01  -3.9280000e-01  -2.5680000e-01  -1.3410000e-01   1.7125000e+00   2.9770000e-01
  -1.0200000e-01  -2.5830000e-01  -1.7010000e-01  -8.3900000e-02   1.3287000e+00   1.9510000e-01
  -1.0200000e-02  -1.3350000e-01  -7.3900000e-02   1.7500000e-02   7.1280000e-01  -4.3600000e-02
  -1.0930000e-01  -1.1720000e-01  -1.1770000e-01   9.9000000e-03   2.0440000e-01  -3.7870000e-01
  -3.8590000e-01  -2.8600000e-01  -3.5400000e-01  -1.9850000e-01   1.1020000e-01  -6.5460000e-01
  -7.4630000e-01  -6.0920000e-01  -6.9780000e-01  -5.4690000e-01  -2.8510000e-01  -9.6430000e-01
  -9.7100000e-01  -9.8400000e-01  -9.4590000e-01  -8.2290000e-01  -7.2830000e-01  -1.1402000e+00
  -1.1321000e+00  -1.2642000e+00  -1.0834000e+00  -9.6020000e-01  -1.0354000e+00  -1.2150000e+00
  -1.3590000e+00  -1.5314000e+00  -1.2958000e+00  -1.1737000e+00  -1.3510000e+00  -1.2525000e+00
  -1.4918000e+00  -1.7130000e+00  -1.4828000e+00  -1.3983000e+00  -1.4239000e+00  -1.2659000e+00
  -1.6008000e+00  -1.7632000e+00  -1.6218000e+00  -1.5613000e+00  -1.5992000e+00  -1.2727000e+00
  -1.8533000e+00  -1.9393000e+00  -1.8635000e+00  -1.8089000e+00  -1.7905000e+00  -1.3496000e+00
  -2.2052000e+00  -2.2855000e+00  -2.1700000e+00  -2.1051000e+00  -1.9144000e+00  -1.4922000e+00
  -2.6047000e+00  -2.7096000e+00  -2.4691000e+00  -2.3764000e+00  -2.0916000e+00  -1.6407000e+00
  -3.0716000e+00  -3.1152000e+00  -2.7932000e+00  -2.6574000e+00  -2.3504000e+00  -1.7904000e+00
  -3.3567000e+00  -3.3511000e+00  -3.0941000e+00  -2.9584000e+00  -2.5549000e+00  -1.8951000e+00
  -3.3033000e+00  -3.3402000e+00  -3.2037000e+00  -3.1312000e+00  -2.7112000e+00  -1.9415000e+00
  -3.1285000e+00  -3.1897000e+00  -3.1462000e+00  -3.1343000e+00  -2.7815000e+00  -1.9585000e+00
  -2.9906000e+00  -3.0635000e+00  -3.0725000e+00  -3.0918000e+00  -2.7044000e+00  -1.9578000e+00
  -2.9646000e+00  -2.9965000e+00  -3.0446000e+00  -3.0801000e+00  -2.6004000e+00  -1.9650000e+00
  -2.9990000e+00  -3.0374000e+00  -3.0912000e+00  -3.1305000e+00  -2.5442000e+00  -2.0544000e+00
  -2.8650000e+00  -3.0380000e+00  -3.0682000e+00  -3.1641000e+00  -2.5351000e+00  -2.2542000e+00
  -2.8641000e+00  -2.9686000e+00  -2.9898000e+00  -3.0838000e+00  -2.6407000e+00  -2.5943000e+00
  -3.0810000e+00  -3.0844000e+00  -3.0476000e+00  -3.0488000e+00  -2.8969000e+00  -3.0832000e+00
  -3.0139000e+00  -3.1687000e+00  -3.0646000e+00  -3.0733000e+00  -3.5818000e+00  -3.6993000e+00
  -3.0055000e+00  -3.1467000e+00  -3.0549000e+00  -3.0619000e+00  -4.5996000e+00  -3.9362000e+00
  -3.0254000e+00  -3.1712000e+00  -3.0754000e+00  -3.0776000e+00  -4.8451000e+00  -4.2671000e+00
  -3.0764000e+00  -3.2201000e+00  -3.1209000e+00  -3.1131000e+00  -3.8547000e+00  -4.3268000e+00
  -3.0962000e+00  -3.2507000e+00  -3.1428000e+00  -3.1337000e+00  -3.5075000e+00  -3.9771000e+00
  -3.1066000e+00  -3.2634000e+00  -3.1587000e+00  -3.1405000e+00  -3.2322000e+00  -4.2018000e+00
  -3.1514000e+00  -3.2660000e+00  -3.1569000e+00  -3.1286000e+00  -3.7239000e+00  -4.2948000e+00
  -3.3210000e+00  -3.3032000e+00  -3.2233000e+00  -3.1374000e+00  -4.0036000e+00  -4.4465000e+00
  -3.1168000e+00  -3.2690000e+00  -3.1752000e+00  -3.2023000e+00  -4.1816000e+00  -4.5875000e+00
  -3.0533000e+00  -3.0178000e+00  -3.0022000e+00  -2.9826000e+00  -4.2163000e+00  -4.5015000e+00
  -3.2301000e+00  -2.9903000e+00  -3.0669000e+00  -3.0037000e+00  -4.3339000e+00  -4.4366000e+00
  -3.2233000e+00  -3.1015000e+00  -3.1679000e+00  -3.1424000e+00  -4.1468000e+00  -4.0808000e+00
  -2.9241000e+00  -2.9999000e+00  -2.9959000e+00  -3.0426000e+00  -3.7644000e+00  -3.8372000e+00
  -2.5354000e+00  -2.7480000e+00  -2.7151000e+00  -2.8047000e+00  -3.4964000e+00  -3.5824000e+00
  -2.1180000e+00  -2.4577000e+00  -2.4219000e+00  -2.5530000e+00  -3.1552000e+00  -3.3040000e+00
  -1.6836000e+00  -2.1304000e+00  -2.0546000e+00  -2.2147000e+00  -2.8394000e+00  -2.9394000e+00
  -1.2425000e+00  -1.7724000e+00  -1.6461000e+00  -1.7906000e+00  -2.4769000e+00  -2.6031000e+00
  -9.2080000e-01  -1.3706000e+00  -1.2560000e+00  -1.3406000e+00  -2.1133000e+00  -2.2687000e+00
  -6.7400000e-01  -1.1000000e+00  -9.7570000e-01  -1.0422000e+00  -1.7943000e+00  -2.0274000e+00
  -4.0330000e-01  -8.2950000e-01  -6.9020000e-01  -8.0470000e-01  -1.5671000e+00  -1.7519000e+00
  -8.8000000e-02  -4.9090000e-01  -3.7150000e-01  -5.9200000e-01  -1.2831000e+00  -1.4166000e+00
   1.7900000e-01  -1.6070000e-01  -9.2300000e-02  -4.0070000e-01  -9.5560000e-01  -1.1407000e+00
   3.5010000e-01   5.8600000e-02   1.0760000e-01  -2.6550000e-01  -7.0940000e-01  -9.4260000e-01
   5.6170000e-01   1.5920000e-01   2.4820000e-01  -1.5860000e-01  -4.8590000e-01  -7.6840000e-01
   7.8420000e-01   1.8070000e-01   3.4560000e-01   7.1600000e-02  -2.8650000e-01  -5.9960000e-01
   9.0130000e-01   1.3410000e-01   4.0840000e-01   4.8080000e-01  -1.4080000e-01  -3.9260000e-01
   8.7900000e-01   1.9120000e-01   5.8840000e-01   9.4000000e-01   2.1900000e-02  -2.3460000e-01
   9.0290000e-01   4.3120000e-01   9.1390000e-01   1.2339000e+00   1.3020000e-01  -2.8030000e-01
   1.1106000e+00   8.5940000e-01   1.2470000e+00   1.3516000e+00   1.9310000e-01  -5.0040000e-01
   1.3726000e+00   1.2590000e+00   1.4823000e+00   1.4595000e+00  -2.6470000e-01  -8.8140000e-01
   1.5281000e+00   1.4774000e+00   1.5328000e+00   1.3558000e+00  -4.0960000e-01  -1.2545000e+00
   1.2997000e+00   1.3795000e+00   1.2601000e+00   9.7330000e-01  -1.1468000e+00  -1.8521000e+00
   1.0386000e+00   1.1848000e+00   7.6480000e-01   2.9980000e-01  -1.6424000e+00  -2.5513000e+00
   9.6570000e-01   6.1870000e-01   4.4930000e-01   1.8680000e-01  -2.0642000e+00  -3.1654000e+00
   8.0070000e-01   4.6430000e-01   6.4020000e-01   6.1600000e-01  -2.3837000e+00  -3.2345000e+00
   9.9290000e-01   7.7920000e-01   9.1330000e-01   7.6510000e-01  -2.5616000e+00  -3.1362000e+00
   1.2213000e+00   7.6090000e-01   8.1380000e-01   5.1890000e-01  -2.5621000e+00  -3.1004000e+00
   1.2757000e+00   4.9290000e-01   6.6060000e-01   2.4030000e-01  -2.5061000e+00  -3.1105000e+00
   1.4506000e+00   2.6960000e-01   5.1180000e-01   2.4300000e-02  -2.5327000e+00  -3.1151000e+00
   1.2105000e+00   5.4700000e-02   3.1570000e-01   3.2080000e-01  -2.7101000e+00  -3.1999000e+00
   6.0600000e-01  -2.8200000e-02   9.1140000e-01   1.5483000e+00  -2.9340000e+00  -3.2290000e+00
   1.0223000e+00   6.9810000e-01   1.3854000e+00   1.4282000e+00  -2.8434000e+00  -3.2676000e+00
   9.1070000e-01   1.0016000e+00   6.5100000e-01   6.1970000e-01  -2.7946000e+00  -3.2192000e+00
  -4.4300000e-01  -3.7630000e-01  -4.4220000e-01  -4.3170000e-01  -2.7724000e+00  -3.1074000e+00
  -3.8130000e-01  -3.8190000e-01  -4.1170000e-01  -3.7310000e-01  -2.7222000e+00  -2.9817000e+00
  -4.9790000e-01  -4.8770000e-01  -5.3520000e-01  -5.4390000e-01  -2.5668000e+00  -2.9234000e+00
  -7.0460000e-01  -5.9520000e-01  -7.3350000e-01  -7.3590000e-01  -2.4761000e+00  -2.9680000e+00
  -1.3562000e+00  -1.1407000e+00  -1.4432000e+00  -1.5157000e+00  -2.4596000e+00  -3.0625000e+00
  -2.1321000e+00  -1.9244000e+00  -2.1059000e+00  -2.1078000e+00  -2.5546000e+00  -3.2101000e+00
  -2.6808000e+00  -2.4822000e+00  -2.6230000e+00  -2.6047000e+00  -2.8816000e+00  -3.6166000e+00
  -3.1591000e+00  -2.9692000e+00  -3.1390000e+00  -3.1508000e+00  -3.3020000e+00  -3.9212000e+00
  -3.5510000e+00  -3.4635000e+00  -3.6181000e+00  -3.6773000e+00  -3.7013000e+00  -4.1145000e+00
  -3.9526000e+00  -3.8718000e+00  -4.0354000e+00  -4.0770000e+00  -4.0592000e+00  -4.4316000e+00
  -4.4026000e+00  -4.2985000e+00  -4.4567000e+00  -4.4487000e+00  -4.2661000e+00  -4.9370000e+00
  -4.8390000e+00  -4.7083000e+00  -4.8502000e+00  -4.8205000e+00  -4.5095000e+00  -5.2241000e+00
  -5.2443000e+00  -5.0693000e+00  -5.2108000e+00  -5.1575000e+00  -4.8001000e+00  -5.3350000e+00
  -5.5610000e+00  -5.3858000e+00  -5.5035000e+00  -5.4520000e+00  -5.0968000e+00  -5.4377000e+00
  -5.7787000e+00  -5.6386000e+00  -5.7488000e+00  -5.6735000e+00  -5.3621000e+00  -5.3852000e+00
  -6.0343000e+00  -5.8467000e+00  -5.9690000e+00  -5.8683000e+00  -5.5166000e+00  -5.3596000e+00
  -6.3902000e+00  -6.1303000e+00  -6.2968000e+00  -6.1897000e+00  -5.4883000e+00  -5.5031000e+00
  -6.6389000e+00  -6.4764000e+00  -6.5962000e+00  -6.5214000e+00  -5.6154000e+00  -5.6472000e+00
  -6.8654000e+00  -6.7132000e+00  -6.8151000e+00  -6.7450000e+00  -5.7852000e+00  -5.7932000e+00
  -7.0012000e+00  -6.8808000e+00  -6.9562000e+00  -6.9026000e+00  -5.9646000e+00  -5.9705000e+00
  -7.0670000e+00  -6.9795000e+00  -7.0359000e+00  -6.9747000e+00  -6.2601000e+00  -6.2099000e+00
  -7.0749000e+00  -6.9912000e+00  -7.0512000e+00  -6.9777000e+00  -6.4357000e+00  -6.3879000e+00
  -7.1776000e+00  -7.0252000e+00  -7.1082000e+00  -6.9946000e+00  -6.6163000e+00  -6.5816000e+00
  -7.2830000e+00  -7.1252000e+00  -7.2128000e+00  -7.0962000e+00  -6.7510000e+00  -6.7159000e+00
  -7.4261000e+00  -7.2399000e+00  -7.3541000e+00  -7.2463000e+00  -6.8300000e+00  -6.8150000e+00
  -7.5904000e+00  -7.4131000e+00  -7.5140000e+00  -7.4115000e+00  -6.9238000e+00  -6.9683000e+00
  -7.6694000e+00  -7.5592000e+00  -7.6228000e+00  -7.5458000e+00  -7.0356000e+00  -7.1687000e+00
  -7.8182000e+00  -7.6335000e+00  -7.7479000e+00  -7.6371000e+00  -7.1966000e+00  -7.3964000e+00
  -7.8503000e+00  -7.7555000e+00  -7.8332000e+00  -7.7666000e+00  -7.3451000e+00  -7.6970000e+00
  -7.8395000e+00  -7.7227000e+00  -7.7876000e+00  -7.7020000e+00  -7.4858000e+00  -7.9375000e+00
  -7.8625000e+00  -7.6894000e+00  -7.7722000e+00  -7.6574000e+00  -7.7407000e+00  -8.1576000e+00
  -7.8286000e+00  -7.6590000e+00  -7.7517000e+00  -7.6539000e+00  -7.9374000e+00  -8.3330000e+00
  -7.7881000e+00  -7.5942000e+00  -7.6897000e+00  -7.5969000e+00  -8.1764000e+00  -8.4206000e+00
  -7.7850000e+00  -7.5557000e+00  -7.6690000e+00  -7.5741000e+00  -8.3030000e+00  -8.4698000e+00
