  -1.4309000e+00  -1.5338000e+00  -1.4529000e+00  -1.4965000e+00  -2.2520000e-01  -1.6040000e-01
  -1.5724000e+00  -1.6758000e+00  -1.5913000e+00  -1.6330000e+00  -5.3750000e-01  -4.8680000e-01
  -1.7308000e+00  -1.8240000e+00  -1.7250000e+00  -1.7613000e+00  -7.6510000e-01  -7.4500000e-01
  -1.9150000e+00  -2.0148000e+00  -1.8754000e+00  -1.8964000e+00  -9.8480000e-01  -9.7820000e-01
  -2.1659000e+00  -2.3014000e+00  -2.1083000e+00  -2.1172000e+00  -1.0303000e+00  -1.0242000e+00
  -2.2307000e+00  -2.4204000e+00  -2.1905000e+00  -2.2050000e+00  -1.1462000e+00  -1.1315000e+00
  -2.2322000e+00  -2.4491000e+00  -2.2079000e+00  -2.2167000e+00  -1.2963000e+00  -1.2188000e+00
  -2.2570000e+00  -2.4761000e+00  -2.2368000e+00  -2.2502000e+00  -1.3429000e+00  -1.2810000e+00
  -2.2873000e+00  -2.4938000e+00  -2.2986000e+00  -2.3313000e+00  -1.2910000e+00  -1.2941000e+00
  -2.2312000e+00  -2.4319000e+00  -2.2629000e+00  -2.3056000e+00  -1.3090000e+00  -1.3614000e+00
  -2.3488000e+00  -2.5587000e+00  -2.4081000e+00  -2.4686000e+00  -1.2577000e+00  -1.3097000e+00
  -2.4114000e+00  -2.6133000e+00  -2.4846000e+00  -2.5472000e+00  -1.2754000e+00  -1.2987000e+00
  -2.5253000e+00  -2.7138000e+00  -2.5795000e+00  -2.6226000e+00  -1.2597000e+00  -1.2453000e+00
  -2.5349000e+00  -2.7128000e+00  -2.5716000e+00  -2.6103000e+00  -1.3372000e+00  -1.2943000e+00
  -2.5649000e+00  -2.7246000e+00  -2.5859000e+00  -2.6255000e+00  -1.2464000e+00  -1.2928000e+00
  -2.5737000e+00  -2.7439000e+00  -2.6045000e+00  -2.6614000e+00  -1.1252000e+00  -1.2543000e+00
  -2.5895000e+00  -2.7813000e+00  -2.6374000e+00  -2.7085000e+00  -9.5870000e-01  -1.2287000e+00
  -2.5594000e+00  -2.7729000e+00  -2.6317000e+00  -2.7139000e+00  -9.6710000e-01  -1.2299000e+00
  -2.4612000e+00  -2.7110000e+00  -2.5876000e+00  -2.6953000e+00  -1.0185000e+00  -1.2433000e+00
  -2.4580000e+00  -2.7502000e+00  -2.6070000e+00  -2.7076000e+00  -9.7510000e-01  -1.0090000e+00
  -2.3140000e+00  -2.6664000e+00  -2.4897000e+00  -2.5963000e+00  -8.5290000e-01  -8.6080000e-01
  -2.0409000e+00  -2.4560000e+00  -2.2382000e+00  -2.3601000e+00  -8.7840000e-01  -8.2280000e-01
  -1.7725000e+00  -2.2216000e+00  -1.9633000e+00  -2.0973000e+00  -7.7570000e-01  -7.4160000e-01
  -1.5313000e+00  -2.0256000e+00  -1.7437000e+00  -1.8958000e+00  -7.1610000e-01  -7.3230000e-01
  -1.3840000e+00  -1.8703000e+00  -1.5920000e+00  -1.7539000e+00  -6.9840000e-01  -7.2710000e-01
  -1.3334000e+00  -1.7674000e+00  -1.5027000e+00  -1.6540000e+00  -5.9630000e-01  -7.1570000e-01
  -1.2886000e+00  -1.6274000e+00  -1.4354000e+00  -1.5685000e+00  -4.8280000e-01  -6.7730000e-01
  -1.4123000e+00  -1.6870000e+00  -1.5442000e+00  -1.6635000e+00  -4.7910000e-01  -7.5810000e-01
  -1.5954000e+00  -1.8435000e+00  -1.7425000e+00  -1.8523000e+00  -3.9800000e-01  -7.6570000e-01
  -1.7875000e+00  -2.0243000e+00  -1.9366000e+00  -2.0213000e+00  -6.5600000e-02  -5.1900000e-01
  -2.0285000e+00  -2.2442000e+00  -2.1547000e+00  -2.2009000e+00   2.1310000e-01  -2.9250000e-01
  -2.2496000e+00  -2.4590000e+00  -2.3495000e+00  -2.3646000e+00   3.7090000e-01  -1.0960000e-01
  -2.4409000e+00  -2.6216000e+00  -2.5006000e+00  -2.4905000e+00   4.6980000e-01   1.1780000e-01
  -2.6358000e+00  -2.7745000e+00  -2.6572000e+00  -2.6331000e+00   7.3270000e-01   4.5840000e-01
  -2.8597000e+00  -2.9375000e+00  -2.8329000e+00  -2.7972000e+00   1.0437000e+00   8.2260000e-01
  -3.1373000e+00  -3.1445000e+00  -3.0343000e+00  -3.0052000e+00   1.3046000e+00   1.1820000e+00
  -3.3418000e+00  -3.3937000e+00  -3.2448000e+00  -3.2324000e+00   1.4340000e+00   1.5952000e+00
  -3.5945000e+00  -3.7440000e+00  -3.5648000e+00  -3.6029000e+00   1.6101000e+00   1.9183000e+00
  -3.9170000e+00  -4.1843000e+00  -3.9446000e+00  -4.0260000e+00   1.7825000e+00   1.9286000e+00
  -4.2000000e+00  -4.5624000e+00  -4.2746000e+00  -4.4315000e+00   2.1331000e+00   1.8508000e+00
  -4.6202000e+00  -4.9942000e+00  -4.6231000e+00  -4.8262000e+00   2.5423000e+00   1.8481000e+00
  -4.9969000e+00  -5.3819000e+00  -4.8523000e+00  -5.0784000e+00   2.8558000e+00   1.9225000e+00
  -5.2106000e+00  -5.7350000e+00  -5.1514000e+00  -5.3885000e+00   2.9203000e+00   2.1232000e+00
  -5.5443000e+00  -6.0428000e+00  -5.5476000e+00  -5.8137000e+00   3.2313000e+00   2.6645000e+00
  -6.0121000e+00  -6.4273000e+00  -5.9891000e+00  -6.2758000e+00   3.5092000e+00   3.4174000e+00
  -5.9725000e+00  -6.5699000e+00  -6.1075000e+00  -6.4853000e+00   3.9077000e+00   3.9991000e+00
  -6.0693000e+00  -6.8426000e+00  -6.3393000e+00  -6.6551000e+00   4.3100000e+00   4.3073000e+00
  -6.1785000e+00  -6.7283000e+00  -5.9916000e+00  -6.2245000e+00   4.5256000e+00   4.5362000e+00
  -6.0566000e+00  -7.0063000e+00  -5.9221000e+00  -6.1712000e+00   4.6934000e+00   4.6157000e+00
  -5.5069000e+00  -6.6154000e+00  -5.8381000e+00  -6.2990000e+00   4.6677000e+00   4.5460000e+00
  -5.8184000e+00  -6.5856000e+00  -6.5058000e+00  -7.3159000e+00   4.6102000e+00   4.8980000e+00
  -5.0103000e+00  -6.6348000e+00  -6.2798000e+00  -7.5074000e+00   4.6216000e+00   4.9462000e+00
  -6.1728000e+00  -7.7115000e+00  -6.6198000e+00  -7.2155000e+00   4.7116000e+00   5.1756000e+00
  -5.1587000e+00  -6.4180000e+00  -6.6357000e+00  -8.0295000e+00   4.8407000e+00   5.4520000e+00
  -6.0180000e+00  -8.2726000e+00  -6.7367000e+00  -7.4300000e+00   4.7131000e+00   5.2963000e+00
  -4.5301000e+00  -7.6537000e+00  -5.8457000e+00  -6.6403000e+00   4.7582000e+00   5.1448000e+00
  -3.5976000e+00  -6.2739000e+00  -5.2267000e+00  -6.0023000e+00   4.8800000e+00   5.1818000e+00
  -4.0564000e+00  -6.2986000e+00  -5.5661000e+00  -6.3389000e+00   4.4809000e+00   4.5211000e+00
  -5.1128000e+00  -6.8230000e+00  -6.0912000e+00  -6.6574000e+00   3.8555000e+00   3.8594000e+00
  -5.2899000e+00  -6.5518000e+00  -5.9643000e+00  -6.3213000e+00   3.4520000e+00   3.4122000e+00
  -5.0384000e+00  -6.2395000e+00  -5.7838000e+00  -6.2172000e+00   3.0137000e+00   1.1048000e+00
  -4.9629000e+00  -6.1481000e+00  -5.6610000e+00  -6.0601000e+00   2.9762000e+00  -1.1417000e+00
  -5.4580000e+00  -6.4779000e+00  -6.0645000e+00  -6.3800000e+00   3.1902000e+00  -1.5102000e+00
  -5.0525000e+00  -5.7906000e+00  -5.5198000e+00  -5.7463000e+00   1.4769000e+00  -1.2235000e+00
  -4.7761000e+00  -5.4199000e+00  -5.1746000e+00  -5.3083000e+00  -1.6001000e+00  -1.4230000e+00
  -4.5773000e+00  -5.1688000e+00  -4.9611000e+00  -5.1121000e+00  -9.7290000e-01  -6.9520000e-01
  -4.4513000e+00  -4.9730000e+00  -4.6715000e+00  -4.8410000e+00  -5.0300000e-01  -4.6150000e-01
  -3.8084000e+00  -4.1813000e+00  -4.0357000e+00  -4.1942000e+00  -2.4030000e-01  -5.7300000e-01
  -3.2989000e+00  -3.4714000e+00  -3.4695000e+00  -3.5451000e+00   2.7000000e-02  -5.0150000e-01
  -2.6650000e+00  -2.9869000e+00  -2.9652000e+00  -3.1606000e+00  -4.0500000e-02  -2.7940000e-01
  -3.0866000e+00  -3.3216000e+00  -3.2800000e+00  -3.3742000e+00   4.6040000e-01   2.2260000e-01
  -3.4863000e+00  -3.7034000e+00  -3.5802000e+00  -3.6462000e+00   1.0625000e+00   1.2396000e+00
  -3.2788000e+00  -3.4921000e+00  -3.2639000e+00  -3.2414000e+00   1.4696000e+00   1.6123000e+00
  -2.1513000e+00  -2.4380000e+00  -2.2930000e+00  -2.3527000e+00   2.2391000e+00   2.1823000e+00
  -1.5846000e+00  -1.7908000e+00  -1.6965000e+00  -1.7202000e+00   3.1816000e+00   2.8864000e+00
  -1.0795000e+00  -1.2743000e+00  -1.2866000e+00  -1.3703000e+00   4.2930000e+00   4.7411000e+00
  -5.9990000e-01  -7.9190000e-01  -8.7540000e-01  -9.9690000e-01   4.0567000e+00   4.6139000e+00
   2.8530000e-01   1.2720000e-01  -5.1000000e-03  -1.5640000e-01   5.0282000e+00   5.5618000e+00
   7.7000000e-01   7.8820000e-01   7.5960000e-01   7.6260000e-01   6.0167000e+00   6.4987000e+00
   4.7200000e-02   2.7200000e-02   2.8600000e-02   6.3400000e-02   6.1188000e+00   6.9667000e+00
   9.1340000e-01   7.6150000e-01   7.2010000e-01   6.5470000e-01   6.0223000e+00   6.6893000e+00
   1.7754000e+00   1.5917000e+00   1.5258000e+00   1.4070000e+00   6.4051000e+00   6.6384000e+00
   2.8712000e+00   2.7899000e+00   2.8178000e+00   2.7871000e+00   6.6402000e+00   6.7105000e+00
   3.8727000e+00   3.8239000e+00   3.6940000e+00   3.5840000e+00   7.0436000e+00   6.9158000e+00
   4.0861000e+00   4.1292000e+00   4.0606000e+00   4.0453000e+00   7.8199000e+00   7.3853000e+00
   4.6895000e+00   4.7689000e+00   4.7504000e+00   4.7757000e+00   8.0772000e+00   8.0338000e+00
   5.6165000e+00   5.6500000e+00   5.4357000e+00   5.3139000e+00   7.7330000e+00   7.9264000e+00
   6.6922000e+00   6.8526000e+00   6.7275000e+00   6.7259000e+00   8.0311000e+00   8.0858000e+00
   6.9830000e+00   7.1343000e+00   7.0243000e+00   7.0263000e+00   8.7526000e+00   8.6722000e+00
   8.1836000e+00   8.3174000e+00   8.1824000e+00   8.1651000e+00   9.2036000e+00   9.1497000e+00
   8.2539000e+00   8.5043000e+00   8.4242000e+00   8.4932000e+00   9.7636000e+00   9.8170000e+00
   8.3957000e+00   8.6382000e+00   8.5728000e+00   8.6741000e+00   9.4594000e+00   9.7358000e+00
   8.9600000e+00   9.1630000e+00   9.1059000e+00   9.1804000e+00   8.8451000e+00   9.7849000e+00
   9.4897000e+00   9.3990000e+00   9.4775000e+00   9.5038000e+00   8.8320000e+00   1.0131900e+01
   1.0357000e+01   1.0351500e+01   1.0359800e+01   1.0348200e+01   8.5778000e+00   1.0441600e+01
   1.0005000e+01   1.0348000e+01   1.0225000e+01   1.0396500e+01   8.7568000e+00   1.0579800e+01
   9.9292000e+00   1.0061400e+01   1.0043100e+01   1.0126600e+01   9.5267000e+00   1.0719500e+01
   1.0635700e+01   1.0348200e+01   1.0474200e+01   1.0389900e+01   1.0231900e+01   1.0803000e+01
   1.1251700e+01   1.1373000e+01   1.1329200e+01   1.1371700e+01   1.1198100e+01   1.1145400e+01
   1.1193600e+01   1.1643900e+01   1.1555400e+01   1.1815300e+01   1.1923600e+01   1.1539300e+01
   1.0848300e+01   1.1209800e+01   1.1264400e+01   1.1562900e+01   1.2171800e+01   1.1787900e+01
   1.0573800e+01   1.0933100e+01   1.0956900e+01   1.1209800e+01   1.1771500e+01   1.1738800e+01
   1.0232300e+01   1.0666700e+01   1.0689800e+01   1.0945200e+01   1.0279700e+01   1.1097300e+01
   1.0224000e+01   1.0545800e+01   1.0552100e+01   1.0773200e+01   8.3388000e+00   1.0119800e+01
   1.1104600e+01   1.0963900e+01   1.1132800e+01   1.1188900e+01   8.1590000e+00   9.1832000e+00
   1.2000500e+01   1.1851300e+01   1.2005800e+01   1.2006500e+01   7.7534000e+00   8.6091000e+00
   1.2330200e+01   1.2406100e+01   1.2434800e+01   1.2535700e+01   7.6339000e+00   7.5936000e+00
   1.2324200e+01   1.2574800e+01   1.2478200e+01   1.2596500e+01   7.7012000e+00   7.2247000e+00
   1.1780800e+01   1.1907100e+01   1.2131700e+01   1.2396600e+01   8.0523000e+00   7.1674000e+00
   1.0952000e+01   1.1094700e+01   1.1554700e+01   1.1935900e+01   8.4275000e+00   7.3845000e+00
   1.0550100e+01   1.0846200e+01   1.1359600e+01   1.1770700e+01   8.7862000e+00   7.7751000e+00
   1.0028900e+01   9.9350000e+00   1.0419400e+01   1.0719600e+01   9.0103000e+00   7.9748000e+00
   1.0766800e+01   1.0674300e+01   1.0804500e+01   1.0867500e+01   9.0143000e+00   8.2514000e+00
   1.0880000e+01   1.1151000e+01   1.1198300e+01   1.1365300e+01   8.3812000e+00   7.9311000e+00
   1.0242400e+01   1.0667300e+01   1.0725100e+01   1.1185300e+01   7.5175000e+00   7.7408000e+00
   1.0830400e+01   1.1034500e+01   1.0942200e+01   1.1018500e+01   6.9990000e+00   7.6999000e+00
   1.0925100e+01   1.1036600e+01   1.1179200e+01   1.1351700e+01   7.1455000e+00   7.8584000e+00
   1.1303000e+01   1.1399500e+01   1.1491800e+01   1.1542000e+01   7.1246000e+00   8.0232000e+00
   1.0864900e+01   1.1192600e+01   1.1117100e+01   1.1271400e+01   6.4310000e+00   7.5580000e+00
   1.0513700e+01   1.0831500e+01   1.0739500e+01   1.1012700e+01   5.9777000e+00   7.1735000e+00
   1.1002300e+01   1.1383600e+01   1.1151200e+01   1.1322200e+01   5.4277000e+00   7.0102000e+00
   1.0242200e+01   9.8556000e+00   1.0545200e+01   1.0986800e+01   4.7451000e+00   6.6304000e+00
   9.4437000e+00   9.4769000e+00   9.8521000e+00   1.0148000e+01   3.9982000e+00   6.0409000e+00
   8.7334000e+00   7.9163000e+00   8.7932000e+00   8.6739000e+00   4.1312000e+00   5.6701000e+00
   6.7450000e+00   5.1230000e+00   6.1562000e+00   5.4372000e+00   4.3468000e+00   5.4549000e+00
   5.7097000e+00   5.1007000e+00   5.1032000e+00   4.9124000e+00   4.0267000e+00   4.8036000e+00
   4.6887000e+00   4.9022000e+00   4.7173000e+00   4.8810000e+00   3.5323000e+00   4.3926000e+00
   4.3513000e+00   4.1861000e+00   4.1701000e+00   4.0787000e+00   3.4278000e+00   4.2868000e+00
   3.7564000e+00   3.6053000e+00   3.4929000e+00   3.6066000e+00   3.2598000e+00   3.7018000e+00
   3.3956000e+00   3.5135000e+00   3.2406000e+00   3.4561000e+00   2.5250000e+00   3.1341000e+00
   3.4479000e+00   3.3313000e+00   3.2835000e+00   3.5685000e+00   1.8167000e+00   2.6710000e+00
   2.8216000e+00   2.8984000e+00   2.9442000e+00   3.3558000e+00   1.3828000e+00   2.2111000e+00
   1.6010000e+00   1.8878000e+00   1.9188000e+00   2.4209000e+00   1.4564000e+00   2.0840000e+00
   1.0664000e+00   2.0112000e+00   1.6933000e+00   2.3460000e+00   1.8476000e+00   2.1010000e+00
   5.6100000e-02   1.0735000e+00   8.7260000e-01   1.5034000e+00   1.7566000e+00   2.1354000e+00
  -3.0910000e-01   1.0344000e+00   7.4360000e-01   1.4190000e+00   1.2071000e+00   2.1597000e+00
  -9.3430000e-01   4.0060000e-01   2.3780000e-01   8.6640000e-01   7.5490000e-01   1.5235000e+00
  -9.8450000e-01   4.0900000e-01   2.1870000e-01   8.1540000e-01   2.1230000e-01   1.0153000e+00
  -1.2833000e+00   2.5470000e-01  -2.3000000e-03   6.4420000e-01   1.2710000e-01   6.2530000e-01
  -5.2380000e-01   8.0480000e-01   5.1910000e-01   1.0751000e+00   7.1070000e-01   5.5620000e-01
  -2.2860000e-01   1.0740000e+00   7.0210000e-01   1.4179000e+00   1.0442000e+00   5.6190000e-01
  -3.5650000e-01   6.8050000e-01   3.3890000e-01   8.4340000e-01   1.2993000e+00   5.8830000e-01
  -4.8940000e-01   8.1210000e-01   3.9610000e-01   1.0613000e+00   7.7690000e-01   4.5990000e-01
  -5.9880000e-01  -1.8000000e-02  -1.3550000e-01   2.5990000e-01   3.8640000e-01   3.0330000e-01
  -1.4408000e+00  -5.9680000e-01  -5.6530000e-01  -2.4040000e-01  -2.3310000e-01  -1.5410000e-01
  -1.6321000e+00  -5.2640000e-01  -6.3920000e-01  -2.6430000e-01  -5.3570000e-01  -4.8970000e-01
  -1.5948000e+00  -4.4160000e-01  -5.3270000e-01  -5.6500000e-02  -4.1340000e-01  -5.7780000e-01
  -1.9474000e+00  -7.5750000e-01  -8.5450000e-01  -3.2720000e-01  -1.6800000e-01  -6.1460000e-01
  -2.2823000e+00  -1.1501000e+00  -1.2458000e+00  -7.5660000e-01   4.3600000e-02  -5.9120000e-01
  -2.4155000e+00  -1.5438000e+00  -1.5481000e+00  -1.1614000e+00   2.6590000e-01  -3.7010000e-01
  -2.6408000e+00  -2.0111000e+00  -1.9537000e+00  -1.6518000e+00   5.0000000e-02  -8.8000000e-02
  -2.5790000e+00  -2.1669000e+00  -2.1830000e+00  -2.0277000e+00   1.2310000e-01  -1.8190000e-01
  -2.2943000e+00  -1.9181000e+00  -1.9199000e+00  -1.7861000e+00   5.7390000e-01  -6.7540000e-01
  -2.1641000e+00  -1.8885000e+00  -1.8673000e+00  -1.7486000e+00   8.1040000e-01  -7.3260000e-01
  -1.8153000e+00  -1.5212000e+00  -1.5175000e+00  -1.4531000e+00   6.5490000e-01  -8.0980000e-01
  -1.9003000e+00  -1.4827000e+00  -1.5377000e+00  -1.3879000e+00   1.3750000e-01  -1.1879000e+00
  -1.9198000e+00  -1.5876000e+00  -1.5171000e+00  -1.3163000e+00   2.9130000e-01  -8.9440000e-01
  -1.9435000e+00  -1.7500000e+00  -1.7311000e+00  -1.6385000e+00   1.4300000e-02  -6.6790000e-01
  -1.9724000e+00  -1.8015000e+00  -1.8537000e+00  -1.7978000e+00  -1.4930000e-01  -1.0327000e+00
  -1.9949000e+00  -1.8902000e+00  -1.8922000e+00  -1.8168000e+00   3.9540000e-01  -9.4710000e-01
  -2.1619000e+00  -2.1145000e+00  -2.0981000e+00  -2.0352000e+00   3.4400000e-01  -7.6050000e-01
  -2.3720000e+00  -2.3349000e+00  -2.3383000e+00  -2.2978000e+00  -1.2150000e-01  -5.6160000e-01
  -2.3320000e+00  -2.3056000e+00  -2.3305000e+00  -2.3165000e+00  -5.6670000e-01  -3.5270000e-01
  -2.3579000e+00  -2.3185000e+00  -2.3172000e+00  -2.2646000e+00  -9.0070000e-01  -1.2420000e-01
  -2.2341000e+00  -2.1456000e+00  -2.1733000e+00  -2.1272000e+00  -9.3620000e-01  -4.6840000e-01
  -2.5891000e+00  -2.4826000e+00  -2.5177000e+00  -2.4410000e+00  -5.3890000e-01  -1.0842000e+00
  -2.8788000e+00  -2.6714000e+00  -2.7789000e+00  -2.7129000e+00  -2.1230000e-01  -1.9948000e+00
  -2.9673000e+00  -2.8354000e+00  -2.8805000e+00  -2.8320000e+00   3.2000000e-03  -3.1165000e+00
  -2.9065000e+00  -2.8502000e+00  -2.8630000e+00  -2.8455000e+00   3.2920000e-01  -4.3607000e+00
  -2.7284000e+00  -2.6737000e+00  -2.6919000e+00  -2.6662000e+00   2.1310000e-01  -5.0854000e+00
  -2.5062000e+00  -2.4845000e+00  -2.4919000e+00  -2.4608000e+00  -3.1200000e-02  -5.0415000e+00
  -2.3886000e+00  -2.3766000e+00  -2.4309000e+00  -2.4263000e+00  -6.2940000e-01  -4.7262000e+00
  -2.1063000e+00  -2.0883000e+00  -2.2396000e+00  -2.2858000e+00  -1.7270000e+00  -4.3345000e+00
  -2.0529000e+00  -1.9202000e+00  -2.1372000e+00  -2.1743000e+00  -2.7841000e+00  -3.7619000e+00
  -1.9616000e+00  -1.8603000e+00  -1.9458000e+00  -1.9508000e+00  -3.4331000e+00  -3.6022000e+00
  -1.4478000e+00  -1.3660000e+00  -1.3497000e+00  -1.3008000e+00  -3.6788000e+00  -3.6502000e+00
  -1.1116000e+00  -1.0220000e+00  -1.0057000e+00  -9.2400000e-01  -3.1727000e+00  -3.2144000e+00
  -9.4740000e-01  -7.4850000e-01  -7.8240000e-01  -6.5400000e-01  -2.0286000e+00  -2.8618000e+00
  -8.2070000e-01  -5.6800000e-01  -6.5310000e-01  -5.2510000e-01  -1.3462000e+00  -3.1169000e+00
  -6.1780000e-01  -4.7360000e-01  -5.4120000e-01  -5.0610000e-01  -1.5327000e+00  -3.3762000e+00
  -1.0780000e-01   5.3000000e-03  -4.3400000e-02  -4.4800000e-02  -1.7887000e+00  -2.8827000e+00
   3.6650000e-01   5.5370000e-01   4.7700000e-01   5.0840000e-01  -1.9828000e+00  -2.3835000e+00
   5.4050000e-01   7.3350000e-01   6.6560000e-01   7.0510000e-01  -2.0707000e+00  -1.8853000e+00
   9.6650000e-01   1.0553000e+00   1.0405000e+00   1.0787000e+00  -1.8112000e+00  -1.5377000e+00
   1.3575000e+00   1.4481000e+00   1.3357000e+00   1.3185000e+00  -1.4532000e+00  -1.2263000e+00
   1.7530000e+00   1.9264000e+00   1.8387000e+00   1.9196000e+00  -9.5390000e-01  -6.3830000e-01
   1.9641000e+00   1.9545000e+00   1.8989000e+00   1.8798000e+00  -3.0100000e-01   1.3400000e-01
   2.4997000e+00   2.5557000e+00   2.4695000e+00   2.4696000e+00   3.1880000e-01   9.2270000e-01
   3.0318000e+00   3.1436000e+00   3.0076000e+00   3.0236000e+00   8.5500000e-01   1.3136000e+00
   3.3973000e+00   3.5361000e+00   3.4163000e+00   3.4509000e+00   1.6562000e+00   1.7604000e+00
   3.8006000e+00   3.9364000e+00   3.8147000e+00   3.8442000e+00   2.1699000e+00   2.0624000e+00
   4.4073000e+00   4.4259000e+00   4.3802000e+00   4.3855000e+00   2.6915000e+00   2.5056000e+00
   4.8993000e+00   5.0021000e+00   4.8932000e+00   4.8993000e+00   3.0770000e+00   2.9065000e+00
   5.4050000e+00   5.5355000e+00   5.3577000e+00   5.3318000e+00   3.3248000e+00   3.2991000e+00
   5.7581000e+00   5.9461000e+00   5.7975000e+00   5.8257000e+00   3.6280000e+00   3.4962000e+00
   6.1582000e+00   6.3562000e+00   6.1884000e+00   6.1971000e+00   4.1198000e+00   3.7312000e+00
   6.8063000e+00   6.9138000e+00   6.7209000e+00   6.6860000e+00   4.6210000e+00   4.0632000e+00
   7.5383000e+00   7.6970000e+00   7.4252000e+00   7.3707000e+00   5.0611000e+00   4.4359000e+00
   7.6290000e+00   7.9216000e+00   7.7451000e+00   7.7743000e+00   5.3104000e+00   4.8064000e+00
   7.6072000e+00   7.9050000e+00   7.7844000e+00   7.8844000e+00   5.4872000e+00   5.0647000e+00
   7.8812000e+00   8.0619000e+00   7.9171000e+00   7.9519000e+00   5.7688000e+00   5.2980000e+00
   8.2369000e+00   8.3919000e+00   8.2167000e+00   8.1862000e+00   6.0395000e+00   5.5735000e+00
   8.3911000e+00   8.7026000e+00   8.4017000e+00   8.4240000e+00   6.0022000e+00   5.8969000e+00
   8.7978000e+00   9.0085000e+00   8.7198000e+00   8.6496000e+00   5.8090000e+00   6.2750000e+00
   9.1311000e+00   9.2869000e+00   9.0462000e+00   9.0485000e+00   5.6541000e+00   6.4861000e+00
   9.6237000e+00   9.5898000e+00   9.4760000e+00   9.4086000e+00   5.3524000e+00   6.4521000e+00
   9.9511000e+00   1.0160400e+01   9.8227000e+00   9.7508000e+00   4.9857000e+00   6.3008000e+00
   1.0048200e+01   1.0180800e+01   1.0068900e+01   1.0118400e+01   4.8800000e+00   6.0754000e+00
   9.5528000e+00   9.7144000e+00   9.7701000e+00   9.9537000e+00   4.7030000e+00   5.8204000e+00
   8.8535000e+00   9.0803000e+00   9.1244000e+00   9.3136000e+00   4.5887000e+00   5.4805000e+00
   7.8034000e+00   8.1211000e+00   8.2485000e+00   8.5282000e+00   4.4300000e+00   5.3372000e+00
   7.0994000e+00   7.1331000e+00   7.2977000e+00   7.4517000e+00   4.1890000e+00   4.9539000e+00
   6.1792000e+00   6.5813000e+00   6.5829000e+00   6.7071000e+00   3.7991000e+00   4.1842000e+00
   5.3544000e+00   5.9611000e+00   5.9207000e+00   6.2021000e+00   3.2631000e+00   3.3965000e+00
   4.8338000e+00   5.4487000e+00   5.4505000e+00   5.7905000e+00   2.7460000e+00   2.9482000e+00
   4.4284000e+00   5.0246000e+00   5.0680000e+00   5.4217000e+00   2.4517000e+00   2.7120000e+00
   4.2169000e+00   4.6857000e+00   4.7171000e+00   5.0607000e+00   2.2456000e+00   2.6806000e+00
   4.0985000e+00   4.3856000e+00   4.3827000e+00   4.6290000e+00   2.1823000e+00   2.8087000e+00
   3.8071000e+00   4.0177000e+00   4.0855000e+00   4.2858000e+00   2.1020000e+00   2.7739000e+00
   3.4289000e+00   3.4633000e+00   3.6640000e+00   3.8738000e+00   1.8743000e+00   2.6669000e+00
   2.9489000e+00   2.8244000e+00   3.0673000e+00   3.2218000e+00   1.5417000e+00   2.4260000e+00
   2.4796000e+00   2.3847000e+00   2.5404000e+00   2.6993000e+00   1.3472000e+00   2.1132000e+00
   2.0130000e+00   2.2385000e+00   2.1177000e+00   2.3693000e+00   1.3189000e+00   1.8742000e+00
   1.7386000e+00   2.2462000e+00   1.9816000e+00   2.3574000e+00   1.3880000e+00   1.8038000e+00
   1.6859000e+00   2.2161000e+00   1.9805000e+00   2.3871000e+00   1.4235000e+00   1.7303000e+00
   1.6065000e+00   2.1258000e+00   1.9208000e+00   2.3170000e+00   1.3881000e+00   1.7033000e+00
   1.4948000e+00   2.0274000e+00   1.8367000e+00   2.2322000e+00   1.3171000e+00   1.6756000e+00
   1.3461000e+00   1.8952000e+00   1.7315000e+00   2.1295000e+00   1.1328000e+00   1.5911000e+00
   1.1290000e+00   1.7835000e+00   1.5689000e+00   1.9568000e+00   8.8800000e-01   1.4724000e+00
   8.9230000e-01   1.7022000e+00   1.3887000e+00   1.7519000e+00   6.0660000e-01   1.3084000e+00
   7.5180000e-01   1.6853000e+00   1.2658000e+00   1.6066000e+00   3.3500000e-01   1.1316000e+00
   6.7500000e-01   1.6566000e+00   1.1789000e+00   1.5046000e+00   4.3500000e-02   9.6430000e-01
   5.7310000e-01   1.5904000e+00   1.1267000e+00   1.4507000e+00  -1.3670000e-01   8.0530000e-01
   4.2920000e-01   1.4432000e+00   1.0572000e+00   1.4186000e+00  -2.0880000e-01   6.6870000e-01
   2.4090000e-01   1.2640000e+00   9.1460000e-01   1.2910000e+00  -2.0660000e-01   5.0570000e-01
  -2.2400000e-02   9.6730000e-01   6.8080000e-01   1.0816000e+00  -2.0900000e-01   3.2650000e-01
  -2.4060000e-01   7.6940000e-01   4.4710000e-01   8.0550000e-01  -1.5080000e-01   2.3750000e-01
  -4.2620000e-01   5.9060000e-01   2.4890000e-01   5.7400000e-01  -9.0600000e-02   2.2660000e-01
  -6.4480000e-01   3.5390000e-01   7.9000000e-03   3.1880000e-01   4.0000000e-03   2.0520000e-01
  -8.4230000e-01   1.1440000e-01  -2.4120000e-01   3.9200000e-02   9.4800000e-02   9.0600000e-02
  -1.0121000e+00  -1.2150000e-01  -4.7010000e-01  -2.1780000e-01   2.0660000e-01  -2.5580000e-01
  -1.1872000e+00  -4.0060000e-01  -7.1660000e-01  -4.7820000e-01   3.6940000e-01  -7.2430000e-01
  -1.3075000e+00  -6.2800000e-01  -9.1100000e-01  -6.8380000e-01   5.0280000e-01  -1.0441000e+00
  -1.4189000e+00  -8.0750000e-01  -1.0534000e+00  -8.2710000e-01   5.8170000e-01  -1.0366000e+00
  -1.5790000e+00  -9.8720000e-01  -1.2084000e+00  -9.7740000e-01   5.8780000e-01  -8.3240000e-01
  -1.7143000e+00  -1.1424000e+00  -1.3578000e+00  -1.1384000e+00   5.4960000e-01  -6.2150000e-01
  -1.7848000e+00  -1.2480000e+00  -1.4614000e+00  -1.2674000e+00   4.5060000e-01  -6.2740000e-01
  -1.7796000e+00  -1.2735000e+00  -1.4793000e+00  -1.3132000e+00   3.9050000e-01  -8.1520000e-01
  -1.7930000e+00  -1.3321000e+00  -1.5103000e+00  -1.3545000e+00   3.5910000e-01  -1.0319000e+00
  -1.8191000e+00  -1.4048000e+00  -1.5856000e+00  -1.4539000e+00   3.4150000e-01  -1.0963000e+00
  -1.7757000e+00  -1.4058000e+00  -1.5830000e+00  -1.4883000e+00   1.7470000e-01  -1.1850000e+00
  -1.7619000e+00  -1.3802000e+00  -1.5419000e+00  -1.4766000e+00   1.4430000e-01  -1.2826000e+00
  -1.7782000e+00  -1.4427000e+00  -1.6050000e+00  -1.5519000e+00   3.0900000e-01  -1.3626000e+00
  -1.7871000e+00  -1.5589000e+00  -1.6886000e+00  -1.6252000e+00   4.3070000e-01  -1.4698000e+00
  -1.6490000e+00  -1.5736000e+00  -1.6552000e+00  -1.6085000e+00   5.2870000e-01  -1.4301000e+00
  -1.4699000e+00  -1.4987000e+00  -1.5855000e+00  -1.5692000e+00   6.8330000e-01  -1.0953000e+00
  -1.4226000e+00  -1.4055000e+00  -1.5228000e+00  -1.4790000e+00   5.9740000e-01  -8.6840000e-01
  -1.4326000e+00  -1.2345000e+00  -1.3454000e+00  -1.2400000e+00   4.1900000e-01  -7.9870000e-01
  -1.4106000e+00  -1.0976000e+00  -1.2301000e+00  -1.1357000e+00   3.4240000e-01  -6.4940000e-01
  -1.2506000e+00  -9.9300000e-01  -1.1079000e+00  -1.0033000e+00   2.3050000e-01  -4.5280000e-01
  -1.1555000e+00  -9.5300000e-01  -1.0242000e+00  -9.1240000e-01   5.2500000e-02  -3.2130000e-01
  -1.1090000e+00  -8.9160000e-01  -9.7690000e-01  -8.7160000e-01  -3.2000000e-03  -2.1720000e-01
  -9.8450000e-01  -8.3470000e-01  -9.1480000e-01  -8.5310000e-01  -1.3210000e-01  -3.4770000e-01
  -5.9540000e-01  -5.5340000e-01  -6.2540000e-01  -5.9760000e-01  -3.4410000e-01  -6.2170000e-01
  -1.9600000e-01  -4.8100000e-02  -1.5070000e-01  -1.1650000e-01  -4.4050000e-01  -7.4810000e-01
  -5.0200000e-02   2.1930000e-01   9.2500000e-02   1.8460000e-01  -6.2070000e-01  -9.3440000e-01
   1.7160000e-01   4.2610000e-01   2.7490000e-01   3.6210000e-01  -8.2490000e-01  -1.1503000e+00
   2.6460000e-01   5.8850000e-01   4.1000000e-01   4.8370000e-01  -1.0060000e+00  -1.3315000e+00
   2.7070000e-01   6.5170000e-01   4.6550000e-01   5.5100000e-01  -1.2673000e+00  -1.5131000e+00
   6.6390000e-01   6.8700000e-01   6.5600000e-01   6.3020000e-01  -1.5147000e+00  -1.5199000e+00
   8.3360000e-01   1.0890000e+00   9.6690000e-01   9.9730000e-01  -1.7838000e+00  -1.5978000e+00
   9.0500000e-01   1.1599000e+00   1.0312000e+00   1.0721000e+00  -2.0714000e+00  -1.6209000e+00
   9.9050000e-01   1.2505000e+00   1.0964000e+00   1.1211000e+00  -2.4878000e+00  -1.6436000e+00
   1.1733000e+00   1.4134000e+00   1.2882000e+00   1.3027000e+00  -2.5874000e+00  -1.6695000e+00
   1.2834000e+00   1.5543000e+00   1.4014000e+00   1.4149000e+00  -2.2676000e+00  -1.9834000e+00
   1.5624000e+00   1.8116000e+00   1.6779000e+00   1.6933000e+00  -1.9127000e+00  -2.4278000e+00
   1.8012000e+00   2.0358000e+00   1.9315000e+00   1.9634000e+00  -1.6028000e+00  -2.8077000e+00
   2.1269000e+00   2.3373000e+00   2.2577000e+00   2.3099000e+00  -1.7248000e+00  -2.8653000e+00
   2.4219000e+00   2.6352000e+00   2.5518000e+00   2.6218000e+00  -2.0773000e+00  -2.6776000e+00
   2.6349000e+00   2.8368000e+00   2.7656000e+00   2.8407000e+00  -2.1501000e+00  -2.4496000e+00
   2.7891000e+00   3.0129000e+00   2.9430000e+00   3.0368000e+00  -1.9123000e+00  -2.2368000e+00
   2.9195000e+00   3.1232000e+00   3.0792000e+00   3.1844000e+00  -1.7546000e+00  -2.0747000e+00
   3.0973000e+00   3.2618000e+00   3.2173000e+00   3.3096000e+00  -1.5896000e+00  -1.8853000e+00
   3.3089000e+00   3.4854000e+00   3.3942000e+00   3.4634000e+00  -1.5200000e+00  -1.7461000e+00
   3.4875000e+00   3.6773000e+00   3.5745000e+00   3.6463000e+00  -1.5229000e+00  -1.7106000e+00
   3.6516000e+00   3.8357000e+00   3.7607000e+00   3.8493000e+00  -1.4673000e+00  -1.7100000e+00
   3.6968000e+00   3.9021000e+00   3.8436000e+00   3.9653000e+00  -1.4280000e+00  -1.6230000e+00
   3.7354000e+00   3.9341000e+00   3.8926000e+00   4.0277000e+00  -1.2870000e+00  -1.4259000e+00
   3.8375000e+00   4.0199000e+00   3.9793000e+00   4.1083000e+00  -1.0176000e+00  -1.2078000e+00
   3.9760000e+00   4.1821000e+00   4.0916000e+00   4.2131000e+00  -7.9710000e-01  -1.0734000e+00
   4.0816000e+00   4.2862000e+00   4.1747000e+00   4.2889000e+00  -5.7490000e-01  -1.0044000e+00
   4.1883000e+00   4.3369000e+00   4.2786000e+00   4.4023000e+00  -3.9680000e-01  -9.5430000e-01
   4.2516000e+00   4.3856000e+00   4.3549000e+00   4.5015000e+00  -2.8530000e-01  -8.6150000e-01
   4.2440000e+00   4.3912000e+00   4.3486000e+00   4.5003000e+00  -1.7990000e-01  -7.3520000e-01
   4.2945000e+00   4.4192000e+00   4.3537000e+00   4.4887000e+00  -1.7340000e-01  -7.0700000e-01
   4.3334000e+00   4.4389000e+00   4.3479000e+00   4.4480000e+00  -2.1630000e-01  -7.4860000e-01
   4.3072000e+00   4.4502000e+00   4.3474000e+00   4.4344000e+00  -2.2520000e-01  -7.9480000e-01
   4.2160000e+00   4.3505000e+00   4.2688000e+00   4.3781000e+00  -2.0140000e-01  -7.9230000e-01
   4.1882000e+00   4.2316000e+00   4.2076000e+00   4.2933000e+00  -1.6570000e-01  -6.5570000e-01
   4.0525000e+00   4.1725000e+00   4.1629000e+00   4.2501000e+00  -1.2030000e-01  -2.3120000e-01
   3.9149000e+00   4.0675000e+00   4.0556000e+00   4.1706000e+00   5.2070000e-01   4.8990000e-01
   3.8184000e+00   3.9401000e+00   3.9312000e+00   4.0274000e+00   1.9270000e+00   1.3505000e+00
   3.7270000e+00   3.8328000e+00   3.8266000e+00   3.9084000e+00   2.4027000e+00   2.1756000e+00
   3.6417000e+00   3.7206000e+00   3.7393000e+00   3.8157000e+00   2.3950000e+00   2.5228000e+00
   3.5972000e+00   3.6535000e+00   3.7063000e+00   3.7890000e+00   3.5014000e+00   2.7606000e+00
   3.6007000e+00   3.6060000e+00   3.6966000e+00   3.7734000e+00   4.3467000e+00   4.9355000e+00
   3.6194000e+00   3.6267000e+00   3.7001000e+00   3.7672000e+00   4.2837000e+00   4.8214000e+00
   3.4678000e+00   3.6367000e+00   3.6184000e+00   3.7080000e+00   4.0039000e+00   4.5162000e+00
   3.2591000e+00   3.4712000e+00   3.4227000e+00   3.5120000e+00   3.5938000e+00   3.6157000e+00
   3.1225000e+00   3.3153000e+00   3.2760000e+00   3.3309000e+00   2.6000000e+00   3.0991000e+00
   2.8888000e+00   3.2706000e+00   3.1791000e+00   3.2655000e+00   2.6907000e+00   2.3292000e+00
   2.5831000e+00   3.1184000e+00   2.9520000e+00   3.0651000e+00   3.3074000e+00   2.5813000e+00
   2.2766000e+00   2.7977000e+00   2.6078000e+00   2.6727000e+00   3.2932000e+00   3.0584000e+00
   2.2846000e+00   2.6653000e+00   2.4672000e+00   2.4424000e+00   2.6590000e+00   2.9708000e+00
   2.3976000e+00   2.6985000e+00   2.5134000e+00   2.4454000e+00   2.6242000e+00   2.8250000e+00
   2.2748000e+00   2.5526000e+00   2.4460000e+00   2.3804000e+00   2.4656000e+00   2.1210000e+00
   2.2190000e+00   2.3882000e+00   2.4411000e+00   2.4463000e+00   2.1767000e+00   1.9761000e+00
   1.6090000e+00   1.8926000e+00   1.9965000e+00   2.1153000e+00   1.9776000e+00   2.0060000e+00
   1.1978000e+00   1.5212000e+00   1.6349000e+00   1.7195000e+00   1.7252000e+00   1.8270000e+00
   1.1182000e+00   1.4044000e+00   1.5019000e+00   1.4461000e+00   1.5066000e+00   1.3914000e+00
   1.1368000e+00   1.4165000e+00   1.4928000e+00   1.3437000e+00   9.8750000e-01   9.8070000e-01
   6.8510000e-01   1.1552000e+00   1.1805000e+00   1.0308000e+00   5.0120000e-01   5.8620000e-01
   9.4300000e-02   6.6660000e-01   5.7390000e-01   2.8520000e-01   2.2930000e-01   3.6240000e-01
   1.1900000e-02   5.6110000e-01   3.7090000e-01  -6.4000000e-03  -2.0300000e-01   2.5960000e-01
  -4.1280000e-01   1.3470000e-01  -2.0650000e-01  -4.9270000e-01  -4.9430000e-01  -1.3200000e-02
  -9.7340000e-01  -4.9610000e-01  -9.0310000e-01  -1.1106000e+00  -6.7080000e-01  -3.6740000e-01
  -1.7018000e+00  -1.2226000e+00  -1.5804000e+00  -1.6273000e+00  -9.9100000e-01  -8.2740000e-01
  -2.3748000e+00  -1.9317000e+00  -2.1124000e+00  -1.9780000e+00  -1.0554000e+00  -1.2078000e+00
  -2.8105000e+00  -2.2595000e+00  -2.4128000e+00  -2.1483000e+00  -8.4300000e-01  -1.2427000e+00
  -3.2313000e+00  -2.6477000e+00  -2.8497000e+00  -2.5083000e+00  -1.2704000e+00  -1.2739000e+00
  -3.5394000e+00  -3.1317000e+00  -3.2073000e+00  -2.8654000e+00  -7.4180000e-01  -1.0180000e+00
  -3.8272000e+00  -3.5828000e+00  -3.5158000e+00  -3.2216000e+00  -6.3470000e-01  -1.2308000e+00
  -4.3942000e+00  -3.9840000e+00  -4.0322000e+00  -3.9368000e+00  -7.7240000e-01  -2.2082000e+00
  -4.6451000e+00  -4.5339000e+00  -4.5339000e+00  -4.6292000e+00  -1.0896000e+00  -3.0312000e+00
  -5.0244000e+00  -5.2183000e+00  -5.1073000e+00  -5.1295000e+00  -2.1709000e+00  -3.3711000e+00
  -5.6095000e+00  -5.6445000e+00  -5.4524000e+00  -5.4267000e+00  -3.2511000e+00  -3.3643000e+00
  -5.7404000e+00  -5.9004000e+00  -5.4395000e+00  -5.4186000e+00  -3.3173000e+00  -3.1516000e+00
  -5.4432000e+00  -5.8681000e+00  -4.8781000e+00  -4.7872000e+00  -3.5086000e+00  -3.1154000e+00
  -4.7167000e+00  -5.2118000e+00  -4.5269000e+00  -4.6543000e+00  -3.6406000e+00  -3.2097000e+00
  -4.5822000e+00  -4.9913000e+00  -4.5237000e+00  -4.7821000e+00  -3.7610000e+00  -3.2204000e+00
  -5.4875000e+00  -6.0324000e+00  -5.6919000e+00  -6.2079000e+00  -3.7608000e+00  -3.4837000e+00
  -5.2142000e+00  -6.4301000e+00  -5.8787000e+00  -6.6724000e+00  -3.8790000e+00  -4.1897000e+00
  -5.9238000e+00  -8.4201000e+00  -6.7171000e+00  -7.6674000e+00  -3.8747000e+00  -4.3382000e+00
   9.9520000e-01  -2.0294000e+00   4.1920000e-01   5.3030000e-01  -4.5957000e+00  -5.0899000e+00
  -7.8590000e-01  -2.5780000e-01  -5.5300000e-01  -6.1300000e-01  -5.2573000e+00  -5.5015000e+00
   2.1740000e-01   4.8770000e-01  -1.4210000e-01  -5.1910000e-01  -5.2941000e+00  -5.5655000e+00
   9.3870000e-01   7.2150000e-01   3.5860000e-01  -6.0500000e-02  -5.3347000e+00  -5.8840000e+00
   1.2290000e-01   1.7920000e-01  -1.4540000e-01  -3.1490000e-01  -5.1264000e+00  -5.9478000e+00
   1.5361000e+00   1.4677000e+00   9.6340000e-01   3.9810000e-01  -5.0338000e+00  -5.4375000e+00
   2.4150000e-01   2.6140000e-01  -5.3200000e-02  -1.7400000e-02  -4.5522000e+00  -5.1694000e+00
   1.8970000e-01   1.5580000e-01  -1.6200000e-02   1.6100000e-02  -4.5100000e+00  -5.3632000e+00
  -1.2056000e+00  -6.4840000e-01  -1.0275000e+00  -7.6210000e-01  -4.5025000e+00  -5.1944000e+00
  -1.2907000e+00  -1.2443000e+00  -1.4263000e+00  -1.3701000e+00  -4.4214000e+00  -5.5985000e+00
  -1.5129000e+00  -1.4911000e+00  -1.5908000e+00  -1.5358000e+00  -4.3116000e+00  -5.3192000e+00
  -1.4659000e+00  -1.7027000e+00  -1.7728000e+00  -1.8554000e+00  -4.5189000e+00  -6.0877000e+00
  -1.3307000e+00  -1.5985000e+00  -1.5929000e+00  -1.6581000e+00  -4.9740000e+00  -7.1420000e+00
  -1.0258000e+00  -1.2344000e+00  -1.5172000e+00  -1.8484000e+00  -6.1444000e+00  -7.7918000e+00
  -1.3379000e+00  -9.5270000e-01  -1.3796000e+00  -1.5493000e+00  -7.1633000e+00  -7.9398000e+00
  -1.2091000e+00  -1.1606000e+00  -1.2114000e+00  -1.3170000e+00  -7.0436000e+00  -7.3907000e+00
  -1.1458000e+00  -1.0701000e+00  -1.0761000e+00  -1.0049000e+00  -6.5011000e+00  -6.8319000e+00
  -1.7720000e+00  -1.5929000e+00  -1.8269000e+00  -1.7632000e+00  -6.5358000e+00  -6.9390000e+00
  -1.1012000e+00  -9.4720000e-01  -8.6880000e-01  -7.0260000e-01  -5.7316000e+00  -6.6133000e+00
  -1.2373000e+00  -1.3005000e+00  -1.3055000e+00  -1.2299000e+00  -5.5635000e+00  -6.2060000e+00
  -1.4707000e+00  -1.2218000e+00  -1.0802000e+00  -8.2460000e-01  -6.5367000e+00  -6.2022000e+00
  -1.9347000e+00  -2.1062000e+00  -2.1443000e+00  -2.1706000e+00  -7.3761000e+00  -7.2497000e+00
  -1.5710000e+00  -1.6413000e+00  -1.6651000e+00  -1.7204000e+00  -6.6652000e+00  -7.4864000e+00
  -1.6604000e+00  -1.7955000e+00  -1.8171000e+00  -1.9174000e+00  -5.7676000e+00  -6.6521000e+00
  -1.2774000e+00  -1.2839000e+00  -1.4789000e+00  -1.5089000e+00  -5.7036000e+00  -6.5967000e+00
  -1.0969000e+00  -1.0144000e+00  -1.0776000e+00  -1.0387000e+00  -5.6700000e+00  -6.9802000e+00
  -1.6485000e+00  -1.5181000e+00  -1.6737000e+00  -1.6149000e+00  -5.7275000e+00  -6.8299000e+00
  -2.2262000e+00  -2.1442000e+00  -2.0756000e+00  -1.9834000e+00  -6.0355000e+00  -6.7401000e+00
  -2.7269000e+00  -2.7930000e+00  -2.9548000e+00  -3.1497000e+00  -6.2803000e+00  -6.4625000e+00
  -2.7513000e+00  -2.8605000e+00  -2.9391000e+00  -2.9636000e+00  -6.5040000e+00  -7.1269000e+00
  -2.7263000e+00  -2.5794000e+00  -3.0121000e+00  -3.2174000e+00  -6.8688000e+00  -7.0468000e+00
  -3.2907000e+00  -3.0567000e+00  -3.3196000e+00  -3.3243000e+00  -6.9617000e+00  -6.7593000e+00
  -3.7485000e+00  -3.8096000e+00  -3.9771000e+00  -4.0588000e+00  -7.2971000e+00  -7.0386000e+00
  -3.9797000e+00  -3.9949000e+00  -4.1952000e+00  -4.2826000e+00  -7.3969000e+00  -7.4605000e+00
