   1.8064000e+03   1.8041000e+03   1.8066000e+03   1.8063000e+03   1.7998000e+03   1.8128000e+03
   1.7629000e+03   1.7625000e+03   1.7655000e+03   1.7669000e+03   1.7464000e+03   1.7606000e+03
   1.7719000e+03   1.7699000e+03   1.7725000e+03   1.7739000e+03   1.7771000e+03   1.7883000e+03
   1.7559000e+03   1.7544000e+03   1.7562000e+03   1.7560000e+03   1.7356000e+03   1.7422000e+03
   1.7369000e+03   1.7377000e+03   1.7385000e+03   1.7392000e+03   1.7456000e+03   1.7551000e+03
   1.7840000e+03   1.7833000e+03   1.7853000e+03   1.7853000e+03   1.7795000e+03   1.7867000e+03
   1.7770000e+03   1.7710000e+03   1.7756000e+03   1.7751000e+03   1.7829000e+03   1.8010000e+03
   1.7767000e+03   1.7738000e+03   1.7756000e+03   1.7736000e+03   1.8031000e+03   1.8170000e+03
   1.7909000e+03   1.7869000e+03   1.7892000e+03   1.7873000e+03   1.8174000e+03   1.8261000e+03
   1.7758000e+03   1.7721000e+03   1.7724000e+03   1.7710000e+03   1.8188000e+03   1.8356000e+03
   1.8065000e+03   1.8008000e+03   1.8051000e+03   1.8040000e+03   1.8245000e+03   1.8327000e+03
   1.8067000e+03   1.8045000e+03   1.8069000e+03   1.8062000e+03   1.7993000e+03   1.8065000e+03
   1.8197000e+03   1.8178000e+03   1.8177000e+03   1.8158000e+03   1.8117000e+03   1.8262000e+03
   1.8118000e+03   1.8085000e+03   1.8103000e+03   1.8094000e+03   1.7983000e+03   1.8124000e+03
   1.8017000e+03   1.7985000e+03   1.8002000e+03   1.7987000e+03   1.7964000e+03   1.8072000e+03
   1.8150000e+03   1.8116000e+03   1.8134000e+03   1.8126000e+03   1.8013000e+03   1.8108000e+03
   1.8166000e+03   1.8126000e+03   1.8159000e+03   1.8160000e+03   1.8018000e+03   1.8066000e+03
   1.8117000e+03   1.8083000e+03   1.8104000e+03   1.8107000e+03   1.7824000e+03   1.7868000e+03
   1.8136000e+03   1.8106000e+03   1.8112000e+03   1.8109000e+03   1.7983000e+03   1.8057000e+03
   1.8141000e+03   1.8098000e+03   1.8102000e+03   1.8107000e+03   1.7911000e+03   1.7934000e+03
   1.8187000e+03   1.8170000e+03   1.8170000e+03   1.8170000e+03   1.8009000e+03   1.8044000e+03
   1.8283000e+03   1.8262000e+03   1.8267000e+03   1.8264000e+03   1.8203000e+03   1.8216000e+03
   1.8335000e+03   1.8332000e+03   1.8346000e+03   1.8354000e+03   1.8260000e+03   1.8289000e+03
   1.8395000e+03   1.8392000e+03   1.8398000e+03   1.8396000e+03   1.8332000e+03   1.8418000e+03
   1.8466000e+03   1.8465000e+03   1.8475000e+03   1.8478000e+03   1.8317000e+03   1.8408000e+03
   1.8522000e+03   1.8524000e+03   1.8529000e+03   1.8530000e+03   1.8242000e+03   1.8378000e+03
   1.8595000e+03   1.8604000e+03   1.8616000e+03   1.8620000e+03   1.8356000e+03   1.8478000e+03
   1.8696000e+03   1.8719000e+03   1.8727000e+03   1.8746000e+03   1.8519000e+03   1.8634000e+03
   1.8808000e+03   1.8834000e+03   1.8850000e+03   1.8869000e+03   1.8589000e+03   1.8717000e+03
   1.8852000e+03   1.8883000e+03   1.8902000e+03   1.8936000e+03   1.8563000e+03   1.8707000e+03
   1.8816000e+03   1.8844000e+03   1.8869000e+03   1.8903000e+03   1.8548000e+03   1.8705000e+03
   1.8779000e+03   1.8803000e+03   1.8843000e+03   1.8863000e+03   1.8569000e+03   1.8723000e+03
   1.8760000e+03   1.8789000e+03   1.8820000e+03   1.8856000e+03   1.8591000e+03   1.8751000e+03
   1.8750000e+03   1.8788000e+03   1.8813000e+03   1.8854000e+03   1.8617000e+03   1.8795000e+03
   1.8816000e+03   1.8846000e+03   1.8894000e+03   1.8926000e+03   1.8675000e+03   1.8869000e+03
   1.8799000e+03   1.8828000e+03   1.8863000e+03   1.8901000e+03   1.8703000e+03   1.8893000e+03
   1.8811000e+03   1.8862000e+03   1.8880000e+03   1.8919000e+03   1.8621000e+03   1.8841000e+03
   1.8779000e+03   1.8824000e+03   1.8841000e+03   1.8885000e+03   1.8602000e+03   1.8807000e+03
   1.8775000e+03   1.8822000e+03   1.8857000e+03   1.8894000e+03   1.8544000e+03   1.8739000e+03
   1.8617000e+03   1.8648000e+03   1.8684000e+03   1.8725000e+03   1.8385000e+03   1.8549000e+03
   1.8470000e+03   1.8496000e+03   1.8532000e+03   1.8571000e+03   1.8259000e+03   1.8419000e+03
   1.8408000e+03   1.8446000e+03   1.8484000e+03   1.8533000e+03   1.8163000e+03   1.8317000e+03
   1.8354000e+03   1.8390000e+03   1.8431000e+03   1.8478000e+03   1.8110000e+03   1.8259000e+03
   1.8379000e+03   1.8418000e+03   1.8459000e+03   1.8502000e+03   1.8102000e+03   1.8241000e+03
   1.8306000e+03   1.8356000e+03   1.8395000e+03   1.8443000e+03   1.8018000e+03   1.8156000e+03
   1.8213000e+03   1.8251000e+03   1.8294000e+03   1.8346000e+03   1.7913000e+03   1.8047000e+03
   1.8115000e+03   1.8154000e+03   1.8188000e+03   1.8232000e+03   1.7781000e+03   1.7898000e+03
   1.8028000e+03   1.8065000e+03   1.8103000e+03   1.8144000e+03   1.7702000e+03   1.7809000e+03
   1.8019000e+03   1.8050000e+03   1.8088000e+03   1.8131000e+03   1.7701000e+03   1.7796000e+03
   1.7986000e+03   1.8012000e+03   1.8054000e+03   1.8096000e+03   1.7680000e+03   1.7767000e+03
   1.7973000e+03   1.7994000e+03   1.8032000e+03   1.8075000e+03   1.7622000e+03   1.7708000e+03
   1.7982000e+03   1.8005000e+03   1.8051000e+03   1.8122000e+03   1.7543000e+03   1.7633000e+03
   1.7965000e+03   1.8002000e+03   1.8038000e+03   1.8110000e+03   1.7513000e+03   1.7607000e+03
   1.7894000e+03   1.7951000e+03   1.7976000e+03   1.8051000e+03   1.7435000e+03   1.7521000e+03
   1.7879000e+03   1.7974000e+03   1.7964000e+03   1.8017000e+03   1.7381000e+03   1.7474000e+03
   1.7876000e+03   1.7983000e+03   1.7977000e+03   1.8007000e+03   1.7327000e+03   1.7441000e+03
   1.7906000e+03   1.7998000e+03   1.7995000e+03   1.8020000e+03   1.7293000e+03   1.7407000e+03
   1.7874000e+03   1.7960000e+03   1.7957000e+03   1.7983000e+03   1.7266000e+03   1.7396000e+03
   1.7872000e+03   1.7946000e+03   1.7942000e+03   1.7973000e+03   1.7256000e+03   1.7390000e+03
   1.7873000e+03   1.7925000e+03   1.7930000e+03   1.7979000e+03   1.7238000e+03   1.7370000e+03
   1.7896000e+03   1.7923000e+03   1.7930000e+03   1.7977000e+03   1.7227000e+03   1.7357000e+03
   1.7941000e+03   1.7954000e+03   1.7981000e+03   1.8019000e+03   1.7269000e+03   1.7395000e+03
   1.7990000e+03   1.7971000e+03   1.8006000e+03   1.8038000e+03   1.7302000e+03   1.7438000e+03
   1.8120000e+03   1.8105000e+03   1.8128000e+03   1.8148000e+03   1.7404000e+03   1.7539000e+03
   1.8285000e+03   1.8279000e+03   1.8300000e+03   1.8330000e+03   1.7534000e+03   1.7662000e+03
   1.8378000e+03   1.8375000e+03   1.8408000e+03   1.8428000e+03   1.7605000e+03   1.7739000e+03
   1.8503000e+03   1.8502000e+03   1.8543000e+03   1.8569000e+03   1.7691000e+03   1.7835000e+03
   1.8638000e+03   1.8634000e+03   1.8668000e+03   1.8696000e+03   1.7833000e+03   1.7933000e+03
   1.8770000e+03   1.8770000e+03   1.8799000e+03   1.8822000e+03   1.8021000e+03   1.8078000e+03
   1.8914000e+03   1.8904000e+03   1.8972000e+03   1.8999000e+03   1.8150000e+03   1.8196000e+03
   1.9113000e+03   1.9115000e+03   1.9126000e+03   1.9144000e+03   1.8305000e+03   1.8391000e+03
   1.9248000e+03   1.9247000e+03   1.9271000e+03   1.9285000e+03   1.8427000e+03   1.8511000e+03
   1.9350000e+03   1.9347000e+03   1.9376000e+03   1.9403000e+03   1.8512000e+03   1.8596000e+03
   1.9496000e+03   1.9492000e+03   1.9519000e+03   1.9527000e+03   1.8601000e+03   1.8676000e+03
   1.9626000e+03   1.9617000e+03   1.9651000e+03   1.9669000e+03   1.8728000e+03   1.8793000e+03
   1.9719000e+03   1.9707000e+03   1.9746000e+03   1.9762000e+03   1.8865000e+03   1.8933000e+03
   1.9868000e+03   1.9863000e+03   1.9894000e+03   1.9917000e+03   1.8956000e+03   1.9044000e+03
   2.0005000e+03   1.9996000e+03   2.0039000e+03   2.0045000e+03   1.9068000e+03   1.9158000e+03
   2.0134000e+03   2.0131000e+03   2.0166000e+03   2.0193000e+03   1.9186000e+03   1.9278000e+03
   2.0305000e+03   2.0277000e+03   2.0313000e+03   2.0317000e+03   1.9321000e+03   1.9427000e+03
   2.0441000e+03   2.0437000e+03   2.0466000e+03   2.0472000e+03   1.9492000e+03   1.9656000e+03
   2.0629000e+03   2.0613000e+03   2.0636000e+03   2.0640000e+03   1.9658000e+03   1.9829000e+03
   2.0782000e+03   2.0769000e+03   2.0800000e+03   2.0807000e+03   1.9871000e+03   1.9954000e+03
   2.0926000e+03   2.0914000e+03   2.0936000e+03   2.0936000e+03   1.9961000e+03   2.0076000e+03
   2.1072000e+03   2.1071000e+03   2.1083000e+03   2.1090000e+03   2.0083000e+03   2.0216000e+03
   2.1210000e+03   2.1215000e+03   2.1230000e+03   2.1226000e+03   2.0209000e+03   2.0327000e+03
   2.1362000e+03   2.1364000e+03   2.1368000e+03   2.1387000e+03   2.0308000e+03   2.0435000e+03
   2.1219000e+03   2.1234000e+03   2.1244000e+03   2.1268000e+03   2.0159000e+03   2.0290000e+03
   2.1075000e+03   2.1085000e+03   2.1097000e+03   2.1116000e+03   2.0056000e+03   2.0178000e+03
   2.1113000e+03   2.1119000e+03   2.1124000e+03   2.1135000e+03   2.0078000e+03   2.0216000e+03
   2.1156000e+03   2.1159000e+03   2.1169000e+03   2.1177000e+03   2.0137000e+03   2.0285000e+03
   2.1292000e+03   2.1287000e+03   2.1290000e+03   2.1297000e+03   2.0290000e+03   2.0422000e+03
   2.1317000e+03   2.1328000e+03   2.1330000e+03   2.1340000e+03   2.0331000e+03   2.0458000e+03
   2.1287000e+03   2.1313000e+03   2.1319000e+03   2.1319000e+03   2.0326000e+03   2.0444000e+03
   2.1211000e+03   2.1208000e+03   2.1216000e+03   2.1220000e+03   2.0197000e+03   2.0313000e+03
   2.1147000e+03   2.1148000e+03   2.1154000e+03   2.1162000e+03   2.0115000e+03   2.0230000e+03
   2.1189000e+03   2.1187000e+03   2.1196000e+03   2.1207000e+03   2.0152000e+03   2.0262000e+03
   2.1223000e+03   2.1221000e+03   2.1232000e+03   2.1242000e+03   2.0198000e+03   2.0302000e+03
   2.1244000e+03   2.1247000e+03   2.1258000e+03   2.1264000e+03   2.0216000e+03   2.0311000e+03
   2.1360000e+03   2.1362000e+03   2.1375000e+03   2.1385000e+03   2.0211000e+03   2.0317000e+03
   2.1341000e+03   2.1339000e+03   2.1355000e+03   2.1362000e+03   2.0209000e+03   2.0311000e+03
   2.1334000e+03   2.1338000e+03   2.1351000e+03   2.1361000e+03   2.0182000e+03   2.0280000e+03
   2.1354000e+03   2.1362000e+03   2.1377000e+03   2.1402000e+03   2.0177000e+03   2.0261000e+03
   2.1373000e+03   2.1385000e+03   2.1395000e+03   2.1411000e+03   2.0176000e+03   2.0255000e+03
   2.1441000e+03   2.1453000e+03   2.1462000e+03   2.1486000e+03   2.0192000e+03   2.0271000e+03
   2.1459000e+03   2.1476000e+03   2.1479000e+03   2.1493000e+03   2.0219000e+03   2.0295000e+03
   2.1489000e+03   2.1519000e+03   2.1514000e+03   2.1539000e+03   2.0217000e+03   2.0292000e+03
   2.1531000e+03   2.1554000e+03   2.1553000e+03   2.1567000e+03   2.0198000e+03   2.0272000e+03
   2.1551000e+03   2.1574000e+03   2.1576000e+03   2.1594000e+03   2.0185000e+03   2.0264000e+03
   2.1605000e+03   2.1621000e+03   2.1620000e+03   2.1625000e+03   2.0191000e+03   2.0280000e+03
   2.1611000e+03   2.1647000e+03   2.1642000e+03   2.1659000e+03   2.0244000e+03   2.0334000e+03
   2.1943000e+03   2.1957000e+03   2.1960000e+03   2.1975000e+03   2.0530000e+03   2.0628000e+03
   2.2236000e+03   2.2260000e+03   2.2267000e+03   2.2272000e+03   2.0786000e+03   2.0888000e+03
   2.2368000e+03   2.2392000e+03   2.2392000e+03   2.2399000e+03   2.0909000e+03   2.1009000e+03
   2.2454000e+03   2.2460000e+03   2.2468000e+03   2.2482000e+03   2.0958000e+03   2.1050000e+03
   2.2429000e+03   2.2440000e+03   2.2441000e+03   2.2446000e+03   2.0923000e+03   2.1008000e+03
   2.2532000e+03   2.2522000e+03   2.2536000e+03   2.2544000e+03   2.0990000e+03   2.1068000e+03
   2.2662000e+03   2.2697000e+03   2.2686000e+03   2.2688000e+03   2.1126000e+03   2.1206000e+03
   2.2880000e+03   2.2907000e+03   2.2888000e+03   2.2913000e+03   2.1381000e+03   2.1452000e+03
   2.3040000e+03   2.3074000e+03   2.3061000e+03   2.3074000e+03   2.1525000e+03   2.1616000e+03
   2.3060000e+03   2.3095000e+03   2.3082000e+03   2.3101000e+03   2.1548000e+03   2.1631000e+03
   2.3088000e+03   2.3129000e+03   2.3115000e+03   2.3137000e+03   2.1578000e+03   2.1662000e+03
   2.3131000e+03   2.3185000e+03   2.3155000e+03   2.3180000e+03   2.1643000e+03   2.1748000e+03
   2.3067000e+03   2.3112000e+03   2.3098000e+03   2.3129000e+03   2.1615000e+03   2.1751000e+03
   2.3145000e+03   2.3198000e+03   2.3181000e+03   2.3212000e+03   2.1703000e+03   2.1825000e+03
   2.3226000e+03   2.3275000e+03   2.3263000e+03   2.3295000e+03   2.1762000e+03   2.1898000e+03
   2.3275000e+03   2.3337000e+03   2.3325000e+03   2.3373000e+03   2.1790000e+03   2.1938000e+03
   2.3302000e+03   2.3368000e+03   2.3349000e+03   2.3387000e+03   2.1803000e+03   2.1954000e+03
   2.3291000e+03   2.3356000e+03   2.3336000e+03   2.3378000e+03   2.1787000e+03   2.1946000e+03
   2.3296000e+03   2.3364000e+03   2.3342000e+03   2.3387000e+03   2.1760000e+03   2.1922000e+03
   2.3297000e+03   2.3366000e+03   2.3340000e+03   2.3379000e+03   2.1726000e+03   2.1890000e+03
   2.3329000e+03   2.3386000e+03   2.3362000e+03   2.3391000e+03   2.1731000e+03   2.1886000e+03
   2.3357000e+03   2.3406000e+03   2.3383000e+03   2.3414000e+03   2.1732000e+03   2.1881000e+03
   2.3350000e+03   2.3405000e+03   2.3383000e+03   2.3424000e+03   2.1719000e+03   2.1857000e+03
   2.3365000e+03   2.3436000e+03   2.3405000e+03   2.3445000e+03   2.1670000e+03   2.1791000e+03
   2.3057000e+03   2.3136000e+03   2.3112000e+03   2.3158000e+03   2.1321000e+03   2.1455000e+03
   2.2773000e+03   2.2849000e+03   2.2841000e+03   2.2887000e+03   2.1009000e+03   2.1144000e+03
   2.2656000e+03   2.2729000e+03   2.2728000e+03   2.2787000e+03   2.0820000e+03   2.0951000e+03
   2.2597000e+03   2.2684000e+03   2.2670000e+03   2.2716000e+03   2.0680000e+03   2.0813000e+03
   2.2613000e+03   2.2724000e+03   2.2697000e+03   2.2752000e+03   2.0613000e+03   2.0743000e+03
   2.2529000e+03   2.2627000e+03   2.2614000e+03   2.2666000e+03   2.0456000e+03   2.0563000e+03
   2.2375000e+03   2.2463000e+03   2.2438000e+03   2.2499000e+03   2.0202000e+03   2.0324000e+03
   2.2149000e+03   2.2243000e+03   2.2225000e+03   2.2274000e+03   1.9874000e+03   1.9995000e+03
   2.1959000e+03   2.2051000e+03   2.2035000e+03   2.2091000e+03   1.9577000e+03   1.9716000e+03
   2.1897000e+03   2.1989000e+03   2.1973000e+03   2.2025000e+03   1.9446000e+03   1.9578000e+03
   2.1844000e+03   2.1935000e+03   2.1921000e+03   2.1971000e+03   1.9309000e+03   1.9459000e+03
   2.1761000e+03   2.1849000e+03   2.1832000e+03   2.1882000e+03   1.9160000e+03   1.9324000e+03
   2.1666000e+03   2.1742000e+03   2.1727000e+03   2.1764000e+03   1.8963000e+03   1.9134000e+03
   2.1455000e+03   2.1540000e+03   2.1518000e+03   2.1579000e+03   1.8719000e+03   1.8907000e+03
   2.1310000e+03   2.1379000e+03   2.1384000e+03   2.1429000e+03   1.8509000e+03   1.8702000e+03
   2.1192000e+03   2.1266000e+03   2.1263000e+03   2.1312000e+03   1.8373000e+03   1.8554000e+03
   2.1124000e+03   2.1188000e+03   2.1182000e+03   2.1232000e+03   1.8275000e+03   1.8447000e+03
   2.1040000e+03   2.1113000e+03   2.1109000e+03   2.1149000e+03   1.8166000e+03   1.8337000e+03
   2.0928000e+03   2.0984000e+03   2.0985000e+03   2.1033000e+03   1.8056000e+03   1.8231000e+03
   2.0781000e+03   2.0849000e+03   2.0849000e+03   2.0897000e+03   1.7917000e+03   1.8077000e+03
   2.0637000e+03   2.0705000e+03   2.0704000e+03   2.0750000e+03   1.7776000e+03   1.7923000e+03
   2.0538000e+03   2.0602000e+03   2.0603000e+03   2.0648000e+03   1.7678000e+03   1.7799000e+03
   2.0489000e+03   2.0543000e+03   2.0540000e+03   2.0590000e+03   1.7610000e+03   1.7733000e+03
   2.0414000e+03   2.0476000e+03   2.0475000e+03   2.0523000e+03   1.7619000e+03   1.7722000e+03
   2.0605000e+03   2.0662000e+03   2.0660000e+03   2.0705000e+03   1.7810000e+03   1.7912000e+03
   2.0790000e+03   2.0842000e+03   2.0845000e+03   2.0875000e+03   1.8005000e+03   1.8092000e+03
   2.0797000e+03   2.0846000e+03   2.0846000e+03   2.0874000e+03   1.8094000e+03   1.8182000e+03
   2.0821000e+03   2.0865000e+03   2.0868000e+03   2.0904000e+03   1.8161000e+03   1.8275000e+03
   2.0795000e+03   2.0834000e+03   2.0844000e+03   2.0866000e+03   1.8178000e+03   1.8291000e+03
   2.0825000e+03   2.0870000e+03   2.0870000e+03   2.0903000e+03   1.8227000e+03   1.8344000e+03
   2.0908000e+03   2.0954000e+03   2.0955000e+03   2.0987000e+03   1.8291000e+03   1.8424000e+03
   2.1047000e+03   2.1104000e+03   2.1101000e+03   2.1127000e+03   1.8439000e+03   1.8582000e+03
   2.1135000e+03   2.1174000e+03   2.1177000e+03   2.1206000e+03   1.8525000e+03   1.8644000e+03
   2.1138000e+03   2.1178000e+03   2.1183000e+03   2.1213000e+03   1.8508000e+03   1.8633000e+03
   2.1157000e+03   2.1197000e+03   2.1201000e+03   2.1238000e+03   1.8536000e+03   1.8645000e+03
   2.1173000e+03   2.1190000e+03   2.1215000e+03   2.1233000e+03   1.8584000e+03   1.8686000e+03
   2.1015000e+03   2.1067000e+03   2.1057000e+03   2.1078000e+03   1.8571000e+03   1.8655000e+03
   2.0988000e+03   2.1034000e+03   2.1038000e+03   2.1070000e+03   1.8562000e+03   1.8623000e+03
   2.1026000e+03   2.1060000e+03   2.1063000e+03   2.1092000e+03   1.8637000e+03   1.8681000e+03
   2.1047000e+03   2.1082000e+03   2.1081000e+03   2.1108000e+03   1.8714000e+03   1.8759000e+03
   2.1114000e+03   2.1140000e+03   2.1144000e+03   2.1170000e+03   1.8814000e+03   1.8863000e+03
   2.1106000e+03   2.1135000e+03   2.1137000e+03   2.1161000e+03   1.8859000e+03   1.8917000e+03
   2.1125000e+03   2.1155000e+03   2.1145000e+03   2.1173000e+03   1.8865000e+03   1.8945000e+03
   2.1062000e+03   2.1103000e+03   2.1111000e+03   2.1128000e+03   1.8832000e+03   1.8930000e+03
   2.1048000e+03   2.1078000e+03   2.1092000e+03   2.1123000e+03   1.8833000e+03   1.8942000e+03
   2.1049000e+03   2.1081000e+03   2.1095000e+03   2.1130000e+03   1.8865000e+03   1.8978000e+03
   2.1034000e+03   2.1064000e+03   2.1080000e+03   2.1116000e+03   1.8864000e+03   1.8991000e+03
   2.1007000e+03   2.1032000e+03   2.1052000e+03   2.1088000e+03   1.8823000e+03   1.8959000e+03
   2.0561000e+03   2.0605000e+03   2.0610000e+03   2.0651000e+03   1.8409000e+03   1.8550000e+03
   2.0116000e+03   2.0134000e+03   2.0160000e+03   2.0204000e+03   1.7990000e+03   1.8114000e+03
   1.9917000e+03   1.9952000e+03   1.9960000e+03   1.9994000e+03   1.7753000e+03   1.7888000e+03
   1.9775000e+03   1.9810000e+03   1.9820000e+03   1.9852000e+03   1.7606000e+03   1.7740000e+03
   1.9764000e+03   1.9806000e+03   1.9809000e+03   1.9841000e+03   1.7605000e+03   1.7728000e+03
   1.9607000e+03   1.9627000e+03   1.9640000e+03   1.9669000e+03   1.7468000e+03   1.7601000e+03
   1.9315000e+03   1.9340000e+03   1.9363000e+03   1.9377000e+03   1.7257000e+03   1.7401000e+03
   1.8946000e+03   1.8963000e+03   1.8978000e+03   1.9000000e+03   1.6870000e+03   1.7032000e+03
   1.8647000e+03   1.8671000e+03   1.8681000e+03   1.8700000e+03   1.6582000e+03   1.6743000e+03
   1.8528000e+03   1.8545000e+03   1.8553000e+03   1.8572000e+03   1.6442000e+03   1.6621000e+03
   1.8425000e+03   1.8435000e+03   1.8434000e+03   1.8461000e+03   1.6325000e+03   1.6504000e+03
   1.8282000e+03   1.8292000e+03   1.8301000e+03   1.8327000e+03   1.6159000e+03   1.6323000e+03
   1.8254000e+03   1.8285000e+03   1.8293000e+03   1.8331000e+03   1.6037000e+03   1.6212000e+03
   1.8052000e+03   1.8090000e+03   1.8105000e+03   1.8142000e+03   1.5826000e+03   1.5992000e+03
   1.7834000e+03   1.7866000e+03   1.7881000e+03   1.7910000e+03   1.5569000e+03   1.5727000e+03
   1.7650000e+03   1.7680000e+03   1.7686000e+03   1.7733000e+03   1.5339000e+03   1.5492000e+03
   1.7472000e+03   1.7496000e+03   1.7510000e+03   1.7544000e+03   1.5139000e+03   1.5265000e+03
   1.7370000e+03   1.7397000e+03   1.7408000e+03   1.7443000e+03   1.5012000e+03   1.5096000e+03
   1.7198000e+03   1.7234000e+03   1.7249000e+03   1.7291000e+03   1.4911000e+03   1.4988000e+03
   1.7047000e+03   1.7077000e+03   1.7084000e+03   1.7121000e+03   1.4851000e+03   1.4881000e+03
   1.6873000e+03   1.6898000e+03   1.6915000e+03   1.6953000e+03   1.4765000e+03   1.4778000e+03
   1.6701000e+03   1.6734000e+03   1.6755000e+03   1.6777000e+03   1.4695000e+03   1.4724000e+03
   1.6642000e+03   1.6673000e+03   1.6678000e+03   1.6717000e+03   1.4702000e+03   1.4760000e+03
   1.6596000e+03   1.6632000e+03   1.6640000e+03   1.6655000e+03   1.4776000e+03   1.4858000e+03
   1.6917000e+03   1.6937000e+03   1.6929000e+03   1.6959000e+03   1.5099000e+03   1.5204000e+03
   1.7187000e+03   1.7202000e+03   1.7210000e+03   1.7224000e+03   1.5298000e+03   1.5456000e+03
   1.7273000e+03   1.7295000e+03   1.7300000e+03   1.7318000e+03   1.5307000e+03   1.5498000e+03
   1.7309000e+03   1.7336000e+03   1.7343000e+03   1.7366000e+03   1.5226000e+03   1.5441000e+03
   1.7207000e+03   1.7235000e+03   1.7243000e+03   1.7269000e+03   1.5051000e+03   1.5270000e+03
   1.7269000e+03   1.7314000e+03   1.7296000e+03   1.7325000e+03   1.4979000e+03   1.5209000e+03
   1.7314000e+03   1.7381000e+03   1.7348000e+03   1.7380000e+03   1.4973000e+03   1.5170000e+03
   1.7385000e+03   1.7434000e+03   1.7407000e+03   1.7434000e+03   1.5081000e+03   1.5250000e+03
   1.7395000e+03   1.7429000e+03   1.7416000e+03   1.7445000e+03   1.5151000e+03   1.5280000e+03
   1.7221000e+03   1.7252000e+03   1.7267000e+03   1.7297000e+03   1.5096000e+03   1.5187000e+03
   1.7109000e+03   1.7156000e+03   1.7158000e+03   1.7205000e+03   1.5033000e+03   1.5139000e+03
   1.6994000e+03   1.7036000e+03   1.7057000e+03   1.7125000e+03   1.4994000e+03   1.5111000e+03
   1.6649000e+03   1.6704000e+03   1.6712000e+03   1.6768000e+03   1.4833000e+03   1.4985000e+03
   1.6413000e+03   1.6485000e+03   1.6481000e+03   1.6536000e+03   1.4691000e+03   1.4814000e+03
   1.6331000e+03   1.6370000e+03   1.6363000e+03   1.6408000e+03   1.4602000e+03   1.4750000e+03
   1.6246000e+03   1.6276000e+03   1.6287000e+03   1.6325000e+03   1.4548000e+03   1.4627000e+03
   1.6198000e+03   1.6239000e+03   1.6254000e+03   1.6296000e+03   1.4457000e+03   1.4577000e+03
   1.6017000e+03   1.6078000e+03   1.6081000e+03   1.6139000e+03   1.4307000e+03   1.4415000e+03
   1.5746000e+03   1.5818000e+03   1.5828000e+03   1.5882000e+03   1.4214000e+03   1.4345000e+03
   1.5448000e+03   1.5511000e+03   1.5515000e+03   1.5549000e+03   1.3937000e+03   1.4044000e+03
   1.5397000e+03   1.5441000e+03   1.5435000e+03   1.5494000e+03   1.3713000e+03   1.3903000e+03
   1.5303000e+03   1.5387000e+03   1.5379000e+03   1.5438000e+03   1.3618000e+03   1.3829000e+03
   1.5156000e+03   1.5225000e+03   1.5230000e+03   1.5292000e+03   1.3522000e+03   1.3755000e+03
   1.4986000e+03   1.5065000e+03   1.5058000e+03   1.5123000e+03   1.3297000e+03   1.3563000e+03
   1.4528000e+03   1.4606000e+03   1.4618000e+03   1.4698000e+03   1.3049000e+03   1.3260000e+03
   1.4127000e+03   1.4201000e+03   1.4212000e+03   1.4275000e+03   1.2666000e+03   1.2806000e+03
   1.3986000e+03   1.4054000e+03   1.4050000e+03   1.4120000e+03   1.2461000e+03   1.2668000e+03
   1.3754000e+03   1.3810000e+03   1.3801000e+03   1.3852000e+03   1.2288000e+03   1.2480000e+03
   1.3592000e+03   1.3677000e+03   1.3693000e+03   1.3757000e+03   1.2037000e+03   1.2271000e+03
   1.3255000e+03   1.3341000e+03   1.3342000e+03   1.3408000e+03   1.1618000e+03   1.1958000e+03
   1.2875000e+03   1.2940000e+03   1.2967000e+03   1.3037000e+03   1.1294000e+03   1.1585000e+03
   1.2673000e+03   1.2705000e+03   1.2745000e+03   1.2809000e+03   1.0798000e+03   1.1125000e+03
   1.2452000e+03   1.2426000e+03   1.2527000e+03   1.2559000e+03   1.0573000e+03   1.0779000e+03
   1.2395000e+03   1.2422000e+03   1.2435000e+03   1.2475000e+03   1.0348000e+03   1.0529000e+03
   1.2236000e+03   1.2347000e+03   1.2348000e+03   1.2452000e+03   1.0083000e+03   1.0234000e+03
   1.1999000e+03   1.2091000e+03   1.2105000e+03   1.2209000e+03   9.6345000e+02   9.7467000e+02
   1.1726000e+03   1.1884000e+03   1.1855000e+03   1.1949000e+03   9.4090000e+02   9.5248000e+02
   1.1392000e+03   1.1511000e+03   1.1534000e+03   1.1612000e+03   9.3490000e+02   9.4030000e+02
   1.1058000e+03   1.1178000e+03   1.1209000e+03   1.1321000e+03   9.1117000e+02   9.1417000e+02
   1.0966000e+03   1.1000000e+03   1.1045000e+03   1.1098000e+03   8.7025000e+02   8.9058000e+02
   1.0814000e+03   1.0949000e+03   1.0914000e+03   1.1005000e+03   8.5832000e+02   8.6873000e+02
   1.0657000e+03   1.0810000e+03   1.0799000e+03   1.0907000e+03   8.3880000e+02   8.5268000e+02
   1.0412000e+03   1.0531000e+03   1.0512000e+03   1.0581000e+03   8.1724000e+02   8.2323000e+02
   1.0305000e+03   1.0364000e+03   1.0390000e+03   1.0454000e+03   7.8617000e+02   7.9622000e+02
   1.0327000e+03   1.0376000e+03   1.0392000e+03   1.0440000e+03   7.6537000e+02   7.6675000e+02
   1.0247000e+03   1.0264000e+03   1.0292000e+03   1.0344000e+03   7.4563000e+02   7.3316000e+02
   1.0026000e+03   1.0089000e+03   1.0126000e+03   1.0239000e+03   7.2127000e+02   7.0914000e+02
   9.7490000e+02   9.9299000e+02   9.8813000e+02   9.9575000e+02   7.2551000e+02   6.9248000e+02
   9.9719000e+02   1.0141000e+03   1.0046000e+03   1.0057000e+03   7.7213000e+02   7.4693000e+02
   9.8364000e+02   9.9399000e+02   9.9440000e+02   1.0059000e+03   7.4967000e+02   7.2401000e+02
   9.6467000e+02   9.6783000e+02   9.6163000e+02   9.6921000e+02   7.3977000e+02   7.1082000e+02
   9.5026000e+02   9.6197000e+02   9.5291000e+02   9.4993000e+02   7.4136000e+02   6.9668000e+02
   9.2143000e+02   9.2684000e+02   9.2118000e+02   9.1898000e+02   7.3341000e+02   7.0472000e+02
   9.0232000e+02   9.0927000e+02   9.1076000e+02   9.1041000e+02   7.1796000e+02   6.9459000e+02
   8.7869000e+02   8.8457000e+02   8.8110000e+02   8.8069000e+02   7.0893000e+02   7.0855000e+02
   8.8009000e+02   8.8626000e+02   8.8543000e+02   8.9200000e+02   7.2596000e+02   7.1935000e+02
   8.8499000e+02   8.9117000e+02   8.8379000e+02   8.8514000e+02   7.2501000e+02   6.8935000e+02
   8.6667000e+02   8.7919000e+02   8.7061000e+02   8.7123000e+02   7.0034000e+02   6.8406000e+02
   8.8546000e+02   8.9221000e+02   8.8615000e+02   8.8420000e+02   6.8309000e+02   6.2425000e+02
   8.7755000e+02   8.9175000e+02   8.8374000e+02   8.8645000e+02   6.4865000e+02   6.0655000e+02
   8.3500000e+02   8.2247000e+02   8.1531000e+02   8.1497000e+02   6.3071000e+02   6.0901000e+02
   8.5373000e+02   8.4550000e+02   8.3325000e+02   8.1918000e+02   6.1295000e+02   5.9562000e+02
   8.2609000e+02   8.1474000e+02   8.2384000e+02   8.2994000e+02   6.2276000e+02   5.9091000e+02
   8.3647000e+02   8.2333000e+02   8.3649000e+02   8.4178000e+02   6.3012000e+02   6.2632000e+02
   8.2360000e+02   8.3114000e+02   8.2477000e+02   8.3409000e+02   7.1715000e+02   6.6397000e+02
   7.6408000e+02   8.1971000e+02   8.1249000e+02   8.2587000e+02   6.9770000e+02   6.8004000e+02
   6.8897000e+02   7.3013000e+02   7.1128000e+02   7.2568000e+02   6.7966000e+02   7.0047000e+02
   6.5999000e+02   6.6326000e+02   6.6790000e+02   6.7749000e+02   6.3383000e+02   6.5437000e+02
   6.6932000e+02   6.6217000e+02   6.7351000e+02   6.7402000e+02   6.7012000e+02   6.1792000e+02
   6.6887000e+02   6.8753000e+02   6.7944000e+02   6.7707000e+02   5.9991000e+02   5.5004000e+02
   6.2738000e+02   6.4430000e+02   6.3240000e+02   6.3164000e+02   5.9939000e+02   5.6503000e+02
   6.0239000e+02   5.9488000e+02   6.0320000e+02   6.0796000e+02   6.2755000e+02   6.0166000e+02
   5.8011000e+02   5.6550000e+02   5.8422000e+02   5.8886000e+02   6.3703000e+02   6.0758000e+02
   5.0135000e+02   4.9440000e+02   4.9946000e+02   5.0082000e+02   6.0850000e+02   6.0798000e+02
   4.7537000e+02   4.7860000e+02   4.7411000e+02   4.7186000e+02   6.0362000e+02   6.0952000e+02
   4.4033000e+02   4.3142000e+02   4.4779000e+02   4.5721000e+02   6.2898000e+02   6.2488000e+02
   4.5185000e+02   4.4160000e+02   4.4171000e+02   4.3260000e+02   6.6410000e+02   6.4183000e+02
   4.4874000e+02   4.4781000e+02   4.4648000e+02   4.4339000e+02   6.6992000e+02   6.4028000e+02
   4.1703000e+02   4.1325000e+02   4.0564000e+02   3.9768000e+02   6.6452000e+02   6.3541000e+02
   3.8644000e+02   3.7670000e+02   3.7819000e+02   3.7235000e+02   6.5190000e+02   6.2841000e+02
   3.6361000e+02   3.6236000e+02   3.5451000e+02   3.4864000e+02   6.5244000e+02   6.2061000e+02
   3.6801000e+02   3.5891000e+02   3.5431000e+02   3.4539000e+02   6.5892000e+02   6.3082000e+02
   3.9898000e+02   3.8868000e+02   3.8431000e+02   3.7647000e+02   6.6663000e+02   6.4790000e+02
   4.1743000e+02   4.0914000e+02   4.0493000e+02   3.9526000e+02   6.7703000e+02   6.5710000e+02
   4.6242000e+02   4.5294000e+02   4.5068000e+02   4.4152000e+02   6.9492000e+02   6.7855000e+02
   4.8273000e+02   4.7384000e+02   4.7382000e+02   4.6756000e+02   7.0651000e+02   6.9216000e+02
   5.0107000e+02   4.9483000e+02   4.9444000e+02   4.8990000e+02   7.0510000e+02   6.9524000e+02
   5.2463000e+02   5.1735000e+02   5.1609000e+02   5.1117000e+02   7.1520000e+02   7.0761000e+02
   5.3340000e+02   5.2955000e+02   5.2868000e+02   5.2472000e+02   7.2678000e+02   7.1949000e+02
   5.5859000e+02   5.5162000e+02   5.5284000e+02   5.4982000e+02   7.4590000e+02   7.4191000e+02
   5.8657000e+02   5.7910000e+02   5.8015000e+02   5.7564000e+02   7.7571000e+02   7.7309000e+02
   6.2437000e+02   6.1511000e+02   6.1628000e+02   6.1089000e+02   8.1451000e+02   8.0986000e+02
   6.4980000e+02   6.4411000e+02   6.4428000e+02   6.4127000e+02   8.4412000e+02   8.3512000e+02
   6.6931000e+02   6.6427000e+02   6.6505000e+02   6.6140000e+02   8.6163000e+02   8.4848000e+02
   6.8344000e+02   6.7843000e+02   6.7829000e+02   6.7528000e+02   8.7218000e+02   8.5698000e+02
   6.9710000e+02   6.9279000e+02   6.9238000e+02   6.9020000e+02   8.8536000e+02   8.7342000e+02
   7.4285000e+02   7.3670000e+02   7.3770000e+02   7.3404000e+02   9.1020000e+02   8.9957000e+02
   7.8523000e+02   7.7926000e+02   7.7999000e+02   7.7603000e+02   9.3825000e+02   9.2958000e+02
   8.1360000e+02   8.0778000e+02   8.1013000e+02   8.0658000e+02   9.5732000e+02   9.5459000e+02
   8.3896000e+02   8.3312000e+02   8.3432000e+02   8.3215000e+02   9.6951000e+02   9.7092000e+02
   8.4870000e+02   8.4407000e+02   8.4609000e+02   8.4414000e+02   9.7882000e+02   9.7664000e+02
   8.5737000e+02   8.5262000e+02   8.5652000e+02   8.5562000e+02   9.9507000e+02   9.8620000e+02
   8.7150000e+02   8.6961000e+02   8.7057000e+02   8.6909000e+02   1.0191000e+03   1.0064000e+03
   8.9824000e+02   8.9632000e+02   8.9813000e+02   8.9880000e+02   1.0472000e+03   1.0368000e+03
   9.1971000e+02   9.1942000e+02   9.2053000e+02   9.2107000e+02   1.0746000e+03   1.0638000e+03
   9.3500000e+02   9.3479000e+02   9.3540000e+02   9.3522000e+02   1.0882000e+03   1.0762000e+03
   9.6018000e+02   9.5872000e+02   9.6077000e+02   9.6042000e+02   1.0986000e+03   1.0860000e+03
   9.9009000e+02   9.9092000e+02   9.9202000e+02   9.9294000e+02   1.1152000e+03   1.0979000e+03
   1.0010000e+03   1.0035000e+03   1.0052000e+03   1.0063000e+03   1.1159000e+03   1.1011000e+03
   1.0207000e+03   1.0240000e+03   1.0241000e+03   1.0246000e+03   1.1108000e+03   1.1033000e+03
   1.0396000e+03   1.0418000e+03   1.0431000e+03   1.0440000e+03   1.1132000e+03   1.1101000e+03
   1.0534000e+03   1.0575000e+03   1.0573000e+03   1.0592000e+03   1.1164000e+03   1.1155000e+03
   1.0674000e+03   1.0742000e+03   1.0725000e+03   1.0739000e+03   1.1259000e+03   1.1245000e+03
   1.0800000e+03   1.0864000e+03   1.0859000e+03   1.0864000e+03   1.1300000e+03   1.1283000e+03
   1.0963000e+03   1.1026000e+03   1.1014000e+03   1.1033000e+03   1.1255000e+03   1.1260000e+03
   1.1055000e+03   1.1136000e+03   1.1117000e+03   1.1145000e+03   1.1218000e+03   1.1220000e+03
   1.1157000e+03   1.1257000e+03   1.1235000e+03   1.1266000e+03   1.1224000e+03   1.1218000e+03
   1.1238000e+03   1.1340000e+03   1.1316000e+03   1.1353000e+03   1.1244000e+03   1.1236000e+03
   1.1298000e+03   1.1399000e+03   1.1378000e+03   1.1421000e+03   1.1223000e+03   1.1195000e+03
   1.1290000e+03   1.1403000e+03   1.1368000e+03   1.1407000e+03   1.1169000e+03   1.1126000e+03
   1.1066000e+03   1.1174000e+03   1.1149000e+03   1.1185000e+03   1.0850000e+03   1.0806000e+03
   1.0822000e+03   1.0921000e+03   1.0902000e+03   1.0938000e+03   1.0593000e+03   1.0549000e+03
   1.0707000e+03   1.0806000e+03   1.0785000e+03   1.0819000e+03   1.0432000e+03   1.0389000e+03
   1.0600000e+03   1.0691000e+03   1.0676000e+03   1.0711000e+03   1.0350000e+03   1.0263000e+03
   1.0616000e+03   1.0705000e+03   1.0689000e+03   1.0725000e+03   1.0330000e+03   1.0215000e+03
   1.0527000e+03   1.0618000e+03   1.0601000e+03   1.0640000e+03   1.0203000e+03   1.0078000e+03
   1.0365000e+03   1.0449000e+03   1.0437000e+03   1.0475000e+03   1.0024000e+03   9.8861000e+02
   1.0161000e+03   1.0224000e+03   1.0209000e+03   1.0253000e+03   9.7204000e+02   9.5860000e+02
   9.9551000e+02   1.0039000e+03   1.0018000e+03   1.0049000e+03   9.4707000e+02   9.3190000e+02
   9.9010000e+02   9.9730000e+02   9.9468000e+02   9.9809000e+02   9.3450000e+02   9.2030000e+02
   9.8414000e+02   9.9196000e+02   9.8813000e+02   9.9098000e+02   9.2637000e+02   9.1041000e+02
   9.7639000e+02   9.8128000e+02   9.7928000e+02   9.8163000e+02   9.1725000e+02   9.0481000e+02
   9.9398000e+02   9.9881000e+02   9.9630000e+02   1.0009000e+03   9.1960000e+02   9.0869000e+02
   9.9495000e+02   1.0002000e+03   9.9887000e+02   1.0013000e+03   9.2211000e+02   9.1622000e+02
   9.9379000e+02   9.9862000e+02   9.9693000e+02   9.9942000e+02   9.2247000e+02   9.1415000e+02
   9.9085000e+02   9.9280000e+02   9.9256000e+02   9.9454000e+02   9.1212000e+02   9.0752000e+02
   9.8887000e+02   9.8955000e+02   9.8846000e+02   9.9032000e+02   9.1158000e+02   9.0643000e+02
   9.8818000e+02   9.8971000e+02   9.8913000e+02   9.9076000e+02   9.0889000e+02   9.0345000e+02
   9.8725000e+02   9.8719000e+02   9.8677000e+02   9.8920000e+02   9.0829000e+02   9.0200000e+02
   9.9562000e+02   9.9392000e+02   9.9545000e+02   9.9713000e+02   9.1267000e+02   9.0921000e+02
   9.9779000e+02   9.9672000e+02   9.9709000e+02   9.9838000e+02   9.1006000e+02   9.0707000e+02
   9.9790000e+02   9.9648000e+02   9.9663000e+02   9.9744000e+02   9.0813000e+02   9.0771000e+02
   1.0012000e+03   1.0005000e+03   1.0003000e+03   1.0015000e+03   9.1498000e+02   9.1155000e+02
   1.0096000e+03   1.0082000e+03   1.0090000e+03   1.0096000e+03   9.2656000e+02   9.2592000e+02
   1.0399000e+03   1.0390000e+03   1.0401000e+03   1.0406000e+03   9.5075000e+02   9.5219000e+02
   1.0692000e+03   1.0687000e+03   1.0703000e+03   1.0692000e+03   9.7889000e+02   9.8115000e+02
   1.0843000e+03   1.0839000e+03   1.0836000e+03   1.0839000e+03   9.9357000e+02   1.0004000e+03
   1.0860000e+03   1.0856000e+03   1.0858000e+03   1.0861000e+03   1.0099000e+03   1.0152000e+03
   1.0809000e+03   1.0815000e+03   1.0806000e+03   1.0813000e+03   1.0187000e+03   1.0135000e+03
   1.0855000e+03   1.0849000e+03   1.0857000e+03   1.0860000e+03   1.0236000e+03   1.0236000e+03
   1.0999000e+03   1.0986000e+03   1.1005000e+03   1.1011000e+03   1.0317000e+03   1.0358000e+03
   1.1178000e+03   1.1162000e+03   1.1192000e+03   1.1199000e+03   1.0492000e+03   1.0522000e+03
   1.1429000e+03   1.1407000e+03   1.1429000e+03   1.1441000e+03   1.0640000e+03   1.0672000e+03
   1.1526000e+03   1.1504000e+03   1.1521000e+03   1.1527000e+03   1.0726000e+03   1.0751000e+03
   1.1598000e+03   1.1581000e+03   1.1596000e+03   1.1600000e+03   1.0794000e+03   1.0783000e+03
   1.1635000e+03   1.1640000e+03   1.1646000e+03   1.1652000e+03   1.0858000e+03   1.0875000e+03
   1.1525000e+03   1.1523000e+03   1.1519000e+03   1.1523000e+03   1.0845000e+03   1.0865000e+03
   1.1404000e+03   1.1411000e+03   1.1398000e+03   1.1400000e+03   1.0744000e+03   1.0768000e+03
   1.1361000e+03   1.1373000e+03   1.1366000e+03   1.1369000e+03   1.0761000e+03   1.0814000e+03
   1.1379000e+03   1.1372000e+03   1.1386000e+03   1.1393000e+03   1.0820000e+03   1.0874000e+03
   1.1453000e+03   1.1463000e+03   1.1461000e+03   1.1469000e+03   1.0922000e+03   1.0996000e+03
   1.1389000e+03   1.1397000e+03   1.1395000e+03   1.1404000e+03   1.0985000e+03   1.1078000e+03
   1.1381000e+03   1.1381000e+03   1.1395000e+03   1.1400000e+03   1.1075000e+03   1.1082000e+03
   1.1339000e+03   1.1340000e+03   1.1351000e+03   1.1360000e+03   1.1058000e+03   1.1061000e+03
   1.1312000e+03   1.1310000e+03   1.1321000e+03   1.1326000e+03   1.1045000e+03   1.1095000e+03
   1.1354000e+03   1.1353000e+03   1.1364000e+03   1.1371000e+03   1.1112000e+03   1.1188000e+03
   1.1337000e+03   1.1348000e+03   1.1348000e+03   1.1352000e+03   1.1128000e+03   1.1210000e+03
   1.1370000e+03   1.1350000e+03   1.1369000e+03   1.1370000e+03   1.1135000e+03   1.1203000e+03
   1.1151000e+03   1.1128000e+03   1.1144000e+03   1.1145000e+03   1.0871000e+03   1.0945000e+03
   1.0874000e+03   1.0869000e+03   1.0870000e+03   1.0871000e+03   1.0621000e+03   1.0701000e+03
