  -1.8123000e+01  -1.8030800e+01  -1.8062800e+01  -1.8029300e+01  -1.7271200e+01  -1.7320900e+01
  -1.8059900e+01  -1.7970500e+01  -1.8000700e+01  -1.7964800e+01  -1.7329500e+01  -1.7365700e+01
  -1.7923900e+01  -1.7861300e+01  -1.7888100e+01  -1.7852400e+01  -1.7372300e+01  -1.7410000e+01
  -1.7784400e+01  -1.7754800e+01  -1.7778500e+01  -1.7743500e+01  -1.7416900e+01  -1.7460300e+01
  -1.7650400e+01  -1.7656500e+01  -1.7676800e+01  -1.7626100e+01  -1.7463300e+01  -1.7514000e+01
  -1.7583600e+01  -1.7557300e+01  -1.7581300e+01  -1.7510500e+01  -1.7513800e+01  -1.7571300e+01
  -1.7551200e+01  -1.7455000e+01  -1.7501500e+01  -1.7418400e+01  -1.7569800e+01  -1.7626300e+01
  -1.7558900e+01  -1.7381400e+01  -1.7446900e+01  -1.7349000e+01  -1.7623200e+01  -1.7686800e+01
  -1.7607600e+01  -1.7342700e+01  -1.7442500e+01  -1.7312600e+01  -1.7669400e+01  -1.7734500e+01
  -1.7673800e+01  -1.7373700e+01  -1.7491000e+01  -1.7328700e+01  -1.7708000e+01  -1.7765600e+01
  -1.7711800e+01  -1.7473600e+01  -1.7545800e+01  -1.7409200e+01  -1.7737000e+01  -1.7770500e+01
  -1.7732500e+01  -1.7566800e+01  -1.7593800e+01  -1.7505900e+01  -1.7720500e+01  -1.7749600e+01
  -1.7742200e+01  -1.7612600e+01  -1.7604900e+01  -1.7540000e+01  -1.7692100e+01  -1.7733900e+01
  -1.7756000e+01  -1.7628600e+01  -1.7589400e+01  -1.7512400e+01  -1.7670500e+01  -1.7721900e+01
  -1.7756100e+01  -1.7655400e+01  -1.7596900e+01  -1.7492000e+01  -1.7674000e+01  -1.7710800e+01
  -1.7757400e+01  -1.7698900e+01  -1.7615100e+01  -1.7457700e+01  -1.7718800e+01  -1.7672500e+01
  -1.7758300e+01  -1.7741800e+01  -1.7640400e+01  -1.7465100e+01  -1.7715500e+01  -1.7576500e+01
  -1.7742100e+01  -1.7775000e+01  -1.7654000e+01  -1.7483400e+01  -1.7656600e+01  -1.7513400e+01
  -1.7757700e+01  -1.7792600e+01  -1.7672500e+01  -1.7508500e+01  -1.7718500e+01  -1.7555800e+01
  -1.7963400e+01  -1.7819200e+01  -1.7770000e+01  -1.7597800e+01  -1.7734600e+01  -1.7551800e+01
  -1.8095300e+01  -1.7920700e+01  -1.7916200e+01  -1.7801900e+01  -1.7713600e+01  -1.7465500e+01
  -1.8029000e+01  -1.7924200e+01  -1.7887700e+01  -1.7821800e+01  -1.7547400e+01  -1.7275800e+01
  -1.7852900e+01  -1.7817700e+01  -1.7764200e+01  -1.7720200e+01  -1.7131900e+01  -1.6874700e+01
  -1.7541000e+01  -1.7641700e+01  -1.7572900e+01  -1.7569000e+01  -1.6596200e+01  -1.6356700e+01
  -1.7138100e+01  -1.7411200e+01  -1.7323800e+01  -1.7373900e+01  -1.6016200e+01  -1.5843300e+01
  -1.6666500e+01  -1.7078600e+01  -1.6975200e+01  -1.7091100e+01  -1.5529500e+01  -1.5397300e+01
  -1.6194900e+01  -1.6639300e+01  -1.6555700e+01  -1.6692500e+01  -1.5145300e+01  -1.5005800e+01
  -1.5727200e+01  -1.6195100e+01  -1.6139300e+01  -1.6305900e+01  -1.4752000e+01  -1.4670000e+01
  -1.5274100e+01  -1.5739300e+01  -1.5710300e+01  -1.5914400e+01  -1.4382800e+01  -1.4371100e+01
  -1.4839500e+01  -1.5289900e+01  -1.5290800e+01  -1.5524300e+01  -1.4050500e+01  -1.4094000e+01
  -1.4434800e+01  -1.4855700e+01  -1.4871400e+01  -1.5107700e+01  -1.3735900e+01  -1.3816700e+01
  -1.4041900e+01  -1.4441300e+01  -1.4468000e+01  -1.4694500e+01  -1.3386400e+01  -1.3532300e+01
  -1.3645800e+01  -1.4046700e+01  -1.4077900e+01  -1.4303800e+01  -1.3028700e+01  -1.3246800e+01
  -1.3275500e+01  -1.3661000e+01  -1.3692100e+01  -1.3910100e+01  -1.2688300e+01  -1.2960500e+01
  -1.2942100e+01  -1.3301300e+01  -1.3335600e+01  -1.3528000e+01  -1.2359800e+01  -1.2670800e+01
  -1.2641200e+01  -1.2979300e+01  -1.3013800e+01  -1.3184500e+01  -1.2039100e+01  -1.2368900e+01
  -1.2356300e+01  -1.2686800e+01  -1.2720900e+01  -1.2879700e+01  -1.1704600e+01  -1.2051700e+01
  -1.2075900e+01  -1.2410300e+01  -1.2447000e+01  -1.2605400e+01  -1.1350300e+01  -1.1725100e+01
  -1.1813600e+01  -1.2137300e+01  -1.2182900e+01  -1.2341900e+01  -1.1008200e+01  -1.1396600e+01
  -1.1570900e+01  -1.1875200e+01  -1.1934600e+01  -1.2093600e+01  -1.0682900e+01  -1.1067700e+01
  -1.1336100e+01  -1.1630600e+01  -1.1697800e+01  -1.1861700e+01  -1.0374200e+01  -1.0748900e+01
  -1.1105800e+01  -1.1400800e+01  -1.1466000e+01  -1.1633000e+01  -1.0084000e+01  -1.0441900e+01
  -1.0883600e+01  -1.1181600e+01  -1.1238900e+01  -1.1403800e+01  -9.8013000e+00  -1.0146600e+01
  -1.0670500e+01  -1.0969900e+01  -1.1020500e+01  -1.1175900e+01  -9.5090000e+00  -9.8604000e+00
  -1.0462900e+01  -1.0770800e+01  -1.0813900e+01  -1.0955400e+01  -9.2415000e+00  -9.5836000e+00
  -1.0258400e+01  -1.0578800e+01  -1.0614800e+01  -1.0746000e+01  -9.0088000e+00  -9.3258000e+00
  -1.0063900e+01  -1.0388500e+01  -1.0419400e+01  -1.0540100e+01  -8.8067000e+00  -9.0902000e+00
  -9.8800000e+00  -1.0199400e+01  -1.0228700e+01  -1.0343900e+01  -8.6266000e+00  -8.8743000e+00
  -9.7115000e+00  -1.0012300e+01  -1.0053000e+01  -1.0178300e+01  -8.4620000e+00  -8.6752000e+00
  -9.5604000e+00  -9.8374000e+00  -9.9014000e+00  -1.0049000e+01  -8.3089000e+00  -8.4916000e+00
  -9.4313000e+00  -9.6795000e+00  -9.7968000e+00  -1.0069800e+01  -8.1665000e+00  -8.3207000e+00
  -9.3313000e+00  -9.5645000e+00  -9.7445000e+00  -1.0315500e+01  -8.0364000e+00  -8.1621000e+00
  -9.2563000e+00  -9.6197000e+00  -9.7172000e+00  -1.0513000e+01  -7.9197000e+00  -8.0171000e+00
  -9.1751000e+00  -9.8812000e+00  -9.7520000e+00  -1.0468700e+01  -7.8165000e+00  -7.8883000e+00
  -9.0574000e+00  -1.0131800e+01  -9.8541000e+00  -1.0314000e+01  -7.7276000e+00  -7.7766000e+00
  -8.9472000e+00  -1.0218300e+01  -9.8922000e+00  -1.0183000e+01  -7.6512000e+00  -7.6834000e+00
  -8.8828000e+00  -1.0203000e+01  -9.8606000e+00  -1.0108200e+01  -7.5850000e+00  -7.6120000e+00
  -8.8496000e+00  -1.0131000e+01  -9.7751000e+00  -1.0068000e+01  -7.5286000e+00  -7.5623000e+00
  -8.8249000e+00  -1.0001300e+01  -9.6564000e+00  -1.0045000e+01  -7.4848000e+00  -7.5325000e+00
  -8.8371000e+00  -9.7853000e+00  -9.5082000e+00  -1.0010400e+01  -7.4598000e+00  -7.5221000e+00
  -8.9427000e+00  -9.5169000e+00  -9.3596000e+00  -9.9079000e+00  -7.4648000e+00  -7.5392000e+00
  -9.0752000e+00  -9.2783000e+00  -9.2570000e+00  -9.7189000e+00  -7.5245000e+00  -7.6098000e+00
  -9.1407000e+00  -9.1231000e+00  -9.2015000e+00  -9.4978000e+00  -7.6225000e+00  -7.7551000e+00
  -9.2211000e+00  -9.0862000e+00  -9.2223000e+00  -9.3479000e+00  -7.7128000e+00  -7.9400000e+00
  -9.2312000e+00  -9.1630000e+00  -9.2930000e+00  -9.3749000e+00  -7.7378000e+00  -8.3431000e+00
  -9.2228000e+00  -9.2028000e+00  -9.3906000e+00  -9.5414000e+00  -7.7362000e+00  -8.9829000e+00
  -9.3242000e+00  -9.2460000e+00  -9.6212000e+00  -9.8039000e+00  -7.7868000e+00  -9.2207000e+00
  -9.7268000e+00  -9.5859000e+00  -9.9326000e+00  -9.9564000e+00  -8.1494000e+00  -9.4024000e+00
  -1.0025700e+01  -1.0039500e+01  -1.0078000e+01  -1.0106300e+01  -8.9071000e+00  -9.3778000e+00
  -1.0264500e+01  -1.0242000e+01  -1.0877100e+01  -1.1247500e+01  -9.4947000e+00  -9.3635000e+00
  -1.1586000e+01  -1.1704300e+01  -1.1800100e+01  -1.1910600e+01  -9.7011000e+00  -9.3645000e+00
  -1.1953000e+01  -1.1990600e+01  -1.2111300e+01  -1.2232800e+01  -9.5751000e+00  -9.2742000e+00
  -1.2560800e+01  -1.2478800e+01  -1.2624100e+01  -1.2641300e+01  -9.4385000e+00  -9.1790000e+00
  -1.2889000e+01  -1.2737200e+01  -1.3013000e+01  -1.3134000e+01  -9.2996000e+00  -9.1093000e+00
  -1.3186400e+01  -1.3123600e+01  -1.3246500e+01  -1.3345600e+01  -9.2385000e+00  -9.0580000e+00
  -1.3398100e+01  -1.3321300e+01  -1.3508300e+01  -1.3623600e+01  -9.2227000e+00  -8.9962000e+00
  -1.3740600e+01  -1.3675400e+01  -1.3819900e+01  -1.3907200e+01  -9.2327000e+00  -8.9566000e+00
  -1.4014500e+01  -1.3956200e+01  -1.4076700e+01  -1.4170200e+01  -9.2424000e+00  -8.9681000e+00
  -1.4179400e+01  -1.4154800e+01  -1.4226000e+01  -1.4288300e+01  -9.2360000e+00  -9.0286000e+00
  -1.4411400e+01  -1.4321800e+01  -1.4414300e+01  -1.4438200e+01  -9.2456000e+00  -9.1605000e+00
  -1.4680100e+01  -1.4542900e+01  -1.4639000e+01  -1.4629800e+01  -9.3573000e+00  -1.0154800e+01
  -1.4905300e+01  -1.4790500e+01  -1.4856600e+01  -1.4860500e+01  -9.7521000e+00  -1.1252600e+01
  -1.5039600e+01  -1.4955400e+01  -1.4971000e+01  -1.4951100e+01  -1.1206300e+01  -1.1464200e+01
  -1.5109800e+01  -1.5030200e+01  -1.5032900e+01  -1.5006600e+01  -1.1387500e+01  -1.1920300e+01
  -1.5150200e+01  -1.5068100e+01  -1.5079200e+01  -1.5056600e+01  -1.1729200e+01  -1.2470200e+01
  -1.5244000e+01  -1.5169100e+01  -1.5200900e+01  -1.5196100e+01  -1.2346200e+01  -1.2859300e+01
  -1.5354500e+01  -1.5318200e+01  -1.5325100e+01  -1.5328200e+01  -1.2760700e+01  -1.3189700e+01
  -1.5456400e+01  -1.5447300e+01  -1.5437100e+01  -1.5440600e+01  -1.3081900e+01  -1.3479400e+01
  -1.5501800e+01  -1.5514900e+01  -1.5469600e+01  -1.5461100e+01  -1.3379200e+01  -1.3722200e+01
  -1.5655000e+01  -1.5606000e+01  -1.5593900e+01  -1.5567200e+01  -1.3633700e+01  -1.3973500e+01
  -1.5740200e+01  -1.5696700e+01  -1.5654000e+01  -1.5608400e+01  -1.3889400e+01  -1.4237800e+01
  -1.5806500e+01  -1.5756000e+01  -1.5699700e+01  -1.5638900e+01  -1.4182400e+01  -1.4454800e+01
  -1.5872100e+01  -1.5822000e+01  -1.5759000e+01  -1.5691400e+01  -1.4460100e+01  -1.4585100e+01
  -1.5930000e+01  -1.5874600e+01  -1.5807600e+01  -1.5733800e+01  -1.4651100e+01  -1.4668200e+01
  -1.5992200e+01  -1.5918900e+01  -1.5859900e+01  -1.5777700e+01  -1.4745600e+01  -1.4756900e+01
  -1.6033500e+01  -1.5966700e+01  -1.5898800e+01  -1.5812000e+01  -1.4814300e+01  -1.4829900e+01
  -1.6037700e+01  -1.5984100e+01  -1.5913300e+01  -1.5831400e+01  -1.4893200e+01  -1.4855700e+01
  -1.6001600e+01  -1.5955800e+01  -1.5887200e+01  -1.5806500e+01  -1.4932300e+01  -1.4851200e+01
  -1.5958000e+01  -1.5913100e+01  -1.5852700e+01  -1.5772900e+01  -1.4911500e+01  -1.4864300e+01
  -1.5925600e+01  -1.5882000e+01  -1.5826300e+01  -1.5744400e+01  -1.4893400e+01  -1.4916800e+01
  -1.5917000e+01  -1.5872000e+01  -1.5823600e+01  -1.5744000e+01  -1.4929100e+01  -1.4970100e+01
  -1.5917500e+01  -1.5883500e+01  -1.5831100e+01  -1.5757500e+01  -1.5001300e+01  -1.4982300e+01
  -1.5918900e+01  -1.5884100e+01  -1.5837900e+01  -1.5769200e+01  -1.5058600e+01  -1.4980700e+01
  -1.5927200e+01  -1.5888800e+01  -1.5848800e+01  -1.5787700e+01  -1.5064900e+01  -1.4990000e+01
  -1.5947900e+01  -1.5906100e+01  -1.5867100e+01  -1.5807600e+01  -1.5039000e+01  -1.5007200e+01
  -1.5999900e+01  -1.5946500e+01  -1.5907300e+01  -1.5842400e+01  -1.5013400e+01  -1.5016200e+01
  -1.6061800e+01  -1.6015700e+01  -1.5964100e+01  -1.5901100e+01  -1.5004200e+01  -1.5007500e+01
  -1.6094900e+01  -1.6055900e+01  -1.6001600e+01  -1.5948100e+01  -1.4979400e+01  -1.5000600e+01
  -1.6109800e+01  -1.6070500e+01  -1.6021300e+01  -1.5979800e+01  -1.4939700e+01  -1.4976200e+01
  -1.6118600e+01  -1.6069300e+01  -1.6028500e+01  -1.5997000e+01  -1.4907700e+01  -1.4959400e+01
  -1.6108100e+01  -1.6043600e+01  -1.6014300e+01  -1.5992700e+01  -1.4892900e+01  -1.4953400e+01
  -1.6076400e+01  -1.6004700e+01  -1.5991100e+01  -1.5993000e+01  -1.4914800e+01  -1.4946500e+01
  -1.6054100e+01  -1.5975700e+01  -1.5956900e+01  -1.5957000e+01  -1.4995000e+01  -1.4980900e+01
  -1.6047600e+01  -1.5964000e+01  -1.5970300e+01  -1.5982300e+01  -1.5142900e+01  -1.5137700e+01
  -1.6105300e+01  -1.6033100e+01  -1.6026200e+01  -1.6004900e+01  -1.5363600e+01  -1.5421900e+01
  -1.6256400e+01  -1.6102600e+01  -1.6126900e+01  -1.6084600e+01  -1.5641500e+01  -1.5670100e+01
  -1.6526000e+01  -1.6294600e+01  -1.6350800e+01  -1.6252900e+01  -1.5625400e+01  -1.5455600e+01
  -1.6594800e+01  -1.6517400e+01  -1.6416300e+01  -1.6317100e+01  -1.5498100e+01  -1.5276100e+01
  -1.6369500e+01  -1.6378600e+01  -1.6271100e+01  -1.6254300e+01  -1.5300100e+01  -1.5115400e+01
  -1.6098700e+01  -1.6190100e+01  -1.6031000e+01  -1.6041300e+01  -1.4920800e+01  -1.4800700e+01
  -1.5650900e+01  -1.5842700e+01  -1.5651800e+01  -1.5732200e+01  -1.4475400e+01  -1.4389100e+01
  -1.5302700e+01  -1.5484100e+01  -1.5352500e+01  -1.5438100e+01  -1.3924900e+01  -1.3851900e+01
  -1.5036600e+01  -1.5260700e+01  -1.5041700e+01  -1.5117500e+01  -1.3433100e+01  -1.3348000e+01
  -1.4523300e+01  -1.4929900e+01  -1.4635600e+01  -1.4845100e+01  -1.2935800e+01  -1.2874400e+01
  -1.4061600e+01  -1.4542100e+01  -1.4273700e+01  -1.4526900e+01  -1.2341900e+01  -1.2353400e+01
  -1.3692200e+01  -1.4142700e+01  -1.3861900e+01  -1.4084600e+01  -1.1848600e+01  -1.1959800e+01
  -1.3246300e+01  -1.3718000e+01  -1.3496200e+01  -1.3778400e+01  -1.1455600e+01  -1.1632500e+01
  -1.2894600e+01  -1.3440000e+01  -1.3152400e+01  -1.3430500e+01  -1.1061600e+01  -1.1285900e+01
  -1.2523500e+01  -1.3118600e+01  -1.2778100e+01  -1.3069300e+01  -1.0750000e+01  -1.0972700e+01
  -1.2202200e+01  -1.2889900e+01  -1.2532000e+01  -1.2853500e+01  -1.0514400e+01  -1.0713700e+01
  -1.1946600e+01  -1.2737100e+01  -1.2281700e+01  -1.2534500e+01  -1.0295400e+01  -1.0485200e+01
  -1.1712800e+01  -1.2395600e+01  -1.1917700e+01  -1.2051900e+01  -1.0056800e+01  -1.0244800e+01
  -1.1365100e+01  -1.1900100e+01  -1.1473100e+01  -1.1594700e+01  -9.8159000e+00  -1.0001000e+01
  -1.0924700e+01  -1.1421200e+01  -1.1084600e+01  -1.1251300e+01  -9.6005000e+00  -9.7544000e+00
  -1.0560900e+01  -1.1099300e+01  -1.0826300e+01  -1.1051100e+01  -9.4103000e+00  -9.5146000e+00
  -1.0336400e+01  -1.0930600e+01  -1.0657100e+01  -1.0887600e+01  -9.2081000e+00  -9.2956000e+00
  -1.0191400e+01  -1.0800000e+01  -1.0534500e+01  -1.0770900e+01  -9.0020000e+00  -9.0998000e+00
  -1.0090500e+01  -1.0702600e+01  -1.0444100e+01  -1.0686900e+01  -8.8077000e+00  -8.9100000e+00
  -1.0019000e+01  -1.0643300e+01  -1.0397800e+01  -1.0650100e+01  -8.6277000e+00  -8.7140000e+00
  -9.9832000e+00  -1.0628900e+01  -1.0377800e+01  -1.0636400e+01  -8.4625000e+00  -8.5092000e+00
  -9.9590000e+00  -1.0626700e+01  -1.0368400e+01  -1.0635600e+01  -8.2993000e+00  -8.3121000e+00
  -9.9464000e+00  -1.0629200e+01  -1.0363500e+01  -1.0634000e+01  -8.1282000e+00  -8.1272000e+00
  -9.9473000e+00  -1.0631700e+01  -1.0367200e+01  -1.0636900e+01  -7.9678000e+00  -7.9617000e+00
  -9.9683000e+00  -1.0644100e+01  -1.0386500e+01  -1.0652100e+01  -7.8120000e+00  -7.8132000e+00
  -1.0020200e+01  -1.0682500e+01  -1.0431400e+01  -1.0687400e+01  -7.6732000e+00  -7.6811000e+00
  -1.0089200e+01  -1.0726000e+01  -1.0484900e+01  -1.0726700e+01  -7.5432000e+00  -7.5878000e+00
  -1.0176600e+01  -1.0780600e+01  -1.0558500e+01  -1.0787900e+01  -7.4360000e+00  -7.5491000e+00
  -1.0280900e+01  -1.0869000e+01  -1.0653300e+01  -1.0881200e+01  -7.3825000e+00  -7.5752000e+00
  -1.0396400e+01  -1.0972700e+01  -1.0762700e+01  -1.0986200e+01  -7.3957000e+00  -7.6884000e+00
  -1.0524900e+01  -1.1101000e+01  -1.0899200e+01  -1.1126500e+01  -7.5199000e+00  -7.7886000e+00
  -1.0672800e+01  -1.1257700e+01  -1.1061900e+01  -1.1294300e+01  -7.6850000e+00  -7.8760000e+00
  -1.0853400e+01  -1.1444700e+01  -1.1257600e+01  -1.1502300e+01  -7.7973000e+00  -7.9769000e+00
  -1.1062900e+01  -1.1673000e+01  -1.1485100e+01  -1.1733200e+01  -7.9251000e+00  -8.1077000e+00
  -1.1304100e+01  -1.1906200e+01  -1.1727900e+01  -1.1974600e+01  -8.0861000e+00  -8.2860000e+00
  -1.1570900e+01  -1.2142900e+01  -1.1984100e+01  -1.2223800e+01  -8.2807000e+00  -8.5126000e+00
  -1.1875300e+01  -1.2417500e+01  -1.2275000e+01  -1.2500600e+01  -8.5024000e+00  -8.7669000e+00
  -1.2196800e+01  -1.2686800e+01  -1.2557200e+01  -1.2768200e+01  -8.7583000e+00  -9.0172000e+00
  -1.2496700e+01  -1.2938400e+01  -1.2817400e+01  -1.3012800e+01  -9.0136000e+00  -9.2752000e+00
  -1.2787400e+01  -1.3188400e+01  -1.3082300e+01  -1.3272400e+01  -9.3411000e+00  -9.6003000e+00
  -1.3063500e+01  -1.3444500e+01  -1.3357200e+01  -1.3535900e+01  -9.7291000e+00  -9.9856000e+00
  -1.3400600e+01  -1.3714800e+01  -1.3640200e+01  -1.3797000e+01  -1.0131000e+01  -1.0422400e+01
  -1.3706100e+01  -1.3955200e+01  -1.3917400e+01  -1.4053300e+01  -1.0563800e+01  -1.0873400e+01
  -1.3985500e+01  -1.4170800e+01  -1.4133700e+01  -1.4223400e+01  -1.1008200e+01  -1.1347900e+01
  -1.4221600e+01  -1.4331400e+01  -1.4317900e+01  -1.4370700e+01  -1.1446400e+01  -1.1806100e+01
  -1.4406600e+01  -1.4451500e+01  -1.4456700e+01  -1.4484400e+01  -1.1886300e+01  -1.2221500e+01
  -1.4557200e+01  -1.4574000e+01  -1.4588500e+01  -1.4606900e+01  -1.2292200e+01  -1.2619500e+01
  -1.4688400e+01  -1.4685400e+01  -1.4705600e+01  -1.4717800e+01  -1.2693100e+01  -1.2979600e+01
  -1.4797500e+01  -1.4782500e+01  -1.4799900e+01  -1.4803400e+01  -1.3080300e+01  -1.3284300e+01
  -1.4871600e+01  -1.4847700e+01  -1.4867100e+01  -1.4867500e+01  -1.3414100e+01  -1.3545900e+01
  -1.4925600e+01  -1.4896700e+01  -1.4913500e+01  -1.4909000e+01  -1.3694900e+01  -1.3759100e+01
  -1.4959600e+01  -1.4930000e+01  -1.4945600e+01  -1.4939600e+01  -1.3919600e+01  -1.3916500e+01
  -1.4978800e+01  -1.4950200e+01  -1.4961700e+01  -1.4954400e+01  -1.4090800e+01  -1.4029200e+01
  -1.4989100e+01  -1.4956300e+01  -1.4966100e+01  -1.4954400e+01  -1.4211300e+01  -1.4109000e+01
  -1.4996000e+01  -1.4960600e+01  -1.4969200e+01  -1.4955100e+01  -1.4296500e+01  -1.4159100e+01
  -1.4997900e+01  -1.4969500e+01  -1.4974600e+01  -1.4962100e+01  -1.4356100e+01  -1.4189900e+01
  -1.4999600e+01  -1.4981700e+01  -1.4982200e+01  -1.4971200e+01  -1.4397800e+01  -1.4217500e+01
  -1.5006700e+01  -1.4984600e+01  -1.4985900e+01  -1.4969300e+01  -1.4424000e+01  -1.4247600e+01
  -1.5012700e+01  -1.4980700e+01  -1.4990400e+01  -1.4973100e+01  -1.4448700e+01  -1.4281800e+01
  -1.5025200e+01  -1.4987200e+01  -1.5002900e+01  -1.4983700e+01  -1.4465000e+01  -1.4304700e+01
  -1.5033400e+01  -1.4997000e+01  -1.5013600e+01  -1.4995900e+01  -1.4476700e+01  -1.4308700e+01
  -1.5034100e+01  -1.5001600e+01  -1.5020200e+01  -1.5006200e+01  -1.4474500e+01  -1.4311100e+01
  -1.5029400e+01  -1.4998600e+01  -1.5016500e+01  -1.5004700e+01  -1.4466800e+01  -1.4311200e+01
  -1.5022200e+01  -1.4989800e+01  -1.5007400e+01  -1.4996100e+01  -1.4463400e+01  -1.4305200e+01
  -1.5009000e+01  -1.4979600e+01  -1.4992700e+01  -1.4982500e+01  -1.4456700e+01  -1.4299100e+01
  -1.4977900e+01  -1.4956100e+01  -1.4962900e+01  -1.4956400e+01  -1.4444300e+01  -1.4287400e+01
  -1.4939400e+01  -1.4918100e+01  -1.4919000e+01  -1.4911300e+01  -1.4427100e+01  -1.4268600e+01
  -1.4902900e+01  -1.4874300e+01  -1.4875500e+01  -1.4859500e+01  -1.4401900e+01  -1.4249100e+01
  -1.4860900e+01  -1.4825700e+01  -1.4826100e+01  -1.4803800e+01  -1.4372700e+01  -1.4230900e+01
  -1.4835900e+01  -1.4777900e+01  -1.4781100e+01  -1.4754200e+01  -1.4343100e+01  -1.4213500e+01
  -1.4800600e+01  -1.4735700e+01  -1.4737400e+01  -1.4705400e+01  -1.4313700e+01  -1.4199300e+01
  -1.4767500e+01  -1.4692000e+01  -1.4694100e+01  -1.4657500e+01  -1.4291100e+01  -1.4181800e+01
  -1.4739200e+01  -1.4654600e+01  -1.4657100e+01  -1.4616000e+01  -1.4271700e+01  -1.4156300e+01
  -1.4713600e+01  -1.4626500e+01  -1.4631600e+01  -1.4588300e+01  -1.4251300e+01  -1.4121500e+01
  -1.4700000e+01  -1.4612900e+01  -1.4619600e+01  -1.4576900e+01  -1.4227100e+01  -1.4089700e+01
  -1.4680100e+01  -1.4597000e+01  -1.4601600e+01  -1.4561100e+01  -1.4201300e+01  -1.4056700e+01
  -1.4647600e+01  -1.4574500e+01  -1.4574000e+01  -1.4535500e+01  -1.4175100e+01  -1.4017700e+01
  -1.4594000e+01  -1.4534300e+01  -1.4528500e+01  -1.4498900e+01  -1.4142900e+01  -1.3964600e+01
  -1.4530700e+01  -1.4481500e+01  -1.4473700e+01  -1.4452100e+01  -1.4098300e+01  -1.3895700e+01
  -1.4468300e+01  -1.4428100e+01  -1.4413100e+01  -1.4394700e+01  -1.4045100e+01  -1.3807200e+01
  -1.4400500e+01  -1.4365600e+01  -1.4348300e+01  -1.4331600e+01  -1.3984600e+01  -1.3719900e+01
  -1.4343200e+01  -1.4308400e+01  -1.4292900e+01  -1.4277000e+01  -1.3921800e+01  -1.3643700e+01
  -1.4284500e+01  -1.4247300e+01  -1.4232600e+01  -1.4215200e+01  -1.3863000e+01  -1.3578000e+01
  -1.4242600e+01  -1.4192900e+01  -1.4183600e+01  -1.4160000e+01  -1.3807200e+01  -1.3528100e+01
  -1.4211700e+01  -1.4159500e+01  -1.4149100e+01  -1.4123600e+01  -1.3753800e+01  -1.3496500e+01
  -1.4181400e+01  -1.4130400e+01  -1.4118400e+01  -1.4091800e+01  -1.3702200e+01  -1.3479300e+01
  -1.4151500e+01  -1.4107700e+01  -1.4092300e+01  -1.4069200e+01  -1.3656700e+01  -1.3474500e+01
  -1.4115700e+01  -1.4084300e+01  -1.4062200e+01  -1.4042800e+01  -1.3609500e+01  -1.3468800e+01
  -1.4073600e+01  -1.4046200e+01  -1.4017100e+01  -1.3995200e+01  -1.3563900e+01  -1.3452200e+01
  -1.4032100e+01  -1.4005400e+01  -1.3976800e+01  -1.3958200e+01  -1.3521700e+01  -1.3432900e+01
  -1.3964800e+01  -1.3963200e+01  -1.3923000e+01  -1.3927600e+01  -1.3489300e+01  -1.3404800e+01
  -1.3813200e+01  -1.3880700e+01  -1.3803100e+01  -1.3854700e+01  -1.3410100e+01  -1.3276500e+01
  -1.3499000e+01  -1.3679000e+01  -1.3536200e+01  -1.3656700e+01  -1.3135200e+01  -1.2982100e+01
  -1.2957800e+01  -1.3273300e+01  -1.3115400e+01  -1.3291300e+01  -1.2861200e+01  -1.2626400e+01
  -1.2732100e+01  -1.2923400e+01  -1.2763300e+01  -1.2794600e+01  -1.2482200e+01  -1.2300300e+01
  -1.2454200e+01  -1.2520200e+01  -1.2445400e+01  -1.2483600e+01  -1.2084400e+01  -1.1920700e+01
  -1.2292600e+01  -1.2356800e+01  -1.2274400e+01  -1.2327900e+01  -1.1627900e+01  -1.1562100e+01
  -1.1983200e+01  -1.2139000e+01  -1.2022100e+01  -1.2140800e+01  -1.1175900e+01  -1.1182900e+01
  -1.1499100e+01  -1.1767100e+01  -1.1619500e+01  -1.1799400e+01  -1.0697500e+01  -1.0774900e+01
  -1.1133800e+01  -1.1314300e+01  -1.1214900e+01  -1.1337700e+01  -1.0161700e+01  -1.0372100e+01
  -1.0859300e+01  -1.0996600e+01  -1.0925100e+01  -1.1037900e+01  -9.6453000e+00  -9.9872000e+00
  -1.0549000e+01  -1.0696900e+01  -1.0595400e+01  -1.0699600e+01  -9.2012000e+00  -9.5919000e+00
  -1.0149400e+01  -1.0318400e+01  -1.0204200e+01  -1.0311700e+01  -8.7872000e+00  -9.1660000e+00
  -9.7293000e+00  -9.9304000e+00  -9.8280000e+00  -9.9564000e+00  -8.3512000e+00  -8.7102000e+00
  -9.3611000e+00  -9.5713000e+00  -9.4914000e+00  -9.6186000e+00  -7.8470000e+00  -8.3061000e+00
  -9.0726000e+00  -9.2732000e+00  -9.2125000e+00  -9.3299000e+00  -7.3367000e+00  -7.9261000e+00
  -8.7858000e+00  -9.0171000e+00  -8.9574000e+00  -9.0971000e+00  -6.9679000e+00  -7.5092000e+00
  -8.4810000e+00  -8.7696000e+00  -8.6961000e+00  -8.8774000e+00  -6.7727000e+00  -7.1230000e+00
  -8.1410000e+00  -8.4954000e+00  -8.4122000e+00  -8.6272000e+00  -6.5487000e+00  -6.7838000e+00
  -7.8082000e+00  -8.1981000e+00  -8.1156000e+00  -8.3486000e+00  -6.2425000e+00  -6.5267000e+00
  -7.4957000e+00  -7.9100000e+00  -7.8195000e+00  -8.0750000e+00  -5.9367000e+00  -6.5076000e+00
  -7.1457000e+00  -7.5913000e+00  -7.4837000e+00  -7.7852000e+00  -5.7219000e+00  -6.8772000e+00
  -6.8415000e+00  -7.3095000e+00  -7.2187000e+00  -7.5594000e+00  -5.8693000e+00  -6.8715000e+00
  -6.6051000e+00  -7.1079000e+00  -6.9980000e+00  -7.3347000e+00  -6.2363000e+00  -6.7100000e+00
  -6.3794000e+00  -6.8373000e+00  -6.7315000e+00  -7.0658000e+00  -6.2208000e+00  -6.5235000e+00
  -6.1923000e+00  -6.5920000e+00  -6.5043000e+00  -6.8254000e+00  -5.9300000e+00  -6.3420000e+00
  -6.0189000e+00  -6.4065000e+00  -6.3326000e+00  -6.6626000e+00  -5.7480000e+00  -6.2468000e+00
  -5.8610000e+00  -6.2599000e+00  -6.1859000e+00  -6.4975000e+00  -5.6924000e+00  -6.3073000e+00
  -5.6951000e+00  -6.1059000e+00  -6.0329000e+00  -6.3465000e+00  -5.6179000e+00  -6.2802000e+00
  -5.7694000e+00  -6.0154000e+00  -6.0115000e+00  -6.2868000e+00  -5.6490000e+00  -6.2624000e+00
  -6.5703000e+00  -6.5562000e+00  -6.7357000e+00  -6.9092000e+00  -5.5347000e+00  -6.1705000e+00
  -6.4954000e+00  -6.9917000e+00  -6.8672000e+00  -7.1966000e+00  -5.5664000e+00  -5.8364000e+00
  -6.1999000e+00  -6.8799000e+00  -6.6295000e+00  -6.9179000e+00  -5.5692000e+00  -5.6395000e+00
  -6.0891000e+00  -6.7313000e+00  -6.5513000e+00  -6.8445000e+00  -5.3516000e+00  -5.8410000e+00
  -6.2444000e+00  -6.7634000e+00  -6.7091000e+00  -6.9840000e+00  -5.4802000e+00  -6.1458000e+00
  -6.8084000e+00  -7.1453000e+00  -7.1928000e+00  -7.4202000e+00  -5.5983000e+00  -5.9465000e+00
  -7.2967000e+00  -7.6119000e+00  -7.6179000e+00  -7.8109000e+00  -5.7704000e+00  -5.7198000e+00
  -7.5368000e+00  -7.9442000e+00  -7.8612000e+00  -8.1004000e+00  -5.8637000e+00  -5.8077000e+00
  -7.6566000e+00  -8.4145000e+00  -8.1190000e+00  -8.4113000e+00  -5.7952000e+00  -5.7743000e+00
  -7.9992000e+00  -8.5619000e+00  -8.4089000e+00  -8.6558000e+00  -5.9030000e+00  -5.8082000e+00
  -8.4356000e+00  -8.9439000e+00  -8.7743000e+00  -8.9922000e+00  -5.8565000e+00  -5.8356000e+00
  -8.6003000e+00  -9.1333000e+00  -8.9850000e+00  -9.2264000e+00  -5.8143000e+00  -5.7522000e+00
  -8.9264000e+00  -9.4448000e+00  -9.3022000e+00  -9.5735000e+00  -5.8761000e+00  -5.5831000e+00
  -9.2898000e+00  -9.8390000e+00  -9.6854000e+00  -9.9576000e+00  -5.9204000e+00  -5.3570000e+00
  -9.5509000e+00  -1.0263400e+01  -9.9907000e+00  -1.0338100e+01  -5.9416000e+00  -5.1614000e+00
  -9.8885000e+00  -1.0702700e+01  -1.0320800e+01  -1.0649300e+01  -5.9761000e+00  -5.0981000e+00
  -1.0184600e+01  -1.0870200e+01  -1.0406900e+01  -1.0563200e+01  -6.1414000e+00  -5.2237000e+00
  -1.0051000e+01  -1.0660500e+01  -1.0260100e+01  -1.0425800e+01  -6.2889000e+00  -5.5295000e+00
  -9.8845000e+00  -1.0295500e+01  -1.0208600e+01  -1.0358200e+01  -6.4532000e+00  -5.7820000e+00
  -1.0464100e+01  -1.0346500e+01  -1.0698200e+01  -1.0785100e+01  -6.6598000e+00  -6.0299000e+00
  -1.1100300e+01  -1.0916100e+01  -1.1145300e+01  -1.1197000e+01  -7.0488000e+00  -6.3613000e+00
  -1.1407900e+01  -1.1280600e+01  -1.1380800e+01  -1.1422300e+01  -7.2293000e+00  -6.7339000e+00
  -1.1588300e+01  -1.1500600e+01  -1.1551100e+01  -1.1660800e+01  -7.3379000e+00  -6.9831000e+00
  -1.1843500e+01  -1.1733300e+01  -1.1763800e+01  -1.1880600e+01  -7.4604000e+00  -7.2053000e+00
  -1.1934900e+01  -1.1929100e+01  -1.1650600e+01  -1.1738700e+01  -7.5876000e+00  -7.5032000e+00
  -1.1194600e+01  -1.1881500e+01  -1.1059300e+01  -1.1118800e+01  -7.4991000e+00  -7.6641000e+00
  -1.0606700e+01  -1.1255300e+01  -1.0602500e+01  -1.0601900e+01  -7.4797000e+00  -7.9522000e+00
  -1.0778900e+01  -1.0826800e+01  -1.0594100e+01  -1.0560300e+01  -7.4519000e+00  -8.3476000e+00
  -1.0390100e+01  -1.0937700e+01  -9.7878000e+00  -9.6797000e+00  -7.7461000e+00  -8.2195000e+00
  -8.4755000e+00  -9.6212000e+00  -8.4985000e+00  -8.3982000e+00  -7.9315000e+00  -8.1404000e+00
  -7.9492000e+00  -8.0301000e+00  -8.5295000e+00  -8.7075000e+00  -8.1791000e+00  -8.2943000e+00
  -7.2326000e+00  -6.9933000e+00  -7.7528000e+00  -7.9689000e+00  -8.3278000e+00  -8.5563000e+00
  -7.1581000e+00  -6.8418000e+00  -7.3432000e+00  -7.4274000e+00  -8.4835000e+00  -8.7276000e+00
  -7.1858000e+00  -7.3014000e+00  -7.4855000e+00  -7.5746000e+00  -8.5318000e+00  -8.8525000e+00
  -7.1005000e+00  -7.2085000e+00  -7.2026000e+00  -7.2147000e+00  -8.6032000e+00  -8.9758000e+00
  -7.1652000e+00  -7.1736000e+00  -7.1811000e+00  -7.1037000e+00  -8.8361000e+00  -9.1272000e+00
  -7.3334000e+00  -7.3146000e+00  -7.3231000e+00  -7.1940000e+00  -9.0655000e+00  -9.3290000e+00
  -7.5095000e+00  -7.4616000e+00  -7.4202000e+00  -7.1871000e+00  -9.2207000e+00  -9.4790000e+00
  -7.6845000e+00  -7.5379000e+00  -7.6533000e+00  -7.4679000e+00  -9.4095000e+00  -9.6049000e+00
  -7.8867000e+00  -7.7638000e+00  -7.9641000e+00  -7.8476000e+00  -9.5128000e+00  -9.7204000e+00
  -8.4344000e+00  -8.3583000e+00  -8.7417000e+00  -8.7978000e+00  -9.5928000e+00  -9.8707000e+00
  -9.0790000e+00  -9.0723000e+00  -9.1219000e+00  -9.0786000e+00  -9.5294000e+00  -1.0043500e+01
  -9.1509000e+00  -9.1499000e+00  -9.2006000e+00  -9.1296000e+00  -9.4115000e+00  -1.0172700e+01
  -9.1479000e+00  -9.1853000e+00  -9.2232000e+00  -9.2178000e+00  -9.3467000e+00  -1.0217500e+01
  -9.1343000e+00  -9.2230000e+00  -9.1988000e+00  -9.1212000e+00  -9.6852000e+00  -1.0057200e+01
  -9.3372000e+00  -9.3642000e+00  -9.3014000e+00  -9.1890000e+00  -9.8379000e+00  -9.9162000e+00
  -9.4557000e+00  -9.4180000e+00  -9.2967000e+00  -9.1746000e+00  -9.9304000e+00  -1.0123500e+01
  -9.5154000e+00  -9.5221000e+00  -9.4676000e+00  -9.4231000e+00  -1.0151600e+01  -1.0348700e+01
  -9.5751000e+00  -9.6172000e+00  -9.4995000e+00  -9.4302000e+00  -1.0099700e+01  -1.0360000e+01
  -1.0034700e+01  -9.8376000e+00  -9.6556000e+00  -9.5185000e+00  -1.0115900e+01  -1.0454200e+01
  -1.0872900e+01  -1.0671200e+01  -1.0327000e+01  -9.9677000e+00  -1.0339900e+01  -1.0423500e+01
  -1.1232200e+01  -1.1004700e+01  -1.0887400e+01  -1.0708200e+01  -1.0485300e+01  -1.0362700e+01
  -1.1624200e+01  -1.1318700e+01  -1.1259400e+01  -1.1016300e+01  -1.0514100e+01  -1.0470200e+01
  -1.1827700e+01  -1.1642800e+01  -1.1599300e+01  -1.1384800e+01  -1.0530100e+01  -1.0589300e+01
  -1.2041300e+01  -1.1935400e+01  -1.1929700e+01  -1.1803100e+01  -1.0556100e+01  -1.0627200e+01
  -1.2157600e+01  -1.1980300e+01  -1.2070400e+01  -1.2027400e+01  -1.0600800e+01  -1.0687600e+01
  -1.2195800e+01  -1.2038100e+01  -1.2043600e+01  -1.1965100e+01  -1.0642200e+01  -1.0763500e+01
  -1.2379100e+01  -1.2093900e+01  -1.2120900e+01  -1.2046200e+01  -1.0697900e+01  -1.0833600e+01
  -1.2730900e+01  -1.2461400e+01  -1.2373400e+01  -1.2202000e+01  -1.0774100e+01  -1.0892900e+01
  -1.2941400e+01  -1.2811900e+01  -1.2781300e+01  -1.2684400e+01  -1.0910800e+01  -1.0950000e+01
  -1.2873600e+01  -1.2832000e+01  -1.2878000e+01  -1.2889900e+01  -1.1028100e+01  -1.1004200e+01
  -1.2821600e+01  -1.2770800e+01  -1.2816900e+01  -1.2833900e+01  -1.1112600e+01  -1.1083100e+01
  -1.2765200e+01  -1.2767500e+01  -1.2786900e+01  -1.2802200e+01  -1.1177400e+01  -1.1160100e+01
  -1.2748300e+01  -1.2758100e+01  -1.2758300e+01  -1.2768900e+01  -1.1241100e+01  -1.1224400e+01
  -1.2793300e+01  -1.2800300e+01  -1.2787100e+01  -1.2789000e+01  -1.1304800e+01  -1.1256600e+01
  -1.2865600e+01  -1.2876200e+01  -1.2859000e+01  -1.2859300e+01  -1.1367900e+01  -1.1329800e+01
  -1.2911900e+01  -1.2919400e+01  -1.2920300e+01  -1.2932400e+01  -1.1445900e+01  -1.1440200e+01
  -1.2939600e+01  -1.2877800e+01  -1.2920600e+01  -1.2935300e+01  -1.1423500e+01  -1.1498700e+01
  -1.2843800e+01  -1.2804100e+01  -1.2853300e+01  -1.2853500e+01  -1.1476700e+01  -1.1514800e+01
  -1.2596400e+01  -1.2667300e+01  -1.2696800e+01  -1.2756600e+01  -1.1504400e+01  -1.1447700e+01
  -1.2411600e+01  -1.2679300e+01  -1.2610900e+01  -1.2745600e+01  -1.1462300e+01  -1.1333100e+01
  -1.2321000e+01  -1.2669200e+01  -1.2599100e+01  -1.2787500e+01  -1.1335400e+01  -1.1181400e+01
  -1.2206100e+01  -1.2598400e+01  -1.2547400e+01  -1.2765000e+01  -1.1147500e+01  -1.1035600e+01
  -1.2039100e+01  -1.2528900e+01  -1.2466600e+01  -1.2729300e+01  -1.0774100e+01  -1.0832000e+01
  -1.1835700e+01  -1.2500500e+01  -1.2394900e+01  -1.2720900e+01  -1.0309100e+01  -1.0364900e+01
  -1.1666900e+01  -1.2471600e+01  -1.2327600e+01  -1.2698900e+01  -9.9334000e+00  -9.8206000e+00
  -1.1502600e+01  -1.2448000e+01  -1.2273700e+01  -1.2673100e+01  -9.4920000e+00  -9.2447000e+00
  -1.1388900e+01  -1.2427100e+01  -1.2244700e+01  -1.2647100e+01  -9.0286000e+00  -8.8234000e+00
  -1.1239100e+01  -1.2353400e+01  -1.2174700e+01  -1.2590100e+01  -8.6127000e+00  -8.4452000e+00
  -1.1013500e+01  -1.2286400e+01  -1.2036800e+01  -1.2519700e+01  -8.2228000e+00  -8.0055000e+00
  -1.0836200e+01  -1.2299700e+01  -1.1981000e+01  -1.2549700e+01  -7.8722000e+00  -7.5488000e+00
  -1.0758300e+01  -1.2287100e+01  -1.1951000e+01  -1.2560600e+01  -7.5229000e+00  -7.1709000e+00
  -1.0679200e+01  -1.2257800e+01  -1.1900500e+01  -1.2530800e+01  -7.1135000e+00  -6.8510000e+00
  -1.0564000e+01  -1.2185000e+01  -1.1813500e+01  -1.2475500e+01  -6.6607000e+00  -6.5196000e+00
  -1.0481900e+01  -1.2131100e+01  -1.1743100e+01  -1.2418100e+01  -6.1770000e+00  -6.2042000e+00
  -1.0441600e+01  -1.2075500e+01  -1.1683900e+01  -1.2349000e+01  -5.7570000e+00  -5.9020000e+00
  -1.0397100e+01  -1.2025000e+01  -1.1639300e+01  -1.2288700e+01  -5.4150000e+00  -5.5549000e+00
  -1.0331000e+01  -1.1977100e+01  -1.1589900e+01  -1.2206400e+01  -5.1037000e+00  -5.1700000e+00
  -1.0265100e+01  -1.1909200e+01  -1.1543000e+01  -1.2122500e+01  -4.8146000e+00  -4.8098000e+00
  -1.0183500e+01  -1.1812500e+01  -1.1474800e+01  -1.2014100e+01  -4.5582000e+00  -4.5005000e+00
  -1.0047400e+01  -1.1656400e+01  -1.1363200e+01  -1.1913100e+01  -4.3384000e+00  -4.2343000e+00
  -9.8416000e+00  -1.1440900e+01  -1.1199300e+01  -1.1786500e+01  -4.1510000e+00  -3.9990000e+00
  -9.6407000e+00  -1.1220600e+01  -1.1035600e+01  -1.1635600e+01  -3.9825000e+00  -3.7896000e+00
  -9.4618000e+00  -1.1006900e+01  -1.0852500e+01  -1.1452000e+01  -3.8193000e+00  -3.6025000e+00
  -9.3232000e+00  -1.0827300e+01  -1.0681100e+01  -1.1239900e+01  -3.6528000e+00  -3.4257000e+00
  -9.1991000e+00  -1.0664600e+01  -1.0521600e+01  -1.1046100e+01  -3.4875000e+00  -3.2487000e+00
  -9.1248000e+00  -1.0561600e+01  -1.0398800e+01  -1.0879800e+01  -3.3339000e+00  -3.0817000e+00
  -9.1275000e+00  -1.0500400e+01  -1.0326600e+01  -1.0765400e+01  -3.2024000e+00  -2.9343000e+00
  -9.1616000e+00  -1.0453200e+01  -1.0282200e+01  -1.0690500e+01  -3.0928000e+00  -2.8139000e+00
  -9.1722000e+00  -1.0383200e+01  -1.0221000e+01  -1.0624400e+01  -3.0004000e+00  -2.7244000e+00
  -9.2117000e+00  -1.0331800e+01  -1.0137300e+01  -1.0498700e+01  -2.9238000e+00  -2.6639000e+00
  -9.3034000e+00  -1.0281700e+01  -1.0079700e+01  -1.0376800e+01  -2.8594000e+00  -2.6231000e+00
  -9.4067000e+00  -1.0215500e+01  -1.0038500e+01  -1.0277100e+01  -2.8042000e+00  -2.5968000e+00
  -9.4372000e+00  -1.0127000e+01  -9.9628000e+00  -1.0141200e+01  -2.7597000e+00  -2.5805000e+00
  -9.4872000e+00  -1.0090900e+01  -9.8895000e+00  -9.9872000e+00  -2.7307000e+00  -2.5765000e+00
  -9.6210000e+00  -1.0099400e+01  -9.8866000e+00  -9.9086000e+00  -2.7236000e+00  -2.5875000e+00
  -9.7649000e+00  -1.0095700e+01  -9.9242000e+00  -9.9107000e+00  -2.7357000e+00  -2.6113000e+00
  -9.8911000e+00  -1.0073200e+01  -9.9332000e+00  -9.8983000e+00  -2.7589000e+00  -2.6469000e+00
  -1.0008100e+01  -1.0063000e+01  -9.9412000e+00  -9.8791000e+00  -2.7979000e+00  -2.7000000e+00
  -1.0093500e+01  -1.0071300e+01  -9.9737000e+00  -9.8997000e+00  -2.8693000e+00  -2.7723000e+00
  -1.0157400e+01  -1.0067300e+01  -9.9911000e+00  -9.9253000e+00  -2.9424000e+00  -2.8396000e+00
  -1.0181400e+01  -1.0044500e+01  -1.0001400e+01  -9.9509000e+00  -3.0003000e+00  -2.8846000e+00
  -1.0181800e+01  -9.9995000e+00  -1.0032900e+01  -1.0023700e+01  -3.0716000e+00  -2.9506000e+00
  -1.0178200e+01  -9.9762000e+00  -1.0144800e+01  -1.0210800e+01  -3.0805000e+00  -2.9722000e+00
  -1.0273900e+01  -1.0071200e+01  -1.0303600e+01  -1.0390300e+01  -3.0748000e+00  -2.9994000e+00
  -1.0387800e+01  -1.0202300e+01  -1.0398700e+01  -1.0470800e+01  -3.0739000e+00  -3.0250000e+00
  -1.0478700e+01  -1.0346400e+01  -1.0472000e+01  -1.0507800e+01  -3.0925000e+00  -3.0377000e+00
  -1.0595300e+01  -1.0448500e+01  -1.0507200e+01  -1.0493200e+01  -3.1462000e+00  -3.0446000e+00
  -1.0625300e+01  -1.0436100e+01  -1.0482300e+01  -1.0482800e+01  -3.2382000e+00  -3.0607000e+00
  -1.0612700e+01  -1.0441800e+01  -1.0578500e+01  -1.0664700e+01  -3.3359000e+00  -3.0929000e+00
  -1.0809300e+01  -1.0712100e+01  -1.0796700e+01  -1.0869800e+01  -3.3975000e+00  -3.1277000e+00
  -1.0986600e+01  -1.0877000e+01  -1.0859800e+01  -1.0869400e+01  -3.4356000e+00  -3.1462000e+00
  -1.1099200e+01  -1.0906700e+01  -1.1004900e+01  -1.1058000e+01  -3.4492000e+00  -3.1650000e+00
  -1.1309900e+01  -1.1290600e+01  -1.1348100e+01  -1.1442900e+01  -3.4463000e+00  -3.1962000e+00
  -1.1252800e+01  -1.1460200e+01  -1.1292100e+01  -1.1364800e+01  -3.4407000e+00  -3.2232000e+00
  -1.0821300e+01  -1.1075400e+01  -1.0903900e+01  -1.0980900e+01  -3.4357000e+00  -3.2557000e+00
  -1.0404300e+01  -1.0641200e+01  -1.0679600e+01  -1.0884600e+01  -3.4355000e+00  -3.3028000e+00
  -1.0469600e+01  -1.0702200e+01  -1.0768400e+01  -1.0967400e+01  -3.4396000e+00  -3.4545000e+00
  -1.0458900e+01  -1.0763400e+01  -1.0607200e+01  -1.0718900e+01  -3.4294000e+00  -4.3914000e+00
  -1.0177000e+01  -1.0453500e+01  -1.0270300e+01  -1.0348700e+01  -3.5678000e+00  -5.2960000e+00
  -9.8845000e+00  -1.0111500e+01  -9.9602000e+00  -1.0037700e+01  -4.4556000e+00  -5.2428000e+00
  -9.6007000e+00  -9.8496000e+00  -9.7173000e+00  -9.7963000e+00  -4.8539000e+00  -5.2736000e+00
  -9.3516000e+00  -9.5773000e+00  -9.4619000e+00  -9.5264000e+00  -4.9742000e+00  -5.5528000e+00
  -9.1463000e+00  -9.3147000e+00  -9.2352000e+00  -9.3033000e+00  -5.2389000e+00  -6.3520000e+00
  -8.9851000e+00  -9.0924000e+00  -9.0553000e+00  -9.1229000e+00  -5.1913000e+00  -6.8938000e+00
  -9.0147000e+00  -9.0177000e+00  -9.0485000e+00  -9.1101000e+00  -5.5302000e+00  -7.1301000e+00
  -9.2465000e+00  -9.1848000e+00  -9.2579000e+00  -9.2919000e+00  -6.2221000e+00  -7.4073000e+00
  -9.3838000e+00  -9.4248000e+00  -9.4370000e+00  -9.4727000e+00  -6.8008000e+00  -7.7848000e+00
