   4.6257000e+00   4.6898000e+00   4.6989000e+00   4.7513000e+00   3.7205000e+00   3.6702000e+00
   4.6461000e+00   4.6677000e+00   4.6954000e+00   4.7259000e+00   3.8713000e+00   3.8120000e+00
   4.6125000e+00   4.6756000e+00   4.7096000e+00   4.7619000e+00   3.9214000e+00   3.8401000e+00
   4.5363000e+00   4.5888000e+00   4.6390000e+00   4.6892000e+00   4.1774000e+00   4.0811000e+00
   4.5629000e+00   4.5902000e+00   4.6706000e+00   4.7073000e+00   4.3074000e+00   4.2189000e+00
   4.5590000e+00   4.5978000e+00   4.6896000e+00   4.7403000e+00   4.3955000e+00   4.3440000e+00
   4.5951000e+00   4.6493000e+00   4.7225000e+00   4.7805000e+00   4.5116000e+00   4.4599000e+00
   4.6748000e+00   4.7180000e+00   4.7630000e+00   4.8034000e+00   4.5767000e+00   4.4944000e+00
   4.7798000e+00   4.7928000e+00   4.8221000e+00   4.8457000e+00   4.6640000e+00   4.5159000e+00
   4.9132000e+00   4.9069000e+00   4.9151000e+00   4.9165000e+00   4.8821000e+00   4.7001000e+00
   4.9485000e+00   4.9413000e+00   4.9208000e+00   4.8936000e+00   5.0519000e+00   4.8676000e+00
   5.0016000e+00   4.9928000e+00   4.9661000e+00   4.9215000e+00   5.0810000e+00   4.9552000e+00
   5.3134000e+00   5.3031000e+00   5.2625000e+00   5.2073000e+00   5.1361000e+00   5.0291000e+00
   5.5029000e+00   5.4956000e+00   5.4692000e+00   5.4193000e+00   5.0616000e+00   5.0602000e+00
   5.7590000e+00   5.7551000e+00   5.7552000e+00   5.7189000e+00   4.8413000e+00   4.8727000e+00
   5.9482000e+00   5.9561000e+00   5.9642000e+00   5.9448000e+00   4.6319000e+00   4.6514000e+00
   6.0601000e+00   6.0674000e+00   6.0449000e+00   6.0129000e+00   4.6235000e+00   4.6398000e+00
   6.1922000e+00   6.1975000e+00   6.1590000e+00   6.1223000e+00   4.6540000e+00   4.7084000e+00
   6.1279000e+00   6.2316000e+00   6.2099000e+00   6.2197000e+00   4.6148000e+00   4.6934000e+00
   5.9777000e+00   6.1183000e+00   6.1214000e+00   6.1830000e+00   4.5287000e+00   4.6708000e+00
   5.5617000e+00   6.0035000e+00   5.9994000e+00   6.1748000e+00   4.2881000e+00   4.2551000e+00
   5.0076000e+00   5.6661000e+00   5.6932000e+00   6.0234000e+00   3.6474000e+00   3.5823000e+00
   4.6205000e+00   5.2675000e+00   5.3383000e+00   5.7274000e+00   3.1419000e+00   3.2555000e+00
   4.4844000e+00   4.8677000e+00   4.9853000e+00   5.3219000e+00   3.0289000e+00   3.2643000e+00
   4.5015000e+00   4.5974000e+00   4.7275000e+00   4.9966000e+00   3.3399000e+00   3.6044000e+00
   4.4020000e+00   4.3686000e+00   4.5016000e+00   4.6732000e+00   3.4526000e+00   3.6913000e+00
   4.3800000e+00   4.1944000e+00   4.3314000e+00   4.4206000e+00   3.5029000e+00   3.7507000e+00
   4.1510000e+00   3.8591000e+00   4.0054000e+00   4.0337000e+00   3.8581000e+00   4.0246000e+00
   3.7809000e+00   3.4879000e+00   3.5759000e+00   3.5891000e+00   4.1494000e+00   4.1906000e+00
   3.5634000e+00   3.5671000e+00   3.3935000e+00   3.4437000e+00   4.3236000e+00   4.2555000e+00
   3.6880000e+00   4.3711000e+00   3.7795000e+00   3.9012000e+00   4.5547000e+00   4.4076000e+00
   4.2622000e+00   5.6174000e+00   4.7194000e+00   4.9083000e+00   4.7475000e+00   4.4778000e+00
   5.3367000e+00   6.7868000e+00   5.9553000e+00   6.2338000e+00   4.8306000e+00   4.5348000e+00
   6.6217000e+00   7.4546000e+00   7.0714000e+00   7.3216000e+00   4.9285000e+00   4.7038000e+00
   7.2767000e+00   7.5752000e+00   7.5589000e+00   7.7217000e+00   5.0600000e+00   4.8527000e+00
   7.4671000e+00   7.6875000e+00   7.7012000e+00   7.8083000e+00   5.0913000e+00   4.9261000e+00
   7.6555000e+00   7.7887000e+00   7.8261000e+00   7.8863000e+00   5.0558000e+00   4.9922000e+00
   7.8055000e+00   7.7590000e+00   7.9007000e+00   7.9062000e+00   4.8918000e+00   4.9992000e+00
   7.7756000e+00   7.6297000e+00   7.8082000e+00   7.7621000e+00   4.7161000e+00   4.8787000e+00
   7.6963000e+00   7.5074000e+00   7.6587000e+00   7.5574000e+00   4.7450000e+00   4.8490000e+00
   7.7961000e+00   7.5557000e+00   7.6553000e+00   7.4925000e+00   5.0621000e+00   4.8301000e+00
   8.1808000e+00   7.8341000e+00   7.8923000e+00   7.6658000e+00   5.4896000e+00   4.9528000e+00
   8.6889000e+00   8.2333000e+00   8.2727000e+00   8.0026000e+00   5.6622000e+00   5.1147000e+00
   9.1250000e+00   8.5924000e+00   8.6240000e+00   8.3272000e+00   5.1701000e+00   5.0181000e+00
   9.4356000e+00   8.8205000e+00   8.8523000e+00   8.5686000e+00   4.8928000e+00   4.3744000e+00
   9.9538000e+00   9.2748000e+00   9.1995000e+00   8.9272000e+00   6.4929000e+00   3.7097000e+00
   1.0549800e+01   9.7182000e+00   9.6336000e+00   9.4132000e+00   4.4602000e+00   5.4199000e+00
   1.0918400e+01   9.9077000e+00   9.8843000e+00   9.7334000e+00   4.3520000e+00   3.8918000e+00
   1.0970700e+01   9.8410000e+00   9.8430000e+00   9.7830000e+00   4.3133000e+00   4.4924000e+00
   1.0832900e+01   9.6517000e+00   9.6787000e+00   9.7282000e+00   4.7099000e+00   5.2414000e+00
   1.0569400e+01   9.4044000e+00   9.4421000e+00   9.5829000e+00   6.3450000e+00   3.7627000e+00
   1.0269300e+01   9.1479000e+00   9.1921000e+00   9.3487000e+00   8.2448000e+00   3.9336000e+00
   1.0010000e+01   8.9972000e+00   9.0088000e+00   9.1404000e+00   6.4204000e+00   5.4105000e+00
   9.8114000e+00   8.8971000e+00   8.9079000e+00   8.9952000e+00   4.8410000e+00   5.6699000e+00
   9.6941000e+00   8.8606000e+00   8.8172000e+00   8.8532000e+00   6.5679000e+00   5.1757000e+00
   9.6814000e+00   8.9752000e+00   8.7888000e+00   8.7407000e+00   1.1799500e+01   7.5711000e+00
   9.7038000e+00   9.2328000e+00   9.0376000e+00   8.9729000e+00   9.0752000e+00   8.9350000e+00
   9.8422000e+00   9.4574000e+00   9.3228000e+00   9.3401000e+00   8.8694000e+00   1.0316400e+01
   9.8935000e+00   9.5784000e+00   9.3951000e+00   9.4786000e+00   1.0134200e+01   9.9553000e+00
   9.8319000e+00   9.5719000e+00   9.5139000e+00   9.6388000e+00   1.1068800e+01   1.0150200e+01
   9.8599000e+00   9.6855000e+00   9.6257000e+00   9.7574000e+00   1.1541000e+01   1.0423600e+01
   9.5154000e+00   9.3498000e+00   9.3711000e+00   9.4931000e+00   1.1448600e+01   1.1187500e+01
   9.4049000e+00   9.2417000e+00   9.1508000e+00   9.2306000e+00   1.0736200e+01   1.0751400e+01
   9.4545000e+00   9.2791000e+00   9.2351000e+00   9.3154000e+00   1.1031300e+01   1.0915500e+01
   9.4820000e+00   9.3437000e+00   9.2840000e+00   9.4014000e+00   1.0677300e+01   1.1066200e+01
   9.3822000e+00   9.3197000e+00   9.1945000e+00   9.3213000e+00   1.1609500e+01   1.1684300e+01
   9.6145000e+00   9.5606000e+00   9.4037000e+00   9.4935000e+00   1.1135100e+01   1.0881300e+01
   9.8827000e+00   9.8299000e+00   9.6750000e+00   9.7679000e+00   1.0763500e+01   1.0598400e+01
   9.6121000e+00   9.5483000e+00   9.5879000e+00   9.7381000e+00   1.0880600e+01   1.0516600e+01
   9.8529000e+00   9.6237000e+00   9.7145000e+00   9.8089000e+00   1.1006100e+01   1.0231000e+01
   9.4989000e+00   9.4265000e+00   9.4728000e+00   9.6006000e+00   1.0662600e+01   9.8886000e+00
   9.0691000e+00   9.0630000e+00   9.0875000e+00   9.2461000e+00   1.0197100e+01   9.6321000e+00
   8.6789000e+00   8.6638000e+00   8.6469000e+00   8.7499000e+00   9.6062000e+00   9.6211000e+00
   8.4902000e+00   8.4700000e+00   8.4554000e+00   8.5276000e+00   8.7872000e+00   9.3833000e+00
   8.6254000e+00   8.5084000e+00   8.5047000e+00   8.5291000e+00   8.5916000e+00   9.0848000e+00
   8.3809000e+00   8.2467000e+00   8.2617000e+00   8.2753000e+00   8.3713000e+00   8.6867000e+00
   8.2954000e+00   8.0524000e+00   8.1262000e+00   8.0981000e+00   8.0654000e+00   8.2885000e+00
   7.8636000e+00   7.7049000e+00   7.7707000e+00   7.7792000e+00   7.7116000e+00   7.8785000e+00
   7.9498000e+00   7.7916000e+00   7.8317000e+00   7.8213000e+00   7.4091000e+00   7.7977000e+00
   7.6795000e+00   7.5165000e+00   7.5603000e+00   7.5194000e+00   7.2476000e+00   7.5153000e+00
   7.3961000e+00   7.2074000e+00   7.3190000e+00   7.3213000e+00   7.1424000e+00   7.5774000e+00
   7.3055000e+00   7.1194000e+00   7.2265000e+00   7.2367000e+00   7.1929000e+00   7.6310000e+00
   7.3578000e+00   7.1575000e+00   7.2737000e+00   7.2831000e+00   7.1013000e+00   7.6288000e+00
   7.3390000e+00   7.0950000e+00   7.2810000e+00   7.3118000e+00   6.9761000e+00   7.3719000e+00
   6.8947000e+00   6.5520000e+00   6.8300000e+00   6.8342000e+00   6.8090000e+00   7.2308000e+00
   6.7807000e+00   6.3663000e+00   6.6850000e+00   6.7037000e+00   6.9120000e+00   7.2278000e+00
   6.4126000e+00   6.1088000e+00   6.3292000e+00   6.3396000e+00   7.2469000e+00   7.4585000e+00
   6.3246000e+00   6.1909000e+00   6.2932000e+00   6.2962000e+00   7.3945000e+00   7.4216000e+00
   6.1082000e+00   6.0670000e+00   6.0834000e+00   6.0708000e+00   7.4688000e+00   7.5221000e+00
   6.0296000e+00   5.9667000e+00   5.9889000e+00   5.9626000e+00   7.5112000e+00   7.5536000e+00
   5.9930000e+00   5.8746000e+00   5.9523000e+00   5.9194000e+00   7.5879000e+00   7.6125000e+00
   6.3122000e+00   6.1803000e+00   6.2647000e+00   6.2344000e+00   7.7965000e+00   7.7482000e+00
   6.4336000e+00   6.3173000e+00   6.3520000e+00   6.3183000e+00   7.9115000e+00   7.8135000e+00
   6.3553000e+00   6.1893000e+00   6.2213000e+00   6.1768000e+00   8.0304000e+00   7.8805000e+00
   6.3303000e+00   6.0632000e+00   6.1383000e+00   6.0829000e+00   8.2916000e+00   7.8890000e+00
   6.4276000e+00   6.0528000e+00   6.1949000e+00   6.1376000e+00   8.2515000e+00   7.7311000e+00
   6.6090000e+00   6.2668000e+00   6.3740000e+00   6.3384000e+00   8.0023000e+00   7.7136000e+00
   6.6532000e+00   6.2768000e+00   6.3945000e+00   6.3362000e+00   8.3162000e+00   8.0981000e+00
   6.7211000e+00   6.3747000e+00   6.4795000e+00   6.4202000e+00   8.2025000e+00   7.8838000e+00
   6.7023000e+00   6.3619000e+00   6.4781000e+00   6.4337000e+00   8.1492000e+00   7.8615000e+00
   6.6253000e+00   6.2984000e+00   6.4037000e+00   6.3588000e+00   8.2922000e+00   8.0071000e+00
   6.7266000e+00   6.4539000e+00   6.5061000e+00   6.4595000e+00   8.1469000e+00   7.9189000e+00
   6.6924000e+00   6.5117000e+00   6.5259000e+00   6.4984000e+00   8.2657000e+00   7.9600000e+00
   6.8457000e+00   6.6231000e+00   6.6558000e+00   6.6197000e+00   8.3068000e+00   7.8867000e+00
   6.8825000e+00   6.6494000e+00   6.6910000e+00   6.6579000e+00   8.3420000e+00   7.7765000e+00
   7.1011000e+00   6.9038000e+00   6.9134000e+00   6.8730000e+00   8.5311000e+00   7.7675000e+00
   7.2046000e+00   7.0383000e+00   7.0425000e+00   6.9833000e+00   8.4529000e+00   7.6976000e+00
   7.2490000e+00   7.0824000e+00   7.0980000e+00   7.0360000e+00   8.4054000e+00   7.6506000e+00
   7.3081000e+00   7.1557000e+00   7.1832000e+00   7.1457000e+00   8.4102000e+00   7.5873000e+00
   7.3393000e+00   7.1682000e+00   7.2223000e+00   7.1902000e+00   8.3544000e+00   7.5614000e+00
   7.3136000e+00   7.1650000e+00   7.2060000e+00   7.1749000e+00   8.0468000e+00   7.4567000e+00
   7.1378000e+00   6.9334000e+00   7.0148000e+00   6.9593000e+00   7.8454000e+00   7.6093000e+00
   6.9619000e+00   6.6874000e+00   6.8425000e+00   6.7857000e+00   7.7786000e+00   7.7967000e+00
   6.7832000e+00   6.4593000e+00   6.6565000e+00   6.5928000e+00   7.4461000e+00   7.4373000e+00
   6.6229000e+00   6.2847000e+00   6.4922000e+00   6.4391000e+00   6.9399000e+00   6.9566000e+00
   6.5722000e+00   6.2237000e+00   6.4176000e+00   6.3800000e+00   7.0580000e+00   7.0426000e+00
   6.5087000e+00   6.1367000e+00   6.3334000e+00   6.2958000e+00   6.7595000e+00   6.4344000e+00
   6.2089000e+00   6.0873000e+00   6.1705000e+00   6.1691000e+00   5.6424000e+00   5.4536000e+00
   5.8269000e+00   5.7060000e+00   5.7623000e+00   5.7489000e+00   5.1490000e+00   5.1759000e+00
   5.6262000e+00   5.6022000e+00   5.6034000e+00   5.6062000e+00   5.0180000e+00   5.3672000e+00
   5.2540000e+00   5.2794000e+00   5.2697000e+00   5.2796000e+00   5.7701000e+00   5.9917000e+00
   4.9613000e+00   4.9421000e+00   4.9497000e+00   4.9484000e+00   6.1311000e+00   6.1129000e+00
   4.8533000e+00   4.7095000e+00   4.7628000e+00   4.7225000e+00   6.0015000e+00   6.3238000e+00
   4.8568000e+00   4.6941000e+00   4.7429000e+00   4.7031000e+00   6.3610000e+00   6.6218000e+00
   4.7026000e+00   4.5477000e+00   4.5801000e+00   4.5461000e+00   6.4360000e+00   6.6122000e+00
   4.6274000e+00   4.3872000e+00   4.4503000e+00   4.3993000e+00   6.5099000e+00   6.7160000e+00
   4.6435000e+00   4.3177000e+00   4.4033000e+00   4.3326000e+00   6.8538000e+00   7.0149000e+00
   4.5256000e+00   4.1423000e+00   4.2306000e+00   4.1493000e+00   6.9006000e+00   7.1366000e+00
   4.5122000e+00   4.0390000e+00   4.1396000e+00   4.0290000e+00   6.8260000e+00   7.2542000e+00
   4.5242000e+00   3.9772000e+00   4.1038000e+00   3.9700000e+00   6.8836000e+00   7.4341000e+00
   4.6263000e+00   4.0137000e+00   4.1493000e+00   4.0011000e+00   7.0816000e+00   7.7520000e+00
   4.6963000e+00   4.0286000e+00   4.1641000e+00   3.9918000e+00   7.2617000e+00   8.0429000e+00
   4.7097000e+00   4.1165000e+00   4.2166000e+00   4.0508000e+00   7.2402000e+00   8.2338000e+00
   4.7329000e+00   4.1688000e+00   4.2662000e+00   4.1022000e+00   7.2305000e+00   8.3378000e+00
   4.7960000e+00   4.3125000e+00   4.3817000e+00   4.2357000e+00   7.2148000e+00   8.4038000e+00
   4.8566000e+00   4.4158000e+00   4.4789000e+00   4.3450000e+00   7.3095000e+00   8.5776000e+00
   4.7932000e+00   4.3462000e+00   4.4232000e+00   4.2887000e+00   7.4275000e+00   8.7304000e+00
   4.7434000e+00   4.2680000e+00   4.3663000e+00   4.2305000e+00   7.5206000e+00   8.8417000e+00
   4.7234000e+00   4.2154000e+00   4.3310000e+00   4.1891000e+00   7.6308000e+00   8.9745000e+00
   4.7691000e+00   4.2699000e+00   4.3815000e+00   4.2455000e+00   7.8590000e+00   9.0219000e+00
   4.7373000e+00   4.2335000e+00   4.3558000e+00   4.2216000e+00   7.9313000e+00   9.0422000e+00
   4.6583000e+00   4.1335000e+00   4.2572000e+00   4.1078000e+00   7.9802000e+00   9.1161000e+00
   4.5544000e+00   4.0023000e+00   4.1468000e+00   3.9897000e+00   8.0605000e+00   9.2440000e+00
   4.5482000e+00   3.9878000e+00   4.1378000e+00   3.9833000e+00   8.2788000e+00   9.4331000e+00
   4.4935000e+00   3.9592000e+00   4.0956000e+00   3.9489000e+00   8.6368000e+00   9.6170000e+00
   4.5070000e+00   4.0250000e+00   4.1323000e+00   3.9990000e+00   9.0126000e+00   9.7184000e+00
   4.4920000e+00   4.0404000e+00   4.1342000e+00   4.0067000e+00   9.2706000e+00   9.7500000e+00
   4.5896000e+00   4.1592000e+00   4.2523000e+00   4.1354000e+00   9.5304000e+00   9.7983000e+00
   4.7170000e+00   4.3434000e+00   4.4257000e+00   4.3341000e+00   9.6093000e+00   9.7141000e+00
   4.7148000e+00   4.4142000e+00   4.4710000e+00   4.3964000e+00   9.5852000e+00   9.6152000e+00
   4.8745000e+00   4.6125000e+00   4.6709000e+00   4.6057000e+00   9.5116000e+00   9.4709000e+00
   4.8985000e+00   4.7246000e+00   4.7575000e+00   4.6992000e+00   9.3587000e+00   9.1907000e+00
   4.9953000e+00   4.8396000e+00   4.8886000e+00   4.8157000e+00   9.2373000e+00   9.0185000e+00
   5.2079000e+00   5.1154000e+00   5.1362000e+00   5.0680000e+00   9.0118000e+00   8.8392000e+00
   5.3627000e+00   5.3212000e+00   5.3204000e+00   5.2945000e+00   8.6075000e+00   8.7477000e+00
   5.3752000e+00   5.3625000e+00   5.3628000e+00   5.3452000e+00   8.7928000e+00   9.1518000e+00
   5.4435000e+00   5.4495000e+00   5.4493000e+00   5.4542000e+00   9.1780000e+00   9.3796000e+00
   5.4294000e+00   5.4708000e+00   5.4603000e+00   5.4704000e+00   9.7629000e+00   9.4619000e+00
   5.3807000e+00   5.4878000e+00   5.4522000e+00   5.4886000e+00   9.4725000e+00   9.8249000e+00
   5.2487000e+00   5.3640000e+00   5.3257000e+00   5.3589000e+00   8.1513000e+00   9.1461000e+00
   5.2844000e+00   5.3687000e+00   5.3408000e+00   5.3586000e+00   8.5708000e+00   8.9194000e+00
   5.2790000e+00   5.3282000e+00   5.3166000e+00   5.3293000e+00   9.0274000e+00   8.5900000e+00
   5.3122000e+00   5.3385000e+00   5.3290000e+00   5.3248000e+00   9.5786000e+00   8.3867000e+00
   5.3500000e+00   5.3706000e+00   5.3656000e+00   5.3619000e+00   9.6862000e+00   8.1459000e+00
   5.3844000e+00   5.3579000e+00   5.3680000e+00   5.3458000e+00   9.6743000e+00   8.0889000e+00
   5.4675000e+00   5.4282000e+00   5.4449000e+00   5.4243000e+00   9.5286000e+00   8.1315000e+00
   5.5339000e+00   5.4762000e+00   5.4813000e+00   5.4429000e+00   9.5310000e+00   8.2621000e+00
   5.5714000e+00   5.4814000e+00   5.4811000e+00   5.4146000e+00   9.3631000e+00   8.1946000e+00
   5.7434000e+00   5.6679000e+00   5.6711000e+00   5.6006000e+00   9.3538000e+00   8.2660000e+00
   5.6477000e+00   5.5333000e+00   5.5633000e+00   5.4831000e+00   9.1604000e+00   8.1574000e+00
   5.7723000e+00   5.6287000e+00   5.6891000e+00   5.6169000e+00   9.1160000e+00   8.2798000e+00
   5.7747000e+00   5.6281000e+00   5.7068000e+00   5.6417000e+00   9.1980000e+00   8.4861000e+00
   5.8340000e+00   5.6889000e+00   5.7501000e+00   5.6816000e+00   8.8793000e+00   8.3772000e+00
   5.8458000e+00   5.7009000e+00   5.7513000e+00   5.6791000e+00   8.7339000e+00   8.3827000e+00
   5.8603000e+00   5.6869000e+00   5.7556000e+00   5.6782000e+00   8.3914000e+00   8.5001000e+00
   6.0375000e+00   5.8422000e+00   5.9021000e+00   5.8092000e+00   8.4241000e+00   8.5176000e+00
   6.2133000e+00   6.0403000e+00   6.0891000e+00   5.9855000e+00   8.3842000e+00   8.6062000e+00
   6.1330000e+00   5.9075000e+00   5.9731000e+00   5.8361000e+00   8.4539000e+00   8.7605000e+00
   5.8611000e+00   5.6154000e+00   5.6801000e+00   5.5639000e+00   8.6163000e+00   8.6551000e+00
   5.7244000e+00   5.5710000e+00   5.5965000e+00   5.5098000e+00   8.6383000e+00   8.5407000e+00
   5.5958000e+00   5.4579000e+00   5.4666000e+00   5.3629000e+00   8.6420000e+00   8.5149000e+00
   5.7231000e+00   5.5670000e+00   5.5736000e+00   5.4800000e+00   8.6632000e+00   8.4962000e+00
   5.9016000e+00   5.7703000e+00   5.7679000e+00   5.6814000e+00   8.7924000e+00   8.5158000e+00
   6.0502000e+00   5.9583000e+00   5.9408000e+00   5.8603000e+00   8.8419000e+00   8.6086000e+00
   6.1122000e+00   6.0219000e+00   6.0093000e+00   5.9380000e+00   8.9852000e+00   8.6909000e+00
   6.2934000e+00   6.1920000e+00   6.2018000e+00   6.1444000e+00   9.0720000e+00   8.8453000e+00
   6.3431000e+00   6.2829000e+00   6.2933000e+00   6.2560000e+00   9.1207000e+00   8.9271000e+00
   6.3448000e+00   6.2526000e+00   6.3016000e+00   6.2695000e+00   9.1451000e+00   8.9891000e+00
   6.4423000e+00   6.3383000e+00   6.3877000e+00   6.3440000e+00   8.9105000e+00   9.0395000e+00
   6.4469000e+00   6.3116000e+00   6.3777000e+00   6.3389000e+00   8.6093000e+00   8.8959000e+00
   6.6464000e+00   6.5030000e+00   6.5455000e+00   6.4803000e+00   8.5367000e+00   8.6515000e+00
   6.8041000e+00   6.6877000e+00   6.7195000e+00   6.6524000e+00   8.6446000e+00   8.5797000e+00
   6.8964000e+00   6.8557000e+00   6.8997000e+00   6.8894000e+00   8.8247000e+00   8.6101000e+00
   6.9042000e+00   6.8983000e+00   6.9473000e+00   6.9695000e+00   8.9524000e+00   8.7379000e+00
   6.9826000e+00   6.9357000e+00   7.0055000e+00   7.0121000e+00   9.0587000e+00   8.8495000e+00
   7.1331000e+00   7.0853000e+00   7.1492000e+00   7.1513000e+00   9.1359000e+00   8.9913000e+00
   7.1486000e+00   7.1102000e+00   7.1702000e+00   7.1740000e+00   9.2541000e+00   9.1246000e+00
   7.1814000e+00   7.1568000e+00   7.1878000e+00   7.1808000e+00   9.2683000e+00   9.1378000e+00
   7.2651000e+00   7.2370000e+00   7.2632000e+00   7.2491000e+00   9.2010000e+00   9.0896000e+00
   7.4503000e+00   7.3940000e+00   7.4238000e+00   7.3943000e+00   9.1143000e+00   9.0889000e+00
   7.6685000e+00   7.5867000e+00   7.6270000e+00   7.5900000e+00   9.1609000e+00   9.0575000e+00
   7.9548000e+00   7.8699000e+00   7.9158000e+00   7.8782000e+00   9.2081000e+00   8.9514000e+00
   8.1722000e+00   8.0952000e+00   8.1260000e+00   8.0883000e+00   9.1426000e+00   8.9437000e+00
   8.3292000e+00   8.2492000e+00   8.2781000e+00   8.2391000e+00   9.1116000e+00   9.0700000e+00
   8.5436000e+00   8.4442000e+00   8.4784000e+00   8.4350000e+00   9.1386000e+00   9.1804000e+00
   8.7111000e+00   8.6219000e+00   8.6526000e+00   8.6142000e+00   9.2452000e+00   9.2162000e+00
   8.7423000e+00   8.6684000e+00   8.7109000e+00   8.6859000e+00   9.4793000e+00   9.2008000e+00
   8.7237000e+00   8.6661000e+00   8.7186000e+00   8.7127000e+00   9.5648000e+00   9.1595000e+00
   8.6703000e+00   8.6333000e+00   8.6759000e+00   8.6763000e+00   9.5811000e+00   9.1726000e+00
   8.6622000e+00   8.6125000e+00   8.6485000e+00   8.6368000e+00   9.5897000e+00   9.2177000e+00
   8.6518000e+00   8.6215000e+00   8.6449000e+00   8.6387000e+00   9.7246000e+00   9.4184000e+00
   8.6178000e+00   8.5731000e+00   8.5976000e+00   8.5850000e+00   9.3853000e+00   8.9304000e+00
   8.6685000e+00   8.6132000e+00   8.6437000e+00   8.6121000e+00   8.7299000e+00   8.2557000e+00
   8.7697000e+00   8.7114000e+00   8.7427000e+00   8.7236000e+00   8.3097000e+00   8.1357000e+00
   8.8456000e+00   8.7965000e+00   8.8315000e+00   8.8200000e+00   8.3032000e+00   8.0174000e+00
   8.8611000e+00   8.8475000e+00   8.8741000e+00   8.8832000e+00   8.3614000e+00   8.0175000e+00
   8.7573000e+00   8.7585000e+00   8.8113000e+00   8.8439000e+00   8.7321000e+00   8.8586000e+00
   8.7170000e+00   8.7084000e+00   8.7515000e+00   8.7652000e+00   8.9757000e+00   9.4680000e+00
   8.7785000e+00   8.7201000e+00   8.7558000e+00   8.7352000e+00   9.7178000e+00   1.0024400e+01
   8.7921000e+00   8.7238000e+00   8.7775000e+00   8.7592000e+00   9.8477000e+00   1.0103800e+01
   8.8485000e+00   8.7815000e+00   8.8555000e+00   8.8449000e+00   9.7873000e+00   1.0065300e+01
   9.2096000e+00   9.0996000e+00   9.2001000e+00   9.1859000e+00   9.7912000e+00   1.0088200e+01
   9.6793000e+00   9.8198000e+00   9.8462000e+00   9.9556000e+00   9.8140000e+00   1.0082700e+01
   9.9804000e+00   1.0371600e+01   1.0048000e+01   9.9805000e+00   1.0022700e+01   1.0172900e+01
   9.8736000e+00   1.0053300e+01   1.0060700e+01   1.0020500e+01   9.9911000e+00   1.0129800e+01
   1.0137900e+01   1.0219200e+01   1.0245200e+01   1.0343500e+01   1.0123200e+01   1.0042900e+01
   1.0296600e+01   1.0437100e+01   1.0460600e+01   1.0607300e+01   1.0344800e+01   9.9834000e+00
   1.0558300e+01   1.0666300e+01   1.0613200e+01   1.0732600e+01   1.0320900e+01   9.9903000e+00
   1.0281500e+01   1.0648900e+01   1.0292400e+01   1.0383300e+01   1.0371300e+01   1.0038600e+01
   9.3037000e+00   9.6766000e+00   9.4709000e+00   9.5306000e+00   1.0414900e+01   1.0067100e+01
   9.2692000e+00   9.4018000e+00   9.3423000e+00   9.3448000e+00   1.0111600e+01   1.0267600e+01
   9.2707000e+00   9.3547000e+00   9.4122000e+00   9.5488000e+00   9.4340000e+00   1.0226300e+01
   9.2146000e+00   9.4597000e+00   9.3048000e+00   9.3848000e+00   9.8185000e+00   9.7687000e+00
   9.1106000e+00   9.2029000e+00   9.2432000e+00   9.2958000e+00   9.7099000e+00   9.5876000e+00
   9.3682000e+00   9.3987000e+00   9.5079000e+00   9.5737000e+00   9.8021000e+00   9.4923000e+00
   9.5356000e+00   9.5648000e+00   9.6056000e+00   9.6663000e+00   1.0059900e+01   9.5621000e+00
   9.4774000e+00   9.5490000e+00   9.6567000e+00   9.7866000e+00   1.0106200e+01   9.5560000e+00
   9.6410000e+00   9.7075000e+00   9.8001000e+00   9.9282000e+00   1.0131400e+01   9.6530000e+00
   9.9573000e+00   1.0034700e+01   1.0111400e+01   1.0267400e+01   1.0080200e+01   9.9017000e+00
   1.0245700e+01   1.0368600e+01   1.0271300e+01   1.0334200e+01   1.0063700e+01   1.0169700e+01
   1.0027400e+01   1.0126400e+01   1.0028100e+01   1.0061600e+01   9.8024000e+00   1.0184900e+01
   9.7411000e+00   9.7808000e+00   9.7206000e+00   9.7136000e+00   9.4050000e+00   9.8010000e+00
   9.4627000e+00   9.4898000e+00   9.4850000e+00   9.5343000e+00   9.5182000e+00   9.3963000e+00
   9.1129000e+00   9.2202000e+00   9.2417000e+00   9.3472000e+00   9.6616000e+00   9.1523000e+00
   8.7444000e+00   8.8993000e+00   8.9253000e+00   9.0205000e+00   9.5300000e+00   9.1402000e+00
   8.5054000e+00   8.6226000e+00   8.6543000e+00   8.7468000e+00   9.4764000e+00   9.1342000e+00
   8.5451000e+00   8.6760000e+00   8.6246000e+00   8.6399000e+00   9.3840000e+00   9.0592000e+00
   8.7749000e+00   8.8199000e+00   8.7430000e+00   8.7039000e+00   9.1657000e+00   8.9584000e+00
   8.9827000e+00   9.0476000e+00   9.0129000e+00   9.0447000e+00   9.0969000e+00   8.9381000e+00
   9.0311000e+00   9.1197000e+00   9.0524000e+00   9.1088000e+00   8.9704000e+00   8.9647000e+00
   9.0459000e+00   9.1008000e+00   9.0907000e+00   9.1919000e+00   8.8692000e+00   8.9689000e+00
   9.0730000e+00   9.0601000e+00   9.1490000e+00   9.2648000e+00   8.8163000e+00   8.9619000e+00
   9.1104000e+00   9.0511000e+00   9.1552000e+00   9.2273000e+00   8.7076000e+00   8.9224000e+00
   9.2313000e+00   9.1545000e+00   9.1901000e+00   9.2183000e+00   8.7081000e+00   8.8741000e+00
   9.2925000e+00   9.3650000e+00   9.3119000e+00   9.4065000e+00   8.4535000e+00   8.6499000e+00
   9.1352000e+00   9.2667000e+00   9.1367000e+00   9.2148000e+00   8.2083000e+00   8.2766000e+00
   9.2382000e+00   9.4314000e+00   9.2149000e+00   9.2579000e+00   8.3076000e+00   8.4091000e+00
   9.1601000e+00   9.2764000e+00   9.1100000e+00   9.1328000e+00   8.1697000e+00   8.2721000e+00
   9.1918000e+00   9.3832000e+00   9.2058000e+00   9.2612000e+00   7.8703000e+00   8.0653000e+00
   9.0868000e+00   9.2320000e+00   9.1097000e+00   9.1734000e+00   7.8139000e+00   8.0692000e+00
   9.3056000e+00   9.3709000e+00   9.2928000e+00   9.3455000e+00   7.7705000e+00   7.9173000e+00
   9.2989000e+00   9.4017000e+00   9.2989000e+00   9.3769000e+00   7.5566000e+00   7.8128000e+00
   9.3975000e+00   9.4798000e+00   9.4043000e+00   9.4683000e+00   7.4561000e+00   7.7938000e+00
   9.4408000e+00   9.5638000e+00   9.5097000e+00   9.6088000e+00   7.5931000e+00   7.8499000e+00
   9.3247000e+00   9.4925000e+00   9.4398000e+00   9.5784000e+00   7.6930000e+00   7.5919000e+00
   9.0751000e+00   9.3270000e+00   9.2458000e+00   9.4125000e+00   7.5965000e+00   7.5764000e+00
   8.8838000e+00   9.1097000e+00   9.0513000e+00   9.1962000e+00   7.5140000e+00   7.5526000e+00
   8.8267000e+00   8.9701000e+00   8.9565000e+00   9.0658000e+00   7.2551000e+00   7.2980000e+00
   8.7741000e+00   8.9093000e+00   8.8719000e+00   8.9701000e+00   7.1526000e+00   7.1381000e+00
   8.6923000e+00   8.8240000e+00   8.7820000e+00   8.8724000e+00   6.9963000e+00   6.9829000e+00
   8.6669000e+00   8.7494000e+00   8.7202000e+00   8.7884000e+00   6.9016000e+00   6.8623000e+00
   8.5712000e+00   8.6519000e+00   8.6154000e+00   8.6674000e+00   6.8534000e+00   6.9407000e+00
   8.5286000e+00   8.6065000e+00   8.5910000e+00   8.6638000e+00   7.1962000e+00   6.9844000e+00
   8.4181000e+00   8.5305000e+00   8.4919000e+00   8.5769000e+00   6.9844000e+00   6.8863000e+00
   8.2740000e+00   8.4107000e+00   8.3347000e+00   8.4075000e+00   6.8846000e+00   6.8932000e+00
   7.9702000e+00   8.0801000e+00   8.0665000e+00   8.1519000e+00   6.7989000e+00   6.6047000e+00
   8.0495000e+00   8.0887000e+00   8.1114000e+00   8.1721000e+00   6.7494000e+00   6.3110000e+00
   8.0154000e+00   8.0593000e+00   8.0386000e+00   8.0830000e+00   6.8818000e+00   6.6911000e+00
   7.8462000e+00   7.9340000e+00   7.8450000e+00   7.8721000e+00   6.7092000e+00   6.6334000e+00
   7.4979000e+00   7.5941000e+00   7.5220000e+00   7.5474000e+00   6.2699000e+00   6.1777000e+00
   7.6094000e+00   7.6619000e+00   7.6707000e+00   7.7138000e+00   5.8317000e+00   5.9948000e+00
   7.6734000e+00   7.7974000e+00   7.7497000e+00   7.8127000e+00   5.2581000e+00   6.0770000e+00
   7.6935000e+00   7.7414000e+00   7.6945000e+00   7.7284000e+00   5.4215000e+00   5.8179000e+00
   7.6223000e+00   7.7298000e+00   7.6345000e+00   7.6580000e+00   5.3567000e+00   5.2415000e+00
   7.4158000e+00   7.5009000e+00   7.4540000e+00   7.4844000e+00   5.3410000e+00   4.9838000e+00
   7.3756000e+00   7.3916000e+00   7.3750000e+00   7.3656000e+00   6.1160000e+00   5.3989000e+00
   7.1892000e+00   7.4350000e+00   7.3787000e+00   7.4696000e+00   6.2527000e+00   5.6913000e+00
   6.7936000e+00   7.0012000e+00   7.0154000e+00   7.1971000e+00   5.1215000e+00   5.6983000e+00
   6.6544000e+00   6.8976000e+00   6.7192000e+00   6.7951000e+00   4.3740000e+00   5.6134000e+00
   6.4044000e+00   6.6212000e+00   6.4202000e+00   6.4603000e+00   4.5719000e+00   5.5491000e+00
   6.7237000e+00   6.8160000e+00   6.5661000e+00   6.4794000e+00   5.1506000e+00   5.5506000e+00
   6.6567000e+00   6.8731000e+00   6.7118000e+00   6.7012000e+00   5.4720000e+00   5.6018000e+00
   6.3953000e+00   6.5060000e+00   6.4548000e+00   6.5243000e+00   5.5613000e+00   5.7095000e+00
   6.7078000e+00   6.7375000e+00   6.5631000e+00   6.5311000e+00   5.8101000e+00   5.6414000e+00
   6.5819000e+00   6.9005000e+00   6.6695000e+00   6.6920000e+00   6.0804000e+00   5.6263000e+00
   6.8543000e+00   6.9803000e+00   6.7472000e+00   6.6580000e+00   6.2898000e+00   5.8431000e+00
   6.9605000e+00   6.8868000e+00   6.8291000e+00   6.7710000e+00   6.1971000e+00   5.9659000e+00
   6.6738000e+00   6.9399000e+00   6.7431000e+00   6.8812000e+00   6.1442000e+00   5.8975000e+00
   6.8891000e+00   6.9760000e+00   6.8384000e+00   6.7672000e+00   6.3120000e+00   6.0447000e+00
   7.1446000e+00   7.1980000e+00   6.9825000e+00   6.8668000e+00   6.6041000e+00   6.2517000e+00
   7.0299000e+00   7.1807000e+00   7.0474000e+00   7.0625000e+00   6.8192000e+00   6.3394000e+00
   7.2334000e+00   7.2998000e+00   7.1878000e+00   7.1849000e+00   7.1914000e+00   6.4829000e+00
   7.1359000e+00   7.2756000e+00   7.3348000e+00   7.4623000e+00   7.3267000e+00   6.6012000e+00
   7.2430000e+00   7.2903000e+00   7.2821000e+00   7.3372000e+00   7.3206000e+00   6.5191000e+00
   7.4061000e+00   7.5086000e+00   7.3751000e+00   7.4029000e+00   7.5128000e+00   6.8418000e+00
   7.6703000e+00   7.7082000e+00   7.5078000e+00   7.4203000e+00   7.1341000e+00   6.6866000e+00
   7.8472000e+00   8.1210000e+00   7.8685000e+00   7.9083000e+00   6.2071000e+00   6.1226000e+00
   8.0401000e+00   8.1546000e+00   7.9773000e+00   8.0160000e+00   6.4944000e+00   5.5335000e+00
   8.1437000e+00   8.1660000e+00   8.0212000e+00   8.0013000e+00   7.0512000e+00   6.3316000e+00
   8.3552000e+00   8.3958000e+00   8.2100000e+00   8.1578000e+00   6.7389000e+00   6.9192000e+00
   8.5708000e+00   8.5751000e+00   8.3673000e+00   8.2837000e+00   7.4412000e+00   6.6847000e+00
   8.5666000e+00   8.8917000e+00   8.5991000e+00   8.6211000e+00   8.2825000e+00   7.2604000e+00
   8.5153000e+00   8.6522000e+00   8.4390000e+00   8.4401000e+00   8.0273000e+00   6.7441000e+00
   8.6802000e+00   8.8352000e+00   8.6353000e+00   8.6244000e+00   6.6297000e+00   6.6999000e+00
   9.1006000e+00   9.4406000e+00   9.2126000e+00   9.2921000e+00   6.6177000e+00   5.8407000e+00
   8.9958000e+00   9.2566000e+00   8.9672000e+00   9.0525000e+00   6.7859000e+00   6.4318000e+00
   9.3853000e+00   9.5372000e+00   9.3470000e+00   9.3430000e+00   6.4544000e+00   6.0535000e+00
   1.0005500e+01   9.8330000e+00   9.7802000e+00   9.7453000e+00   6.3969000e+00   5.8509000e+00
   9.7407000e+00   1.0086500e+01   9.8629000e+00   9.9758000e+00   6.6747000e+00   5.7715000e+00
   9.5197000e+00   9.8925000e+00   9.6658000e+00   9.7999000e+00   6.8009000e+00   5.9464000e+00
   8.9572000e+00   9.6330000e+00   9.2827000e+00   9.5162000e+00   6.7944000e+00   5.8231000e+00
   9.2122000e+00   9.1288000e+00   9.0795000e+00   9.0142000e+00   6.1250000e+00   5.9221000e+00
   9.9299000e+00   9.9555000e+00   9.6276000e+00   9.4717000e+00   5.9576000e+00   5.6507000e+00
   1.0205700e+01   1.0229000e+01   1.0032300e+01   1.0064700e+01   6.3892000e+00   5.6213000e+00
   9.8994000e+00   1.0108300e+01   9.9632000e+00   1.0140900e+01   6.3610000e+00   5.9969000e+00
   9.9585000e+00   1.0035200e+01   9.8144000e+00   9.7870000e+00   6.2970000e+00   6.1626000e+00
   1.0307000e+01   1.0434200e+01   1.0296600e+01   1.0313600e+01   6.2857000e+00   6.0294000e+00
   9.7376000e+00   1.0150800e+01   1.0087400e+01   1.0324900e+01   6.3039000e+00   6.0916000e+00
   9.2677000e+00   9.5965000e+00   9.6670000e+00   9.8894000e+00   6.3156000e+00   5.9405000e+00
   8.6185000e+00   9.0945000e+00   8.9514000e+00   9.1455000e+00   6.2284000e+00   5.9614000e+00
   8.1349000e+00   8.3474000e+00   8.2944000e+00   8.3990000e+00   6.0437000e+00   6.0072000e+00
   8.1418000e+00   8.3376000e+00   8.2166000e+00   8.3338000e+00   5.8302000e+00   5.9982000e+00
   7.7825000e+00   7.9924000e+00   7.9837000e+00   8.0502000e+00   5.5440000e+00   5.9709000e+00
   7.7563000e+00   7.6631000e+00   7.7592000e+00   7.8755000e+00   5.4246000e+00   6.0466000e+00
   7.9668000e+00   8.2299000e+00   8.2290000e+00   8.3395000e+00   5.4876000e+00   6.1400000e+00
   8.0303000e+00   7.7810000e+00   7.8331000e+00   7.8266000e+00   5.6742000e+00   6.2892000e+00
   8.0601000e+00   8.2525000e+00   8.1706000e+00   8.3506000e+00   5.8988000e+00   6.2014000e+00
   8.7398000e+00   8.3920000e+00   8.4058000e+00   8.2731000e+00   6.1169000e+00   6.2153000e+00
   8.8317000e+00   8.8008000e+00   8.9440000e+00   8.9832000e+00   6.2343000e+00   6.6556000e+00
   8.4805000e+00   8.7344000e+00   8.6676000e+00   8.8097000e+00   6.3133000e+00   6.8827000e+00
   8.1885000e+00   8.2375000e+00   8.2467000e+00   8.4164000e+00   6.4219000e+00   6.6126000e+00
   8.4572000e+00   8.5109000e+00   8.4387000e+00   8.4266000e+00   6.3672000e+00   6.0049000e+00
   8.2506000e+00   8.4136000e+00   8.3507000e+00   8.4284000e+00   6.3642000e+00   6.0368000e+00
   7.7959000e+00   7.9786000e+00   7.9627000e+00   8.0668000e+00   6.6691000e+00   6.2814000e+00
   7.6620000e+00   7.7368000e+00   7.7084000e+00   7.7541000e+00   6.7805000e+00   6.3534000e+00
   7.3395000e+00   7.4910000e+00   7.4506000e+00   7.5187000e+00   6.8439000e+00   6.5914000e+00
   7.2998000e+00   7.3908000e+00   7.3581000e+00   7.4004000e+00   6.3858000e+00   6.8519000e+00
   7.4023000e+00   7.4475000e+00   7.4631000e+00   7.5086000e+00   6.4545000e+00   7.2109000e+00
   7.5537000e+00   7.5680000e+00   7.5866000e+00   7.6333000e+00   6.7360000e+00   7.2870000e+00
   7.5494000e+00   7.5738000e+00   7.5389000e+00   7.5628000e+00   7.1427000e+00   7.2048000e+00
   7.8146000e+00   7.7934000e+00   7.7431000e+00   7.7392000e+00   7.0827000e+00   6.8609000e+00
   7.8075000e+00   7.9145000e+00   7.7988000e+00   7.8291000e+00   7.0072000e+00   7.0921000e+00
   7.8036000e+00   7.8787000e+00   7.8361000e+00   7.8831000e+00   7.5660000e+00   7.6113000e+00
   7.7393000e+00   7.9164000e+00   7.8200000e+00   7.9057000e+00   7.7667000e+00   7.8071000e+00
   7.6170000e+00   7.7020000e+00   7.6380000e+00   7.7038000e+00   7.3661000e+00   7.5618000e+00
   7.4263000e+00   7.4838000e+00   7.4597000e+00   7.5271000e+00   7.4708000e+00   7.8826000e+00
   7.4198000e+00   7.4667000e+00   7.4744000e+00   7.5525000e+00   7.6323000e+00   7.9187000e+00
   7.4000000e+00   7.5521000e+00   7.5289000e+00   7.6629000e+00   7.8185000e+00   7.9754000e+00
   7.3378000e+00   7.4033000e+00   7.4215000e+00   7.5083000e+00   8.2719000e+00   8.2406000e+00
   7.1948000e+00   7.2390000e+00   7.2756000e+00   7.3699000e+00   8.3262000e+00   8.0933000e+00
   7.2822000e+00   7.3101000e+00   7.3521000e+00   7.4280000e+00   8.2177000e+00   8.0097000e+00
   7.1679000e+00   7.2761000e+00   7.2793000e+00   7.3790000e+00   8.1775000e+00   7.9713000e+00
   7.1981000e+00   7.2373000e+00   7.2567000e+00   7.3310000e+00   8.2504000e+00   8.1252000e+00
   7.3062000e+00   7.2779000e+00   7.3372000e+00   7.3955000e+00   7.9992000e+00   7.9942000e+00
   7.3943000e+00   7.4003000e+00   7.4056000e+00   7.4514000e+00   7.5896000e+00   7.8262000e+00
   7.1763000e+00   7.1798000e+00   7.2275000e+00   7.2902000e+00   7.3154000e+00   7.5233000e+00
   6.9136000e+00   7.0188000e+00   6.9878000e+00   7.0573000e+00   7.0081000e+00   7.0487000e+00
   6.7348000e+00   6.7805000e+00   6.7826000e+00   6.8407000e+00   6.7798000e+00   6.6755000e+00
   6.5968000e+00   6.6369000e+00   6.6374000e+00   6.6936000e+00   6.6987000e+00   6.3450000e+00
   6.6397000e+00   6.6638000e+00   6.6663000e+00   6.7114000e+00   6.7134000e+00   6.2225000e+00
   6.4696000e+00   6.5131000e+00   6.5152000e+00   6.5662000e+00   6.6506000e+00   6.2206000e+00
   6.3828000e+00   6.3717000e+00   6.4035000e+00   6.4329000e+00   6.4914000e+00   6.2662000e+00
   6.2050000e+00   6.2701000e+00   6.2681000e+00   6.3168000e+00   6.4590000e+00   6.3672000e+00
   5.9829000e+00   6.0672000e+00   6.0464000e+00   6.0968000e+00   6.2485000e+00   6.2938000e+00
   5.9006000e+00   6.0043000e+00   5.9767000e+00   6.0228000e+00   5.7201000e+00   5.5271000e+00
   5.9774000e+00   6.0249000e+00   6.0400000e+00   6.0726000e+00   5.2877000e+00   5.2881000e+00
   6.2903000e+00   6.2252000e+00   6.2975000e+00   6.2958000e+00   5.2169000e+00   4.3533000e+00
