  -5.3478000e+00  -5.2969000e+00  -5.3034000e+00  -5.2791000e+00  -5.3752000e+00  -5.3980000e+00
  -5.3760000e+00  -5.3200000e+00  -5.3295000e+00  -5.3047000e+00  -5.4312000e+00  -5.4305000e+00
  -5.4024000e+00  -5.3399000e+00  -5.3520000e+00  -5.3268000e+00  -5.4907000e+00  -5.4704000e+00
  -5.4407000e+00  -5.3666000e+00  -5.3836000e+00  -5.3557000e+00  -5.5439000e+00  -5.5065000e+00
  -5.4394000e+00  -5.3837000e+00  -5.3890000e+00  -5.3579000e+00  -5.6013000e+00  -5.5508000e+00
  -5.4369000e+00  -5.3719000e+00  -5.4002000e+00  -5.3715000e+00  -5.6709000e+00  -5.5966000e+00
  -5.4323000e+00  -5.3786000e+00  -5.4142000e+00  -5.3919000e+00  -5.7396000e+00  -5.6326000e+00
  -5.4239000e+00  -5.3781000e+00  -5.4135000e+00  -5.3915000e+00  -5.7968000e+00  -5.6655000e+00
  -5.4237000e+00  -5.3794000e+00  -5.4167000e+00  -5.3927000e+00  -5.8521000e+00  -5.7120000e+00
  -5.4489000e+00  -5.3854000e+00  -5.4461000e+00  -5.4326000e+00  -5.9029000e+00  -5.7857000e+00
  -5.4747000e+00  -5.4468000e+00  -5.4795000e+00  -5.4620000e+00  -5.9450000e+00  -5.8712000e+00
  -5.5566000e+00  -5.4989000e+00  -5.5372000e+00  -5.5024000e+00  -5.9911000e+00  -5.9461000e+00
  -5.6510000e+00  -5.5749000e+00  -5.5908000e+00  -5.5482000e+00  -6.0799000e+00  -6.0013000e+00
  -5.6594000e+00  -5.5682000e+00  -5.5904000e+00  -5.5509000e+00  -6.1743000e+00  -6.1108000e+00
  -5.7372000e+00  -5.5617000e+00  -5.6432000e+00  -5.5925000e+00  -6.2754000e+00  -6.1603000e+00
  -5.8144000e+00  -5.6639000e+00  -5.7404000e+00  -5.7161000e+00  -6.3553000e+00  -6.2207000e+00
  -5.8629000e+00  -5.7157000e+00  -5.7610000e+00  -5.7126000e+00  -6.4191000e+00  -6.2493000e+00
  -6.0255000e+00  -5.8286000e+00  -5.9088000e+00  -5.8604000e+00  -6.3820000e+00  -6.3060000e+00
  -6.0208000e+00  -5.9331000e+00  -5.9340000e+00  -5.8762000e+00  -6.3631000e+00  -6.3342000e+00
  -6.1383000e+00  -6.0590000e+00  -6.1014000e+00  -6.0918000e+00  -6.2094000e+00  -6.1874000e+00
  -6.1221000e+00  -6.1358000e+00  -6.1164000e+00  -6.1183000e+00  -5.9393000e+00  -5.9476000e+00
  -6.1113000e+00  -6.1007000e+00  -6.0989000e+00  -6.0964000e+00  -5.6759000e+00  -5.7000000e+00
  -6.1026000e+00  -6.1520000e+00  -6.1002000e+00  -6.1182000e+00  -5.3747000e+00  -5.4019000e+00
  -6.0034000e+00  -6.1174000e+00  -6.0170000e+00  -6.0444000e+00  -5.1098000e+00  -5.1192000e+00
  -5.9495000e+00  -5.9904000e+00  -5.9423000e+00  -6.0064000e+00  -4.8236000e+00  -4.7993000e+00
  -5.8182000e+00  -5.9140000e+00  -5.8490000e+00  -5.9512000e+00  -4.4830000e+00  -4.4451000e+00
  -5.6789000e+00  -5.8429000e+00  -5.7512000e+00  -5.8586000e+00  -4.1744000e+00  -4.1183000e+00
  -5.5706000e+00  -5.7481000e+00  -5.6468000e+00  -5.7495000e+00  -3.8385000e+00  -3.8872000e+00
  -5.3948000e+00  -5.6414000e+00  -5.4844000e+00  -5.5976000e+00  -3.5157000e+00  -3.6027000e+00
  -5.2049000e+00  -5.4944000e+00  -5.2627000e+00  -5.3648000e+00  -3.2305000e+00  -3.3325000e+00
  -5.1492000e+00  -5.3447000e+00  -5.1082000e+00  -5.1975000e+00  -2.8669000e+00  -2.9850000e+00
  -5.0046000e+00  -5.2369000e+00  -5.0459000e+00  -5.1460000e+00  -2.5123000e+00  -2.5855000e+00
  -4.8289000e+00  -5.2047000e+00  -5.0245000e+00  -5.1585000e+00  -2.1748000e+00  -2.2181000e+00
  -4.4863000e+00  -5.0377000e+00  -4.8742000e+00  -5.0779000e+00  -1.7524000e+00  -1.8175000e+00
  -4.0151000e+00  -4.7875000e+00  -4.5127000e+00  -4.7574000e+00  -1.3210000e+00  -1.4107000e+00
  -3.6435000e+00  -4.3570000e+00  -4.1178000e+00  -4.3986000e+00  -9.9650000e-01  -1.1132000e+00
  -3.5478000e+00  -4.0674000e+00  -3.9808000e+00  -4.3303000e+00  -7.0910000e-01  -8.0210000e-01
  -3.4706000e+00  -3.9498000e+00  -3.9836000e+00  -4.2231000e+00  -3.7750000e-01  -4.8920000e-01
  -3.1675000e+00  -3.6583000e+00  -3.6905000e+00  -3.9279000e+00  -9.0000000e-02  -1.4390000e-01
  -2.9543000e+00  -3.4844000e+00  -3.5573000e+00  -3.8109000e+00  -1.5320000e-01   1.6360000e-01
  -2.8890000e+00  -3.4481000e+00  -3.3528000e+00  -3.6228000e+00  -1.2900000e-01   2.2760000e-01
  -2.4582000e+00  -3.2160000e+00  -2.9891000e+00  -3.1644000e+00  -7.4300000e-02   5.1620000e-01
  -2.4024000e+00  -2.8781000e+00  -2.8613000e+00  -3.0584000e+00  -3.1700000e-02   5.9150000e-01
  -2.7266000e+00  -3.0171000e+00  -3.1617000e+00  -3.4568000e+00   1.3070000e-01   4.2110000e-01
  -3.3595000e+00  -3.2489000e+00  -3.4714000e+00  -3.8559000e+00   4.4900000e-01   6.3610000e-01
  -3.7546000e+00  -4.5821000e+00  -3.7801000e+00  -4.2238000e+00   8.4010000e-01   8.8980000e-01
  -4.8128000e+00  -5.1889000e+00  -4.1280000e+00  -4.1850000e+00   1.0383000e+00   6.3300000e-01
  -4.9377000e+00  -5.0963000e+00  -4.7728000e+00  -4.8009000e+00   1.0157000e+00  -1.0190000e-01
  -4.7264000e+00  -4.7191000e+00  -4.6912000e+00  -4.8563000e+00   7.9160000e-01  -2.3560000e-01
  -4.8487000e+00  -4.7940000e+00  -4.7255000e+00  -4.9411000e+00   7.0000000e-04  -1.0849000e+00
  -5.0385000e+00  -4.9399000e+00  -4.8439000e+00  -5.0458000e+00  -6.4350000e-01  -1.5436000e+00
  -4.9144000e+00  -4.9548000e+00  -4.6457000e+00  -4.7617000e+00  -8.8290000e-01  -1.6376000e+00
  -4.8866000e+00  -4.8167000e+00  -4.6635000e+00  -4.8321000e+00  -9.9360000e-01  -1.7493000e+00
  -4.8533000e+00  -4.7738000e+00  -4.5160000e+00  -4.6452000e+00  -1.2108000e+00  -1.7421000e+00
  -4.3521000e+00  -4.3522000e+00  -3.9495000e+00  -4.0072000e+00  -1.7396000e+00  -1.8525000e+00
  -4.1551000e+00  -4.3365000e+00  -3.9322000e+00  -4.0420000e+00  -1.7625000e+00  -2.0174000e+00
  -4.4029000e+00  -4.6188000e+00  -4.3589000e+00  -4.4139000e+00  -1.6246000e+00  -2.3604000e+00
  -4.5715000e+00  -4.7622000e+00  -4.3765000e+00  -4.4050000e+00  -1.4588000e+00  -2.9314000e+00
  -4.4802000e+00  -4.4945000e+00  -4.0769000e+00  -4.0950000e+00  -1.6999000e+00  -3.1500000e+00
  -4.0872000e+00  -4.0027000e+00  -4.0851000e+00  -4.2647000e+00  -2.3798000e+00  -3.0681000e+00
  -4.4301000e+00  -4.4593000e+00  -4.2166000e+00  -4.2066000e+00  -2.7723000e+00  -3.2315000e+00
  -4.1844000e+00  -4.4048000e+00  -3.9626000e+00  -3.9323000e+00  -2.9867000e+00  -3.3590000e+00
  -3.9634000e+00  -4.2027000e+00  -3.8264000e+00  -3.7800000e+00  -3.2170000e+00  -3.2004000e+00
  -3.9877000e+00  -4.0732000e+00  -3.9572000e+00  -3.9769000e+00  -3.3357000e+00  -3.2139000e+00
  -4.2798000e+00  -4.3424000e+00  -4.2591000e+00  -4.2762000e+00  -3.3597000e+00  -3.4750000e+00
  -4.6139000e+00  -4.6403000e+00  -4.7235000e+00  -4.8017000e+00  -3.4576000e+00  -3.7085000e+00
  -5.0963000e+00  -5.0353000e+00  -5.0833000e+00  -5.0961000e+00  -3.6693000e+00  -3.8849000e+00
  -5.4117000e+00  -5.3282000e+00  -5.3518000e+00  -5.3359000e+00  -3.9090000e+00  -4.1055000e+00
  -5.6482000e+00  -5.5703000e+00  -5.6017000e+00  -5.5891000e+00  -4.1543000e+00  -4.3468000e+00
  -5.8036000e+00  -5.7279000e+00  -5.7528000e+00  -5.7377000e+00  -4.3910000e+00  -4.5326000e+00
  -5.8909000e+00  -5.8032000e+00  -5.8100000e+00  -5.7867000e+00  -4.5849000e+00  -4.6775000e+00
  -5.9337000e+00  -5.8524000e+00  -5.8213000e+00  -5.7791000e+00  -4.7386000e+00  -4.7975000e+00
  -5.9244000e+00  -5.7987000e+00  -5.7808000e+00  -5.7371000e+00  -4.8720000e+00  -4.9088000e+00
  -5.8587000e+00  -5.7502000e+00  -5.7594000e+00  -5.7508000e+00  -5.0247000e+00  -5.0245000e+00
  -5.8106000e+00  -5.7739000e+00  -5.7576000e+00  -5.7554000e+00  -5.1629000e+00  -5.1080000e+00
  -5.8084000e+00  -5.7859000e+00  -5.7688000e+00  -5.7625000e+00  -5.2619000e+00  -5.1561000e+00
  -5.7887000e+00  -5.7611000e+00  -5.7711000e+00  -5.7744000e+00  -5.3344000e+00  -5.1810000e+00
  -5.7894000e+00  -5.7457000e+00  -5.7476000e+00  -5.7213000e+00  -5.3397000e+00  -5.2297000e+00
  -5.8313000e+00  -5.7470000e+00  -5.7442000e+00  -5.6861000e+00  -5.3173000e+00  -5.3110000e+00
  -5.8756000e+00  -5.7439000e+00  -5.7654000e+00  -5.6976000e+00  -5.3104000e+00  -5.3786000e+00
  -5.8830000e+00  -5.7245000e+00  -5.7872000e+00  -5.7245000e+00  -5.3351000e+00  -5.4178000e+00
  -5.8628000e+00  -5.7088000e+00  -5.7838000e+00  -5.7314000e+00  -5.3949000e+00  -5.4141000e+00
  -5.8268000e+00  -5.6974000e+00  -5.7569000e+00  -5.7131000e+00  -5.4498000e+00  -5.3588000e+00
  -5.8254000e+00  -5.7203000e+00  -5.7343000e+00  -5.6820000e+00  -5.4847000e+00  -5.2606000e+00
  -5.7920000e+00  -5.7072000e+00  -5.6948000e+00  -5.6430000e+00  -5.4631000e+00  -5.1905000e+00
  -5.6984000e+00  -5.6325000e+00  -5.6172000e+00  -5.5803000e+00  -5.4137000e+00  -5.1104000e+00
  -5.5963000e+00  -5.5497000e+00  -5.5085000e+00  -5.4767000e+00  -5.4255000e+00  -4.9678000e+00
  -5.4903000e+00  -5.4908000e+00  -5.3853000e+00  -5.3560000e+00  -5.4258000e+00  -4.8352000e+00
  -5.3482000e+00  -5.4028000e+00  -5.2394000e+00  -5.2195000e+00  -5.3523000e+00  -4.7185000e+00
  -5.2023000e+00  -5.3269000e+00  -5.1141000e+00  -5.0945000e+00  -5.2045000e+00  -4.5581000e+00
  -5.0832000e+00  -5.2490000e+00  -5.0122000e+00  -4.9953000e+00  -5.0233000e+00  -4.3388000e+00
  -5.0884000e+00  -5.2306000e+00  -5.0169000e+00  -4.9914000e+00  -4.7871000e+00  -4.1590000e+00
  -5.0227000e+00  -5.0911000e+00  -5.0376000e+00  -5.0470000e+00  -4.5851000e+00  -4.0942000e+00
  -4.8387000e+00  -4.8572000e+00  -4.9356000e+00  -4.9696000e+00  -4.4784000e+00  -4.1691000e+00
  -4.7659000e+00  -4.7550000e+00  -4.8050000e+00  -4.8080000e+00  -4.4084000e+00  -4.2874000e+00
  -4.8926000e+00  -4.8383000e+00  -4.8617000e+00  -4.8421000e+00  -4.3441000e+00  -4.2371000e+00
  -4.9732000e+00  -4.8969000e+00  -4.9324000e+00  -4.9353000e+00  -4.3887000e+00  -4.0989000e+00
  -4.9567000e+00  -4.9128000e+00  -4.9486000e+00  -4.9554000e+00  -4.6393000e+00  -4.0980000e+00
  -4.9733000e+00  -5.0221000e+00  -4.9830000e+00  -4.9701000e+00  -4.5811000e+00  -4.1773000e+00
  -4.9784000e+00  -5.1222000e+00  -5.0670000e+00  -5.0936000e+00  -4.3329000e+00  -4.2231000e+00
  -4.8548000e+00  -5.1075000e+00  -5.0136000e+00  -5.1182000e+00  -4.2253000e+00  -4.2484000e+00
  -4.7983000e+00  -4.9914000e+00  -4.9270000e+00  -5.0193000e+00  -4.2067000e+00  -4.2953000e+00
  -4.9080000e+00  -4.8842000e+00  -4.9942000e+00  -5.0447000e+00  -4.2661000e+00  -4.2534000e+00
  -5.1669000e+00  -5.0159000e+00  -5.1803000e+00  -5.1889000e+00  -4.3935000e+00  -4.1883000e+00
  -5.4765000e+00  -5.3656000e+00  -5.4058000e+00  -5.3868000e+00  -4.4725000e+00  -4.1001000e+00
  -5.5377000e+00  -5.5907000e+00  -5.5085000e+00  -5.4947000e+00  -4.3525000e+00  -3.9983000e+00
  -5.4512000e+00  -5.5202000e+00  -5.4808000e+00  -5.5056000e+00  -4.1955000e+00  -3.9228000e+00
  -5.4326000e+00  -5.4762000e+00  -5.4592000e+00  -5.4820000e+00  -4.1058000e+00  -3.8816000e+00
  -5.4305000e+00  -5.4732000e+00  -5.4428000e+00  -5.4523000e+00  -3.9538000e+00  -3.8188000e+00
  -5.4219000e+00  -5.4757000e+00  -5.4219000e+00  -5.4013000e+00  -3.8612000e+00  -3.7570000e+00
  -5.3919000e+00  -5.4620000e+00  -5.3955000e+00  -5.3574000e+00  -3.7809000e+00  -3.6787000e+00
  -5.3482000e+00  -5.4118000e+00  -5.3387000e+00  -5.2883000e+00  -3.6528000e+00  -3.5970000e+00
  -5.3280000e+00  -5.3341000e+00  -5.2711000e+00  -5.2026000e+00  -3.5598000e+00  -3.5076000e+00
  -5.3455000e+00  -5.2683000e+00  -5.2296000e+00  -5.1453000e+00  -3.6183000e+00  -3.4260000e+00
  -5.3676000e+00  -5.2533000e+00  -5.2426000e+00  -5.1952000e+00  -3.9131000e+00  -3.5224000e+00
  -5.3634000e+00  -5.2482000e+00  -5.2656000e+00  -5.2890000e+00  -3.8470000e+00  -3.6124000e+00
  -5.3401000e+00  -5.2812000e+00  -5.3097000e+00  -5.3754000e+00  -3.7851000e+00  -3.8963000e+00
  -5.2920000e+00  -5.3406000e+00  -5.3068000e+00  -5.3535000e+00  -3.7003000e+00  -3.6687000e+00
  -5.2823000e+00  -5.3324000e+00  -5.2530000e+00  -5.2724000e+00  -3.3407000e+00  -3.1489000e+00
  -5.2451000e+00  -5.3116000e+00  -5.1772000e+00  -5.2078000e+00  -2.9009000e+00  -2.6472000e+00
  -5.0354000e+00  -5.2165000e+00  -5.0135000e+00  -5.1040000e+00  -2.4877000e+00  -2.1558000e+00
  -4.7349000e+00  -5.0317000e+00  -4.8060000e+00  -4.9705000e+00  -1.9647000e+00  -1.6724000e+00
  -4.4549000e+00  -4.8759000e+00  -4.6173000e+00  -4.8150000e+00  -1.4666000e+00  -1.2698000e+00
  -4.2042000e+00  -4.6406000e+00  -4.3814000e+00  -4.5452000e+00  -1.0566000e+00  -8.5120000e-01
  -4.0413000e+00  -4.4497000e+00  -4.2069000e+00  -4.3642000e+00  -6.2370000e-01  -3.9620000e-01
  -3.7967000e+00  -4.2982000e+00  -4.0178000e+00  -4.2557000e+00  -1.9440000e-01  -2.9900000e-02
  -3.6660000e+00  -4.2001000e+00  -3.8581000e+00  -4.1623000e+00   1.4090000e-01   3.0590000e-01
  -3.3011000e+00  -3.9287000e+00  -3.5108000e+00  -3.8101000e+00   4.8480000e-01   6.3130000e-01
  -3.0604000e+00  -3.6898000e+00  -3.3164000e+00  -3.6669000e+00   7.8570000e-01   8.9520000e-01
  -2.9827000e+00  -3.6758000e+00  -3.2547000e+00  -3.5776000e+00   1.0210000e+00   1.1094000e+00
  -2.7790000e+00  -3.4379000e+00  -2.9093000e+00  -3.1384000e+00   1.2322000e+00   1.3074000e+00
  -2.4144000e+00  -3.1016000e+00  -2.7931000e+00  -3.3473000e+00   1.4499000e+00   1.5289000e+00
  -2.7328000e+00  -3.7247000e+00  -3.3075000e+00  -3.7274000e+00   1.6916000e+00   1.7815000e+00
  -3.1633000e+00  -3.7098000e+00  -3.5219000e+00  -3.8345000e+00   1.9551000e+00   2.0506000e+00
  -3.5296000e+00  -3.5573000e+00  -3.4120000e+00  -3.6876000e+00   2.2193000e+00   2.3061000e+00
  -3.2711000e+00  -3.7006000e+00  -3.4006000e+00  -3.6371000e+00   2.4650000e+00   2.5296000e+00
  -3.7812000e+00  -3.8684000e+00  -3.8156000e+00  -4.1262000e+00   2.6973000e+00   2.7291000e+00
  -3.8390000e+00  -4.2313000e+00  -3.7740000e+00  -4.0594000e+00   2.9232000e+00   2.7214000e+00
  -3.2803000e+00  -3.8076000e+00  -3.3730000e+00  -3.6012000e+00   3.1606000e+00   2.2232000e+00
  -3.3147000e+00  -3.8313000e+00  -3.3378000e+00  -3.7274000e+00   3.3995000e+00   1.9338000e+00
  -2.8066000e+00  -3.6831000e+00  -3.0148000e+00  -3.3021000e+00   3.2392000e+00   2.1199000e+00
  -2.8245000e+00  -3.6471000e+00  -3.2244000e+00  -3.6996000e+00   2.6238000e+00   2.3934000e+00
  -3.3625000e+00  -3.9544000e+00  -3.4798000e+00  -3.8039000e+00   2.1856000e+00   2.5800000e+00
  -3.3231000e+00  -3.8913000e+00  -3.3125000e+00  -3.6101000e+00   2.1698000e+00   2.6868000e+00
  -2.8600000e+00  -3.5067000e+00  -3.0681000e+00  -3.4552000e+00   2.8274000e+00   2.6619000e+00
  -2.8689000e+00  -3.7104000e+00  -3.0199000e+00  -3.3596000e+00   3.2079000e+00   2.5959000e+00
  -2.2832000e+00  -3.1760000e+00  -2.5910000e+00  -2.9819000e+00   3.2076000e+00   2.5347000e+00
  -1.9016000e+00  -2.6316000e+00  -1.8760000e+00  -2.0020000e+00   2.1224000e+00   2.5994000e+00
  -5.9170000e-01  -1.3315000e+00  -8.3480000e-01  -1.0777000e+00   1.3560000e+00   2.7657000e+00
   6.7000000e-03  -7.9510000e-01  -4.6200000e-01  -7.0490000e-01   2.2849000e+00   2.9422000e+00
  -4.1900000e-02  -5.9160000e-01  -5.5010000e-01  -7.5190000e-01   3.0429000e+00   2.9443000e+00
  -2.0880000e-01  -6.4480000e-01  -5.7400000e-01  -7.2950000e-01   2.6574000e+00   2.8027000e+00
  -2.3440000e-01  -5.6840000e-01  -4.7270000e-01  -5.9860000e-01   2.5473000e+00   2.6435000e+00
  -8.1700000e-02  -4.4310000e-01  -3.8180000e-01  -5.3860000e-01   1.6177000e+00   2.5597000e+00
  -2.2360000e-01  -5.2410000e-01  -5.0630000e-01  -6.2910000e-01   1.0968000e+00   2.4100000e+00
  -4.3360000e-01  -7.1200000e-01  -7.4090000e-01  -9.0190000e-01   1.4105000e+00   2.1690000e+00
  -5.9660000e-01  -9.1180000e-01  -8.9540000e-01  -1.0543000e+00   2.0129000e+00   2.0018000e+00
  -7.0110000e-01  -1.0028000e+00  -9.8230000e-01  -1.1461000e+00   2.4341000e+00   1.8005000e+00
  -7.8930000e-01  -1.0724000e+00  -1.0638000e+00  -1.2014000e+00   2.1945000e+00   1.4936000e+00
  -9.3070000e-01  -1.3026000e+00  -1.2730000e+00  -1.5099000e+00   1.8711000e+00   1.1784000e+00
  -1.1095000e+00  -1.7016000e+00  -1.5840000e+00  -1.9253000e+00   1.5588000e+00   8.7240000e-01
  -1.4120000e+00  -2.2405000e+00  -2.0365000e+00  -2.4481000e+00   1.1597000e+00   6.0050000e-01
  -1.8199000e+00  -2.7081000e+00  -2.4614000e+00  -2.8410000e+00   8.0530000e-01   3.7070000e-01
  -2.3168000e+00  -3.1207000e+00  -2.8855000e+00  -3.2059000e+00   5.2830000e-01   1.3160000e-01
  -2.8407000e+00  -3.4468000e+00  -3.3466000e+00  -3.6438000e+00   2.8820000e-01  -9.5000000e-02
  -3.3049000e+00  -3.7266000e+00  -3.6594000e+00  -3.8637000e+00   8.0300000e-02  -3.2120000e-01
  -3.5590000e+00  -3.8496000e+00  -3.7955000e+00  -3.9481000e+00  -1.0500000e-01  -5.2630000e-01
  -3.8296000e+00  -4.0447000e+00  -4.0601000e+00  -4.1879000e+00  -3.0400000e-01  -6.9880000e-01
  -4.0016000e+00  -4.0245000e+00  -4.0458000e+00  -4.0760000e+00  -4.8700000e-01  -9.0880000e-01
  -4.0304000e+00  -3.9660000e+00  -3.9627000e+00  -3.9238000e+00  -6.8410000e-01  -1.0810000e+00
  -3.8285000e+00  -3.8759000e+00  -3.8506000e+00  -3.9072000e+00  -8.9050000e-01  -1.1766000e+00
  -3.9347000e+00  -3.9827000e+00  -4.0142000e+00  -4.0663000e+00  -1.0521000e+00  -1.2165000e+00
  -4.1746000e+00  -4.3074000e+00  -4.2707000e+00  -4.3450000e+00  -1.0853000e+00  -1.1835000e+00
  -4.0414000e+00  -4.2468000e+00  -4.1656000e+00  -4.2625000e+00  -1.0320000e+00  -1.0672000e+00
  -3.8590000e+00  -4.1043000e+00  -3.9995000e+00  -4.0969000e+00  -1.0199000e+00  -1.0057000e+00
  -3.8910000e+00  -4.0254000e+00  -3.9150000e+00  -3.8792000e+00  -9.2850000e-01  -1.0894000e+00
  -3.7118000e+00  -3.9317000e+00  -3.7736000e+00  -3.7099000e+00  -9.6510000e-01  -1.2639000e+00
  -3.3501000e+00  -3.6457000e+00  -3.5294000e+00  -3.5989000e+00  -1.1964000e+00  -1.4722000e+00
  -3.2521000e+00  -3.4072000e+00  -3.4058000e+00  -3.4819000e+00  -1.4079000e+00  -1.6727000e+00
  -3.1221000e+00  -3.3347000e+00  -3.3045000e+00  -3.3987000e+00  -1.6052000e+00  -1.8701000e+00
  -3.2379000e+00  -3.3861000e+00  -3.3996000e+00  -3.5334000e+00  -1.7854000e+00  -2.0697000e+00
  -3.7425000e+00  -3.8181000e+00  -4.0498000e+00  -4.1946000e+00  -1.9726000e+00  -2.2281000e+00
  -4.3781000e+00  -4.5898000e+00  -4.6858000e+00  -4.8230000e+00  -2.1560000e+00  -2.3455000e+00
  -4.7606000e+00  -4.8922000e+00  -4.9432000e+00  -5.0633000e+00  -2.2637000e+00  -2.4479000e+00
  -4.9846000e+00  -5.0282000e+00  -5.0682000e+00  -5.0911000e+00  -2.3649000e+00  -2.5308000e+00
  -5.0795000e+00  -5.0126000e+00  -5.0948000e+00  -5.1092000e+00  -2.4922000e+00  -2.5869000e+00
  -5.1156000e+00  -5.1217000e+00  -5.1481000e+00  -5.2121000e+00  -2.6216000e+00  -2.6340000e+00
  -5.1534000e+00  -5.0927000e+00  -5.1569000e+00  -5.1860000e+00  -2.7634000e+00  -2.7367000e+00
  -5.0632000e+00  -5.1404000e+00  -5.1371000e+00  -5.1330000e+00  -2.9160000e+00  -2.8649000e+00
  -4.9609000e+00  -4.9554000e+00  -4.9605000e+00  -4.9566000e+00  -3.0156000e+00  -2.9357000e+00
  -4.8926000e+00  -4.7755000e+00  -4.8531000e+00  -4.8547000e+00  -3.0241000e+00  -2.9037000e+00
  -4.8908000e+00  -4.7620000e+00  -4.8876000e+00  -4.9071000e+00  -2.9603000e+00  -2.8046000e+00
  -4.9726000e+00  -4.9034000e+00  -4.9992000e+00  -5.0284000e+00  -2.8477000e+00  -2.7100000e+00
  -5.0988000e+00  -4.9799000e+00  -5.1150000e+00  -5.1494000e+00  -2.7844000e+00  -2.6605000e+00
  -5.2323000e+00  -5.1618000e+00  -5.2455000e+00  -5.2764000e+00  -2.7594000e+00  -2.6916000e+00
  -5.1554000e+00  -5.2115000e+00  -5.1921000e+00  -5.2333000e+00  -2.7527000e+00  -2.7277000e+00
  -5.0670000e+00  -5.0971000e+00  -5.1191000e+00  -5.1648000e+00  -2.7906000e+00  -2.7240000e+00
  -5.1299000e+00  -5.1159000e+00  -5.1057000e+00  -5.1012000e+00  -2.8700000e+00  -2.5423000e+00
  -5.0518000e+00  -4.9913000e+00  -5.0090000e+00  -4.9959000e+00  -2.7776000e+00  -2.2510000e+00
  -5.0703000e+00  -5.0247000e+00  -5.0478000e+00  -5.0499000e+00  -2.6158000e+00  -2.0507000e+00
  -5.0557000e+00  -5.0213000e+00  -5.0389000e+00  -5.0413000e+00  -2.6259000e+00  -2.0837000e+00
  -4.9867000e+00  -4.9844000e+00  -4.9892000e+00  -5.0030000e+00  -2.6460000e+00  -2.2259000e+00
  -4.9121000e+00  -4.9023000e+00  -4.9172000e+00  -4.9431000e+00  -2.5449000e+00  -2.2791000e+00
  -4.8960000e+00  -4.8485000e+00  -4.8941000e+00  -4.9127000e+00  -2.4893000e+00  -2.2824000e+00
  -4.9289000e+00  -4.8558000e+00  -4.9220000e+00  -4.9421000e+00  -2.4264000e+00  -2.2852000e+00
  -5.0175000e+00  -4.9144000e+00  -4.9862000e+00  -5.0038000e+00  -2.3383000e+00  -2.2661000e+00
  -5.1176000e+00  -5.0116000e+00  -5.0738000e+00  -5.0759000e+00  -2.2511000e+00  -2.2555000e+00
  -5.1684000e+00  -5.0787000e+00  -5.1216000e+00  -5.1227000e+00  -2.2715000e+00  -2.2702000e+00
  -5.1616000e+00  -5.0898000e+00  -5.1047000e+00  -5.1207000e+00  -2.3986000e+00  -2.3496000e+00
  -5.0022000e+00  -5.0536000e+00  -5.0019000e+00  -5.0277000e+00  -2.5911000e+00  -2.4440000e+00
  -4.8177000e+00  -4.9115000e+00  -4.8625000e+00  -4.8924000e+00  -2.4748000e+00  -2.3419000e+00
  -4.5803000e+00  -4.7466000e+00  -4.6449000e+00  -4.6733000e+00  -2.4331000e+00  -2.3336000e+00
  -4.3871000e+00  -4.5964000e+00  -4.4657000e+00  -4.5107000e+00  -2.3836000e+00  -2.2463000e+00
  -4.0784000e+00  -4.3422000e+00  -4.1666000e+00  -4.1942000e+00  -2.1606000e+00  -2.0071000e+00
  -3.7443000e+00  -4.0301000e+00  -3.8488000e+00  -3.8493000e+00  -1.8151000e+00  -1.6727000e+00
  -3.4156000e+00  -3.6991000e+00  -3.5212000e+00  -3.4934000e+00  -1.4978000e+00  -1.3771000e+00
  -3.0725000e+00  -3.3875000e+00  -3.1983000e+00  -3.1723000e+00  -1.1451000e+00  -1.0514000e+00
  -2.6857000e+00  -3.0506000e+00  -2.8413000e+00  -2.8184000e+00  -7.3890000e-01  -6.7320000e-01
  -2.2200000e+00  -2.6783000e+00  -2.4428000e+00  -2.4348000e+00  -3.7370000e-01  -3.2020000e-01
  -1.6995000e+00  -2.2215000e+00  -1.9863000e+00  -2.0090000e+00  -6.3000000e-03  -1.7400000e-02
  -1.2312000e+00  -1.7239000e+00  -1.5419000e+00  -1.5850000e+00   3.8480000e-01   3.3810000e-01
  -8.2790000e-01  -1.2941000e+00  -1.1558000e+00  -1.2035000e+00   8.3890000e-01   7.2110000e-01
  -4.2480000e-01  -9.1570000e-01  -7.9400000e-01  -8.6030000e-01   1.2443000e+00   1.0673000e+00
  -1.4300000e-02  -5.2690000e-01  -4.1910000e-01  -5.1810000e-01   1.5812000e+00   1.3984000e+00
   3.5470000e-01  -1.3550000e-01  -5.2300000e-02  -1.7330000e-01   1.8916000e+00   1.7429000e+00
   6.8810000e-01   2.1420000e-01   2.7400000e-01   1.4530000e-01   2.2122000e+00   2.1487000e+00
   1.0201000e+00   5.2320000e-01   5.7290000e-01   4.3120000e-01   2.5946000e+00   2.5426000e+00
   1.3402000e+00   8.1030000e-01   8.6820000e-01   7.1780000e-01   2.9811000e+00   2.8756000e+00
   1.6264000e+00   1.0857000e+00   1.1687000e+00   1.0225000e+00   3.3010000e+00   3.1666000e+00
   1.8827000e+00   1.3650000e+00   1.4628000e+00   1.3169000e+00   3.5859000e+00   3.4654000e+00
   2.1052000e+00   1.6344000e+00   1.7188000e+00   1.5291000e+00   3.8864000e+00   3.7746000e+00
   2.2958000e+00   1.8572000e+00   1.9166000e+00   1.6537000e+00   4.1738000e+00   4.0531000e+00
   2.4019000e+00   2.0210000e+00   2.0454000e+00   1.8046000e+00   4.4108000e+00   4.2952000e+00
   2.3104000e+00   2.1915000e+00   2.1744000e+00   2.0277000e+00   4.6176000e+00   4.5160000e+00
   2.1296000e+00   2.3673000e+00   2.3829000e+00   2.1736000e+00   4.8218000e+00   4.7281000e+00
   2.1265000e+00   2.4713000e+00   2.5596000e+00   2.3143000e+00   5.0370000e+00   4.9416000e+00
   2.3021000e+00   2.4930000e+00   2.6443000e+00   2.4125000e+00   5.2651000e+00   5.1647000e+00
   2.5830000e+00   2.4117000e+00   2.5539000e+00   2.3579000e+00   5.4802000e+00   5.3879000e+00
   2.6408000e+00   2.3202000e+00   2.3868000e+00   2.3182000e+00   5.6737000e+00   5.5906000e+00
   2.6988000e+00   2.2917000e+00   2.2967000e+00   2.2748000e+00   5.8387000e+00   5.7634000e+00
   2.7792000e+00   2.3288000e+00   2.3426000e+00   2.2565000e+00   5.9742000e+00   5.9046000e+00
   2.7338000e+00   2.4654000e+00   2.4745000e+00   2.3526000e+00   6.0917000e+00   6.0183000e+00
   2.7540000e+00   2.4573000e+00   2.5230000e+00   2.4534000e+00   6.1954000e+00   6.1126000e+00
   2.8470000e+00   2.5252000e+00   2.6479000e+00   2.5853000e+00   6.2868000e+00   6.1995000e+00
   2.9518000e+00   2.6331000e+00   2.8109000e+00   2.7389000e+00   6.3755000e+00   6.2774000e+00
   2.9527000e+00   2.7296000e+00   2.9025000e+00   2.8330000e+00   6.4589000e+00   6.3427000e+00
   3.1578000e+00   2.8718000e+00   3.0685000e+00   2.9295000e+00   6.5291000e+00   6.3964000e+00
   3.3418000e+00   3.1517000e+00   3.1559000e+00   2.9955000e+00   6.5809000e+00   6.4380000e+00
   3.3060000e+00   3.1410000e+00   3.0605000e+00   2.8805000e+00   6.6222000e+00   6.4738000e+00
   3.1496000e+00   2.8989000e+00   2.9086000e+00   2.7255000e+00   6.6515000e+00   6.4958000e+00
   3.1280000e+00   2.6171000e+00   2.8623000e+00   2.6122000e+00   6.6586000e+00   6.5017000e+00
   3.2368000e+00   2.3915000e+00   2.7428000e+00   2.4458000e+00   6.6388000e+00   6.4874000e+00
   3.2015000e+00   2.2638000e+00   2.6946000e+00   2.4413000e+00   6.5921000e+00   6.4390000e+00
   2.7443000e+00   2.2779000e+00   2.3818000e+00   2.1540000e+00   6.5056000e+00   6.3326000e+00
   2.3713000e+00   1.8990000e+00   1.9816000e+00   1.7551000e+00   6.3810000e+00   6.1761000e+00
   2.2206000e+00   1.6661000e+00   1.8307000e+00   1.6079000e+00   6.2190000e+00   6.0028000e+00
   2.0944000e+00   1.6107000e+00   1.7280000e+00   1.5123000e+00   6.0580000e+00   5.7796000e+00
   1.8305000e+00   1.4532000e+00   1.5212000e+00   1.3393000e+00   5.6388000e+00   5.1678000e+00
   1.5009000e+00   1.3333000e+00   1.3285000e+00   1.2400000e+00   5.2634000e+00   4.5164000e+00
   1.1928000e+00   1.1523000e+00   1.0272000e+00   9.2060000e-01   5.0051000e+00   4.1811000e+00
   8.9120000e-01   7.7440000e-01   7.1160000e-01   6.0500000e-01   4.3974000e+00   3.8314000e+00
   6.1470000e-01   4.9870000e-01   4.1320000e-01   2.7860000e-01   3.9926000e+00   3.4963000e+00
   3.8610000e-01   2.3150000e-01   2.4520000e-01   1.3380000e-01   3.5891000e+00   3.4948000e+00
   2.1670000e-01   1.7710000e-01   1.2790000e-01   6.6300000e-02   3.2227000e+00   3.5356000e+00
   4.2000000e-03   2.0100000e-02  -6.9300000e-02  -1.1040000e-01   2.9059000e+00   3.1274000e+00
  -3.0220000e-01  -3.5330000e-01  -4.0400000e-01  -4.6720000e-01   2.7911000e+00   3.0211000e+00
  -4.9600000e-01  -5.5400000e-01  -5.5760000e-01  -6.0400000e-01   2.5932000e+00   2.6095000e+00
  -6.1560000e-01  -6.2690000e-01  -6.3410000e-01  -6.5000000e-01   2.3783000e+00   1.2122000e+00
  -6.4290000e-01  -7.1020000e-01  -6.2930000e-01  -6.4240000e-01   1.2615000e+00   4.6070000e-01
  -3.5360000e-01  -3.5020000e-01  -2.8360000e-01  -2.4640000e-01   5.9570000e-01  -4.0100000e-02
  -2.1640000e-01  -1.7100000e-01  -1.9260000e-01  -1.6910000e-01   2.4320000e-01  -3.7110000e-01
  -4.4600000e-01  -3.6460000e-01  -3.9410000e-01  -3.6180000e-01  -1.1990000e-01  -6.0240000e-01
  -3.5960000e-01  -3.5540000e-01  -2.8640000e-01  -2.5740000e-01  -3.2670000e-01  -8.0380000e-01
  -2.0730000e-01  -1.4890000e-01  -1.2800000e-01  -9.5000000e-02  -5.6650000e-01  -9.2180000e-01
  -8.7700000e-02  -1.3500000e-01  -4.0700000e-02  -1.7300000e-02  -7.3270000e-01  -9.1750000e-01
   3.7200000e-02   4.3900000e-02   9.0200000e-02   1.2500000e-01  -8.2070000e-01  -1.3750000e+00
   1.9800000e-02   1.2310000e-01   8.2800000e-02   1.3730000e-01  -1.0998000e+00  -1.6147000e+00
  -5.0250000e-01  -3.3580000e-01  -4.2600000e-01  -4.1220000e-01  -1.5082000e+00  -1.9321000e+00
  -8.8700000e-01  -6.0680000e-01  -7.2310000e-01  -6.7880000e-01  -1.8131000e+00  -2.1101000e+00
  -1.0890000e+00  -9.5240000e-01  -9.5570000e-01  -8.9020000e-01  -2.0712000e+00  -2.3280000e+00
  -1.2797000e+00  -1.1230000e+00  -1.1841000e+00  -1.1314000e+00  -2.3461000e+00  -2.4965000e+00
  -1.5146000e+00  -1.4260000e+00  -1.4249000e+00  -1.3835000e+00  -2.5252000e+00  -2.3835000e+00
  -1.5206000e+00  -1.5349000e+00  -1.4996000e+00  -1.4965000e+00  -2.4098000e+00  -2.3938000e+00
  -1.2839000e+00  -1.4100000e+00  -1.3712000e+00  -1.4575000e+00  -2.5260000e+00  -2.6042000e+00
  -1.2345000e+00  -1.2402000e+00  -1.2255000e+00  -1.2065000e+00  -2.8652000e+00  -2.8709000e+00
  -1.3568000e+00  -1.2839000e+00  -1.2504000e+00  -1.1991000e+00  -3.1342000e+00  -2.9250000e+00
  -1.5491000e+00  -1.4527000e+00  -1.4643000e+00  -1.3990000e+00  -3.1623000e+00  -2.7862000e+00
  -1.6926000e+00  -1.6074000e+00  -1.6400000e+00  -1.6009000e+00  -2.9636000e+00  -2.6936000e+00
  -1.9804000e+00  -1.8304000e+00  -1.8940000e+00  -1.8395000e+00  -2.7433000e+00  -2.5642000e+00
  -2.1663000e+00  -2.0460000e+00  -2.0922000e+00  -2.0509000e+00  -2.7326000e+00  -2.5479000e+00
  -2.3226000e+00  -2.2058000e+00  -2.2640000e+00  -2.2283000e+00  -2.6498000e+00  -2.2814000e+00
  -2.3004000e+00  -2.3336000e+00  -2.3635000e+00  -2.3762000e+00  -2.5969000e+00  -2.0294000e+00
  -2.1174000e+00  -2.2124000e+00  -2.2703000e+00  -2.3606000e+00  -2.3971000e+00  -2.0394000e+00
  -1.9795000e+00  -2.1007000e+00  -2.1491000e+00  -2.2716000e+00  -2.0914000e+00  -1.9636000e+00
  -1.9635000e+00  -1.9927000e+00  -2.0396000e+00  -2.1060000e+00  -1.4469000e+00  -1.6920000e+00
  -2.2063000e+00  -2.0738000e+00  -2.1913000e+00  -2.1866000e+00  -1.1765000e+00  -1.2734000e+00
  -2.5848000e+00  -2.4066000e+00  -2.5723000e+00  -2.5671000e+00  -9.8660000e-01  -9.8550000e-01
  -2.8761000e+00  -2.6850000e+00  -2.8262000e+00  -2.8121000e+00  -1.0881000e+00  -8.5510000e-01
  -3.1901000e+00  -2.9357000e+00  -3.0036000e+00  -2.9070000e+00  -1.1720000e+00  -8.8780000e-01
  -2.8241000e+00  -3.0307000e+00  -2.9285000e+00  -2.9934000e+00  -1.2033000e+00  -1.0265000e+00
  -2.8623000e+00  -2.7534000e+00  -2.9863000e+00  -3.0598000e+00  -1.5650000e+00  -1.4441000e+00
  -3.3158000e+00  -3.1644000e+00  -3.3043000e+00  -3.2505000e+00  -1.7363000e+00  -1.9699000e+00
  -3.5747000e+00  -3.4257000e+00  -3.4639000e+00  -3.4053000e+00  -2.1306000e+00  -1.9580000e+00
  -3.8342000e+00  -3.6081000e+00  -3.6578000e+00  -3.5507000e+00  -2.6479000e+00  -1.8060000e+00
  -4.1592000e+00  -3.9787000e+00  -4.1124000e+00  -4.0894000e+00  -2.3956000e+00  -1.6206000e+00
  -4.2160000e+00  -4.2615000e+00  -4.1963000e+00  -4.2169000e+00  -2.4310000e+00  -1.6598000e+00
  -4.0247000e+00  -4.1079000e+00  -3.9698000e+00  -3.9837000e+00  -2.0430000e+00  -2.0055000e+00
  -3.4056000e+00  -3.5940000e+00  -3.4073000e+00  -3.4176000e+00  -1.8447000e+00  -2.6802000e+00
  -2.9254000e+00  -2.8832000e+00  -3.0359000e+00  -3.0598000e+00  -1.7339000e+00  -2.3661000e+00
  -3.2900000e+00  -3.0571000e+00  -3.3445000e+00  -3.4546000e+00  -1.9015000e+00  -1.8858000e+00
  -3.3458000e+00  -3.6652000e+00  -3.5213000e+00  -3.7249000e+00  -1.8716000e+00  -1.4709000e+00
  -2.9450000e+00  -3.3728000e+00  -3.0241000e+00  -3.1164000e+00  -1.6429000e+00  -1.0540000e+00
  -2.4564000e+00  -2.8437000e+00  -2.5558000e+00  -2.5959000e+00  -1.4248000e+00  -7.5760000e-01
  -2.1135000e+00  -2.3890000e+00  -2.1813000e+00  -2.2087000e+00  -1.1556000e+00  -5.5630000e-01
  -1.7166000e+00  -2.0483000e+00  -1.8153000e+00  -1.8909000e+00  -8.2240000e-01  -3.1230000e-01
  -1.2928000e+00  -1.6244000e+00  -1.4067000e+00  -1.5271000e+00  -4.1480000e-01   6.8000000e-02
  -8.9480000e-01  -1.2227000e+00  -1.0290000e+00  -1.2016000e+00  -1.8400000e-02   5.0120000e-01
  -5.0470000e-01  -8.2840000e-01  -6.3510000e-01  -7.8650000e-01   3.4270000e-01   8.6700000e-01
  -9.5000000e-02  -4.8080000e-01  -2.6240000e-01  -4.1950000e-01   6.8680000e-01   1.1448000e+00
   3.5470000e-01  -1.2880000e-01   1.0690000e-01  -1.3530000e-01   9.5040000e-01   1.3691000e+00
   6.7020000e-01   1.7720000e-01   4.0820000e-01   1.0300000e-01   1.1714000e+00   1.5301000e+00
   9.7140000e-01   4.2950000e-01   6.9300000e-01   3.9460000e-01   1.5099000e+00   1.7290000e+00
   1.3838000e+00   8.4020000e-01   1.0618000e+00   7.5900000e-01   1.9156000e+00   2.0532000e+00
   1.7800000e+00   1.2636000e+00   1.4344000e+00   1.1231000e+00   2.3004000e+00   2.4279000e+00
   2.1027000e+00   1.5985000e+00   1.7696000e+00   1.5154000e+00   2.6842000e+00   2.8150000e+00
   2.2810000e+00   1.9164000e+00   2.0361000e+00   1.8955000e+00   3.0750000e+00   3.2166000e+00
   2.3824000e+00   2.1513000e+00   2.1844000e+00   2.1554000e+00   3.4472000e+00   3.5797000e+00
   2.5234000e+00   2.2314000e+00   2.2428000e+00   2.2145000e+00   3.8046000e+00   3.8582000e+00
   2.7378000e+00   2.3078000e+00   2.3665000e+00   2.2645000e+00   4.1349000e+00   4.0795000e+00
   2.8896000e+00   2.4901000e+00   2.5800000e+00   2.4771000e+00   4.3959000e+00   4.2715000e+00
   2.9519000e+00   2.7019000e+00   2.7788000e+00   2.5770000e+00   4.6235000e+00   4.4169000e+00
   3.0657000e+00   2.7188000e+00   2.6597000e+00   1.9993000e+00   4.8563000e+00   4.5123000e+00
   2.6269000e+00   2.1228000e+00   2.2847000e+00   2.1634000e+00   5.0841000e+00   4.5882000e+00
   2.6175000e+00   2.2027000e+00   2.3479000e+00   1.9875000e+00   5.0888000e+00   4.6521000e+00
   2.6080000e+00   2.0360000e+00   1.9409000e+00   1.5974000e+00   5.0671000e+00   4.7246000e+00
   2.1354000e+00   1.7877000e+00   2.1278000e+00   2.4194000e+00   5.1701000e+00   4.8380000e+00
   2.7801000e+00   2.8237000e+00   3.2597000e+00   3.3697000e+00   5.3214000e+00   5.0286000e+00
   3.5616000e+00   3.5470000e+00   3.6578000e+00   3.5972000e+00   5.5173000e+00   5.2952000e+00
   4.3642000e+00   3.6416000e+00   4.0787000e+00   4.0923000e+00   5.9034000e+00   5.6683000e+00
   4.6893000e+00   4.4426000e+00   4.4388000e+00   4.3860000e+00   6.2457000e+00   6.0199000e+00
   4.3344000e+00   3.9702000e+00   3.8558000e+00   3.6732000e+00   6.3283000e+00   6.1679000e+00
   4.0718000e+00   3.7069000e+00   3.7352000e+00   3.6205000e+00   6.3901000e+00   6.1883000e+00
   3.9375000e+00   3.6121000e+00   3.6317000e+00   3.5180000e+00   6.4190000e+00   6.1726000e+00
   3.7756000e+00   3.4739000e+00   3.4894000e+00   3.3675000e+00   6.4557000e+00   6.1595000e+00
   3.5922000e+00   3.2830000e+00   3.2918000e+00   3.1512000e+00   6.4295000e+00   6.1381000e+00
   3.3733000e+00   3.0746000e+00   3.0828000e+00   2.9449000e+00   6.3283000e+00   6.1112000e+00
   3.1845000e+00   2.8670000e+00   2.8927000e+00   2.7572000e+00   6.2051000e+00   6.0521000e+00
   3.0356000e+00   2.7168000e+00   2.7378000e+00   2.5832000e+00   5.9997000e+00   5.9762000e+00
   2.8693000e+00   2.5851000e+00   2.5994000e+00   2.4482000e+00   5.8427000e+00   5.8857000e+00
   2.6929000e+00   2.4370000e+00   2.4309000e+00   2.3133000e+00   5.8097000e+00   5.7639000e+00
   2.5366000e+00   2.3326000e+00   2.3139000e+00   2.1626000e+00   5.8382000e+00   5.5739000e+00
   2.2592000e+00   2.1279000e+00   2.0668000e+00   1.9134000e+00   5.9787000e+00   5.3580000e+00
   1.9807000e+00   1.8708000e+00   1.7859000e+00   1.6136000e+00   5.7309000e+00   5.2490000e+00
   1.6484000e+00   1.5218000e+00   1.4420000e+00   1.2593000e+00   5.5628000e+00   5.1126000e+00
   1.3172000e+00   1.1356000e+00   1.1375000e+00   9.4540000e-01   5.2545000e+00   5.0183000e+00
   1.3797000e+00   1.0929000e+00   1.0721000e+00   8.4540000e-01   5.0926000e+00   4.9426000e+00
   1.3115000e+00   9.9250000e-01   1.0413000e+00   8.4340000e-01   4.9811000e+00   4.6675000e+00
   1.2150000e+00   1.0174000e+00   9.9030000e-01   8.2400000e-01   4.8546000e+00   4.4457000e+00
   1.0390000e+00   8.8330000e-01   8.3980000e-01   6.8440000e-01   4.6450000e+00   4.3182000e+00
   8.9880000e-01   7.6610000e-01   7.2350000e-01   5.8560000e-01   4.3837000e+00   4.0108000e+00
   7.7240000e-01   6.4550000e-01   6.0560000e-01   4.7360000e-01   4.2180000e+00   3.6983000e+00
   6.4740000e-01   5.3910000e-01   4.9890000e-01   3.7580000e-01   4.1235000e+00   3.5635000e+00
   5.0940000e-01   4.1090000e-01   3.7960000e-01   2.6190000e-01   4.0626000e+00   3.5501000e+00
   3.8110000e-01   2.9900000e-01   2.7220000e-01   1.7020000e-01   3.9374000e+00   3.5313000e+00
   2.7080000e-01   1.9240000e-01   1.6580000e-01   7.1700000e-02   3.8299000e+00   3.4529000e+00
   1.6850000e-01   9.1800000e-02   7.1200000e-02  -1.1700000e-02   3.6731000e+00   3.3572000e+00
   9.2100000e-02   7.5000000e-03  -6.7000000e-03  -9.0300000e-02   3.4397000e+00   3.2759000e+00
   6.4200000e-02  -3.8200000e-02  -4.6800000e-02  -1.3270000e-01   3.1881000e+00   3.1999000e+00
   4.4200000e-02  -7.0300000e-02  -7.6500000e-02  -1.6410000e-01   2.9668000e+00   3.0848000e+00
   4.7100000e-02  -7.3100000e-02  -7.8600000e-02  -1.6610000e-01   2.7606000e+00   2.9418000e+00
   2.0600000e-02  -8.4900000e-02  -9.8800000e-02  -1.8000000e-01   2.5553000e+00   2.7904000e+00
  -4.2300000e-02  -1.3850000e-01  -1.4650000e-01  -2.1870000e-01   2.3330000e+00   2.6105000e+00
  -8.3100000e-02  -1.7680000e-01  -1.8240000e-01  -2.4710000e-01   2.1094000e+00   2.4125000e+00
  -1.2100000e-01  -2.1430000e-01  -2.1460000e-01  -2.7650000e-01   1.8843000e+00   2.2329000e+00
  -1.3930000e-01  -2.2910000e-01  -2.3200000e-01  -2.9090000e-01   1.6669000e+00   2.0632000e+00
  -1.7340000e-01  -2.6760000e-01  -2.6980000e-01  -3.2650000e-01   1.4496000e+00   1.8764000e+00
  -1.9580000e-01  -2.9880000e-01  -3.0560000e-01  -3.6760000e-01   1.2399000e+00   1.6956000e+00
