   6.0830000e-01   3.9540000e-01   5.9400000e-01   6.0120000e-01   7.9210000e-01   9.2170000e-01
   5.9790000e-01   3.9150000e-01   5.7850000e-01   5.8320000e-01   6.7300000e-01   7.1380000e-01
   5.8400000e-01   3.8890000e-01   5.7160000e-01   5.7820000e-01   5.9730000e-01   6.4490000e-01
   4.9310000e-01   2.8180000e-01   4.6610000e-01   4.5960000e-01   4.4450000e-01   4.6350000e-01
   2.2520000e-01   1.1420000e-01   2.8770000e-01   3.4230000e-01   2.5140000e-01   3.4000000e-01
   9.9200000e-02  -1.9800000e-02   1.3500000e-01   1.5540000e-01   5.1400000e-02   2.8640000e-01
  -1.7010000e-01  -1.7440000e-01  -6.6800000e-02  -2.2000000e-03  -1.9510000e-01   3.3800000e-02
  -3.3190000e-01  -3.7900000e-01  -2.6740000e-01  -2.4720000e-01  -4.1970000e-01  -1.9030000e-01
  -4.8600000e-01  -5.5900000e-01  -4.6090000e-01  -4.6780000e-01  -5.5140000e-01  -4.1220000e-01
  -7.3700000e-01  -6.6190000e-01  -6.0110000e-01  -5.4160000e-01  -7.8340000e-01  -6.0850000e-01
  -1.0466000e+00  -9.1380000e-01  -8.5340000e-01  -7.7710000e-01  -7.3680000e-01  -7.6620000e-01
  -8.6000000e-01  -8.7390000e-01  -7.7150000e-01  -8.1990000e-01  -8.5320000e-01  -9.0800000e-01
  -1.0131000e+00  -6.4590000e-01  -6.3770000e-01  -4.8510000e-01  -9.2520000e-01  -1.1148000e+00
  -1.1350000e+00  -1.0990000e+00  -1.1416000e+00  -1.2681000e+00  -1.1222000e+00  -9.7450000e-01
  -3.6210000e-01  -6.1740000e-01  -5.2120000e-01  -7.3810000e-01  -1.2033000e+00  -1.3770000e+00
  -8.6490000e-01  -1.3620000e-01  -5.5390000e-01  -3.2290000e-01  -1.2438000e+00  -1.0465000e+00
  -7.0170000e-01  -5.2760000e-01  -6.9600000e-01  -6.9640000e-01  -1.4037000e+00  -1.0903000e+00
   4.1540000e-01   2.9590000e-01   2.9780000e-01   2.9530000e-01  -1.5040000e+00  -1.3906000e+00
   1.1341000e+00   6.8630000e-01   7.6490000e-01   5.6890000e-01  -1.7092000e+00  -1.8316000e+00
   7.8710000e-01   1.4140000e+00   1.1271000e+00   1.3133000e+00  -1.6575000e+00  -1.8721000e+00
   5.6680000e-01   8.7130000e-01   6.8950000e-01   7.3450000e-01  -1.4937000e+00  -1.8874000e+00
   8.7940000e-01   3.5660000e-01   5.5980000e-01   3.9990000e-01  -1.7392000e+00  -1.9004000e+00
  -4.0380000e-01  -1.9200000e-02  -1.0360000e-01   7.3000000e-02  -1.8530000e+00  -2.1480000e+00
  -8.3490000e-01  -7.0580000e-01  -7.7170000e-01  -8.9740000e-01  -1.7752000e+00  -1.9206000e+00
  -1.4172000e+00  -1.2005000e+00  -1.2771000e+00  -1.2331000e+00  -1.7003000e+00  -1.7571000e+00
  -1.8739000e+00  -1.6768000e+00  -1.6856000e+00  -1.6204000e+00  -1.5612000e+00  -1.5097000e+00
  -2.0452000e+00  -1.8732000e+00  -2.0634000e+00  -2.0965000e+00  -1.4910000e+00  -1.3452000e+00
  -1.7026000e+00  -1.5237000e+00  -1.7475000e+00  -1.7851000e+00  -1.0116000e+00  -1.0051000e+00
  -1.6784000e+00  -1.3157000e+00  -1.5796000e+00  -1.5142000e+00  -6.2410000e-01  -3.0990000e-01
  -2.1725000e+00  -1.6862000e+00  -1.9834000e+00  -1.8385000e+00  -8.2990000e-01  -7.1700000e-02
  -1.9360000e+00  -1.8668000e+00  -1.9850000e+00  -1.9589000e+00  -3.3300000e-01  -2.3510000e-01
  -1.9396000e+00  -1.8630000e+00  -1.6750000e+00  -1.5862000e+00   1.4920000e-01   1.5530000e-01
  -1.0289000e+00  -1.0789000e+00  -1.0482000e+00  -1.0519000e+00  -9.6110000e-01  -3.0870000e-01
  -6.2540000e-01  -7.4980000e-01  -5.3030000e-01  -5.2700000e-01  -1.2984000e+00  -1.5060000e+00
  -1.0777000e+00  -1.3965000e+00  -1.0020000e+00  -1.0275000e+00  -4.7690000e-01  -1.1521000e+00
  -1.2423000e+00  -1.4992000e+00  -1.1191000e+00  -1.0158000e+00  -1.8900000e-02  -1.0814000e+00
  -1.6380000e+00  -1.6463000e+00  -1.6526000e+00  -1.8073000e+00   2.7700000e-01  -9.0670000e-01
  -1.7731000e+00  -1.6012000e+00  -1.8458000e+00  -1.9688000e+00   1.6080000e-01  -2.3190000e-01
  -2.0641000e+00  -1.8390000e+00  -2.1629000e+00  -2.2287000e+00   3.9730000e-01  -3.9020000e-01
  -2.2921000e+00  -2.2484000e+00  -2.5232000e+00  -2.6565000e+00  -1.9500000e-01  -2.6390000e-01
  -2.4329000e+00  -2.5408000e+00  -2.4012000e+00  -2.4095000e+00   1.2958000e+00   2.2590000e-01
  -2.5895000e+00  -2.7932000e+00  -2.6050000e+00  -2.5914000e+00   1.4235000e+00   1.4376000e+00
  -2.6750000e+00  -2.7694000e+00  -2.9517000e+00  -3.2085000e+00   9.6610000e-01   2.2309000e+00
  -3.1825000e+00  -3.1476000e+00  -3.4673000e+00  -3.8632000e+00   1.4990000e+00   1.9564000e+00
  -4.2194000e+00  -4.9434000e+00  -4.8925000e+00  -5.1734000e+00   1.8565000e+00   2.4990000e+00
  -4.7275000e+00  -5.6602000e+00  -5.0853000e+00  -5.3511000e+00   1.2763000e+00   1.5462000e+00
  -4.3995000e+00  -5.1081000e+00  -5.3680000e+00  -6.0094000e+00   1.7438000e+00   2.9519000e+00
  -5.9436000e+00  -5.5626000e+00  -5.4903000e+00  -5.7042000e+00   7.4870000e-01   1.3029000e+00
  -6.4102000e+00  -6.2353000e+00  -6.4213000e+00  -6.5002000e+00   1.0890000e+00   1.3932000e+00
  -5.8641000e+00  -5.4839000e+00  -5.8329000e+00  -5.8487000e+00   1.3711000e+00   7.5780000e-01
  -6.0294000e+00  -5.5224000e+00  -5.8449000e+00  -5.8041000e+00   9.4700000e-02  -1.5778000e+00
  -6.5367000e+00  -6.1708000e+00  -6.3354000e+00  -6.3727000e+00  -3.9300000e-01  -3.2875000e+00
  -6.0110000e+00  -6.0000000e+00  -6.0016000e+00  -6.0617000e+00  -8.4540000e-01  -4.1148000e+00
  -5.0807000e+00  -5.2958000e+00  -4.7461000e+00  -4.6500000e+00  -1.3777000e+00  -3.8756000e+00
  -4.6409000e+00  -4.6801000e+00  -3.9620000e+00  -3.5300000e+00  -2.6385000e+00  -3.3987000e+00
  -3.2639000e+00  -3.6870000e+00  -3.7365000e+00  -4.1537000e+00  -3.7226000e+00  -3.1418000e+00
  -3.9331000e+00  -4.0143000e+00  -3.9363000e+00  -4.0816000e+00  -4.4979000e+00  -4.1944000e+00
  -3.7040000e+00  -4.0570000e+00  -4.1707000e+00  -4.3623000e+00  -4.5725000e+00  -6.2113000e+00
  -3.0963000e+00  -3.5153000e+00  -2.6691000e+00  -2.4477000e+00  -4.6250000e+00  -6.1990000e+00
  -2.0642000e+00  -2.2825000e+00  -2.7163000e+00  -2.9936000e+00  -4.2105000e+00  -5.3612000e+00
  -1.0262000e+00  -1.0341000e+00  -1.4668000e+00  -1.7183000e+00  -4.1507000e+00  -4.5505000e+00
  -1.8950000e+00  -1.1851000e+00  -1.0930000e+00  -6.0410000e-01  -4.5113000e+00  -4.3618000e+00
  -1.4099000e+00  -1.5735000e+00  -1.5661000e+00  -1.7066000e+00  -4.3826000e+00  -3.9001000e+00
  -1.2616000e+00  -1.1438000e+00  -1.3796000e+00  -1.4674000e+00  -3.5335000e+00  -3.6713000e+00
  -1.4375000e+00  -1.0889000e+00  -1.2782000e+00  -1.1334000e+00  -2.3162000e+00  -3.6723000e+00
  -2.3522000e+00  -1.8696000e+00  -2.2627000e+00  -2.2133000e+00  -9.3750000e-01  -3.0457000e+00
  -3.0582000e+00  -3.3148000e+00  -3.5139000e+00  -3.7863000e+00  -9.0600000e-02  -2.4095000e+00
  -3.5897000e+00  -3.8109000e+00  -3.9865000e+00  -4.2282000e+00   4.7420000e-01  -1.9709000e+00
  -3.8564000e+00  -3.8192000e+00  -3.9889000e+00  -4.0212000e+00   8.0410000e-01  -1.5734000e+00
  -3.8802000e+00  -3.8572000e+00  -4.0150000e+00  -4.0845000e+00   1.1204000e+00  -1.3884000e+00
  -3.3171000e+00  -3.3570000e+00  -3.4690000e+00  -3.5844000e+00   1.0660000e+00  -7.4330000e-01
  -2.7767000e+00  -2.9193000e+00  -2.8868000e+00  -2.9758000e+00   6.6190000e-01  -1.3900000e-01
  -3.0356000e+00  -3.2792000e+00  -3.2553000e+00  -3.3981000e+00   8.2660000e-01   6.4310000e-01
  -2.9852000e+00  -3.1577000e+00  -3.2977000e+00  -3.4896000e+00   9.2070000e-01   9.1160000e-01
  -2.2207000e+00  -2.5186000e+00  -2.8328000e+00  -3.1895000e+00   7.6390000e-01   5.1530000e-01
  -9.5690000e-01  -1.3655000e+00  -1.5572000e+00  -1.9128000e+00   7.6910000e-01   3.8800000e-02
  -9.2590000e-01  -1.3271000e+00  -1.3095000e+00  -1.5244000e+00   7.5020000e-01  -4.7420000e-01
  -9.4310000e-01  -1.4733000e+00  -1.4105000e+00  -1.6758000e+00   2.5150000e-01  -9.3740000e-01
  -8.9400000e-01  -1.4505000e+00  -1.3834000e+00  -1.6375000e+00  -3.6340000e-01  -1.0875000e+00
  -9.5680000e-01  -1.4818000e+00  -1.3600000e+00  -1.5346000e+00  -7.4480000e-01  -1.1750000e+00
  -9.6800000e-01  -1.3459000e+00  -1.1097000e+00  -1.1436000e+00  -8.5860000e-01  -1.1106000e+00
  -1.2338000e+00  -1.3834000e+00  -1.2809000e+00  -1.2648000e+00  -7.8860000e-01  -1.1235000e+00
  -1.2875000e+00  -1.2773000e+00  -1.3864000e+00  -1.3909000e+00  -6.2240000e-01  -8.6290000e-01
  -9.8330000e-01  -8.8180000e-01  -1.1413000e+00  -1.1807000e+00  -4.9990000e-01  -6.6630000e-01
  -6.3240000e-01  -5.0370000e-01  -7.1660000e-01  -7.3520000e-01  -7.2880000e-01  -5.1380000e-01
  -7.0410000e-01  -5.3670000e-01  -6.9710000e-01  -6.7770000e-01  -7.9410000e-01  -5.8380000e-01
  -7.9570000e-01  -6.5540000e-01  -7.9440000e-01  -7.9330000e-01  -6.7230000e-01  -5.4300000e-01
  -3.2340000e-01  -1.5850000e-01  -3.3910000e-01  -3.3790000e-01  -4.2780000e-01  -4.4170000e-01
   9.1500000e-02   3.0180000e-01   7.6800000e-02   9.8000000e-02  -1.7570000e-01  -3.5000000e-01
   2.9760000e-01   5.3650000e-01   2.9130000e-01   3.0410000e-01   6.5500000e-02  -4.5600000e-02
   2.8460000e-01   5.1340000e-01   2.5500000e-01   2.6540000e-01   4.0370000e-01   2.3030000e-01
   7.9390000e-01   9.6610000e-01   6.5670000e-01   6.0230000e-01   6.9130000e-01   3.7300000e-01
   1.3245000e+00   1.4245000e+00   1.2233000e+00   1.2238000e+00   6.7910000e-01   1.7590000e-01
   1.7857000e+00   1.9056000e+00   1.7077000e+00   1.7557000e+00   6.3800000e-01  -1.5860000e-01
   2.0321000e+00   2.1746000e+00   1.9096000e+00   1.9637000e+00   3.9190000e-01  -6.6310000e-01
   2.3398000e+00   2.4780000e+00   2.1370000e+00   2.1087000e+00   8.0700000e-02  -1.1581000e+00
   2.4840000e+00   2.6112000e+00   2.2640000e+00   2.1818000e+00  -2.8420000e-01  -1.4315000e+00
   2.6678000e+00   2.8356000e+00   2.4920000e+00   2.4064000e+00  -7.2390000e-01  -1.5253000e+00
   2.9073000e+00   3.1344000e+00   2.6916000e+00   2.5636000e+00  -9.5360000e-01  -1.5932000e+00
   3.1328000e+00   3.3985000e+00   2.9703000e+00   2.8508000e+00  -1.1372000e+00  -1.6084000e+00
   3.0229000e+00   3.4697000e+00   3.0495000e+00   3.0674000e+00  -1.3628000e+00  -1.6374000e+00
   2.7944000e+00   3.2159000e+00   2.8474000e+00   2.9117000e+00  -1.3266000e+00  -1.4293000e+00
   2.5806000e+00   2.8416000e+00   2.5676000e+00   2.5996000e+00  -1.1329000e+00  -1.0906000e+00
   2.3083000e+00   2.5617000e+00   2.3121000e+00   2.3312000e+00  -1.0471000e+00  -9.0480000e-01
   2.1854000e+00   2.4642000e+00   2.1791000e+00   2.1926000e+00  -1.0084000e+00  -9.0660000e-01
   1.9836000e+00   2.2710000e+00   2.0077000e+00   2.0103000e+00  -1.1880000e+00  -1.0282000e+00
   1.6503000e+00   1.8666000e+00   1.6952000e+00   1.7348000e+00  -1.5457000e+00  -1.2872000e+00
   1.4681000e+00   1.6340000e+00   1.4917000e+00   1.5061000e+00  -1.6918000e+00  -1.2474000e+00
   1.2004000e+00   1.3500000e+00   1.2259000e+00   1.2354000e+00  -1.8585000e+00  -1.3568000e+00
   1.0236000e+00   1.0981000e+00   1.0119000e+00   9.8340000e-01  -1.9096000e+00  -1.3794000e+00
   8.7360000e-01   9.0100000e-01   8.8430000e-01   8.6290000e-01  -1.8727000e+00  -1.4109000e+00
   6.8630000e-01   6.8450000e-01   7.3180000e-01   7.1990000e-01  -1.8547000e+00  -1.5244000e+00
   3.8780000e-01   4.1060000e-01   4.3980000e-01   4.1260000e-01  -1.9319000e+00  -1.6590000e+00
   3.8400000e-02   1.1200000e-02   3.3500000e-02  -6.2300000e-02  -2.0062000e+00  -1.4710000e+00
  -7.5000000e-02  -1.1660000e-01  -1.1580000e-01  -2.4800000e-01  -1.7097000e+00  -1.4397000e+00
  -5.2200000e-01  -5.8110000e-01  -6.4170000e-01  -8.0440000e-01  -1.5513000e+00  -1.9549000e+00
  -8.9040000e-01  -1.0194000e+00  -1.0728000e+00  -1.2253000e+00  -1.7601000e+00  -2.5438000e+00
  -1.2576000e+00  -1.4790000e+00  -1.3853000e+00  -1.4306000e+00  -1.8287000e+00  -2.3509000e+00
  -1.5623000e+00  -1.7575000e+00  -1.6661000e+00  -1.6852000e+00  -1.7435000e+00  -2.1036000e+00
  -2.0799000e+00  -2.3316000e+00  -2.2228000e+00  -2.2898000e+00  -1.6189000e+00  -1.7859000e+00
  -2.2629000e+00  -2.6176000e+00  -2.4182000e+00  -2.5047000e+00  -1.5403000e+00  -1.3141000e+00
  -2.4126000e+00  -2.6990000e+00  -2.6543000e+00  -2.8184000e+00  -1.2065000e+00  -1.0003000e+00
  -3.2691000e+00  -3.5733000e+00  -3.6491000e+00  -3.8702000e+00  -9.6990000e-01  -9.0360000e-01
  -4.1458000e+00  -4.4181000e+00  -4.3904000e+00  -4.4968000e+00  -8.9830000e-01  -7.7310000e-01
  -4.8804000e+00  -5.0232000e+00  -4.9957000e+00  -5.0576000e+00  -5.8590000e-01  -5.7660000e-01
  -5.1549000e+00  -5.3822000e+00  -5.2245000e+00  -5.3401000e+00  -2.5070000e-01  -3.2330000e-01
  -5.4827000e+00  -5.9682000e+00  -5.5730000e+00  -5.7344000e+00  -2.1040000e-01  -1.2760000e-01
  -5.0915000e+00  -5.8946000e+00  -5.3232000e+00  -5.5989000e+00  -6.1200000e-02   2.7840000e-01
  -4.7416000e+00  -5.6904000e+00  -5.1812000e+00  -5.6437000e+00   3.1060000e-01   4.7370000e-01
  -5.2322000e+00  -6.4794000e+00  -5.8578000e+00  -6.3832000e+00   2.5940000e-01   5.8390000e-01
  -5.5717000e+00  -6.8244000e+00  -5.8725000e+00  -6.2307000e+00   1.5130000e-01   7.9780000e-01
  -5.1644000e+00  -6.7484000e+00  -6.0427000e+00  -6.8650000e+00   1.0210000e-01   8.4550000e-01
  -6.5167000e+00  -8.1346000e+00  -7.4856000e+00  -8.1433000e+00   1.4410000e-01   7.5150000e-01
  -8.1239000e+00  -8.5559000e+00  -8.4231000e+00  -8.6796000e+00   5.4900000e-02   5.0210000e-01
  -8.5479000e+00  -8.8125000e+00  -8.6977000e+00  -8.9199000e+00  -1.3090000e-01   3.4710000e-01
  -8.8708000e+00  -8.9853000e+00  -9.0316000e+00  -9.3446000e+00  -5.2040000e-01  -2.3000000e-03
  -1.0031300e+01  -9.9870000e+00  -1.0214100e+01  -1.0773000e+01  -7.5550000e-01  -2.3690000e-01
  -1.0733200e+01  -1.1129100e+01  -1.0770000e+01  -1.1155500e+01  -1.1464000e+00  -1.2059000e+00
  -9.7593000e+00  -1.0388800e+01  -9.8242000e+00  -1.0109200e+01  -9.3430000e-01  -2.5551000e+00
  -1.0867600e+01  -1.1014600e+01  -1.0629500e+01  -1.0657700e+01  -1.2941000e+00  -3.4596000e+00
  -1.0653700e+01  -1.0796200e+01  -1.0308400e+01  -1.0435100e+01  -2.5480000e-01  -2.6581000e+00
  -1.0269800e+01  -1.0761700e+01  -1.0368700e+01  -1.0536600e+01  -3.7450000e-01  -2.1440000e+00
  -1.0690000e+01  -1.1033600e+01  -1.0903200e+01  -1.1281200e+01  -1.9991000e+00  -2.0701000e+00
  -1.1450900e+01  -1.1403500e+01  -1.1351800e+01  -1.1619500e+01  -2.4330000e+00  -2.2590000e+00
  -1.1169900e+01  -1.1360800e+01  -1.1007200e+01  -1.1246200e+01  -1.9216000e+00  -2.3327000e+00
  -1.1717000e+01  -1.1955700e+01  -1.1532300e+01  -1.1720500e+01  -1.9043000e+00  -2.5815000e+00
  -1.1796700e+01  -1.2066100e+01  -1.1447100e+01  -1.1498600e+01  -2.9360000e+00  -2.9874000e+00
  -1.1387100e+01  -1.1734900e+01  -1.1047000e+01  -1.1124900e+01  -2.9673000e+00  -3.1323000e+00
  -9.1960000e+00  -1.0370600e+01  -8.7098000e+00  -8.5177000e+00  -3.6180000e+00  -2.4385000e+00
  -6.1564000e+00  -7.0422000e+00  -6.2803000e+00  -5.9912000e+00  -1.5470000e+00  -1.6402000e+00
  -4.7265000e+00  -5.7808000e+00  -5.1944000e+00  -5.2092000e+00  -1.5482000e+00  -1.0235000e+00
  -4.9589000e+00  -6.1784000e+00  -5.6935000e+00  -5.7216000e+00  -9.8200000e-01  -1.4754000e+00
  -4.9687000e+00  -5.8865000e+00  -5.4561000e+00  -5.5125000e+00  -6.9770000e-01  -1.5306000e+00
  -5.2454000e+00  -6.0531000e+00  -5.5823000e+00  -5.6291000e+00   1.4128000e+00   1.3440000e-01
  -5.3354000e+00  -5.9903000e+00  -5.6336000e+00  -5.5629000e+00   1.6392000e+00  -8.1080000e-01
  -4.8238000e+00  -5.1971000e+00  -4.8783000e+00  -4.8433000e+00   4.3770000e-01  -1.3602000e+00
  -3.8969000e+00  -4.2288000e+00  -3.9976000e+00  -4.0047000e+00  -1.5345000e+00  -1.5620000e+00
  -3.8420000e+00  -4.0549000e+00  -3.7730000e+00  -3.7021000e+00  -1.4579000e+00  -2.3561000e+00
  -4.2827000e+00  -4.7763000e+00  -4.5827000e+00  -4.7209000e+00  -2.2006000e+00  -1.8679000e+00
  -4.2300000e+00  -4.8008000e+00  -4.6615000e+00  -5.0520000e+00  -2.0298000e+00  -1.6475000e+00
  -5.0063000e+00  -5.7118000e+00  -5.3003000e+00  -5.5238000e+00  -1.9898000e+00  -1.9207000e+00
  -5.1483000e+00  -6.3592000e+00  -5.7698000e+00  -6.2107000e+00  -1.9364000e+00  -1.8594000e+00
  -5.5407000e+00  -6.5722000e+00  -6.0604000e+00  -6.3959000e+00  -1.8080000e+00  -1.8668000e+00
  -5.1702000e+00  -6.2188000e+00  -5.8778000e+00  -6.3079000e+00  -1.5477000e+00  -2.0783000e+00
  -5.6704000e+00  -6.3349000e+00  -6.0614000e+00  -6.2469000e+00  -1.5000000e+00  -2.4196000e+00
  -6.1620000e+00  -6.3986000e+00  -6.1365000e+00  -6.0817000e+00  -1.4871000e+00  -2.4581000e+00
  -5.7082000e+00  -5.8483000e+00  -5.6623000e+00  -5.5841000e+00  -2.4478000e+00  -2.4076000e+00
  -5.4049000e+00  -5.4327000e+00  -5.3644000e+00  -5.3681000e+00  -3.1384000e+00  -2.9133000e+00
  -6.0313000e+00  -5.9745000e+00  -5.8333000e+00  -5.7013000e+00  -3.3614000e+00  -3.5416000e+00
  -5.3945000e+00  -5.7358000e+00  -5.5303000e+00  -5.5815000e+00  -3.9314000e+00  -3.7495000e+00
  -4.9414000e+00  -5.1858000e+00  -5.0140000e+00  -5.0778000e+00  -4.4956000e+00  -3.6136000e+00
  -4.4205000e+00  -4.5390000e+00  -4.4953000e+00  -4.5841000e+00  -4.5458000e+00  -3.3245000e+00
  -3.8196000e+00  -3.8423000e+00  -3.7060000e+00  -3.6595000e+00  -4.1600000e+00  -2.9692000e+00
  -3.4876000e+00  -3.6220000e+00  -3.3681000e+00  -3.3220000e+00  -3.4121000e+00  -2.4691000e+00
  -2.9669000e+00  -3.1831000e+00  -2.9141000e+00  -2.9164000e+00  -2.8365000e+00  -2.0735000e+00
  -2.2244000e+00  -2.4598000e+00  -2.2911000e+00  -2.3403000e+00  -2.3438000e+00  -1.8628000e+00
  -1.5960000e+00  -1.7549000e+00  -1.6434000e+00  -1.7232000e+00  -2.0285000e+00  -1.4397000e+00
  -7.5260000e-01  -8.7890000e-01  -7.2510000e-01  -7.7330000e-01  -1.7126000e+00  -8.9470000e-01
  -2.4110000e-01  -5.0210000e-01  -2.5220000e-01  -1.9850000e-01  -1.3950000e+00  -5.4710000e-01
  -8.5300000e-02  -1.1310000e-01  -1.3570000e-01  -1.2840000e-01  -1.1023000e+00  -4.8780000e-01
  -3.3140000e-01  -7.0510000e-01  -8.2680000e-01  -1.0721000e+00  -7.4920000e-01  -3.7670000e-01
  -2.4590000e-01  -5.6080000e-01  -7.4910000e-01  -1.0668000e+00  -5.1290000e-01  -3.2670000e-01
  -9.7900000e-01  -1.2542000e+00  -1.3895000e+00  -1.6233000e+00  -3.5430000e-01  -3.5000000e-01
  -1.7899000e+00  -2.0036000e+00  -2.0150000e+00  -2.1311000e+00  -5.1940000e-01  -5.5100000e-01
  -1.3401000e+00  -1.2803000e+00  -1.2075000e+00  -1.1326000e+00  -7.9580000e-01  -7.5490000e-01
  -8.4450000e-01  -7.9370000e-01  -9.0710000e-01  -9.4090000e-01  -1.0683000e+00  -1.0524000e+00
  -1.0671000e+00  -1.1072000e+00  -1.1973000e+00  -1.2813000e+00  -1.1800000e+00  -1.1070000e+00
  -9.4800000e-01  -9.3900000e-01  -9.6730000e-01  -1.0283000e+00  -1.0270000e+00  -9.6390000e-01
  -6.2150000e-01  -4.4770000e-01  -5.5140000e-01  -5.3460000e-01  -8.0550000e-01  -8.4550000e-01
  -4.8230000e-01  -1.5800000e-01  -2.7750000e-01  -1.4920000e-01  -6.8070000e-01  -7.5830000e-01
  -2.5190000e-01   1.2670000e-01  -1.9300000e-02   1.0280000e-01  -5.6650000e-01  -7.1760000e-01
  -5.6000000e-02   2.8300000e-01   4.5400000e-02   7.2700000e-02  -4.4910000e-01  -7.5920000e-01
  -2.3220000e-01   1.1800000e-02  -1.8690000e-01  -1.6730000e-01  -4.0240000e-01  -7.1390000e-01
  -5.5960000e-01  -3.0550000e-01  -5.1540000e-01  -5.1770000e-01  -2.3970000e-01  -5.2830000e-01
  -7.8070000e-01  -6.8750000e-01  -7.7600000e-01  -8.0580000e-01   6.5700000e-02  -3.8440000e-01
  -1.1718000e+00  -1.0616000e+00  -1.0452000e+00  -1.0011000e+00   2.4580000e-01  -1.3580000e-01
  -1.5045000e+00  -1.3005000e+00  -1.2398000e+00  -1.0837000e+00   5.3780000e-01   1.6320000e-01
  -1.3887000e+00  -1.3470000e+00  -1.2138000e+00  -1.1028000e+00   7.6890000e-01   7.1260000e-01
  -1.2044000e+00  -1.1144000e+00  -1.1340000e+00  -1.0728000e+00   9.5810000e-01   1.2369000e+00
  -1.2303000e+00  -1.1961000e+00  -1.2212000e+00  -1.2016000e+00   1.7772000e+00   1.6244000e+00
  -1.2022000e+00  -1.1995000e+00  -1.1391000e+00  -1.0885000e+00   2.5264000e+00   2.1394000e+00
  -1.1020000e+00  -1.0593000e+00  -9.8510000e-01  -8.9340000e-01   2.9777000e+00   2.6443000e+00
  -9.1920000e-01  -8.4080000e-01  -8.2980000e-01  -7.6010000e-01   3.7431000e+00   3.0495000e+00
  -8.1140000e-01  -7.0070000e-01  -7.3110000e-01  -6.7450000e-01   4.2595000e+00   3.3451000e+00
  -7.3680000e-01  -6.4210000e-01  -6.8190000e-01  -6.4290000e-01   4.5642000e+00   3.5615000e+00
  -4.5540000e-01  -4.3440000e-01  -4.8340000e-01  -4.8680000e-01   4.8298000e+00   3.9136000e+00
  -1.3570000e-01  -8.1000000e-02  -1.5770000e-01  -1.7560000e-01   5.1261000e+00   4.2576000e+00
   3.4700000e-02   1.0470000e-01   5.5900000e-02   6.7300000e-02   5.1894000e+00   4.4911000e+00
   3.0210000e-01   2.6500000e-01   2.6540000e-01   2.7810000e-01   5.0159000e+00   4.4349000e+00
   6.7730000e-01   5.4510000e-01   5.7460000e-01   5.2600000e-01   4.6782000e+00   4.1960000e+00
   1.0127000e+00   8.0740000e-01   8.0040000e-01   6.6380000e-01   5.3591000e+00   4.8960000e+00
   1.1841000e+00   1.0345000e+00   1.0014000e+00   8.8200000e-01   5.5693000e+00   4.9481000e+00
   1.2062000e+00   9.7440000e-01   9.6400000e-01   8.7930000e-01   4.8817000e+00   4.1485000e+00
   1.3431000e+00   9.4220000e-01   1.0870000e+00   9.3260000e-01   4.2622000e+00   3.8801000e+00
   1.4345000e+00   1.1822000e+00   1.2784000e+00   1.1884000e+00   4.7224000e+00   4.5422000e+00
   1.5193000e+00   1.3612000e+00   1.4202000e+00   1.3710000e+00   5.0070000e+00   4.7155000e+00
   1.5059000e+00   1.3921000e+00   1.4395000e+00   1.4060000e+00   4.9141000e+00   4.7471000e+00
   1.5583000e+00   1.3981000e+00   1.4868000e+00   1.4484000e+00   5.1366000e+00   4.9040000e+00
   1.8401000e+00   1.5054000e+00   1.6886000e+00   1.6096000e+00   5.1430000e+00   5.0903000e+00
   2.1645000e+00   1.7476000e+00   2.0318000e+00   1.9615000e+00   4.9103000e+00   5.0383000e+00
   2.3370000e+00   2.0029000e+00   2.2758000e+00   2.2693000e+00   4.7449000e+00   4.9336000e+00
   2.3711000e+00   2.0954000e+00   2.3508000e+00   2.3858000e+00   4.6531000e+00   4.9066000e+00
   2.4757000e+00   2.1424000e+00   2.4240000e+00   2.4697000e+00   4.5752000e+00   4.8277000e+00
   2.6533000e+00   2.1596000e+00   2.4940000e+00   2.5301000e+00   4.5068000e+00   4.6806000e+00
   2.6775000e+00   2.1649000e+00   2.5138000e+00   2.5755000e+00   4.3549000e+00   4.5405000e+00
   2.5841000e+00   2.1313000e+00   2.4697000e+00   2.5819000e+00   4.1443000e+00   4.4406000e+00
   2.3727000e+00   1.8924000e+00   2.2597000e+00   2.4370000e+00   4.0204000e+00   4.4142000e+00
   2.1323000e+00   1.4865000e+00   1.9292000e+00   2.1403000e+00   3.9002000e+00   4.3485000e+00
   1.8914000e+00   1.0018000e+00   1.5447000e+00   1.7312000e+00   3.7302000e+00   4.3179000e+00
   1.6816000e+00   5.9060000e-01   1.1821000e+00   1.2873000e+00   3.6715000e+00   4.2116000e+00
   1.3915000e+00   1.3670000e-01   8.2790000e-01   8.8350000e-01   3.5570000e+00   4.1516000e+00
   1.1803000e+00  -3.3050000e-01   3.8780000e-01   3.8440000e-01   3.4794000e+00   4.0294000e+00
   8.2570000e-01  -8.7300000e-01  -1.8710000e-01  -2.3320000e-01   3.3773000e+00   3.8884000e+00
   4.0380000e-01  -1.2540000e+00  -7.2330000e-01  -8.2110000e-01   3.3194000e+00   3.7399000e+00
  -2.9410000e-01  -1.7006000e+00  -1.2822000e+00  -1.5005000e+00   3.1831000e+00   3.5952000e+00
  -8.4840000e-01  -1.8932000e+00  -1.5628000e+00  -1.9212000e+00   3.0571000e+00   3.4148000e+00
  -1.5108000e+00  -2.3822000e+00  -2.0301000e+00  -2.4485000e+00   3.0012000e+00   3.2886000e+00
  -2.0524000e+00  -2.6267000e+00  -2.4736000e+00  -2.9060000e+00   2.9171000e+00   3.0987000e+00
  -2.7158000e+00  -3.0250000e+00  -3.0185000e+00  -3.3955000e+00   2.7801000e+00   2.8058000e+00
  -3.4933000e+00  -3.5627000e+00  -3.6028000e+00  -3.8721000e+00   2.6057000e+00   2.5838000e+00
  -3.9983000e+00  -4.1971000e+00  -4.0127000e+00  -4.1123000e+00   2.2643000e+00   2.3339000e+00
  -4.3957000e+00  -4.4979000e+00  -4.3714000e+00  -4.5055000e+00   1.9194000e+00   2.0190000e+00
  -5.0195000e+00  -5.1350000e+00  -5.0889000e+00  -5.3945000e+00   1.6388000e+00   1.7203000e+00
  -5.7549000e+00  -5.8919000e+00  -5.8045000e+00  -6.0667000e+00   1.3231000e+00   1.3593000e+00
  -6.2284000e+00  -6.4375000e+00  -6.2772000e+00  -6.4665000e+00   1.0001000e+00   9.6680000e-01
  -6.4892000e+00  -6.7950000e+00  -6.5555000e+00  -6.7713000e+00   6.8780000e-01   5.7690000e-01
  -6.6080000e+00  -7.0416000e+00  -6.8310000e+00  -7.0998000e+00   5.3710000e-01   4.1340000e-01
  -6.8717000e+00  -7.2533000e+00  -6.9859000e+00  -7.2204000e+00   2.7470000e-01   1.2080000e-01
  -6.9759000e+00  -7.3529000e+00  -7.1598000e+00  -7.4480000e+00   1.7700000e-01  -1.4120000e-01
  -7.3071000e+00  -7.8804000e+00  -7.7181000e+00  -8.1928000e+00  -2.5960000e-01  -3.6320000e-01
  -7.8818000e+00  -8.4678000e+00  -8.0797000e+00  -8.4019000e+00  -3.7470000e-01  -5.2100000e-01
  -7.7483000e+00  -8.6549000e+00  -8.1857000e+00  -8.7191000e+00  -6.5610000e-01  -8.0730000e-01
  -7.5107000e+00  -8.6479000e+00  -8.0196000e+00  -8.3069000e+00  -1.2389000e+00  -1.2915000e+00
  -7.0015000e+00  -8.3216000e+00  -7.4135000e+00  -7.5423000e+00  -1.6288000e+00  -1.8809000e+00
  -6.1843000e+00  -7.3075000e+00  -6.5976000e+00  -6.8911000e+00  -2.0344000e+00  -2.4530000e+00
  -5.3596000e+00  -6.5297000e+00  -5.9147000e+00  -6.1020000e+00  -1.3058000e+00  -2.0683000e+00
  -4.9479000e+00  -5.6926000e+00  -5.2801000e+00  -5.4820000e+00  -1.0316000e+00  -1.5255000e+00
  -4.5537000e+00  -5.4994000e+00  -5.2041000e+00  -5.4482000e+00  -6.9620000e-01  -2.2088000e+00
  -4.3577000e+00  -5.1821000e+00  -4.8839000e+00  -4.8934000e+00   1.4190000e-01  -2.6757000e+00
  -4.2889000e+00  -5.0087000e+00  -4.7226000e+00  -4.8365000e+00   4.1990000e-01  -2.0694000e+00
  -3.8618000e+00  -4.2829000e+00  -4.0312000e+00  -4.1160000e+00  -5.5310000e-01  -2.2827000e+00
  -3.7631000e+00  -3.8385000e+00  -3.7861000e+00  -3.8024000e+00  -1.3727000e+00  -2.5945000e+00
  -3.8396000e+00  -3.8813000e+00  -3.7742000e+00  -3.7338000e+00  -1.1796000e+00  -2.4707000e+00
  -3.4456000e+00  -3.6415000e+00  -3.5504000e+00  -3.5931000e+00  -1.4883000e+00  -2.5409000e+00
  -2.7124000e+00  -2.9982000e+00  -2.8565000e+00  -2.9502000e+00  -1.5828000e+00  -2.6574000e+00
  -2.2439000e+00  -2.4334000e+00  -2.4012000e+00  -2.5206000e+00  -1.6769000e+00  -2.3861000e+00
  -2.0295000e+00  -2.0711000e+00  -1.9775000e+00  -1.9646000e+00  -1.7714000e+00  -1.4746000e+00
  -7.2690000e-01  -9.0110000e-01  -7.5120000e-01  -7.1380000e-01  -1.1894000e+00  -4.6880000e-01
  -1.1690000e-01  -3.0300000e-02   4.3100000e-02   1.9780000e-01  -5.1700000e-02   4.7750000e-01
   4.0160000e-01   4.6260000e-01   4.3170000e-01   4.9690000e-01   9.9780000e-01   5.1160000e-01
   5.3830000e-01   8.1480000e-01   6.2640000e-01   7.0860000e-01   9.7240000e-01   3.2010000e-01
   7.1240000e-01   7.6180000e-01   7.5460000e-01   7.7610000e-01   6.1400000e-01  -6.5700000e-02
   8.6940000e-01   9.8830000e-01   9.5660000e-01   1.0345000e+00  -8.5500000e-02  -2.4200000e-01
   1.1652000e+00   1.2287000e+00   1.2161000e+00   1.2576000e+00  -2.9850000e-01   2.3500000e-02
   1.5526000e+00   1.6619000e+00   1.6328000e+00   1.6607000e+00  -5.8270000e-01   5.6900000e-02
   1.6996000e+00   1.8267000e+00   1.7632000e+00   1.7820000e+00  -2.8120000e-01  -5.2030000e-01
   1.5041000e+00   1.7307000e+00   1.6392000e+00   1.6734000e+00  -4.7530000e-01  -1.8910000e-01
   1.7040000e+00   1.8150000e+00   1.7743000e+00   1.7594000e+00  -6.7900000e-02   6.0480000e-01
   2.3608000e+00   2.3591000e+00   2.4911000e+00   2.4977000e+00   4.6960000e-01   1.5837000e+00
   3.5918000e+00   3.6672000e+00   3.7470000e+00   3.8223000e+00   1.4420000e+00   2.8461000e+00
   4.2824000e+00   4.5154000e+00   4.4457000e+00   4.4917000e+00   2.0265000e+00   3.3230000e+00
   5.1912000e+00   5.0851000e+00   5.2875000e+00   5.2940000e+00   2.2709000e+00   3.1652000e+00
   5.9416000e+00   5.9494000e+00   6.0810000e+00   6.1391000e+00   2.6221000e+00   3.1177000e+00
   6.0738000e+00   6.0466000e+00   6.1540000e+00   6.2229000e+00   2.9815000e+00   3.3551000e+00
   6.5133000e+00   6.3575000e+00   6.4813000e+00   6.4407000e+00   3.1766000e+00   4.2686000e+00
   7.0719000e+00   6.8351000e+00   7.0059000e+00   6.9444000e+00   4.3516000e+00   5.8430000e+00
   7.1999000e+00   7.3094000e+00   7.2848000e+00   7.3573000e+00   5.3737000e+00   6.7826000e+00
   6.7653000e+00   6.8492000e+00   6.8906000e+00   6.9948000e+00   5.9301000e+00   6.9579000e+00
   6.6750000e+00   6.9640000e+00   6.8756000e+00   7.0207000e+00   5.8648000e+00   6.7392000e+00
   6.4263000e+00   6.6843000e+00   6.6423000e+00   6.7872000e+00   6.0052000e+00   7.6075000e+00
   5.9332000e+00   6.3180000e+00   6.1412000e+00   6.2928000e+00   6.2272000e+00   8.1619000e+00
   5.0178000e+00   5.1529000e+00   5.0321000e+00   5.0838000e+00   7.6735000e+00   9.5057000e+00
   4.4096000e+00   4.3590000e+00   4.2081000e+00   4.0979000e+00   8.5603000e+00   9.7939000e+00
   4.0451000e+00   3.7941000e+00   3.6577000e+00   3.4221000e+00   9.9980000e+00   9.4320000e+00
   3.9958000e+00   3.6845000e+00   3.7089000e+00   3.5681000e+00   1.1498500e+01   1.0669400e+01
   3.7131000e+00   3.4392000e+00   3.3207000e+00   3.1339000e+00   1.1617200e+01   1.0324400e+01
   3.0452000e+00   3.4090000e+00   2.8637000e+00   2.7299000e+00   1.1550900e+01   9.0355000e+00
   1.2021000e+00   1.6366000e+00   1.3177000e+00   1.2842000e+00   1.0944700e+01   9.0190000e+00
   2.9250000e-01   9.9170000e-01   8.2030000e-01   1.0818000e+00   1.0829200e+01   9.0324000e+00
   2.3350000e-01  -3.1510000e-01   1.7510000e-01   7.2000000e-02   9.5711000e+00   7.2325000e+00
   2.2160000e-01   3.6920000e-01   7.4200000e-02  -1.4370000e-01   9.0978000e+00   4.2305000e+00
  -8.1700000e-01  -4.6260000e-01  -6.2780000e-01  -5.2870000e-01   7.9637000e+00   4.2840000e-01
  -5.0330000e-01  -7.6470000e-01  -6.3170000e-01  -7.1780000e-01   4.5494000e+00  -1.2242000e+00
   4.6020000e-01   2.3360000e-01   4.2260000e-01   3.6970000e-01  -5.3870000e-01  -8.0870000e-01
   1.9630000e-01   2.3270000e-01   9.9000000e-02   3.2300000e-02  -5.9540000e-01  -9.7040000e-01
   4.0440000e-01   1.0100000e-01   2.0200000e-01   4.8000000e-03  -1.8414000e+00  -1.3531000e+00
   1.4260000e-01   2.0500000e-02   2.0060000e-01   2.4560000e-01  -2.2636000e+00  -2.5482000e+00
   9.1210000e-01   9.4180000e-01   8.0190000e-01   7.5140000e-01  -2.6003000e+00  -2.8095000e+00
   2.5960000e-01   6.6220000e-01   3.0800000e-01   3.5440000e-01  -2.5571000e+00  -2.3610000e+00
  -2.3260000e-01  -1.5800000e-01  -3.9990000e-01  -4.9650000e-01  -2.0028000e+00  -1.8991000e+00
   4.9300000e-02  -2.0230000e-01  -1.6180000e-01  -3.1380000e-01  -1.6099000e+00  -1.6996000e+00
   3.2670000e-01  -9.8700000e-02   2.0530000e-01   2.7200000e-01  -1.4650000e+00  -1.0412000e+00
   7.8800000e-01   8.0420000e-01   7.6430000e-01   7.0690000e-01  -1.0111000e+00  -7.7520000e-01
   3.3580000e-01   2.4570000e-01   2.4890000e-01   1.8700000e-01  -6.0580000e-01  -2.2990000e-01
   5.6090000e-01   5.0660000e-01   4.2440000e-01   2.8670000e-01  -2.3780000e-01  -1.7800000e-01
   4.4180000e-01   5.5810000e-01   4.3390000e-01   2.7720000e-01   1.1910000e-01   1.3930000e-01
   5.9850000e-01   6.0620000e-01   5.9520000e-01   3.1730000e-01   8.3910000e-01   7.9240000e-01
   5.7840000e-01   5.7080000e-01   6.5750000e-01   4.9330000e-01   1.3985000e+00   1.2528000e+00
   2.9060000e-01   1.7670000e-01   3.7920000e-01   1.9930000e-01   1.7227000e+00   1.5772000e+00
   3.3430000e-01   7.7200000e-02   4.1560000e-01   1.3670000e-01   1.9138000e+00   1.7443000e+00
   1.3850000e-01  -2.8210000e-01   3.4520000e-01   1.4440000e-01   1.6015000e+00   1.7710000e+00
   5.3130000e-01  -3.3760000e-01   5.7140000e-01   3.9260000e-01   1.1840000e+00   1.4687000e+00
   1.5905000e+00   2.7460000e-01   1.2291000e+00   1.0131000e+00   1.1381000e+00   1.2418000e+00
   2.6911000e+00   7.7020000e-01   1.8973000e+00   1.4854000e+00   1.3520000e+00   1.2049000e+00
   3.4918000e+00   1.5958000e+00   2.5885000e+00   2.1894000e+00   1.5957000e+00   1.2405000e+00
   3.8282000e+00   2.6372000e+00   3.1521000e+00   2.8495000e+00   1.6711000e+00   1.2418000e+00
   3.4258000e+00   2.9937000e+00   3.1559000e+00   3.2438000e+00   1.7366000e+00   1.3071000e+00
   2.8723000e+00   2.4890000e+00   2.6520000e+00   2.9821000e+00   1.9125000e+00   1.3821000e+00
   1.8856000e+00   1.3005000e+00   1.6936000e+00   2.1189000e+00   2.5016000e+00   1.3058000e+00
   6.9430000e-01  -3.8700000e-02   6.1570000e-01   1.1221000e+00   2.9814000e+00   1.0671000e+00
  -4.9010000e-01  -1.0687000e+00  -3.6050000e-01  -5.2900000e-02   3.1364000e+00   5.8640000e-01
  -1.4988000e+00  -1.8324000e+00  -1.6300000e+00  -2.0682000e+00   2.8448000e+00  -3.8000000e-02
  -3.1425000e+00  -3.4816000e+00  -3.6068000e+00  -3.9567000e+00   2.0144000e+00  -5.2690000e-01
  -4.9671000e+00  -5.2117000e+00  -4.8800000e+00  -4.9562000e+00  -1.2110000e-01  -9.6830000e-01
  -5.6361000e+00  -6.0321000e+00  -5.6067000e+00  -5.7250000e+00  -8.4890000e-01  -1.3161000e+00
  -6.2111000e+00  -6.6918000e+00  -6.2039000e+00  -6.3714000e+00  -8.4870000e-01  -1.4681000e+00
  -6.1778000e+00  -6.6478000e+00  -5.9721000e+00  -5.9104000e+00  -7.3770000e-01  -1.3675000e+00
  -4.8862000e+00  -5.6773000e+00  -4.5246000e+00  -4.2688000e+00  -5.0750000e-01  -1.0287000e+00
  -2.2562000e+00  -3.8874000e+00  -3.1456000e+00  -3.3113000e+00   6.5640000e-01  -2.1460000e-01
  -2.7936000e+00  -3.1918000e+00  -3.2727000e+00  -3.3619000e+00   3.0918000e+00   9.8160000e-01
  -3.9462000e+00  -5.1114000e+00  -5.1771000e+00  -5.6592000e+00   3.5151000e+00   1.6348000e+00
  -4.6740000e+00  -6.0496000e+00  -5.6519000e+00  -5.9941000e+00   3.2839000e+00   1.6951000e+00
  -4.6122000e+00  -5.9052000e+00  -5.4876000e+00  -5.8060000e+00   2.7296000e+00   1.5371000e+00
  -4.9214000e+00  -5.8138000e+00  -5.5918000e+00  -5.8437000e+00   1.9878000e+00   1.0522000e+00
  -5.2407000e+00  -6.0478000e+00  -5.8376000e+00  -6.0471000e+00   1.3403000e+00   8.1100000e-01
  -5.5646000e+00  -6.2932000e+00  -6.0308000e+00  -6.1910000e+00   1.0151000e+00   5.2190000e-01
  -5.1443000e+00  -5.9825000e+00  -5.7235000e+00  -5.9882000e+00   5.0430000e-01   5.2220000e-01
  -4.8577000e+00  -5.6777000e+00  -5.4373000e+00  -5.7085000e+00  -7.0690000e-01  -2.3110000e-01
  -4.0620000e+00  -4.9883000e+00  -4.7331000e+00  -5.0511000e+00  -1.2495000e+00  -8.1350000e-01
  -3.7284000e+00  -4.2310000e+00  -4.0886000e+00  -4.3897000e+00  -1.5549000e+00  -1.3404000e+00
  -4.0648000e+00  -4.1887000e+00  -4.2338000e+00  -4.4086000e+00  -1.5000000e+00  -1.8097000e+00
  -4.0720000e+00  -4.3912000e+00  -4.3620000e+00  -4.6067000e+00  -1.4063000e+00  -1.9565000e+00
  -4.1340000e+00  -4.3776000e+00  -4.3784000e+00  -4.5939000e+00  -1.4518000e+00  -1.9063000e+00
  -4.5864000e+00  -4.7012000e+00  -4.6583000e+00  -4.7607000e+00  -8.4030000e-01  -1.1446000e+00
  -4.3882000e+00  -4.6808000e+00  -4.5781000e+00  -4.7250000e+00  -3.2830000e-01  -3.1560000e-01
  -3.5834000e+00  -3.8129000e+00  -3.7854000e+00  -3.9216000e+00  -5.8540000e-01  -5.6610000e-01
  -3.2183000e+00  -3.4417000e+00  -3.3674000e+00  -3.4539000e+00   5.8370000e-01  -8.3410000e-01
  -2.9383000e+00  -2.9618000e+00  -2.9465000e+00  -2.9179000e+00   9.7240000e-01  -5.0570000e-01
  -2.9478000e+00  -3.0246000e+00  -2.9730000e+00  -2.9339000e+00   1.2083000e+00  -2.4010000e-01
  -2.6393000e+00  -2.7770000e+00  -2.6950000e+00  -2.6797000e+00   1.2165000e+00  -1.1200000e-01
  -2.3401000e+00  -2.4154000e+00  -2.3565000e+00  -2.3134000e+00   1.4899000e+00   9.7000000e-03
  -2.5256000e+00  -2.5838000e+00  -2.4996000e+00  -2.4476000e+00   1.9098000e+00   2.9610000e-01
  -2.1660000e+00  -2.3348000e+00  -2.2679000e+00  -2.2997000e+00   2.4253000e+00   9.6730000e-01
  -1.7761000e+00  -1.9036000e+00  -1.8512000e+00  -1.8623000e+00   2.9408000e+00   1.7497000e+00
  -1.5712000e+00  -1.6905000e+00  -1.6729000e+00  -1.7064000e+00   3.4690000e+00   2.5743000e+00
  -1.5037000e+00  -1.6272000e+00  -1.5661000e+00  -1.5925000e+00   3.8256000e+00   3.0471000e+00
  -1.1905000e+00  -1.3670000e+00  -1.3064000e+00  -1.3653000e+00   4.4009000e+00   3.4209000e+00
  -6.9320000e-01  -8.5610000e-01  -8.3100000e-01  -9.0060000e-01   4.8953000e+00   3.8753000e+00
  -2.9750000e-01  -4.3820000e-01  -4.3320000e-01  -4.9020000e-01   5.2404000e+00   4.2251000e+00
   3.1900000e-02  -8.6800000e-02  -9.0400000e-02  -1.3710000e-01   5.3353000e+00   4.4241000e+00
   2.4070000e-01   8.9200000e-02   1.0440000e-01   5.8000000e-02   5.2903000e+00   4.4938000e+00
   5.4550000e-01   3.9530000e-01   3.8340000e-01   3.2230000e-01   5.2780000e+00   4.5489000e+00
   7.8980000e-01   6.3440000e-01   6.4320000e-01   5.8960000e-01   5.3428000e+00   4.6943000e+00
   1.1003000e+00   9.2610000e-01   9.0490000e-01   8.1360000e-01   5.4549000e+00   4.8458000e+00
   1.4366000e+00   1.3189000e+00   1.3061000e+00   1.2626000e+00   5.8683000e+00   5.1141000e+00
   1.8639000e+00   1.7119000e+00   1.6558000e+00   1.5578000e+00   6.3107000e+00   5.4330000e+00
   2.3084000e+00   2.1779000e+00   2.1278000e+00   2.0400000e+00   6.6234000e+00   5.6867000e+00
