   7.0768000e+00   7.3079000e+00   7.2816000e+00   7.4053000e+00   9.1461000e+00   9.1277000e+00
   6.8724000e+00   7.0954000e+00   7.0693000e+00   7.1777000e+00   8.7143000e+00   8.8507000e+00
   6.5957000e+00   6.8285000e+00   6.8270000e+00   6.9250000e+00   8.4860000e+00   8.6622000e+00
   6.4126000e+00   6.6384000e+00   6.6426000e+00   6.7714000e+00   8.4924000e+00   8.5023000e+00
   6.2201000e+00   6.5031000e+00   6.5127000e+00   6.6556000e+00   8.5713000e+00   8.2977000e+00
   6.1091000e+00   6.4137000e+00   6.4229000e+00   6.5551000e+00   8.6068000e+00   8.1912000e+00
   6.0582000e+00   6.3185000e+00   6.3294000e+00   6.4169000e+00   8.7562000e+00   8.2780000e+00
   6.1860000e+00   6.3830000e+00   6.4367000e+00   6.4988000e+00   8.9961000e+00   8.4396000e+00
   6.3356000e+00   6.4171000e+00   6.4950000e+00   6.5154000e+00   9.0612000e+00   8.7454000e+00
   6.5365000e+00   6.6050000e+00   6.6665000e+00   6.7003000e+00   9.3592000e+00   8.8412000e+00
   6.8768000e+00   7.0128000e+00   6.9835000e+00   7.0277000e+00   9.4410000e+00   9.0900000e+00
   7.1968000e+00   7.4736000e+00   7.3917000e+00   7.5074000e+00   9.2312000e+00   9.1268000e+00
   7.6745000e+00   7.8776000e+00   7.7687000e+00   7.8340000e+00   8.9412000e+00   9.0174000e+00
   8.1839000e+00   8.3248000e+00   8.2379000e+00   8.2716000e+00   8.7741000e+00   8.9456000e+00
   8.4951000e+00   8.5944000e+00   8.4992000e+00   8.5354000e+00   8.8571000e+00   9.0651000e+00
   8.8879000e+00   8.9466000e+00   8.8696000e+00   8.8771000e+00   9.0858000e+00   9.3706000e+00
   9.1044000e+00   9.1163000e+00   9.0544000e+00   9.0644000e+00   9.7373000e+00   9.5725000e+00
   9.2862000e+00   9.3044000e+00   9.1998000e+00   9.1960000e+00   9.5635000e+00   9.0357000e+00
   9.5071000e+00   9.6189000e+00   9.4583000e+00   9.4999000e+00   8.5795000e+00   8.6113000e+00
   9.6257000e+00   9.8445000e+00   9.6403000e+00   9.7246000e+00   8.4056000e+00   8.2639000e+00
   9.5795000e+00   9.9880000e+00   9.6834000e+00   9.8268000e+00   8.4752000e+00   8.0254000e+00
   9.2945000e+00   9.9092000e+00   9.5704000e+00   9.7921000e+00   8.0176000e+00   8.2743000e+00
   9.0894000e+00   9.8203000e+00   9.4534000e+00   9.7026000e+00   9.2716000e+00   7.0588000e+00
   8.8969000e+00   9.7730000e+00   9.3271000e+00   9.5751000e+00   9.1935000e+00   9.1997000e+00
   8.6565000e+00   9.5443000e+00   9.1599000e+00   9.4228000e+00   8.8975000e+00   8.8447000e+00
   8.3695000e+00   9.1660000e+00   8.8241000e+00   9.0044000e+00   8.2262000e+00   8.8005000e+00
   7.9703000e+00   8.7295000e+00   8.4437000e+00   8.6622000e+00   8.0889000e+00   8.9234000e+00
   7.8839000e+00   8.6411000e+00   8.3349000e+00   8.5162000e+00   8.4101000e+00   8.9711000e+00
   7.6877000e+00   8.4803000e+00   8.1929000e+00   8.4586000e+00   8.3291000e+00   8.9875000e+00
   7.9418000e+00   8.6976000e+00   8.2826000e+00   8.4291000e+00   8.9139000e+00   8.9239000e+00
   7.8194000e+00   8.6314000e+00   8.2306000e+00   8.4419000e+00   8.8445000e+00   9.6804000e+00
   8.3790000e+00   8.9659000e+00   8.4997000e+00   8.6045000e+00   8.9307000e+00   1.0057700e+01
   8.9713000e+00   9.8444000e+00   9.2284000e+00   9.3867000e+00   9.2354000e+00   1.0600700e+01
   8.0873000e+00   9.6089000e+00   8.8090000e+00   9.3295000e+00   9.2341000e+00   1.0760100e+01
   7.0163000e+00   8.2344000e+00   7.1628000e+00   7.5022000e+00   9.6735000e+00   1.0907600e+01
   6.6132000e+00   7.6352000e+00   6.8361000e+00   7.1016000e+00   9.9235000e+00   1.0922400e+01
   6.0097000e+00   6.8297000e+00   6.2364000e+00   6.4905000e+00   1.0331600e+01   1.0848000e+01
   5.4540000e+00   6.7860000e+00   6.4403000e+00   7.2911000e+00   1.0238400e+01   1.0786500e+01
   6.9465000e+00   7.7012000e+00   7.1859000e+00   7.3055000e+00   1.0149000e+01   1.0681400e+01
   9.2904000e+00   8.4621000e+00   8.7940000e+00   8.4056000e+00   1.0173200e+01   1.0597800e+01
   9.3365000e+00   8.7874000e+00   9.1346000e+00   8.8637000e+00   1.0163700e+01   1.0679700e+01
   9.5684000e+00   9.4424000e+00   9.5807000e+00   9.6213000e+00   1.0209700e+01   1.0761100e+01
   9.8461000e+00   1.0056900e+01   9.8757000e+00   9.9175000e+00   1.0191200e+01   1.0661000e+01
   9.9736000e+00   1.0072900e+01   1.0083400e+01   1.0181100e+01   1.0020200e+01   1.0604000e+01
   1.0374900e+01   1.0476300e+01   1.0510800e+01   1.0610200e+01   1.0007200e+01   1.0359100e+01
   1.0312300e+01   1.0458200e+01   1.0348700e+01   1.0359900e+01   9.7395000e+00   1.0263800e+01
   1.0031000e+01   1.0219200e+01   1.0190100e+01   1.0280900e+01   9.2403000e+00   1.0188300e+01
   1.0065100e+01   1.0135300e+01   1.0066800e+01   1.0120400e+01   8.8880000e+00   9.8855000e+00
   9.8881000e+00   9.8070000e+00   9.7553000e+00   9.6517000e+00   9.1069000e+00   9.6442000e+00
   1.0670800e+01   1.0614400e+01   1.0493200e+01   1.0340300e+01   8.9015000e+00   9.6123000e+00
   1.0648300e+01   1.0709500e+01   1.0587200e+01   1.0598000e+01   8.4668000e+00   9.3715000e+00
   1.0456500e+01   1.0429400e+01   1.0344700e+01   1.0315400e+01   8.1132000e+00   9.1739000e+00
   1.0429000e+01   1.0494100e+01   1.0452500e+01   1.0497900e+01   7.9445000e+00   9.1046000e+00
   1.0576200e+01   1.0508400e+01   1.0481900e+01   1.0458500e+01   8.3914000e+00   9.0900000e+00
   1.0622800e+01   1.0623500e+01   1.0506100e+01   1.0452200e+01   9.8508000e+00   9.0697000e+00
   1.0242000e+01   1.0105800e+01   1.0015600e+01   9.9280000e+00   1.0337300e+01   8.9618000e+00
   9.6488000e+00   9.4329000e+00   9.6362000e+00   9.6756000e+00   1.0380800e+01   9.2050000e+00
   9.1407000e+00   8.8190000e+00   8.9761000e+00   8.8731000e+00   1.0360700e+01   9.5492000e+00
   9.0791000e+00   8.7661000e+00   8.8553000e+00   8.7102000e+00   1.0604200e+01   9.7531000e+00
   9.1116000e+00   8.9065000e+00   8.9536000e+00   8.8261000e+00   1.0618800e+01   1.0058600e+01
   9.0983000e+00   8.9834000e+00   8.9896000e+00   8.8953000e+00   1.0411400e+01   9.8850000e+00
   9.3054000e+00   9.1970000e+00   9.1197000e+00   8.9981000e+00   1.0398900e+01   9.6980000e+00
   9.3238000e+00   9.3273000e+00   9.2195000e+00   9.1666000e+00   1.0180200e+01   9.6773000e+00
   9.1424000e+00   9.1159000e+00   9.1181000e+00   9.1107000e+00   9.9069000e+00   1.0142500e+01
   9.2089000e+00   9.2356000e+00   9.2731000e+00   9.3175000e+00   1.0097400e+01   1.0274800e+01
   9.4307000e+00   9.4489000e+00   9.5663000e+00   9.6594000e+00   1.0014700e+01   1.0060200e+01
   9.7040000e+00   9.5863000e+00   9.7592000e+00   9.7770000e+00   9.8362000e+00   9.6656000e+00
   9.9520000e+00   9.9128000e+00   1.0051900e+01   1.0120100e+01   9.8935000e+00   9.5214000e+00
   1.0052200e+01   1.0112700e+01   1.0132200e+01   1.0183100e+01   1.0045500e+01   9.3642000e+00
   9.9922000e+00   9.9985000e+00   9.9807000e+00   9.9812000e+00   1.0066000e+01   9.4175000e+00
   9.7834000e+00   9.8367000e+00   9.8020000e+00   9.8239000e+00   1.0212400e+01   9.5126000e+00
   9.7106000e+00   9.7783000e+00   9.8894000e+00   1.0004900e+01   1.0081900e+01   9.6990000e+00
   9.9650000e+00   1.0034900e+01   1.0139100e+01   1.0249000e+01   1.0042000e+01   9.6697000e+00
   1.0273500e+01   1.0313500e+01   1.0366400e+01   1.0427200e+01   9.9038000e+00   9.5645000e+00
   1.0475500e+01   1.0489500e+01   1.0528000e+01   1.0589400e+01   9.6629000e+00   9.4178000e+00
   1.0640300e+01   1.0722900e+01   1.0735000e+01   1.0827200e+01   9.3956000e+00   9.2413000e+00
   1.0767500e+01   1.0930200e+01   1.0895500e+01   1.0985700e+01   9.0732000e+00   9.1719000e+00
   1.0586400e+01   1.0751600e+01   1.0767900e+01   1.0896200e+01   8.9395000e+00   9.0957000e+00
   1.0484500e+01   1.0578500e+01   1.0609600e+01   1.0710300e+01   8.0896000e+00   8.4687000e+00
   1.0397300e+01   1.0433600e+01   1.0485000e+01   1.0568400e+01   6.8817000e+00   7.4493000e+00
   1.0393200e+01   1.0406100e+01   1.0457500e+01   1.0513500e+01   6.5316000e+00   6.6730000e+00
   1.0391600e+01   1.0424400e+01   1.0458000e+01   1.0530000e+01   7.0309000e+00   6.8489000e+00
   1.0533800e+01   1.0637400e+01   1.0580400e+01   1.0640400e+01   6.7548000e+00   6.9457000e+00
   1.0651600e+01   1.0788000e+01   1.0673700e+01   1.0714700e+01   5.8852000e+00   6.3555000e+00
   1.0641600e+01   1.0740800e+01   1.0699800e+01   1.0750500e+01   5.6634000e+00   6.0374000e+00
   1.0453300e+01   1.0518400e+01   1.0588200e+01   1.0697700e+01   5.8651000e+00   6.2306000e+00
   1.0381400e+01   1.0337500e+01   1.0503100e+01   1.0617000e+01   6.0169000e+00   6.4210000e+00
   1.0363400e+01   1.0310200e+01   1.0436000e+01   1.0514900e+01   6.1828000e+00   6.3698000e+00
   1.0455800e+01   1.0330600e+01   1.0456100e+01   1.0487600e+01   6.3048000e+00   6.2062000e+00
   1.0519300e+01   1.0466200e+01   1.0533800e+01   1.0574300e+01   6.3866000e+00   6.1409000e+00
   1.0635100e+01   1.0702200e+01   1.0672400e+01   1.0706500e+01   6.2512000e+00   6.0737000e+00
   1.0445600e+01   1.0578000e+01   1.0580200e+01   1.0683100e+01   6.0852000e+00   6.0120000e+00
   1.0172100e+01   1.0337500e+01   1.0320400e+01   1.0417100e+01   5.9436000e+00   5.9495000e+00
   1.0024200e+01   1.0101100e+01   1.0061900e+01   1.0111400e+01   5.9097000e+00   5.8479000e+00
   1.0027500e+01   1.0097100e+01   1.0073600e+01   1.0108200e+01   5.9410000e+00   5.7614000e+00
   9.8751000e+00   1.0012400e+01   1.0042700e+01   1.0146500e+01   5.9602000e+00   5.6350000e+00
   9.6441000e+00   9.8068000e+00   9.8477000e+00   9.9957000e+00   5.8149000e+00   5.5575000e+00
   9.4583000e+00   9.6232000e+00   9.5836000e+00   9.6875000e+00   5.6405000e+00   5.5701000e+00
   9.1814000e+00   9.3724000e+00   9.3739000e+00   9.4707000e+00   5.5788000e+00   5.6013000e+00
   8.8443000e+00   9.0955000e+00   9.0978000e+00   9.2766000e+00   5.7217000e+00   5.6580000e+00
   8.6473000e+00   8.9864000e+00   8.9227000e+00   9.1021000e+00   5.8264000e+00   5.7458000e+00
   8.5510000e+00   8.8522000e+00   8.7929000e+00   8.9519000e+00   5.9153000e+00   5.7806000e+00
   8.5189000e+00   8.7470000e+00   8.6921000e+00   8.8457000e+00   6.0418000e+00   5.8192000e+00
   8.6100000e+00   8.9647000e+00   8.8587000e+00   8.9995000e+00   6.1001000e+00   5.8032000e+00
   8.3220000e+00   8.7625000e+00   8.7295000e+00   8.9968000e+00   6.1216000e+00   5.9177000e+00
   8.2866000e+00   8.5180000e+00   8.5313000e+00   8.7322000e+00   6.1825000e+00   5.9196000e+00
   8.2344000e+00   8.6005000e+00   8.4766000e+00   8.6765000e+00   6.1604000e+00   5.9191000e+00
   8.4190000e+00   8.6018000e+00   8.4817000e+00   8.5031000e+00   6.1373000e+00   5.9525000e+00
   8.2647000e+00   8.4392000e+00   8.3964000e+00   8.5083000e+00   5.9957000e+00   5.9251000e+00
   8.1789000e+00   8.2717000e+00   8.2817000e+00   8.3594000e+00   5.8950000e+00   5.9838000e+00
   8.0005000e+00   8.0946000e+00   8.0967000e+00   8.1867000e+00   5.8078000e+00   5.9387000e+00
   7.7586000e+00   7.9064000e+00   7.8908000e+00   7.9933000e+00   5.5082000e+00   5.5549000e+00
   7.5686000e+00   7.7048000e+00   7.7089000e+00   7.8378000e+00   5.0986000e+00   5.1723000e+00
   7.4571000e+00   7.5582000e+00   7.5844000e+00   7.7194000e+00   4.6155000e+00   4.5715000e+00
   7.3521000e+00   7.3468000e+00   7.4583000e+00   7.5718000e+00   3.9033000e+00   3.8697000e+00
   7.1390000e+00   7.1263000e+00   7.2482000e+00   7.3489000e+00   3.4151000e+00   3.4090000e+00
   6.8503000e+00   6.9046000e+00   6.9593000e+00   7.0568000e+00   3.2350000e+00   3.1971000e+00
   6.6130000e+00   6.6175000e+00   6.6701000e+00   6.7369000e+00   3.4258000e+00   3.3060000e+00
   6.3815000e+00   6.4721000e+00   6.4853000e+00   6.6065000e+00   3.4929000e+00   3.3933000e+00
   6.1813000e+00   6.4274000e+00   6.3470000e+00   6.5168000e+00   3.5113000e+00   3.4468000e+00
   6.1648000e+00   6.3908000e+00   6.3179000e+00   6.4725000e+00   3.6085000e+00   3.5827000e+00
   6.1154000e+00   6.1759000e+00   6.1808000e+00   6.2892000e+00   3.6761000e+00   3.6931000e+00
   5.9155000e+00   5.9638000e+00   5.9067000e+00   5.9877000e+00   3.8040000e+00   3.8249000e+00
   5.7087000e+00   5.7728000e+00   5.6363000e+00   5.6805000e+00   3.9264000e+00   3.9834000e+00
   5.6285000e+00   5.7299000e+00   5.4804000e+00   5.5104000e+00   4.0504000e+00   4.0700000e+00
   5.6461000e+00   5.7105000e+00   5.4167000e+00   5.4205000e+00   4.3032000e+00   4.1150000e+00
   5.6511000e+00   5.5620000e+00   5.3180000e+00   5.2511000e+00   4.9028000e+00   4.2473000e+00
   5.6057000e+00   5.2855000e+00   5.1595000e+00   5.0098000e+00   5.6660000e+00   4.6234000e+00
   5.3517000e+00   5.0136000e+00   4.8961000e+00   4.7855000e+00   6.2900000e+00   5.1514000e+00
   5.1605000e+00   4.7968000e+00   4.7108000e+00   4.6114000e+00   6.5058000e+00   5.4086000e+00
   5.1314000e+00   4.5984000e+00   4.6357000e+00   4.5017000e+00   6.6330000e+00   5.3819000e+00
   5.1537000e+00   4.6958000e+00   4.7393000e+00   4.6506000e+00   6.6114000e+00   5.4581000e+00
   5.2633000e+00   4.8663000e+00   4.9377000e+00   4.8608000e+00   6.6112000e+00   5.8512000e+00
   5.4135000e+00   5.0186000e+00   5.1112000e+00   5.0367000e+00   6.7832000e+00   6.3471000e+00
   5.4925000e+00   5.1814000e+00   5.2231000e+00   5.0999000e+00   6.7454000e+00   5.8840000e+00
   5.7933000e+00   5.3406000e+00   5.3617000e+00   5.1991000e+00   6.4770000e+00   6.5102000e+00
   6.0293000e+00   5.2973000e+00   5.3633000e+00   5.3718000e+00   6.0763000e+00   6.5170000e+00
   5.9491000e+00   5.2445000e+00   5.3022000e+00   5.2154000e+00   6.1608000e+00   6.4691000e+00
   5.5635000e+00   4.9189000e+00   5.0190000e+00   4.8146000e+00   5.8942000e+00   6.4542000e+00
   5.3211000e+00   5.0002000e+00   4.9711000e+00   4.8217000e+00   5.7400000e+00   6.3638000e+00
   5.6314000e+00   5.0534000e+00   5.2046000e+00   5.0021000e+00   6.1009000e+00   6.4113000e+00
   5.7384000e+00   5.0707000e+00   5.2297000e+00   5.0205000e+00   6.1084000e+00   6.2086000e+00
   5.9371000e+00   5.3974000e+00   5.5365000e+00   5.3340000e+00   6.4137000e+00   6.0761000e+00
   5.9167000e+00   5.4563000e+00   5.6065000e+00   5.3999000e+00   6.1620000e+00   6.1761000e+00
   5.6555000e+00   5.3339000e+00   5.4777000e+00   5.2922000e+00   5.8055000e+00   6.1957000e+00
   5.4469000e+00   5.1125000e+00   5.2915000e+00   5.1074000e+00   5.5835000e+00   6.3808000e+00
   5.4251000e+00   5.2742000e+00   5.3552000e+00   5.2132000e+00   5.9203000e+00   6.1558000e+00
   5.5766000e+00   5.6450000e+00   5.6388000e+00   5.5593000e+00   6.0903000e+00   5.9743000e+00
   5.8096000e+00   5.8870000e+00   5.8730000e+00   5.8683000e+00   5.1741000e+00   5.8559000e+00
   6.1105000e+00   6.1005000e+00   6.0575000e+00   6.0890000e+00   5.1120000e+00   6.0794000e+00
   6.5531000e+00   6.4925000e+00   6.3975000e+00   6.4940000e+00   5.1857000e+00   6.1989000e+00
   6.8437000e+00   6.7964000e+00   6.7076000e+00   6.8486000e+00   5.1975000e+00   5.8051000e+00
   6.9595000e+00   6.9166000e+00   6.8913000e+00   7.0809000e+00   5.3680000e+00   5.4440000e+00
   6.9961000e+00   6.8842000e+00   6.9155000e+00   7.0779000e+00   5.5757000e+00   5.7227000e+00
   6.9183000e+00   6.7694000e+00   6.8086000e+00   6.8821000e+00   5.1451000e+00   5.5459000e+00
   6.7631000e+00   6.6193000e+00   6.6585000e+00   6.6759000e+00   4.5394000e+00   5.4450000e+00
   6.5612000e+00   6.4785000e+00   6.5336000e+00   6.5894000e+00   4.7627000e+00   5.6653000e+00
   6.3387000e+00   6.3368000e+00   6.3856000e+00   6.5164000e+00   5.0066000e+00   5.4948000e+00
   6.3349000e+00   6.3514000e+00   6.3805000e+00   6.5296000e+00   5.0242000e+00   4.9660000e+00
   6.3642000e+00   6.3792000e+00   6.3769000e+00   6.5000000e+00   4.9623000e+00   4.6394000e+00
   6.3396000e+00   6.3751000e+00   6.3551000e+00   6.4636000e+00   5.5082000e+00   4.9214000e+00
   6.2339000e+00   6.2633000e+00   6.2581000e+00   6.3597000e+00   5.9123000e+00   5.4757000e+00
   6.0831000e+00   6.1458000e+00   6.1446000e+00   6.2572000e+00   5.5833000e+00   5.8662000e+00
   5.8909000e+00   5.9432000e+00   5.9481000e+00   6.0487000e+00   5.0664000e+00   5.9014000e+00
   5.7535000e+00   5.8329000e+00   5.8271000e+00   5.9114000e+00   4.4846000e+00   5.9410000e+00
   5.7079000e+00   5.7629000e+00   5.7556000e+00   5.8202000e+00   4.3971000e+00   5.8504000e+00
   5.6474000e+00   5.6423000e+00   5.6432000e+00   5.6952000e+00   5.3972000e+00   5.6689000e+00
   5.4821000e+00   5.4231000e+00   5.4220000e+00   5.4491000e+00   6.0551000e+00   5.3310000e+00
   5.3308000e+00   5.2318000e+00   5.2263000e+00   5.2212000e+00   6.2155000e+00   5.3868000e+00
   5.1989000e+00   5.0981000e+00   5.0796000e+00   5.0464000e+00   6.5365000e+00   5.7497000e+00
   5.0929000e+00   5.0250000e+00   4.9954000e+00   4.9515000e+00   6.6968000e+00   5.9007000e+00
   5.0057000e+00   4.9572000e+00   4.9279000e+00   4.8858000e+00   6.5460000e+00   6.2774000e+00
   4.9927000e+00   4.9419000e+00   4.9174000e+00   4.8715000e+00   6.6324000e+00   6.5213000e+00
   4.9679000e+00   4.9210000e+00   4.9129000e+00   4.8783000e+00   6.9098000e+00   6.6201000e+00
   4.8789000e+00   4.8304000e+00   4.8421000e+00   4.8194000e+00   7.0699000e+00   6.5761000e+00
   4.7939000e+00   4.7564000e+00   4.7740000e+00   4.7773000e+00   7.0164000e+00   6.4845000e+00
   4.7403000e+00   4.7223000e+00   4.7250000e+00   4.7446000e+00   7.0086000e+00   6.4386000e+00
   4.7324000e+00   4.6781000e+00   4.6957000e+00   4.7030000e+00   6.9672000e+00   6.3547000e+00
   4.7036000e+00   4.6043000e+00   4.6442000e+00   4.6293000e+00   6.8312000e+00   6.3084000e+00
   4.6514000e+00   4.6062000e+00   4.6054000e+00   4.5927000e+00   6.7348000e+00   6.3173000e+00
   4.6497000e+00   4.5827000e+00   4.5890000e+00   4.5593000e+00   6.5512000e+00   6.2484000e+00
   4.6010000e+00   4.5069000e+00   4.5129000e+00   4.4786000e+00   6.2947000e+00   6.1348000e+00
   4.5319000e+00   4.4531000e+00   4.4562000e+00   4.4109000e+00   6.1814000e+00   6.0808000e+00
   4.4473000e+00   4.3744000e+00   4.3752000e+00   4.3297000e+00   6.1937000e+00   6.0993000e+00
   4.3257000e+00   4.2298000e+00   4.2449000e+00   4.2020000e+00   6.1469000e+00   6.0058000e+00
   4.1646000e+00   4.0734000e+00   4.0801000e+00   4.0364000e+00   6.1626000e+00   5.9311000e+00
   4.0312000e+00   3.9348000e+00   3.9524000e+00   3.9038000e+00   6.1724000e+00   5.8963000e+00
   3.9459000e+00   3.8365000e+00   3.8564000e+00   3.7925000e+00   6.1219000e+00   5.8884000e+00
   3.8807000e+00   3.8137000e+00   3.7895000e+00   3.7001000e+00   5.9807000e+00   5.8750000e+00
   3.8393000e+00   3.7153000e+00   3.6977000e+00   3.5739000e+00   5.8974000e+00   5.8232000e+00
   3.8131000e+00   3.5543000e+00   3.6059000e+00   3.5162000e+00   5.8893000e+00   5.7126000e+00
   3.6945000e+00   3.5554000e+00   3.6163000e+00   3.5971000e+00   5.9109000e+00   5.5544000e+00
   3.7289000e+00   3.6195000e+00   3.6645000e+00   3.5630000e+00   5.9063000e+00   5.3649000e+00
   3.7289000e+00   3.5096000e+00   3.5059000e+00   3.3329000e+00   5.7557000e+00   5.1663000e+00
   3.5342000e+00   3.2341000e+00   3.3326000e+00   3.3489000e+00   5.5759000e+00   5.0266000e+00
   3.2968000e+00   3.4271000e+00   3.4761000e+00   3.7625000e+00   5.4719000e+00   4.9249000e+00
   3.4406000e+00   3.9096000e+00   3.8162000e+00   3.8162000e+00   5.3524000e+00   4.8498000e+00
   3.9352000e+00   3.8545000e+00   3.8193000e+00   3.6644000e+00   5.2096000e+00   4.7641000e+00
   3.8494000e+00   3.7627000e+00   3.7766000e+00   4.0917000e+00   5.1062000e+00   4.6932000e+00
   3.6614000e+00   4.2660000e+00   4.1732000e+00   4.3534000e+00   5.0447000e+00   4.7013000e+00
   4.1901000e+00   4.2064000e+00   4.1872000e+00   3.8544000e+00   5.0076000e+00   4.8340000e+00
   4.2622000e+00   3.7289000e+00   3.8590000e+00   3.9585000e+00   5.0389000e+00   5.0058000e+00
   3.6933000e+00   4.1289000e+00   4.0375000e+00   4.3929000e+00   5.0956000e+00   5.2406000e+00
   3.9946000e+00   4.5133000e+00   4.2570000e+00   4.0794000e+00   5.1124000e+00   5.4044000e+00
   4.2857000e+00   3.8777000e+00   3.9802000e+00   3.8629000e+00   5.1144000e+00   5.4808000e+00
   4.0025000e+00   3.9074000e+00   3.9697000e+00   4.0336000e+00   5.0667000e+00   5.4753000e+00
   3.9983000e+00   4.2974000e+00   3.9899000e+00   3.9370000e+00   5.0746000e+00   5.3934000e+00
   4.0459000e+00   3.9127000e+00   3.9349000e+00   3.8411000e+00   5.0914000e+00   5.2924000e+00
   3.9976000e+00   3.9222000e+00   3.9021000e+00   3.8347000e+00   5.1252000e+00   5.2271000e+00
   3.9775000e+00   4.1263000e+00   3.9263000e+00   3.9690000e+00   4.9236000e+00   4.9825000e+00
   3.8539000e+00   3.9674000e+00   3.9660000e+00   4.0385000e+00   4.6622000e+00   4.5916000e+00
   3.9674000e+00   4.0345000e+00   4.0618000e+00   4.0630000e+00   3.9572000e+00   3.8435000e+00
   4.0053000e+00   4.2524000e+00   4.0347000e+00   4.0852000e+00   3.5188000e+00   3.3939000e+00
   4.0138000e+00   4.2359000e+00   4.1126000e+00   4.2266000e+00   3.5635000e+00   3.4991000e+00
   4.0864000e+00   4.0916000e+00   4.2156000e+00   4.2715000e+00   3.7567000e+00   3.6792000e+00
   4.2449000e+00   4.3961000e+00   4.2852000e+00   4.3031000e+00   3.7798000e+00   3.6803000e+00
   4.3144000e+00   4.4753000e+00   4.2907000e+00   4.3036000e+00   3.9322000e+00   3.7594000e+00
   4.4161000e+00   4.2686000e+00   4.4144000e+00   4.4756000e+00   4.0065000e+00   3.8383000e+00
   4.5367000e+00   4.6630000e+00   4.6097000e+00   4.6417000e+00   4.0325000e+00   3.8568000e+00
   4.7410000e+00   4.8198000e+00   4.7168000e+00   4.6976000e+00   4.0601000e+00   3.8418000e+00
   4.8243000e+00   4.8085000e+00   4.7907000e+00   4.7879000e+00   4.0337000e+00   3.8243000e+00
   4.8466000e+00   4.8723000e+00   4.8418000e+00   4.8029000e+00   4.0576000e+00   3.8512000e+00
   4.9761000e+00   4.8855000e+00   4.9391000e+00   4.8852000e+00   4.0744000e+00   3.9160000e+00
   5.1034000e+00   4.9921000e+00   5.0765000e+00   5.0276000e+00   4.0359000e+00   3.8876000e+00
   5.2745000e+00   5.1856000e+00   5.2397000e+00   5.1838000e+00   4.0215000e+00   3.8643000e+00
   5.4655000e+00   5.3994000e+00   5.4549000e+00   5.4247000e+00   4.0123000e+00   3.8846000e+00
   5.6645000e+00   5.5984000e+00   5.6622000e+00   5.6254000e+00   3.9475000e+00   3.8448000e+00
   5.9062000e+00   5.7832000e+00   5.8650000e+00   5.8092000e+00   3.8793000e+00   3.7581000e+00
   6.0582000e+00   5.8771000e+00   6.0047000e+00   5.9529000e+00   3.8510000e+00   3.6821000e+00
   6.2491000e+00   6.0099000e+00   6.1638000e+00   6.0931000e+00   3.8901000e+00   3.6661000e+00
   6.4102000e+00   6.1129000e+00   6.3044000e+00   6.2183000e+00   3.8456000e+00   3.6480000e+00
   6.5576000e+00   6.1928000e+00   6.4201000e+00   6.3009000e+00   3.9140000e+00   3.6127000e+00
   6.7069000e+00   6.3031000e+00   6.5118000e+00   6.3551000e+00   3.9119000e+00   3.6591000e+00
   6.9640000e+00   6.5675000e+00   6.7363000e+00   6.5601000e+00   3.8985000e+00   3.6965000e+00
   7.0917000e+00   6.6610000e+00   6.8488000e+00   6.6672000e+00   3.8821000e+00   3.7110000e+00
   7.1963000e+00   6.7257000e+00   6.9045000e+00   6.7028000e+00   3.8403000e+00   3.6413000e+00
   7.3431000e+00   6.8606000e+00   7.0385000e+00   6.8421000e+00   3.7934000e+00   3.6123000e+00
   7.3489000e+00   6.8971000e+00   7.1017000e+00   6.9210000e+00   3.7426000e+00   3.6621000e+00
   7.3856000e+00   7.0094000e+00   7.1723000e+00   6.9830000e+00   3.7389000e+00   3.6276000e+00
   7.4591000e+00   7.1331000e+00   7.2671000e+00   7.0796000e+00   3.7858000e+00   3.5338000e+00
   7.4949000e+00   7.1975000e+00   7.3129000e+00   7.1281000e+00   3.6714000e+00   3.4995000e+00
   7.5009000e+00   7.2471000e+00   7.3329000e+00   7.1585000e+00   3.4227000e+00   3.5597000e+00
   7.5963000e+00   7.3567000e+00   7.4304000e+00   7.2742000e+00   3.4875000e+00   3.6092000e+00
   7.6417000e+00   7.3670000e+00   7.4639000e+00   7.3202000e+00   3.8498000e+00   3.6110000e+00
   7.6266000e+00   7.3094000e+00   7.4219000e+00   7.2785000e+00   4.0163000e+00   3.7570000e+00
   7.6139000e+00   7.2571000e+00   7.3813000e+00   7.2265000e+00   4.1421000e+00   3.9992000e+00
   7.6634000e+00   7.2894000e+00   7.4165000e+00   7.2530000e+00   4.3937000e+00   3.8993000e+00
   7.7348000e+00   7.3590000e+00   7.4792000e+00   7.3146000e+00   4.3966000e+00   3.7617000e+00
   7.7840000e+00   7.4417000e+00   7.5629000e+00   7.4148000e+00   4.0178000e+00   4.0201000e+00
   7.8264000e+00   7.5274000e+00   7.6493000e+00   7.5126000e+00   4.1749000e+00   4.2416000e+00
   7.7372000e+00   7.4919000e+00   7.6056000e+00   7.4814000e+00   4.5649000e+00   4.2391000e+00
   7.6546000e+00   7.4137000e+00   7.5072000e+00   7.3610000e+00   4.8287000e+00   4.5666000e+00
   7.5552000e+00   7.3108000e+00   7.3714000e+00   7.1952000e+00   5.4144000e+00   4.9667000e+00
   7.5563000e+00   7.3069000e+00   7.3381000e+00   7.1415000e+00   6.1544000e+00   5.3323000e+00
   7.5129000e+00   7.2589000e+00   7.2779000e+00   7.0775000e+00   6.2578000e+00   5.6711000e+00
   7.4695000e+00   7.1910000e+00   7.1997000e+00   6.9906000e+00   6.0618000e+00   5.9118000e+00
   7.4194000e+00   7.1158000e+00   7.1389000e+00   6.9479000e+00   5.7821000e+00   6.6258000e+00
   7.4243000e+00   7.0963000e+00   7.1144000e+00   6.9149000e+00   5.5798000e+00   7.6479000e+00
   7.4576000e+00   7.1673000e+00   7.1728000e+00   6.9925000e+00   6.5905000e+00   8.3167000e+00
   7.4330000e+00   7.2151000e+00   7.1799000e+00   7.0329000e+00   7.4786000e+00   8.4987000e+00
   7.4024000e+00   7.2558000e+00   7.2066000e+00   7.1084000e+00   8.3995000e+00   8.8036000e+00
   7.5419000e+00   7.4188000e+00   7.4001000e+00   7.3217000e+00   8.9843000e+00   9.0183000e+00
   7.6967000e+00   7.5286000e+00   7.5100000e+00   7.4166000e+00   9.4243000e+00   9.0800000e+00
   7.6946000e+00   7.5377000e+00   7.5644000e+00   7.4916000e+00   9.6998000e+00   8.9855000e+00
   7.5370000e+00   7.4522000e+00   7.4655000e+00   7.4225000e+00   1.0077700e+01   9.1605000e+00
   7.5409000e+00   7.5209000e+00   7.5037000e+00   7.4866000e+00   1.0025300e+01   9.2052000e+00
   7.5785000e+00   7.5759000e+00   7.5357000e+00   7.5176000e+00   1.0032300e+01   9.1667000e+00
   7.4898000e+00   7.5326000e+00   7.5080000e+00   7.5150000e+00   1.0050900e+01   9.3438000e+00
   7.1381000e+00   7.2045000e+00   7.2153000e+00   7.2584000e+00   9.6346000e+00   9.4918000e+00
   6.8596000e+00   6.8885000e+00   6.8980000e+00   6.9249000e+00   9.3238000e+00   9.4872000e+00
   6.6862000e+00   6.6868000e+00   6.6626000e+00   6.6466000e+00   9.1508000e+00   9.2389000e+00
   6.6750000e+00   6.6740000e+00   6.6167000e+00   6.5766000e+00   9.2086000e+00   9.2041000e+00
   6.4598000e+00   6.4683000e+00   6.4588000e+00   6.4428000e+00   9.1431000e+00   9.1101000e+00
   6.0652000e+00   6.0981000e+00   6.1159000e+00   6.1206000e+00   9.1627000e+00   8.8881000e+00
   5.9720000e+00   6.0330000e+00   6.0326000e+00   6.0474000e+00   9.0559000e+00   8.8514000e+00
   5.7904000e+00   5.8375000e+00   5.8268000e+00   5.8258000e+00   8.9313000e+00   8.8725000e+00
   5.8880000e+00   5.9137000e+00   5.8411000e+00   5.7915000e+00   9.1073000e+00   8.8081000e+00
   5.9694000e+00   5.9944000e+00   5.9073000e+00   5.8421000e+00   9.0319000e+00   8.7542000e+00
   6.4706000e+00   6.5047000e+00   6.3740000e+00   6.2948000e+00   8.8356000e+00   8.6124000e+00
   6.7793000e+00   6.8265000e+00   6.7305000e+00   6.6906000e+00   9.0094000e+00   8.7180000e+00
   7.0663000e+00   7.1159000e+00   7.0322000e+00   6.9977000e+00   8.8486000e+00   8.8537000e+00
   6.9553000e+00   7.0033000e+00   6.9420000e+00   6.9195000e+00   8.7440000e+00   8.8842000e+00
   6.9884000e+00   7.1098000e+00   6.9873000e+00   6.9631000e+00   8.5837000e+00   8.6585000e+00
   6.8642000e+00   6.9742000e+00   6.9198000e+00   6.9208000e+00   8.1231000e+00   8.5868000e+00
   6.4880000e+00   6.5947000e+00   6.5366000e+00   6.5254000e+00   7.7876000e+00   8.2417000e+00
   6.4214000e+00   6.5247000e+00   6.4678000e+00   6.4753000e+00   7.9021000e+00   7.8106000e+00
   6.5528000e+00   6.6256000e+00   6.6166000e+00   6.6303000e+00   7.7221000e+00   7.7878000e+00
   6.4720000e+00   6.5448000e+00   6.5084000e+00   6.4996000e+00   7.5955000e+00   7.7322000e+00
   6.5579000e+00   6.6528000e+00   6.5891000e+00   6.5835000e+00   7.7490000e+00   7.7617000e+00
   6.3530000e+00   6.4842000e+00   6.4351000e+00   6.4503000e+00   8.0146000e+00   7.8608000e+00
   6.2068000e+00   6.3586000e+00   6.2843000e+00   6.3046000e+00   8.0398000e+00   7.9572000e+00
   6.1004000e+00   6.2556000e+00   6.1588000e+00   6.1590000e+00   8.5186000e+00   8.1609000e+00
   6.0871000e+00   6.2315000e+00   6.1513000e+00   6.1445000e+00   8.7447000e+00   8.4949000e+00
   6.1688000e+00   6.2314000e+00   6.1725000e+00   6.1199000e+00   8.9404000e+00   8.7982000e+00
   6.4135000e+00   6.3817000e+00   6.3552000e+00   6.2622000e+00   9.0597000e+00   8.9764000e+00
   6.8351000e+00   6.7161000e+00   6.7398000e+00   6.6278000e+00   9.1952000e+00   9.0675000e+00
   7.2303000e+00   7.0427000e+00   7.0910000e+00   6.9538000e+00   9.2449000e+00   9.0885000e+00
   7.6426000e+00   7.3682000e+00   7.4584000e+00   7.3034000e+00   8.9828000e+00   9.2535000e+00
   7.8615000e+00   7.5371000e+00   7.6622000e+00   7.5061000e+00   8.7769000e+00   9.1073000e+00
   8.0489000e+00   7.6857000e+00   7.8495000e+00   7.7046000e+00   8.8800000e+00   8.9598000e+00
   7.8776000e+00   7.4476000e+00   7.7522000e+00   7.6481000e+00   9.1835000e+00   9.0589000e+00
   7.4401000e+00   7.0129000e+00   7.3313000e+00   7.2200000e+00   9.2416000e+00   9.4533000e+00
   7.0424000e+00   6.6451000e+00   6.9335000e+00   6.8065000e+00   8.9852000e+00   9.4572000e+00
   6.9959000e+00   6.6422000e+00   6.8169000e+00   6.6494000e+00   8.8447000e+00   9.1985000e+00
   7.3966000e+00   7.0976000e+00   7.1850000e+00   7.0302000e+00   8.7709000e+00   9.2918000e+00
   7.4875000e+00   7.2707000e+00   7.3480000e+00   7.2850000e+00   8.4616000e+00   9.1226000e+00
   7.2674000e+00   7.3084000e+00   7.2914000e+00   7.2952000e+00   7.1955000e+00   7.8245000e+00
   7.2702000e+00   7.4190000e+00   7.3411000e+00   7.4221000e+00   6.7492000e+00   6.9740000e+00
   6.7104000e+00   6.9859000e+00   6.9157000e+00   7.0902000e+00   6.8566000e+00   6.9910000e+00
   5.7699000e+00   6.1414000e+00   6.1268000e+00   6.2666000e+00   6.8088000e+00   6.7821000e+00
   5.1327000e+00   5.4956000e+00   5.4274000e+00   5.4542000e+00   6.6498000e+00   6.5792000e+00
   4.8050000e+00   5.1410000e+00   5.0029000e+00   4.9595000e+00   6.6314000e+00   6.4388000e+00
   4.8978000e+00   5.1709000e+00   5.0399000e+00   4.9599000e+00   7.1404000e+00   6.6659000e+00
   4.7159000e+00   4.7875000e+00   4.8598000e+00   4.7956000e+00   7.6032000e+00   7.4123000e+00
   4.9736000e+00   4.8879000e+00   4.9381000e+00   4.8414000e+00   7.7379000e+00   7.8078000e+00
   5.9750000e+00   5.9594000e+00   5.8950000e+00   5.7334000e+00   7.8713000e+00   7.7911000e+00
   6.2883000e+00   6.3104000e+00   6.2297000e+00   6.0730000e+00   7.5943000e+00   7.7813000e+00
   6.5898000e+00   6.5794000e+00   6.4721000e+00   6.3139000e+00   7.3656000e+00   7.6312000e+00
   6.6456000e+00   6.7576000e+00   6.7169000e+00   6.7873000e+00   7.2881000e+00   7.5324000e+00
   6.4611000e+00   7.0408000e+00   6.7860000e+00   7.0756000e+00   7.2175000e+00   7.5074000e+00
   6.4772000e+00   7.6257000e+00   7.1298000e+00   7.5205000e+00   7.0160000e+00   7.4261000e+00
   6.5773000e+00   8.0494000e+00   7.3612000e+00   7.7786000e+00   6.6697000e+00   7.1580000e+00
   6.4995000e+00   8.1252000e+00   7.3775000e+00   7.8773000e+00   6.5190000e+00   6.8171000e+00
   6.3100000e+00   8.1619000e+00   7.2601000e+00   7.8126000e+00   6.6292000e+00   6.5241000e+00
   6.4928000e+00   8.4281000e+00   7.4548000e+00   8.0387000e+00   6.7310000e+00   6.4618000e+00
   6.9955000e+00   8.8779000e+00   7.9300000e+00   8.4747000e+00   6.7924000e+00   6.5054000e+00
   7.6597000e+00   9.3225000e+00   8.4341000e+00   8.9649000e+00   6.6987000e+00   6.5785000e+00
   8.2996000e+00   9.7452000e+00   9.0250000e+00   9.5514000e+00   6.5584000e+00   6.6045000e+00
   8.9043000e+00   9.9507000e+00   9.4589000e+00   9.8748000e+00   6.4740000e+00   6.5601000e+00
   9.5080000e+00   1.0177700e+01   9.8416000e+00   1.0146700e+01   6.4531000e+00   6.5096000e+00
   9.9483000e+00   1.0362500e+01   1.0083100e+01   1.0333200e+01   6.3723000e+00   6.4640000e+00
   1.0311100e+01   1.0611600e+01   1.0346800e+01   1.0565300e+01   6.2316000e+00   6.4072000e+00
   1.0588400e+01   1.0866700e+01   1.0598600e+01   1.0820200e+01   6.0815000e+00   6.2621000e+00
   1.0787800e+01   1.1062800e+01   1.0793700e+01   1.1005400e+01   5.8902000e+00   6.1857000e+00
   1.1018900e+01   1.1301300e+01   1.1036300e+01   1.1216600e+01   5.7725000e+00   6.0371000e+00
   1.1333300e+01   1.1641900e+01   1.1320400e+01   1.1476800e+01   5.6611000e+00   5.9017000e+00
   1.1761600e+01   1.2016400e+01   1.1698400e+01   1.1832900e+01   5.5501000e+00   5.8174000e+00
   1.2125100e+01   1.2302200e+01   1.2019600e+01   1.2116000e+01   5.6015000e+00   5.7571000e+00
   1.2502400e+01   1.2653900e+01   1.2361300e+01   1.2400400e+01   5.5438000e+00   5.7707000e+00
   1.2672900e+01   1.2753200e+01   1.2498000e+01   1.2509900e+01   5.5036000e+00   5.7422000e+00
   1.2573500e+01   1.2639100e+01   1.2384800e+01   1.2403200e+01   5.3083000e+00   5.7474000e+00
   1.2442400e+01   1.2509700e+01   1.2254300e+01   1.2296000e+01   5.3334000e+00   5.6626000e+00
   1.2355100e+01   1.2437400e+01   1.2164000e+01   1.2217600e+01   5.3505000e+00   5.5137000e+00
   1.2335100e+01   1.2436000e+01   1.2161900e+01   1.2219200e+01   5.4348000e+00   5.4436000e+00
   1.2243600e+01   1.2363900e+01   1.2102200e+01   1.2179100e+01   5.4604000e+00   5.3914000e+00
   1.1955100e+01   1.2117600e+01   1.1856300e+01   1.1962100e+01   5.4810000e+00   5.5533000e+00
   1.1533300e+01   1.1768600e+01   1.1541800e+01   1.1710000e+01   5.8001000e+00   5.8254000e+00
   1.1125100e+01   1.1376100e+01   1.1112100e+01   1.1243300e+01   6.4068000e+00   6.0500000e+00
   1.0652000e+01   1.0869100e+01   1.0590600e+01   1.0660300e+01   6.5046000e+00   6.3009000e+00
   1.0522200e+01   1.0824000e+01   1.0465700e+01   1.0495900e+01   6.6489000e+00   6.5164000e+00
   1.0573800e+01   1.0765700e+01   1.0474100e+01   1.0505300e+01   6.6356000e+00   6.6187000e+00
   1.0602300e+01   1.0817400e+01   1.0535900e+01   1.0602300e+01   6.6231000e+00   6.7997000e+00
   1.0373100e+01   1.0712900e+01   1.0448200e+01   1.0529800e+01   6.7828000e+00   6.9044000e+00
   9.9804000e+00   1.0463400e+01   1.0226700e+01   1.0329500e+01   6.6416000e+00   6.6949000e+00
   9.6729000e+00   1.0133100e+01   9.9136000e+00   1.0047400e+01   6.9738000e+00   6.9050000e+00
   9.5451000e+00   1.0110800e+01   9.8062000e+00   9.9208000e+00   7.8001000e+00   7.4585000e+00
   9.5440000e+00   1.0108800e+01   9.8092000e+00   9.9425000e+00   8.1396000e+00   8.6647000e+00
   9.4487000e+00   9.9917000e+00   9.7031000e+00   9.8114000e+00   8.3787000e+00   9.6850000e+00
   9.3260000e+00   9.7306000e+00   9.5335000e+00   9.6385000e+00   8.9991000e+00   1.0125600e+01
   9.1954000e+00   9.5554000e+00   9.3744000e+00   9.4732000e+00   9.9107000e+00   1.0135300e+01
   9.0456000e+00   9.3239000e+00   9.2746000e+00   9.3728000e+00   1.0061200e+01   1.0244500e+01
   9.0299000e+00   9.2199000e+00   9.2353000e+00   9.3299000e+00   9.7200000e+00   1.0059100e+01
   8.7635000e+00   8.8505000e+00   8.8160000e+00   8.8576000e+00   9.3474000e+00   9.8315000e+00
   8.8257000e+00   8.9801000e+00   8.9148000e+00   8.9656000e+00   9.1403000e+00   9.6033000e+00
   9.0454000e+00   9.1808000e+00   9.1679000e+00   9.2327000e+00   9.0591000e+00   9.3961000e+00
   9.2299000e+00   9.3023000e+00   9.2957000e+00   9.3438000e+00   8.9260000e+00   9.2989000e+00
   9.2163000e+00   9.1806000e+00   9.3347000e+00   9.4235000e+00   8.5705000e+00   9.0335000e+00
   9.3107000e+00   9.3780000e+00   9.4341000e+00   9.5403000e+00   8.4882000e+00   8.6119000e+00
   9.6242000e+00   9.7137000e+00   9.6693000e+00   9.7402000e+00   8.0867000e+00   8.5213000e+00
   9.8837000e+00   9.9004000e+00   9.9213000e+00   1.0015100e+01   7.9984000e+00   8.2066000e+00
   9.8521000e+00   9.7586000e+00   9.7597000e+00   9.8106000e+00   7.9859000e+00   8.0563000e+00
   9.7258000e+00   9.6754000e+00   9.7674000e+00   9.7529000e+00   8.1785000e+00   8.0963000e+00
   9.5976000e+00   9.5742000e+00   9.6366000e+00   9.6972000e+00   8.0583000e+00   8.0093000e+00
   9.4173000e+00   9.4587000e+00   9.5404000e+00   9.6781000e+00   7.9674000e+00   7.8937000e+00
   9.1954000e+00   9.2640000e+00   9.3719000e+00   9.5206000e+00   7.8081000e+00   7.7061000e+00
   8.8980000e+00   9.1923000e+00   9.1295000e+00   9.2435000e+00   7.6089000e+00   7.5555000e+00
   8.8516000e+00   9.1448000e+00   8.9629000e+00   9.0957000e+00   7.4508000e+00   7.4627000e+00
