  -5.5387000e+00  -5.7673000e+00  -5.7231000e+00  -5.8349000e+00  -8.3104000e+00  -8.3849000e+00
  -5.3996000e+00  -5.6143000e+00  -5.5733000e+00  -5.6773000e+00  -8.0784000e+00  -8.2815000e+00
  -5.2021000e+00  -5.4259000e+00  -5.3951000e+00  -5.4992000e+00  -8.0455000e+00  -8.2774000e+00
  -5.0175000e+00  -5.2602000e+00  -5.2210000e+00  -5.3430000e+00  -8.1774000e+00  -8.2673000e+00
  -4.9716000e+00  -5.2239000e+00  -5.1920000e+00  -5.3138000e+00  -8.2697000e+00  -8.1040000e+00
  -5.0160000e+00  -5.3030000e+00  -5.2663000e+00  -5.3858000e+00  -8.2021000e+00  -7.8973000e+00
  -5.1762000e+00  -5.3766000e+00  -5.3797000e+00  -5.4548000e+00  -8.2321000e+00  -7.8905000e+00
  -5.4190000e+00  -5.5710000e+00  -5.6150000e+00  -5.6745000e+00  -8.2693000e+00  -7.9642000e+00
  -5.7208000e+00  -5.7479000e+00  -5.8321000e+00  -5.8472000e+00  -8.2126000e+00  -8.1106000e+00
  -6.0870000e+00  -6.0805000e+00  -6.1752000e+00  -6.2013000e+00  -8.3085000e+00  -7.9590000e+00
  -6.5349000e+00  -6.5864000e+00  -6.6025000e+00  -6.6371000e+00  -8.0899000e+00  -7.9503000e+00
  -6.9168000e+00  -7.1255000e+00  -7.0786000e+00  -7.1865000e+00  -7.5162000e+00  -7.6103000e+00
  -7.3769000e+00  -7.5257000e+00  -7.4549000e+00  -7.5223000e+00  -6.9039000e+00  -7.2192000e+00
  -7.8570000e+00  -7.9578000e+00  -7.9048000e+00  -7.9412000e+00  -6.6565000e+00  -7.0914000e+00
  -8.1340000e+00  -8.2069000e+00  -8.1376000e+00  -8.1764000e+00  -6.6978000e+00  -7.1540000e+00
  -8.3972000e+00  -8.4729000e+00  -8.3936000e+00  -8.4133000e+00  -6.8024000e+00  -7.2973000e+00
  -8.4814000e+00  -8.5420000e+00  -8.4734000e+00  -8.5074000e+00  -7.1443000e+00  -7.4539000e+00
  -8.5574000e+00  -8.6462000e+00  -8.5148000e+00  -8.5358000e+00  -6.9997000e+00  -7.1444000e+00
  -8.6138000e+00  -8.8186000e+00  -8.6233000e+00  -8.6870000e+00  -6.2033000e+00  -6.8867000e+00
  -8.6439000e+00  -8.8906000e+00  -8.6742000e+00  -8.7726000e+00  -6.2039000e+00  -6.7166000e+00
  -8.5501000e+00  -8.9629000e+00  -8.6576000e+00  -8.8099000e+00  -6.5346000e+00  -6.7791000e+00
  -8.3095000e+00  -8.8641000e+00  -8.5560000e+00  -8.7881000e+00  -6.1908000e+00  -6.9360000e+00
  -8.1666000e+00  -8.7919000e+00  -8.4581000e+00  -8.7140000e+00  -7.7682000e+00  -5.6720000e+00
  -7.9915000e+00  -8.7522000e+00  -8.3046000e+00  -8.5557000e+00  -7.6871000e+00  -7.8891000e+00
  -7.6970000e+00  -8.5334000e+00  -8.0977000e+00  -8.3864000e+00  -7.4434000e+00  -7.4584000e+00
  -7.4572000e+00  -8.1863000e+00  -7.7779000e+00  -8.0127000e+00  -6.9133000e+00  -7.4290000e+00
  -7.1778000e+00  -7.8779000e+00  -7.5095000e+00  -7.7571000e+00  -7.1164000e+00  -7.7717000e+00
  -7.1896000e+00  -7.8371000e+00  -7.4695000e+00  -7.6988000e+00  -7.5768000e+00  -8.0277000e+00
  -7.0716000e+00  -7.7952000e+00  -7.4343000e+00  -7.7534000e+00  -7.5636000e+00  -8.0485000e+00
  -7.3917000e+00  -7.9849000e+00  -7.5867000e+00  -7.7780000e+00  -8.3048000e+00  -7.8819000e+00
  -7.3158000e+00  -7.9545000e+00  -7.5786000e+00  -7.8440000e+00  -8.2547000e+00  -8.5507000e+00
  -7.8748000e+00  -8.3196000e+00  -7.8341000e+00  -7.9975000e+00  -8.2755000e+00  -8.8765000e+00
  -8.4463000e+00  -9.2660000e+00  -8.5590000e+00  -8.7898000e+00  -8.5159000e+00  -9.5607000e+00
  -7.0826000e+00  -8.9429000e+00  -7.7941000e+00  -8.5073000e+00  -8.3207000e+00  -9.8484000e+00
  -4.6676000e+00  -7.1104000e+00  -5.2782000e+00  -6.0166000e+00  -8.6913000e+00  -1.0100600e+01
  -4.4798000e+00  -6.3351000e+00  -4.9822000e+00  -5.4731000e+00  -8.8967000e+00  -1.0118100e+01
  -4.9530000e+00  -5.9133000e+00  -5.1704000e+00  -5.6494000e+00  -9.2947000e+00  -1.0030800e+01
  -4.4612000e+00  -6.1874000e+00  -5.5434000e+00  -6.6650000e+00  -9.1652000e+00  -9.9185000e+00
  -4.6333000e+00  -6.6499000e+00  -4.9494000e+00  -5.4275000e+00  -9.2209000e+00  -9.7849000e+00
  -5.6663000e+00  -5.6422000e+00  -5.0756000e+00  -4.6262000e+00  -9.1726000e+00  -9.5786000e+00
  -6.2339000e+00  -4.9773000e+00  -5.6893000e+00  -5.5454000e+00  -9.1723000e+00  -9.5294000e+00
  -6.9436000e+00  -6.5721000e+00  -6.9040000e+00  -7.0396000e+00  -9.2275000e+00  -9.5633000e+00
  -7.9486000e+00  -7.8413000e+00  -7.9334000e+00  -7.9735000e+00  -9.0651000e+00  -9.4212000e+00
  -8.5630000e+00  -8.4056000e+00  -8.5439000e+00  -8.6234000e+00  -8.6652000e+00  -9.2232000e+00
  -8.9878000e+00  -8.8632000e+00  -8.9574000e+00  -8.9709000e+00  -8.6494000e+00  -8.9804000e+00
  -9.0173000e+00  -8.7214000e+00  -8.8686000e+00  -8.7754000e+00  -8.6100000e+00  -8.8895000e+00
  -8.8048000e+00  -8.5123000e+00  -8.7234000e+00  -8.7300000e+00  -7.9611000e+00  -8.9081000e+00
  -8.8131000e+00  -8.3461000e+00  -8.5192000e+00  -8.4822000e+00  -7.2336000e+00  -8.7256000e+00
  -8.6338000e+00  -7.8979000e+00  -8.1047000e+00  -7.8158000e+00  -7.3233000e+00  -8.5306000e+00
  -9.6620000e+00  -9.1269000e+00  -9.1824000e+00  -8.8794000e+00  -7.3098000e+00  -8.3804000e+00
  -9.5508000e+00  -9.2918000e+00  -9.3394000e+00  -9.2875000e+00  -6.9076000e+00  -8.1151000e+00
  -9.4284000e+00  -9.0142000e+00  -9.1389000e+00  -9.0027000e+00  -6.5918000e+00  -7.9675000e+00
  -9.5121000e+00  -9.1979000e+00  -9.3647000e+00  -9.2865000e+00  -6.8102000e+00  -8.1634000e+00
  -9.7952000e+00  -9.3098000e+00  -9.5261000e+00  -9.4037000e+00  -7.9457000e+00  -8.3644000e+00
  -9.9704000e+00  -9.6961000e+00  -9.7569000e+00  -9.6453000e+00  -9.7226000e+00  -8.4837000e+00
  -9.6786000e+00  -9.3471000e+00  -9.3824000e+00  -9.2600000e+00  -1.0254000e+01  -8.5950000e+00
  -9.2544000e+00  -8.9000000e+00  -9.1697000e+00  -9.1794000e+00  -1.0298900e+01  -9.0036000e+00
  -8.8751000e+00  -8.4881000e+00  -8.6631000e+00  -8.5443000e+00  -1.0286300e+01  -9.4472000e+00
  -8.9385000e+00  -8.5794000e+00  -8.6932000e+00  -8.5466000e+00  -1.0535900e+01  -9.7016000e+00
  -9.0373000e+00  -8.7983000e+00  -8.8640000e+00  -8.7393000e+00  -1.0536100e+01  -1.0009500e+01
  -9.0702000e+00  -8.9265000e+00  -8.9474000e+00  -8.8547000e+00  -1.0308300e+01  -9.7451000e+00
  -9.3004000e+00  -9.1751000e+00  -9.1091000e+00  -8.9885000e+00  -1.0294800e+01  -9.5574000e+00
  -9.3231000e+00  -9.3226000e+00  -9.2188000e+00  -9.1666000e+00  -1.0087100e+01  -9.5751000e+00
  -9.1421000e+00  -9.1157000e+00  -9.1180000e+00  -9.1101000e+00  -9.8506000e+00  -1.0107500e+01
  -9.2015000e+00  -9.2334000e+00  -9.2664000e+00  -9.3101000e+00  -1.0071100e+01  -1.0253100e+01
  -9.4038000e+00  -9.4380000e+00  -9.5477000e+00  -9.6431000e+00  -9.9972000e+00  -1.0040000e+01
  -9.6886000e+00  -9.5798000e+00  -9.7488000e+00  -9.7686000e+00  -9.8155000e+00  -9.6450000e+00
  -9.9458000e+00  -9.9107000e+00  -1.0050100e+01  -1.0119600e+01  -9.8512000e+00  -9.4865000e+00
  -1.0050900e+01  -1.0109700e+01  -1.0128800e+01  -1.0178400e+01  -9.9426000e+00  -9.2916000e+00
  -9.9855000e+00  -9.9827000e+00  -9.9711000e+00  -9.9686000e+00  -9.8880000e+00  -9.2977000e+00
  -9.7777000e+00  -9.8162000e+00  -9.7960000e+00  -9.8178000e+00  -9.9384000e+00  -9.3698000e+00
  -9.7105000e+00  -9.7774000e+00  -9.8891000e+00  -1.0004300e+01  -9.7967000e+00  -9.5462000e+00
  -9.9623000e+00  -1.0034800e+01  -1.0138100e+01  -1.0248000e+01  -9.7401000e+00  -9.4885000e+00
  -1.0259700e+01  -1.0310300e+01  -1.0356500e+01  -1.0416400e+01  -9.6801000e+00  -9.3967000e+00
  -1.0441200e+01  -1.0470300e+01  -1.0504600e+01  -1.0565000e+01  -9.4784000e+00  -9.2676000e+00
  -1.0609200e+01  -1.0705200e+01  -1.0713900e+01  -1.0804600e+01  -9.1580000e+00  -9.1024000e+00
  -1.0745100e+01  -1.0913300e+01  -1.0879900e+01  -1.0968100e+01  -8.8743000e+00  -9.0827000e+00
  -1.0569500e+01  -1.0739200e+01  -1.0757900e+01  -1.0886300e+01  -8.7533000e+00  -9.0066000e+00
  -1.0473600e+01  -1.0569200e+01  -1.0602800e+01  -1.0703100e+01  -7.9713000e+00  -8.3834000e+00
  -1.0389500e+01  -1.0426800e+01  -1.0479500e+01  -1.0562600e+01  -6.8736000e+00  -7.4330000e+00
  -1.0383700e+01  -1.0398600e+01  -1.0450400e+01  -1.0506000e+01  -6.5274000e+00  -6.6714000e+00
  -1.0378400e+01  -1.0415800e+01  -1.0448000e+01  -1.0519300e+01  -7.0295000e+00  -6.8458000e+00
  -1.0528000e+01  -1.0632900e+01  -1.0574200e+01  -1.0631700e+01  -6.7535000e+00  -6.9301000e+00
  -1.0651500e+01  -1.0787700e+01  -1.0673300e+01  -1.0713000e+01  -5.8091000e+00  -6.2233000e+00
  -1.0641600e+01  -1.0740800e+01  -1.0699800e+01  -1.0750500e+01  -5.4050000e+00  -5.7933000e+00
  -1.0452600e+01  -1.0518000e+01  -1.0587800e+01  -1.0697400e+01  -5.6550000e+00  -6.0144000e+00
  -1.0373200e+01  -1.0333500e+01  -1.0497800e+01  -1.0612100e+01  -5.7392000e+00  -6.2119000e+00
  -1.0349600e+01  -1.0302800e+01  -1.0427600e+01  -1.0507400e+01  -5.8277000e+00  -6.0705000e+00
  -1.0445600e+01  -1.0326600e+01  -1.0450800e+01  -1.0483000e+01  -5.8143000e+00  -5.7087000e+00
  -1.0513300e+01  -1.0464500e+01  -1.0530500e+01  -1.0571400e+01  -5.7597000e+00  -5.4922000e+00
  -1.0633000e+01  -1.0702000e+01  -1.0671200e+01  -1.0705200e+01  -5.4176000e+00  -5.2944000e+00
  -1.0443700e+01  -1.0577600e+01  -1.0579700e+01  -1.0682900e+01  -5.0350000e+00  -5.1306000e+00
  -1.0167800e+01  -1.0336200e+01  -1.0319000e+01  -1.0416100e+01  -4.6515000e+00  -4.9449000e+00
  -1.0023400e+01  -1.0101100e+01  -1.0061600e+01  -1.0111100e+01  -4.4578000e+00  -4.7089000e+00
  -1.0026700e+01  -1.0097100e+01  -1.0073000e+01  -1.0107200e+01  -4.5058000e+00  -4.4254000e+00
  -9.8715000e+00  -1.0012100e+01  -1.0041500e+01  -1.0145900e+01  -4.5647000e+00  -4.0780000e+00
  -9.6369000e+00  -9.8064000e+00  -9.8451000e+00  -9.9950000e+00  -4.2787000e+00  -3.7262000e+00
  -9.4548000e+00  -9.6230000e+00  -9.5811000e+00  -9.6861000e+00  -3.7689000e+00  -3.6246000e+00
  -9.1793000e+00  -9.3711000e+00  -9.3726000e+00  -9.4695000e+00  -3.3936000e+00  -3.5771000e+00
  -8.8311000e+00  -9.0819000e+00  -9.0882000e+00  -9.2693000e+00  -3.3154000e+00  -3.4187000e+00
  -8.6144000e+00  -8.9510000e+00  -8.8951000e+00  -9.0765000e+00  -3.3273000e+00  -3.2243000e+00
  -8.5021000e+00  -8.8071000e+00  -8.7519000e+00  -8.9145000e+00  -3.3459000e+00  -2.9713000e+00
  -8.4700000e+00  -8.7083000e+00  -8.6516000e+00  -8.8097000e+00  -3.3555000e+00  -2.9607000e+00
  -8.5548000e+00  -8.9206000e+00  -8.8106000e+00  -8.9554000e+00  -3.3354000e+00  -3.1001000e+00
  -8.2444000e+00  -8.6987000e+00  -8.6661000e+00  -8.9406000e+00  -3.4346000e+00  -2.7526000e+00
  -8.1625000e+00  -8.4244000e+00  -8.4375000e+00  -8.6509000e+00  -3.4201000e+00  -2.6591000e+00
  -8.1135000e+00  -8.4844000e+00  -8.3621000e+00  -8.5661000e+00  -3.3796000e+00  -2.6861000e+00
  -8.2942000e+00  -8.4978000e+00  -8.3602000e+00  -8.3868000e+00  -3.3253000e+00  -2.7333000e+00
  -8.0880000e+00  -8.2914000e+00  -8.2415000e+00  -8.3597000e+00  -3.2771000e+00  -2.7684000e+00
  -7.9149000e+00  -8.0583000e+00  -8.0532000e+00  -8.1433000e+00  -3.0338000e+00  -2.8546000e+00
  -7.6821000e+00  -7.8182000e+00  -7.8014000e+00  -7.9001000e+00  -2.8092000e+00  -2.7450000e+00
  -7.4182000e+00  -7.6023000e+00  -7.5716000e+00  -7.6787000e+00  -2.7038000e+00  -2.4688000e+00
  -7.1940000e+00  -7.3756000e+00  -7.3682000e+00  -7.5015000e+00  -2.6487000e+00  -2.1718000e+00
  -7.0282000e+00  -7.1805000e+00  -7.1966000e+00  -7.3343000e+00  -2.2934000e+00  -1.8413000e+00
  -6.8252000e+00  -6.8954000e+00  -6.9979000e+00  -7.1253000e+00  -1.6958000e+00  -1.4460000e+00
  -6.5335000e+00  -6.6022000e+00  -6.7129000e+00  -6.8256000e+00  -1.2033000e+00  -1.0740000e+00
  -6.1808000e+00  -6.3270000e+00  -6.3730000e+00  -6.4941000e+00  -8.5950000e-01  -7.9210000e-01
  -5.9038000e+00  -5.9999000e+00  -6.0413000e+00  -6.1313000e+00  -8.6830000e-01  -7.9750000e-01
  -5.6257000e+00  -5.7917000e+00  -5.8017000e+00  -5.9360000e+00  -7.1720000e-01  -6.9160000e-01
  -5.4075000e+00  -5.6897000e+00  -5.6291000e+00  -5.8048000e+00  -3.8860000e-01  -3.6240000e-01
  -5.3325000e+00  -5.5702000e+00  -5.5273000e+00  -5.6737000e+00  -1.3350000e-01  -5.0600000e-02
  -5.1487000e+00  -5.2455000e+00  -5.2698000e+00  -5.3732000e+00   1.1950000e-01   2.5240000e-01
  -4.7704000e+00  -4.8590000e+00  -4.8209000e+00  -4.8952000e+00   3.4130000e-01   5.5630000e-01
  -4.3826000e+00  -4.5083000e+00  -4.4114000e+00  -4.4715000e+00   5.6230000e-01   7.6820000e-01
  -4.1185000e+00  -4.3462000e+00  -4.1763000e+00  -4.2734000e+00   7.8660000e-01   8.9350000e-01
  -3.9530000e+00  -4.2582000e+00  -4.0472000e+00  -4.1828000e+00   1.0783000e+00   1.0891000e+00
  -3.9482000e+00  -4.1613000e+00  -3.9639000e+00  -4.0487000e+00   1.5459000e+00   1.4068000e+00
  -3.9610000e+00  -3.9516000e+00  -3.8352000e+00  -3.8193000e+00   2.0353000e+00   1.6889000e+00
  -3.7803000e+00  -3.7243000e+00  -3.6008000e+00  -3.5607000e+00   2.2994000e+00   1.8347000e+00
  -3.5910000e+00  -3.4866000e+00  -3.3407000e+00  -3.2521000e+00   2.2824000e+00   2.0940000e+00
  -3.5283000e+00  -3.0949000e+00  -3.0912000e+00  -2.9293000e+00   2.0764000e+00   2.2171000e+00
  -3.4134000e+00  -2.7563000e+00  -2.8354000e+00  -2.6317000e+00   1.8302000e+00   2.1198000e+00
  -3.2013000e+00  -2.5049000e+00  -2.6109000e+00  -2.3757000e+00   1.7631000e+00   2.4568000e+00
  -3.0564000e+00  -2.2924000e+00  -2.4215000e+00  -2.1838000e+00   1.8236000e+00   3.0999000e+00
  -2.9246000e+00  -2.1734000e+00  -2.3536000e+00  -2.2850000e+00   1.5762000e+00   3.0246000e+00
  -2.9076000e+00  -2.5074000e+00  -2.8179000e+00  -3.4519000e+00   1.7560000e+00   2.5824000e+00
  -3.2906000e+00  -3.6998000e+00  -3.7434000e+00  -4.2189000e+00   2.0275000e+00   2.7357000e+00
  -4.1297000e+00  -4.0142000e+00  -3.9282000e+00  -3.8072000e+00   2.3780000e+00   3.1380000e+00
  -4.0596000e+00  -3.3524000e+00  -3.4016000e+00  -3.2380000e+00   2.2767000e+00   2.9444000e+00
  -3.4494000e+00  -2.8624000e+00  -2.9050000e+00  -2.8673000e+00   1.9832000e+00   2.6541000e+00
  -3.3781000e+00  -2.5767000e+00  -2.7022000e+00  -2.5875000e+00   2.0346000e+00   2.8604000e+00
  -3.2748000e+00  -2.2565000e+00  -2.3736000e+00  -2.0868000e+00   2.6057000e+00   2.8569000e+00
  -3.4325000e+00  -2.4941000e+00  -2.4600000e+00  -2.0056000e+00   3.2325000e+00   2.6740000e+00
  -3.3723000e+00  -2.7847000e+00  -2.7077000e+00  -2.3234000e+00   3.2948000e+00   2.6446000e+00
  -3.1577000e+00  -2.9281000e+00  -2.8432000e+00  -2.6135000e+00   3.1073000e+00   2.8718000e+00
  -3.2157000e+00  -3.0160000e+00  -2.9466000e+00  -2.7652000e+00   2.4274000e+00   3.2385000e+00
  -3.2638000e+00  -3.0782000e+00  -3.0673000e+00  -2.9420000e+00   1.8285000e+00   3.3008000e+00
  -3.1722000e+00  -3.0426000e+00  -3.1094000e+00  -3.0668000e+00   1.9816000e+00   3.4926000e+00
  -3.0627000e+00  -2.8491000e+00  -2.9469000e+00  -2.9525000e+00   1.9410000e+00   3.1945000e+00
  -3.1114000e+00  -2.8830000e+00  -2.8814000e+00  -2.7972000e+00   1.7470000e+00   2.7264000e+00
  -3.2211000e+00  -3.0801000e+00  -3.0149000e+00  -2.9420000e+00   1.6012000e+00   2.8381000e+00
  -3.3161000e+00  -3.2458000e+00  -3.1611000e+00  -3.0885000e+00   1.1206000e+00   2.7414000e+00
  -3.2311000e+00  -3.1510000e+00  -3.1523000e+00  -3.1318000e+00   1.1778000e+00   2.4256000e+00
  -3.0651000e+00  -2.9389000e+00  -2.9885000e+00  -2.9642000e+00   1.8435000e+00   2.3871000e+00
  -2.9277000e+00  -2.8267000e+00  -2.8673000e+00  -2.8419000e+00   1.9468000e+00   2.0595000e+00
  -3.0452000e+00  -3.0119000e+00  -2.9521000e+00  -2.8751000e+00   1.0450000e+00   2.0106000e+00
  -3.0743000e+00  -3.2173000e+00  -3.1692000e+00  -3.2132000e+00   8.0130000e-01   1.9904000e+00
  -3.1111000e+00  -3.2865000e+00  -3.2429000e+00  -3.3616000e+00   9.6930000e-01   1.9865000e+00
  -3.2545000e+00  -3.3089000e+00  -3.3130000e+00  -3.3639000e+00   8.0120000e-01   1.8492000e+00
  -3.3208000e+00  -3.2589000e+00  -3.2760000e+00  -3.2372000e+00   5.5390000e-01   1.7492000e+00
  -3.2812000e+00  -3.3024000e+00  -3.2806000e+00  -3.2269000e+00  -5.1000000e-03   1.6310000e+00
  -3.1819000e+00  -3.3444000e+00  -3.3024000e+00  -3.3140000e+00   4.5900000e-02   2.3300000e-02
  -3.2244000e+00  -3.4993000e+00  -3.4113000e+00  -3.4741000e+00   7.3930000e-01  -1.1748000e+00
  -3.3621000e+00  -3.5972000e+00  -3.5250000e+00  -3.5832000e+00   1.7480000e-01  -1.8948000e+00
  -3.4856000e+00  -3.6427000e+00  -3.6022000e+00  -3.6273000e+00  -1.5518000e+00  -3.5703000e+00
  -3.5822000e+00  -3.6657000e+00  -3.6513000e+00  -3.6702000e+00  -2.6179000e+00  -4.8435000e+00
  -3.6235000e+00  -3.6718000e+00  -3.6694000e+00  -3.7169000e+00  -4.5441000e+00  -4.8507000e+00
  -3.6315000e+00  -3.6370000e+00  -3.6340000e+00  -3.6844000e+00  -5.6977000e+00  -4.6816000e+00
  -3.6428000e+00  -3.5911000e+00  -3.5715000e+00  -3.5874000e+00  -5.7832000e+00  -5.1615000e+00
  -3.6930000e+00  -3.6116000e+00  -3.5630000e+00  -3.5269000e+00  -6.1973000e+00  -5.6247000e+00
  -3.7483000e+00  -3.6898000e+00  -3.6148000e+00  -3.5422000e+00  -6.4496000e+00  -5.7016000e+00
  -3.7355000e+00  -3.6872000e+00  -3.6346000e+00  -3.5662000e+00  -6.2755000e+00  -6.0301000e+00
  -3.7411000e+00  -3.6897000e+00  -3.6447000e+00  -3.5741000e+00  -6.3456000e+00  -6.2704000e+00
  -3.7045000e+00  -3.6728000e+00  -3.6382000e+00  -3.5855000e+00  -6.6389000e+00  -6.3522000e+00
  -3.6053000e+00  -3.5828000e+00  -3.5659000e+00  -3.5385000e+00  -6.7949000e+00  -6.2603000e+00
  -3.5169000e+00  -3.5074000e+00  -3.4797000e+00  -3.4675000e+00  -6.6700000e+00  -6.1074000e+00
  -3.4364000e+00  -3.4223000e+00  -3.3745000e+00  -3.3683000e+00  -6.5902000e+00  -6.0546000e+00
  -3.4289000e+00  -3.3769000e+00  -3.3294000e+00  -3.3049000e+00  -6.5004000e+00  -5.9532000e+00
  -3.4013000e+00  -3.3179000e+00  -3.2971000e+00  -3.2523000e+00  -6.3421000e+00  -5.8851000e+00
  -3.3523000e+00  -3.2987000e+00  -3.2723000e+00  -3.2294000e+00  -6.2902000e+00  -5.8708000e+00
  -3.3338000e+00  -3.2400000e+00  -3.2193000e+00  -3.1585000e+00  -6.1537000e+00  -5.8097000e+00
  -3.2869000e+00  -3.1452000e+00  -3.1218000e+00  -3.0436000e+00  -5.9596000e+00  -5.7507000e+00
  -3.2855000e+00  -3.1639000e+00  -3.1304000e+00  -3.0362000e+00  -5.9357000e+00  -5.7624000e+00
  -3.2020000e+00  -3.0915000e+00  -3.0776000e+00  -2.9976000e+00  -6.0478000e+00  -5.8583000e+00
  -3.1087000e+00  -2.9822000e+00  -2.9984000e+00  -2.9510000e+00  -6.0406000e+00  -5.8168000e+00
  -3.0160000e+00  -2.8948000e+00  -2.9261000e+00  -2.9108000e+00  -6.0729000e+00  -5.7693000e+00
  -2.9853000e+00  -2.8854000e+00  -2.9067000e+00  -2.8945000e+00  -6.1135000e+00  -5.7574000e+00
  -2.9954000e+00  -2.9183000e+00  -2.9064000e+00  -2.8630000e+00  -6.0866000e+00  -5.7729000e+00
  -3.0241000e+00  -2.9720000e+00  -2.9129000e+00  -2.8223000e+00  -5.9609000e+00  -5.8025000e+00
  -3.0660000e+00  -2.9247000e+00  -2.8810000e+00  -2.7597000e+00  -5.8871000e+00  -5.7872000e+00
  -3.0641000e+00  -2.7850000e+00  -2.8206000e+00  -2.7493000e+00  -5.8856000e+00  -5.7040000e+00
  -2.9784000e+00  -2.8380000e+00  -2.8884000e+00  -2.8978000e+00  -5.9103000e+00  -5.5543000e+00
  -3.0409000e+00  -3.0015000e+00  -3.0143000e+00  -2.9301000e+00  -5.9050000e+00  -5.3629000e+00
  -3.1435000e+00  -2.9823000e+00  -2.9415000e+00  -2.7579000e+00  -5.7497000e+00  -5.1565000e+00
  -3.0445000e+00  -2.7509000e+00  -2.8295000e+00  -2.8487000e+00  -5.5551000e+00  -5.0035000e+00
  -2.8756000e+00  -3.0001000e+00  -3.0740000e+00  -3.3962000e+00  -5.4284000e+00  -4.8851000e+00
  -3.0871000e+00  -3.6133000e+00  -3.5280000e+00  -3.5735000e+00  -5.2813000e+00  -4.7991000e+00
  -3.7099000e+00  -3.7246000e+00  -3.6528000e+00  -3.5069000e+00  -5.1021000e+00  -4.7052000e+00
  -3.7437000e+00  -3.6701000e+00  -3.6674000e+00  -3.9920000e+00  -4.9539000e+00  -4.6246000e+00
  -3.5974000e+00  -4.2020000e+00  -4.1255000e+00  -4.3332000e+00  -4.8289000e+00  -4.6131000e+00
  -4.1644000e+00  -4.2059000e+00  -4.1855000e+00  -3.8540000e+00  -4.7268000e+00  -4.7266000e+00
  -4.2575000e+00  -3.7115000e+00  -3.8471000e+00  -3.9491000e+00  -4.7176000e+00  -4.8895000e+00
  -3.6524000e+00  -4.1244000e+00  -4.0178000e+00  -4.3816000e+00  -4.7371000e+00  -5.0837000e+00
  -3.9396000e+00  -4.4881000e+00  -4.2278000e+00  -4.0418000e+00  -4.7223000e+00  -5.1987000e+00
  -4.2359000e+00  -3.8121000e+00  -3.9366000e+00  -3.8122000e+00  -4.6747000e+00  -5.2176000e+00
  -3.9413000e+00  -3.8679000e+00  -3.9281000e+00  -4.0127000e+00  -4.6116000e+00  -5.1749000e+00
  -3.9476000e+00  -4.2831000e+00  -3.9799000e+00  -3.9340000e+00  -4.6235000e+00  -5.0750000e+00
  -4.0357000e+00  -3.8908000e+00  -3.9301000e+00  -3.8313000e+00  -4.6502000e+00  -4.9546000e+00
  -3.9914000e+00  -3.8874000e+00  -3.8936000e+00  -3.8318000e+00  -4.7003000e+00  -4.8771000e+00
  -3.9558000e+00  -4.1099000e+00  -3.9206000e+00  -3.9682000e+00  -4.5989000e+00  -4.6939000e+00
  -3.8447000e+00  -3.9635000e+00  -3.9643000e+00  -4.0363000e+00  -4.3523000e+00  -4.3619000e+00
  -3.9585000e+00  -3.9886000e+00  -4.0530000e+00  -4.0559000e+00  -3.7134000e+00  -3.6578000e+00
  -3.9888000e+00  -4.2239000e+00  -4.0276000e+00  -4.0850000e+00  -3.3122000e+00  -3.2160000e+00
  -3.9939000e+00  -4.2293000e+00  -4.1079000e+00  -4.2245000e+00  -3.3105000e+00  -3.2601000e+00
  -4.0744000e+00  -4.0460000e+00  -4.2047000e+00  -4.2548000e+00  -3.4451000e+00  -3.3502000e+00
  -4.2164000e+00  -4.3129000e+00  -4.2551000e+00  -4.2828000e+00  -3.4341000e+00  -3.3334000e+00
  -4.2715000e+00  -4.4359000e+00  -4.2682000e+00  -4.2869000e+00  -3.5186000e+00  -3.3775000e+00
  -4.3831000e+00  -4.1636000e+00  -4.3722000e+00  -4.4163000e+00  -3.5724000e+00  -3.4368000e+00
  -4.4842000e+00  -4.4977000e+00  -4.5429000e+00  -4.5800000e+00  -3.6074000e+00  -3.4665000e+00
  -4.6754000e+00  -4.7379000e+00  -4.6615000e+00  -4.6470000e+00  -3.6161000e+00  -3.4692000e+00
  -4.7849000e+00  -4.7224000e+00  -4.7514000e+00  -4.7474000e+00  -3.5847000e+00  -3.4472000e+00
  -4.8312000e+00  -4.8163000e+00  -4.8211000e+00  -4.7818000e+00  -3.5852000e+00  -3.4695000e+00
  -4.9680000e+00  -4.8228000e+00  -4.9191000e+00  -4.8627000e+00  -3.5832000e+00  -3.4971000e+00
  -5.0997000e+00  -4.9384000e+00  -5.0571000e+00  -5.0035000e+00  -3.5433000e+00  -3.4720000e+00
  -5.2697000e+00  -5.1248000e+00  -5.2134000e+00  -5.1518000e+00  -3.5017000e+00  -3.4414000e+00
  -5.4565000e+00  -5.3276000e+00  -5.4172000e+00  -5.3784000e+00  -3.4970000e+00  -3.4198000e+00
  -5.6571000e+00  -5.5210000e+00  -5.6240000e+00  -5.5756000e+00  -3.5018000e+00  -3.3926000e+00
  -5.8981000e+00  -5.6947000e+00  -5.8240000e+00  -5.7542000e+00  -3.5022000e+00  -3.3537000e+00
  -6.0541000e+00  -5.8050000e+00  -5.9754000e+00  -5.9102000e+00  -3.5175000e+00  -3.3321000e+00
  -6.2479000e+00  -5.9516000e+00  -6.1446000e+00  -6.0625000e+00  -3.5725000e+00  -3.3297000e+00
  -6.4102000e+00  -6.0715000e+00  -6.2929000e+00  -6.1972000e+00  -3.5603000e+00  -3.3280000e+00
  -6.5562000e+00  -6.1670000e+00  -6.4147000e+00  -6.2885000e+00  -3.5759000e+00  -3.3123000e+00
  -6.7018000e+00  -6.2881000e+00  -6.5109000e+00  -6.3518000e+00  -3.4574000e+00  -3.2992000e+00
  -6.9640000e+00  -6.5364000e+00  -6.7297000e+00  -6.5496000e+00  -3.3058000e+00  -3.2440000e+00
  -7.0917000e+00  -6.6349000e+00  -6.8399000e+00  -6.6550000e+00  -3.1604000e+00  -3.1556000e+00
  -7.1963000e+00  -6.7046000e+00  -6.8988000e+00  -6.6957000e+00  -3.0499000e+00  -3.0239000e+00
  -7.3399000e+00  -6.8221000e+00  -7.0220000e+00  -6.8214000e+00  -3.0019000e+00  -2.9123000e+00
  -7.3460000e+00  -6.8681000e+00  -7.0847000e+00  -6.8989000e+00  -3.0523000e+00  -2.8844000e+00
  -7.3835000e+00  -6.9844000e+00  -7.1591000e+00  -6.9672000e+00  -3.1650000e+00  -2.8715000e+00
  -7.4548000e+00  -7.1033000e+00  -7.2504000e+00  -7.0608000e+00  -3.2804000e+00  -2.8743000e+00
  -7.4907000e+00  -7.1717000e+00  -7.2970000e+00  -7.1106000e+00  -3.2916000e+00  -2.9285000e+00
  -7.4983000e+00  -7.2246000e+00  -7.3219000e+00  -7.1472000e+00  -3.2375000e+00  -3.0641000e+00
  -7.5888000e+00  -7.3239000e+00  -7.4125000e+00  -7.2563000e+00  -3.3954000e+00  -3.2034000e+00
  -7.6319000e+00  -7.3330000e+00  -7.4420000e+00  -7.2985000e+00  -3.7409000e+00  -3.2927000e+00
  -7.6163000e+00  -7.2763000e+00  -7.4000000e+00  -7.2569000e+00  -3.9210000e+00  -3.4233000e+00
  -7.6046000e+00  -7.2278000e+00  -7.3621000e+00  -7.2073000e+00  -4.0810000e+00  -3.5252000e+00
  -7.6539000e+00  -7.2616000e+00  -7.3979000e+00  -7.2344000e+00  -4.2807000e+00  -3.3796000e+00
  -7.7284000e+00  -7.3371000e+00  -7.4657000e+00  -7.3009000e+00  -4.1498000e+00  -3.2297000e+00
  -7.7752000e+00  -7.4154000e+00  -7.5463000e+00  -7.3969000e+00  -3.8176000e+00  -3.4287000e+00
  -7.8136000e+00  -7.4976000e+00  -7.6269000e+00  -7.4887000e+00  -3.9946000e+00  -3.5754000e+00
  -7.7198000e+00  -7.4579000e+00  -7.5775000e+00  -7.4530000e+00  -4.3366000e+00  -3.6194000e+00
  -7.6297000e+00  -7.3694000e+00  -7.4723000e+00  -7.3263000e+00  -4.5498000e+00  -3.8674000e+00
  -7.5142000e+00  -7.2482000e+00  -7.3230000e+00  -7.1475000e+00  -5.1151000e+00  -4.0593000e+00
  -7.4932000e+00  -7.2248000e+00  -7.2711000e+00  -7.0769000e+00  -5.7653000e+00  -4.2873000e+00
  -7.4334000e+00  -7.1692000e+00  -7.1994000e+00  -7.0034000e+00  -5.8161000e+00  -4.6585000e+00
  -7.3817000e+00  -7.0967000e+00  -7.1156000e+00  -6.9116000e+00  -5.5603000e+00  -5.0672000e+00
  -7.3358000e+00  -7.0250000e+00  -7.0561000e+00  -6.8711000e+00  -5.3455000e+00  -5.9670000e+00
  -7.3295000e+00  -6.9919000e+00  -7.0232000e+00  -6.8282000e+00  -5.2431000e+00  -7.2710000e+00
  -7.3563000e+00  -7.0612000e+00  -7.0731000e+00  -6.9006000e+00  -6.2994000e+00  -8.0182000e+00
  -7.3108000e+00  -7.1128000e+00  -7.0722000e+00  -6.9386000e+00  -7.1753000e+00  -8.3066000e+00
  -7.2740000e+00  -7.1510000e+00  -7.0986000e+00  -7.0151000e+00  -8.0947000e+00  -8.6682000e+00
  -7.3922000e+00  -7.2892000e+00  -7.2704000e+00  -7.2055000e+00  -8.6154000e+00  -8.8960000e+00
  -7.5274000e+00  -7.3642000e+00  -7.3542000e+00  -7.2698000e+00  -8.9938000e+00  -8.9194000e+00
  -7.5242000e+00  -7.3716000e+00  -7.4033000e+00  -7.3365000e+00  -9.2087000e+00  -8.7500000e+00
  -7.3530000e+00  -7.2928000e+00  -7.3024000e+00  -7.2719000e+00  -9.3936000e+00  -8.7613000e+00
  -7.3311000e+00  -7.3478000e+00  -7.3243000e+00  -7.3263000e+00  -9.1969000e+00  -8.6480000e+00
  -7.2993000e+00  -7.3408000e+00  -7.2940000e+00  -7.2981000e+00  -8.9436000e+00  -8.4679000e+00
  -7.1380000e+00  -7.2171000e+00  -7.1936000e+00  -7.2201000e+00  -8.7476000e+00  -8.4420000e+00
  -6.7050000e+00  -6.8148000e+00  -6.8258000e+00  -6.8914000e+00  -8.3334000e+00  -8.3319000e+00
  -6.3562000e+00  -6.4174000e+00  -6.4419000e+00  -6.4903000e+00  -8.0298000e+00  -8.1229000e+00
  -6.1181000e+00  -6.1625000e+00  -6.1538000e+00  -6.1637000e+00  -7.8146000e+00  -7.8231000e+00
  -6.0018000e+00  -6.0647000e+00  -6.0194000e+00  -6.0133000e+00  -7.7271000e+00  -7.6657000e+00
  -5.7378000e+00  -5.8110000e+00  -5.7983000e+00  -5.8097000e+00  -7.5357000e+00  -7.4674000e+00
  -5.3774000e+00  -5.4765000e+00  -5.4774000e+00  -5.5063000e+00  -7.4923000e+00  -7.2542000e+00
  -5.2060000e+00  -5.3185000e+00  -5.3145000e+00  -5.3549000e+00  -7.3767000e+00  -7.1852000e+00
  -4.9922000e+00  -5.0717000e+00  -5.0668000e+00  -5.0866000e+00  -7.2924000e+00  -7.1456000e+00
  -4.9801000e+00  -5.0484000e+00  -4.9862000e+00  -4.9631000e+00  -7.3515000e+00  -7.1073000e+00
  -4.9878000e+00  -5.0535000e+00  -4.9743000e+00  -4.9376000e+00  -7.2152000e+00  -6.9842000e+00
  -5.2977000e+00  -5.3404000e+00  -5.2451000e+00  -5.1896000e+00  -7.0452000e+00  -6.8367000e+00
  -5.4454000e+00  -5.4612000e+00  -5.4164000e+00  -5.3769000e+00  -7.0866000e+00  -6.9034000e+00
  -5.6161000e+00  -5.6005000e+00  -5.5870000e+00  -5.5360000e+00  -6.8401000e+00  -6.9097000e+00
  -5.5666000e+00  -5.5430000e+00  -5.5442000e+00  -5.5032000e+00  -6.6932000e+00  -6.8077000e+00
  -5.6350000e+00  -5.6891000e+00  -5.6420000e+00  -5.6233000e+00  -6.5450000e+00  -6.6093000e+00
  -5.6187000e+00  -5.6763000e+00  -5.6543000e+00  -5.6526000e+00  -6.3424000e+00  -6.5316000e+00
  -5.4280000e+00  -5.4971000e+00  -5.4560000e+00  -5.4437000e+00  -6.2689000e+00  -6.3627000e+00
  -5.3369000e+00  -5.4191000e+00  -5.3768000e+00  -5.3815000e+00  -6.4154000e+00  -6.2516000e+00
  -5.4042000e+00  -5.4734000e+00  -5.4531000e+00  -5.4585000e+00  -6.4189000e+00  -6.3575000e+00
  -5.2904000e+00  -5.3447000e+00  -5.3159000e+00  -5.3037000e+00  -6.5312000e+00  -6.4781000e+00
  -5.2477000e+00  -5.3268000e+00  -5.2846000e+00  -5.2811000e+00  -6.8249000e+00  -6.7000000e+00
  -5.0156000e+00  -5.1203000e+00  -5.0916000e+00  -5.1045000e+00  -7.2114000e+00  -6.9392000e+00
  -4.8202000e+00  -4.9336000e+00  -4.8949000e+00  -4.9140000e+00  -7.3481000e+00  -7.1531000e+00
  -4.6842000e+00  -4.7708000e+00  -4.7301000e+00  -4.7312000e+00  -7.7319000e+00  -7.4027000e+00
  -4.5982000e+00  -4.6567000e+00  -4.6452000e+00  -4.6422000e+00  -7.8981000e+00  -7.6557000e+00
  -4.5672000e+00  -4.5519000e+00  -4.5635000e+00  -4.5225000e+00  -7.9832000e+00  -7.8313000e+00
  -4.6523000e+00  -4.5559000e+00  -4.5944000e+00  -4.5232000e+00  -7.9716000e+00  -7.8919000e+00
  -4.8645000e+00  -4.6997000e+00  -4.7772000e+00  -4.6968000e+00  -7.9398000e+00  -7.8703000e+00
  -5.0403000e+00  -4.8238000e+00  -4.9248000e+00  -4.8362000e+00  -7.8240000e+00  -7.8149000e+00
  -5.2480000e+00  -4.9699000e+00  -5.1002000e+00  -5.0004000e+00  -7.5626000e+00  -7.8372000e+00
  -5.3351000e+00  -5.0232000e+00  -5.1783000e+00  -5.0770000e+00  -7.4386000e+00  -7.6777000e+00
  -5.3699000e+00  -5.0587000e+00  -5.2248000e+00  -5.1345000e+00  -7.5080000e+00  -7.5729000e+00
  -5.2189000e+00  -4.9090000e+00  -5.1311000e+00  -5.0717000e+00  -7.6416000e+00  -7.5809000e+00
  -4.9779000e+00  -4.6915000e+00  -4.9038000e+00  -4.8456000e+00  -7.6283000e+00  -7.7374000e+00
  -4.7256000e+00  -4.4691000e+00  -4.6529000e+00  -4.5921000e+00  -7.3946000e+00  -7.6131000e+00
  -4.6682000e+00  -4.4387000e+00  -4.5557000e+00  -4.4723000e+00  -7.1449000e+00  -7.3063000e+00
  -4.8566000e+00  -4.6640000e+00  -4.7330000e+00  -4.6440000e+00  -6.9040000e+00  -7.1276000e+00
  -4.8331000e+00  -4.7027000e+00  -4.7701000e+00  -4.7269000e+00  -6.6170000e+00  -6.9759000e+00
  -4.5410000e+00  -4.5914000e+00  -4.6026000e+00  -4.6209000e+00  -5.7167000e+00  -6.0830000e+00
  -4.4032000e+00  -4.5579000e+00  -4.5483000e+00  -4.5960000e+00  -5.3736000e+00  -5.5275000e+00
  -4.0801000e+00  -4.2684000e+00  -4.2238000e+00  -4.3042000e+00  -5.4033000e+00  -5.4927000e+00
  -3.6377000e+00  -3.8116000e+00  -3.8088000e+00  -3.8886000e+00  -5.3363000e+00  -5.3510000e+00
  -3.4359000e+00  -3.5768000e+00  -3.5243000e+00  -3.5551000e+00  -5.2090000e+00  -5.2088000e+00
  -3.3417000e+00  -3.4998000e+00  -3.3932000e+00  -3.3945000e+00  -5.1404000e+00  -5.1135000e+00
  -3.4819000e+00  -3.5938000e+00  -3.4954000e+00  -3.4651000e+00  -5.1482000e+00  -5.1067000e+00
  -3.4828000e+00  -3.4431000e+00  -3.4727000e+00  -3.4101000e+00  -4.9899000e+00  -5.1228000e+00
  -3.7482000e+00  -3.5868000e+00  -3.5940000e+00  -3.4686000e+00  -4.8275000e+00  -4.9750000e+00
  -4.3806000e+00  -4.2712000e+00  -4.2128000e+00  -4.0865000e+00  -4.6815000e+00  -4.7750000e+00
  -4.6558000e+00  -4.5995000e+00  -4.5377000e+00  -4.4428000e+00  -4.4032000e+00  -4.5629000e+00
  -4.9306000e+00  -4.9337000e+00  -4.8116000e+00  -4.7677000e+00  -4.1473000e+00  -4.3398000e+00
  -5.0706000e+00  -5.3336000e+00  -5.1367000e+00  -5.3042000e+00  -3.8276000e+00  -4.1024000e+00
  -5.0996000e+00  -5.7989000e+00  -5.3439000e+00  -5.6648000e+00  -3.4638000e+00  -3.7718000e+00
  -5.1174000e+00  -6.2867000e+00  -5.5314000e+00  -5.9621000e+00  -3.1524000e+00  -3.4060000e+00
  -5.0685000e+00  -6.6211000e+00  -5.6442000e+00  -6.1751000e+00  -2.8951000e+00  -3.0212000e+00
  -5.0043000e+00  -6.7979000e+00  -5.7283000e+00  -6.3452000e+00  -2.7728000e+00  -2.7274000e+00
  -5.0653000e+00  -7.0197000e+00  -5.8459000e+00  -6.5190000e+00  -2.7110000e+00  -2.5195000e+00
  -5.4539000e+00  -7.4104000e+00  -6.2583000e+00  -6.9267000e+00  -2.6272000e+00  -2.4000000e+00
  -6.0873000e+00  -7.9220000e+00  -6.8742000e+00  -7.4599000e+00  -2.5458000e+00  -2.3540000e+00
  -6.7347000e+00  -8.3338000e+00  -7.4201000e+00  -7.9718000e+00  -2.4336000e+00  -2.3750000e+00
  -7.3268000e+00  -8.7142000e+00  -7.9950000e+00  -8.5111000e+00  -2.3009000e+00  -2.4061000e+00
  -8.0464000e+00  -8.9630000e+00  -8.4946000e+00  -8.8458000e+00  -2.2200000e+00  -2.3591000e+00
  -8.6996000e+00  -9.2112000e+00  -8.9133000e+00  -9.1366000e+00  -2.2914000e+00  -2.3827000e+00
  -9.1686000e+00  -9.4298000e+00  -9.2055000e+00  -9.3661000e+00  -2.3539000e+00  -2.4871000e+00
  -9.5975000e+00  -9.7279000e+00  -9.5336000e+00  -9.6704000e+00  -2.3176000e+00  -2.5367000e+00
  -9.8933000e+00  -1.0013500e+01  -9.7987000e+00  -9.9134000e+00  -2.2786000e+00  -2.4625000e+00
  -1.0113200e+01  -1.0233700e+01  -1.0024500e+01  -1.0135200e+01  -2.2458000e+00  -2.4200000e+00
  -1.0384600e+01  -1.0455500e+01  -1.0286300e+01  -1.0369100e+01  -2.3027000e+00  -2.4080000e+00
  -1.0650600e+01  -1.0748000e+01  -1.0527800e+01  -1.0593900e+01  -2.3471000e+00  -2.4247000e+00
  -1.0979100e+01  -1.1035600e+01  -1.0814200e+01  -1.0846000e+01  -2.3225000e+00  -2.3507000e+00
  -1.1275800e+01  -1.1250200e+01  -1.1058400e+01  -1.1030500e+01  -2.3414000e+00  -2.2345000e+00
  -1.1511200e+01  -1.1450900e+01  -1.1257600e+01  -1.1181500e+01  -2.4113000e+00  -2.3190000e+00
  -1.1593700e+01  -1.1437800e+01  -1.1281800e+01  -1.1170800e+01  -2.5585000e+00  -2.5102000e+00
  -1.1424200e+01  -1.1216300e+01  -1.1084700e+01  -1.0974700e+01  -2.6063000e+00  -2.6863000e+00
  -1.1179800e+01  -1.0957900e+01  -1.0829800e+01  -1.0734800e+01  -2.6852000e+00  -2.6711000e+00
  -1.0986000e+01  -1.0757300e+01  -1.0619800e+01  -1.0528100e+01  -2.6831000e+00  -2.5282000e+00
  -1.0896100e+01  -1.0675500e+01  -1.0531800e+01  -1.0442300e+01  -2.7658000e+00  -2.5605000e+00
  -1.0721300e+01  -1.0542200e+01  -1.0395800e+01  -1.0327200e+01  -2.8582000e+00  -2.6796000e+00
  -1.0301400e+01  -1.0228300e+01  -1.0049100e+01  -1.0023200e+01  -2.9321000e+00  -2.9293000e+00
  -9.7868000e+00  -9.8154000e+00  -9.6506000e+00  -9.6879000e+00  -3.0569000e+00  -2.9963000e+00
  -9.2956000e+00  -9.3867000e+00  -9.1644000e+00  -9.1856000e+00  -3.3081000e+00  -2.9521000e+00
  -8.7703000e+00  -8.8812000e+00  -8.6192000e+00  -8.6017000e+00  -3.1681000e+00  -2.8063000e+00
  -8.4351000e+00  -8.6561000e+00  -8.3032000e+00  -8.2723000e+00  -3.1111000e+00  -2.6838000e+00
  -8.2401000e+00  -8.4292000e+00  -8.1093000e+00  -8.0981000e+00  -2.7360000e+00  -2.7074000e+00
  -8.0756000e+00  -8.3847000e+00  -8.0379000e+00  -8.0526000e+00  -2.5401000e+00  -2.6496000e+00
  -7.6786000e+00  -8.0791000e+00  -7.7275000e+00  -7.7808000e+00  -2.6243000e+00  -2.8342000e+00
  -7.0727000e+00  -7.7041000e+00  -7.3297000e+00  -7.4258000e+00  -2.6811000e+00  -3.3556000e+00
  -6.6594000e+00  -7.2843000e+00  -6.9419000e+00  -7.0510000e+00  -2.9731000e+00  -4.4474000e+00
  -6.4051000e+00  -7.1145000e+00  -6.7483000e+00  -6.8835000e+00  -3.6123000e+00  -5.3015000e+00
  -6.1933000e+00  -6.9044000e+00  -6.5397000e+00  -6.6799000e+00  -4.5558000e+00  -5.9272000e+00
  -6.0926000e+00  -6.7243000e+00  -6.4092000e+00  -6.5261000e+00  -5.0977000e+00  -6.1996000e+00
  -5.9866000e+00  -6.4846000e+00  -6.2220000e+00  -6.3114000e+00  -5.0727000e+00  -5.9361000e+00
  -5.9456000e+00  -6.3845000e+00  -6.1299000e+00  -6.2095000e+00  -5.0755000e+00  -5.7092000e+00
  -5.7897000e+00  -6.1348000e+00  -6.0122000e+00  -6.1217000e+00  -5.1676000e+00  -5.8088000e+00
  -5.7710000e+00  -6.0930000e+00  -6.0091000e+00  -6.1239000e+00  -5.3281000e+00  -5.8449000e+00
  -5.4189000e+00  -5.6579000e+00  -5.5732000e+00  -5.6596000e+00  -5.6911000e+00  -5.9760000e+00
  -5.3020000e+00  -5.5616000e+00  -5.4715000e+00  -5.5696000e+00  -5.6693000e+00  -5.9359000e+00
  -5.1982000e+00  -5.4170000e+00  -5.3811000e+00  -5.4668000e+00  -5.6479000e+00  -5.8746000e+00
  -5.2529000e+00  -5.3663000e+00  -5.3811000e+00  -5.4526000e+00  -5.7148000e+00  -5.8673000e+00
  -5.1740000e+00  -5.2419000e+00  -5.3223000e+00  -5.4168000e+00  -5.4704000e+00  -5.6951000e+00
  -4.9123000e+00  -5.0016000e+00  -5.0633000e+00  -5.1578000e+00  -5.4271000e+00  -5.4382000e+00
  -4.7106000e+00  -4.7943000e+00  -4.8356000e+00  -4.9022000e+00  -5.0754000e+00  -5.2866000e+00
  -4.6672000e+00  -4.7359000e+00  -4.7925000e+00  -4.8527000e+00  -4.8637000e+00  -5.0663000e+00
  -4.6385000e+00  -4.6772000e+00  -4.6832000e+00  -4.7078000e+00  -4.6547000e+00  -4.8890000e+00
  -4.7120000e+00  -4.6835000e+00  -4.7122000e+00  -4.7095000e+00  -4.6555000e+00  -4.7811000e+00
  -4.8149000e+00  -4.7643000e+00  -4.7926000e+00  -4.7651000e+00  -4.4828000e+00  -4.6109000e+00
  -4.7618000e+00  -4.8846000e+00  -4.8605000e+00  -4.8946000e+00  -4.3891000e+00  -4.4207000e+00
  -4.5712000e+00  -4.7466000e+00  -4.7382000e+00  -4.8308000e+00  -4.2465000e+00  -4.4004000e+00
  -4.3887000e+00  -4.5781000e+00  -4.6071000e+00  -4.7472000e+00  -4.1366000e+00  -4.4054000e+00
  -4.3027000e+00  -4.4244000e+00  -4.4188000e+00  -4.5366000e+00  -4.1363000e+00  -4.4327000e+00
