   4.4049000e+00   4.4882000e+00   4.5020000e+00   4.5598000e+00   3.8196000e+00   3.6067000e+00
   4.2513000e+00   4.3387000e+00   4.3490000e+00   4.3917000e+00   3.2677000e+00   3.1227000e+00
   4.0549000e+00   4.1458000e+00   4.1835000e+00   4.2088000e+00   2.6985000e+00   2.5531000e+00
   3.9933000e+00   4.0495000e+00   4.1067000e+00   4.1598000e+00   2.2915000e+00   1.9851000e+00
   3.7381000e+00   3.8732000e+00   3.9317000e+00   4.0074000e+00   2.2534000e+00   1.7822000e+00
   3.4873000e+00   3.6074000e+00   3.6770000e+00   3.7366000e+00   2.6081000e+00   2.1742000e+00
   3.1478000e+00   3.3191000e+00   3.3348000e+00   3.3797000e+00   2.9839000e+00   2.5033000e+00
   2.9835000e+00   3.1156000e+00   3.1469000e+00   3.1676000e+00   3.5424000e+00   2.7926000e+00
   2.7226000e+00   2.8531000e+00   2.8585000e+00   2.8741000e+00   3.8285000e+00   3.2712000e+00
   2.3820000e+00   2.5796000e+00   2.5119000e+00   2.5372000e+00   4.3087000e+00   3.8497000e+00
   2.1415000e+00   2.4080000e+00   2.2752000e+00   2.3102000e+00   4.8667000e+00   4.4068000e+00
   1.9879000e+00   2.2543000e+00   2.1286000e+00   2.1713000e+00   5.3593000e+00   5.0380000e+00
   2.1163000e+00   2.3280000e+00   2.1854000e+00   2.1878000e+00   5.6817000e+00   5.4034000e+00
   2.2896000e+00   2.4446000e+00   2.3189000e+00   2.3143000e+00   5.7163000e+00   5.4531000e+00
   2.4506000e+00   2.5514000e+00   2.4526000e+00   2.4494000e+00   5.7955000e+00   5.5674000e+00
   2.9123000e+00   2.8728000e+00   2.8664000e+00   2.8319000e+00   6.0232000e+00   5.8786000e+00
   3.3099000e+00   3.1845000e+00   3.1912000e+00   3.1285000e+00   6.6162000e+00   6.0060000e+00
   3.6061000e+00   3.4373000e+00   3.4835000e+00   3.4215000e+00   6.5165000e+00   5.5318000e+00
   4.0233000e+00   3.8412000e+00   3.8856000e+00   3.8451000e+00   5.9268000e+00   5.1700000e+00
   4.2354000e+00   4.2275000e+00   4.2064000e+00   4.1963000e+00   5.6715000e+00   4.8144000e+00
   4.3202000e+00   4.4077000e+00   4.3374000e+00   4.3534000e+00   5.3971000e+00   4.2953000e+00
   4.1640000e+00   4.4296000e+00   4.2880000e+00   4.3191000e+00   5.0946000e+00   4.5118000e+00
   3.9905000e+00   4.3750000e+00   4.2222000e+00   4.2670000e+00   5.0615000e+00   4.2018000e+00
   3.9103000e+00   4.3487000e+00   4.2459000e+00   4.2991000e+00   5.0426000e+00   4.7325000e+00
   3.9612000e+00   4.2748000e+00   4.2815000e+00   4.2963000e+00   4.8745000e+00   4.7541000e+00
   3.7998000e+00   4.1232000e+00   4.1676000e+00   4.1080000e+00   4.4582000e+00   4.7179000e+00
   3.4648000e+00   3.7608000e+00   3.8606000e+00   3.8549000e+00   3.8454000e+00   4.3849000e+00
   3.2351000e+00   3.6400000e+00   3.6982000e+00   3.6405000e+00   3.6500000e+00   4.0046000e+00
   3.0153000e+00   3.3394000e+00   3.4431000e+00   3.3813000e+00   3.4880000e+00   3.9998000e+00
   2.9043000e+00   3.4479000e+00   3.3231000e+00   3.2484000e+00   3.2386000e+00   4.1848000e+00
   2.7610000e+00   3.3505000e+00   3.2104000e+00   3.1203000e+00   3.1759000e+00   4.5383000e+00
   2.8628000e+00   3.3426000e+00   3.2973000e+00   3.1746000e+00   3.3574000e+00   4.7291000e+00
   3.0238000e+00   3.3246000e+00   3.4506000e+00   3.2938000e+00   3.5739000e+00   4.5792000e+00
   3.9040000e+00   3.5150000e+00   4.1048000e+00   3.8294000e+00   4.0045000e+00   4.3346000e+00
   5.2385000e+00   4.1530000e+00   4.8421000e+00   4.4816000e+00   4.2470000e+00   4.1174000e+00
   4.8648000e+00   4.2618000e+00   4.6808000e+00   4.5253000e+00   4.3958000e+00   4.1137000e+00
   3.4036000e+00   3.4173000e+00   3.4870000e+00   3.1955000e+00   4.5111000e+00   4.1305000e+00
   3.1374000e+00   2.7867000e+00   3.2785000e+00   2.9560000e+00   4.5632000e+00   4.2393000e+00
   5.1755000e+00   3.8842000e+00   5.2096000e+00   4.8900000e+00   4.2400000e+00   4.2834000e+00
   7.3624000e+00   6.3066000e+00   7.1814000e+00   7.0180000e+00   4.3998000e+00   4.5346000e+00
   6.9504000e+00   7.2419000e+00   7.1466000e+00   6.9148000e+00   4.3784000e+00   4.8215000e+00
   6.5834000e+00   6.7799000e+00   6.6426000e+00   6.5584000e+00   4.3695000e+00   4.9340000e+00
   5.8109000e+00   6.2972000e+00   5.8814000e+00   5.8975000e+00   4.6566000e+00   4.9898000e+00
   5.1133000e+00   5.5507000e+00   5.3551000e+00   5.4122000e+00   5.0317000e+00   5.2324000e+00
   5.1824000e+00   5.5854000e+00   5.4992000e+00   5.6655000e+00   5.0332000e+00   5.1637000e+00
   5.0031000e+00   5.7716000e+00   5.3333000e+00   5.5063000e+00   4.5526000e+00   5.1305000e+00
   4.8058000e+00   5.6544000e+00   5.2669000e+00   5.4299000e+00   4.6909000e+00   4.9444000e+00
   4.8616000e+00   5.7502000e+00   5.3632000e+00   5.5205000e+00   5.1644000e+00   4.6461000e+00
   4.8201000e+00   5.8139000e+00   5.4296000e+00   5.6630000e+00   5.4135000e+00   4.4989000e+00
   4.5289000e+00   5.4191000e+00   5.0784000e+00   5.2989000e+00   5.0798000e+00   4.7081000e+00
   4.7082000e+00   5.3251000e+00   4.9865000e+00   5.1050000e+00   4.8960000e+00   4.6874000e+00
   4.5215000e+00   5.2456000e+00   4.8469000e+00   5.0359000e+00   4.7298000e+00   4.5474000e+00
   4.2761000e+00   5.0523000e+00   4.6429000e+00   4.8956000e+00   4.0910000e+00   4.0315000e+00
   3.9888000e+00   4.8739000e+00   4.3730000e+00   4.5772000e+00   2.6983000e+00   3.5588000e+00
   3.6655000e+00   4.3410000e+00   3.8962000e+00   4.0272000e+00   1.5838000e+00   3.2072000e+00
   3.3501000e+00   3.8416000e+00   3.5047000e+00   3.5800000e+00   1.3094000e+00   2.5374000e+00
   2.7305000e+00   3.1255000e+00   2.9618000e+00   3.0589000e+00   1.3010000e+00   1.9153000e+00
   2.1874000e+00   2.3931000e+00   2.3499000e+00   2.3928000e+00   1.2396000e+00   1.3923000e+00
   1.5916000e+00   1.7993000e+00   1.6868000e+00   1.6801000e+00   1.2017000e+00   1.0008000e+00
   1.1612000e+00   1.3846000e+00   1.2628000e+00   1.2347000e+00   1.3226000e+00   9.9260000e-01
   7.1510000e-01   1.0086000e+00   8.6950000e-01   8.4930000e-01   1.4619000e+00   1.6569000e+00
   3.0430000e-01   6.3540000e-01   4.3980000e-01   4.1580000e-01   1.4677000e+00   1.6452000e+00
   1.1960000e-01   2.9880000e-01   1.1350000e-01   2.7300000e-02   1.3741000e+00   1.4032000e+00
  -6.1400000e-02   6.2000000e-02  -4.7800000e-02  -1.0780000e-01   1.0552000e+00   8.4240000e-01
  -3.7150000e-01  -2.0340000e-01  -3.5380000e-01  -3.7280000e-01   7.2780000e-01   6.6700000e-01
  -7.1260000e-01  -4.5400000e-01  -5.9670000e-01  -5.6210000e-01   5.9160000e-01   6.3750000e-01
  -5.4700000e-01  -3.5300000e-01  -4.4940000e-01  -4.0700000e-01   6.3710000e-01   6.3140000e-01
  -3.4870000e-01  -2.0390000e-01  -1.8860000e-01  -1.0020000e-01   9.1370000e-01   8.1480000e-01
   1.6350000e-01   2.4360000e-01   2.6080000e-01   3.1000000e-01   1.4338000e+00   1.1634000e+00
   3.6650000e-01   5.6090000e-01   4.3650000e-01   5.0130000e-01   1.8848000e+00   1.4973000e+00
   3.3220000e-01   6.3450000e-01   3.4270000e-01   3.4640000e-01   2.3498000e+00   1.6425000e+00
  -4.9700000e-02   1.3000000e-01   6.9200000e-02   1.1180000e-01   2.3808000e+00   1.7151000e+00
  -2.3130000e-01  -3.6500000e-02  -1.3940000e-01  -1.3940000e-01   2.4440000e+00   1.8635000e+00
  -5.3340000e-01  -2.5730000e-01  -4.5120000e-01  -4.7470000e-01   2.0930000e+00   1.7837000e+00
  -8.4680000e-01  -6.3400000e-01  -7.0070000e-01  -7.1920000e-01   1.8790000e+00   1.6749000e+00
  -8.1250000e-01  -6.1670000e-01  -6.7290000e-01  -6.9880000e-01   2.0996000e+00   1.5962000e+00
  -6.9510000e-01  -6.0630000e-01  -5.8420000e-01  -6.2180000e-01   1.8896000e+00   1.2760000e+00
  -5.9830000e-01  -5.1540000e-01  -4.6350000e-01  -4.6440000e-01   1.8148000e+00   1.2698000e+00
  -4.7830000e-01  -4.4180000e-01  -3.7990000e-01  -3.9330000e-01   1.3785000e+00   1.1991000e+00
  -4.0310000e-01  -3.7710000e-01  -3.4100000e-01  -3.5070000e-01   3.3360000e-01   4.9140000e-01
  -4.4570000e-01  -3.9430000e-01  -3.8430000e-01  -3.9610000e-01  -2.3480000e-01  -1.4880000e-01
  -5.2450000e-01  -4.2120000e-01  -4.5710000e-01  -4.7590000e-01   1.3780000e-01  -2.0870000e-01
  -3.4940000e-01  -3.0990000e-01  -3.6210000e-01  -4.2880000e-01   1.3440000e-01  -4.6580000e-01
  -3.2500000e-02  -7.2800000e-02  -9.9900000e-02  -1.8860000e-01  -9.4340000e-01  -1.2895000e+00
   1.8500000e-02  -1.1100000e-02   1.0300000e-02  -7.9000000e-03  -1.6911000e+00  -1.6992000e+00
  -1.2080000e-01  -9.1000000e-02  -8.9600000e-02  -8.0200000e-02  -1.5555000e+00  -1.6269000e+00
  -4.1230000e-01  -2.8790000e-01  -3.3450000e-01  -3.2040000e-01  -1.8071000e+00  -1.6255000e+00
  -5.3440000e-01  -3.9040000e-01  -4.1840000e-01  -3.9610000e-01  -2.0652000e+00  -1.9294000e+00
  -4.6210000e-01  -2.8760000e-01  -3.3400000e-01  -3.0860000e-01  -2.4382000e+00  -2.4344000e+00
  -3.5560000e-01  -1.8910000e-01  -2.6360000e-01  -2.4980000e-01  -2.7595000e+00  -2.7471000e+00
  -2.0980000e-01  -6.1200000e-02  -1.5730000e-01  -1.7150000e-01  -3.1189000e+00  -2.9764000e+00
  -2.0310000e-01  -8.7600000e-02  -9.5300000e-02  -6.9800000e-02  -3.4173000e+00  -3.1339000e+00
  -2.9470000e-01  -1.6930000e-01  -1.7110000e-01  -1.4920000e-01  -3.7000000e+00  -3.3083000e+00
  -1.2690000e-01  -1.1000000e-03  -7.0900000e-02  -7.8900000e-02  -3.8797000e+00  -3.4676000e+00
  -1.2520000e-01  -7.9000000e-03  -1.1010000e-01  -1.3910000e-01  -3.8721000e+00  -3.6891000e+00
  -2.6540000e-01  -7.5600000e-02  -1.5720000e-01  -1.1670000e-01  -3.8324000e+00  -3.8888000e+00
  -3.7160000e-01  -9.1800000e-02  -2.2650000e-01  -1.2030000e-01  -3.9377000e+00  -4.1233000e+00
  -2.5910000e-01  -5.8100000e-02  -2.1950000e-01  -1.6800000e-01  -4.1965000e+00  -4.2294000e+00
  -1.9540000e-01  -1.5370000e-01  -1.5760000e-01  -1.5080000e-01  -4.4280000e+00  -4.3104000e+00
  -4.8250000e-01  -4.9810000e-01  -4.1740000e-01  -3.6780000e-01  -4.6633000e+00  -4.5083000e+00
  -7.5440000e-01  -7.9640000e-01  -7.0160000e-01  -6.8250000e-01  -4.7829000e+00  -4.7559000e+00
  -9.1280000e-01  -8.9200000e-01  -8.4860000e-01  -8.1780000e-01  -4.8781000e+00  -4.9585000e+00
  -9.1120000e-01  -8.2130000e-01  -8.3830000e-01  -7.9740000e-01  -5.0244000e+00  -5.0097000e+00
  -9.7280000e-01  -8.8780000e-01  -9.2200000e-01  -8.9060000e-01  -5.1075000e+00  -4.9058000e+00
  -1.1341000e+00  -1.0556000e+00  -1.0501000e+00  -1.0044000e+00  -5.0673000e+00  -5.2385000e+00
  -1.4287000e+00  -1.2594000e+00  -1.2614000e+00  -1.1888000e+00  -5.1504000e+00  -5.2888000e+00
  -1.4058000e+00  -1.4079000e+00  -1.3884000e+00  -1.3797000e+00  -5.1507000e+00  -5.2745000e+00
  -1.4443000e+00  -1.3337000e+00  -1.4303000e+00  -1.4014000e+00  -5.1583000e+00  -5.2879000e+00
  -1.6996000e+00  -1.5729000e+00  -1.6054000e+00  -1.5835000e+00  -5.0208000e+00  -5.2386000e+00
  -2.0612000e+00  -1.8669000e+00  -1.9318000e+00  -1.8885000e+00  -5.0544000e+00  -5.2590000e+00
  -2.2347000e+00  -2.0972000e+00  -2.1669000e+00  -2.1474000e+00  -5.0832000e+00  -5.2662000e+00
  -2.2729000e+00  -2.1716000e+00  -2.2216000e+00  -2.2204000e+00  -4.7989000e+00  -4.9761000e+00
  -2.3513000e+00  -2.2280000e+00  -2.2664000e+00  -2.2713000e+00  -4.3566000e+00  -4.6943000e+00
  -2.4927000e+00  -2.3592000e+00  -2.3940000e+00  -2.4076000e+00  -4.0053000e+00  -4.1843000e+00
  -2.7332000e+00  -2.5354000e+00  -2.5797000e+00  -2.5617000e+00  -3.5156000e+00  -3.5894000e+00
  -2.8773000e+00  -2.6825000e+00  -2.7338000e+00  -2.7236000e+00  -3.1961000e+00  -3.2354000e+00
  -2.9536000e+00  -2.7645000e+00  -2.7958000e+00  -2.7613000e+00  -3.1187000e+00  -3.0975000e+00
  -2.9795000e+00  -2.7915000e+00  -2.8272000e+00  -2.7917000e+00  -3.3139000e+00  -3.2083000e+00
  -3.0124000e+00  -2.8887000e+00  -2.8982000e+00  -2.8999000e+00  -3.4185000e+00  -3.3221000e+00
  -2.9944000e+00  -2.9898000e+00  -2.9323000e+00  -2.9620000e+00  -3.4897000e+00  -3.4277000e+00
  -3.0934000e+00  -3.1330000e+00  -3.0602000e+00  -3.1150000e+00  -3.6060000e+00  -3.5823000e+00
  -3.2997000e+00  -3.2598000e+00  -3.2299000e+00  -3.2684000e+00  -3.6742000e+00  -3.6845000e+00
  -3.4981000e+00  -3.4578000e+00  -3.4129000e+00  -3.4481000e+00  -3.7887000e+00  -3.7843000e+00
  -3.6582000e+00  -3.6057000e+00  -3.5082000e+00  -3.5033000e+00  -3.8859000e+00  -3.9086000e+00
  -3.8364000e+00  -3.7339000e+00  -3.5486000e+00  -3.4788000e+00  -3.9733000e+00  -3.9707000e+00
  -4.0313000e+00  -3.8049000e+00  -3.6001000e+00  -3.4477000e+00  -4.1659000e+00  -3.9682000e+00
  -4.0431000e+00  -3.6905000e+00  -3.5452000e+00  -3.3439000e+00  -4.6527000e+00  -4.0076000e+00
  -3.9667000e+00  -3.5101000e+00  -3.4514000e+00  -3.2421000e+00  -5.2878000e+00  -4.3039000e+00
  -3.7881000e+00  -3.3564000e+00  -3.3176000e+00  -3.1973000e+00  -5.8547000e+00  -4.8137000e+00
  -3.7061000e+00  -3.2944000e+00  -3.3214000e+00  -3.2693000e+00  -6.0923000e+00  -4.9867000e+00
  -3.7259000e+00  -3.4010000e+00  -3.4546000e+00  -3.4183000e+00  -6.2997000e+00  -4.9040000e+00
  -3.8613000e+00  -3.8017000e+00  -3.7975000e+00  -3.8343000e+00  -6.3530000e+00  -5.0297000e+00
  -4.1778000e+00  -4.1721000e+00  -4.1910000e+00  -4.2407000e+00  -6.3717000e+00  -5.3105000e+00
  -4.4681000e+00  -4.4645000e+00  -4.5012000e+00  -4.5387000e+00  -6.5335000e+00  -5.5386000e+00
  -4.6491000e+00  -4.7036000e+00  -4.6627000e+00  -4.5593000e+00  -6.5586000e+00  -5.0471000e+00
  -5.0108000e+00  -4.7154000e+00  -4.5615000e+00  -3.8878000e+00  -6.2344000e+00  -5.9761000e+00
  -5.0522000e+00  -3.7911000e+00  -3.8408000e+00  -3.3252000e+00  -5.7280000e+00  -5.9150000e+00
  -4.2823000e+00  -3.3751000e+00  -3.5613000e+00  -3.5645000e+00  -5.6834000e+00  -5.6570000e+00
  -3.8043000e+00  -3.5996000e+00  -3.6904000e+00  -3.5631000e+00  -5.4368000e+00  -5.7434000e+00
  -4.0517000e+00  -4.0999000e+00  -4.0340000e+00  -3.8765000e+00  -5.3865000e+00  -5.7839000e+00
  -4.5057000e+00  -4.3471000e+00  -4.4482000e+00  -4.2809000e+00  -5.7517000e+00  -5.7379000e+00
  -4.7123000e+00  -4.5410000e+00  -4.6601000e+00  -4.5662000e+00  -5.5248000e+00  -5.5122000e+00
  -4.8443000e+00  -4.7866000e+00  -4.9600000e+00  -4.9426000e+00  -5.5396000e+00  -5.4561000e+00
  -4.8616000e+00  -4.6922000e+00  -4.9094000e+00  -4.8745000e+00  -5.2072000e+00  -5.5812000e+00
  -4.6918000e+00  -4.4584000e+00  -4.6820000e+00  -4.6019000e+00  -4.9040000e+00  -5.4899000e+00
  -4.3963000e+00  -4.1282000e+00  -4.3952000e+00  -4.2941000e+00  -5.0283000e+00  -5.4979000e+00
  -4.3335000e+00  -4.2828000e+00  -4.3896000e+00  -4.3037000e+00  -5.6309000e+00  -5.1961000e+00
  -4.5864000e+00  -4.7548000e+00  -4.7040000e+00  -4.6369000e+00  -5.7589000e+00  -4.8470000e+00
  -4.9367000e+00  -5.1516000e+00  -5.0801000e+00  -5.0714000e+00  -4.7963000e+00  -4.9078000e+00
  -5.2590000e+00  -5.3763000e+00  -5.3283000e+00  -5.4085000e+00  -4.8043000e+00  -5.4338000e+00
  -5.7068000e+00  -5.7154000e+00  -5.6425000e+00  -5.7894000e+00  -4.9323000e+00  -5.5111000e+00
  -5.9866000e+00  -5.9712000e+00  -5.9160000e+00  -6.1127000e+00  -5.0753000e+00  -5.1170000e+00
  -6.1639000e+00  -6.1572000e+00  -6.1280000e+00  -6.3507000e+00  -5.2372000e+00  -4.8737000e+00
  -6.2889000e+00  -6.2253000e+00  -6.2364000e+00  -6.4273000e+00  -5.2621000e+00  -5.2010000e+00
  -6.2684000e+00  -6.1509000e+00  -6.1754000e+00  -6.2680000e+00  -4.7626000e+00  -5.1493000e+00
  -6.0387000e+00  -5.8944000e+00  -5.9683000e+00  -6.0250000e+00  -4.4174000e+00  -5.0602000e+00
  -5.7963000e+00  -5.6232000e+00  -5.7135000e+00  -5.7529000e+00  -4.6948000e+00  -5.3042000e+00
  -5.5227000e+00  -5.4180000e+00  -5.5009000e+00  -5.5824000e+00  -4.9118000e+00  -5.1232000e+00
  -5.4351000e+00  -5.4214000e+00  -5.4529000e+00  -5.5964000e+00  -4.9599000e+00  -4.6088000e+00
  -5.4292000e+00  -5.4839000e+00  -5.4711000e+00  -5.6366000e+00  -4.9313000e+00  -4.2970000e+00
  -5.4244000e+00  -5.4531000e+00  -5.4429000e+00  -5.6004000e+00  -5.5082000e+00  -4.6433000e+00
  -5.3607000e+00  -5.2957000e+00  -5.3159000e+00  -5.4280000e+00  -5.9121000e+00  -5.4756000e+00
  -5.1582000e+00  -5.0522000e+00  -5.1107000e+00  -5.2041000e+00  -5.5341000e+00  -5.7474000e+00
  -4.8373000e+00  -4.7309000e+00  -4.7911000e+00  -4.8731000e+00  -5.0634000e+00  -5.5890000e+00
  -4.5775000e+00  -4.5557000e+00  -4.5803000e+00  -4.6677000e+00  -4.2076000e+00  -4.7485000e+00
  -4.4438000e+00  -4.4468000e+00  -4.4491000e+00  -4.5171000e+00  -3.5329000e+00  -3.2815000e+00
  -4.3317000e+00  -4.2841000e+00  -4.2873000e+00  -4.3151000e+00  -2.9123000e+00  -2.9337000e+00
  -4.1068000e+00  -4.0227000e+00  -4.0240000e+00  -4.0147000e+00  -2.0494000e+00  -2.5498000e+00
  -3.8920000e+00  -3.8047000e+00  -3.8157000e+00  -3.7936000e+00  -2.2775000e+00  -1.5417000e+00
  -3.6592000e+00  -3.5982000e+00  -3.6204000e+00  -3.6093000e+00  -2.0782000e+00  -1.1925000e+00
  -3.4479000e+00  -3.4112000e+00  -3.4477000e+00  -3.4599000e+00  -1.8028000e+00  -1.5197000e+00
  -3.3322000e+00  -3.3133000e+00  -3.3277000e+00  -3.3396000e+00  -1.8620000e+00  -1.7446000e+00
  -3.3062000e+00  -3.2877000e+00  -3.3010000e+00  -3.3102000e+00  -1.9294000e+00  -1.7916000e+00
  -3.3101000e+00  -3.2752000e+00  -3.3015000e+00  -3.3079000e+00  -1.9155000e+00  -1.8643000e+00
  -3.2871000e+00  -3.2398000e+00  -3.2757000e+00  -3.2719000e+00  -1.9526000e+00  -2.0133000e+00
  -3.2577000e+00  -3.2127000e+00  -3.2684000e+00  -3.2862000e+00  -2.1773000e+00  -2.1792000e+00
  -3.2651000e+00  -3.2539000e+00  -3.3074000e+00  -3.3415000e+00  -2.3855000e+00  -2.1903000e+00
  -3.2616000e+00  -3.2375000e+00  -3.3114000e+00  -3.3460000e+00  -2.5073000e+00  -2.2228000e+00
  -3.2489000e+00  -3.1923000e+00  -3.2707000e+00  -3.2944000e+00  -2.5384000e+00  -2.2718000e+00
  -3.2246000e+00  -3.2149000e+00  -3.2406000e+00  -3.2656000e+00  -2.4064000e+00  -2.3329000e+00
  -3.2412000e+00  -3.2410000e+00  -3.2703000e+00  -3.2880000e+00  -2.2472000e+00  -2.3000000e+00
  -3.2195000e+00  -3.2279000e+00  -3.2590000e+00  -3.2855000e+00  -2.0267000e+00  -2.1366000e+00
  -3.1215000e+00  -3.1336000e+00  -3.1715000e+00  -3.1997000e+00  -1.7255000e+00  -1.9419000e+00
  -3.0864000e+00  -3.0948000e+00  -3.1097000e+00  -3.1242000e+00  -1.3362000e+00  -1.6977000e+00
  -3.0079000e+00  -2.9996000e+00  -3.0048000e+00  -2.9914000e+00  -1.1382000e+00  -1.4946000e+00
  -2.8719000e+00  -2.8658000e+00  -2.8434000e+00  -2.7965000e+00  -1.0479000e+00  -1.3759000e+00
  -2.7090000e+00  -2.6753000e+00  -2.6781000e+00  -2.6195000e+00  -8.5030000e-01  -1.2722000e+00
  -2.5686000e+00  -2.4905000e+00  -2.5348000e+00  -2.4872000e+00  -6.5710000e-01  -1.1608000e+00
  -2.4320000e+00  -2.3898000e+00  -2.4239000e+00  -2.3929000e+00  -4.8640000e-01  -9.2000000e-01
  -2.3108000e+00  -2.2913000e+00  -2.3179000e+00  -2.2709000e+00  -3.4850000e-01  -6.4730000e-01
  -2.2695000e+00  -2.2083000e+00  -2.2466000e+00  -2.1919000e+00  -2.0700000e-01  -3.1340000e-01
  -2.1859000e+00  -2.1417000e+00  -2.1760000e+00  -2.1311000e+00  -7.9200000e-02  -3.4800000e-02
  -2.1582000e+00  -2.0228000e+00  -2.0839000e+00  -2.0272000e+00   1.2160000e-01   1.4710000e-01
  -2.0058000e+00  -1.8501000e+00  -1.9076000e+00  -1.8714000e+00   2.6170000e-01   3.1670000e-01
  -1.7948000e+00  -1.7005000e+00  -1.7607000e+00  -1.7607000e+00   4.8110000e-01   4.8090000e-01
  -1.6125000e+00  -1.6567000e+00  -1.6229000e+00  -1.6194000e+00   6.8850000e-01   6.2540000e-01
  -1.5189000e+00  -1.4930000e+00  -1.4548000e+00  -1.3393000e+00   8.6960000e-01   6.9950000e-01
  -1.3123000e+00  -9.9230000e-01  -1.1154000e+00  -1.0630000e+00   1.0528000e+00   7.4650000e-01
  -8.9590000e-01  -8.2950000e-01  -9.0150000e-01  -8.9770000e-01   1.2378000e+00   7.9910000e-01
  -6.8170000e-01  -7.3640000e-01  -6.2940000e-01  -4.1930000e-01   1.4597000e+00   9.0660000e-01
  -4.6310000e-01  -6.7000000e-02  -1.1700000e-01   5.6800000e-02   1.6533000e+00   1.0132000e+00
   2.0180000e-01   3.6010000e-01   3.0340000e-01   2.7300000e-01   1.7705000e+00   1.0727000e+00
   5.4800000e-01   1.9250000e-01   3.9780000e-01   3.1540000e-01   1.8777000e+00   1.2728000e+00
   6.6100000e-01   4.7640000e-01   4.9730000e-01   5.5270000e-01   1.9589000e+00   1.4769000e+00
   6.5160000e-01   7.1010000e-01   5.8740000e-01   6.2330000e-01   2.0745000e+00   1.6779000e+00
   6.9740000e-01   5.5430000e-01   5.7280000e-01   4.1040000e-01   2.0986000e+00   1.7889000e+00
   6.3490000e-01   3.5000000e-01   2.8250000e-01   1.5590000e-01   2.0918000e+00   1.8258000e+00
   2.8780000e-01   4.1380000e-01   1.9390000e-01   2.7420000e-01   2.0732000e+00   1.8606000e+00
   2.2280000e-01   5.2160000e-01   2.5800000e-01   1.4890000e-01   2.0434000e+00   1.8805000e+00
   4.1570000e-01   3.6740000e-01   2.1240000e-01   7.9700000e-02   1.7583000e+00   1.6712000e+00
   2.6710000e-01   1.7410000e-01   1.1640000e-01   1.3290000e-01   1.6715000e+00   1.4340000e+00
   2.6620000e-01   6.0710000e-01   2.6650000e-01   2.4130000e-01   1.3677000e+00   1.1801000e+00
   3.6390000e-01   4.9140000e-01   2.3940000e-01   4.7600000e-02   1.1879000e+00   1.0845000e+00
   3.9910000e-01   2.3550000e-01   1.9550000e-01   1.3370000e-01   1.3187000e+00   1.2709000e+00
   3.1410000e-01   6.0910000e-01   3.0400000e-01   3.7810000e-01   1.4981000e+00   1.5208000e+00
   4.9110000e-01   8.5130000e-01   5.0770000e-01   4.1740000e-01   1.5791000e+00   1.5598000e+00
   6.0680000e-01   5.9290000e-01   4.3910000e-01   3.7920000e-01   1.7556000e+00   1.6509000e+00
   5.3880000e-01   9.4090000e-01   6.0830000e-01   7.2620000e-01   1.8138000e+00   1.7090000e+00
   6.8850000e-01   1.2306000e+00   7.8240000e-01   7.5410000e-01   1.8022000e+00   1.6907000e+00
   7.8620000e-01   8.8470000e-01   7.2010000e-01   6.8770000e-01   1.8461000e+00   1.6505000e+00
   6.1560000e-01   9.0620000e-01   6.1230000e-01   6.2190000e-01   1.8494000e+00   1.6560000e+00
   3.8580000e-01   7.3640000e-01   4.4630000e-01   4.4980000e-01   1.9000000e+00   1.6716000e+00
   2.8480000e-01   7.8010000e-01   4.4390000e-01   4.6840000e-01   1.9396000e+00   1.7621000e+00
   1.9620000e-01   7.3020000e-01   4.4300000e-01   4.9230000e-01   1.9323000e+00   1.7489000e+00
   2.2420000e-01   7.9170000e-01   5.2440000e-01   5.7580000e-01   1.9775000e+00   1.7578000e+00
   3.1260000e-01   8.7790000e-01   6.4090000e-01   7.0710000e-01   1.9672000e+00   1.8426000e+00
   2.8920000e-01   9.2760000e-01   6.5720000e-01   7.4680000e-01   1.8221000e+00   1.8090000e+00
   3.0900000e-01   1.0075000e+00   6.9250000e-01   7.9750000e-01   1.6684000e+00   1.6957000e+00
   2.2110000e-01   9.1750000e-01   5.9180000e-01   7.1180000e-01   1.5677000e+00   1.5669000e+00
   1.2140000e-01   8.3480000e-01   4.8720000e-01   6.1040000e-01   1.5395000e+00   1.5340000e+00
   6.9000000e-03   7.0960000e-01   3.8060000e-01   5.1220000e-01   1.4535000e+00   1.4940000e+00
  -1.3480000e-01   5.6430000e-01   2.6220000e-01   3.9550000e-01   1.5914000e+00   1.4425000e+00
  -2.5990000e-01   4.3460000e-01   1.0690000e-01   2.0500000e-01   1.8300000e+00   1.5826000e+00
  -1.6500000e-02   6.3900000e-01   2.9990000e-01   3.7050000e-01   2.0662000e+00   1.7721000e+00
   3.1700000e-02   5.8920000e-01   3.4830000e-01   4.0270000e-01   2.2543000e+00   1.9529000e+00
  -1.0900000e-02   5.3180000e-01   2.7930000e-01   3.0990000e-01   2.3338000e+00   2.0286000e+00
   2.1890000e-01   7.2560000e-01   4.8170000e-01   5.3090000e-01   2.3192000e+00   2.1371000e+00
   2.0780000e-01   6.3110000e-01   4.9100000e-01   5.5280000e-01   2.1657000e+00   2.2564000e+00
   1.7690000e-01   5.9140000e-01   4.3510000e-01   4.6900000e-01   1.9906000e+00   2.2167000e+00
   2.5410000e-01   6.5040000e-01   4.9240000e-01   5.1510000e-01   1.8897000e+00   2.0558000e+00
   2.5230000e-01   6.0890000e-01   4.8180000e-01   4.9860000e-01   1.6262000e+00   1.9157000e+00
   1.9600000e-01   5.7030000e-01   4.0030000e-01   4.0190000e-01   1.1105000e+00   1.8119000e+00
   3.3670000e-01   6.9320000e-01   5.1590000e-01   5.0970000e-01   7.9630000e-01   1.6628000e+00
   3.8610000e-01   7.0760000e-01   5.7060000e-01   5.6250000e-01   9.0880000e-01   1.4823000e+00
   3.9710000e-01   6.9510000e-01   5.6940000e-01   5.6110000e-01   8.6950000e-01   1.5481000e+00
   3.7650000e-01   6.5130000e-01   5.3240000e-01   5.2600000e-01   7.0850000e-01   1.8886000e+00
   3.8130000e-01   6.3530000e-01   5.2460000e-01   5.1960000e-01   9.9020000e-01   1.9450000e+00
   3.1410000e-01   5.6730000e-01   4.4930000e-01   4.4780000e-01   1.4523000e+00   1.9286000e+00
   3.7110000e-01   6.2510000e-01   5.0090000e-01   5.1390000e-01   1.2523000e+00   2.0988000e+00
   4.4660000e-01   6.6920000e-01   5.8460000e-01   5.9800000e-01   1.2138000e+00   2.2821000e+00
   5.1920000e-01   7.1250000e-01   6.5280000e-01   6.5150000e-01   1.4259000e+00   2.2068000e+00
   6.1650000e-01   8.0880000e-01   7.2340000e-01   7.1360000e-01   1.6173000e+00   2.4284000e+00
   7.8590000e-01   9.5470000e-01   8.4370000e-01   8.2670000e-01   1.7753000e+00   2.8618000e+00
   9.7420000e-01   1.0924000e+00   9.8940000e-01   9.5850000e-01   2.1535000e+00   3.1706000e+00
   1.0900000e+00   1.1377000e+00   1.0661000e+00   1.0214000e+00   2.3094000e+00   3.2342000e+00
   1.1421000e+00   1.1608000e+00   1.0975000e+00   1.0479000e+00   2.4143000e+00   3.0450000e+00
   1.1106000e+00   1.1331000e+00   1.0842000e+00   1.0296000e+00   2.2041000e+00   2.8802000e+00
   1.1822000e+00   1.2126000e+00   1.1358000e+00   1.0916000e+00   1.9090000e+00   2.3711000e+00
   1.2256000e+00   1.2287000e+00   1.1918000e+00   1.1297000e+00   1.9370000e+00   2.2080000e+00
   1.3420000e+00   1.2102000e+00   1.2388000e+00   1.1480000e+00   2.1085000e+00   1.7963000e+00
   1.3730000e+00   1.2290000e+00   1.2427000e+00   1.1483000e+00   2.2420000e+00   1.5378000e+00
   1.4955000e+00   1.3803000e+00   1.3791000e+00   1.2991000e+00   2.5481000e+00   1.4801000e+00
   1.6051000e+00   1.5649000e+00   1.5218000e+00   1.4682000e+00   2.8158000e+00   1.7005000e+00
   1.6103000e+00   1.5739000e+00   1.5528000e+00   1.5167000e+00   3.0473000e+00   2.0437000e+00
   1.6549000e+00   1.5329000e+00   1.5520000e+00   1.4877000e+00   3.6495000e+00   2.6747000e+00
   1.7661000e+00   1.6041000e+00   1.6307000e+00   1.5413000e+00   3.9906000e+00   3.1543000e+00
   2.0383000e+00   1.8728000e+00   1.8933000e+00   1.8034000e+00   4.5451000e+00   3.5106000e+00
   2.2685000e+00   2.1570000e+00   2.1501000e+00   2.0846000e+00   4.9497000e+00   4.0048000e+00
   2.4484000e+00   2.3371000e+00   2.3387000e+00   2.2790000e+00   4.8353000e+00   4.5467000e+00
   2.5793000e+00   2.5038000e+00   2.4668000e+00   2.4146000e+00   4.7387000e+00   4.9015000e+00
   2.6971000e+00   2.5954000e+00   2.5537000e+00   2.4870000e+00   4.7612000e+00   4.9149000e+00
   2.9212000e+00   2.7859000e+00   2.7471000e+00   2.6631000e+00   5.0091000e+00   5.0943000e+00
   2.9675000e+00   2.8411000e+00   2.8454000e+00   2.7853000e+00   5.1777000e+00   5.2186000e+00
   2.8054000e+00   2.6824000e+00   2.7207000e+00   2.6724000e+00   5.2745000e+00   5.1357000e+00
   2.9261000e+00   2.8480000e+00   2.8546000e+00   2.8101000e+00   5.2531000e+00   5.1691000e+00
   2.9338000e+00   2.8905000e+00   2.8772000e+00   2.8402000e+00   5.1564000e+00   5.2594000e+00
   3.1411000e+00   3.0799000e+00   3.0425000e+00   2.9847000e+00   5.3757000e+00   5.2028000e+00
   3.2796000e+00   3.2242000e+00   3.1864000e+00   3.1226000e+00   5.4329000e+00   5.2781000e+00
   3.7153000e+00   3.7137000e+00   3.6217000e+00   3.5627000e+00   5.3322000e+00   5.2376000e+00
   4.0380000e+00   4.0960000e+00   3.9953000e+00   3.9816000e+00   5.5633000e+00   5.3242000e+00
   4.2886000e+00   4.3897000e+00   4.2705000e+00   4.2802000e+00   5.6134000e+00   5.5356000e+00
   4.1701000e+00   4.2804000e+00   4.1776000e+00   4.1946000e+00   5.6266000e+00   5.7082000e+00
   4.1333000e+00   4.2641000e+00   4.1219000e+00   4.1065000e+00   5.5536000e+00   5.5935000e+00
   3.9431000e+00   4.0520000e+00   3.9889000e+00   3.9933000e+00   5.0753000e+00   5.5741000e+00
   3.5539000e+00   3.6430000e+00   3.5998000e+00   3.5981000e+00   4.6203000e+00   5.2385000e+00
   3.5710000e+00   3.6338000e+00   3.5948000e+00   3.6012000e+00   4.6137000e+00   4.6823000e+00
   3.7060000e+00   3.7338000e+00   3.7474000e+00   3.7638000e+00   4.2928000e+00   4.4979000e+00
   3.7282000e+00   3.7775000e+00   3.7550000e+00   3.7572000e+00   3.8776000e+00   4.2215000e+00
   3.9328000e+00   3.9856000e+00   3.9357000e+00   3.9310000e+00   3.6698000e+00   3.9184000e+00
   3.8992000e+00   3.9783000e+00   3.9351000e+00   3.9434000e+00   3.4971000e+00   3.6932000e+00
   3.9104000e+00   4.0114000e+00   3.9412000e+00   3.9499000e+00   3.2625000e+00   3.4858000e+00
   3.9081000e+00   4.0462000e+00   3.9442000e+00   3.9432000e+00   3.5756000e+00   3.4351000e+00
   3.9886000e+00   4.1408000e+00   4.0325000e+00   4.0256000e+00   3.7537000e+00   3.6817000e+00
   4.1467000e+00   4.2556000e+00   4.1562000e+00   4.1232000e+00   4.0249000e+00   4.0099000e+00
   4.4147000e+00   4.4689000e+00   4.3909000e+00   4.3308000e+00   4.3050000e+00   4.2771000e+00
   4.8015000e+00   4.7977000e+00   4.7544000e+00   4.6763000e+00   4.6381000e+00   4.5032000e+00
   5.1839000e+00   5.1314000e+00   5.1019000e+00   4.9967000e+00   4.9248000e+00   4.6399000e+00
   5.5559000e+00   5.4396000e+00   5.4421000e+00   5.3231000e+00   4.8475000e+00   4.9199000e+00
   5.7741000e+00   5.6192000e+00   5.6476000e+00   5.5286000e+00   4.6584000e+00   4.8986000e+00
   5.9957000e+00   5.7862000e+00   5.8579000e+00   5.7443000e+00   4.7418000e+00   4.7885000e+00
   5.9008000e+00   5.6007000e+00   5.8110000e+00   5.7245000e+00   5.0934000e+00   4.9591000e+00
   5.5295000e+00   5.2125000e+00   5.4498000e+00   5.3523000e+00   5.2170000e+00   5.4311000e+00
   5.2215000e+00   4.9177000e+00   5.1404000e+00   5.0240000e+00   5.1043000e+00   5.6105000e+00
   5.2106000e+00   4.9414000e+00   5.0711000e+00   4.9207000e+00   5.2135000e+00   5.5884000e+00
   5.5788000e+00   5.3502000e+00   5.4059000e+00   5.2780000e+00   5.4095000e+00   5.9610000e+00
   5.7187000e+00   5.5451000e+00   5.5892000e+00   5.5432000e+00   5.2740000e+00   5.8786000e+00
   5.6740000e+00   5.6860000e+00   5.6551000e+00   5.6451000e+00   4.3696000e+00   4.9214000e+00
   5.7851000e+00   5.8538000e+00   5.7624000e+00   5.8279000e+00   4.0836000e+00   4.2525000e+00
   5.3276000e+00   5.5302000e+00   5.4760000e+00   5.6343000e+00   4.2211000e+00   4.3249000e+00
   4.4787000e+00   4.8154000e+00   4.7989000e+00   4.9142000e+00   4.2289000e+00   4.1668000e+00
   3.8131000e+00   4.1724000e+00   4.1275000e+00   4.1363000e+00   4.1335000e+00   4.0193000e+00
   3.4527000e+00   3.7658000e+00   3.6764000e+00   3.6158000e+00   4.1894000e+00   3.9128000e+00
   3.4445000e+00   3.7179000e+00   3.6308000e+00   3.5488000e+00   4.9479000e+00   4.2844000e+00
   3.1796000e+00   3.3264000e+00   3.3997000e+00   3.3718000e+00   5.7367000e+00   5.3571000e+00
   3.2692000e+00   3.3206000e+00   3.3864000e+00   3.3776000e+00   6.0473000e+00   6.0175000e+00
   4.0634000e+00   4.1559000e+00   4.1235000e+00   4.0215000e+00   6.3277000e+00   6.1563000e+00
   4.2269000e+00   4.3204000e+00   4.2683000e+00   4.1403000e+00   6.1875000e+00   6.3030000e+00
   4.3720000e+00   4.3528000e+00   4.3286000e+00   4.1394000e+00   6.0871000e+00   6.2770000e+00
   4.2956000e+00   4.1495000e+00   4.3279000e+00   4.2348000e+00   6.2021000e+00   6.3172000e+00
   3.9673000e+00   3.9932000e+00   4.1824000e+00   4.2397000e+00   6.3320000e+00   6.4911000e+00
   3.9707000e+00   4.3161000e+00   4.4987000e+00   4.5838000e+00   6.2679000e+00   6.5989000e+00
   4.1917000e+00   4.5775000e+00   4.7255000e+00   4.7303000e+00   6.0086000e+00   6.4892000e+00
   4.1472000e+00   4.4505000e+00   4.6492000e+00   4.6681000e+00   5.8999000e+00   6.2477000e+00
   3.7628000e+00   4.1642000e+00   4.3052000e+00   4.3058000e+00   6.0495000e+00   6.0180000e+00
   3.5231000e+00   4.0147000e+00   4.0505000e+00   4.0795000e+00   6.1971000e+00   5.9995000e+00
   3.4470000e+00   4.0072000e+00   3.9535000e+00   4.0213000e+00   6.2973000e+00   6.0646000e+00
   3.6490000e+00   4.1781000e+00   4.0095000e+00   4.1010000e+00   6.2411000e+00   6.1348000e+00
   3.8988000e+00   4.3624000e+00   4.1870000e+00   4.3348000e+00   6.1416000e+00   6.1506000e+00
   3.8132000e+00   4.3222000e+00   4.1609000e+00   4.3889000e+00   6.0815000e+00   6.1212000e+00
   3.8366000e+00   4.3291000e+00   4.1727000e+00   4.4134000e+00   6.0326000e+00   6.0578000e+00
   3.8608000e+00   4.2964000e+00   4.1145000e+00   4.3649000e+00   5.9215000e+00   5.9663000e+00
   3.7693000e+00   4.2395000e+00   4.0208000e+00   4.2553000e+00   5.7846000e+00   5.8837000e+00
   3.7732000e+00   4.2208000e+00   4.0393000e+00   4.3361000e+00   5.6385000e+00   5.7576000e+00
   3.7551000e+00   4.2022000e+00   4.0016000e+00   4.2891000e+00   5.4453000e+00   5.6927000e+00
   3.6846000e+00   4.2898000e+00   3.9988000e+00   4.2771000e+00   5.2933000e+00   5.5360000e+00
   3.8741000e+00   4.4739000e+00   4.1614000e+00   4.4145000e+00   5.1516000e+00   5.3807000e+00
   4.2186000e+00   4.7549000e+00   4.4617000e+00   4.7310000e+00   5.0408000e+00   5.3213000e+00
   4.4581000e+00   4.9778000e+00   4.7098000e+00   5.0125000e+00   5.0887000e+00   5.3058000e+00
   4.8786000e+00   5.3848000e+00   5.1056000e+00   5.3615000e+00   4.9920000e+00   5.2843000e+00
   5.1174000e+00   5.6410000e+00   5.3779000e+00   5.6314000e+00   4.8728000e+00   5.1644000e+00
   5.2516000e+00   5.8260000e+00   5.5237000e+00   5.7789000e+00   4.6244000e+00   5.0810000e+00
   5.4612000e+00   6.0347000e+00   5.7344000e+00   5.9964000e+00   4.6081000e+00   4.9931000e+00
   5.6531000e+00   6.2426000e+00   5.9314000e+00   6.1990000e+00   4.6292000e+00   4.8999000e+00
   5.7819000e+00   6.3788000e+00   6.0822000e+00   6.3456000e+00   4.6784000e+00   4.8038000e+00
   5.9126000e+00   6.4597000e+00   6.1959000e+00   6.4560000e+00   4.6526000e+00   4.6783000e+00
   6.0668000e+00   6.4975000e+00   6.2918000e+00   6.5291000e+00   4.6308000e+00   4.7179000e+00
   6.1020000e+00   6.4930000e+00   6.3307000e+00   6.5779000e+00   4.9291000e+00   4.9957000e+00
   6.1124000e+00   6.4268000e+00   6.2843000e+00   6.4836000e+00   5.4867000e+00   5.2809000e+00
   6.0454000e+00   6.2658000e+00   6.1539000e+00   6.2972000e+00   5.6809000e+00   5.6414000e+00
   6.2902000e+00   6.4985000e+00   6.3710000e+00   6.4602000e+00   5.8761000e+00   5.9381000e+00
   6.6262000e+00   6.6969000e+00   6.6291000e+00   6.6919000e+00   6.0453000e+00   6.0396000e+00
   6.8697000e+00   6.8346000e+00   6.8116000e+00   6.8967000e+00   6.1167000e+00   6.2622000e+00
   6.9743000e+00   7.0352000e+00   7.0322000e+00   7.0949000e+00   6.2546000e+00   6.2958000e+00
   7.0417000e+00   7.0802000e+00   7.1316000e+00   7.1802000e+00   6.0764000e+00   5.7932000e+00
   7.0155000e+00   7.0440000e+00   7.0775000e+00   7.1578000e+00   6.3083000e+00   5.2820000e+00
   7.0769000e+00   7.1842000e+00   7.1150000e+00   7.1442000e+00   6.9132000e+00   5.2462000e+00
   7.2615000e+00   7.3836000e+00   7.3112000e+00   7.3642000e+00   6.7452000e+00   6.3202000e+00
   7.2220000e+00   7.3904000e+00   7.2850000e+00   7.3263000e+00   6.6495000e+00   7.4407000e+00
   7.1509000e+00   7.2550000e+00   7.2233000e+00   7.2847000e+00   7.4330000e+00   8.2031000e+00
   7.0146000e+00   7.1094000e+00   7.0925000e+00   7.1543000e+00   8.5124000e+00   8.3743000e+00
   6.9500000e+00   7.0213000e+00   7.0619000e+00   7.0975000e+00   8.6327000e+00   8.4384000e+00
   6.9451000e+00   6.9197000e+00   7.0129000e+00   7.0388000e+00   8.1296000e+00   8.1867000e+00
   6.8873000e+00   6.8059000e+00   6.8309000e+00   6.8136000e+00   7.4153000e+00   7.8068000e+00
   7.0556000e+00   7.0506000e+00   7.0382000e+00   7.0257000e+00   7.1697000e+00   7.5490000e+00
   7.4026000e+00   7.4124000e+00   7.4226000e+00   7.4402000e+00   7.0829000e+00   7.3332000e+00
   7.5893000e+00   7.5984000e+00   7.5798000e+00   7.5878000e+00   6.8567000e+00   7.2142000e+00
   7.6269000e+00   7.5370000e+00   7.6687000e+00   7.7111000e+00   6.5976000e+00   7.0121000e+00
   7.9094000e+00   7.9329000e+00   7.9602000e+00   8.0258000e+00   6.5266000e+00   6.6777000e+00
   8.3925000e+00   8.4482000e+00   8.3734000e+00   8.4166000e+00   6.2956000e+00   6.6831000e+00
   8.7123000e+00   8.6943000e+00   8.6870000e+00   8.7609000e+00   6.3497000e+00   6.4560000e+00
   8.6918000e+00   8.5647000e+00   8.5627000e+00   8.6073000e+00   6.4891000e+00   6.4032000e+00
   8.5082000e+00   8.4663000e+00   8.5556000e+00   8.5405000e+00   6.7241000e+00   6.5339000e+00
   8.3024000e+00   8.3046000e+00   8.3603000e+00   8.4456000e+00   6.6963000e+00   6.5490000e+00
   8.1247000e+00   8.0998000e+00   8.2094000e+00   8.3492000e+00   6.6495000e+00   6.5397000e+00
   7.9787000e+00   7.9555000e+00   8.0859000e+00   8.2040000e+00   6.5524000e+00   6.3261000e+00
   7.7404000e+00   7.9712000e+00   7.8818000e+00   7.9314000e+00   6.3863000e+00   6.1382000e+00
   7.7355000e+00   8.0033000e+00   7.7980000e+00   7.8836000e+00   6.1972000e+00   6.0035000e+00
