   4.3401000e+00   4.3875000e+00   4.3490000e+00   4.3522000e+00   6.6025000e+00   6.0801000e+00
   4.4689000e+00   4.5152000e+00   4.4830000e+00   4.4865000e+00   6.6606000e+00   6.2739000e+00
   4.7072000e+00   4.7443000e+00   4.7251000e+00   4.7313000e+00   6.9411000e+00   6.6668000e+00
   4.8645000e+00   4.8974000e+00   4.8784000e+00   4.8856000e+00   7.1075000e+00   6.9897000e+00
   5.0092000e+00   5.0242000e+00   5.0065000e+00   5.0065000e+00   7.3324000e+00   7.1770000e+00
   5.1976000e+00   5.2010000e+00   5.1952000e+00   5.1980000e+00   7.5056000e+00   7.4203000e+00
   5.3299000e+00   5.3145000e+00   5.3125000e+00   5.3066000e+00   7.7281000e+00   7.7400000e+00
   5.4907000e+00   5.4589000e+00   5.4567000e+00   5.4419000e+00   7.9497000e+00   8.0653000e+00
   5.6117000e+00   5.5682000e+00   5.5756000e+00   5.5604000e+00   8.2992000e+00   8.2469000e+00
   5.6806000e+00   5.6332000e+00   5.6402000e+00   5.6216000e+00   8.5141000e+00   8.4251000e+00
   5.8393000e+00   5.7912000e+00   5.7889000e+00   5.7681000e+00   8.8126000e+00   8.6512000e+00
   5.9447000e+00   5.8919000e+00   5.9043000e+00   5.8888000e+00   8.9722000e+00   8.8563000e+00
   6.0476000e+00   5.9982000e+00   6.0044000e+00   5.9867000e+00   9.1571000e+00   8.9043000e+00
   6.0295000e+00   5.9770000e+00   5.9815000e+00   5.9571000e+00   9.2735000e+00   9.0180000e+00
   6.0716000e+00   6.0185000e+00   6.0306000e+00   6.0052000e+00   9.5018000e+00   9.2105000e+00
   6.0851000e+00   6.0176000e+00   6.0354000e+00   6.0018000e+00   9.7505000e+00   9.3217000e+00
   6.0515000e+00   6.0271000e+00   6.0108000e+00   5.9855000e+00   9.8463000e+00   9.3624000e+00
   5.9002000e+00   5.8901000e+00   5.8633000e+00   5.8377000e+00   9.9156000e+00   9.3831000e+00
   5.9145000e+00   5.8839000e+00   5.8565000e+00   5.8166000e+00   9.9581000e+00   9.4345000e+00
   5.9835000e+00   5.9127000e+00   5.8967000e+00   5.8410000e+00   9.9511000e+00   9.4632000e+00
   6.0846000e+00   6.0163000e+00   5.9542000e+00   5.8780000e+00   9.7571000e+00   9.3000000e+00
   6.0947000e+00   6.0164000e+00   5.9749000e+00   5.9010000e+00   9.3163000e+00   8.9063000e+00
   6.3011000e+00   6.2447000e+00   6.1859000e+00   6.1072000e+00   8.8517000e+00   8.5870000e+00
   6.3893000e+00   6.3464000e+00   6.2959000e+00   6.2266000e+00   8.4509000e+00   8.1604000e+00
   6.4479000e+00   6.4698000e+00   6.3793000e+00   6.3428000e+00   7.4930000e+00   7.3820000e+00
   6.2205000e+00   6.3996000e+00   6.1776000e+00   6.1884000e+00   6.9028000e+00   7.0255000e+00
   5.8843000e+00   6.1239000e+00   5.8292000e+00   5.8684000e+00   6.6604000e+00   7.1446000e+00
   5.6367000e+00   5.7978000e+00   5.5542000e+00   5.6524000e+00   7.3232000e+00   7.7073000e+00
   5.5558000e+00   5.5603000e+00   5.4654000e+00   5.6504000e+00   7.4820000e+00   7.7698000e+00
   5.6221000e+00   5.4966000e+00   5.5339000e+00   5.7776000e+00   7.4181000e+00   7.7810000e+00
   5.6831000e+00   5.5238000e+00   5.6030000e+00   5.8853000e+00   7.6935000e+00   8.1313000e+00
   5.6583000e+00   5.5025000e+00   5.6328000e+00   5.9748000e+00   8.0444000e+00   8.4686000e+00
   5.6636000e+00   5.5125000e+00   5.6686000e+00   6.0295000e+00   8.2295000e+00   8.6808000e+00
   5.6998000e+00   5.6635000e+00   5.7568000e+00   6.1180000e+00   8.3706000e+00   8.8087000e+00
   5.7774000e+00   5.8631000e+00   5.9038000e+00   6.2425000e+00   8.4638000e+00   8.8971000e+00
   5.9437000e+00   6.1313000e+00   6.0768000e+00   6.3110000e+00   8.5011000e+00   8.9337000e+00
   6.1397000e+00   6.3472000e+00   6.2245000e+00   6.3475000e+00   8.4066000e+00   8.8868000e+00
   6.2917000e+00   6.4465000e+00   6.3280000e+00   6.3574000e+00   8.2312000e+00   8.7711000e+00
   6.3417000e+00   6.3891000e+00   6.3217000e+00   6.2870000e+00   7.9565000e+00   8.5680000e+00
   6.3500000e+00   6.3194000e+00   6.3270000e+00   6.3051000e+00   7.6620000e+00   8.2987000e+00
   6.4002000e+00   6.3672000e+00   6.4222000e+00   6.4126000e+00   7.3698000e+00   8.0009000e+00
   6.5279000e+00   6.4475000e+00   6.5429000e+00   6.5150000e+00   7.1105000e+00   7.7260000e+00
   6.7061000e+00   6.5453000e+00   6.6827000e+00   6.6495000e+00   6.9475000e+00   7.5392000e+00
   6.8723000e+00   6.6570000e+00   6.8440000e+00   6.8239000e+00   6.8281000e+00   7.3823000e+00
   7.0397000e+00   6.8271000e+00   7.0308000e+00   6.9926000e+00   6.7791000e+00   7.2716000e+00
   7.1846000e+00   6.9921000e+00   7.1715000e+00   7.1294000e+00   6.7714000e+00   7.2041000e+00
   7.2789000e+00   7.1116000e+00   7.2571000e+00   7.2443000e+00   6.7741000e+00   7.1389000e+00
   7.3471000e+00   7.1988000e+00   7.3392000e+00   7.3757000e+00   6.7381000e+00   7.0625000e+00
   7.4169000e+00   7.2943000e+00   7.4406000e+00   7.5532000e+00   6.6837000e+00   6.9687000e+00
   7.4995000e+00   7.4246000e+00   7.5597000e+00   7.7760000e+00   6.6347000e+00   6.8922000e+00
   7.5957000e+00   7.6136000e+00   7.7258000e+00   8.0754000e+00   6.5710000e+00   6.8132000e+00
   7.7528000e+00   7.8980000e+00   7.9596000e+00   8.3986000e+00   6.5193000e+00   6.7579000e+00
   7.9188000e+00   8.2020000e+00   8.1942000e+00   8.6822000e+00   6.4878000e+00   6.7547000e+00
   8.1061000e+00   8.5592000e+00   8.4896000e+00   9.0168000e+00   6.4916000e+00   6.7841000e+00
   8.3481000e+00   8.9909000e+00   8.8409000e+00   9.3656000e+00   6.5051000e+00   6.8275000e+00
   8.6537000e+00   9.4421000e+00   9.2066000e+00   9.6584000e+00   6.5689000e+00   6.8447000e+00
   8.9363000e+00   9.8395000e+00   9.5248000e+00   9.9099000e+00   6.6671000e+00   6.8675000e+00
   9.2382000e+00   1.0210400e+01   9.8627000e+00   1.0169200e+01   6.7962000e+00   6.9122000e+00
   9.6184000e+00   1.0502200e+01   1.0109900e+01   1.0307000e+01   6.9364000e+00   6.9811000e+00
   9.7821000e+00   1.0548700e+01   1.0140700e+01   1.0326400e+01   6.9836000e+00   7.0483000e+00
   9.7689000e+00   1.0548300e+01   1.0204600e+01   1.0447600e+01   7.0030000e+00   6.9985000e+00
   9.8445000e+00   1.0639500e+01   1.0264300e+01   1.0484500e+01   7.1489000e+00   7.2284000e+00
   9.8870000e+00   1.0642700e+01   1.0366300e+01   1.0559900e+01   7.2409000e+00   7.1269000e+00
   1.0319500e+01   1.0880800e+01   1.0671200e+01   1.0794100e+01   7.4444000e+00   7.2905000e+00
   1.0523100e+01   1.1158900e+01   1.0930100e+01   1.1156500e+01   7.7006000e+00   7.6775000e+00
   1.0664000e+01   1.1380300e+01   1.1093400e+01   1.1290600e+01   8.0722000e+00   8.2392000e+00
   1.0783400e+01   1.1399600e+01   1.1172000e+01   1.1344000e+01   8.5411000e+00   8.8842000e+00
   1.0960000e+01   1.1495600e+01   1.1286400e+01   1.1419200e+01   9.1295000e+00   9.5527000e+00
   1.1034800e+01   1.1529100e+01   1.1320500e+01   1.1433600e+01   9.6825000e+00   1.0160100e+01
   1.1121000e+01   1.1551000e+01   1.1363300e+01   1.1448000e+01   1.0197000e+01   1.0690400e+01
   1.1174300e+01   1.1496000e+01   1.1340900e+01   1.1389800e+01   1.0586600e+01   1.1169300e+01
   1.1160800e+01   1.1380200e+01   1.1253400e+01   1.1283700e+01   1.0894800e+01   1.1027500e+01
   1.1074400e+01   1.1219200e+01   1.1149600e+01   1.1187800e+01   1.1138800e+01   1.0694800e+01
   1.1020300e+01   1.1112400e+01   1.1096400e+01   1.1150400e+01   1.0508600e+01   1.0878900e+01
   1.0990400e+01   1.1082100e+01   1.1083100e+01   1.1157500e+01   1.0118900e+01   1.0908300e+01
   1.0983500e+01   1.1088900e+01   1.1079200e+01   1.1152500e+01   1.0359600e+01   1.0848800e+01
   1.0947200e+01   1.1056100e+01   1.1040300e+01   1.1101500e+01   1.0472500e+01   1.0842300e+01
   1.0887800e+01   1.0986900e+01   1.0982700e+01   1.1034300e+01   1.0630100e+01   1.0811600e+01
   1.0818400e+01   1.0920600e+01   1.0928400e+01   1.0976000e+01   1.0780500e+01   1.0828700e+01
   1.0787400e+01   1.0907700e+01   1.0921400e+01   1.0972500e+01   1.0788500e+01   1.0841200e+01
   1.0798500e+01   1.0921300e+01   1.0943000e+01   1.0994600e+01   1.0773200e+01   1.0813000e+01
   1.0884800e+01   1.1001000e+01   1.1029200e+01   1.1079600e+01   1.0732700e+01   1.0789000e+01
   1.1004700e+01   1.1093900e+01   1.1141500e+01   1.1190200e+01   1.0702500e+01   1.0767900e+01
   1.1148100e+01   1.1197200e+01   1.1265200e+01   1.1307100e+01   1.0658000e+01   1.0694600e+01
   1.1270800e+01   1.1241000e+01   1.1336000e+01   1.1345000e+01   1.0590100e+01   1.0559700e+01
   1.1375600e+01   1.1269200e+01   1.1371200e+01   1.1338400e+01   1.0483200e+01   1.0392100e+01
   1.1426500e+01   1.1264800e+01   1.1377700e+01   1.1320300e+01   1.0351500e+01   1.0244600e+01
   1.1361400e+01   1.1179500e+01   1.1295700e+01   1.1236700e+01   1.0205900e+01   1.0131800e+01
   1.1229000e+01   1.1032000e+01   1.1162600e+01   1.1113500e+01   1.0065900e+01   9.9979000e+00
   1.1082300e+01   1.0876600e+01   1.1013900e+01   1.0968100e+01   9.9137000e+00   9.8702000e+00
   1.0948900e+01   1.0772900e+01   1.0897100e+01   1.0853800e+01   9.6669000e+00   9.7477000e+00
   1.0831500e+01   1.0719700e+01   1.0820400e+01   1.0785500e+01   9.3810000e+00   9.6449000e+00
   1.0734300e+01   1.0690700e+01   1.0768500e+01   1.0750400e+01   9.2131000e+00   9.5586000e+00
   1.0653300e+01   1.0670300e+01   1.0721800e+01   1.0709700e+01   9.1715000e+00   9.4726000e+00
   1.0547900e+01   1.0632900e+01   1.0648400e+01   1.0636800e+01   9.1551000e+00   9.4289000e+00
   1.0390700e+01   1.0530300e+01   1.0528000e+01   1.0534400e+01   9.1721000e+00   9.4425000e+00
   1.0259800e+01   1.0384300e+01   1.0401900e+01   1.0421500e+01   9.2166000e+00   9.4592000e+00
   1.0157800e+01   1.0216300e+01   1.0272600e+01   1.0288200e+01   9.2553000e+00   9.4670000e+00
   1.0101200e+01   1.0063500e+01   1.0164000e+01   1.0142400e+01   9.3300000e+00   9.4945000e+00
   1.0097600e+01   9.9777000e+00   1.0120600e+01   1.0053700e+01   9.4033000e+00   9.5427000e+00
   1.0120100e+01   9.9846000e+00   1.0126600e+01   1.0032000e+01   9.3656000e+00   9.6097000e+00
   1.0067300e+01   9.9600000e+00   1.0088500e+01   9.9859000e+00   9.3000000e+00   9.6376000e+00
   9.9645000e+00   9.9227000e+00   1.0026700e+01   9.9435000e+00   9.2185000e+00   9.6375000e+00
   9.8404000e+00   9.8395000e+00   9.9314000e+00   9.8720000e+00   9.1107000e+00   9.5767000e+00
   9.7666000e+00   9.7556000e+00   9.8607000e+00   9.8129000e+00   9.0726000e+00   9.4876000e+00
   9.7554000e+00   9.7006000e+00   9.8428000e+00   9.7937000e+00   9.1054000e+00   9.3427000e+00
   9.8374000e+00   9.7293000e+00   9.9144000e+00   9.8542000e+00   9.1848000e+00   9.1235000e+00
   1.0037500e+01   9.8838000e+00   1.0103900e+01   1.0035300e+01   9.1268000e+00   8.9813000e+00
   1.0277900e+01   1.0113200e+01   1.0326700e+01   1.0257000e+01   8.9035000e+00   9.0438000e+00
   1.0483700e+01   1.0321000e+01   1.0529200e+01   1.0476000e+01   8.6380000e+00   9.2169000e+00
   1.0575400e+01   1.0438800e+01   1.0643900e+01   1.0620300e+01   8.4145000e+00   9.3017000e+00
   1.0636000e+01   1.0530400e+01   1.0742000e+01   1.0749200e+01   8.3368000e+00   9.2419000e+00
   1.0667200e+01   1.0591700e+01   1.0789400e+01   1.0810900e+01   8.3627000e+00   9.0870000e+00
   1.0682800e+01   1.0630700e+01   1.0811000e+01   1.0840500e+01   8.4719000e+00   8.8958000e+00
   1.0732500e+01   1.0721300e+01   1.0865300e+01   1.0904800e+01   8.5519000e+00   8.6218000e+00
   1.0751800e+01   1.0843100e+01   1.0928900e+01   1.1009500e+01   8.3054000e+00   8.1057000e+00
   1.0520200e+01   1.0758500e+01   1.0786900e+01   1.0937600e+01   7.9212000e+00   7.7628000e+00
   1.0415600e+01   1.0766800e+01   1.0693900e+01   1.0824200e+01   7.6061000e+00   7.2905000e+00
   1.0717800e+01   1.1002900e+01   1.0883100e+01   1.0989000e+01   6.7334000e+00   6.8050000e+00
   1.0554200e+01   1.1004800e+01   1.0845100e+01   1.1182600e+01   6.3033000e+00   6.4278000e+00
   9.8584000e+00   1.0740600e+01   1.0493700e+01   1.1029100e+01   5.9853000e+00   6.0695000e+00
   9.3114000e+00   1.0168700e+01   1.0036500e+01   1.0559600e+01   5.6760000e+00   5.7611000e+00
   9.0737000e+00   9.5324000e+00   9.6065000e+00   1.0014400e+01   5.4294000e+00   5.4734000e+00
   9.1253000e+00   9.3099000e+00   9.5034000e+00   9.8622000e+00   5.2443000e+00   5.5357000e+00
   8.9869000e+00   9.3319000e+00   9.4709000e+00   9.9087000e+00   5.7334000e+00   5.8973000e+00
   8.9092000e+00   9.3572000e+00   9.3985000e+00   9.8434000e+00   6.1116000e+00   6.0900000e+00
   8.8566000e+00   9.3806000e+00   9.3774000e+00   9.8084000e+00   6.1772000e+00   6.2795000e+00
   8.7434000e+00   9.3063000e+00   9.3014000e+00   9.6835000e+00   5.9310000e+00   6.5506000e+00
   8.8273000e+00   9.3793000e+00   9.2602000e+00   9.5533000e+00   5.8564000e+00   6.5438000e+00
   8.8872000e+00   9.4725000e+00   9.3143000e+00   9.6223000e+00   5.8541000e+00   6.6071000e+00
   9.0103000e+00   9.6255000e+00   9.4999000e+00   9.8443000e+00   5.7809000e+00   6.8490000e+00
   9.2429000e+00   9.8809000e+00   9.7804000e+00   1.0122700e+01   5.8376000e+00   6.8999000e+00
   9.5198000e+00   1.0192800e+01   1.0092300e+01   1.0399900e+01   5.8577000e+00   6.9130000e+00
   9.7346000e+00   1.0447600e+01   1.0332500e+01   1.0596300e+01   5.8722000e+00   6.9700000e+00
   9.8571000e+00   1.0620200e+01   1.0501800e+01   1.0737100e+01   5.8033000e+00   6.8203000e+00
   9.9115000e+00   1.0714000e+01   1.0612600e+01   1.0814200e+01   5.6952000e+00   6.7390000e+00
   1.0048100e+01   1.0807800e+01   1.0732400e+01   1.0878900e+01   5.7079000e+00   6.8536000e+00
   1.0259100e+01   1.0880000e+01   1.0838900e+01   1.0928100e+01   5.8485000e+00   7.1156000e+00
   1.0413200e+01   1.1038700e+01   1.0978400e+01   1.1059200e+01   6.2667000e+00   7.3488000e+00
   1.0552100e+01   1.1185800e+01   1.1105500e+01   1.1194800e+01   6.3258000e+00   6.6548000e+00
   1.0808200e+01   1.1456800e+01   1.1366700e+01   1.1480500e+01   6.2096000e+00   7.1680000e+00
   1.0973400e+01   1.1625500e+01   1.1478400e+01   1.1599000e+01   6.5279000e+00   6.5073000e+00
   1.0813500e+01   1.1572200e+01   1.1258800e+01   1.1364800e+01   5.9638000e+00   6.0894000e+00
   1.1059800e+01   1.1670500e+01   1.1224500e+01   1.1127100e+01   5.8471000e+00   5.9757000e+00
   1.1080400e+01   1.1638000e+01   1.1491900e+01   1.1541700e+01   5.0574000e+00   5.3758000e+00
   1.0621600e+01   1.1183300e+01   1.1252500e+01   1.1503800e+01   5.1243000e+00   5.7053000e+00
   1.0433600e+01   1.1016800e+01   1.1056300e+01   1.1454000e+01   5.6813000e+00   5.2927000e+00
   9.6970000e+00   1.0547100e+01   1.0353200e+01   1.0743300e+01   5.0302000e+00   5.1073000e+00
   1.0122600e+01   1.0633100e+01   9.9687000e+00   1.0055300e+01   4.6745000e+00   5.4150000e+00
   1.0507100e+01   1.1129400e+01   1.0335900e+01   1.0306400e+01   4.9586000e+00   5.8441000e+00
   1.0701400e+01   1.1375600e+01   1.0479800e+01   1.0444700e+01   5.5010000e+00   5.8351000e+00
   1.0932800e+01   1.1542000e+01   1.0670800e+01   1.0748800e+01   6.0024000e+00   6.1306000e+00
   1.0925900e+01   1.1781200e+01   1.0810600e+01   1.0901200e+01   6.3429000e+00   6.2505000e+00
   1.1449800e+01   1.2144000e+01   1.1154700e+01   1.1103900e+01   6.2608000e+00   6.4097000e+00
   1.1456700e+01   1.2164500e+01   1.1070600e+01   1.1019500e+01   6.0577000e+00   6.3673000e+00
   1.1821700e+01   1.2248900e+01   1.1361500e+01   1.1167100e+01   5.8990000e+00   5.9216000e+00
   1.2327500e+01   1.2658000e+01   1.1969100e+01   1.1792000e+01   5.9133000e+00   6.5949000e+00
   1.1957600e+01   1.2518900e+01   1.1887900e+01   1.1907400e+01   6.1492000e+00   6.9966000e+00
   1.1700900e+01   1.2163300e+01   1.1619500e+01   1.1531300e+01   6.2093000e+00   7.7861000e+00
   1.1348500e+01   1.1858100e+01   1.1375600e+01   1.1342000e+01   6.2445000e+00   8.3255000e+00
   1.1199600e+01   1.1729400e+01   1.1116300e+01   1.1082300e+01   7.3314000e+00   8.3674000e+00
   1.0814100e+01   1.1470300e+01   1.0935000e+01   1.1038200e+01   8.8809000e+00   9.0136000e+00
   1.0881700e+01   1.1414600e+01   1.0914500e+01   1.0952400e+01   9.8618000e+00   9.8269000e+00
   1.1038900e+01   1.1535600e+01   1.0982400e+01   1.0931800e+01   1.0625400e+01   1.0487800e+01
   1.0796200e+01   1.1332600e+01   1.0779600e+01   1.0745500e+01   1.0008400e+01   1.0763700e+01
   1.0317900e+01   1.0893900e+01   1.0443100e+01   1.0509200e+01   9.8717000e+00   1.0191200e+01
   9.9526000e+00   1.0580900e+01   1.0113400e+01   1.0158100e+01   1.0166700e+01   9.8350000e+00
   9.2528000e+00   1.0010300e+01   9.4297000e+00   9.5038000e+00   1.0251700e+01   9.7266000e+00
   9.1475000e+00   9.5650000e+00   9.1755000e+00   9.2568000e+00   1.0345500e+01   9.9213000e+00
   9.5008000e+00   9.9238000e+00   9.6168000e+00   9.7536000e+00   1.0341700e+01   1.0715900e+01
   9.1056000e+00   9.7147000e+00   9.4841000e+00   9.6544000e+00   1.0613600e+01   1.0375400e+01
   8.9735000e+00   9.5117000e+00   9.1397000e+00   9.1487000e+00   1.1246500e+01   1.0856200e+01
   8.7784000e+00   9.5060000e+00   9.1447000e+00   9.2870000e+00   1.1673700e+01   1.1498400e+01
   8.8228000e+00   9.4206000e+00   9.1258000e+00   9.2045000e+00   1.0949900e+01   1.1066200e+01
   8.9969000e+00   9.6424000e+00   9.3891000e+00   9.5104000e+00   9.8870000e+00   1.0770000e+01
   9.1392000e+00   9.6887000e+00   9.4791000e+00   9.6404000e+00   7.0133000e+00   9.3772000e+00
   9.0180000e+00   9.4170000e+00   9.3561000e+00   9.5244000e+00   6.1510000e+00   5.3476000e+00
   9.1569000e+00   9.7401000e+00   9.5000000e+00   9.6641000e+00   6.7693000e+00   4.4821000e+00
   9.2303000e+00   9.8929000e+00   9.4990000e+00   9.6120000e+00   7.2646000e+00   5.1064000e+00
   8.6777000e+00   9.5782000e+00   9.2395000e+00   9.5385000e+00   7.8071000e+00   6.6103000e+00
   8.3858000e+00   9.4010000e+00   8.9054000e+00   9.1914000e+00   7.6154000e+00   7.8304000e+00
   7.6712000e+00   8.7800000e+00   8.2017000e+00   8.6809000e+00   8.2653000e+00   8.0783000e+00
   7.1431000e+00   7.7129000e+00   7.5087000e+00   7.8494000e+00   9.6264000e+00   8.8513000e+00
   6.2179000e+00   6.6702000e+00   6.4489000e+00   6.5917000e+00   8.4781000e+00   9.2540000e+00
   5.4539000e+00   5.8097000e+00   5.6945000e+00   5.8067000e+00   7.2643000e+00   8.9551000e+00
   5.6242000e+00   5.9452000e+00   5.7298000e+00   5.6967000e+00   7.6713000e+00   8.8789000e+00
   6.1878000e+00   6.5643000e+00   6.2809000e+00   6.2588000e+00   6.6054000e+00   8.5093000e+00
   6.4010000e+00   6.6638000e+00   6.5188000e+00   6.5137000e+00   7.8360000e+00   7.6358000e+00
   6.8268000e+00   7.0327000e+00   6.7845000e+00   6.6087000e+00   7.4382000e+00   8.6191000e+00
   7.8104000e+00   8.4192000e+00   7.5816000e+00   7.3635000e+00   8.1035000e+00   7.2393000e+00
   7.8953000e+00   8.9395000e+00   8.4430000e+00   8.6350000e+00   8.4198000e+00   7.6256000e+00
   7.2009000e+00   8.1742000e+00   7.6057000e+00   7.7813000e+00   8.2133000e+00   8.6159000e+00
   9.0390000e+00   9.9020000e+00   9.2363000e+00   9.4493000e+00   8.1359000e+00   8.4408000e+00
   1.0905900e+01   1.0872100e+01   1.0605200e+01   1.0473700e+01   8.7904000e+00   8.6432000e+00
   1.0636000e+01   1.0760000e+01   1.0831300e+01   1.0971800e+01   7.6794000e+00   7.8314000e+00
   1.0393000e+01   1.0798300e+01   1.0417400e+01   1.0476800e+01   6.9238000e+00   7.0953000e+00
   1.0068700e+01   1.0731600e+01   1.0091500e+01   1.0092100e+01   8.2664000e+00   7.8188000e+00
   9.3935000e+00   9.9671000e+00   9.4076000e+00   9.4671000e+00   9.2587000e+00   9.0471000e+00
   1.0251500e+01   1.0477100e+01   1.0272300e+01   1.0230600e+01   9.1843000e+00   8.3890000e+00
   1.1996900e+01   1.1921000e+01   1.1752700e+01   1.1618600e+01   8.8813000e+00   7.3073000e+00
   1.2314500e+01   1.2339800e+01   1.2311600e+01   1.2384600e+01   1.0638400e+01   1.0460000e+01
   1.1041600e+01   1.1544300e+01   1.1417300e+01   1.1651400e+01   9.9034000e+00   1.0691900e+01
   9.5799000e+00   1.0059400e+01   9.8717000e+00   1.0111100e+01   9.6248000e+00   9.2581000e+00
   1.1146500e+01   1.0795100e+01   1.1007500e+01   1.1039500e+01   1.0661300e+01   9.5422000e+00
   1.1415500e+01   1.1325800e+01   1.1393400e+01   1.1485700e+01   1.0734900e+01   1.0399600e+01
   1.1627600e+01   1.2031500e+01   1.1905600e+01   1.2182500e+01   1.0284900e+01   9.9831000e+00
   1.2358500e+01   1.2467900e+01   1.2239400e+01   1.2263500e+01   1.0175900e+01   7.8913000e+00
   1.3898800e+01   1.3924400e+01   1.3717900e+01   1.3666000e+01   1.0891000e+01   8.8673000e+00
   1.4260500e+01   1.4422200e+01   1.4314200e+01   1.4360200e+01   1.1245000e+01   1.0209900e+01
   1.4856400e+01   1.4600400e+01   1.4638900e+01   1.4625600e+01   9.8987000e+00   1.0040000e+01
   1.5507300e+01   1.5794900e+01   1.5533000e+01   1.5585600e+01   9.3999000e+00   9.0024000e+00
   1.4385800e+01   1.4736000e+01   1.4810900e+01   1.5239600e+01   9.8214000e+00   9.2567000e+00
   1.4578700e+01   1.4802000e+01   1.4692100e+01   1.4769400e+01   9.7870000e+00   9.2363000e+00
   1.4313700e+01   1.4946600e+01   1.4636000e+01   1.4843100e+01   1.0436300e+01   9.4019000e+00
   1.4300700e+01   1.4891300e+01   1.4636300e+01   1.4872300e+01   1.0770200e+01   9.5150000e+00
   1.4970400e+01   1.5084100e+01   1.5061800e+01   1.5203800e+01   1.0811000e+01   9.8247000e+00
   1.5440100e+01   1.5739200e+01   1.5657700e+01   1.5837300e+01   1.0769400e+01   1.0166600e+01
   1.4815600e+01   1.5207200e+01   1.5063100e+01   1.5298400e+01   1.0903400e+01   1.0727200e+01
   1.4630200e+01   1.4844000e+01   1.4706100e+01   1.4819500e+01   1.1291700e+01   1.1108300e+01
   1.4429000e+01   1.4593100e+01   1.4471800e+01   1.4573300e+01   1.1653800e+01   1.1310100e+01
   1.4340100e+01   1.4648300e+01   1.4459600e+01   1.4607700e+01   1.1767200e+01   1.1343700e+01
   1.4515400e+01   1.4804700e+01   1.4530200e+01   1.4627600e+01   1.1615900e+01   1.0964100e+01
   1.4969000e+01   1.4943900e+01   1.4746800e+01   1.4721700e+01   1.1208300e+01   1.0658800e+01
   1.6282200e+01   1.5401900e+01   1.5418000e+01   1.5104500e+01   1.1029200e+01   1.0438800e+01
   1.6850000e+01   1.7007300e+01   1.6640900e+01   1.6337600e+01   1.1339000e+01   1.0541300e+01
   1.6582800e+01   1.7044100e+01   1.6747700e+01   1.6944300e+01   1.1515200e+01   1.0724900e+01
   1.6217800e+01   1.6497200e+01   1.6514300e+01   1.6782500e+01   1.1262100e+01   1.0887600e+01
   1.5598600e+01   1.5802700e+01   1.6093400e+01   1.6438800e+01   1.2082700e+01   1.1228400e+01
   1.4720900e+01   1.4868400e+01   1.5352100e+01   1.5813400e+01   1.2808800e+01   1.1726600e+01
   1.5086300e+01   1.5095900e+01   1.5128100e+01   1.5230500e+01   1.3146100e+01   1.2415300e+01
   1.5213000e+01   1.5338800e+01   1.5447600e+01   1.5674300e+01   1.2326000e+01   1.1585400e+01
   1.5377000e+01   1.5479000e+01   1.5505700e+01   1.5657900e+01   1.2768400e+01   1.2146300e+01
   1.5153700e+01   1.5219900e+01   1.5241400e+01   1.5379900e+01   1.2276700e+01   1.1548000e+01
   1.4863300e+01   1.4843900e+01   1.4962800e+01   1.5116000e+01   1.2901700e+01   1.2014700e+01
   1.4865700e+01   1.4867300e+01   1.4927900e+01   1.5034900e+01   1.2934200e+01   1.2066400e+01
   1.4951700e+01   1.4906100e+01   1.5013900e+01   1.5117500e+01   1.3175600e+01   1.2170400e+01
   1.4937200e+01   1.4795300e+01   1.5036300e+01   1.5155200e+01   1.3094300e+01   1.2168000e+01
   1.4557300e+01   1.4566500e+01   1.4825900e+01   1.5044300e+01   1.3150500e+01   1.2215700e+01
   1.4180900e+01   1.4249000e+01   1.4477800e+01   1.4727600e+01   1.3375400e+01   1.2443000e+01
   1.4098000e+01   1.4055000e+01   1.4156500e+01   1.4271100e+01   1.3532600e+01   1.2956000e+01
   1.3851500e+01   1.3790000e+01   1.3847500e+01   1.3912300e+01   1.3294900e+01   1.3307300e+01
   1.3668100e+01   1.3591900e+01   1.3650500e+01   1.3674900e+01   1.2982000e+01   1.3388200e+01
   1.3590100e+01   1.3462500e+01   1.3577500e+01   1.3621200e+01   1.3052000e+01   1.3376400e+01
   1.3870800e+01   1.3657100e+01   1.3716900e+01   1.3712300e+01   1.3116300e+01   1.3263600e+01
   1.3922500e+01   1.3836100e+01   1.3782900e+01   1.3782900e+01   1.3143400e+01   1.3138400e+01
   1.3596400e+01   1.3521200e+01   1.3669700e+01   1.3810400e+01   1.3093300e+01   1.3128000e+01
   1.3325600e+01   1.3129900e+01   1.3398200e+01   1.3517100e+01   1.2966900e+01   1.2965500e+01
   1.3511600e+01   1.3422500e+01   1.3588200e+01   1.3732000e+01   1.2682700e+01   1.2652600e+01
   1.3040400e+01   1.3171600e+01   1.3250700e+01   1.3488500e+01   1.2373100e+01   1.2470700e+01
   1.2488600e+01   1.2514900e+01   1.2565500e+01   1.2719400e+01   1.2058100e+01   1.2257400e+01
   1.2441000e+01   1.2389600e+01   1.2398000e+01   1.2441700e+01   1.1747400e+01   1.1872200e+01
   1.2126500e+01   1.2076200e+01   1.2072900e+01   1.2095100e+01   1.1576600e+01   1.1496800e+01
   1.2261400e+01   1.2144300e+01   1.2209800e+01   1.2239200e+01   1.1362800e+01   1.1194600e+01
   1.2642000e+01   1.2534600e+01   1.2617100e+01   1.2683800e+01   1.1128100e+01   1.0949700e+01
   1.2569000e+01   1.2425400e+01   1.2564400e+01   1.2656100e+01   1.0870400e+01   1.0768000e+01
   1.2313200e+01   1.2230900e+01   1.2355600e+01   1.2476200e+01   1.0602700e+01   1.0667300e+01
   1.2276500e+01   1.2009100e+01   1.2280100e+01   1.2374500e+01   1.0141500e+01   1.0446600e+01
   1.2057200e+01   1.1914800e+01   1.2147800e+01   1.2214100e+01   1.0081200e+01   1.0299100e+01
   1.2123600e+01   1.1968600e+01   1.2076400e+01   1.2163200e+01   9.8209000e+00   1.0118500e+01
   1.1853800e+01   1.1764100e+01   1.1919800e+01   1.2046000e+01   9.5136000e+00   1.0076700e+01
   1.1673400e+01   1.1624300e+01   1.1791900e+01   1.1962000e+01   9.3439000e+00   9.8153000e+00
   1.1466200e+01   1.1467100e+01   1.1606200e+01   1.1754800e+01   9.3527000e+00   9.6626000e+00
   1.1433300e+01   1.1434000e+01   1.1493000e+01   1.1605000e+01   9.0334000e+00   9.4796000e+00
   1.1199400e+01   1.1234000e+01   1.1282600e+01   1.1396800e+01   8.7420000e+00   9.3806000e+00
   1.1080800e+01   1.1117100e+01   1.1111400e+01   1.1217500e+01   8.5592000e+00   9.0947000e+00
   1.0852600e+01   1.0900700e+01   1.0838000e+01   1.0915500e+01   8.3965000e+00   8.8730000e+00
   1.0887400e+01   1.0944400e+01   1.0858200e+01   1.0937800e+01   8.3348000e+00   8.6436000e+00
   1.0785600e+01   1.0901300e+01   1.0783700e+01   1.0808100e+01   8.2429000e+00   8.5336000e+00
   1.0780700e+01   1.0782500e+01   1.0759400e+01   1.0869500e+01   8.2384000e+00   8.2893000e+00
   1.0653100e+01   1.0637800e+01   1.0640200e+01   1.0737900e+01   8.1537000e+00   8.0875000e+00
   1.0511100e+01   1.0573800e+01   1.0559100e+01   1.0656800e+01   8.2118000e+00   8.0161000e+00
   1.0421100e+01   1.0530400e+01   1.0492300e+01   1.0576800e+01   8.1740000e+00   7.9129000e+00
   1.0247500e+01   1.0372500e+01   1.0282100e+01   1.0360700e+01   8.0578000e+00   7.8457000e+00
   9.9320000e+00   9.9752000e+00   9.9579000e+00   1.0108400e+01   7.9200000e+00   7.7602000e+00
   9.4158000e+00   9.4484000e+00   9.5133000e+00   9.6600000e+00   7.8226000e+00   7.6768000e+00
   9.0511000e+00   9.0520000e+00   9.0974000e+00   9.2011000e+00   7.6489000e+00   7.4517000e+00
   8.6865000e+00   8.8765000e+00   8.8958000e+00   8.9999000e+00   7.4777000e+00   7.2649000e+00
   8.5373000e+00   8.6961000e+00   8.7041000e+00   8.7638000e+00   7.2186000e+00   7.0956000e+00
   8.3760000e+00   8.6491000e+00   8.5980000e+00   8.6527000e+00   6.8591000e+00   6.8277000e+00
   8.2574000e+00   8.4378000e+00   8.4746000e+00   8.4956000e+00   6.5430000e+00   6.5913000e+00
   8.0313000e+00   8.2027000e+00   8.2474000e+00   8.2992000e+00   6.2685000e+00   6.3374000e+00
   7.8858000e+00   7.9666000e+00   8.0281000e+00   8.0782000e+00   6.1099000e+00   6.0929000e+00
   7.7974000e+00   7.8572000e+00   7.9223000e+00   7.9727000e+00   5.9808000e+00   5.8905000e+00
   7.5999000e+00   7.6678000e+00   7.7457000e+00   7.8071000e+00   5.9974000e+00   5.8142000e+00
   7.4278000e+00   7.5241000e+00   7.5839000e+00   7.6269000e+00   6.1184000e+00   5.8185000e+00
   7.3466000e+00   7.4769000e+00   7.4505000e+00   7.4795000e+00   6.3006000e+00   5.9162000e+00
   7.4422000e+00   7.5509000e+00   7.4682000e+00   7.4540000e+00   6.3881000e+00   6.0850000e+00
   7.5575000e+00   7.6979000e+00   7.6124000e+00   7.5882000e+00   6.4195000e+00   6.1771000e+00
   7.6677000e+00   7.9023000e+00   7.7866000e+00   7.7737000e+00   6.3730000e+00   6.2794000e+00
   7.6877000e+00   7.9634000e+00   7.8540000e+00   7.8593000e+00   6.2728000e+00   6.3772000e+00
   7.6569000e+00   7.9690000e+00   7.8492000e+00   7.8623000e+00   6.3075000e+00   6.3992000e+00
   7.7180000e+00   7.9824000e+00   7.9002000e+00   7.9139000e+00   6.4171000e+00   6.3601000e+00
   7.7611000e+00   7.9614000e+00   7.9432000e+00   7.9760000e+00   6.5774000e+00   6.4288000e+00
   7.7760000e+00   7.9614000e+00   7.9910000e+00   8.0349000e+00   6.6382000e+00   6.5770000e+00
   7.8089000e+00   7.9627000e+00   8.0074000e+00   8.0543000e+00   6.5690000e+00   6.6304000e+00
   7.7350000e+00   7.8829000e+00   7.9336000e+00   7.9826000e+00   6.3747000e+00   6.5911000e+00
   7.7304000e+00   7.9035000e+00   7.9440000e+00   8.0096000e+00   6.1907000e+00   6.4697000e+00
   7.7680000e+00   7.9405000e+00   8.0058000e+00   8.1062000e+00   6.1400000e+00   6.3067000e+00
   7.7503000e+00   7.9116000e+00   7.9952000e+00   8.1008000e+00   6.1821000e+00   6.2415000e+00
   7.6670000e+00   7.8421000e+00   7.8980000e+00   7.9833000e+00   6.2236000e+00   6.3084000e+00
   7.6380000e+00   7.8134000e+00   7.8382000e+00   7.9015000e+00   6.2219000e+00   6.3589000e+00
   7.5964000e+00   7.7578000e+00   7.7812000e+00   7.8242000e+00   6.1620000e+00   6.3364000e+00
   7.3424000e+00   7.5581000e+00   7.5737000e+00   7.6093000e+00   6.0094000e+00   6.2524000e+00
   7.1468000e+00   7.4408000e+00   7.4242000e+00   7.4481000e+00   5.7895000e+00   6.1107000e+00
   7.1154000e+00   7.4339000e+00   7.3953000e+00   7.4143000e+00   5.7441000e+00   6.0595000e+00
   7.0997000e+00   7.3957000e+00   7.3507000e+00   7.3587000e+00   5.7420000e+00   5.9848000e+00
   7.0784000e+00   7.3714000e+00   7.3129000e+00   7.3288000e+00   5.7028000e+00   5.8290000e+00
   7.0535000e+00   7.3524000e+00   7.2784000e+00   7.3038000e+00   5.4477000e+00   5.4905000e+00
   7.0692000e+00   7.3445000e+00   7.2611000e+00   7.2911000e+00   5.3129000e+00   5.2693000e+00
   7.1538000e+00   7.3055000e+00   7.2319000e+00   7.2695000e+00   5.0681000e+00   4.8608000e+00
   7.1373000e+00   7.1722000e+00   7.1119000e+00   7.1898000e+00   4.4025000e+00   4.1859000e+00
   7.0151000e+00   6.8977000e+00   6.9045000e+00   7.0063000e+00   3.9906000e+00   3.7934000e+00
   6.7157000e+00   6.5460000e+00   6.5937000e+00   6.6991000e+00   3.7250000e+00   3.5730000e+00
   6.3958000e+00   6.2461000e+00   6.2890000e+00   6.4050000e+00   3.5493000e+00   3.5939000e+00
   6.1929000e+00   6.0200000e+00   6.0569000e+00   6.1655000e+00   3.6724000e+00   3.7480000e+00
   6.0596000e+00   5.8435000e+00   5.8731000e+00   5.9841000e+00   3.6172000e+00   3.6128000e+00
   5.9848000e+00   5.7236000e+00   5.7530000e+00   5.8670000e+00   3.3917000e+00   3.3423000e+00
   5.9595000e+00   5.6302000e+00   5.6654000e+00   5.7794000e+00   3.2128000e+00   3.1699000e+00
   5.9331000e+00   5.5361000e+00   5.5819000e+00   5.7078000e+00   3.1943000e+00   3.0878000e+00
   5.8457000e+00   5.3723000e+00   5.4488000e+00   5.6025000e+00   3.1477000e+00   2.9469000e+00
   5.7144000e+00   5.1731000e+00   5.2890000e+00   5.4599000e+00   3.0163000e+00   2.7533000e+00
   5.5299000e+00   4.9844000e+00   5.1104000e+00   5.2876000e+00   2.9036000e+00   2.6181000e+00
   5.3527000e+00   4.8227000e+00   4.9410000e+00   5.1094000e+00   2.8513000e+00   2.5540000e+00
   5.2102000e+00   4.6772000e+00   4.7837000e+00   4.9312000e+00   2.8139000e+00   2.5208000e+00
   5.1244000e+00   4.5728000e+00   4.6762000e+00   4.8186000e+00   2.7907000e+00   2.5184000e+00
   5.0686000e+00   4.5076000e+00   4.5994000e+00   4.7457000e+00   2.7916000e+00   2.5357000e+00
   5.0479000e+00   4.5041000e+00   4.5786000e+00   4.7313000e+00   2.7657000e+00   2.5453000e+00
   5.0508000e+00   4.5376000e+00   4.6006000e+00   4.7577000e+00   2.7285000e+00   2.5571000e+00
   5.0405000e+00   4.5653000e+00   4.6052000e+00   4.7624000e+00   2.6100000e+00   2.4976000e+00
   5.0914000e+00   4.6413000e+00   4.6639000e+00   4.8227000e+00   2.4797000e+00   2.4062000e+00
   5.1547000e+00   4.7167000e+00   4.7327000e+00   4.8875000e+00   2.3496000e+00   2.2909000e+00
   5.2142000e+00   4.7772000e+00   4.7971000e+00   4.9377000e+00   2.2381000e+00   2.1891000e+00
   5.2273000e+00   4.7839000e+00   4.8119000e+00   4.9297000e+00   2.1466000e+00   2.1123000e+00
   5.1735000e+00   4.7168000e+00   4.7592000e+00   4.8524000e+00   2.0944000e+00   2.0680000e+00
   5.1193000e+00   4.6453000e+00   4.7085000e+00   4.7779000e+00   2.0764000e+00   2.0719000e+00
   5.0802000e+00   4.5953000e+00   4.6799000e+00   4.7232000e+00   2.0699000e+00   2.1348000e+00
   5.0351000e+00   4.5461000e+00   4.6471000e+00   4.6620000e+00   2.0747000e+00   2.2492000e+00
   4.9805000e+00   4.4910000e+00   4.6037000e+00   4.5877000e+00   2.1026000e+00   2.3962000e+00
   4.9850000e+00   4.4972000e+00   4.6132000e+00   4.5617000e+00   2.1228000e+00   2.5001000e+00
   5.0621000e+00   4.5795000e+00   4.6871000e+00   4.5984000e+00   2.1245000e+00   2.5541000e+00
   5.1282000e+00   4.6644000e+00   4.7560000e+00   4.6419000e+00   2.1919000e+00   2.5771000e+00
   5.1766000e+00   4.7490000e+00   4.8199000e+00   4.7001000e+00   2.3052000e+00   2.6020000e+00
   5.2065000e+00   4.8248000e+00   4.8779000e+00   4.7672000e+00   2.3671000e+00   2.6813000e+00
   5.2271000e+00   4.8929000e+00   4.9334000e+00   4.8372000e+00   2.4411000e+00   2.8831000e+00
   5.2314000e+00   4.9506000e+00   4.9779000e+00   4.8997000e+00   2.7607000e+00   3.1485000e+00
   5.2279000e+00   4.9912000e+00   5.0066000e+00   4.9473000e+00   3.3711000e+00   3.3613000e+00
   5.1788000e+00   4.9905000e+00   4.9987000e+00   4.9517000e+00   3.6831000e+00   3.4997000e+00
   5.1020000e+00   4.9532000e+00   4.9554000e+00   4.9097000e+00   3.3255000e+00   3.6166000e+00
   5.0348000e+00   4.9059000e+00   4.9094000e+00   4.8583000e+00   3.2313000e+00   3.7404000e+00
   4.9757000e+00   4.8744000e+00   4.8831000e+00   4.8314000e+00   3.8347000e+00   3.8958000e+00
   4.9236000e+00   4.8491000e+00   4.8600000e+00   4.8112000e+00   4.3989000e+00   4.2229000e+00
   4.8786000e+00   4.8338000e+00   4.8399000e+00   4.8029000e+00   4.5144000e+00   4.6225000e+00
   4.9084000e+00   4.8543000e+00   4.8656000e+00   4.8407000e+00   4.7772000e+00   4.9420000e+00
   4.9218000e+00   4.9131000e+00   4.9281000e+00   4.9012000e+00   5.2129000e+00   5.1558000e+00
   4.9933000e+00   4.9795000e+00   5.0001000e+00   4.9659000e+00   5.9031000e+00   5.3068000e+00
   5.1111000e+00   5.0274000e+00   5.0722000e+00   5.0407000e+00   6.6254000e+00   5.6804000e+00
   5.2042000e+00   5.0905000e+00   5.1671000e+00   5.1287000e+00   7.2550000e+00   6.0898000e+00
   5.3493000e+00   5.1931000e+00   5.2947000e+00   5.2454000e+00   7.8496000e+00   6.5730000e+00
   5.5150000e+00   5.3281000e+00   5.4442000e+00   5.3934000e+00   8.2242000e+00   7.4346000e+00
   5.6657000e+00   5.4849000e+00   5.5853000e+00   5.5289000e+00   8.2285000e+00   8.2128000e+00
   5.7772000e+00   5.6153000e+00   5.6936000e+00   5.6334000e+00   8.3714000e+00   8.4872000e+00
   5.8649000e+00   5.7352000e+00   5.7867000e+00   5.7237000e+00   8.6537000e+00   8.6565000e+00
   5.9494000e+00   5.8420000e+00   5.8656000e+00   5.7955000e+00   8.9678000e+00   8.8327000e+00
   6.0408000e+00   5.9497000e+00   5.9541000e+00   5.8818000e+00   8.9940000e+00   9.2945000e+00
   6.1325000e+00   6.0617000e+00   6.0373000e+00   5.9554000e+00   8.9019000e+00   9.5362000e+00
   6.1922000e+00   6.1215000e+00   6.0788000e+00   5.9769000e+00   8.9294000e+00   9.6465000e+00
   6.2001000e+00   6.1367000e+00   6.0955000e+00   5.9747000e+00   8.9408000e+00   9.8402000e+00
   6.2461000e+00   6.1522000e+00   6.1156000e+00   6.0013000e+00   9.0590000e+00   9.9501000e+00
   6.2111000e+00   6.1607000e+00   6.0786000e+00   5.9857000e+00   9.3441000e+00   9.7883000e+00
   6.1305000e+00   6.1420000e+00   6.0401000e+00   5.9764000e+00   9.4734000e+00   9.7562000e+00
   6.1603000e+00   6.1637000e+00   6.0787000e+00   6.0035000e+00   9.5183000e+00   9.8099000e+00
   6.2729000e+00   6.2215000e+00   6.1546000e+00   6.0426000e+00   9.4834000e+00   9.6886000e+00
   6.3753000e+00   6.1948000e+00   6.2414000e+00   6.1408000e+00   9.3867000e+00   9.4955000e+00
   6.4440000e+00   6.2540000e+00   6.3042000e+00   6.1985000e+00   9.2324000e+00   9.2887000e+00
   6.4276000e+00   6.2884000e+00   6.3156000e+00   6.2182000e+00   9.0964000e+00   9.0602000e+00
   6.3622000e+00   6.2464000e+00   6.2848000e+00   6.2017000e+00   8.9787000e+00   8.8413000e+00
   6.2907000e+00   6.1983000e+00   6.2471000e+00   6.1819000e+00   8.8375000e+00   8.6518000e+00
