  -1.5594600e+01  -1.5561200e+01  -1.5575600e+01  -1.5573700e+01  -1.3041400e+01  -1.3211900e+01
  -1.5582800e+01  -1.5563400e+01  -1.5571000e+01  -1.5573900e+01  -1.3141400e+01  -1.3173900e+01
  -1.5576000e+01  -1.5564100e+01  -1.5566400e+01  -1.5573100e+01  -1.3195900e+01  -1.3140100e+01
  -1.5565600e+01  -1.5572500e+01  -1.5561900e+01  -1.5568500e+01  -1.3212400e+01  -1.3109300e+01
  -1.5523200e+01  -1.5545400e+01  -1.5524000e+01  -1.5527400e+01  -1.3186400e+01  -1.3068400e+01
  -1.5480100e+01  -1.5506700e+01  -1.5480700e+01  -1.5480800e+01  -1.3139700e+01  -1.3028200e+01
  -1.5435000e+01  -1.5465800e+01  -1.5439100e+01  -1.5439400e+01  -1.3093600e+01  -1.3000000e+01
  -1.5394400e+01  -1.5425000e+01  -1.5396300e+01  -1.5393200e+01  -1.3058100e+01  -1.3012100e+01
  -1.5373000e+01  -1.5403500e+01  -1.5372300e+01  -1.5366500e+01  -1.3060400e+01  -1.3042800e+01
  -1.5344900e+01  -1.5375700e+01  -1.5345800e+01  -1.5339700e+01  -1.3084800e+01  -1.3092200e+01
  -1.5312800e+01  -1.5342500e+01  -1.5314300e+01  -1.5309700e+01  -1.3119400e+01  -1.3175500e+01
  -1.5278900e+01  -1.5312700e+01  -1.5286300e+01  -1.5284700e+01  -1.3145600e+01  -1.3296300e+01
  -1.5258800e+01  -1.5300000e+01  -1.5273600e+01  -1.5276100e+01  -1.3217100e+01  -1.3421600e+01
  -1.5241500e+01  -1.5292600e+01  -1.5259400e+01  -1.5263200e+01  -1.3291300e+01  -1.3575300e+01
  -1.5223900e+01  -1.5285800e+01  -1.5246700e+01  -1.5252800e+01  -1.3424700e+01  -1.3738100e+01
  -1.5220000e+01  -1.5284600e+01  -1.5241800e+01  -1.5247200e+01  -1.3602100e+01  -1.3832300e+01
  -1.5179100e+01  -1.5257700e+01  -1.5206500e+01  -1.5214300e+01  -1.3671000e+01  -1.3910600e+01
  -1.5102700e+01  -1.5187400e+01  -1.5133100e+01  -1.5140200e+01  -1.3721700e+01  -1.3985500e+01
  -1.5051300e+01  -1.5114200e+01  -1.5069600e+01  -1.5072000e+01  -1.3872400e+01  -1.4084000e+01
  -1.5031000e+01  -1.5076800e+01  -1.5033200e+01  -1.5031000e+01  -1.4107500e+01  -1.4305300e+01
  -1.4995500e+01  -1.5050200e+01  -1.4994800e+01  -1.4995100e+01  -1.4476100e+01  -1.4598000e+01
  -1.4955100e+01  -1.4960300e+01  -1.4914900e+01  -1.4908200e+01  -1.4845900e+01  -1.4894700e+01
  -1.5019200e+01  -1.4914700e+01  -1.4923600e+01  -1.4898300e+01  -1.4842200e+01  -1.4887400e+01
  -1.4988100e+01  -1.4962600e+01  -1.4917900e+01  -1.4894800e+01  -1.4843200e+01  -1.4884200e+01
  -1.4930400e+01  -1.4898700e+01  -1.4868600e+01  -1.4832300e+01  -1.4697700e+01  -1.4669100e+01
  -1.4944600e+01  -1.4872300e+01  -1.4885500e+01  -1.4832200e+01  -1.4367000e+01  -1.4316100e+01
  -1.4880800e+01  -1.4882600e+01  -1.4855100e+01  -1.4822700e+01  -1.3938800e+01  -1.3870100e+01
  -1.4639200e+01  -1.4803800e+01  -1.4669200e+01  -1.4684300e+01  -1.3433200e+01  -1.3393100e+01
  -1.4315900e+01  -1.4592500e+01  -1.4379900e+01  -1.4437000e+01  -1.2998700e+01  -1.2976300e+01
  -1.3909600e+01  -1.4288000e+01  -1.4006500e+01  -1.4128500e+01  -1.2548100e+01  -1.2537800e+01
  -1.3428900e+01  -1.3890400e+01  -1.3588900e+01  -1.3778800e+01  -1.2016000e+01  -1.2047600e+01
  -1.2956200e+01  -1.3488300e+01  -1.3185800e+01  -1.3408900e+01  -1.1537900e+01  -1.1641700e+01
  -1.2536800e+01  -1.3118100e+01  -1.2824400e+01  -1.3050700e+01  -1.1116500e+01  -1.1309900e+01
  -1.2188000e+01  -1.2781700e+01  -1.2488400e+01  -1.2692200e+01  -1.0693200e+01  -1.0982200e+01
  -1.1845000e+01  -1.2437900e+01  -1.2157200e+01  -1.2347200e+01  -1.0319200e+01  -1.0662900e+01
  -1.1522500e+01  -1.2105300e+01  -1.1834400e+01  -1.2012800e+01  -9.9959000e+00  -1.0378700e+01
  -1.1210800e+01  -1.1768500e+01  -1.1524700e+01  -1.1706600e+01  -9.7038000e+00  -1.0123000e+01
  -1.0922100e+01  -1.1512900e+01  -1.1252400e+01  -1.1467700e+01  -9.4361000e+00  -9.8735000e+00
  -1.0653100e+01  -1.1346000e+01  -1.1001500e+01  -1.1252100e+01  -9.1687000e+00  -9.6206000e+00
  -1.0390900e+01  -1.1167200e+01  -1.0745400e+01  -1.0998300e+01  -8.8898000e+00  -9.3717000e+00
  -1.0121600e+01  -1.0914200e+01  -1.0469800e+01  -1.0712800e+01  -8.6110000e+00  -9.1267000e+00
  -9.8530000e+00  -1.0632600e+01  -1.0198000e+01  -1.0447600e+01  -8.3419000e+00  -8.8920000e+00
  -9.6079000e+00  -1.0384100e+01  -9.9442000e+00  -1.0199100e+01  -8.0875000e+00  -8.6711000e+00
  -9.4050000e+00  -1.0144400e+01  -9.7053000e+00  -9.9444000e+00  -7.8517000e+00  -8.4563000e+00
  -9.2432000e+00  -9.8770000e+00  -9.4933000e+00  -9.7106000e+00  -7.6339000e+00  -8.2393000e+00
  -9.1164000e+00  -9.6109000e+00  -9.3303000e+00  -9.5292000e+00  -7.4387000e+00  -8.0247000e+00
  -9.0041000e+00  -9.4000000e+00  -9.2079000e+00  -9.3901000e+00  -7.2633000e+00  -7.8169000e+00
  -8.8952000e+00  -9.2605000e+00  -9.1168000e+00  -9.3023000e+00  -7.1012000e+00  -7.6195000e+00
  -8.7953000e+00  -9.1822000e+00  -9.0481000e+00  -9.2471000e+00  -6.9478000e+00  -7.4349000e+00
  -8.7129000e+00  -9.1494000e+00  -9.0054000e+00  -9.2227000e+00  -6.8037000e+00  -7.2649000e+00
  -8.6564000e+00  -9.1540000e+00  -8.9950000e+00  -9.2240000e+00  -6.6650000e+00  -7.1143000e+00
  -8.6321000e+00  -9.1813000e+00  -9.0112000e+00  -9.2406000e+00  -6.5348000e+00  -6.9860000e+00
  -8.6527000e+00  -9.2251000e+00  -9.0633000e+00  -9.2964000e+00  -6.4230000e+00  -6.8809000e+00
  -8.7253000e+00  -9.3012000e+00  -9.1601000e+00  -9.3887000e+00  -6.3339000e+00  -6.8025000e+00
  -8.8535000e+00  -9.4010000e+00  -9.3064000e+00  -9.5253000e+00  -6.2695000e+00  -6.7532000e+00
  -9.0476000e+00  -9.5501000e+00  -9.5001000e+00  -9.6985000e+00  -6.2368000e+00  -6.7222000e+00
  -9.2897000e+00  -9.7363000e+00  -9.7323000e+00  -9.9304000e+00  -6.2477000e+00  -6.6901000e+00
  -9.5693000e+00  -9.9803000e+00  -1.0025500e+01  -1.0226800e+01  -6.3117000e+00  -6.6674000e+00
  -9.9327000e+00  -1.0293700e+01  -1.0359600e+01  -1.0532300e+01  -6.4228000e+00  -6.6616000e+00
  -1.0296100e+01  -1.0583900e+01  -1.0657300e+01  -1.0811900e+01  -6.5191000e+00  -6.6904000e+00
  -1.0623300e+01  -1.0898100e+01  -1.0976200e+01  -1.1135300e+01  -6.6034000e+00  -6.7805000e+00
  -1.1019400e+01  -1.1277600e+01  -1.1365000e+01  -1.1514200e+01  -6.7146000e+00  -6.8601000e+00
  -1.1481000e+01  -1.1679500e+01  -1.1786200e+01  -1.1914300e+01  -6.8891000e+00  -6.9576000e+00
  -1.1944100e+01  -1.2085400e+01  -1.2186000e+01  -1.2293900e+01  -7.0285000e+00  -7.0451000e+00
  -1.2389800e+01  -1.2490300e+01  -1.2587500e+01  -1.2681700e+01  -7.1075000e+00  -7.1246000e+00
  -1.2777500e+01  -1.2835900e+01  -1.2944800e+01  -1.3035700e+01  -7.1915000e+00  -7.1505000e+00
  -1.3121300e+01  -1.3171100e+01  -1.3246000e+01  -1.3322000e+01  -7.2562000e+00  -7.1658000e+00
  -1.3446500e+01  -1.3468200e+01  -1.3564600e+01  -1.3654400e+01  -7.2494000e+00  -7.1893000e+00
  -1.3790200e+01  -1.3808700e+01  -1.3890700e+01  -1.3984400e+01  -7.2859000e+00  -7.2181000e+00
  -1.4034100e+01  -1.4062100e+01  -1.4122400e+01  -1.4217300e+01  -7.3523000e+00  -7.3441000e+00
  -1.4245100e+01  -1.4309300e+01  -1.4348500e+01  -1.4451300e+01  -7.4820000e+00  -7.8221000e+00
  -1.4482500e+01  -1.4578500e+01  -1.4600800e+01  -1.4706900e+01  -7.8318000e+00  -8.6885000e+00
  -1.4706500e+01  -1.4843800e+01  -1.4834800e+01  -1.4936700e+01  -8.5920000e+00  -9.4664000e+00
  -1.4896100e+01  -1.5057900e+01  -1.5021800e+01  -1.5111000e+01  -9.4270000e+00  -1.0012000e+01
  -1.5061000e+01  -1.5215200e+01  -1.5173700e+01  -1.5246900e+01  -1.0048000e+01  -1.0442700e+01
  -1.5209400e+01  -1.5344300e+01  -1.5310800e+01  -1.5375200e+01  -1.0486300e+01  -1.0929500e+01
  -1.5347800e+01  -1.5465100e+01  -1.5444600e+01  -1.5510000e+01  -1.0888800e+01  -1.1396300e+01
  -1.5498400e+01  -1.5603700e+01  -1.5592500e+01  -1.5660000e+01  -1.1299500e+01  -1.1819700e+01
  -1.5641500e+01  -1.5738700e+01  -1.5722300e+01  -1.5787100e+01  -1.1703900e+01  -1.2156800e+01
  -1.5762200e+01  -1.5841500e+01  -1.5825900e+01  -1.5885300e+01  -1.2081500e+01  -1.2446100e+01
  -1.5871700e+01  -1.5931400e+01  -1.5918400e+01  -1.5971400e+01  -1.2366100e+01  -1.2733400e+01
  -1.5957600e+01  -1.6007100e+01  -1.5992300e+01  -1.6042000e+01  -1.2621300e+01  -1.2976000e+01
  -1.6018400e+01  -1.6067700e+01  -1.6045700e+01  -1.6093100e+01  -1.2853100e+01  -1.3164600e+01
  -1.6059000e+01  -1.6119000e+01  -1.6087200e+01  -1.6135000e+01  -1.3057400e+01  -1.3322000e+01
  -1.6090600e+01  -1.6169600e+01  -1.6129900e+01  -1.6186000e+01  -1.3232300e+01  -1.3458700e+01
  -1.6123300e+01  -1.6223800e+01  -1.6179500e+01  -1.6246000e+01  -1.3365500e+01  -1.3609700e+01
  -1.6164000e+01  -1.6277800e+01  -1.6229300e+01  -1.6300500e+01  -1.3500100e+01  -1.3790200e+01
  -1.6231200e+01  -1.6345100e+01  -1.6299000e+01  -1.6366700e+01  -1.3664400e+01  -1.3968500e+01
  -1.6314900e+01  -1.6427100e+01  -1.6378100e+01  -1.6438100e+01  -1.3825600e+01  -1.4089200e+01
  -1.6388400e+01  -1.6501300e+01  -1.6451000e+01  -1.6504700e+01  -1.3945400e+01  -1.4155300e+01
  -1.6457900e+01  -1.6553900e+01  -1.6507400e+01  -1.6552900e+01  -1.4048100e+01  -1.4221200e+01
  -1.6522700e+01  -1.6585400e+01  -1.6546400e+01  -1.6580300e+01  -1.4205700e+01  -1.4312600e+01
  -1.6564600e+01  -1.6598100e+01  -1.6563900e+01  -1.6583600e+01  -1.4377800e+01  -1.4389100e+01
  -1.6586500e+01  -1.6592100e+01  -1.6568000e+01  -1.6578400e+01  -1.4483400e+01  -1.4419700e+01
  -1.6619700e+01  -1.6594500e+01  -1.6584100e+01  -1.6589500e+01  -1.4502600e+01  -1.4413600e+01
  -1.6657000e+01  -1.6605000e+01  -1.6599400e+01  -1.6593000e+01  -1.4501600e+01  -1.4398900e+01
  -1.6683400e+01  -1.6623900e+01  -1.6618400e+01  -1.6602800e+01  -1.4475300e+01  -1.4376700e+01
  -1.6711400e+01  -1.6668500e+01  -1.6656800e+01  -1.6640000e+01  -1.4425400e+01  -1.4365400e+01
  -1.6725700e+01  -1.6721400e+01  -1.6698000e+01  -1.6700200e+01  -1.4352700e+01  -1.4385600e+01
  -1.6732400e+01  -1.6765700e+01  -1.6721100e+01  -1.6742900e+01  -1.4353900e+01  -1.4458500e+01
  -1.6736800e+01  -1.6784000e+01  -1.6730300e+01  -1.6761500e+01  -1.4474100e+01  -1.4511000e+01
  -1.6739400e+01  -1.6777600e+01  -1.6726100e+01  -1.6759600e+01  -1.4592900e+01  -1.4572600e+01
  -1.6777300e+01  -1.6771700e+01  -1.6741900e+01  -1.6766000e+01  -1.4653900e+01  -1.4643200e+01
  -1.6837800e+01  -1.6796600e+01  -1.6776700e+01  -1.6780200e+01  -1.4746900e+01  -1.4733500e+01
  -1.6872600e+01  -1.6823300e+01  -1.6811000e+01  -1.6806300e+01  -1.4834100e+01  -1.4869200e+01
  -1.6916600e+01  -1.6874300e+01  -1.6852300e+01  -1.6845200e+01  -1.4892700e+01  -1.5045300e+01
  -1.6913400e+01  -1.6914200e+01  -1.6854600e+01  -1.6857200e+01  -1.4984300e+01  -1.5231900e+01
  -1.6841800e+01  -1.6882600e+01  -1.6788300e+01  -1.6800400e+01  -1.5106300e+01  -1.5352100e+01
  -1.6719800e+01  -1.6785300e+01  -1.6674200e+01  -1.6689900e+01  -1.5256200e+01  -1.5399900e+01
  -1.6583900e+01  -1.6649800e+01  -1.6548800e+01  -1.6561000e+01  -1.5429500e+01  -1.5413900e+01
  -1.6497500e+01  -1.6538800e+01  -1.6454500e+01  -1.6454200e+01  -1.5599300e+01  -1.5435200e+01
  -1.6474800e+01  -1.6477000e+01  -1.6409000e+01  -1.6391100e+01  -1.5688500e+01  -1.5494100e+01
  -1.6497700e+01  -1.6477400e+01  -1.6424600e+01  -1.6404000e+01  -1.5693000e+01  -1.5576800e+01
  -1.6534400e+01  -1.6522400e+01  -1.6468300e+01  -1.6454200e+01  -1.5672900e+01  -1.5662300e+01
  -1.6551400e+01  -1.6561200e+01  -1.6496300e+01  -1.6492500e+01  -1.5647600e+01  -1.5755300e+01
  -1.6543700e+01  -1.6581300e+01  -1.6498000e+01  -1.6502600e+01  -1.5693400e+01  -1.5886100e+01
  -1.6511800e+01  -1.6577100e+01  -1.6475900e+01  -1.6495200e+01  -1.5666200e+01  -1.5795800e+01
  -1.6372900e+01  -1.6503500e+01  -1.6370200e+01  -1.6443200e+01  -1.5569900e+01  -1.5581400e+01
  -1.6002300e+01  -1.6332000e+01  -1.6174100e+01  -1.6266700e+01  -1.5347200e+01  -1.5268300e+01
  -1.5793000e+01  -1.6001600e+01  -1.5793200e+01  -1.5804200e+01  -1.4978500e+01  -1.4852900e+01
  -1.5481300e+01  -1.5632700e+01  -1.5525400e+01  -1.5584900e+01  -1.4526000e+01  -1.4374600e+01
  -1.5148300e+01  -1.5448200e+01  -1.5253300e+01  -1.5338900e+01  -1.4021400e+01  -1.3837800e+01
  -1.4673900e+01  -1.5144000e+01  -1.4880200e+01  -1.5017000e+01  -1.3468700e+01  -1.3256900e+01
  -1.4198800e+01  -1.4728000e+01  -1.4462600e+01  -1.4642200e+01  -1.2860300e+01  -1.2595600e+01
  -1.3762600e+01  -1.4310500e+01  -1.4037300e+01  -1.4199800e+01  -1.2155100e+01  -1.1918100e+01
  -1.3253100e+01  -1.3845700e+01  -1.3562500e+01  -1.3735000e+01  -1.1538500e+01  -1.1314700e+01
  -1.2830100e+01  -1.3384900e+01  -1.3154700e+01  -1.3345000e+01  -1.0896800e+01  -1.0743100e+01
  -1.2473700e+01  -1.3015200e+01  -1.2799300e+01  -1.3011900e+01  -1.0301100e+01  -1.0163300e+01
  -1.2099100e+01  -1.2695200e+01  -1.2494600e+01  -1.2734900e+01  -9.6898000e+00  -9.5879000e+00
  -1.1777800e+01  -1.2389600e+01  -1.2186000e+01  -1.2400000e+01  -9.0365000e+00  -8.9773000e+00
  -1.1468200e+01  -1.2062000e+01  -1.1868400e+01  -1.2060200e+01  -8.3390000e+00  -8.3382000e+00
  -1.1166400e+01  -1.1744200e+01  -1.1568800e+01  -1.1747400e+01  -7.7567000e+00  -7.7980000e+00
  -1.0912300e+01  -1.1470200e+01  -1.1314300e+01  -1.1487800e+01  -7.2931000e+00  -7.3825000e+00
  -1.0722800e+01  -1.1273200e+01  -1.1121800e+01  -1.1305500e+01  -6.9068000e+00  -7.0402000e+00
  -1.0557800e+01  -1.1150600e+01  -1.0963100e+01  -1.1177100e+01  -6.5171000e+00  -6.7265000e+00
  -1.0391400e+01  -1.1063500e+01  -1.0835000e+01  -1.1094200e+01  -6.1363000e+00  -6.4097000e+00
  -1.0258900e+01  -1.1028500e+01  -1.0761700e+01  -1.1068000e+01  -5.8163000e+00  -6.0885000e+00
  -1.0136800e+01  -1.1033300e+01  -1.0708000e+01  -1.1069500e+01  -5.5480000e+00  -5.8309000e+00
  -1.0019800e+01  -1.0999000e+01  -1.0631800e+01  -1.1019800e+01  -5.3413000e+00  -5.6501000e+00
  -9.9444000e+00  -1.0961200e+01  -1.0575300e+01  -1.0961800e+01  -5.1563000e+00  -5.5526000e+00
  -9.8960000e+00  -1.0914000e+01  -1.0536900e+01  -1.0918700e+01  -4.9860000e+00  -5.4174000e+00
  -9.8360000e+00  -1.0823600e+01  -1.0475700e+01  -1.0848100e+01  -4.9049000e+00  -5.2938000e+00
  -9.8525000e+00  -1.0752800e+01  -1.0449000e+01  -1.0780100e+01  -4.7842000e+00  -4.9891000e+00
  -1.0009100e+01  -1.0891900e+01  -1.0576700e+01  -1.0890900e+01  -4.5956000e+00  -4.7364000e+00
  -1.0048700e+01  -1.1002400e+01  -1.0655400e+01  -1.1063300e+01  -4.3769000e+00  -4.5628000e+00
  -1.0193100e+01  -1.1338800e+01  -1.0915300e+01  -1.1472700e+01  -4.1625000e+00  -4.4521000e+00
  -1.0264100e+01  -1.1695200e+01  -1.1065100e+01  -1.1567400e+01  -4.1293000e+00  -4.3748000e+00
  -1.0429200e+01  -1.1638700e+01  -1.1194900e+01  -1.1650900e+01  -4.0802000e+00  -4.2031000e+00
  -1.0866100e+01  -1.1796200e+01  -1.1650800e+01  -1.2173500e+01  -3.9181000e+00  -4.0936000e+00
  -1.1127100e+01  -1.1957000e+01  -1.1871600e+01  -1.2421800e+01  -3.8096000e+00  -4.0330000e+00
  -1.1220000e+01  -1.2148100e+01  -1.1993200e+01  -1.2565200e+01  -3.7489000e+00  -3.9616000e+00
  -1.1386900e+01  -1.2455400e+01  -1.2242200e+01  -1.2797000e+01  -3.7417000e+00  -3.9237000e+00
  -1.1763000e+01  -1.2726100e+01  -1.2544900e+01  -1.3082100e+01  -3.7604000e+00  -3.9311000e+00
  -1.2059100e+01  -1.3055600e+01  -1.2829900e+01  -1.3360600e+01  -3.7712000e+00  -3.9684000e+00
  -1.2270600e+01  -1.3184500e+01  -1.2970600e+01  -1.3467100e+01  -3.8084000e+00  -4.0165000e+00
  -1.2420400e+01  -1.3248400e+01  -1.2955300e+01  -1.3365300e+01  -3.8569000e+00  -4.0740000e+00
  -1.2525000e+01  -1.3313700e+01  -1.2931500e+01  -1.3250000e+01  -3.9561000e+00  -4.2509000e+00
  -1.2792500e+01  -1.3303300e+01  -1.3153500e+01  -1.3447800e+01  -4.1019000e+00  -4.4611000e+00
  -1.3279900e+01  -1.3713900e+01  -1.3584900e+01  -1.3870300e+01  -4.3109000e+00  -4.9507000e+00
  -1.3665600e+01  -1.3950900e+01  -1.3943600e+01  -1.4172700e+01  -4.6083000e+00  -5.4989000e+00
  -1.4024900e+01  -1.4075000e+01  -1.4231000e+01  -1.4391600e+01  -5.1727000e+00  -5.7924000e+00
  -1.4224500e+01  -1.4251800e+01  -1.4372700e+01  -1.4547000e+01  -5.6771000e+00  -6.2006000e+00
  -1.3998800e+01  -1.4513800e+01  -1.4374300e+01  -1.4714100e+01  -6.0405000e+00  -6.8596000e+00
  -1.4227100e+01  -1.4783100e+01  -1.4567000e+01  -1.4816700e+01  -6.4705000e+00  -7.2467000e+00
  -1.4395000e+01  -1.4845100e+01  -1.4680100e+01  -1.4919900e+01  -7.1662000e+00  -7.6514000e+00
  -1.4665900e+01  -1.5159000e+01  -1.5016100e+01  -1.5256300e+01  -7.5738000e+00  -8.1891000e+00
  -1.4933900e+01  -1.5276600e+01  -1.5114600e+01  -1.5263200e+01  -8.0654000e+00  -8.7142000e+00
  -1.4992700e+01  -1.5290800e+01  -1.5159200e+01  -1.5310400e+01  -8.8364000e+00  -9.1890000e+00
  -1.4900200e+01  -1.5408500e+01  -1.5166600e+01  -1.5340300e+01  -9.2595000e+00  -9.7298000e+00
  -1.4852100e+01  -1.5486200e+01  -1.5174900e+01  -1.5353700e+01  -9.6696000e+00  -1.0188700e+01
  -1.5170700e+01  -1.5639000e+01  -1.5389400e+01  -1.5555700e+01  -1.0143600e+01  -1.0518400e+01
  -1.5353100e+01  -1.5785800e+01  -1.5587900e+01  -1.5764300e+01  -1.0501600e+01  -1.0727100e+01
  -1.5529900e+01  -1.5913800e+01  -1.5727000e+01  -1.5897800e+01  -1.0712700e+01  -1.0925900e+01
  -1.5597200e+01  -1.6035400e+01  -1.5782100e+01  -1.5941000e+01  -1.0913100e+01  -1.1061500e+01
  -1.5564600e+01  -1.5979900e+01  -1.5700600e+01  -1.5828800e+01  -1.1037100e+01  -1.1297900e+01
  -1.5473800e+01  -1.5920000e+01  -1.5618400e+01  -1.5734300e+01  -1.1257700e+01  -1.1525000e+01
  -1.5353800e+01  -1.5805300e+01  -1.5511900e+01  -1.5632300e+01  -1.1405800e+01  -1.1744000e+01
  -1.5349200e+01  -1.5609600e+01  -1.5463300e+01  -1.5557000e+01  -1.1423700e+01  -1.1823200e+01
  -1.5341100e+01  -1.5585700e+01  -1.5482100e+01  -1.5601000e+01  -1.1403200e+01  -1.1766000e+01
  -1.5434400e+01  -1.5710400e+01  -1.5569800e+01  -1.5702700e+01  -1.1403700e+01  -1.1628800e+01
  -1.5478200e+01  -1.5821400e+01  -1.5606800e+01  -1.5714400e+01  -1.1429900e+01  -1.1653500e+01
  -1.5435400e+01  -1.5760300e+01  -1.5611200e+01  -1.5676200e+01  -1.1522700e+01  -1.1711200e+01
  -1.5425700e+01  -1.5841500e+01  -1.5607500e+01  -1.5698200e+01  -1.1475900e+01  -1.1836100e+01
  -1.5361600e+01  -1.5865600e+01  -1.5532400e+01  -1.5628400e+01  -1.1750300e+01  -1.1985200e+01
  -1.5348300e+01  -1.5876900e+01  -1.5536600e+01  -1.5660600e+01  -1.2012000e+01  -1.2080100e+01
  -1.5300200e+01  -1.5728800e+01  -1.5494700e+01  -1.5626300e+01  -1.2125300e+01  -1.2178000e+01
  -1.5286600e+01  -1.5684100e+01  -1.5495500e+01  -1.5613100e+01  -1.2372100e+01  -1.2278100e+01
  -1.5336000e+01  -1.5730800e+01  -1.5508900e+01  -1.5596900e+01  -1.2499400e+01  -1.2420200e+01
  -1.5480300e+01  -1.5895100e+01  -1.5641900e+01  -1.5719100e+01  -1.2659400e+01  -1.2494500e+01
  -1.5610100e+01  -1.6053000e+01  -1.5748100e+01  -1.5735300e+01  -1.2755100e+01  -1.2747400e+01
  -1.5714100e+01  -1.6038000e+01  -1.5656700e+01  -1.5589100e+01  -1.2828000e+01  -1.2848000e+01
  -1.5814200e+01  -1.6210000e+01  -1.5784000e+01  -1.5706800e+01  -1.3086200e+01  -1.2860100e+01
  -1.5937100e+01  -1.6574400e+01  -1.5986800e+01  -1.6062700e+01  -1.3460800e+01  -1.2947300e+01
  -1.6468100e+01  -1.6967400e+01  -1.6569900e+01  -1.6687400e+01  -1.3753300e+01  -1.3114100e+01
  -1.6813700e+01  -1.6943400e+01  -1.6700600e+01  -1.6710000e+01  -1.4051700e+01  -1.3437500e+01
  -1.6761900e+01  -1.6730900e+01  -1.6460200e+01  -1.6339500e+01  -1.4314800e+01  -1.3772400e+01
  -1.6303200e+01  -1.6318600e+01  -1.6066400e+01  -1.5941800e+01  -1.4499300e+01  -1.4200000e+01
  -1.5964900e+01  -1.6201300e+01  -1.5882200e+01  -1.5812800e+01  -1.4511900e+01  -1.4450600e+01
  -1.6074700e+01  -1.6328800e+01  -1.5961000e+01  -1.5871600e+01  -1.4555900e+01  -1.4595900e+01
  -1.6360200e+01  -1.6496500e+01  -1.6308500e+01  -1.6312600e+01  -1.4695900e+01  -1.4698200e+01
  -1.6625000e+01  -1.6489100e+01  -1.6526700e+01  -1.6545000e+01  -1.4717200e+01  -1.4516300e+01
  -1.6618000e+01  -1.6553800e+01  -1.6646900e+01  -1.6686900e+01  -1.4953700e+01  -1.4524400e+01
  -1.7018100e+01  -1.7109700e+01  -1.6922800e+01  -1.6889000e+01  -1.4986400e+01  -1.4580200e+01
  -1.7203400e+01  -1.7262500e+01  -1.7202900e+01  -1.7230600e+01  -1.4786500e+01  -1.4773200e+01
  -1.7376700e+01  -1.7453000e+01  -1.7286900e+01  -1.7219500e+01  -1.4993400e+01  -1.4851500e+01
  -1.7456600e+01  -1.7463700e+01  -1.7401900e+01  -1.7369200e+01  -1.5473700e+01  -1.4985500e+01
  -1.7352400e+01  -1.7391600e+01  -1.7318500e+01  -1.7301800e+01  -1.5843400e+01  -1.5243700e+01
  -1.7314100e+01  -1.7425500e+01  -1.7265400e+01  -1.7255300e+01  -1.6178400e+01  -1.5513700e+01
  -1.7358400e+01  -1.7409100e+01  -1.7281300e+01  -1.7265100e+01  -1.6331100e+01  -1.5825400e+01
  -1.7393300e+01  -1.7446800e+01  -1.7316500e+01  -1.7297500e+01  -1.6495400e+01  -1.6168900e+01
  -1.7348500e+01  -1.7377000e+01  -1.7276900e+01  -1.7277700e+01  -1.6589900e+01  -1.6345400e+01
  -1.7346000e+01  -1.7377100e+01  -1.7253100e+01  -1.7212700e+01  -1.6586800e+01  -1.6316600e+01
  -1.7342200e+01  -1.7391800e+01  -1.7250000e+01  -1.7217200e+01  -1.6525800e+01  -1.6198200e+01
  -1.7380100e+01  -1.7386500e+01  -1.7254600e+01  -1.7213700e+01  -1.6506400e+01  -1.6157600e+01
  -1.7312900e+01  -1.7278600e+01  -1.7186700e+01  -1.7156100e+01  -1.6382400e+01  -1.6048900e+01
  -1.7171400e+01  -1.7150900e+01  -1.7070000e+01  -1.7049400e+01  -1.6193900e+01  -1.5869600e+01
  -1.7058800e+01  -1.7033900e+01  -1.6979400e+01  -1.6973200e+01  -1.5958300e+01  -1.5677100e+01
  -1.7002100e+01  -1.6977500e+01  -1.6926900e+01  -1.6922600e+01  -1.5701700e+01  -1.5463500e+01
  -1.6963900e+01  -1.6945400e+01  -1.6892200e+01  -1.6893000e+01  -1.5402500e+01  -1.5175800e+01
  -1.6915700e+01  -1.6889600e+01  -1.6840100e+01  -1.6843200e+01  -1.5119200e+01  -1.4823800e+01
  -1.6856500e+01  -1.6829200e+01  -1.6777500e+01  -1.6779700e+01  -1.4776100e+01  -1.4474300e+01
  -1.6774600e+01  -1.6744000e+01  -1.6704500e+01  -1.6716700e+01  -1.4383400e+01  -1.4103100e+01
  -1.6665500e+01  -1.6649700e+01  -1.6619400e+01  -1.6648200e+01  -1.4077700e+01  -1.3745900e+01
  -1.6500700e+01  -1.6542700e+01  -1.6505600e+01  -1.6549700e+01  -1.3736800e+01  -1.3466200e+01
  -1.6361200e+01  -1.6359500e+01  -1.6346600e+01  -1.6407700e+01  -1.3432300e+01  -1.3168100e+01
  -1.6285700e+01  -1.6229800e+01  -1.6247600e+01  -1.6284100e+01  -1.3278800e+01  -1.2847600e+01
  -1.6226000e+01  -1.6202000e+01  -1.6167100e+01  -1.6195500e+01  -1.3158400e+01  -1.2608900e+01
  -1.6284400e+01  -1.6301400e+01  -1.6180300e+01  -1.6194900e+01  -1.2970400e+01  -1.2460400e+01
  -1.6463400e+01  -1.6483200e+01  -1.6304500e+01  -1.6298000e+01  -1.2735500e+01  -1.2366800e+01
  -1.6568000e+01  -1.6581900e+01  -1.6451500e+01  -1.6469900e+01  -1.2554100e+01  -1.2168000e+01
  -1.6660900e+01  -1.6655300e+01  -1.6536100e+01  -1.6548900e+01  -1.2410900e+01  -1.1967700e+01
  -1.6725000e+01  -1.6725100e+01  -1.6606000e+01  -1.6624200e+01  -1.2354800e+01  -1.1874500e+01
  -1.6834900e+01  -1.6830200e+01  -1.6713300e+01  -1.6732400e+01  -1.2348700e+01  -1.1847900e+01
  -1.6982700e+01  -1.6986800e+01  -1.6847000e+01  -1.6860500e+01  -1.2358900e+01  -1.1969900e+01
  -1.7132300e+01  -1.7125700e+01  -1.7002700e+01  -1.7027700e+01  -1.2113900e+01  -1.1985300e+01
  -1.7232700e+01  -1.7211300e+01  -1.7113200e+01  -1.7146000e+01  -1.1802000e+01  -1.1935200e+01
  -1.7296400e+01  -1.7249800e+01  -1.7156900e+01  -1.7193500e+01  -1.1688200e+01  -1.1773100e+01
  -1.7407900e+01  -1.7357700e+01  -1.7205300e+01  -1.7203800e+01  -1.1670500e+01  -1.1532900e+01
  -1.7578400e+01  -1.7529900e+01  -1.7351900e+01  -1.7345500e+01  -1.1711200e+01  -1.1378100e+01
  -1.7733800e+01  -1.7658000e+01  -1.7495500e+01  -1.7499600e+01  -1.1802200e+01  -1.1415800e+01
  -1.7853600e+01  -1.7778100e+01  -1.7632500e+01  -1.7661000e+01  -1.1811200e+01  -1.1562700e+01
  -1.7971200e+01  -1.7897200e+01  -1.7762700e+01  -1.7791200e+01  -1.1742100e+01  -1.1708700e+01
  -1.7980000e+01  -1.7874600e+01  -1.7807100e+01  -1.7890000e+01  -1.1690000e+01  -1.1824400e+01
  -1.7895800e+01  -1.7789600e+01  -1.7746200e+01  -1.7811500e+01  -1.1716900e+01  -1.1885500e+01
  -1.7820600e+01  -1.7747800e+01  -1.7693400e+01  -1.7755100e+01  -1.1758500e+01  -1.1888600e+01
  -1.7762700e+01  -1.7677700e+01  -1.7633000e+01  -1.7682300e+01  -1.1808300e+01  -1.1931500e+01
  -1.7675000e+01  -1.7597000e+01  -1.7592600e+01  -1.7648400e+01  -1.1931400e+01  -1.2001800e+01
  -1.7621800e+01  -1.7551700e+01  -1.7552300e+01  -1.7610400e+01  -1.2114800e+01  -1.2088100e+01
  -1.7627700e+01  -1.7540500e+01  -1.7540600e+01  -1.7584700e+01  -1.2329200e+01  -1.2224800e+01
  -1.7674600e+01  -1.7599100e+01  -1.7561300e+01  -1.7581700e+01  -1.2501400e+01  -1.2395400e+01
  -1.7767200e+01  -1.7707100e+01  -1.7647200e+01  -1.7659800e+01  -1.2641200e+01  -1.2592900e+01
  -1.7844200e+01  -1.7791700e+01  -1.7741600e+01  -1.7760900e+01  -1.2854300e+01  -1.2797900e+01
  -1.7864300e+01  -1.7814500e+01  -1.7784000e+01  -1.7810000e+01  -1.3088200e+01  -1.3022800e+01
  -1.7871100e+01  -1.7836800e+01  -1.7774300e+01  -1.7779400e+01  -1.3325300e+01  -1.3310700e+01
  -1.7965400e+01  -1.7931600e+01  -1.7828200e+01  -1.7801400e+01  -1.3595500e+01  -1.3579700e+01
  -1.8042300e+01  -1.8026200e+01  -1.7944300e+01  -1.7932800e+01  -1.3896400e+01  -1.3821600e+01
  -1.8062900e+01  -1.8054700e+01  -1.8012700e+01  -1.8019400e+01  -1.4171600e+01  -1.4135700e+01
  -1.8011500e+01  -1.7972500e+01  -1.7977800e+01  -1.7973900e+01  -1.4443300e+01  -1.4491900e+01
  -1.7959600e+01  -1.7938000e+01  -1.7912800e+01  -1.7917400e+01  -1.4707500e+01  -1.4806500e+01
  -1.7996700e+01  -1.7981100e+01  -1.7948600e+01  -1.7958300e+01  -1.4956400e+01  -1.5074700e+01
  -1.7988600e+01  -1.7984100e+01  -1.7976800e+01  -1.8004800e+01  -1.5246800e+01  -1.5325500e+01
  -1.7932000e+01  -1.7940600e+01  -1.7943200e+01  -1.7985300e+01  -1.5561600e+01  -1.5599800e+01
  -1.7918500e+01  -1.7886400e+01  -1.7862700e+01  -1.7826600e+01  -1.5828300e+01  -1.5905600e+01
  -1.7885300e+01  -1.7849200e+01  -1.7815800e+01  -1.7779400e+01  -1.6074300e+01  -1.6242200e+01
  -1.7914800e+01  -1.7901700e+01  -1.7852200e+01  -1.7811600e+01  -1.6342800e+01  -1.6521500e+01
  -1.7959100e+01  -1.7957200e+01  -1.7916300e+01  -1.7885900e+01  -1.6634600e+01  -1.6745300e+01
  -1.8015000e+01  -1.8026200e+01  -1.7989500e+01  -1.7969800e+01  -1.6912200e+01  -1.6924400e+01
  -1.8056900e+01  -1.8064600e+01  -1.8045000e+01  -1.8037100e+01  -1.7149300e+01  -1.7083500e+01
  -1.8067400e+01  -1.8077700e+01  -1.8062000e+01  -1.8050100e+01  -1.7355200e+01  -1.7249500e+01
  -1.8057600e+01  -1.8060200e+01  -1.8059700e+01  -1.8035000e+01  -1.7559700e+01  -1.7406800e+01
  -1.8014700e+01  -1.8005600e+01  -1.8008500e+01  -1.7979700e+01  -1.7756000e+01  -1.7561600e+01
  -1.7988200e+01  -1.7995100e+01  -1.7979500e+01  -1.7946800e+01  -1.7948000e+01  -1.7718300e+01
  -1.8014200e+01  -1.8036900e+01  -1.8005800e+01  -1.7977700e+01  -1.8133500e+01  -1.7882900e+01
  -1.8065800e+01  -1.8098500e+01  -1.8068900e+01  -1.8042900e+01  -1.8295400e+01  -1.8046400e+01
  -1.8090200e+01  -1.8113600e+01  -1.8088100e+01  -1.8064700e+01  -1.8431100e+01  -1.8196300e+01
  -1.8115700e+01  -1.8171400e+01  -1.8137400e+01  -1.8125200e+01  -1.8550700e+01  -1.8341400e+01
  -1.8169300e+01  -1.8184300e+01  -1.8164800e+01  -1.8142500e+01  -1.8671400e+01  -1.8475800e+01
  -1.8182200e+01  -1.8188100e+01  -1.8185600e+01  -1.8165000e+01  -1.8782600e+01  -1.8589900e+01
  -1.8174100e+01  -1.8170700e+01  -1.8174400e+01  -1.8160600e+01  -1.8892000e+01  -1.8696200e+01
  -1.8160600e+01  -1.8154900e+01  -1.8161100e+01  -1.8149000e+01  -1.8996500e+01  -1.8792700e+01
  -1.8139200e+01  -1.8133200e+01  -1.8138400e+01  -1.8120600e+01  -1.9087900e+01  -1.8890700e+01
  -1.8112700e+01  -1.8118500e+01  -1.8117200e+01  -1.8094300e+01  -1.9159300e+01  -1.8986000e+01
  -1.8088800e+01  -1.8109200e+01  -1.8099700e+01  -1.8072200e+01  -1.9212200e+01  -1.9069800e+01
  -1.8073600e+01  -1.8084900e+01  -1.8076700e+01  -1.8046300e+01  -1.9260400e+01  -1.9136400e+01
  -1.8058400e+01  -1.8084500e+01  -1.8068100e+01  -1.8050000e+01  -1.9318100e+01  -1.9188600e+01
  -1.8061800e+01  -1.8074900e+01  -1.8067700e+01  -1.8047000e+01  -1.9366700e+01  -1.9241100e+01
  -1.8053600e+01  -1.8066300e+01  -1.8064100e+01  -1.8046700e+01  -1.9395000e+01  -1.9309500e+01
  -1.8037200e+01  -1.8042900e+01  -1.8051500e+01  -1.8039200e+01  -1.9437600e+01  -1.9384300e+01
  -1.8002800e+01  -1.7995800e+01  -1.8016900e+01  -1.8008200e+01  -1.9493400e+01  -1.9451000e+01
  -1.7954800e+01  -1.7949900e+01  -1.7973100e+01  -1.7965500e+01  -1.9564100e+01  -1.9493600e+01
  -1.7914600e+01  -1.7911800e+01  -1.7935600e+01  -1.7929600e+01  -1.9646500e+01  -1.9528800e+01
  -1.7885800e+01  -1.7889200e+01  -1.7909900e+01  -1.7904400e+01  -1.9704800e+01  -1.9588000e+01
  -1.7854200e+01  -1.7863700e+01  -1.7880000e+01  -1.7870100e+01  -1.9727100e+01  -1.9688900e+01
  -1.7839400e+01  -1.7841100e+01  -1.7853300e+01  -1.7843200e+01  -1.9714700e+01  -1.9771100e+01
  -1.7818200e+01  -1.7826300e+01  -1.7835100e+01  -1.7821400e+01  -1.9689100e+01  -1.9802700e+01
  -1.7804600e+01  -1.7823400e+01  -1.7825900e+01  -1.7809300e+01  -1.9622100e+01  -1.9808400e+01
  -1.7819000e+01  -1.7835700e+01  -1.7829700e+01  -1.7809800e+01  -1.9556000e+01  -1.9779100e+01
  -1.7837600e+01  -1.7861600e+01  -1.7849600e+01  -1.7822700e+01  -1.9557400e+01  -1.9734100e+01
  -1.7853000e+01  -1.7887600e+01  -1.7875800e+01  -1.7848600e+01  -1.9578600e+01  -1.9745600e+01
  -1.7866600e+01  -1.7899500e+01  -1.7890800e+01  -1.7865300e+01  -1.9578600e+01  -1.9757500e+01
  -1.7874500e+01  -1.7897900e+01  -1.7892300e+01  -1.7862700e+01  -1.9550400e+01  -1.9728800e+01
  -1.7870600e+01  -1.7898400e+01  -1.7893200e+01  -1.7863700e+01  -1.9505500e+01  -1.9694500e+01
  -1.7878500e+01  -1.7891100e+01  -1.7887100e+01  -1.7868700e+01  -1.9465000e+01  -1.9641000e+01
  -1.7899400e+01  -1.7900600e+01  -1.7893900e+01  -1.7883300e+01  -1.9423400e+01  -1.9573700e+01
  -1.7915600e+01  -1.7901500e+01  -1.7900200e+01  -1.7886300e+01  -1.9353300e+01  -1.9507600e+01
  -1.7909900e+01  -1.7901500e+01  -1.7903800e+01  -1.7894300e+01  -1.9257200e+01  -1.9444400e+01
  -1.7904500e+01  -1.7896900e+01  -1.7903500e+01  -1.7894600e+01  -1.9177500e+01  -1.9407400e+01
  -1.7907400e+01  -1.7894900e+01  -1.7906700e+01  -1.7897400e+01  -1.9265800e+01  -1.9433000e+01
  -1.7909300e+01  -1.7879300e+01  -1.7905400e+01  -1.7902400e+01  -1.9206200e+01  -1.9350100e+01
  -1.7894400e+01  -1.7886400e+01  -1.7910800e+01  -1.7920000e+01  -1.9275700e+01  -1.9384900e+01
  -1.7902900e+01  -1.7901700e+01  -1.7923000e+01  -1.7939300e+01  -1.9361200e+01  -1.9373700e+01
  -1.7929700e+01  -1.7911000e+01  -1.7925100e+01  -1.7952500e+01  -1.9166700e+01  -1.9138600e+01
  -1.7975000e+01  -1.7947800e+01  -1.7937400e+01  -1.7980000e+01  -1.8822700e+01  -1.8779400e+01
  -1.8022600e+01  -1.7955200e+01  -1.7946200e+01  -1.7991600e+01  -1.8374000e+01  -1.8289400e+01
  -1.8027400e+01  -1.7950000e+01  -1.7939100e+01  -1.7997300e+01  -1.7808900e+01  -1.7775700e+01
  -1.8027000e+01  -1.7952800e+01  -1.7937300e+01  -1.8007600e+01  -1.7306300e+01  -1.7320000e+01
  -1.8028000e+01  -1.7959100e+01  -1.7939700e+01  -1.8020200e+01  -1.6826600e+01  -1.6846200e+01
  -1.8019500e+01  -1.7959000e+01  -1.7938800e+01  -1.8024200e+01  -1.6307900e+01  -1.6278900e+01
  -1.7993300e+01  -1.7945500e+01  -1.7925300e+01  -1.8009900e+01  -1.5700000e+01  -1.5703700e+01
  -1.7947100e+01  -1.7924900e+01  -1.7896700e+01  -1.7977200e+01  -1.5171400e+01  -1.5226300e+01
  -1.7880900e+01  -1.7900300e+01  -1.7860200e+01  -1.7937400e+01  -1.4734800e+01  -1.4789900e+01
  -1.7800800e+01  -1.7871900e+01  -1.7821500e+01  -1.7898900e+01  -1.4260700e+01  -1.4300300e+01
  -1.7723300e+01  -1.7848000e+01  -1.7785400e+01  -1.7864400e+01  -1.3804100e+01  -1.3848400e+01
  -1.7655200e+01  -1.7824400e+01  -1.7752200e+01  -1.7834400e+01  -1.3435100e+01  -1.3477200e+01
  -1.7588900e+01  -1.7802800e+01  -1.7718000e+01  -1.7801500e+01  -1.3088500e+01  -1.3114400e+01
  -1.7528300e+01  -1.7791300e+01  -1.7688300e+01  -1.7769600e+01  -1.2737200e+01  -1.2744600e+01
  -1.7473900e+01  -1.7781200e+01  -1.7663900e+01  -1.7738700e+01  -1.2414800e+01  -1.2404000e+01
  -1.7435100e+01  -1.7768300e+01  -1.7640100e+01  -1.7710500e+01  -1.2118900e+01  -1.2091200e+01
  -1.7416900e+01  -1.7756300e+01  -1.7619000e+01  -1.7689300e+01  -1.1843300e+01  -1.1801900e+01
  -1.7406500e+01  -1.7746400e+01  -1.7606100e+01  -1.7678200e+01  -1.1588200e+01  -1.1535600e+01
  -1.7403100e+01  -1.7732500e+01  -1.7592600e+01  -1.7666800e+01  -1.1338000e+01  -1.1286600e+01
  -1.7404300e+01  -1.7715300e+01  -1.7579000e+01  -1.7657300e+01  -1.1085700e+01  -1.1028200e+01
  -1.7414200e+01  -1.7694500e+01  -1.7562700e+01  -1.7646100e+01  -1.0853300e+01  -1.0783000e+01
  -1.7418900e+01  -1.7669500e+01  -1.7542100e+01  -1.7631500e+01  -1.0638500e+01  -1.0561200e+01
  -1.7411000e+01  -1.7640900e+01  -1.7516700e+01  -1.7612100e+01  -1.0435900e+01  -1.0356200e+01
  -1.7401100e+01  -1.7610100e+01  -1.7485300e+01  -1.7583800e+01  -1.0242200e+01  -1.0162200e+01
  -1.7381800e+01  -1.7574900e+01  -1.7448600e+01  -1.7549200e+01  -1.0056600e+01  -9.9790000e+00
  -1.7346200e+01  -1.7533500e+01  -1.7404600e+01  -1.7513200e+01  -9.8799000e+00  -9.8091000e+00
  -1.7300200e+01  -1.7480500e+01  -1.7353000e+01  -1.7472200e+01  -9.7133000e+00  -9.6561000e+00
  -1.7259200e+01  -1.7416200e+01  -1.7296700e+01  -1.7427100e+01  -9.5589000e+00  -9.5213000e+00
  -1.7223300e+01  -1.7350000e+01  -1.7243900e+01  -1.7384300e+01  -9.4202000e+00  -9.4017000e+00
  -1.7179200e+01  -1.7277500e+01  -1.7193500e+01  -1.7339200e+01  -9.2990000e+00  -9.2929000e+00
  -1.7127500e+01  -1.7206200e+01  -1.7143300e+01  -1.7284400e+01  -9.1948000e+00  -9.1931000e+00
  -1.7073300e+01  -1.7152400e+01  -1.7098300e+01  -1.7223500e+01  -9.0986000e+00  -9.1058000e+00
  -1.7024600e+01  -1.7112700e+01  -1.7058300e+01  -1.7158200e+01  -9.0089000e+00  -9.0397000e+00
  -1.6976300e+01  -1.7080700e+01  -1.7019700e+01  -1.7100300e+01  -8.9694000e+00  -8.9988000e+00
  -1.6918900e+01  -1.7053000e+01  -1.6987200e+01  -1.7049800e+01  -8.9941000e+00  -8.9770000e+00
  -1.6879300e+01  -1.7027900e+01  -1.6963800e+01  -1.7009800e+01  -8.9952000e+00  -8.9695000e+00
  -1.6872000e+01  -1.7010600e+01  -1.6957900e+01  -1.6996200e+01  -8.9650000e+00  -8.9758000e+00
  -1.6890800e+01  -1.7005500e+01  -1.6955700e+01  -1.6989600e+01  -8.9826000e+00  -8.9997000e+00
  -1.6896400e+01  -1.6977800e+01  -1.6931900e+01  -1.6961500e+01  -9.0675000e+00  -9.0642000e+00
  -1.6875300e+01  -1.6943400e+01  -1.6905900e+01  -1.6923400e+01  -9.1344000e+00  -9.1871000e+00
  -1.6885300e+01  -1.6907700e+01  -1.6889500e+01  -1.6893800e+01  -9.2091000e+00  -9.3119000e+00
  -1.6918900e+01  -1.6873300e+01  -1.6877500e+01  -1.6894300e+01  -9.2887000e+00  -9.3572000e+00
  -1.6897800e+01  -1.6896200e+01  -1.6909100e+01  -1.6924500e+01  -9.4351000e+00  -9.4484000e+00
  -1.6931000e+01  -1.6950100e+01  -1.6954500e+01  -1.6952800e+01  -9.7431000e+00  -9.7694000e+00
  -1.6979200e+01  -1.6982700e+01  -1.6971800e+01  -1.6983200e+01  -1.0076700e+01  -1.0128300e+01
  -1.6972600e+01  -1.7022800e+01  -1.6985800e+01  -1.7004900e+01  -1.0325200e+01  -1.0407900e+01
  -1.6996300e+01  -1.7060200e+01  -1.7035700e+01  -1.7065600e+01  -1.0464900e+01  -1.0653900e+01
  -1.7060700e+01  -1.7115800e+01  -1.7100700e+01  -1.7133600e+01  -1.0613600e+01  -1.1047800e+01
  -1.7115000e+01  -1.7153000e+01  -1.7146100e+01  -1.7175000e+01  -1.0986100e+01  -1.1367100e+01
  -1.7175900e+01  -1.7193800e+01  -1.7184900e+01  -1.7209300e+01  -1.1500600e+01  -1.1973600e+01
  -1.7173900e+01  -1.7213800e+01  -1.7186800e+01  -1.7212200e+01  -1.1947100e+01  -1.2428000e+01
  -1.7189000e+01  -1.7195900e+01  -1.7223300e+01  -1.7255000e+01  -1.2385300e+01  -1.2770200e+01
  -1.7268400e+01  -1.7240200e+01  -1.7269200e+01  -1.7294400e+01  -1.2891900e+01  -1.3117400e+01
  -1.7214200e+01  -1.7238100e+01  -1.7212600e+01  -1.7241900e+01  -1.3309200e+01  -1.3618300e+01
  -1.7124500e+01  -1.7147900e+01  -1.7137400e+01  -1.7198300e+01  -1.3803200e+01  -1.4155200e+01
  -1.7111600e+01  -1.7089900e+01  -1.7162000e+01  -1.7216600e+01  -1.4212600e+01  -1.4458600e+01
  -1.7235900e+01  -1.7134600e+01  -1.7265800e+01  -1.7291300e+01  -1.4535200e+01  -1.4634800e+01
  -1.7359600e+01  -1.7233100e+01  -1.7357800e+01  -1.7361500e+01  -1.4691700e+01  -1.4767800e+01
  -1.7391100e+01  -1.7334900e+01  -1.7404300e+01  -1.7434500e+01  -1.4786900e+01  -1.4817500e+01
  -1.7376300e+01  -1.7405000e+01  -1.7419100e+01  -1.7471400e+01  -1.4925400e+01  -1.4927300e+01
  -1.7352500e+01  -1.7459200e+01  -1.7396700e+01  -1.7441100e+01  -1.5034200e+01  -1.5130700e+01
  -1.7299700e+01  -1.7403800e+01  -1.7344200e+01  -1.7387600e+01  -1.5207500e+01  -1.5333400e+01
  -1.7259700e+01  -1.7325200e+01  -1.7280700e+01  -1.7314000e+01  -1.5435200e+01  -1.5525200e+01
  -1.7237100e+01  -1.7257800e+01  -1.7223400e+01  -1.7235700e+01  -1.5610000e+01  -1.5719500e+01
  -1.7217900e+01  -1.7215300e+01  -1.7189400e+01  -1.7189100e+01  -1.5748700e+01  -1.5892900e+01
