   1.1271000e+03   1.1276000e+03   1.1274000e+03   1.1268000e+03   1.0959000e+03   1.0933000e+03
   1.1230000e+03   1.1229000e+03   1.1255000e+03   1.1276000e+03   1.1064000e+03   1.1042000e+03
   1.1149000e+03   1.1158000e+03   1.1161000e+03   1.1167000e+03   1.0925000e+03   1.0957000e+03
   1.1174000e+03   1.1219000e+03   1.1206000e+03   1.1203000e+03   1.0750000e+03   1.0766000e+03
   1.1627000e+03   1.1641000e+03   1.1628000e+03   1.1621000e+03   1.0803000e+03   1.0787000e+03
   1.1647000e+03   1.1670000e+03   1.1649000e+03   1.1651000e+03   1.0702000e+03   1.0692000e+03
   1.1803000e+03   1.1850000e+03   1.1797000e+03   1.1793000e+03   1.0719000e+03   1.0653000e+03
   1.1688000e+03   1.1714000e+03   1.1692000e+03   1.1697000e+03   1.1116000e+03   1.1120000e+03
   1.1841000e+03   1.1873000e+03   1.1847000e+03   1.1856000e+03   1.1176000e+03   1.1074000e+03
   1.1836000e+03   1.1855000e+03   1.1854000e+03   1.1864000e+03   1.1533000e+03   1.1488000e+03
   1.1599000e+03   1.1616000e+03   1.1623000e+03   1.1625000e+03   1.1679000e+03   1.1594000e+03
   1.1806000e+03   1.1820000e+03   1.1836000e+03   1.1847000e+03   1.1789000e+03   1.1746000e+03
   1.1777000e+03   1.1788000e+03   1.1787000e+03   1.1795000e+03   1.1817000e+03   1.1810000e+03
   1.1846000e+03   1.1867000e+03   1.1867000e+03   1.1876000e+03   1.1785000e+03   1.1862000e+03
   1.2030000e+03   1.2048000e+03   1.2038000e+03   1.2048000e+03   1.1676000e+03   1.1758000e+03
   1.2282000e+03   1.2289000e+03   1.2285000e+03   1.2283000e+03   1.1935000e+03   1.1888000e+03
   1.2571000e+03   1.2549000e+03   1.2542000e+03   1.2537000e+03   1.2041000e+03   1.1990000e+03
   1.2667000e+03   1.2680000e+03   1.2663000e+03   1.2652000e+03   1.2285000e+03   1.2232000e+03
   1.2593000e+03   1.2611000e+03   1.2605000e+03   1.2615000e+03   1.2184000e+03   1.2194000e+03
   1.2581000e+03   1.2591000e+03   1.2583000e+03   1.2572000e+03   1.2215000e+03   1.2292000e+03
   1.2442000e+03   1.2435000e+03   1.2456000e+03   1.2471000e+03   1.2301000e+03   1.2370000e+03
   1.2512000e+03   1.2525000e+03   1.2541000e+03   1.2567000e+03   1.2352000e+03   1.2327000e+03
   1.2494000e+03   1.2501000e+03   1.2503000e+03   1.2513000e+03   1.2459000e+03   1.2414000e+03
   1.2616000e+03   1.2613000e+03   1.2597000e+03   1.2590000e+03   1.2471000e+03   1.2443000e+03
   1.2636000e+03   1.2636000e+03   1.2613000e+03   1.2605000e+03   1.2512000e+03   1.2451000e+03
   1.2651000e+03   1.2663000e+03   1.2623000e+03   1.2612000e+03   1.2432000e+03   1.2279000e+03
   1.2707000e+03   1.2730000e+03   1.2667000e+03   1.2670000e+03   1.2362000e+03   1.2145000e+03
   1.2758000e+03   1.2819000e+03   1.2717000e+03   1.2713000e+03   1.2374000e+03   1.2161000e+03
   1.2810000e+03   1.2831000e+03   1.2761000e+03   1.2766000e+03   1.2339000e+03   1.2151000e+03
   1.2853000e+03   1.2888000e+03   1.2805000e+03   1.2797000e+03   1.2568000e+03   1.2274000e+03
   1.2827000e+03   1.2826000e+03   1.2811000e+03   1.2811000e+03   1.2732000e+03   1.2435000e+03
   1.2903000e+03   1.2921000e+03   1.2907000e+03   1.2963000e+03   1.2626000e+03   1.2445000e+03
   1.2835000e+03   1.2872000e+03   1.2821000e+03   1.2887000e+03   1.2531000e+03   1.2377000e+03
   1.2821000e+03   1.2878000e+03   1.2840000e+03   1.2891000e+03   1.2463000e+03   1.2315000e+03
   1.2862000e+03   1.2838000e+03   1.2797000e+03   1.2815000e+03   1.2329000e+03   1.2247000e+03
   1.2982000e+03   1.2969000e+03   1.2933000e+03   1.2932000e+03   1.2256000e+03   1.2163000e+03
   1.2981000e+03   1.3000000e+03   1.2957000e+03   1.2984000e+03   1.2168000e+03   1.2067000e+03
   1.2952000e+03   1.2952000e+03   1.2919000e+03   1.2928000e+03   1.1989000e+03   1.1927000e+03
   1.2922000e+03   1.2938000e+03   1.2890000e+03   1.2912000e+03   1.1823000e+03   1.1747000e+03
   1.2720000e+03   1.2765000e+03   1.2686000e+03   1.2704000e+03   1.1587000e+03   1.1479000e+03
   1.2582000e+03   1.2603000e+03   1.2543000e+03   1.2585000e+03   1.1267000e+03   1.1214000e+03
   1.2422000e+03   1.2478000e+03   1.2410000e+03   1.2446000e+03   1.1007000e+03   1.0905000e+03
   1.2381000e+03   1.2384000e+03   1.2342000e+03   1.2381000e+03   1.0765000e+03   1.0742000e+03
   1.1964000e+03   1.2007000e+03   1.1975000e+03   1.2013000e+03   1.0523000e+03   1.0509000e+03
   1.1931000e+03   1.2037000e+03   1.2002000e+03   1.2076000e+03   1.0346000e+03   1.0370000e+03
   1.1804000e+03   1.1934000e+03   1.1875000e+03   1.1973000e+03   1.0244000e+03   1.0317000e+03
   1.1742000e+03   1.1794000e+03   1.1690000e+03   1.1679000e+03   1.0121000e+03   1.0050000e+03
   1.1636000e+03   1.1706000e+03   1.1642000e+03   1.1652000e+03   1.0064000e+03   1.0016000e+03
   1.1118000e+03   1.1301000e+03   1.1223000e+03   1.1320000e+03   1.0211000e+03   1.0268000e+03
   1.1147000e+03   1.1132000e+03   1.0996000e+03   1.1002000e+03   1.0365000e+03   1.0333000e+03
   1.1462000e+03   1.1764000e+03   1.1662000e+03   1.1819000e+03   1.0132000e+03   1.0262000e+03
   1.1227000e+03   1.1305000e+03   1.1239000e+03   1.1223000e+03   1.0022000e+03   9.9894000e+02
   1.1296000e+03   1.1165000e+03   1.1122000e+03   1.1026000e+03   9.6224000e+02   1.0064000e+03
   1.0994000e+03   1.1018000e+03   1.0953000e+03   1.0963000e+03   9.9297000e+02   9.8500000e+02
   1.0839000e+03   1.0932000e+03   1.0919000e+03   1.1022000e+03   9.5195000e+02   9.8782000e+02
   1.0934000e+03   1.0986000e+03   1.1065000e+03   1.1147000e+03   9.6176000e+02   1.0137000e+03
   1.0684000e+03   1.0749000e+03   1.0730000e+03   1.0764000e+03   9.9898000e+02   1.0389000e+03
   1.0649000e+03   1.0726000e+03   1.0689000e+03   1.0708000e+03   9.8626000e+02   1.0323000e+03
   1.0843000e+03   1.0902000e+03   1.0883000e+03   1.0875000e+03   1.0100000e+03   1.0162000e+03
   1.0670000e+03   1.0737000e+03   1.0686000e+03   1.0701000e+03   9.8186000e+02   1.0003000e+03
   1.0944000e+03   1.0989000e+03   1.0985000e+03   1.1036000e+03   9.5440000e+02   9.7928000e+02
   1.1128000e+03   1.1227000e+03   1.1189000e+03   1.1228000e+03   9.5482000e+02   9.6875000e+02
   1.1299000e+03   1.1308000e+03   1.1306000e+03   1.1310000e+03   9.7569000e+02   9.7634000e+02
   1.1413000e+03   1.1453000e+03   1.1447000e+03   1.1473000e+03   9.7586000e+02   9.7788000e+02
   1.1149000e+03   1.1195000e+03   1.1245000e+03   1.1321000e+03   9.4237000e+02   9.5495000e+02
   1.1013000e+03   1.1050000e+03   1.1086000e+03   1.1137000e+03   9.3446000e+02   9.4834000e+02
   1.1063000e+03   1.1116000e+03   1.1115000e+03   1.1171000e+03   9.2981000e+02   9.3708000e+02
   1.1008000e+03   1.1035000e+03   1.1084000e+03   1.1112000e+03   9.1500000e+02   9.3120000e+02
   1.1057000e+03   1.1053000e+03   1.1132000e+03   1.1187000e+03   9.2726000e+02   9.3873000e+02
   1.1022000e+03   1.1061000e+03   1.1088000e+03   1.1118000e+03   9.3528000e+02   9.4363000e+02
   1.0967000e+03   1.0963000e+03   1.1015000e+03   1.1058000e+03   9.3772000e+02   9.4051000e+02
   1.1073000e+03   1.1095000e+03   1.1118000e+03   1.1148000e+03   9.2171000e+02   9.3000000e+02
   1.1255000e+03   1.1274000e+03   1.1297000e+03   1.1329000e+03   8.9944000e+02   9.1086000e+02
   1.1394000e+03   1.1418000e+03   1.1424000e+03   1.1440000e+03   9.0740000e+02   9.0991000e+02
   1.1284000e+03   1.1310000e+03   1.1321000e+03   1.1357000e+03   9.0654000e+02   9.0951000e+02
   1.1372000e+03   1.1397000e+03   1.1417000e+03   1.1438000e+03   9.2860000e+02   9.1672000e+02
   1.1425000e+03   1.1467000e+03   1.1469000e+03   1.1501000e+03   9.5182000e+02   9.2228000e+02
   1.1396000e+03   1.1407000e+03   1.1443000e+03   1.1479000e+03   9.7024000e+02   9.5656000e+02
   1.1436000e+03   1.1445000e+03   1.1489000e+03   1.1532000e+03   9.7763000e+02   9.9516000e+02
   1.1434000e+03   1.1448000e+03   1.1473000e+03   1.1492000e+03   1.0024000e+03   1.0105000e+03
   1.1405000e+03   1.1444000e+03   1.1485000e+03   1.1532000e+03   1.0170000e+03   1.0199000e+03
   1.1500000e+03   1.1524000e+03   1.1533000e+03   1.1548000e+03   1.0366000e+03   1.0453000e+03
   1.1709000e+03   1.1745000e+03   1.1743000e+03   1.1762000e+03   1.0475000e+03   1.0528000e+03
   1.1803000e+03   1.1813000e+03   1.1806000e+03   1.1802000e+03   1.0404000e+03   1.0516000e+03
   1.1943000e+03   1.1952000e+03   1.1965000e+03   1.1969000e+03   1.0606000e+03   1.0552000e+03
   1.1915000e+03   1.1920000e+03   1.1928000e+03   1.1931000e+03   1.0754000e+03   1.0700000e+03
   1.2034000e+03   1.2026000e+03   1.2025000e+03   1.2018000e+03   1.0760000e+03   1.0894000e+03
   1.1842000e+03   1.1870000e+03   1.1846000e+03   1.1856000e+03   1.0474000e+03   1.0543000e+03
   1.1563000e+03   1.1582000e+03   1.1573000e+03   1.1577000e+03   1.0255000e+03   1.0323000e+03
   1.1540000e+03   1.1543000e+03   1.1552000e+03   1.1558000e+03   1.0119000e+03   1.0232000e+03
   1.1479000e+03   1.1484000e+03   1.1519000e+03   1.1551000e+03   1.0095000e+03   1.0121000e+03
   1.1511000e+03   1.1539000e+03   1.1548000e+03   1.1588000e+03   1.0163000e+03   1.0161000e+03
   1.1403000e+03   1.1449000e+03   1.1454000e+03   1.1476000e+03   1.0157000e+03   1.0190000e+03
   1.1257000e+03   1.1306000e+03   1.1314000e+03   1.1338000e+03   1.0004000e+03   1.0153000e+03
   1.0937000e+03   1.0960000e+03   1.1021000e+03   1.1066000e+03   9.7986000e+02   9.9050000e+02
   1.0767000e+03   1.0777000e+03   1.0837000e+03   1.0882000e+03   9.7592000e+02   9.7948000e+02
   1.0771000e+03   1.0770000e+03   1.0813000e+03   1.0839000e+03   9.8544000e+02   9.8026000e+02
   1.0750000e+03   1.0760000e+03   1.0798000e+03   1.0829000e+03   9.8379000e+02   9.9023000e+02
   1.0773000e+03   1.0796000e+03   1.0794000e+03   1.0806000e+03   9.8094000e+02   9.8949000e+02
   1.0774000e+03   1.0802000e+03   1.0802000e+03   1.0815000e+03   9.8593000e+02   9.8069000e+02
   1.0593000e+03   1.0634000e+03   1.0634000e+03   1.0663000e+03   9.8730000e+02   9.8035000e+02
   1.0552000e+03   1.0555000e+03   1.0545000e+03   1.0535000e+03   9.7981000e+02   9.8310000e+02
   1.0689000e+03   1.0722000e+03   1.0668000e+03   1.0653000e+03   9.7141000e+02   9.7025000e+02
   1.0559000e+03   1.0629000e+03   1.0594000e+03   1.0626000e+03   9.8169000e+02   9.7295000e+02
   1.0511000e+03   1.0523000e+03   1.0527000e+03   1.0540000e+03   9.9515000e+02   9.8242000e+02
   1.0500000e+03   1.0514000e+03   1.0491000e+03   1.0482000e+03   9.9790000e+02   9.8730000e+02
   1.0587000e+03   1.0588000e+03   1.0545000e+03   1.0511000e+03   9.9592000e+02   9.9520000e+02
   1.0719000e+03   1.0757000e+03   1.0702000e+03   1.0680000e+03   9.8824000e+02   9.9247000e+02
   1.0673000e+03   1.0710000e+03   1.0710000e+03   1.0727000e+03   9.7739000e+02   9.9561000e+02
   1.0544000e+03   1.0579000e+03   1.0581000e+03   1.0612000e+03   9.6710000e+02   9.8887000e+02
   1.0601000e+03   1.0632000e+03   1.0592000e+03   1.0583000e+03   9.4978000e+02   9.7632000e+02
   1.1042000e+03   1.1074000e+03   1.1025000e+03   1.1001000e+03   9.7224000e+02   9.9069000e+02
   1.1383000e+03   1.1407000e+03   1.1357000e+03   1.1360000e+03   9.8702000e+02   9.9757000e+02
   1.1471000e+03   1.1515000e+03   1.1487000e+03   1.1491000e+03   9.9149000e+02   9.9242000e+02
   1.1430000e+03   1.1433000e+03   1.1448000e+03   1.1479000e+03   9.8477000e+02   9.7935000e+02
   1.1211000e+03   1.1225000e+03   1.1238000e+03   1.1256000e+03   9.6460000e+02   9.7517000e+02
   1.1227000e+03   1.1255000e+03   1.1244000e+03   1.1256000e+03   9.8391000e+02   9.7841000e+02
   1.1384000e+03   1.1371000e+03   1.1377000e+03   1.1381000e+03   1.0004000e+03   9.9061000e+02
   1.1504000e+03   1.1532000e+03   1.1516000e+03   1.1528000e+03   1.0227000e+03   1.0125000e+03
   1.1616000e+03   1.1648000e+03   1.1609000e+03   1.1616000e+03   1.0350000e+03   1.0168000e+03
   1.1598000e+03   1.1642000e+03   1.1602000e+03   1.1615000e+03   1.0466000e+03   1.0212000e+03
   1.1563000e+03   1.1594000e+03   1.1574000e+03   1.1598000e+03   1.0632000e+03   1.0350000e+03
   1.1549000e+03   1.1616000e+03   1.1572000e+03   1.1615000e+03   1.0639000e+03   1.0504000e+03
   1.1578000e+03   1.1610000e+03   1.1592000e+03   1.1619000e+03   1.0501000e+03   1.0538000e+03
   1.1740000e+03   1.1802000e+03   1.1745000e+03   1.1776000e+03   1.0513000e+03   1.0441000e+03
   1.1865000e+03   1.1947000e+03   1.1889000e+03   1.1917000e+03   1.0533000e+03   1.0446000e+03
   1.1801000e+03   1.1917000e+03   1.1846000e+03   1.1889000e+03   1.0417000e+03   1.0473000e+03
   1.1680000e+03   1.1782000e+03   1.1720000e+03   1.1755000e+03   1.0328000e+03   1.0475000e+03
   1.1644000e+03   1.1761000e+03   1.1699000e+03   1.1738000e+03   1.0515000e+03   1.0470000e+03
   1.1638000e+03   1.1737000e+03   1.1682000e+03   1.1733000e+03   1.0627000e+03   1.0513000e+03
   1.1719000e+03   1.1790000e+03   1.1748000e+03   1.1770000e+03   1.0531000e+03   1.0604000e+03
   1.1783000e+03   1.1882000e+03   1.1810000e+03   1.1864000e+03   1.0717000e+03   1.0557000e+03
   1.1785000e+03   1.1902000e+03   1.1805000e+03   1.1833000e+03   1.0815000e+03   1.0553000e+03
   1.1735000e+03   1.1848000e+03   1.1764000e+03   1.1812000e+03   1.0885000e+03   1.0580000e+03
   1.1748000e+03   1.1851000e+03   1.1763000e+03   1.1803000e+03   1.0657000e+03   1.0449000e+03
   1.1497000e+03   1.1567000e+03   1.1503000e+03   1.1533000e+03   1.0135000e+03   1.0017000e+03
   1.1261000e+03   1.1351000e+03   1.1283000e+03   1.1330000e+03   9.6414000e+02   9.5997000e+02
   1.1262000e+03   1.1337000e+03   1.1279000e+03   1.1296000e+03   9.2565000e+02   9.2549000e+02
   1.1205000e+03   1.1288000e+03   1.1235000e+03   1.1292000e+03   9.1129000e+02   8.9457000e+02
   1.1055000e+03   1.1164000e+03   1.1126000e+03   1.1170000e+03   8.8364000e+02   8.7830000e+02
   1.0821000e+03   1.0951000e+03   1.0928000e+03   1.1006000e+03   8.5607000e+02   8.5045000e+02
   1.0590000e+03   1.0701000e+03   1.0688000e+03   1.0778000e+03   8.2901000e+02   8.2222000e+02
   1.0374000e+03   1.0441000e+03   1.0420000e+03   1.0477000e+03   8.0160000e+02   8.0372000e+02
   1.0297000e+03   1.0387000e+03   1.0368000e+03   1.0411000e+03   7.7782000e+02   7.7502000e+02
   1.0170000e+03   1.0262000e+03   1.0240000e+03   1.0288000e+03   7.6452000e+02   7.6680000e+02
   1.0035000e+03   1.0148000e+03   1.0131000e+03   1.0197000e+03   7.4775000e+02   7.5299000e+02
   9.9547000e+02   1.0021000e+03   1.0009000e+03   1.0059000e+03   7.7148000e+02   7.5744000e+02
   9.8160000e+02   9.9019000e+02   9.8466000e+02   9.8853000e+02   7.2618000e+02   7.3280000e+02
   9.5506000e+02   9.5904000e+02   9.5702000e+02   9.5989000e+02   7.2993000e+02   7.2814000e+02
   9.5777000e+02   9.6411000e+02   9.5992000e+02   9.6381000e+02   7.2275000e+02   7.0979000e+02
   9.4975000e+02   9.5762000e+02   9.5466000e+02   9.5939000e+02   7.1689000e+02   7.1540000e+02
   9.3392000e+02   9.4044000e+02   9.3792000e+02   9.4192000e+02   7.0459000e+02   7.0407000e+02
   9.3417000e+02   9.3921000e+02   9.3503000e+02   9.3637000e+02   6.9044000e+02   7.0826000e+02
   9.3515000e+02   9.4029000e+02   9.3555000e+02   9.3808000e+02   6.7300000e+02   6.8521000e+02
   9.1624000e+02   9.1962000e+02   9.1788000e+02   9.1923000e+02   6.8511000e+02   6.8044000e+02
   8.8843000e+02   8.9707000e+02   8.9273000e+02   8.9462000e+02   6.7956000e+02   6.6520000e+02
   8.9405000e+02   8.9972000e+02   8.9553000e+02   8.9759000e+02   6.8875000e+02   6.8734000e+02
   8.9622000e+02   9.0186000e+02   8.9920000e+02   9.0209000e+02   6.6689000e+02   6.8784000e+02
   8.8858000e+02   8.9150000e+02   8.9191000e+02   8.9538000e+02   6.8955000e+02   6.9243000e+02
   9.0537000e+02   9.1052000e+02   9.0770000e+02   9.0980000e+02   7.1390000e+02   7.1592000e+02
   9.1258000e+02   9.1817000e+02   9.1648000e+02   9.2008000e+02   7.1826000e+02   7.1824000e+02
   9.1401000e+02   9.1476000e+02   9.1351000e+02   9.1447000e+02   7.2145000e+02   7.1972000e+02
   9.2680000e+02   9.3128000e+02   9.2727000e+02   9.2842000e+02   7.1895000e+02   7.2164000e+02
   9.2042000e+02   9.2392000e+02   9.2120000e+02   9.2250000e+02   7.2570000e+02   7.2495000e+02
   9.2517000e+02   9.2927000e+02   9.2717000e+02   9.2805000e+02   7.3108000e+02   7.3261000e+02
   9.2982000e+02   9.3226000e+02   9.3089000e+02   9.3253000e+02   7.4627000e+02   7.4110000e+02
   9.5197000e+02   9.5443000e+02   9.5298000e+02   9.5336000e+02   7.5296000e+02   7.6177000e+02
   9.5196000e+02   9.5572000e+02   9.5511000e+02   9.5835000e+02   7.6960000e+02   7.6894000e+02
   9.4733000e+02   9.5105000e+02   9.4883000e+02   9.4932000e+02   7.7371000e+02   7.7288000e+02
   9.5581000e+02   9.5797000e+02   9.5767000e+02   9.5916000e+02   7.8130000e+02   7.8242000e+02
   9.5940000e+02   9.6178000e+02   9.6241000e+02   9.6545000e+02   7.8971000e+02   7.9035000e+02
   9.4806000e+02   9.4970000e+02   9.4977000e+02   9.5099000e+02   7.9365000e+02   7.9348000e+02
   9.5515000e+02   9.5633000e+02   9.5479000e+02   9.5411000e+02   7.9785000e+02   7.9595000e+02
   9.5340000e+02   9.5821000e+02   9.5582000e+02   9.5658000e+02   8.0141000e+02   8.0289000e+02
   9.5641000e+02   9.6086000e+02   9.5975000e+02   9.6188000e+02   8.0712000e+02   8.0723000e+02
   9.5442000e+02   9.5712000e+02   9.5721000e+02   9.5934000e+02   8.1993000e+02   8.1769000e+02
   9.5799000e+02   9.6105000e+02   9.6025000e+02   9.6225000e+02   8.2343000e+02   8.2424000e+02
   9.4751000e+02   9.5423000e+02   9.5204000e+02   9.5409000e+02   8.3038000e+02   8.3062000e+02
   9.4596000e+02   9.4734000e+02   9.4604000e+02   9.4641000e+02   8.3087000e+02   8.3177000e+02
   9.4669000e+02   9.4872000e+02   9.4684000e+02   9.4741000e+02   8.3502000e+02   8.3376000e+02
   9.4066000e+02   9.4466000e+02   9.4296000e+02   9.4500000e+02   8.3731000e+02   8.3570000e+02
   9.3334000e+02   9.3786000e+02   9.3644000e+02   9.3734000e+02   8.4192000e+02   8.3876000e+02
   9.3919000e+02   9.4354000e+02   9.4119000e+02   9.4423000e+02   8.3951000e+02   8.3786000e+02
   9.0754000e+02   9.1277000e+02   9.0829000e+02   9.1028000e+02   8.1189000e+02   8.0857000e+02
   8.7809000e+02   8.8527000e+02   8.8004000e+02   8.8126000e+02   7.8944000e+02   7.8703000e+02
   8.7152000e+02   8.7477000e+02   8.7119000e+02   8.7140000e+02   7.8071000e+02   7.7778000e+02
   8.7109000e+02   8.7411000e+02   8.7124000e+02   8.7226000e+02   7.7971000e+02   7.7715000e+02
   8.7344000e+02   8.7651000e+02   8.7616000e+02   8.7696000e+02   7.8295000e+02   7.7919000e+02
   8.6832000e+02   8.7079000e+02   8.6895000e+02   8.6972000e+02   7.7761000e+02   7.7384000e+02
   8.5759000e+02   8.5984000e+02   8.5797000e+02   8.5859000e+02   7.6429000e+02   7.6143000e+02
   8.2954000e+02   8.3190000e+02   8.2956000e+02   8.3039000e+02   7.3984000e+02   7.3713000e+02
   8.1578000e+02   8.1838000e+02   8.1631000e+02   8.1643000e+02   7.3160000e+02   7.2719000e+02
   8.0819000e+02   8.0861000e+02   8.0806000e+02   8.0867000e+02   7.2793000e+02   7.2387000e+02
   7.9982000e+02   8.0513000e+02   8.0020000e+02   8.0210000e+02   7.2636000e+02   7.2220000e+02
   7.9753000e+02   7.9989000e+02   7.9795000e+02   7.9904000e+02   7.1943000e+02   7.1659000e+02
   8.0420000e+02   8.0652000e+02   8.0531000e+02   8.0600000e+02   7.2792000e+02   7.2378000e+02
   8.0030000e+02   8.0435000e+02   8.0220000e+02   8.0307000e+02   7.3088000e+02   7.2638000e+02
   7.9595000e+02   7.9866000e+02   7.9690000e+02   7.9734000e+02   7.2481000e+02   7.1989000e+02
   7.9240000e+02   7.9486000e+02   7.9231000e+02   7.9356000e+02   7.2361000e+02   7.1482000e+02
   7.8612000e+02   7.8986000e+02   7.8669000e+02   7.8683000e+02   7.1685000e+02   7.0884000e+02
   7.8564000e+02   7.8853000e+02   7.8561000e+02   7.8647000e+02   7.1175000e+02   7.0583000e+02
   7.8472000e+02   7.8820000e+02   7.8577000e+02   7.8574000e+02   7.1602000e+02   7.0674000e+02
   7.9094000e+02   7.9382000e+02   7.9106000e+02   7.9117000e+02   7.1803000e+02   7.1091000e+02
   7.8657000e+02   7.8887000e+02   7.8704000e+02   7.8836000e+02   7.1259000e+02   7.0680000e+02
   7.8308000e+02   7.8631000e+02   7.8389000e+02   7.8422000e+02   7.0670000e+02   7.0226000e+02
   7.8340000e+02   7.8631000e+02   7.8357000e+02   7.8470000e+02   7.0722000e+02   7.0093000e+02
   7.7952000e+02   7.8226000e+02   7.8159000e+02   7.8247000e+02   7.0540000e+02   7.0238000e+02
   8.1645000e+02   8.1818000e+02   8.1604000e+02   8.1657000e+02   7.3990000e+02   7.3541000e+02
   8.4740000e+02   8.5006000e+02   8.4861000e+02   8.4945000e+02   7.7123000e+02   7.6772000e+02
   8.6011000e+02   8.6213000e+02   8.5971000e+02   8.5999000e+02   7.8061000e+02   7.7692000e+02
   8.6573000e+02   8.6686000e+02   8.6496000e+02   8.6625000e+02   7.8478000e+02   7.8091000e+02
   8.6118000e+02   8.6231000e+02   8.6099000e+02   8.6205000e+02   7.8475000e+02   7.7990000e+02
   8.7184000e+02   8.7442000e+02   8.7355000e+02   8.7136000e+02   7.9177000e+02   7.8786000e+02
   8.8957000e+02   8.9197000e+02   8.9074000e+02   8.9433000e+02   8.0928000e+02   8.0638000e+02
   9.1779000e+02   9.2030000e+02   9.1756000e+02   9.1859000e+02   8.3772000e+02   8.3384000e+02
   9.3512000e+02   9.3657000e+02   9.3412000e+02   9.3480000e+02   8.5107000e+02   8.4500000e+02
   9.3953000e+02   9.3981000e+02   9.3765000e+02   9.3796000e+02   8.5090000e+02   8.4436000e+02
   9.4230000e+02   9.4381000e+02   9.4113000e+02   9.4210000e+02   8.5031000e+02   8.4424000e+02
   9.4660000e+02   9.4784000e+02   9.4624000e+02   9.5068000e+02   8.5192000e+02   8.4520000e+02
   9.4132000e+02   9.4261000e+02   9.4038000e+02   9.4118000e+02   8.4642000e+02   8.3804000e+02
   9.4731000e+02   9.4761000e+02   9.4574000e+02   9.4648000e+02   8.4790000e+02   8.4130000e+02
   9.5367000e+02   9.5427000e+02   9.5180000e+02   9.5238000e+02   8.4815000e+02   8.4084000e+02
   9.5478000e+02   9.5873000e+02   9.5552000e+02   9.5575000e+02   8.4403000e+02   8.3698000e+02
   9.5687000e+02   9.6101000e+02   9.5834000e+02   9.5880000e+02   8.3906000e+02   8.3059000e+02
   9.5878000e+02   9.6190000e+02   9.5934000e+02   9.5991000e+02   8.3257000e+02   8.2436000e+02
   9.5501000e+02   9.6124000e+02   9.5825000e+02   9.5911000e+02   8.2501000e+02   8.1652000e+02
   9.5298000e+02   9.5932000e+02   9.5641000e+02   9.5735000e+02   8.1841000e+02   8.0992000e+02
   9.6772000e+02   9.6551000e+02   9.6387000e+02   9.6480000e+02   8.1893000e+02   8.1066000e+02
   9.6833000e+02   9.7052000e+02   9.6705000e+02   9.6821000e+02   8.1420000e+02   8.0875000e+02
   9.6759000e+02   9.6965000e+02   9.6654000e+02   9.6775000e+02   8.0779000e+02   8.0324000e+02
   9.7036000e+02   9.7022000e+02   9.6817000e+02   9.6829000e+02   8.0155000e+02   7.9610000e+02
   9.3656000e+02   9.3895000e+02   9.3548000e+02   9.3689000e+02   7.6749000e+02   7.6341000e+02
   9.0356000e+02   9.0593000e+02   9.0270000e+02   9.0426000e+02   7.3247000e+02   7.2778000e+02
   8.8913000e+02   8.9188000e+02   8.8798000e+02   8.9026000e+02   7.1380000e+02   7.0938000e+02
   8.8176000e+02   8.8232000e+02   8.7990000e+02   8.8146000e+02   6.9931000e+02   6.9384000e+02
   8.7954000e+02   8.7975000e+02   8.7669000e+02   8.7886000e+02   6.8971000e+02   6.8464000e+02
   8.6100000e+02   8.6315000e+02   8.6076000e+02   8.6319000e+02   6.7242000e+02   6.6785000e+02
   8.3970000e+02   8.4293000e+02   8.3992000e+02   8.4260000e+02   6.4318000e+02   6.3921000e+02
   8.0248000e+02   8.0756000e+02   8.0286000e+02   8.0411000e+02   6.0451000e+02   6.0160000e+02
   7.8115000e+02   7.8326000e+02   7.7966000e+02   7.8021000e+02   5.8278000e+02   5.7554000e+02
   7.6865000e+02   7.7096000e+02   7.6829000e+02   7.6902000e+02   5.6600000e+02   5.6413000e+02
   7.5140000e+02   7.5617000e+02   7.5065000e+02   7.5411000e+02   5.4344000e+02   5.4332000e+02
   7.3827000e+02   7.4372000e+02   7.3876000e+02   7.4032000e+02   5.3939000e+02   5.2925000e+02
   7.3248000e+02   7.3649000e+02   7.3303000e+02   7.3458000e+02   5.2554000e+02   5.2052000e+02
   7.1479000e+02   7.1811000e+02   7.1486000e+02   7.1651000e+02   5.0510000e+02   5.0548000e+02
   7.0302000e+02   7.0439000e+02   7.0253000e+02   7.0404000e+02   5.0586000e+02   4.9835000e+02
   6.9110000e+02   6.9352000e+02   6.9073000e+02   6.9179000e+02   4.8834000e+02   4.8214000e+02
   6.8192000e+02   6.8458000e+02   6.8151000e+02   6.8184000e+02   4.7715000e+02   4.7417000e+02
   6.7249000e+02   6.7608000e+02   6.7317000e+02   6.7491000e+02   4.6450000e+02   4.6261000e+02
   6.6339000e+02   6.6647000e+02   6.6274000e+02   6.6402000e+02   4.7126000e+02   4.5904000e+02
   6.6171000e+02   6.6272000e+02   6.5931000e+02   6.6205000e+02   4.5964000e+02   4.5283000e+02
   6.4890000e+02   6.5223000e+02   6.4862000e+02   6.5056000e+02   4.5003000e+02   4.4884000e+02
   6.4083000e+02   6.4343000e+02   6.4111000e+02   6.4199000e+02   4.4672000e+02   4.4156000e+02
   6.3624000e+02   6.3884000e+02   6.3600000e+02   6.3785000e+02   4.5357000e+02   4.4385000e+02
   6.2564000e+02   6.2718000e+02   6.2525000e+02   6.2626000e+02   4.4349000e+02   4.3796000e+02
   6.5577000e+02   6.5837000e+02   6.5517000e+02   6.5691000e+02   4.7306000e+02   4.6228000e+02
   6.6293000e+02   6.6584000e+02   6.6291000e+02   6.6278000e+02   5.0515000e+02   4.9188000e+02
   6.7080000e+02   6.7416000e+02   6.7157000e+02   6.7214000e+02   5.0253000e+02   4.9103000e+02
   6.7574000e+02   6.7839000e+02   6.7603000e+02   6.7759000e+02   5.1055000e+02   5.0249000e+02
   6.7533000e+02   6.7805000e+02   6.7624000e+02   6.7732000e+02   5.2281000e+02   5.1044000e+02
   6.7432000e+02   6.7707000e+02   6.7581000e+02   6.7651000e+02   5.2881000e+02   5.2548000e+02
   6.8731000e+02   6.9075000e+02   6.8861000e+02   6.8835000e+02   5.4330000e+02   5.3877000e+02
   7.1669000e+02   7.2027000e+02   7.1806000e+02   7.1793000e+02   5.7556000e+02   5.6969000e+02
   7.2571000e+02   7.2740000e+02   7.2602000e+02   7.2717000e+02   5.9821000e+02   5.9146000e+02
   7.2747000e+02   7.2905000e+02   7.2773000e+02   7.2744000e+02   5.9959000e+02   5.9635000e+02
   7.4105000e+02   7.4262000e+02   7.4035000e+02   7.4061000e+02   6.0890000e+02   6.0778000e+02
   7.4900000e+02   7.5149000e+02   7.4916000e+02   7.4967000e+02   6.2008000e+02   6.1452000e+02
   7.3243000e+02   7.3513000e+02   7.3344000e+02   7.3407000e+02   6.1520000e+02   6.1469000e+02
   7.3196000e+02   7.3325000e+02   7.3129000e+02   7.3148000e+02   6.1179000e+02   6.0781000e+02
   7.4562000e+02   7.4811000e+02   7.4504000e+02   7.4535000e+02   6.2272000e+02   6.1787000e+02
   7.4899000e+02   7.5225000e+02   7.4972000e+02   7.5111000e+02   6.3084000e+02   6.2552000e+02
   7.5218000e+02   7.5521000e+02   7.5273000e+02   7.5361000e+02   6.3168000e+02   6.2771000e+02
   7.5041000e+02   7.5294000e+02   7.5054000e+02   7.5120000e+02   6.4209000e+02   6.3319000e+02
   7.5845000e+02   7.5998000e+02   7.5710000e+02   7.5686000e+02   6.4526000e+02   6.4104000e+02
   7.5684000e+02   7.6117000e+02   7.5768000e+02   7.5852000e+02   6.3874000e+02   6.3228000e+02
   7.5778000e+02   7.5987000e+02   7.5855000e+02   7.5945000e+02   6.3966000e+02   6.3451000e+02
   7.5802000e+02   7.6145000e+02   7.6001000e+02   7.6049000e+02   6.5215000e+02   6.4573000e+02
   7.6279000e+02   7.6669000e+02   7.6403000e+02   7.6404000e+02   6.5660000e+02   6.5068000e+02
   7.7225000e+02   7.7452000e+02   7.7264000e+02   7.7330000e+02   6.6552000e+02   6.6022000e+02
   7.4250000e+02   7.4536000e+02   7.4306000e+02   7.4411000e+02   6.3353000e+02   6.2896000e+02
   7.1207000e+02   7.1520000e+02   7.1093000e+02   7.1187000e+02   6.0959000e+02   6.0552000e+02
   7.0399000e+02   7.0740000e+02   7.0439000e+02   7.0484000e+02   6.0706000e+02   6.0508000e+02
   7.0555000e+02   7.0782000e+02   7.0392000e+02   7.0426000e+02   6.0623000e+02   6.0161000e+02
   7.1341000e+02   7.1756000e+02   7.1357000e+02   7.1397000e+02   6.0940000e+02   6.0579000e+02
   7.0191000e+02   7.0497000e+02   7.0292000e+02   7.0298000e+02   6.1142000e+02   6.0230000e+02
   6.9270000e+02   6.9657000e+02   6.9124000e+02   6.9063000e+02   6.0361000e+02   5.9600000e+02
   6.8017000e+02   6.8412000e+02   6.8160000e+02   6.8177000e+02   5.8656000e+02   5.7555000e+02
   6.6435000e+02   6.6825000e+02   6.6591000e+02   6.6739000e+02   5.7196000e+02   5.6520000e+02
   6.6673000e+02   6.7015000e+02   6.6690000e+02   6.6735000e+02   5.7044000e+02   5.5945000e+02
   6.6348000e+02   6.6756000e+02   6.6519000e+02   6.6599000e+02   5.6901000e+02   5.6128000e+02
   6.6145000e+02   6.6339000e+02   6.6080000e+02   6.6164000e+02   5.6596000e+02   5.5692000e+02
   6.6941000e+02   6.7342000e+02   6.7042000e+02   6.7160000e+02   5.7366000e+02   5.6678000e+02
   6.7099000e+02   6.7514000e+02   6.7239000e+02   6.7370000e+02   5.7123000e+02   5.6147000e+02
   6.6997000e+02   6.7411000e+02   6.7257000e+02   6.7323000e+02   5.7179000e+02   5.6047000e+02
   6.6545000e+02   6.6904000e+02   6.6620000e+02   6.6856000e+02   5.6921000e+02   5.5719000e+02
   6.6574000e+02   6.6998000e+02   6.6740000e+02   6.6780000e+02   5.6876000e+02   5.5692000e+02
   6.6832000e+02   6.7267000e+02   6.6963000e+02   6.7024000e+02   5.7347000e+02   5.6014000e+02
   6.7090000e+02   6.7411000e+02   6.7074000e+02   6.7266000e+02   5.7883000e+02   5.6441000e+02
   6.7807000e+02   6.8150000e+02   6.7931000e+02   6.7974000e+02   5.8222000e+02   5.7020000e+02
   6.7433000e+02   6.7741000e+02   6.7578000e+02   6.7680000e+02   5.8069000e+02   5.7043000e+02
   6.7697000e+02   6.7946000e+02   6.7799000e+02   6.7900000e+02   5.7780000e+02   5.7011000e+02
   6.7951000e+02   6.8259000e+02   6.8166000e+02   6.8213000e+02   5.7985000e+02   5.7250000e+02
   6.8237000e+02   6.8514000e+02   6.8364000e+02   6.8502000e+02   5.8483000e+02   5.7620000e+02
   7.1523000e+02   7.1823000e+02   7.1649000e+02   7.1753000e+02   6.1697000e+02   6.0892000e+02
   7.4552000e+02   7.4843000e+02   7.4685000e+02   7.4825000e+02   6.4608000e+02   6.3973000e+02
   7.5325000e+02   7.5699000e+02   7.5474000e+02   7.5595000e+02   6.5245000e+02   6.4725000e+02
   7.5563000e+02   7.5812000e+02   7.5762000e+02   7.5801000e+02   6.5341000e+02   6.4625000e+02
   7.5063000e+02   7.5311000e+02   7.5231000e+02   7.5368000e+02   6.4629000e+02   6.3748000e+02
   7.5784000e+02   7.6041000e+02   7.5905000e+02   7.6049000e+02   6.5229000e+02   6.3734000e+02
   7.7356000e+02   7.7578000e+02   7.7481000e+02   7.7762000e+02   6.6371000e+02   6.4941000e+02
   7.9652000e+02   7.9871000e+02   7.9778000e+02   7.9967000e+02   6.8751000e+02   6.7076000e+02
   8.0666000e+02   8.0883000e+02   8.0711000e+02   8.0823000e+02   6.9346000e+02   6.7712000e+02
   8.0405000e+02   8.0643000e+02   8.0451000e+02   8.0496000e+02   6.8623000e+02   6.7534000e+02
   8.0756000e+02   8.1062000e+02   8.0733000e+02   8.0909000e+02   6.8260000e+02   6.6928000e+02
   8.0920000e+02   8.1134000e+02   8.1071000e+02   8.1264000e+02   6.7756000e+02   6.6607000e+02
   7.9508000e+02   7.9639000e+02   7.9296000e+02   7.9469000e+02   6.5732000e+02   6.5081000e+02
   7.9751000e+02   7.9861000e+02   7.9647000e+02   7.9847000e+02   6.4620000e+02   6.3573000e+02
   7.9516000e+02   7.9689000e+02   7.9502000e+02   7.9635000e+02   6.3671000e+02   6.2834000e+02
   7.9569000e+02   7.9902000e+02   7.9575000e+02   7.9722000e+02   6.2927000e+02   6.1950000e+02
   7.9181000e+02   7.9408000e+02   7.9267000e+02   7.9264000e+02   6.2084000e+02   6.1421000e+02
   7.9003000e+02   7.9224000e+02   7.8911000e+02   7.9034000e+02   6.1202000e+02   6.0068000e+02
   7.8927000e+02   7.9321000e+02   7.8927000e+02   7.9045000e+02   6.0135000e+02   5.8972000e+02
   7.7907000e+02   7.8189000e+02   7.7969000e+02   7.8128000e+02   5.8832000e+02   5.7247000e+02
   7.7581000e+02   7.8014000e+02   7.7610000e+02   7.7803000e+02   5.8322000e+02   5.6665000e+02
   7.7277000e+02   7.7518000e+02   7.7340000e+02   7.7478000e+02   5.7625000e+02   5.6324000e+02
   7.7003000e+02   7.7263000e+02   7.6853000e+02   7.7128000e+02   5.6236000e+02   5.5138000e+02
   7.6492000e+02   7.6968000e+02   7.6488000e+02   7.6743000e+02   5.4941000e+02   5.3702000e+02
   7.3909000e+02   7.4272000e+02   7.3861000e+02   7.4032000e+02   5.1801000e+02   5.0243000e+02
   7.0674000e+02   7.1024000e+02   7.0762000e+02   7.1013000e+02   4.7678000e+02   4.6487000e+02
   6.8340000e+02   6.8572000e+02   6.8399000e+02   6.8584000e+02   4.4844000e+02   4.4094000e+02
   6.6941000e+02   6.7268000e+02   6.6986000e+02   6.7159000e+02   4.2911000e+02   4.1843000e+02
   6.5723000e+02   6.6022000e+02   6.5668000e+02   6.5799000e+02   4.1321000e+02   4.0086000e+02
   6.3387000e+02   6.3737000e+02   6.3510000e+02   6.3750000e+02   3.8276000e+02   3.7575000e+02
   6.0328000e+02   6.0695000e+02   6.0479000e+02   6.0635000e+02   3.5569000e+02   3.5029000e+02
   5.6230000e+02   5.6516000e+02   5.6246000e+02   5.6498000e+02   3.3264000e+02   3.3393000e+02
   5.3187000e+02   5.3491000e+02   5.3271000e+02   5.3379000e+02   3.3211000e+02   3.3996000e+02
   5.3646000e+02   5.3963000e+02   5.3663000e+02   5.3727000e+02   3.4516000e+02   3.4134000e+02
   5.6237000e+02   5.6294000e+02   5.6281000e+02   5.6328000e+02   3.3063000e+02   3.3334000e+02
   5.5306000e+02   5.5445000e+02   5.5371000e+02   5.5582000e+02   3.3577000e+02   3.3631000e+02
   5.5793000e+02   5.5984000e+02   5.5887000e+02   5.6038000e+02   3.4537000e+02   3.4651000e+02
   5.5906000e+02   5.5843000e+02   5.5768000e+02   5.5816000e+02   3.4277000e+02   3.4311000e+02
   5.5187000e+02   5.5354000e+02   5.5308000e+02   5.5563000e+02   3.2267000e+02   3.2880000e+02
   5.3747000e+02   5.4070000e+02   5.3971000e+02   5.4090000e+02   3.1743000e+02   3.1808000e+02
   5.1699000e+02   5.2126000e+02   5.1730000e+02   5.1829000e+02   2.9808000e+02   2.9579000e+02
   5.0862000e+02   5.0913000e+02   5.0738000e+02   5.0754000e+02   2.9227000e+02   2.8406000e+02
   5.1301000e+02   5.1338000e+02   5.1183000e+02   5.1193000e+02   2.8736000e+02   2.7897000e+02
   5.2029000e+02   5.2078000e+02   5.2042000e+02   5.2264000e+02   2.8494000e+02   2.7518000e+02
   5.0295000e+02   5.0534000e+02   5.0231000e+02   5.0345000e+02   2.9193000e+02   2.8522000e+02
   4.8575000e+02   4.8660000e+02   4.8533000e+02   4.8621000e+02   2.9879000e+02   2.9330000e+02
   5.1031000e+02   5.1112000e+02   5.0922000e+02   5.0953000e+02   3.1143000e+02   2.8709000e+02
   5.2095000e+02   5.2426000e+02   5.2119000e+02   5.2241000e+02   2.8595000e+02   2.8150000e+02
   5.3152000e+02   5.3478000e+02   5.3002000e+02   5.3187000e+02   2.9665000e+02   2.8788000e+02
   5.3691000e+02   5.3879000e+02   5.3603000e+02   5.3703000e+02   3.1399000e+02   3.0012000e+02
   5.3333000e+02   5.3463000e+02   5.3150000e+02   5.3168000e+02   3.1632000e+02   2.9860000e+02
   5.1578000e+02   5.1798000e+02   5.1624000e+02   5.1593000e+02   3.1913000e+02   3.0852000e+02
   4.9685000e+02   5.0033000e+02   4.9754000e+02   4.9942000e+02   3.2564000e+02   3.0937000e+02
   5.0321000e+02   5.0624000e+02   5.0355000e+02   5.0597000e+02   3.4065000e+02   3.1908000e+02
   5.0852000e+02   5.1655000e+02   5.1073000e+02   5.1247000e+02   3.4934000e+02   3.3831000e+02
   5.2582000e+02   5.2876000e+02   5.2621000e+02   5.2879000e+02   3.6354000e+02   3.5384000e+02
   5.3904000e+02   5.4040000e+02   5.4137000e+02   5.4509000e+02   3.6828000e+02   3.5711000e+02
   5.5428000e+02   5.5336000e+02   5.5491000e+02   5.5974000e+02   3.6764000e+02   3.5601000e+02
   5.5928000e+02   5.6692000e+02   5.6083000e+02   5.6653000e+02   3.6513000e+02   3.6011000e+02
   5.5217000e+02   5.6498000e+02   5.5290000e+02   5.5245000e+02   3.7168000e+02   3.6523000e+02
   5.4191000e+02   5.5065000e+02   5.4380000e+02   5.4582000e+02   3.6836000e+02   3.5743000e+02
   5.4074000e+02   5.4930000e+02   5.3898000e+02   5.3945000e+02   3.7017000e+02   3.5541000e+02
   5.4350000e+02   5.4559000e+02   5.4274000e+02   5.4171000e+02   3.7347000e+02   3.5637000e+02
   5.4580000e+02   5.4332000e+02   5.4416000e+02   5.4450000e+02   3.6548000e+02   3.5008000e+02
   5.5816000e+02   5.5696000e+02   5.5386000e+02   5.5469000e+02   3.6284000e+02   3.4952000e+02
   5.5941000e+02   5.6342000e+02   5.5415000e+02   5.4925000e+02   3.5616000e+02   3.5279000e+02
   5.5873000e+02   5.5931000e+02   5.5733000e+02   5.5773000e+02   3.5066000e+02   3.4871000e+02
   5.6256000e+02   5.5897000e+02   5.6402000e+02   5.6457000e+02   3.4901000e+02   3.4537000e+02
   5.7659000e+02   5.7621000e+02   5.7512000e+02   5.7666000e+02   3.5691000e+02   3.5099000e+02
   5.7998000e+02   5.8360000e+02   5.8288000e+02   5.8426000e+02   3.6839000e+02   3.5844000e+02
   5.8670000e+02   5.9384000e+02   5.9058000e+02   5.9130000e+02   3.7404000e+02   3.6671000e+02
   5.9188000e+02   5.9440000e+02   5.9275000e+02   5.9447000e+02   3.7960000e+02   3.6930000e+02
   5.5582000e+02   5.5886000e+02   5.5604000e+02   5.5716000e+02   3.4192000e+02   3.3100000e+02
   5.2060000e+02   5.2472000e+02   5.2018000e+02   5.1979000e+02   3.0800000e+02   2.9928000e+02
