   3.2441000e+00   3.1959000e+00   3.1935000e+00   3.1702000e+00   2.9265000e+00   2.8043000e+00
   3.1490000e+00   3.0933000e+00   3.1124000e+00   3.0904000e+00   3.2336000e+00   3.0747000e+00
   3.4819000e+00   3.4661000e+00   3.4479000e+00   3.4271000e+00   3.5688000e+00   3.2472000e+00
   4.0279000e+00   4.0408000e+00   3.9680000e+00   3.9345000e+00   3.7275000e+00   3.4328000e+00
   4.5790000e+00   4.5842000e+00   4.4723000e+00   4.4086000e+00   3.6536000e+00   3.4593000e+00
   5.0816000e+00   5.1061000e+00   4.9197000e+00   4.8219000e+00   3.7572000e+00   3.6567000e+00
   5.6614000e+00   5.7313000e+00   5.4607000e+00   5.3524000e+00   3.7540000e+00   3.8637000e+00
   6.2996000e+00   6.3594000e+00   6.0670000e+00   5.9541000e+00   3.9266000e+00   4.0910000e+00
   6.7375000e+00   6.8051000e+00   6.5141000e+00   6.4121000e+00   4.0389000e+00   4.2243000e+00
   6.9795000e+00   7.0437000e+00   6.7662000e+00   6.6747000e+00   3.8776000e+00   4.1296000e+00
   7.2247000e+00   7.2976000e+00   7.0213000e+00   6.9353000e+00   3.5753000e+00   4.0658000e+00
   7.4464000e+00   7.5172000e+00   7.2506000e+00   7.1714000e+00   3.6028000e+00   3.9429000e+00
   7.4917000e+00   7.5486000e+00   7.3161000e+00   7.2530000e+00   3.9307000e+00   3.9717000e+00
   7.4686000e+00   7.5271000e+00   7.3266000e+00   7.2816000e+00   4.3437000e+00   4.2099000e+00
   7.3854000e+00   7.4346000e+00   7.2291000e+00   7.1762000e+00   4.6760000e+00   4.8370000e+00
   7.2129000e+00   7.3066000e+00   7.0627000e+00   7.0121000e+00   4.8184000e+00   5.2973000e+00
   6.6905000e+00   6.8405000e+00   6.5304000e+00   6.4535000e+00   4.9911000e+00   5.5767000e+00
   6.2645000e+00   6.4114000e+00   6.0488000e+00   5.9295000e+00   5.1029000e+00   5.5158000e+00
   5.8393000e+00   6.0309000e+00   5.6836000e+00   5.5763000e+00   5.3428000e+00   5.3247000e+00
   5.6293000e+00   5.8511000e+00   5.5821000e+00   5.5553000e+00   4.8575000e+00   4.3695000e+00
   5.6050000e+00   5.7320000e+00   5.5450000e+00   5.5497000e+00   4.3217000e+00   3.7525000e+00
   5.8136000e+00   5.9685000e+00   5.7676000e+00   5.8257000e+00   3.8867000e+00   3.8620000e+00
   5.7659000e+00   6.0733000e+00   5.8675000e+00   6.0251000e+00   4.0228000e+00   4.5368000e+00
   5.3945000e+00   5.8690000e+00   5.7084000e+00   5.9583000e+00   4.0965000e+00   5.0457000e+00
   4.5996000e+00   5.2281000e+00   5.0908000e+00   5.4162000e+00   4.2901000e+00   5.1979000e+00
   3.8305000e+00   4.3576000e+00   4.4158000e+00   4.7746000e+00   4.3940000e+00   5.2616000e+00
   2.9485000e+00   3.5641000e+00   3.7831000e+00   4.2212000e+00   4.1774000e+00   5.1663000e+00
   2.3661000e+00   2.8940000e+00   3.2754000e+00   3.8148000e+00   3.9433000e+00   4.6622000e+00
   2.4115000e+00   2.9007000e+00   3.0766000e+00   3.5843000e+00   3.6887000e+00   3.9707000e+00
   2.1955000e+00   2.7417000e+00   2.6922000e+00   3.1090000e+00   3.0687000e+00   3.1443000e+00
   1.9583000e+00   2.3172000e+00   2.2945000e+00   2.5147000e+00   2.3509000e+00   2.0260000e+00
   2.8311000e+00   3.0641000e+00   3.1670000e+00   3.3166000e+00   1.6686000e+00   1.0709000e+00
   3.6580000e+00   3.9423000e+00   3.8666000e+00   3.9089000e+00   1.2819000e+00   6.0010000e-01
   3.7935000e+00   4.2088000e+00   3.9953000e+00   4.0574000e+00   7.4840000e-01   4.6650000e-01
   2.9667000e+00   3.8367000e+00   3.5223000e+00   3.6823000e+00   7.2930000e-01   6.1860000e-01
   2.8013000e+00   3.5018000e+00   3.5695000e+00   3.8023000e+00   7.8820000e-01   9.8530000e-01
   2.9583000e+00   3.5058000e+00   3.5475000e+00   3.6345000e+00   1.0229000e+00   1.4756000e+00
   3.2953000e+00   3.6911000e+00   3.7011000e+00   3.7190000e+00   1.4227000e+00   1.9400000e+00
   3.2994000e+00   3.7146000e+00   3.6856000e+00   3.7885000e+00   1.8087000e+00   2.3086000e+00
   3.2999000e+00   3.6249000e+00   3.6713000e+00   3.8384000e+00   2.2031000e+00   2.7279000e+00
   3.7291000e+00   3.9047000e+00   3.9495000e+00   4.0698000e+00   2.7258000e+00   3.0004000e+00
   4.2841000e+00   4.4567000e+00   4.4257000e+00   4.4880000e+00   3.2865000e+00   3.4735000e+00
   4.6188000e+00   4.7767000e+00   4.7042000e+00   4.7157000e+00   3.8286000e+00   3.8084000e+00
   5.7593000e+00   5.7165000e+00   5.6556000e+00   5.5661000e+00   4.4378000e+00   4.1151000e+00
   5.8926000e+00   5.8081000e+00   5.6925000e+00   5.5299000e+00   4.5994000e+00   4.2500000e+00
   6.3249000e+00   6.0448000e+00   5.9718000e+00   5.8236000e+00   4.6761000e+00   4.8294000e+00
   6.2628000e+00   6.4483000e+00   6.5000000e+00   6.6947000e+00   4.9022000e+00   4.7167000e+00
   6.3763000e+00   6.7430000e+00   6.6807000e+00   6.8459000e+00   4.4165000e+00   4.6710000e+00
   7.6338000e+00   7.6105000e+00   7.5192000e+00   7.5126000e+00   4.4966000e+00   5.2042000e+00
   7.9889000e+00   8.4872000e+00   8.4574000e+00   8.7619000e+00   4.7594000e+00   5.2052000e+00
   7.7180000e+00   7.6901000e+00   7.0714000e+00   6.9841000e+00   5.2963000e+00   7.7650000e+00
   5.3252000e+00   5.7849000e+00   6.8054000e+00   7.5301000e+00   5.0152000e+00   8.9986000e+00
   6.2969000e+00   6.9605000e+00   7.3993000e+00   8.0570000e+00   5.3026000e+00   9.3038000e+00
   7.6815000e+00   7.7350000e+00   8.0827000e+00   8.3640000e+00   9.4023000e+00   8.6349000e+00
   8.1856000e+00   7.8217000e+00   8.1324000e+00   8.2990000e+00   8.0894000e+00   7.8234000e+00
   7.9902000e+00   7.8072000e+00   7.7694000e+00   7.7632000e+00   8.3132000e+00   9.2737000e+00
   8.7721000e+00   8.8764000e+00   8.8394000e+00   9.0056000e+00   8.9229000e+00   8.9934000e+00
   8.8726000e+00   9.1710000e+00   9.0931000e+00   9.4020000e+00   1.0676100e+01   9.2141000e+00
   8.6113000e+00   9.2806000e+00   8.9144000e+00   9.2471000e+00   9.2690000e+00   6.7551000e+00
   8.4384000e+00   9.2689000e+00   8.8881000e+00   9.2059000e+00   8.7672000e+00   5.0078000e+00
   7.6587000e+00   8.4207000e+00   8.0958000e+00   8.3731000e+00   7.5905000e+00   4.8902000e+00
   7.4256000e+00   8.1533000e+00   7.9661000e+00   8.2415000e+00   6.9977000e+00   4.6345000e+00
   7.1920000e+00   7.9367000e+00   7.7067000e+00   8.0007000e+00   6.4464000e+00   4.7305000e+00
   7.1222000e+00   7.8940000e+00   7.5678000e+00   7.8585000e+00   6.4338000e+00   5.4557000e+00
   7.4490000e+00   8.0572000e+00   7.5928000e+00   7.7473000e+00   7.0539000e+00   6.6649000e+00
   7.7887000e+00   8.3088000e+00   8.0276000e+00   8.1813000e+00   7.8898000e+00   6.8587000e+00
   8.3204000e+00   8.7813000e+00   8.5263000e+00   8.5964000e+00   8.0021000e+00   7.4831000e+00
   8.7409000e+00   9.0860000e+00   8.7043000e+00   8.7882000e+00   8.5447000e+00   8.0231000e+00
   8.9414000e+00   9.3859000e+00   8.9390000e+00   8.8799000e+00   9.2332000e+00   8.6238000e+00
   9.1195000e+00   9.5364000e+00   9.1838000e+00   9.2075000e+00   9.3015000e+00   8.7749000e+00
   9.5405000e+00   9.9518000e+00   9.6437000e+00   9.6797000e+00   9.3352000e+00   8.9784000e+00
   9.4489000e+00   9.9076000e+00   9.6673000e+00   9.7873000e+00   9.3832000e+00   9.5480000e+00
   9.4543000e+00   9.9130000e+00   9.6834000e+00   9.8195000e+00   9.5086000e+00   1.0182500e+01
   9.3416000e+00   9.7166000e+00   9.5988000e+00   9.7667000e+00   9.4617000e+00   1.0611700e+01
   9.5879000e+00   9.9476000e+00   9.7861000e+00   9.8992000e+00   9.6932000e+00   1.0989300e+01
   9.6469000e+00   9.9906000e+00   9.8458000e+00   9.9603000e+00   9.6454000e+00   1.1357300e+01
   9.7299000e+00   1.0067300e+01   9.9102000e+00   1.0016900e+01   9.0628000e+00   1.0961600e+01
   9.8877000e+00   1.0230700e+01   9.9846000e+00   1.0036100e+01   8.9534000e+00   9.6404000e+00
   1.0139900e+01   1.0420800e+01   1.0150100e+01   1.0141300e+01   9.3336000e+00   8.7143000e+00
   1.0329800e+01   1.0593300e+01   1.0358300e+01   1.0353400e+01   8.8937000e+00   8.9609000e+00
   1.0349700e+01   1.0557300e+01   1.0327000e+01   1.0298600e+01   9.0651000e+00   9.1622000e+00
   1.0347000e+01   1.0617300e+01   1.0403500e+01   1.0412400e+01   8.8335000e+00   9.0652000e+00
   1.0062000e+01   1.0360200e+01   1.0195800e+01   1.0257300e+01   8.8306000e+00   9.4819000e+00
   9.8173000e+00   1.0141700e+01   1.0025200e+01   1.0123000e+01   9.1986000e+00   9.7805000e+00
   9.5334000e+00   9.8654000e+00   9.7343000e+00   9.8159000e+00   9.1112000e+00   9.7652000e+00
   9.5761000e+00   9.7987000e+00   9.7091000e+00   9.7716000e+00   9.1202000e+00   9.5532000e+00
   9.4458000e+00   9.5567000e+00   9.5497000e+00   9.6180000e+00   9.3661000e+00   9.1289000e+00
   9.2032000e+00   9.2299000e+00   9.3138000e+00   9.3663000e+00   9.4086000e+00   9.3809000e+00
   9.4188000e+00   9.4337000e+00   9.4792000e+00   9.5079000e+00   9.4037000e+00   9.4269000e+00
   9.4009000e+00   9.5181000e+00   9.4031000e+00   9.4213000e+00   9.5674000e+00   9.5269000e+00
   9.6215000e+00   9.7286000e+00   9.5007000e+00   9.4351000e+00   9.3804000e+00   9.7375000e+00
   9.8762000e+00   9.8406000e+00   9.8057000e+00   9.7409000e+00   9.1961000e+00   9.6050000e+00
   1.0312700e+01   1.0069400e+01   1.0072400e+01   9.9162000e+00   9.2380000e+00   9.1612000e+00
   1.0555500e+01   1.0135800e+01   1.0166200e+01   9.9903000e+00   9.5957000e+00   8.8900000e+00
   1.1059100e+01   1.0642700e+01   1.0376700e+01   1.0078300e+01   9.6029000e+00   8.9633000e+00
   1.1336200e+01   1.1055300e+01   1.0702300e+01   1.0365400e+01   9.3181000e+00   8.9969000e+00
   1.1110000e+01   1.1026600e+01   1.0689400e+01   1.0481900e+01   8.7863000e+00   8.8647000e+00
   1.0816900e+01   1.0820000e+01   1.0553400e+01   1.0495400e+01   8.7906000e+00   8.2813000e+00
   1.0478500e+01   1.0514400e+01   1.0393600e+01   1.0443600e+01   8.6643000e+00   8.1166000e+00
   1.0278000e+01   1.0245800e+01   1.0145000e+01   1.0179800e+01   8.0381000e+00   8.2266000e+00
   1.0244900e+01   1.0209800e+01   1.0223000e+01   1.0243200e+01   7.6910000e+00   8.0551000e+00
   9.7792000e+00   9.8324000e+00   1.0041300e+01   1.0222700e+01   7.8942000e+00   7.8893000e+00
   9.0270000e+00   9.0142000e+00   9.3566000e+00   9.5693000e+00   7.9891000e+00   7.9762000e+00
   8.8989000e+00   8.8831000e+00   9.1240000e+00   9.2515000e+00   7.5261000e+00   7.9190000e+00
   8.9371000e+00   8.9714000e+00   9.1222000e+00   9.2268000e+00   6.9151000e+00   7.5472000e+00
   8.8426000e+00   8.8692000e+00   9.0083000e+00   9.1260000e+00   6.7628000e+00   7.2066000e+00
   8.2930000e+00   8.3085000e+00   8.6273000e+00   8.8405000e+00   7.1528000e+00   6.6477000e+00
   7.2926000e+00   7.2739000e+00   7.6506000e+00   7.8679000e+00   7.4821000e+00   6.2690000e+00
   7.3233000e+00   7.3044000e+00   7.3679000e+00   7.3996000e+00   7.8664000e+00   6.0610000e+00
   7.6494000e+00   7.6295000e+00   7.6949000e+00   7.7227000e+00   8.1148000e+00   6.2657000e+00
   7.2596000e+00   7.2171000e+00   7.5331000e+00   7.7002000e+00   8.3901000e+00   6.8734000e+00
   6.5174000e+00   6.4477000e+00   6.9215000e+00   7.1358000e+00   8.3885000e+00   7.5577000e+00
   6.0745000e+00   6.0903000e+00   6.4125000e+00   6.5798000e+00   7.9026000e+00   7.8305000e+00
   5.7754000e+00   5.9808000e+00   6.1209000e+00   6.2794000e+00   7.0698000e+00   7.8284000e+00
   6.1277000e+00   6.5983000e+00   6.4416000e+00   6.4906000e+00   6.8594000e+00   8.1407000e+00
   6.8878000e+00   7.4058000e+00   7.1637000e+00   7.2824000e+00   6.6502000e+00   7.4799000e+00
   6.8870000e+00   7.4840000e+00   7.2334000e+00   7.4672000e+00   5.0503000e+00   6.5169000e+00
   6.6528000e+00   7.3528000e+00   6.9875000e+00   7.2092000e+00   4.0404000e+00   6.1396000e+00
   6.5096000e+00   7.1435000e+00   6.8611000e+00   7.1223000e+00   4.2604000e+00   6.3441000e+00
   6.1792000e+00   6.8647000e+00   6.5864000e+00   6.8963000e+00   4.1192000e+00   6.6258000e+00
   6.0394000e+00   6.8052000e+00   6.4606000e+00   6.8610000e+00   3.9187000e+00   6.5014000e+00
   6.2853000e+00   7.0436000e+00   6.7027000e+00   7.0366000e+00   3.8242000e+00   5.9441000e+00
   6.8229000e+00   7.3974000e+00   7.1346000e+00   7.3724000e+00   3.7958000e+00   5.1669000e+00
   7.2153000e+00   7.7015000e+00   7.5365000e+00   7.7497000e+00   4.0728000e+00   5.0746000e+00
   7.4481000e+00   7.6753000e+00   7.6273000e+00   7.7664000e+00   4.4758000e+00   5.3611000e+00
   7.5000000e+00   7.4382000e+00   7.5243000e+00   7.6062000e+00   5.0513000e+00   5.4330000e+00
   7.9105000e+00   7.6381000e+00   7.8186000e+00   7.7834000e+00   5.6567000e+00   5.2832000e+00
   8.2343000e+00   7.8908000e+00   8.1250000e+00   8.1521000e+00   5.7918000e+00   5.0008000e+00
   8.4515000e+00   8.0044000e+00   8.2221000e+00   8.1800000e+00   5.1760000e+00   4.9978000e+00
   8.6492000e+00   8.1535000e+00   8.4046000e+00   8.3416000e+00   4.3886000e+00   4.9053000e+00
   8.6900000e+00   8.2589000e+00   8.4460000e+00   8.4008000e+00   4.4679000e+00   4.5068000e+00
   8.7224000e+00   8.3606000e+00   8.7138000e+00   8.6817000e+00   4.1903000e+00   4.2395000e+00
   8.7261000e+00   8.2971000e+00   8.7198000e+00   8.7548000e+00   3.2146000e+00   3.7931000e+00
   8.9153000e+00   8.4984000e+00   8.8930000e+00   8.8499000e+00   2.4997000e+00   3.2949000e+00
   8.9560000e+00   8.6378000e+00   8.9900000e+00   8.9367000e+00   2.8958000e+00   3.2358000e+00
   8.9999000e+00   8.7685000e+00   9.0302000e+00   8.9957000e+00   3.3925000e+00   3.5323000e+00
   9.1079000e+00   8.8283000e+00   9.1128000e+00   9.0341000e+00   3.8876000e+00   3.5956000e+00
   8.9707000e+00   8.6541000e+00   8.9277000e+00   8.8794000e+00   4.4154000e+00   3.9293000e+00
   9.1381000e+00   8.7924000e+00   8.9412000e+00   8.7720000e+00   4.3114000e+00   5.1873000e+00
   9.6038000e+00   9.1424000e+00   9.2243000e+00   8.9853000e+00   3.9921000e+00   5.2995000e+00
   1.0168500e+01   9.7458000e+00   9.6999000e+00   9.4131000e+00   5.0659000e+00   5.8410000e+00
   1.0623700e+01   1.0246000e+01   1.0169700e+01   9.8302000e+00   6.2201000e+00   6.0109000e+00
   1.0685900e+01   1.0507500e+01   1.0450800e+01   1.0269700e+01   5.6807000e+00   6.0672000e+00
   1.0630200e+01   1.0264900e+01   1.0291900e+01   1.0114600e+01   6.7701000e+00   6.4814000e+00
   1.0837800e+01   1.0436000e+01   1.0485300e+01   1.0269500e+01   6.5293000e+00   6.4548000e+00
   1.0958300e+01   1.0532800e+01   1.0602200e+01   1.0381800e+01   6.9692000e+00   6.7232000e+00
   1.0866700e+01   1.0637900e+01   1.0623000e+01   1.0472700e+01   6.8881000e+00   7.5126000e+00
   1.0685000e+01   1.0534900e+01   1.0571500e+01   1.0533300e+01   6.2942000e+00   7.1272000e+00
   1.0601200e+01   1.0447800e+01   1.0468300e+01   1.0419300e+01   7.5901000e+00   6.1611000e+00
   1.0410600e+01   1.0140300e+01   1.0226300e+01   1.0129400e+01   6.2823000e+00   6.5503000e+00
   1.0340900e+01   1.0081400e+01   1.0122200e+01   9.9815000e+00   7.2332000e+00   6.8472000e+00
   1.0462600e+01   1.0285900e+01   1.0313000e+01   1.0207200e+01   8.3572000e+00   7.4222000e+00
   1.0326300e+01   1.0184500e+01   1.0241000e+01   1.0177800e+01   7.7974000e+00   7.1999000e+00
   9.9527000e+00   9.8760000e+00   9.9144000e+00   9.8886000e+00   1.1006100e+01   7.7854000e+00
   9.8318000e+00   9.8142000e+00   9.8338000e+00   9.8389000e+00   9.0930000e+00   7.3352000e+00
   9.7692000e+00   9.6478000e+00   9.7785000e+00   9.8065000e+00   9.0247000e+00   7.4759000e+00
   9.4796000e+00   9.3901000e+00   9.4776000e+00   9.4665000e+00   9.6700000e+00   8.0523000e+00
   9.1799000e+00   9.3738000e+00   9.2719000e+00   9.3990000e+00   1.1239500e+01   8.0944000e+00
   9.3739000e+00   9.7244000e+00   9.4458000e+00   9.5083000e+00   1.1404100e+01   8.8397000e+00
   9.3949000e+00   9.5849000e+00   9.3930000e+00   9.4126000e+00   1.1441500e+01   9.2530000e+00
   9.3741000e+00   9.5886000e+00   9.3895000e+00   9.4187000e+00   1.0727900e+01   9.1578000e+00
   9.2569000e+00   9.4163000e+00   9.2648000e+00   9.3373000e+00   1.1306100e+01   9.8014000e+00
   8.8753000e+00   9.0219000e+00   8.9463000e+00   9.0319000e+00   1.0250000e+01   9.6503000e+00
   8.7645000e+00   9.0235000e+00   8.8845000e+00   8.9759000e+00   9.3705000e+00   9.6748000e+00
   8.8062000e+00   9.0260000e+00   8.8944000e+00   8.9613000e+00   9.6962000e+00   9.8282000e+00
   8.9458000e+00   9.1330000e+00   8.9943000e+00   9.0352000e+00   9.5401000e+00   9.7863000e+00
   8.8761000e+00   9.0659000e+00   8.9281000e+00   8.9947000e+00   9.7462000e+00   9.6288000e+00
   8.9893000e+00   9.1617000e+00   9.0069000e+00   8.9928000e+00   9.6781000e+00   9.7448000e+00
   9.0796000e+00   9.2751000e+00   9.1412000e+00   9.1870000e+00   9.6305000e+00   9.7242000e+00
   9.0638000e+00   9.3286000e+00   9.1096000e+00   9.1137000e+00   9.5778000e+00   9.5893000e+00
   9.1183000e+00   9.4236000e+00   9.1692000e+00   9.1765000e+00   9.6369000e+00   9.4770000e+00
   9.3312000e+00   9.7038000e+00   9.4728000e+00   9.5401000e+00   9.5609000e+00   9.3822000e+00
   9.3645000e+00   9.6813000e+00   9.5299000e+00   9.6634000e+00   9.4942000e+00   9.3493000e+00
   9.5073000e+00   9.6501000e+00   9.5602000e+00   9.6442000e+00   9.3959000e+00   9.2161000e+00
   9.5992000e+00   9.6718000e+00   9.5285000e+00   9.5093000e+00   9.2379000e+00   9.1351000e+00
   9.7569000e+00   9.8608000e+00   9.6967000e+00   9.6960000e+00   9.0057000e+00   8.8855000e+00
   9.5963000e+00   9.7164000e+00   9.5835000e+00   9.6011000e+00   8.9577000e+00   8.7940000e+00
   9.7460000e+00   9.9811000e+00   9.7472000e+00   9.7523000e+00   8.7594000e+00   8.6541000e+00
   9.7279000e+00   9.9194000e+00   9.7247000e+00   9.7362000e+00   8.6942000e+00   8.6307000e+00
   9.6996000e+00   9.8115000e+00   9.6595000e+00   9.6497000e+00   8.6652000e+00   8.6857000e+00
   9.7111000e+00   9.8062000e+00   9.6468000e+00   9.6501000e+00   8.6449000e+00   8.6909000e+00
   9.7357000e+00   9.8618000e+00   9.6657000e+00   9.6673000e+00   8.5688000e+00   8.6004000e+00
   9.6547000e+00   9.7710000e+00   9.5822000e+00   9.5687000e+00   8.5319000e+00   8.5588000e+00
   9.4548000e+00   9.6449000e+00   9.3804000e+00   9.3557000e+00   8.3912000e+00   8.4700000e+00
   9.2589000e+00   9.5174000e+00   9.2880000e+00   9.3427000e+00   8.2602000e+00   8.2017000e+00
   9.0734000e+00   9.2693000e+00   9.1512000e+00   9.2108000e+00   8.0837000e+00   8.0538000e+00
   8.8845000e+00   9.0194000e+00   8.9548000e+00   9.0146000e+00   7.9230000e+00   7.8972000e+00
   8.9133000e+00   9.0230000e+00   8.9343000e+00   8.9637000e+00   7.7781000e+00   7.8072000e+00
   8.8319000e+00   8.9671000e+00   8.8943000e+00   8.9461000e+00   7.6813000e+00   7.6891000e+00
   8.7158000e+00   8.8222000e+00   8.7756000e+00   8.8302000e+00   7.6586000e+00   7.5878000e+00
   8.6838000e+00   8.7589000e+00   8.7435000e+00   8.7956000e+00   7.6168000e+00   7.6266000e+00
   8.5850000e+00   8.6652000e+00   8.6715000e+00   8.7436000e+00   7.5703000e+00   7.5944000e+00
   8.5403000e+00   8.6349000e+00   8.5823000e+00   8.6247000e+00   7.6168000e+00   7.6849000e+00
   8.5242000e+00   8.6652000e+00   8.5648000e+00   8.5917000e+00   7.6750000e+00   7.7311000e+00
   8.5336000e+00   8.6340000e+00   8.5598000e+00   8.5986000e+00   7.7700000e+00   7.7672000e+00
   8.6145000e+00   8.6851000e+00   8.6126000e+00   8.6352000e+00   7.7302000e+00   7.7946000e+00
   8.6442000e+00   8.7241000e+00   8.6631000e+00   8.6916000e+00   7.7368000e+00   7.7755000e+00
   8.5999000e+00   8.7260000e+00   8.6621000e+00   8.7073000e+00   7.7876000e+00   7.7826000e+00
   8.5779000e+00   8.6635000e+00   8.6399000e+00   8.6734000e+00   7.6942000e+00   7.7684000e+00
   8.5616000e+00   8.6330000e+00   8.6301000e+00   8.6744000e+00   7.6699000e+00   7.7025000e+00
   8.5319000e+00   8.6058000e+00   8.6312000e+00   8.6965000e+00   7.6716000e+00   7.6030000e+00
   8.4347000e+00   8.5113000e+00   8.5412000e+00   8.6070000e+00   7.6297000e+00   7.5129000e+00
   8.3734000e+00   8.4296000e+00   8.4651000e+00   8.5204000e+00   7.6902000e+00   7.4635000e+00
   8.3431000e+00   8.3852000e+00   8.4112000e+00   8.4532000e+00   7.8103000e+00   7.5531000e+00
   8.3482000e+00   8.3869000e+00   8.4113000e+00   8.4464000e+00   7.9265000e+00   7.7184000e+00
   8.3069000e+00   8.3507000e+00   8.3566000e+00   8.3786000e+00   7.9153000e+00   7.8477000e+00
   8.3179000e+00   8.3674000e+00   8.3490000e+00   8.3566000e+00   7.9475000e+00   7.8552000e+00
   8.3111000e+00   8.4079000e+00   8.3881000e+00   8.4200000e+00   7.9136000e+00   7.7059000e+00
   8.2922000e+00   8.4226000e+00   8.3978000e+00   8.4467000e+00   7.8085000e+00   7.3135000e+00
   8.2699000e+00   8.4294000e+00   8.4272000e+00   8.4958000e+00   7.6538000e+00   7.2178000e+00
   8.3251000e+00   8.5017000e+00   8.4878000e+00   8.5759000e+00   7.3001000e+00   6.9714000e+00
   8.3781000e+00   8.5710000e+00   8.5425000e+00   8.6376000e+00   6.4883000e+00   6.2230000e+00
   8.4329000e+00   8.5926000e+00   8.5768000e+00   8.6682000e+00   5.9195000e+00   5.7140000e+00
   8.4446000e+00   8.5581000e+00   8.5826000e+00   8.6825000e+00   5.9552000e+00   5.8559000e+00
   8.4527000e+00   8.5416000e+00   8.5977000e+00   8.7048000e+00   6.2108000e+00   6.1169000e+00
   8.4215000e+00   8.5209000e+00   8.5798000e+00   8.6942000e+00   6.2921000e+00   6.1673000e+00
   8.3972000e+00   8.5000000e+00   8.5582000e+00   8.6763000e+00   6.4487000e+00   6.2686000e+00
   8.4269000e+00   8.4930000e+00   8.5437000e+00   8.6220000e+00   6.4774000e+00   6.3032000e+00
   8.4347000e+00   8.3468000e+00   8.4833000e+00   8.5262000e+00   6.3843000e+00   6.2290000e+00
   8.4119000e+00   8.2937000e+00   8.4014000e+00   8.4358000e+00   6.3209000e+00   6.1964000e+00
   8.3742000e+00   8.2932000e+00   8.3596000e+00   8.4134000e+00   6.4726000e+00   6.2629000e+00
   8.3674000e+00   8.2634000e+00   8.3330000e+00   8.3798000e+00   6.6017000e+00   6.3058000e+00
   8.2500000e+00   8.1933000e+00   8.2530000e+00   8.3163000e+00   6.6640000e+00   6.4159000e+00
   8.1854000e+00   8.1187000e+00   8.1762000e+00   8.2342000e+00   6.7261000e+00   6.5980000e+00
   8.1699000e+00   8.0728000e+00   8.1377000e+00   8.1859000e+00   6.8151000e+00   6.8532000e+00
   8.1423000e+00   8.0621000e+00   8.1100000e+00   8.1630000e+00   6.9077000e+00   7.1144000e+00
   8.1543000e+00   8.1044000e+00   8.1411000e+00   8.2048000e+00   6.9660000e+00   7.3713000e+00
   8.1464000e+00   8.0813000e+00   8.1555000e+00   8.2161000e+00   7.0216000e+00   7.6271000e+00
   8.1074000e+00   8.0663000e+00   8.1345000e+00   8.1828000e+00   7.1354000e+00   7.8882000e+00
   8.1210000e+00   8.0563000e+00   8.1315000e+00   8.1774000e+00   7.2931000e+00   8.1130000e+00
   8.1588000e+00   8.1009000e+00   8.1727000e+00   8.2353000e+00   7.4659000e+00   8.3331000e+00
   8.2111000e+00   8.1458000e+00   8.2191000e+00   8.2757000e+00   7.6455000e+00   8.5383000e+00
   8.3248000e+00   8.2358000e+00   8.3225000e+00   8.3711000e+00   7.7852000e+00   8.6675000e+00
   8.4738000e+00   8.3807000e+00   8.4783000e+00   8.5270000e+00   7.9008000e+00   8.7050000e+00
   8.6387000e+00   8.5571000e+00   8.6582000e+00   8.7137000e+00   7.9635000e+00   8.6625000e+00
   8.8165000e+00   8.7569000e+00   8.8485000e+00   8.9087000e+00   7.9794000e+00   8.5397000e+00
   9.0310000e+00   8.9865000e+00   9.0633000e+00   9.1243000e+00   8.4281000e+00   8.3376000e+00
   9.2363000e+00   9.1980000e+00   9.2601000e+00   9.3192000e+00   8.2171000e+00   8.4114000e+00
   9.4489000e+00   9.4180000e+00   9.4526000e+00   9.4958000e+00   8.3744000e+00   8.6562000e+00
   9.5770000e+00   9.5394000e+00   9.5676000e+00   9.6050000e+00   8.3265000e+00   8.6453000e+00
   9.6519000e+00   9.5917000e+00   9.6282000e+00   9.6553000e+00   7.9077000e+00   8.3451000e+00
   9.6985000e+00   9.6584000e+00   9.6722000e+00   9.6954000e+00   8.9407000e+00   8.8689000e+00
   9.7535000e+00   9.7378000e+00   9.7410000e+00   9.7684000e+00   8.8572000e+00   9.0456000e+00
   9.8642000e+00   9.8663000e+00   9.8512000e+00   9.8818000e+00   8.6886000e+00   9.3592000e+00
   9.9476000e+00   9.9561000e+00   9.9363000e+00   9.9647000e+00   9.4040000e+00   9.3682000e+00
   9.9701000e+00   9.9618000e+00   9.9488000e+00   9.9668000e+00   8.7619000e+00   9.0484000e+00
   1.0011200e+01   1.0004700e+01   9.9954000e+00   1.0009000e+01   9.5276000e+00   8.7409000e+00
   9.9781000e+00   9.9576000e+00   9.9566000e+00   9.9600000e+00   8.8070000e+00   9.0409000e+00
   1.0019900e+01   9.9661000e+00   9.9912000e+00   9.9808000e+00   9.2487000e+00   9.2688000e+00
   1.0084200e+01   1.0040700e+01   1.0095300e+01   1.0111800e+01   8.7910000e+00   9.5320000e+00
   1.0061400e+01   1.0013200e+01   1.0065900e+01   1.0074500e+01   1.0037700e+01   9.7700000e+00
   9.9610000e+00   9.9597000e+00   9.9759000e+00   9.9837000e+00   1.0221900e+01   9.5864000e+00
   9.9818000e+00   1.0017700e+01   9.9785000e+00   9.9841000e+00   1.0516300e+01   9.4823000e+00
   9.9209000e+00   1.0005600e+01   9.9075000e+00   9.9028000e+00   9.4720000e+00   9.7402000e+00
   9.8714000e+00   1.0003500e+01   9.8842000e+00   9.9009000e+00   1.0111100e+01   9.8269000e+00
   9.7267000e+00   9.8492000e+00   9.7623000e+00   9.7899000e+00   1.0841200e+01   9.8986000e+00
   9.7998000e+00   9.8779000e+00   9.8321000e+00   9.8534000e+00   9.8340000e+00   9.3239000e+00
   9.7171000e+00   9.8926000e+00   9.7779000e+00   9.8335000e+00   9.6220000e+00   9.5992000e+00
   9.7079000e+00   9.9291000e+00   9.7823000e+00   9.8125000e+00   1.0869400e+01   9.8159000e+00
   9.6462000e+00   9.8550000e+00   9.7221000e+00   9.7531000e+00   1.1100700e+01   1.0091500e+01
   9.7207000e+00   9.9344000e+00   9.8330000e+00   9.8914000e+00   1.1034200e+01   1.0704400e+01
   9.6066000e+00   9.8475000e+00   9.7592000e+00   9.8482000e+00   1.0723600e+01   1.0960200e+01
   9.4353000e+00   9.6922000e+00   9.5931000e+00   9.6858000e+00   1.0254500e+01   1.0522400e+01
   9.3420000e+00   9.6112000e+00   9.5307000e+00   9.6417000e+00   1.0082300e+01   1.0154800e+01
   9.2621000e+00   9.5262000e+00   9.4787000e+00   9.5993000e+00   1.0276200e+01   1.0069200e+01
   9.1531000e+00   9.3934000e+00   9.3701000e+00   9.4867000e+00   9.8866000e+00   9.9526000e+00
   9.1285000e+00   9.3447000e+00   9.3402000e+00   9.4526000e+00   9.5180000e+00   9.8463000e+00
   9.1912000e+00   9.3868000e+00   9.3774000e+00   9.4743000e+00   9.5113000e+00   9.6925000e+00
   9.2102000e+00   9.4060000e+00   9.4145000e+00   9.5250000e+00   9.3825000e+00   9.6679000e+00
   9.0298000e+00   9.2281000e+00   9.2532000e+00   9.3774000e+00   9.0596000e+00   9.5266000e+00
   9.0473000e+00   9.2276000e+00   9.2677000e+00   9.3919000e+00   8.9081000e+00   9.2487000e+00
   9.0985000e+00   9.2942000e+00   9.3293000e+00   9.4663000e+00   8.7680000e+00   8.9853000e+00
   9.2140000e+00   9.4299000e+00   9.4638000e+00   9.6133000e+00   8.4708000e+00   8.8001000e+00
   9.1264000e+00   9.3367000e+00   9.3970000e+00   9.5570000e+00   8.3853000e+00   8.5359000e+00
   9.0655000e+00   9.2064000e+00   9.2873000e+00   9.4333000e+00   8.4765000e+00   8.3897000e+00
   9.2939000e+00   9.3902000e+00   9.4785000e+00   9.6049000e+00   8.5666000e+00   8.2073000e+00
   9.3788000e+00   9.5076000e+00   9.5537000e+00   9.6703000e+00   8.5365000e+00   7.8894000e+00
   9.3194000e+00   9.4522000e+00   9.5180000e+00   9.6508000e+00   8.5767000e+00   7.6950000e+00
   9.1908000e+00   9.3079000e+00   9.3898000e+00   9.5225000e+00   8.5265000e+00   7.4303000e+00
   9.2623000e+00   9.3673000e+00   9.4420000e+00   9.5608000e+00   8.6396000e+00   7.3480000e+00
   9.2414000e+00   9.3425000e+00   9.4656000e+00   9.6094000e+00   8.4989000e+00   7.1612000e+00
   9.0848000e+00   9.1612000e+00   9.3045000e+00   9.4370000e+00   8.3600000e+00   7.0497000e+00
   9.0621000e+00   9.1404000e+00   9.2541000e+00   9.3691000e+00   8.3588000e+00   7.1115000e+00
   9.0157000e+00   9.1315000e+00   9.1847000e+00   9.2838000e+00   8.3748000e+00   7.1984000e+00
   9.0448000e+00   9.1857000e+00   9.2565000e+00   9.3712000e+00   8.2670000e+00   7.2117000e+00
   8.8096000e+00   8.9203000e+00   9.0593000e+00   9.1806000e+00   8.2048000e+00   7.1959000e+00
   8.6587000e+00   8.7204000e+00   8.8053000e+00   8.8590000e+00   8.0816000e+00   7.2221000e+00
   8.7551000e+00   8.8198000e+00   8.8038000e+00   8.8031000e+00   8.0713000e+00   7.3394000e+00
   8.6148000e+00   8.6999000e+00   8.6669000e+00   8.6728000e+00   8.1468000e+00   7.6182000e+00
   8.5425000e+00   8.6115000e+00   8.5858000e+00   8.5944000e+00   8.1944000e+00   7.7503000e+00
   8.5430000e+00   8.5656000e+00   8.6629000e+00   8.7200000e+00   8.1661000e+00   7.8746000e+00
   8.6338000e+00   8.6325000e+00   8.7702000e+00   8.8401000e+00   8.1572000e+00   7.9511000e+00
   8.6403000e+00   8.5915000e+00   8.7505000e+00   8.8007000e+00   8.0972000e+00   8.0895000e+00
   8.7104000e+00   8.6044000e+00   8.7688000e+00   8.7659000e+00   7.9441000e+00   8.1019000e+00
   8.8201000e+00   8.7708000e+00   8.8664000e+00   8.8421000e+00   7.8145000e+00   8.1846000e+00
   8.7868000e+00   8.7596000e+00   8.8087000e+00   8.8123000e+00   7.7368000e+00   8.1912000e+00
   8.6917000e+00   8.6354000e+00   8.7477000e+00   8.8005000e+00   7.6950000e+00   8.1587000e+00
   8.6404000e+00   8.5309000e+00   8.7797000e+00   8.8668000e+00   7.6813000e+00   8.1299000e+00
   8.7094000e+00   8.5889000e+00   8.8437000e+00   8.9344000e+00   7.7751000e+00   8.0916000e+00
   8.8708000e+00   8.7691000e+00   8.9978000e+00   9.1010000e+00   7.8669000e+00   8.0552000e+00
   9.1052000e+00   9.0793000e+00   9.2201000e+00   9.3208000e+00   8.0360000e+00   8.1070000e+00
   9.3170000e+00   9.3753000e+00   9.3850000e+00   9.4588000e+00   8.1413000e+00   8.1959000e+00
   9.4201000e+00   9.5641000e+00   9.4870000e+00   9.5596000e+00   8.1770000e+00   8.2594000e+00
   9.5456000e+00   9.6552000e+00   9.6755000e+00   9.7868000e+00   8.2234000e+00   8.2391000e+00
   9.6904000e+00   9.7418000e+00   9.8302000e+00   9.9449000e+00   8.4140000e+00   8.3410000e+00
   9.7916000e+00   9.8742000e+00   9.9236000e+00   1.0013200e+01   8.5477000e+00   8.3579000e+00
   9.8068000e+00   9.9546000e+00   9.8859000e+00   9.9410000e+00   7.8342000e+00   7.6436000e+00
   9.7567000e+00   9.9714000e+00   9.8212000e+00   9.8714000e+00   7.3970000e+00   7.3496000e+00
   9.6297000e+00   9.8877000e+00   9.7121000e+00   9.7480000e+00   7.4549000e+00   7.6201000e+00
   9.5278000e+00   9.7514000e+00   9.6048000e+00   9.6290000e+00   7.4726000e+00   7.6431000e+00
   9.4308000e+00   9.5818000e+00   9.4839000e+00   9.5055000e+00   7.2832000e+00   7.4708000e+00
   9.2657000e+00   9.3904000e+00   9.3674000e+00   9.4108000e+00   7.0985000e+00   7.4276000e+00
   9.1826000e+00   9.2620000e+00   9.3049000e+00   9.3657000e+00   7.2681000e+00   7.6717000e+00
   9.2068000e+00   9.1981000e+00   9.3017000e+00   9.3584000e+00   7.6127000e+00   7.9388000e+00
   9.1295000e+00   9.0795000e+00   9.2008000e+00   9.2591000e+00   7.8725000e+00   8.0079000e+00
   9.0099000e+00   8.9671000e+00   9.0907000e+00   9.1630000e+00   8.1110000e+00   8.1031000e+00
   8.8703000e+00   8.8447000e+00   8.9584000e+00   9.0359000e+00   8.3617000e+00   8.2698000e+00
   8.8100000e+00   8.7781000e+00   8.8716000e+00   8.9302000e+00   8.6232000e+00   8.5093000e+00
   8.7664000e+00   8.7300000e+00   8.8129000e+00   8.8676000e+00   8.7506000e+00   8.6571000e+00
   8.7260000e+00   8.6997000e+00   8.7675000e+00   8.8184000e+00   8.8567000e+00   8.7701000e+00
   8.6224000e+00   8.6122000e+00   8.6541000e+00   8.7006000e+00   8.9607000e+00   8.9584000e+00
   8.5144000e+00   8.4621000e+00   8.5031000e+00   8.5383000e+00   9.0625000e+00   9.1120000e+00
   8.6169000e+00   8.5218000e+00   8.5411000e+00   8.5408000e+00   9.1563000e+00   9.2814000e+00
   8.7319000e+00   8.6717000e+00   8.6790000e+00   8.6714000e+00   9.1570000e+00   9.4324000e+00
   8.7068000e+00   8.6523000e+00   8.7167000e+00   8.7499000e+00   9.2006000e+00   9.5767000e+00
   8.7056000e+00   8.6536000e+00   8.7554000e+00   8.8104000e+00   9.3112000e+00   9.7425000e+00
   8.7502000e+00   8.7072000e+00   8.8062000e+00   8.8553000e+00   9.3070000e+00   9.8383000e+00
   8.7637000e+00   8.7389000e+00   8.7941000e+00   8.8239000e+00   9.4106000e+00   9.8774000e+00
   8.8938000e+00   8.8732000e+00   8.8771000e+00   8.8746000e+00   9.5822000e+00   1.0038100e+01
   9.0207000e+00   9.0062000e+00   8.9860000e+00   8.9748000e+00   9.7691000e+00   1.0300700e+01
   9.0658000e+00   9.0187000e+00   9.0266000e+00   9.0126000e+00   1.0048100e+01   1.0434900e+01
   9.1607000e+00   9.1204000e+00   9.1182000e+00   9.1029000e+00   1.0337300e+01   1.0641600e+01
   9.2240000e+00   9.2001000e+00   9.2021000e+00   9.2010000e+00   1.0649800e+01   1.0834000e+01
   9.2993000e+00   9.2882000e+00   9.2982000e+00   9.3054000e+00   1.0946800e+01   1.0892300e+01
   9.4316000e+00   9.4326000e+00   9.4425000e+00   9.4583000e+00   1.1000400e+01   1.0978700e+01
   9.5492000e+00   9.5618000e+00   9.5670000e+00   9.5888000e+00   1.1223600e+01   1.1117500e+01
   9.3805000e+00   9.4133000e+00   9.4226000e+00   9.4585000e+00   1.1458200e+01   1.1076600e+01
   9.0493000e+00   9.0663000e+00   9.0878000e+00   9.1146000e+00   1.1399300e+01   1.1100100e+01
   9.0974000e+00   9.0941000e+00   9.1285000e+00   9.1481000e+00   1.1314500e+01   1.1212400e+01
   9.1136000e+00   9.1290000e+00   9.1694000e+00   9.2018000e+00   1.1118500e+01   1.1460800e+01
   9.0148000e+00   9.0609000e+00   9.1016000e+00   9.1492000e+00   1.1090900e+01   1.1638500e+01
   8.8920000e+00   8.9723000e+00   8.9888000e+00   9.0458000e+00   1.1327300e+01   1.1607700e+01
   8.9245000e+00   8.9882000e+00   9.0535000e+00   9.1230000e+00   1.1646900e+01   1.1521500e+01
   8.8972000e+00   8.9324000e+00   9.0535000e+00   9.1337000e+00   1.2055900e+01   1.1494000e+01
   8.7621000e+00   8.8250000e+00   8.9476000e+00   9.0432000e+00   1.2134200e+01   1.1568400e+01
   8.5637000e+00   8.6091000e+00   8.7297000e+00   8.8101000e+00   1.1934200e+01   1.1735900e+01
   8.4059000e+00   8.4218000e+00   8.5702000e+00   8.6410000e+00   1.1753700e+01   1.1778900e+01
   8.4010000e+00   8.3691000e+00   8.5777000e+00   8.6608000e+00   1.1661900e+01   1.1683400e+01
   8.3621000e+00   8.3230000e+00   8.5541000e+00   8.6435000e+00   1.1474600e+01   1.1642600e+01
   7.9871000e+00   7.9372000e+00   8.1650000e+00   8.2379000e+00   1.1362200e+01   1.1311500e+01
   7.6982000e+00   7.6687000e+00   7.9195000e+00   7.9772000e+00   1.1052400e+01   1.1235300e+01
   7.6106000e+00   7.6410000e+00   7.9649000e+00   8.0885000e+00   1.0904000e+01   1.0822400e+01
   7.3991000e+00   7.4545000e+00   7.7997000e+00   7.9841000e+00   1.0909500e+01   1.0531200e+01
   7.3350000e+00   7.4005000e+00   7.6569000e+00   7.8175000e+00   1.1010900e+01   1.0592800e+01
   7.4641000e+00   7.5322000e+00   7.6541000e+00   7.7419000e+00   1.0520600e+01   1.0306700e+01
   7.7317000e+00   7.7473000e+00   7.8382000e+00   7.8813000e+00   1.0283800e+01   9.9728000e+00
   7.8035000e+00   7.8251000e+00   7.9043000e+00   7.9197000e+00   1.0396200e+01   9.6278000e+00
   7.9796000e+00   7.9504000e+00   8.0431000e+00   8.0583000e+00   1.0683500e+01   9.4390000e+00
   8.0879000e+00   8.1341000e+00   8.1382000e+00   8.1796000e+00   1.0686400e+01   9.4606000e+00
   8.0022000e+00   8.1685000e+00   8.0715000e+00   8.1136000e+00   1.0698900e+01   9.7665000e+00
   7.8455000e+00   7.9918000e+00   7.8905000e+00   7.8908000e+00   1.0647900e+01   1.0169500e+01
   7.7775000e+00   7.9434000e+00   7.7138000e+00   7.6330000e+00   1.0573800e+01   1.0088800e+01
   7.8144000e+00   7.9397000e+00   7.7897000e+00   7.7154000e+00   1.0531000e+01   1.0281600e+01
   7.7058000e+00   7.7313000e+00   7.8429000e+00   7.8761000e+00   1.0501600e+01   1.0779600e+01
   7.8092000e+00   7.6154000e+00   7.8812000e+00   7.8908000e+00   1.0054100e+01   1.1242200e+01
   7.8247000e+00   7.6600000e+00   7.8309000e+00   7.7946000e+00   9.5909000e+00   1.1619700e+01
   7.5724000e+00   7.6449000e+00   7.8041000e+00   7.9134000e+00   9.5150000e+00   1.2054300e+01
   7.4297000e+00   7.5801000e+00   7.8035000e+00   7.9906000e+00   1.0014100e+01   1.2352000e+01
   7.3926000e+00   7.5062000e+00   7.7375000e+00   7.9455000e+00   1.1410800e+01   1.2270700e+01
   7.3625000e+00   7.4421000e+00   7.6154000e+00   7.7541000e+00   1.1840000e+01   1.1988200e+01
   7.1469000e+00   7.2285000e+00   7.2639000e+00   7.3206000e+00   1.1848400e+01   1.1843700e+01
   6.9481000e+00   7.1287000e+00   6.9753000e+00   6.9764000e+00   1.1760700e+01   1.2069700e+01
   6.9092000e+00   7.1346000e+00   6.8559000e+00   6.8065000e+00   1.1419300e+01   1.2371500e+01
   7.0263000e+00   7.1828000e+00   6.8976000e+00   6.7958000e+00   1.0995600e+01   1.2566800e+01
   7.1192000e+00   7.2033000e+00   6.9521000e+00   6.8409000e+00   1.0636300e+01   1.2752200e+01
   7.0417000e+00   7.0261000e+00   6.8525000e+00   6.7688000e+00   1.0487800e+01   1.3081600e+01
   7.0220000e+00   6.9513000e+00   6.8475000e+00   6.7625000e+00   1.0493700e+01   1.3379300e+01
