  -1.4301000e+00  -1.3884000e+00  -1.4411000e+00  -1.4369000e+00  -2.7645000e+00  -2.6080000e+00
  -1.9999000e+00  -1.9716000e+00  -2.0233000e+00  -2.0308000e+00  -3.0501000e+00  -2.8572000e+00
  -2.6740000e+00  -2.6529000e+00  -2.6976000e+00  -2.7096000e+00  -3.4417000e+00  -3.0401000e+00
  -3.1703000e+00  -3.1524000e+00  -3.1816000e+00  -3.1869000e+00  -3.6511000e+00  -3.3058000e+00
  -3.6878000e+00  -3.6537000e+00  -3.6705000e+00  -3.6550000e+00  -3.6202000e+00  -3.4171000e+00
  -4.0597000e+00  -4.0301000e+00  -3.9856000e+00  -3.9356000e+00  -3.7372000e+00  -3.6194000e+00
  -4.3892000e+00  -4.3741000e+00  -4.2917000e+00  -4.2240000e+00  -3.7385000e+00  -3.8438000e+00
  -4.8552000e+00  -4.8469000e+00  -4.7007000e+00  -4.6029000e+00  -3.9172000e+00  -4.0740000e+00
  -5.2393000e+00  -5.2486000e+00  -5.0836000e+00  -4.9844000e+00  -4.0351000e+00  -4.1894000e+00
  -5.6962000e+00  -5.7362000e+00  -5.5236000e+00  -5.4216000e+00  -3.8775000e+00  -4.1002000e+00
  -6.2568000e+00  -6.3159000e+00  -6.0862000e+00  -5.9916000e+00  -3.5702000e+00  -4.0398000e+00
  -6.8212000e+00  -6.8776000e+00  -6.6546000e+00  -6.5712000e+00  -3.6004000e+00  -3.9148000e+00
  -7.0782000e+00  -7.1196000e+00  -6.9512000e+00  -6.9020000e+00  -3.9298000e+00  -3.9347000e+00
  -7.1805000e+00  -7.2269000e+00  -7.1076000e+00  -7.0868000e+00  -4.3286000e+00  -4.1983000e+00
  -7.2068000e+00  -7.2476000e+00  -7.1196000e+00  -7.0916000e+00  -4.6437000e+00  -4.8354000e+00
  -7.1276000e+00  -7.2161000e+00  -7.0302000e+00  -6.9960000e+00  -4.7920000e+00  -5.2866000e+00
  -6.6632000e+00  -6.8099000e+00  -6.5290000e+00  -6.4528000e+00  -4.9739000e+00  -5.5598000e+00
  -6.2614000e+00  -6.4078000e+00  -6.0420000e+00  -5.9077000e+00  -5.0862000e+00  -5.5081000e+00
  -5.8263000e+00  -6.0199000e+00  -5.6206000e+00  -5.4717000e+00  -5.3181000e+00  -5.3241000e+00
  -5.4701000e+00  -5.7073000e+00  -5.3216000e+00  -5.2154000e+00  -4.8073000e+00  -4.3688000e+00
  -5.1084000e+00  -5.2382000e+00  -4.9255000e+00  -4.8037000e+00  -4.2184000e+00  -3.7502000e+00
  -4.9856000e+00  -5.1001000e+00  -4.8105000e+00  -4.7006000e+00  -3.7846000e+00  -3.8449000e+00
  -4.5641000e+00  -4.8231000e+00  -4.5252000e+00  -4.5075000e+00  -3.9661000e+00  -4.4506000e+00
  -3.8652000e+00  -4.2370000e+00  -3.9711000e+00  -4.0135000e+00  -4.0694000e+00  -4.8513000e+00
  -2.9767000e+00  -3.3502000e+00  -3.1458000e+00  -3.2082000e+00  -4.2574000e+00  -4.8925000e+00
  -2.3467000e+00  -2.7044000e+00  -2.5744000e+00  -2.6537000e+00  -4.3461000e+00  -4.8536000e+00
  -1.7033000e+00  -2.0441000e+00  -2.0081000e+00  -2.0713000e+00  -4.1457000e+00  -4.6513000e+00
  -1.7617000e+00  -2.0158000e+00  -2.0335000e+00  -2.0511000e+00  -3.9173000e+00  -4.1128000e+00
  -2.0076000e+00  -2.3029000e+00  -2.1298000e+00  -2.0713000e+00  -3.6291000e+00  -3.4807000e+00
  -1.8891000e+00  -2.1888000e+00  -1.9517000e+00  -1.8837000e+00  -2.9490000e+00  -2.7602000e+00
  -1.8432000e+00  -2.0757000e+00  -1.9278000e+00  -1.8592000e+00  -2.1876000e+00  -1.7871000e+00
  -2.6136000e+00  -2.6351000e+00  -2.6011000e+00  -2.4188000e+00  -1.5829000e+00  -9.6370000e-01
  -3.2793000e+00  -3.2600000e+00  -3.0404000e+00  -2.7400000e+00  -1.2478000e+00  -5.9970000e-01
  -3.1924000e+00  -3.2391000e+00  -2.8890000e+00  -2.5865000e+00  -7.4650000e-01  -4.3190000e-01
  -2.4264000e+00  -2.7621000e+00  -2.6083000e+00  -2.6242000e+00  -7.0900000e-01  -5.3320000e-01
  -2.4584000e+00  -2.7667000e+00  -2.8913000e+00  -2.9806000e+00  -7.4470000e-01  -9.1250000e-01
  -2.8021000e+00  -3.0441000e+00  -3.0773000e+00  -3.0712000e+00  -9.1100000e-01  -1.3811000e+00
  -3.1570000e+00  -3.3488000e+00  -3.3236000e+00  -3.3273000e+00  -1.2373000e+00  -1.8180000e+00
  -3.2292000e+00  -3.4960000e+00  -3.4418000e+00  -3.5196000e+00  -1.5698000e+00  -2.1891000e+00
  -3.2998000e+00  -3.5518000e+00  -3.5888000e+00  -3.7107000e+00  -1.9432000e+00  -2.5925000e+00
  -3.6895000e+00  -3.8932000e+00  -3.9355000e+00  -4.0305000e+00  -2.4982000e+00  -2.8571000e+00
  -4.2328000e+00  -4.4560000e+00  -4.4248000e+00  -4.4793000e+00  -3.0474000e+00  -3.3462000e+00
  -4.5730000e+00  -4.7767000e+00  -4.7040000e+00  -4.7143000e+00  -3.6532000e+00  -3.7370000e+00
  -5.7040000e+00  -5.7153000e+00  -5.6523000e+00  -5.5658000e+00  -4.3429000e+00  -4.0778000e+00
  -5.8632000e+00  -5.8048000e+00  -5.6925000e+00  -5.5180000e+00  -4.5735000e+00  -4.2433000e+00
  -6.3071000e+00  -6.0352000e+00  -5.9657000e+00  -5.7859000e+00  -4.6758000e+00  -4.8263000e+00
  -6.2624000e+00  -6.3961000e+00  -6.4417000e+00  -6.5624000e+00  -4.8950000e+00  -4.6974000e+00
  -6.3531000e+00  -6.5961000e+00  -6.5563000e+00  -6.6200000e+00  -4.4058000e+00  -4.5994000e+00
  -7.6305000e+00  -7.4912000e+00  -7.4482000e+00  -7.3422000e+00  -4.4556000e+00  -5.1243000e+00
  -7.8903000e+00  -8.1576000e+00  -8.2139000e+00  -8.3589000e+00  -4.6637000e+00  -5.1215000e+00
  -7.1279000e+00  -6.8959000e+00  -6.4179000e+00  -6.1266000e+00  -5.2128000e+00  -7.3424000e+00
  -5.3247000e+00  -5.6613000e+00  -6.6024000e+00  -6.9563000e+00  -4.8589000e+00  -8.9594000e+00
  -6.0746000e+00  -6.6011000e+00  -6.8249000e+00  -7.2368000e+00  -5.1235000e+00  -9.2965000e+00
  -6.9234000e+00  -6.6580000e+00  -6.8635000e+00  -6.7410000e+00  -8.6038000e+00  -8.6347000e+00
  -7.2529000e+00  -6.6224000e+00  -6.7434000e+00  -6.4850000e+00  -7.9187000e+00  -7.6868000e+00
  -6.9266000e+00  -6.3749000e+00  -6.3150000e+00  -6.0122000e+00  -7.8523000e+00  -7.9186000e+00
  -7.1995000e+00  -6.9600000e+00  -6.9047000e+00  -6.8243000e+00  -8.0756000e+00  -7.2390000e+00
  -6.9795000e+00  -6.7973000e+00  -6.7826000e+00  -6.8119000e+00  -8.8327000e+00  -6.4568000e+00
  -6.0648000e+00  -6.2600000e+00  -6.0663000e+00  -6.2070000e+00  -6.9536000e+00  -5.6725000e+00
  -5.7345000e+00  -6.0587000e+00  -5.8089000e+00  -5.9165000e+00  -5.9853000e+00  -4.9299000e+00
  -4.7608000e+00  -5.2047000e+00  -4.8485000e+00  -4.8945000e+00  -5.8223000e+00  -4.8390000e+00
  -4.1820000e+00  -4.5408000e+00  -4.2885000e+00  -4.3204000e+00  -5.5139000e+00  -4.5153000e+00
  -3.5428000e+00  -4.0163000e+00  -3.7599000e+00  -3.8076000e+00  -5.4310000e+00  -4.4544000e+00
  -3.0766000e+00  -3.4221000e+00  -3.1818000e+00  -3.1661000e+00  -5.4892000e+00  -5.0853000e+00
  -3.7760000e+00  -3.8868000e+00  -3.6277000e+00  -3.4877000e+00  -6.3324000e+00  -6.5062000e+00
  -4.3028000e+00  -4.3856000e+00  -4.2249000e+00  -4.1198000e+00  -7.2973000e+00  -6.6416000e+00
  -4.4378000e+00  -4.5508000e+00  -4.4418000e+00  -4.3617000e+00  -7.1382000e+00  -6.8795000e+00
  -4.6634000e+00  -4.7556000e+00  -4.5679000e+00  -4.5030000e+00  -7.5786000e+00  -7.4444000e+00
  -4.7470000e+00  -4.9694000e+00  -4.6838000e+00  -4.5689000e+00  -8.6972000e+00  -7.7932000e+00
  -5.0217000e+00  -5.1633000e+00  -5.0390000e+00  -5.0083000e+00  -8.9935000e+00  -7.7606000e+00
  -5.3825000e+00  -5.6054000e+00  -5.4274000e+00  -5.3741000e+00  -9.0148000e+00  -8.0380000e+00
  -5.0629000e+00  -5.3164000e+00  -5.1647000e+00  -5.1805000e+00  -8.9168000e+00  -8.4255000e+00
  -4.7081000e+00  -4.9770000e+00  -4.8417000e+00  -4.8915000e+00  -9.0924000e+00  -8.6384000e+00
  -4.5053000e+00  -4.6665000e+00  -4.5846000e+00  -4.5883000e+00  -8.7839000e+00  -8.5652000e+00
  -4.6124000e+00  -4.7009000e+00  -4.6381000e+00  -4.5968000e+00  -8.5133000e+00  -8.5527000e+00
  -4.6459000e+00  -4.7783000e+00  -4.7369000e+00  -4.7346000e+00  -7.9035000e+00  -8.9164000e+00
  -4.6579000e+00  -4.7899000e+00  -4.7607000e+00  -4.7834000e+00  -7.1836000e+00  -8.7623000e+00
  -4.9116000e+00  -5.0482000e+00  -4.9934000e+00  -4.9962000e+00  -6.9896000e+00  -7.4953000e+00
  -5.1059000e+00  -5.2496000e+00  -5.1720000e+00  -5.1634000e+00  -6.9932000e+00  -6.4808000e+00
  -5.0827000e+00  -5.3022000e+00  -5.2204000e+00  -5.2419000e+00  -6.2814000e+00  -6.2458000e+00
  -5.3169000e+00  -5.4044000e+00  -5.3381000e+00  -5.3169000e+00  -5.9817000e+00  -6.1187000e+00
  -5.4859000e+00  -5.6419000e+00  -5.5968000e+00  -5.6159000e+00  -5.4587000e+00  -5.8714000e+00
  -5.1806000e+00  -5.3622000e+00  -5.3556000e+00  -5.4166000e+00  -5.4123000e+00  -6.0823000e+00
  -5.0507000e+00  -5.2838000e+00  -5.2934000e+00  -5.4000000e+00  -5.7314000e+00  -6.3647000e+00
  -4.6564000e+00  -4.9064000e+00  -4.9063000e+00  -5.0033000e+00  -5.5806000e+00  -6.2804000e+00
  -4.6923000e+00  -4.8602000e+00  -4.8988000e+00  -4.9882000e+00  -5.4648000e+00  -5.9509000e+00
  -4.4634000e+00  -4.6073000e+00  -4.7009000e+00  -4.7927000e+00  -5.6907000e+00  -5.5096000e+00
  -4.1711000e+00  -4.1856000e+00  -4.3413000e+00  -4.4160000e+00  -5.7274000e+00  -5.8544000e+00
  -4.4404000e+00  -4.4534000e+00  -4.5530000e+00  -4.5844000e+00  -5.6945000e+00  -5.8451000e+00
  -4.3329000e+00  -4.4218000e+00  -4.4386000e+00  -4.4829000e+00  -5.7916000e+00  -5.7799000e+00
  -4.5838000e+00  -4.6216000e+00  -4.6010000e+00  -4.5699000e+00  -5.6102000e+00  -5.9030000e+00
  -4.8213000e+00  -4.7519000e+00  -4.8461000e+00  -4.7923000e+00  -5.4757000e+00  -5.7961000e+00
  -5.1929000e+00  -4.9752000e+00  -5.1193000e+00  -5.0336000e+00  -5.4170000e+00  -5.4375000e+00
  -5.4737000e+00  -5.1740000e+00  -5.2817000e+00  -5.1875000e+00  -5.6065000e+00  -5.2998000e+00
  -5.9583000e+00  -5.7241000e+00  -5.6267000e+00  -5.4482000e+00  -5.5742000e+00  -5.4586000e+00
  -6.2225000e+00  -6.1031000e+00  -5.9572000e+00  -5.7838000e+00  -5.3458000e+00  -5.4825000e+00
  -6.0561000e+00  -6.1344000e+00  -6.0427000e+00  -6.0154000e+00  -5.1424000e+00  -5.3288000e+00
  -5.9829000e+00  -6.1145000e+00  -6.0439000e+00  -6.0784000e+00  -5.3370000e+00  -5.0245000e+00
  -5.7139000e+00  -5.8220000e+00  -5.8336000e+00  -5.9119000e+00  -5.4461000e+00  -5.0937000e+00
  -5.4989000e+00  -5.5810000e+00  -5.5935000e+00  -5.6718000e+00  -5.1666000e+00  -5.1799000e+00
  -5.6456000e+00  -5.6571000e+00  -5.7370000e+00  -5.7926000e+00  -4.8659000e+00  -4.9076000e+00
  -5.4227000e+00  -5.5974000e+00  -5.8070000e+00  -6.0146000e+00  -4.9502000e+00  -4.6982000e+00
  -4.9450000e+00  -5.0856000e+00  -5.3412000e+00  -5.5803000e+00  -5.1012000e+00  -4.8897000e+00
  -5.3652000e+00  -5.3729000e+00  -5.5514000e+00  -5.6578000e+00  -4.7941000e+00  -4.8158000e+00
  -5.5820000e+00  -5.7518000e+00  -5.8361000e+00  -5.9825000e+00  -4.4012000e+00  -4.4805000e+00
  -5.5195000e+00  -5.7102000e+00  -5.7980000e+00  -5.9749000e+00  -4.1650000e+00  -4.2557000e+00
  -5.2376000e+00  -5.4112000e+00  -5.6116000e+00  -5.8322000e+00  -3.9183000e+00  -3.6960000e+00
  -4.7539000e+00  -4.8708000e+00  -5.0988000e+00  -5.3047000e+00  -3.6363000e+00  -3.2301000e+00
  -5.0100000e+00  -5.1116000e+00  -5.1512000e+00  -5.2569000e+00  -3.6420000e+00  -2.9114000e+00
  -5.5272000e+00  -5.6201000e+00  -5.6446000e+00  -5.7230000e+00  -3.8296000e+00  -3.0494000e+00
  -5.3704000e+00  -5.4591000e+00  -5.6327000e+00  -5.7964000e+00  -4.2392000e+00  -3.5921000e+00
  -5.0944000e+00  -5.1391000e+00  -5.3986000e+00  -5.5573000e+00  -4.5281000e+00  -4.2894000e+00
  -4.9806000e+00  -5.0994000e+00  -5.2418000e+00  -5.3830000e+00  -4.6156000e+00  -4.7432000e+00
  -4.9181000e+00  -5.1290000e+00  -5.1819000e+00  -5.3197000e+00  -4.1517000e+00  -5.0282000e+00
  -5.3221000e+00  -5.6029000e+00  -5.4894000e+00  -5.5880000e+00  -4.2475000e+00  -5.4144000e+00
  -5.7751000e+00  -6.2145000e+00  -6.0122000e+00  -6.1391000e+00  -4.2036000e+00  -4.9897000e+00
  -5.6861000e+00  -6.2473000e+00  -5.9955000e+00  -6.1952000e+00  -2.7333000e+00  -4.4459000e+00
  -5.4649000e+00  -6.1351000e+00  -5.7812000e+00  -5.9820000e+00  -1.8806000e+00  -3.9767000e+00
  -5.2887000e+00  -5.9851000e+00  -5.6519000e+00  -5.9070000e+00  -2.0251000e+00  -3.8438000e+00
  -5.2236000e+00  -6.0038000e+00  -5.6537000e+00  -5.9750000e+00  -1.9073000e+00  -3.9306000e+00
  -5.3185000e+00  -6.1913000e+00  -5.8276000e+00  -6.1914000e+00  -1.5826000e+00  -3.3167000e+00
  -5.8504000e+00  -6.5273000e+00  -6.1977000e+00  -6.4496000e+00  -1.3194000e+00  -2.3839000e+00
  -6.5089000e+00  -6.9359000e+00  -6.7009000e+00  -6.8815000e+00  -1.7575000e+00  -1.9825000e+00
  -6.9624000e+00  -7.3078000e+00  -7.1581000e+00  -7.3282000e+00  -2.3868000e+00  -1.9999000e+00
  -7.2131000e+00  -7.3355000e+00  -7.2691000e+00  -7.3899000e+00  -2.5261000e+00  -2.3592000e+00
  -7.3417000e+00  -7.1978000e+00  -7.2407000e+00  -7.2765000e+00  -2.8043000e+00  -2.6624000e+00
  -7.7985000e+00  -7.4329000e+00  -7.5770000e+00  -7.4667000e+00  -3.4209000e+00  -2.7196000e+00
  -8.1420000e+00  -7.7381000e+00  -7.9309000e+00  -7.9071000e+00  -3.5927000e+00  -2.6871000e+00
  -8.3754000e+00  -7.8669000e+00  -8.0536000e+00  -7.9585000e+00  -3.0465000e+00  -2.9441000e+00
  -8.5728000e+00  -8.0240000e+00  -8.2402000e+00  -8.1289000e+00  -2.4292000e+00  -3.0552000e+00
  -8.5927000e+00  -8.1038000e+00  -8.2651000e+00  -8.1737000e+00  -2.4574000e+00  -2.7847000e+00
  -8.6186000e+00  -8.2188000e+00  -8.5011000e+00  -8.4146000e+00  -2.0521000e+00  -2.6028000e+00
  -8.6516000e+00  -8.2138000e+00  -8.5247000e+00  -8.4728000e+00  -1.4878000e+00  -2.2948000e+00
  -8.8773000e+00  -8.4396000e+00  -8.7338000e+00  -8.6066000e+00  -1.6293000e+00  -1.8122000e+00
  -8.9305000e+00  -8.5943000e+00  -8.8642000e+00  -8.7462000e+00  -2.5015000e+00  -1.7688000e+00
  -8.9754000e+00  -8.7209000e+00  -8.9242000e+00  -8.8518000e+00  -3.1710000e+00  -2.3019000e+00
  -9.0881000e+00  -8.7807000e+00  -9.0255000e+00  -8.9138000e+00  -3.6967000e+00  -2.7804000e+00
  -8.9598000e+00  -8.6082000e+00  -8.8591000e+00  -8.7823000e+00  -4.0634000e+00  -3.5839000e+00
  -9.1240000e+00  -8.7499000e+00  -8.8969000e+00  -8.7221000e+00  -3.7478000e+00  -4.6284000e+00
  -9.5804000e+00  -9.0559000e+00  -9.1700000e+00  -8.9184000e+00  -3.6980000e+00  -4.4608000e+00
  -1.0078800e+01  -9.5469000e+00  -9.5696000e+00  -9.2571000e+00  -4.9562000e+00  -5.0074000e+00
  -1.0441500e+01  -9.9504000e+00  -9.9347000e+00  -9.5620000e+00  -5.8444000e+00  -5.1963000e+00
  -1.0389900e+01  -1.0128600e+01  -1.0120100e+01  -9.9080000e+00  -5.4081000e+00  -5.2228000e+00
  -1.0263100e+01  -9.7961000e+00  -9.8747000e+00  -9.6526000e+00  -5.9601000e+00  -5.6030000e+00
  -1.0403200e+01  -9.8730000e+00  -9.9805000e+00  -9.7032000e+00  -5.6071000e+00  -5.5856000e+00
  -1.0467200e+01  -9.8888000e+00  -1.0031800e+01  -9.7339000e+00  -6.5866000e+00  -6.1488000e+00
  -1.0320700e+01  -9.9756000e+00  -1.0045000e+01  -9.8483000e+00  -6.0327000e+00  -6.7063000e+00
  -1.0044500e+01  -9.7653000e+00  -9.8902000e+00  -9.8102000e+00  -5.9121000e+00  -6.1996000e+00
  -9.9130000e+00  -9.6166000e+00  -9.7449000e+00  -9.6612000e+00  -5.8237000e+00  -4.9789000e+00
  -9.7205000e+00  -9.2534000e+00  -9.4496000e+00  -9.2799000e+00  -3.8611000e+00  -5.4137000e+00
  -9.6220000e+00  -9.1314000e+00  -9.3201000e+00  -9.1120000e+00  -7.0981000e+00  -5.9710000e+00
  -9.6862000e+00  -9.3630000e+00  -9.4895000e+00  -9.3294000e+00  -8.3484000e+00  -6.7680000e+00
  -9.4906000e+00  -9.2224000e+00  -9.3500000e+00  -9.2306000e+00  -7.4373000e+00  -6.8392000e+00
  -9.1616000e+00  -8.8971000e+00  -9.0543000e+00  -8.9644000e+00  -1.0506500e+01  -7.6535000e+00
  -8.9457000e+00  -8.7436000e+00  -8.8952000e+00  -8.8347000e+00  -8.7943000e+00  -7.0927000e+00
  -8.8826000e+00  -8.6399000e+00  -8.8194000e+00  -8.7828000e+00  -8.9910000e+00  -6.9572000e+00
  -8.6814000e+00  -8.4772000e+00  -8.6122000e+00  -8.5536000e+00  -9.5905000e+00  -7.5386000e+00
  -8.4452000e+00  -8.4217000e+00  -8.4477000e+00  -8.4701000e+00  -1.1177900e+01  -8.0858000e+00
  -8.5363000e+00  -8.6365000e+00  -8.4968000e+00  -8.4811000e+00  -1.1284100e+01  -8.8070000e+00
  -8.4758000e+00  -8.4861000e+00  -8.3985000e+00  -8.3716000e+00  -1.1356500e+01  -9.2520000e+00
  -8.4631000e+00  -8.5130000e+00  -8.4182000e+00  -8.4137000e+00  -1.0562600e+01  -9.1418000e+00
  -8.2800000e+00  -8.3961000e+00  -8.3167000e+00  -8.3716000e+00  -1.1161000e+01  -9.6489000e+00
  -7.9474000e+00  -8.0141000e+00  -7.9985000e+00  -8.0498000e+00  -9.9728000e+00  -9.3448000e+00
  -7.9285000e+00  -8.0843000e+00  -8.0292000e+00  -8.0888000e+00  -8.9921000e+00  -9.0336000e+00
  -7.9596000e+00  -8.0931000e+00  -8.0259000e+00  -8.0802000e+00  -9.2594000e+00  -9.1480000e+00
  -8.1090000e+00  -8.2548000e+00  -8.1752000e+00  -8.2258000e+00  -8.8138000e+00  -9.0832000e+00
  -7.9392000e+00  -8.1102000e+00  -8.0234000e+00  -8.0980000e+00  -8.9146000e+00  -8.8967000e+00
  -8.0671000e+00  -8.2058000e+00  -8.1051000e+00  -8.1217000e+00  -8.7902000e+00  -8.9460000e+00
  -8.1966000e+00  -8.3995000e+00  -8.2996000e+00  -8.3738000e+00  -8.8326000e+00  -8.8796000e+00
  -8.0914000e+00  -8.3967000e+00  -8.2252000e+00  -8.2903000e+00  -8.8806000e+00  -8.8165000e+00
  -8.1114000e+00  -8.4156000e+00  -8.2556000e+00  -8.3252000e+00  -8.8507000e+00  -8.6957000e+00
  -8.3191000e+00  -8.6476000e+00  -8.5207000e+00  -8.6305000e+00  -8.6796000e+00  -8.5927000e+00
  -8.3204000e+00  -8.5881000e+00  -8.5347000e+00  -8.6840000e+00  -8.5281000e+00  -8.4814000e+00
  -8.4571000e+00  -8.5903000e+00  -8.5561000e+00  -8.6401000e+00  -8.3698000e+00  -8.2824000e+00
  -8.6673000e+00  -8.7590000e+00  -8.6662000e+00  -8.6684000e+00  -8.2047000e+00  -8.0056000e+00
  -8.7580000e+00  -8.8950000e+00  -8.7859000e+00  -8.8075000e+00  -7.9495000e+00  -7.8042000e+00
  -8.6057000e+00  -8.7549000e+00  -8.6582000e+00  -8.6892000e+00  -7.9162000e+00  -7.7797000e+00
  -8.8226000e+00  -9.0496000e+00  -8.8897000e+00  -8.9126000e+00  -7.7169000e+00  -7.6402000e+00
  -8.8397000e+00  -9.0690000e+00  -8.9294000e+00  -8.9703000e+00  -7.6701000e+00  -7.5915000e+00
  -8.8316000e+00  -8.9624000e+00  -8.8713000e+00  -8.8895000e+00  -7.6966000e+00  -7.6287000e+00
  -8.9033000e+00  -9.0033000e+00  -8.9139000e+00  -8.9346000e+00  -7.6895000e+00  -7.6620000e+00
  -8.9777000e+00  -9.1134000e+00  -8.9791000e+00  -8.9987000e+00  -7.5891000e+00  -7.5643000e+00
  -8.9624000e+00  -9.0850000e+00  -8.9564000e+00  -8.9589000e+00  -7.5472000e+00  -7.5065000e+00
  -8.7891000e+00  -8.9863000e+00  -8.7903000e+00  -8.7886000e+00  -7.3771000e+00  -7.4216000e+00
  -8.6357000e+00  -8.8979000e+00  -8.7304000e+00  -8.8025000e+00  -7.1966000e+00  -7.1886000e+00
  -8.4997000e+00  -8.6947000e+00  -8.6326000e+00  -8.7112000e+00  -7.0259000e+00  -7.0413000e+00
  -8.3422000e+00  -8.4686000e+00  -8.4527000e+00  -8.5213000e+00  -6.9233000e+00  -6.9444000e+00
  -8.4163000e+00  -8.5198000e+00  -8.4790000e+00  -8.5202000e+00  -6.8705000e+00  -6.9628000e+00
  -8.3453000e+00  -8.4801000e+00  -8.4523000e+00  -8.5184000e+00  -6.8504000e+00  -6.9768000e+00
  -8.2518000e+00  -8.3441000e+00  -8.3457000e+00  -8.4067000e+00  -6.8831000e+00  -6.9920000e+00
  -8.2574000e+00  -8.3110000e+00  -8.3429000e+00  -8.3979000e+00  -6.8722000e+00  -7.0416000e+00
  -8.2012000e+00  -8.2666000e+00  -8.3126000e+00  -8.3851000e+00  -6.8538000e+00  -7.0191000e+00
  -8.1965000e+00  -8.2726000e+00  -8.2634000e+00  -8.3065000e+00  -6.9489000e+00  -7.1169000e+00
  -8.2193000e+00  -8.3521000e+00  -8.2880000e+00  -8.3184000e+00  -7.0806000e+00  -7.1907000e+00
  -8.2471000e+00  -8.3450000e+00  -8.3037000e+00  -8.3471000e+00  -7.2029000e+00  -7.2396000e+00
  -8.3478000e+00  -8.4171000e+00  -8.3819000e+00  -8.4138000e+00  -7.1726000e+00  -7.2495000e+00
  -8.3928000e+00  -8.4741000e+00  -8.4448000e+00  -8.4824000e+00  -7.1700000e+00  -7.1978000e+00
  -8.3830000e+00  -8.5008000e+00  -8.4674000e+00  -8.5164000e+00  -7.2431000e+00  -7.2171000e+00
  -8.3898000e+00  -8.4703000e+00  -8.4730000e+00  -8.5123000e+00  -7.2154000e+00  -7.2572000e+00
  -8.4097000e+00  -8.4796000e+00  -8.4979000e+00  -8.5487000e+00  -7.2609000e+00  -7.2649000e+00
  -8.4154000e+00  -8.4899000e+00  -8.5284000e+00  -8.5978000e+00  -7.3101000e+00  -7.2296000e+00
  -8.3518000e+00  -8.4278000e+00  -8.4666000e+00  -8.5347000e+00  -7.3144000e+00  -7.2113000e+00
  -8.3093000e+00  -8.3644000e+00  -8.4080000e+00  -8.4651000e+00  -7.4042000e+00  -7.2240000e+00
  -8.2972000e+00  -8.3380000e+00  -8.3707000e+00  -8.4143000e+00  -7.5421000e+00  -7.3574000e+00
  -8.3155000e+00  -8.3544000e+00  -8.3832000e+00  -8.4196000e+00  -7.6760000e+00  -7.5534000e+00
  -8.2876000e+00  -8.3331000e+00  -8.3418000e+00  -8.3656000e+00  -7.7001000e+00  -7.7020000e+00
  -8.3034000e+00  -8.3559000e+00  -8.3395000e+00  -8.3491000e+00  -7.7734000e+00  -7.7333000e+00
  -8.3020000e+00  -8.4010000e+00  -8.3828000e+00  -8.4162000e+00  -7.7723000e+00  -7.6124000e+00
  -8.2889000e+00  -8.4203000e+00  -8.3965000e+00  -8.4460000e+00  -7.6807000e+00  -7.2429000e+00
  -8.2696000e+00  -8.4293000e+00  -8.4272000e+00  -8.4958000e+00  -7.4789000e+00  -7.1135000e+00
  -8.3248000e+00  -8.5014000e+00  -8.4870000e+00  -8.5747000e+00  -7.1164000e+00  -6.8544000e+00
  -8.3767000e+00  -8.5694000e+00  -8.5405000e+00  -8.6353000e+00  -6.3097000e+00  -6.1224000e+00
  -8.4309000e+00  -8.5901000e+00  -8.5746000e+00  -8.6659000e+00  -5.7601000e+00  -5.6355000e+00
  -8.4423000e+00  -8.5550000e+00  -8.5802000e+00  -8.6801000e+00  -5.7783000e+00  -5.7589000e+00
  -8.4491000e+00  -8.5365000e+00  -8.5939000e+00  -8.7011000e+00  -6.0059000e+00  -5.9945000e+00
  -8.4155000e+00  -8.5136000e+00  -8.5744000e+00  -8.6892000e+00  -6.0804000e+00  -6.0433000e+00
  -8.3891000e+00  -8.4910000e+00  -8.5509000e+00  -8.6696000e+00  -6.2190000e+00  -6.1412000e+00
  -8.4181000e+00  -8.4825000e+00  -8.5350000e+00  -8.6132000e+00  -6.2553000e+00  -6.1751000e+00
  -8.4256000e+00  -8.3328000e+00  -8.4726000e+00  -8.5141000e+00  -6.1993000e+00  -6.1219000e+00
  -8.4016000e+00  -8.2771000e+00  -8.3875000e+00  -8.4200000e+00  -6.1721000e+00  -6.1094000e+00
  -8.3633000e+00  -8.2757000e+00  -8.3440000e+00  -8.3961000e+00  -6.3290000e+00  -6.1961000e+00
  -8.3583000e+00  -8.2480000e+00  -8.3190000e+00  -8.3637000e+00  -6.4783000e+00  -6.2660000e+00
  -8.2397000e+00  -8.1769000e+00  -8.2389000e+00  -8.3005000e+00  -6.5727000e+00  -6.3922000e+00
  -8.1764000e+00  -8.1033000e+00  -8.1636000e+00  -8.2199000e+00  -6.6571000e+00  -6.5819000e+00
  -8.1625000e+00  -8.0584000e+00  -8.1266000e+00  -8.1728000e+00  -6.7667000e+00  -6.8417000e+00
  -8.1354000e+00  -8.0490000e+00  -8.0998000e+00  -8.1510000e+00  -6.8742000e+00  -7.1050000e+00
  -8.1469000e+00  -8.0938000e+00  -8.1320000e+00  -8.1949000e+00  -6.9454000e+00  -7.3603000e+00
  -8.1366000e+00  -8.0729000e+00  -8.1477000e+00  -8.2069000e+00  -7.0096000e+00  -7.6098000e+00
  -8.0922000e+00  -8.0559000e+00  -8.1245000e+00  -8.1694000e+00  -7.1296000e+00  -7.8596000e+00
  -8.1027000e+00  -8.0438000e+00  -8.1193000e+00  -8.1620000e+00  -7.2909000e+00  -8.0734000e+00
  -8.1359000e+00  -8.0853000e+00  -8.1571000e+00  -8.2160000e+00  -7.4647000e+00  -8.2825000e+00
  -8.1877000e+00  -8.1291000e+00  -8.2021000e+00  -8.2555000e+00  -7.6451000e+00  -8.4736000e+00
  -8.2963000e+00  -8.2148000e+00  -8.3008000e+00  -8.3459000e+00  -7.7852000e+00  -8.5854000e+00
  -8.4451000e+00  -8.3594000e+00  -8.4567000e+00  -8.5021000e+00  -7.8973000e+00  -8.6029000e+00
  -8.6095000e+00  -8.5359000e+00  -8.6366000e+00  -8.6893000e+00  -7.9510000e+00  -8.5460000e+00
  -8.7880000e+00  -8.7360000e+00  -8.8274000e+00  -8.8847000e+00  -7.9482000e+00  -8.4474000e+00
  -8.9988000e+00  -8.9628000e+00  -9.0389000e+00  -9.0962000e+00  -8.3984000e+00  -8.2778000e+00
  -9.2077000e+00  -9.1773000e+00  -9.2392000e+00  -9.2948000e+00  -8.2132000e+00  -8.2945000e+00
  -9.4222000e+00  -9.3986000e+00  -9.4312000e+00  -9.4702000e+00  -8.3742000e+00  -8.5740000e+00
  -9.5488000e+00  -9.5182000e+00  -9.5445000e+00  -9.5771000e+00  -8.2277000e+00  -8.6349000e+00
  -9.6169000e+00  -9.5645000e+00  -9.5994000e+00  -9.6216000e+00  -7.8861000e+00  -8.3424000e+00
  -9.6629000e+00  -9.6272000e+00  -9.6408000e+00  -9.6590000e+00  -8.9336000e+00  -8.8657000e+00
  -9.7175000e+00  -9.7045000e+00  -9.7074000e+00  -9.7296000e+00  -8.7391000e+00  -9.0431000e+00
  -9.8316000e+00  -9.8361000e+00  -9.8194000e+00  -9.8451000e+00  -8.6462000e+00  -9.3547000e+00
  -9.9193000e+00  -9.9287000e+00  -9.9081000e+00  -9.9319000e+00  -9.3875000e+00  -9.3651000e+00
  -9.9446000e+00  -9.9386000e+00  -9.9236000e+00  -9.9368000e+00  -8.7190000e+00  -9.0484000e+00
  -9.9911000e+00  -9.9855000e+00  -9.9756000e+00  -9.9850000e+00  -9.5270000e+00  -8.6801000e+00
  -9.9587000e+00  -9.9396000e+00  -9.9382000e+00  -9.9374000e+00  -8.7920000e+00  -8.9986000e+00
  -1.0008800e+01  -9.9554000e+00  -9.9803000e+00  -9.9663000e+00  -9.1278000e+00  -9.1725000e+00
  -1.0076200e+01  -1.0034100e+01  -1.0088300e+01  -1.0102800e+01  -8.7289000e+00  -9.4619000e+00
  -1.0056500e+01  -1.0010000e+01  -1.0061800e+01  -1.0069300e+01  -9.9865000e+00  -9.7352000e+00
  -9.9567000e+00  -9.9570000e+00  -9.9721000e+00  -9.9783000e+00  -1.0205400e+01  -9.5596000e+00
  -9.9811000e+00  -1.0017400e+01  -9.9780000e+00  -9.9831000e+00  -1.0405300e+01  -9.3921000e+00
  -9.9208000e+00  -1.0005500e+01  -9.9075000e+00  -9.9028000e+00  -9.4355000e+00  -9.7356000e+00
  -9.8681000e+00  -1.0001200e+01  -9.8818000e+00  -9.8996000e+00  -1.0062500e+01  -9.8165000e+00
  -9.7204000e+00  -9.8437000e+00  -9.7576000e+00  -9.7866000e+00  -1.0752000e+01  -9.8873000e+00
  -9.7903000e+00  -9.8696000e+00  -9.8246000e+00  -9.8479000e+00  -9.8340000e+00  -9.3189000e+00
  -9.7041000e+00  -9.8814000e+00  -9.7662000e+00  -9.8229000e+00  -9.6160000e+00  -9.5904000e+00
  -9.6840000e+00  -9.9100000e+00  -9.7596000e+00  -9.7928000e+00  -1.0863500e+01  -9.8068000e+00
  -9.6091000e+00  -9.8224000e+00  -9.6844000e+00  -9.7202000e+00  -1.1085700e+01  -1.0089200e+01
  -9.6617000e+00  -9.8875000e+00  -9.7806000e+00  -9.8445000e+00  -1.1015600e+01  -1.0704100e+01
  -9.5432000e+00  -9.7958000e+00  -9.7019000e+00  -9.7979000e+00  -1.0709800e+01  -1.0960100e+01
  -9.3627000e+00  -9.6376000e+00  -9.5294000e+00  -9.6293000e+00  -1.0245700e+01  -1.0522200e+01
  -9.2576000e+00  -9.5501000e+00  -9.4570000e+00  -9.5756000e+00  -1.0075700e+01  -1.0153600e+01
  -9.1617000e+00  -9.4506000e+00  -9.3883000e+00  -9.5166000e+00  -1.0268200e+01  -1.0069000e+01
  -9.0432000e+00  -9.3068000e+00  -9.2683000e+00  -9.3911000e+00  -9.8815000e+00  -9.9476000e+00
  -9.0112000e+00  -9.2432000e+00  -9.2291000e+00  -9.3466000e+00  -9.5161000e+00  -9.8331000e+00
  -9.0667000e+00  -9.2751000e+00  -9.2595000e+00  -9.3621000e+00  -9.5098000e+00  -9.6711000e+00
  -9.0857000e+00  -9.2910000e+00  -9.2919000e+00  -9.4063000e+00  -9.3825000e+00  -9.6454000e+00
  -8.9062000e+00  -9.1100000e+00  -9.1283000e+00  -9.2539000e+00  -9.0588000e+00  -9.5099000e+00
  -8.9232000e+00  -9.1085000e+00  -9.1402000e+00  -9.2648000e+00  -8.8985000e+00  -9.2382000e+00
  -8.9675000e+00  -9.1659000e+00  -9.1960000e+00  -9.3338000e+00  -8.7497000e+00  -8.9633000e+00
  -9.0764000e+00  -9.2896000e+00  -9.3235000e+00  -9.4739000e+00  -8.4642000e+00  -8.7628000e+00
  -8.9880000e+00  -9.1956000e+00  -9.2541000e+00  -9.4148000e+00  -8.3832000e+00  -8.4876000e+00
  -8.9155000e+00  -9.0548000e+00  -9.1333000e+00  -9.2787000e+00  -8.4737000e+00  -8.3368000e+00
  -9.1092000e+00  -9.2095000e+00  -9.2963000e+00  -9.4273000e+00  -8.5582000e+00  -8.1553000e+00
  -9.1578000e+00  -9.2859000e+00  -9.3329000e+00  -9.4526000e+00  -8.5171000e+00  -7.8538000e+00
  -9.0809000e+00  -9.2125000e+00  -9.2777000e+00  -9.4106000e+00  -8.5467000e+00  -7.6732000e+00
  -8.9498000e+00  -9.0658000e+00  -9.1472000e+00  -9.2804000e+00  -8.4909000e+00  -7.4228000e+00
  -9.0136000e+00  -9.1216000e+00  -9.1939000e+00  -9.3132000e+00  -8.5930000e+00  -7.3480000e+00
  -8.9987000e+00  -9.1034000e+00  -9.2141000e+00  -9.3539000e+00  -8.4487000e+00  -7.1561000e+00
  -8.8673000e+00  -8.9471000e+00  -9.0778000e+00  -9.2072000e+00  -8.3184000e+00  -7.0388000e+00
  -8.8618000e+00  -8.9394000e+00  -9.0494000e+00  -9.1657000e+00  -8.3284000e+00  -7.0937000e+00
  -8.8401000e+00  -8.9516000e+00  -8.9999000e+00  -9.0977000e+00  -8.3559000e+00  -7.1666000e+00
  -8.8847000e+00  -9.0228000e+00  -9.0779000e+00  -9.1862000e+00  -8.2563000e+00  -7.1712000e+00
  -8.6823000e+00  -8.7962000e+00  -8.9130000e+00  -9.0299000e+00  -8.2013000e+00  -7.1367000e+00
  -8.5627000e+00  -8.6287000e+00  -8.7041000e+00  -8.7601000e+00  -8.0816000e+00  -7.1492000e+00
  -8.6753000e+00  -8.7365000e+00  -8.7249000e+00  -8.7291000e+00  -8.0690000e+00  -7.2501000e+00
  -8.5689000e+00  -8.6497000e+00  -8.6214000e+00  -8.6312000e+00  -8.1384000e+00  -7.5273000e+00
  -8.5188000e+00  -8.5870000e+00  -8.5638000e+00  -8.5758000e+00  -8.1796000e+00  -7.6444000e+00
  -8.5340000e+00  -8.5574000e+00  -8.6528000e+00  -8.7106000e+00  -8.1475000e+00  -7.7634000e+00
  -8.6305000e+00  -8.6292000e+00  -8.7662000e+00  -8.8363000e+00  -8.1289000e+00  -7.8284000e+00
  -8.6397000e+00  -8.5913000e+00  -8.7502000e+00  -8.8006000e+00  -8.0485000e+00  -7.9704000e+00
  -8.7103000e+00  -8.6043000e+00  -8.7685000e+00  -8.7649000e+00  -7.8689000e+00  -7.9836000e+00
  -8.8193000e+00  -8.7706000e+00  -8.8642000e+00  -8.8379000e+00  -7.6961000e+00  -8.0818000e+00
  -8.7838000e+00  -8.7586000e+00  -8.8039000e+00  -8.8059000e+00  -7.5542000e+00  -8.0886000e+00
  -8.6826000e+00  -8.6285000e+00  -8.7367000e+00  -8.7888000e+00  -7.4528000e+00  -8.0452000e+00
  -8.6254000e+00  -8.5175000e+00  -8.7646000e+00  -8.8521000e+00  -7.3776000e+00  -8.0035000e+00
  -8.6984000e+00  -8.5795000e+00  -8.8310000e+00  -8.9212000e+00  -7.4523000e+00  -7.9502000e+00
  -8.8656000e+00  -8.7654000e+00  -8.9888000e+00  -9.0902000e+00  -7.5763000e+00  -7.9051000e+00
  -9.1027000e+00  -9.0784000e+00  -9.2139000e+00  -9.3126000e+00  -7.8186000e+00  -7.9351000e+00
  -9.3166000e+00  -9.3752000e+00  -9.3830000e+00  -9.4558000e+00  -7.9798000e+00  -8.0228000e+00
  -9.4200000e+00  -9.5627000e+00  -9.4869000e+00  -9.5593000e+00  -8.0527000e+00  -8.0912000e+00
  -9.5437000e+00  -9.6507000e+00  -9.6740000e+00  -9.7855000e+00  -8.1347000e+00  -8.0991000e+00
  -9.6840000e+00  -9.7325000e+00  -9.8238000e+00  -9.9392000e+00  -8.3698000e+00  -8.2603000e+00
  -9.7772000e+00  -9.8592000e+00  -9.9114000e+00  -1.0002900e+01  -8.5140000e+00  -8.3015000e+00
  -9.7863000e+00  -9.9336000e+00  -9.8683000e+00  -9.9265000e+00  -7.8030000e+00  -7.6019000e+00
  -9.7241000e+00  -9.9399000e+00  -9.7956000e+00  -9.8499000e+00  -7.3697000e+00  -7.3167000e+00
  -9.5882000e+00  -9.8484000e+00  -9.6796000e+00  -9.7199000e+00  -7.4256000e+00  -7.5954000e+00
  -9.4792000e+00  -9.7080000e+00  -9.5674000e+00  -9.5966000e+00  -7.4344000e+00  -7.6172000e+00
  -9.3758000e+00  -9.5326000e+00  -9.4391000e+00  -9.4662000e+00  -7.2344000e+00  -7.4318000e+00
  -9.2144000e+00  -9.3418000e+00  -9.3247000e+00  -9.3739000e+00  -7.0288000e+00  -7.3767000e+00
  -9.1405000e+00  -9.2196000e+00  -9.2699000e+00  -9.3359000e+00  -7.2111000e+00  -7.6387000e+00
  -9.1711000e+00  -9.1622000e+00  -9.2718000e+00  -9.3340000e+00  -7.5866000e+00  -7.9244000e+00
  -9.1020000e+00  -9.0528000e+00  -9.1772000e+00  -9.2405000e+00  -7.8564000e+00  -7.9977000e+00
  -8.9927000e+00  -8.9501000e+00  -9.0743000e+00  -9.1504000e+00  -8.1042000e+00  -8.0983000e+00
  -8.8581000e+00  -8.8320000e+00  -8.9450000e+00  -9.0262000e+00  -8.3617000e+00  -8.2691000e+00
  -8.8007000e+00  -8.7652000e+00  -8.8603000e+00  -8.9225000e+00  -8.6186000e+00  -8.5092000e+00
  -8.7614000e+00  -8.7214000e+00  -8.8060000e+00  -8.8635000e+00  -8.7448000e+00  -8.6570000e+00
  -8.7248000e+00  -8.6956000e+00  -8.7647000e+00  -8.8172000e+00  -8.8520000e+00  -8.7695000e+00
  -8.6224000e+00  -8.6104000e+00  -8.6535000e+00  -8.7006000e+00  -8.9563000e+00  -8.9548000e+00
  -8.5141000e+00  -8.4613000e+00  -8.5031000e+00  -8.5382000e+00  -9.0556000e+00  -9.1019000e+00
  -8.6160000e+00  -8.5216000e+00  -8.5410000e+00  -8.5401000e+00  -9.1493000e+00  -9.2626000e+00
  -8.7317000e+00  -8.6708000e+00  -8.6790000e+00  -8.6712000e+00  -9.1521000e+00  -9.4082000e+00
  -8.7067000e+00  -8.6510000e+00  -8.7164000e+00  -8.7499000e+00  -9.1981000e+00  -9.5499000e+00
  -8.7050000e+00  -8.6532000e+00  -8.7553000e+00  -8.8104000e+00  -9.3083000e+00  -9.7129000e+00
  -8.7480000e+00  -8.7072000e+00  -8.8061000e+00  -8.8549000e+00  -9.3064000e+00  -9.8152000e+00
  -8.7602000e+00  -8.7387000e+00  -8.7931000e+00  -8.8219000e+00  -9.4106000e+00  -9.8707000e+00
  -8.8906000e+00  -8.8729000e+00  -8.8758000e+00  -8.8716000e+00  -9.5812000e+00  -1.0035800e+01
  -9.0178000e+00  -9.0057000e+00  -8.9841000e+00  -8.9706000e+00  -9.7641000e+00  -1.0299300e+01
  -9.0637000e+00  -9.0186000e+00  -9.0252000e+00  -9.0091000e+00  -1.0035000e+01  -1.0434800e+01
  -9.1583000e+00  -9.1200000e+00  -9.1164000e+00  -9.0985000e+00  -1.0312800e+01  -1.0641500e+01
  -9.2206000e+00  -9.1991000e+00  -9.1997000e+00  -9.1960000e+00  -1.0617100e+01  -1.0834000e+01
  -9.2939000e+00  -9.2864000e+00  -9.2944000e+00  -9.2988000e+00  -1.0913400e+01  -1.0892100e+01
  -9.4221000e+00  -9.4282000e+00  -9.4354000e+00  -9.4474000e+00  -1.0970700e+01  -1.0975300e+01
  -9.5315000e+00  -9.5505000e+00  -9.5532000e+00  -9.5701000e+00  -1.1211700e+01  -1.1078800e+01
  -9.3721000e+00  -9.4077000e+00  -9.4171000e+00  -9.4495000e+00  -1.1455800e+01  -1.1032100e+01
  -9.0483000e+00  -9.0650000e+00  -9.0856000e+00  -9.1138000e+00  -1.1395400e+01  -1.1057800e+01
  -9.0914000e+00  -9.0863000e+00  -9.1198000e+00  -9.1423000e+00  -1.1282200e+01  -1.1143800e+01
  -9.1072000e+00  -9.1196000e+00  -9.1600000e+00  -9.1951000e+00  -1.1054200e+01  -1.1375100e+01
  -9.0119000e+00  -9.0554000e+00  -9.0960000e+00  -9.1455000e+00  -1.0934600e+01  -1.1574500e+01
  -8.8792000e+00  -8.9564000e+00  -8.9729000e+00  -9.0332000e+00  -1.1119700e+01  -1.1573700e+01
  -8.8979000e+00  -8.9551000e+00  -9.0229000e+00  -9.0954000e+00  -1.1427200e+01  -1.1495000e+01
  -8.8765000e+00  -8.9084000e+00  -9.0262000e+00  -9.1076000e+00  -1.1877700e+01  -1.1476100e+01
  -8.7451000e+00  -8.8095000e+00  -8.9251000e+00  -9.0214000e+00  -1.2026200e+01  -1.1549800e+01
  -8.5391000e+00  -8.5846000e+00  -8.6993000e+00  -8.7813000e+00  -1.1872300e+01  -1.1717600e+01
  -8.3730000e+00  -8.3947000e+00  -8.5294000e+00  -8.6011000e+00  -1.1691600e+01  -1.1755800e+01
  -8.3746000e+00  -8.3480000e+00  -8.5404000e+00  -8.6218000e+00  -1.1564200e+01  -1.1620100e+01
  -8.3449000e+00  -8.3159000e+00  -8.5297000e+00  -8.6186000e+00  -1.1343100e+01  -1.1529500e+01
  -7.9380000e+00  -7.9135000e+00  -8.1084000e+00  -8.1806000e+00  -1.1233500e+01  -1.1255000e+01
  -7.6214000e+00  -7.6273000e+00  -7.8288000e+00  -7.8841000e+00  -1.1025500e+01  -1.1178000e+01
  -7.5345000e+00  -7.5973000e+00  -7.8665000e+00  -7.9837000e+00  -1.0890000e+01  -1.0762800e+01
  -7.3597000e+00  -7.4352000e+00  -7.7366000e+00  -7.9119000e+00  -1.0885800e+01  -1.0503300e+01
  -7.3078000e+00  -7.3863000e+00  -7.6128000e+00  -7.7697000e+00  -1.1001200e+01  -1.0578300e+01
  -7.4464000e+00  -7.5229000e+00  -7.6314000e+00  -7.7224000e+00  -1.0518700e+01  -1.0287300e+01
  -7.7201000e+00  -7.7408000e+00  -7.8230000e+00  -7.8684000e+00  -1.0263900e+01  -9.9419000e+00
  -7.7943000e+00  -7.8169000e+00  -7.8888000e+00  -7.9078000e+00  -1.0358100e+01  -9.5759000e+00
  -7.9753000e+00  -7.9473000e+00  -8.0361000e+00  -8.0510000e+00  -1.0670600e+01  -9.3498000e+00
  -8.0792000e+00  -8.1298000e+00  -8.1294000e+00  -8.1728000e+00  -1.0660200e+01  -9.3604000e+00
  -7.9752000e+00  -8.1544000e+00  -8.0491000e+00  -8.0965000e+00  -1.0674300e+01  -9.6604000e+00
  -7.7833000e+00  -7.9545000e+00  -7.8385000e+00  -7.8450000e+00  -1.0635600e+01  -1.0013900e+01
  -7.6440000e+00  -7.8444000e+00  -7.6083000e+00  -7.5403000e+00  -1.0563100e+01  -9.7719000e+00
  -7.6590000e+00  -7.7938000e+00  -7.6477000e+00  -7.5776000e+00  -1.0497900e+01  -9.7618000e+00
  -7.5440000e+00  -7.5791000e+00  -7.6734000e+00  -7.6972000e+00  -1.0414600e+01  -1.0060800e+01
  -7.7104000e+00  -7.5195000e+00  -7.7496000e+00  -7.7394000e+00  -9.9409000e+00  -1.0486600e+01
  -7.7609000e+00  -7.6124000e+00  -7.7476000e+00  -7.6941000e+00  -9.5354000e+00  -1.1029300e+01
  -7.5463000e+00  -7.6132000e+00  -7.7590000e+00  -7.8556000e+00  -9.4649000e+00  -1.1592600e+01
  -7.4224000e+00  -7.5635000e+00  -7.7791000e+00  -7.9531000e+00  -9.8659000e+00  -1.1987000e+01
  -7.3904000e+00  -7.4956000e+00  -7.7245000e+00  -7.9228000e+00  -1.1178000e+01  -1.1966200e+01
  -7.3625000e+00  -7.4400000e+00  -7.6135000e+00  -7.7495000e+00  -1.1637900e+01  -1.1641300e+01
  -7.1424000e+00  -7.2279000e+00  -7.2633000e+00  -7.3206000e+00  -1.1605000e+01  -1.1389300e+01
  -6.9308000e+00  -7.1175000e+00  -6.9635000e+00  -6.9642000e+00  -1.1489100e+01  -1.1482400e+01
  -6.8814000e+00  -7.1193000e+00  -6.8337000e+00  -6.7820000e+00  -1.1165600e+01  -1.1650800e+01
  -6.9888000e+00  -7.1628000e+00  -6.8633000e+00  -6.7570000e+00  -1.0748400e+01  -1.1770000e+01
  -7.0627000e+00  -7.1636000e+00  -6.8886000e+00  -6.7667000e+00  -1.0388000e+01  -1.1908400e+01
  -6.9549000e+00  -6.9489000e+00  -6.7442000e+00  -6.6412000e+00  -1.0223700e+01  -1.2209400e+01
  -6.8947000e+00  -6.8261000e+00  -6.6991000e+00  -6.5940000e+00  -1.0205200e+01  -1.2500700e+01
