   5.0489000e+00   5.1762000e+00   5.1220000e+00   5.1598000e+00   7.6183000e+00   7.3399000e+00
   4.8845000e+00   5.1077000e+00   5.0285000e+00   5.1263000e+00   7.4863000e+00   7.4408000e+00
   5.2013000e+00   5.4340000e+00   5.3435000e+00   5.4047000e+00   7.5915000e+00   7.6448000e+00
   5.4613000e+00   5.5711000e+00   5.5141000e+00   5.5463000e+00   7.8926000e+00   7.9023000e+00
   5.6485000e+00   5.7192000e+00   5.6779000e+00   5.6991000e+00   8.0601000e+00   8.0906000e+00
   5.9394000e+00   5.9728000e+00   5.9383000e+00   5.9398000e+00   8.3878000e+00   8.3882000e+00
   6.1404000e+00   6.1690000e+00   6.1436000e+00   6.1425000e+00   8.5949000e+00   8.6166000e+00
   6.3697000e+00   6.3784000e+00   6.3533000e+00   6.3357000e+00   8.8082000e+00   8.9779000e+00
   6.5685000e+00   6.5635000e+00   6.5380000e+00   6.5125000e+00   8.8858000e+00   9.0624000e+00
   6.6892000e+00   6.6937000e+00   6.6752000e+00   6.6586000e+00   9.0530000e+00   9.2156000e+00
   6.8685000e+00   6.8785000e+00   6.8676000e+00   6.8582000e+00   9.2128000e+00   9.3400000e+00
   6.9857000e+00   6.9805000e+00   6.9746000e+00   6.9562000e+00   9.3163000e+00   9.4280000e+00
   7.1397000e+00   7.1199000e+00   7.1179000e+00   7.0916000e+00   9.3524000e+00   9.4458000e+00
   7.2512000e+00   7.2209000e+00   7.2262000e+00   7.1971000e+00   9.2766000e+00   9.3736000e+00
   7.4509000e+00   7.4113000e+00   7.4281000e+00   7.4025000e+00   9.3173000e+00   9.4036000e+00
   7.5938000e+00   7.5436000e+00   7.5647000e+00   7.5386000e+00   9.2916000e+00   9.3984000e+00
   7.6947000e+00   7.6413000e+00   7.6634000e+00   7.6415000e+00   9.0789000e+00   9.1643000e+00
   7.7877000e+00   7.7520000e+00   7.7721000e+00   7.7679000e+00   8.8646000e+00   8.8925000e+00
   7.8311000e+00   7.8374000e+00   7.8506000e+00   7.8612000e+00   8.6746000e+00   8.7685000e+00
   7.8527000e+00   7.8686000e+00   7.8632000e+00   7.9038000e+00   7.6214000e+00   7.9223000e+00
   7.8879000e+00   7.9250000e+00   7.9007000e+00   7.9540000e+00   7.1162000e+00   7.4583000e+00
   7.9011000e+00   7.9918000e+00   7.9402000e+00   8.0113000e+00   7.4672000e+00   7.6800000e+00
   7.8667000e+00   8.0832000e+00   7.9629000e+00   8.0654000e+00   7.5056000e+00   7.6959000e+00
   7.6965000e+00   8.1247000e+00   7.8918000e+00   8.0211000e+00   7.4954000e+00   7.6353000e+00
   7.5276000e+00   8.0809000e+00   7.7999000e+00   7.9419000e+00   7.9159000e+00   7.8647000e+00
   7.4087000e+00   7.9498000e+00   7.7489000e+00   7.9128000e+00   8.1922000e+00   8.1475000e+00
   7.5097000e+00   8.0087000e+00   7.8721000e+00   8.0553000e+00   8.2037000e+00   8.0998000e+00
   7.7375000e+00   8.2020000e+00   8.1238000e+00   8.3423000e+00   8.2939000e+00   8.0233000e+00
   7.9155000e+00   8.4928000e+00   8.3425000e+00   8.6216000e+00   8.3276000e+00   8.0813000e+00
   8.0515000e+00   8.9465000e+00   8.5889000e+00   8.9229000e+00   8.2902000e+00   8.1450000e+00
   8.1142000e+00   9.1896000e+00   8.6995000e+00   9.0375000e+00   8.2635000e+00   8.1578000e+00
   8.2373000e+00   9.2841000e+00   8.7942000e+00   9.0863000e+00   8.3137000e+00   8.1517000e+00
   8.3230000e+00   9.3570000e+00   8.9036000e+00   9.2087000e+00   8.4047000e+00   8.1879000e+00
   8.4248000e+00   9.5466000e+00   9.0518000e+00   9.4000000e+00   8.4817000e+00   8.3539000e+00
   8.4834000e+00   9.8098000e+00   9.1979000e+00   9.5649000e+00   8.6151000e+00   8.5817000e+00
   8.5507000e+00   1.0028700e+01   9.2936000e+00   9.7023000e+00   8.9127000e+00   8.7814000e+00
   8.6314000e+00   1.0231200e+01   9.3709000e+00   9.7867000e+00   9.1748000e+00   8.9099000e+00
   8.6911000e+00   1.0381700e+01   9.4426000e+00   9.8981000e+00   9.3305000e+00   8.9676000e+00
   8.6880000e+00   1.0436700e+01   9.4523000e+00   9.9434000e+00   9.3772000e+00   8.9669000e+00
   8.6909000e+00   1.0449200e+01   9.4223000e+00   9.8884000e+00   9.4001000e+00   8.9875000e+00
   8.8113000e+00   1.0480200e+01   9.4878000e+00   9.9060000e+00   9.4371000e+00   9.0088000e+00
   9.0031000e+00   1.0505100e+01   9.6193000e+00   9.9822000e+00   9.5142000e+00   9.0485000e+00
   9.2131000e+00   1.0552000e+01   9.7659000e+00   1.0074900e+01   9.4671000e+00   9.1840000e+00
   9.4134000e+00   1.0606100e+01   9.9276000e+00   1.0167400e+01   9.3914000e+00   9.1992000e+00
   9.6125000e+00   1.0610400e+01   1.0061400e+01   1.0216700e+01   9.3166000e+00   9.1342000e+00
   9.7640000e+00   1.0556500e+01   1.0141800e+01   1.0220800e+01   9.1836000e+00   9.1080000e+00
   9.9057000e+00   1.0531400e+01   1.0224200e+01   1.0239500e+01   9.0673000e+00   9.0236000e+00
   1.0071400e+01   1.0580000e+01   1.0373600e+01   1.0351500e+01   8.9690000e+00   8.9333000e+00
   1.0178000e+01   1.0633800e+01   1.0477000e+01   1.0425000e+01   8.8640000e+00   8.9170000e+00
   1.0174900e+01   1.0605600e+01   1.0496000e+01   1.0430500e+01   8.4905000e+00   8.9842000e+00
   1.0176500e+01   1.0562000e+01   1.0486500e+01   1.0409600e+01   8.0808000e+00   8.9689000e+00
   1.0149000e+01   1.0537900e+01   1.0474500e+01   1.0414900e+01   7.9221000e+00   8.6820000e+00
   1.0151100e+01   1.0562600e+01   1.0486200e+01   1.0441400e+01   7.9592000e+00   8.3806000e+00
   1.0205200e+01   1.0586000e+01   1.0517100e+01   1.0466900e+01   8.0458000e+00   8.2277000e+00
   1.0149900e+01   1.0490100e+01   1.0456700e+01   1.0435100e+01   8.0811000e+00   8.1971000e+00
   1.0148100e+01   1.0520500e+01   1.0497300e+01   1.0497300e+01   8.1150000e+00   8.2145000e+00
   1.0228700e+01   1.0646100e+01   1.0568100e+01   1.0564300e+01   8.2193000e+00   8.2530000e+00
   1.0321200e+01   1.0737400e+01   1.0631100e+01   1.0626300e+01   8.4393000e+00   8.3333000e+00
   1.0317600e+01   1.0725900e+01   1.0608200e+01   1.0607700e+01   8.7348000e+00   8.4330000e+00
   1.0417500e+01   1.0771500e+01   1.0627000e+01   1.0586500e+01   8.8484000e+00   8.5277000e+00
   1.0468500e+01   1.0788800e+01   1.0580100e+01   1.0560300e+01   8.4701000e+00   8.5237000e+00
   1.0800600e+01   1.1129000e+01   1.0891100e+01   1.0866000e+01   8.1522000e+00   8.6738000e+00
   1.1114900e+01   1.1490300e+01   1.1228900e+01   1.1241400e+01   8.1058000e+00   8.9357000e+00
   1.1143000e+01   1.1572100e+01   1.1348600e+01   1.1410800e+01   8.6571000e+00   9.2377000e+00
   1.0815000e+01   1.1303800e+01   1.1164300e+01   1.1232800e+01   8.3801000e+00   8.9297000e+00
   1.0515800e+01   1.0900300e+01   1.0782400e+01   1.0921300e+01   8.4822000e+00   9.4996000e+00
   1.0289700e+01   1.0943700e+01   1.0715200e+01   1.0910800e+01   8.9257000e+00   1.0198700e+01
   1.0327300e+01   1.1001300e+01   1.0788800e+01   1.1047900e+01   9.9459000e+00   1.0454100e+01
   1.0315100e+01   1.0790400e+01   1.0779300e+01   1.1030100e+01   1.0301500e+01   1.0544700e+01
   9.9983000e+00   1.0275000e+01   1.0406700e+01   1.0613200e+01   1.0265300e+01   1.0539800e+01
   9.6610000e+00   9.8836000e+00   9.9708000e+00   1.0113700e+01   1.0278500e+01   1.0518700e+01
   9.4992000e+00   9.7338000e+00   9.6862000e+00   9.7309000e+00   1.0264900e+01   1.0551500e+01
   9.4175000e+00   9.6828000e+00   9.5538000e+00   9.5401000e+00   1.0353300e+01   1.0614600e+01
   9.5069000e+00   9.8160000e+00   9.6354000e+00   9.6145000e+00   1.0416400e+01   1.0589700e+01
   9.6574000e+00   1.0008500e+01   9.7933000e+00   9.7926000e+00   1.0446500e+01   1.0572500e+01
   9.9986000e+00   1.0306100e+01   1.0053800e+01   1.0024800e+01   1.0471200e+01   1.0679600e+01
   1.0419900e+01   1.0726500e+01   1.0412600e+01   1.0351500e+01   1.0422800e+01   1.0671700e+01
   1.0757100e+01   1.1104900e+01   1.0768900e+01   1.0725100e+01   1.0472800e+01   1.0781600e+01
   1.0986100e+01   1.1338900e+01   1.1019200e+01   1.0984100e+01   1.0437500e+01   1.0869200e+01
   1.1156400e+01   1.1481600e+01   1.1199400e+01   1.1172800e+01   1.0212900e+01   1.0758400e+01
   1.1209800e+01   1.1570300e+01   1.1318900e+01   1.1335400e+01   1.0079800e+01   1.0533000e+01
   1.1146600e+01   1.1570300e+01   1.1368900e+01   1.1434200e+01   9.9449000e+00   1.0406700e+01
   1.1004000e+01   1.1441100e+01   1.1304100e+01   1.1414800e+01   9.8865000e+00   1.0339700e+01
   1.0961200e+01   1.1389400e+01   1.1280000e+01   1.1399400e+01   9.7512000e+00   1.0157600e+01
   1.0776300e+01   1.1230200e+01   1.1120200e+01   1.1253000e+01   9.7645000e+00   1.0074400e+01
   1.0632800e+01   1.1076700e+01   1.1006100e+01   1.1164200e+01   9.9058000e+00   1.0134300e+01
   1.0409400e+01   1.0826100e+01   1.0841500e+01   1.1048600e+01   9.9553000e+00   1.0128900e+01
   1.0323600e+01   1.0679000e+01   1.0724900e+01   1.0933300e+01   1.0013400e+01   1.0247200e+01
   1.0276200e+01   1.0564700e+01   1.0637100e+01   1.0830000e+01   9.7554000e+00   1.0321900e+01
   1.0231500e+01   1.0441800e+01   1.0560500e+01   1.0731300e+01   9.5836000e+00   1.0370500e+01
   1.0267300e+01   1.0440100e+01   1.0629100e+01   1.0808000e+01   9.5033000e+00   1.0341600e+01
   1.0369600e+01   1.0491100e+01   1.0723600e+01   1.0903900e+01   9.6686000e+00   1.0363000e+01
   1.0670500e+01   1.0688900e+01   1.0935100e+01   1.1078200e+01   9.8411000e+00   1.0396200e+01
   1.0942400e+01   1.0904100e+01   1.1146900e+01   1.1247200e+01   9.9421000e+00   1.0309700e+01
   1.1076600e+01   1.1076900e+01   1.1282500e+01   1.1383900e+01   9.9713000e+00   1.0224500e+01
   1.1040000e+01   1.1066900e+01   1.1227700e+01   1.1329100e+01   9.9062000e+00   1.0184300e+01
   1.0944000e+01   1.0954200e+01   1.1104400e+01   1.1201600e+01   9.8668000e+00   1.0056300e+01
   1.0791500e+01   1.0752200e+01   1.0922600e+01   1.1003600e+01   9.8460000e+00   9.9454000e+00
   1.0868400e+01   1.0734300e+01   1.0907800e+01   1.0931200e+01   9.8240000e+00   9.9149000e+00
   1.1012400e+01   1.0825600e+01   1.1011900e+01   1.1006500e+01   9.7913000e+00   9.9518000e+00
   1.1235400e+01   1.1020700e+01   1.1199700e+01   1.1155500e+01   9.8695000e+00   9.8741000e+00
   1.1497600e+01   1.1333000e+01   1.1443400e+01   1.1360800e+01   9.7799000e+00   9.8514000e+00
   1.1621800e+01   1.1564700e+01   1.1649800e+01   1.1613200e+01   9.5562000e+00   9.7852000e+00
   1.1537900e+01   1.1555900e+01   1.1654200e+01   1.1684700e+01   8.9963000e+00   9.6956000e+00
   1.1596300e+01   1.1621500e+01   1.1664100e+01   1.1674600e+01   8.5908000e+00   9.3886000e+00
   1.1649300e+01   1.1709500e+01   1.1728300e+01   1.1739300e+01   8.8880000e+00   8.9008000e+00
   1.1722000e+01   1.1841700e+01   1.1849800e+01   1.1876500e+01   9.0997000e+00   8.8171000e+00
   1.1781000e+01   1.1950400e+01   1.2004100e+01   1.2095600e+01   9.0743000e+00   8.9463000e+00
   1.1830300e+01   1.1897500e+01   1.2019700e+01   1.2113100e+01   8.9980000e+00   9.1651000e+00
   1.1913900e+01   1.1943400e+01   1.2098000e+01   1.2196900e+01   8.9009000e+00   9.2101000e+00
   1.1895900e+01   1.1988200e+01   1.2139300e+01   1.2257400e+01   8.6078000e+00   9.0707000e+00
   1.1630500e+01   1.1807400e+01   1.1993900e+01   1.2208600e+01   8.1368000e+00   8.7799000e+00
   1.1599500e+01   1.1636600e+01   1.1770000e+01   1.1893600e+01   7.6273000e+00   8.2965000e+00
   1.1400900e+01   1.1442500e+01   1.1640800e+01   1.1784500e+01   6.7074000e+00   7.4593000e+00
   1.1243400e+01   1.1170200e+01   1.1285100e+01   1.1307800e+01   5.9609000e+00   6.9684000e+00
   1.1436400e+01   1.1514200e+01   1.1172400e+01   1.0960400e+01   4.8894000e+00   5.7340000e+00
   1.0694400e+01   1.0955600e+01   1.0873800e+01   1.0999500e+01   3.9569000e+00   4.6508000e+00
   9.8371000e+00   1.0010800e+01   1.0034100e+01   1.0222200e+01   3.4310000e+00   4.0758000e+00
   9.7688000e+00   9.9079000e+00   9.7845000e+00   9.7067000e+00   4.1291000e+00   4.2146000e+00
   9.5787000e+00   9.8692000e+00   9.8026000e+00   9.6654000e+00   4.0505000e+00   4.0977000e+00
   9.2949000e+00   9.7448000e+00   9.6481000e+00   9.6148000e+00   4.0831000e+00   3.8386000e+00
   9.0468000e+00   9.4038000e+00   9.3383000e+00   9.2687000e+00   4.6778000e+00   3.7185000e+00
   8.9542000e+00   9.1732000e+00   9.1546000e+00   9.0335000e+00   5.4457000e+00   3.6372000e+00
   8.9433000e+00   9.1341000e+00   9.1054000e+00   8.9334000e+00   6.3140000e+00   4.0239000e+00
   8.8832000e+00   9.1631000e+00   9.0410000e+00   8.8594000e+00   7.0145000e+00   4.2512000e+00
   8.9670000e+00   9.1962000e+00   9.0206000e+00   8.7865000e+00   7.3495000e+00   4.5986000e+00
   8.8725000e+00   9.1666000e+00   9.0082000e+00   8.7269000e+00   7.6682000e+00   5.4404000e+00
   8.5277000e+00   8.9664000e+00   8.8204000e+00   8.5617000e+00   8.9604000e+00   6.5307000e+00
   8.2418000e+00   8.7569000e+00   8.6288000e+00   8.4226000e+00   1.0209000e+01   7.6874000e+00
   7.9060000e+00   8.3684000e+00   8.3827000e+00   8.2825000e+00   1.0733200e+01   8.9200000e+00
   7.5565000e+00   7.9280000e+00   8.0687000e+00   8.1793000e+00   1.0857200e+01   1.0551200e+01
   7.1916000e+00   7.2456000e+00   7.5718000e+00   7.8368000e+00   1.0330300e+01   1.0782300e+01
   6.7380000e+00   6.6722000e+00   7.0634000e+00   7.3673000e+00   1.0175800e+01   1.0836600e+01
   6.2039000e+00   6.1149000e+00   6.5308000e+00   6.8181000e+00   1.0400500e+01   1.0888500e+01
   5.6423000e+00   5.6735000e+00   6.0782000e+00   6.4091000e+00   1.0714900e+01   1.0815400e+01
   4.7406000e+00   4.8198000e+00   5.1766000e+00   5.5333000e+00   1.1007000e+01   1.0749700e+01
   4.2883000e+00   4.4056000e+00   4.5223000e+00   4.7472000e+00   1.1279400e+01   1.1046400e+01
   3.5225000e+00   3.8200000e+00   3.7148000e+00   3.8511000e+00   1.1421000e+01   1.1438500e+01
   3.1272000e+00   3.4979000e+00   3.1475000e+00   2.9482000e+00   1.1562200e+01   1.1775200e+01
   3.0319000e+00   3.6050000e+00   2.9365000e+00   2.1247000e+00   1.1925800e+01   1.2133300e+01
   3.6019000e+00   3.7181000e+00   3.0023000e+00   1.8186000e+00   1.2072700e+01   1.2319800e+01
   4.6360000e+00   3.8973000e+00   3.1833000e+00   2.1621000e+00   1.2113000e+01   1.2448300e+01
   2.9344000e+00   1.9730000e+00   1.5889000e+00   1.6351000e+00   1.2045900e+01   1.2567600e+01
   1.5087300e+01   1.7296400e+01   1.7112400e+01   1.6541500e+01   1.2249100e+01   1.2449900e+01
   1.6551300e+01   1.6514700e+01   1.7011900e+01   1.7797500e+01   1.2757800e+01   1.2675200e+01
   1.7421400e+01   1.8219000e+01   1.8151200e+01   1.8390900e+01   1.2780400e+01   1.2616100e+01
   1.6909100e+01   1.7742700e+01   1.7536000e+01   1.7905000e+01   1.2717200e+01   1.3010200e+01
   1.7109800e+01   1.7538600e+01   1.7476300e+01   1.7493800e+01   1.3117200e+01   1.2781300e+01
   1.7695900e+01   1.8050600e+01   1.7998200e+01   1.8056500e+01   1.3158900e+01   1.2599600e+01
   1.7934100e+01   1.8540100e+01   1.8355300e+01   1.8489700e+01   1.2971600e+01   1.2849200e+01
   1.7774200e+01   1.8248300e+01   1.8179700e+01   1.8249700e+01   1.2806000e+01   1.2688900e+01
   1.7763400e+01   1.8417400e+01   1.8266700e+01   1.8423100e+01   1.2313700e+01   1.3044100e+01
   1.7549300e+01   1.8269500e+01   1.8128000e+01   1.8331600e+01   1.2178700e+01   1.3220200e+01
   1.7350300e+01   1.7984900e+01   1.7904300e+01   1.8063000e+01   1.2391000e+01   1.2916200e+01
   1.6686900e+01   1.7390100e+01   1.7349900e+01   1.7557200e+01   1.1987500e+01   1.1789000e+01
   1.6070600e+01   1.6690600e+01   1.6770300e+01   1.6993400e+01   1.1566300e+01   1.0911400e+01
   1.5652000e+01   1.6346100e+01   1.6291700e+01   1.6514200e+01   1.1274900e+01   1.1681800e+01
   1.5631100e+01   1.6305700e+01   1.6156700e+01   1.6273700e+01   1.0358400e+01   1.1476000e+01
   1.5325900e+01   1.5995500e+01   1.5898900e+01   1.6031100e+01   9.1647000e+00   1.0844100e+01
   1.4696900e+01   1.5508900e+01   1.5387900e+01   1.5577200e+01   8.2886000e+00   1.0579400e+01
   1.3940500e+01   1.4533300e+01   1.4528500e+01   1.4644100e+01   8.2825000e+00   9.3955000e+00
   1.3727000e+01   1.4470100e+01   1.4403500e+01   1.4545900e+01   8.7571000e+00   8.7598000e+00
   1.3080300e+01   1.4016400e+01   1.3931000e+01   1.4164300e+01   8.6520000e+00   8.7102000e+00
   1.2980700e+01   1.3628200e+01   1.3565300e+01   1.3735100e+01   9.2659000e+00   8.0057000e+00
   1.2847200e+01   1.3497000e+01   1.3448000e+01   1.3612700e+01   7.6988000e+00   7.4603000e+00
   1.3033200e+01   1.3430700e+01   1.3410700e+01   1.3520200e+01   6.8258000e+00   7.1203000e+00
   1.3084200e+01   1.3454300e+01   1.3420200e+01   1.3539700e+01   6.0381000e+00   6.6387000e+00
   1.2755900e+01   1.3088200e+01   1.3118000e+01   1.3297000e+01   5.6680000e+00   6.1889000e+00
   1.2384100e+01   1.2750000e+01   1.2697900e+01   1.2872600e+01   5.8587000e+00   6.1599000e+00
   1.2353200e+01   1.2551100e+01   1.2591000e+01   1.2761200e+01   6.7025000e+00   5.9614000e+00
   1.2148300e+01   1.2391600e+01   1.2440600e+01   1.2680200e+01   6.6153000e+00   6.0079000e+00
   1.1859300e+01   1.2154600e+01   1.2142600e+01   1.2404300e+01   6.1555000e+00   5.7419000e+00
   1.1527600e+01   1.1702200e+01   1.1796800e+01   1.2062400e+01   5.3916000e+00   5.5466000e+00
   1.1188500e+01   1.1328700e+01   1.1410500e+01   1.1661800e+01   4.6472000e+00   5.0947000e+00
   1.0742400e+01   1.0829000e+01   1.0890400e+01   1.1122700e+01   4.3309000e+00   4.7032000e+00
   1.0081700e+01   1.0112400e+01   1.0191900e+01   1.0417900e+01   4.1057000e+00   4.2877000e+00
   9.2476000e+00   9.2055000e+00   9.3979000e+00   9.6422000e+00   3.7183000e+00   3.9040000e+00
   8.7223000e+00   8.6302000e+00   8.8206000e+00   9.0314000e+00   3.3978000e+00   3.5177000e+00
   8.2958000e+00   8.2639000e+00   8.3617000e+00   8.5375000e+00   3.1524000e+00   3.2583000e+00
   8.0410000e+00   8.0644000e+00   8.1220000e+00   8.2807000e+00   2.7188000e+00   3.0415000e+00
   7.8613000e+00   7.9758000e+00   7.9878000e+00   8.1479000e+00   2.6105000e+00   2.8551000e+00
   7.7545000e+00   7.7881000e+00   7.8503000e+00   7.9669000e+00   2.6633000e+00   2.6803000e+00
   7.3980000e+00   7.4404000e+00   7.5443000e+00   7.6391000e+00   2.9015000e+00   2.5793000e+00
   6.8456000e+00   6.9456000e+00   7.0267000e+00   7.0950000e+00   3.0942000e+00   2.7810000e+00
   6.2387000e+00   6.4581000e+00   6.5542000e+00   6.6540000e+00   2.9490000e+00   3.0840000e+00
   5.8309000e+00   6.2996000e+00   6.2565000e+00   6.3991000e+00   2.9784000e+00   3.2433000e+00
   5.7253000e+00   6.3426000e+00   6.2212000e+00   6.4024000e+00   3.1966000e+00   3.4927000e+00
   5.2973000e+00   6.0530000e+00   6.0057000e+00   6.2605000e+00   3.1130000e+00   3.8370000e+00
   4.8286000e+00   5.7544000e+00   5.7408000e+00   6.0796000e+00   3.1733000e+00   3.9957000e+00
   4.5074000e+00   5.6170000e+00   5.5513000e+00   5.9660000e+00   3.3173000e+00   3.8646000e+00
   4.3588000e+00   5.4744000e+00   5.3423000e+00   5.8349000e+00   3.8911000e+00   3.7564000e+00
   4.4684000e+00   5.5393000e+00   5.3220000e+00   5.8623000e+00   4.2261000e+00   4.0579000e+00
   4.7475000e+00   5.6672000e+00   5.3404000e+00   5.9619000e+00   4.6029000e+00   4.6584000e+00
   5.2085000e+00   5.6458000e+00   5.4058000e+00   6.0545000e+00   5.0908000e+00   5.1414000e+00
   5.9380000e+00   5.3934000e+00   5.5230000e+00   5.8672000e+00   5.4891000e+00   5.5794000e+00
   7.0066000e+00   5.7461000e+00   6.1125000e+00   5.8443000e+00   5.8679000e+00   5.9456000e+00
   7.4411000e+00   6.5738000e+00   6.7962000e+00   6.2028000e+00   6.1419000e+00   6.2118000e+00
   7.8817000e+00   7.4267000e+00   7.2625000e+00   6.7434000e+00   6.2874000e+00   6.3985000e+00
   7.7785000e+00   7.4550000e+00   7.3636000e+00   7.1754000e+00   6.5219000e+00   6.5770000e+00
   8.1600000e+00   7.8093000e+00   7.7315000e+00   7.5207000e+00   6.7083000e+00   6.8250000e+00
   8.5448000e+00   8.0909000e+00   7.8749000e+00   7.4967000e+00   6.7651000e+00   7.0817000e+00
   8.4236000e+00   8.0067000e+00   7.8358000e+00   7.5392000e+00   6.8323000e+00   7.2752000e+00
   8.5240000e+00   7.8619000e+00   8.1133000e+00   8.1041000e+00   6.9091000e+00   7.3368000e+00
   8.7580000e+00   8.0441000e+00   8.2720000e+00   8.1321000e+00   7.0134000e+00   7.3306000e+00
   8.8161000e+00   8.0938000e+00   8.2700000e+00   7.9977000e+00   7.2973000e+00   7.3802000e+00
   8.3619000e+00   7.8548000e+00   7.9037000e+00   7.5751000e+00   7.5446000e+00   7.4360000e+00
   7.9762000e+00   7.5033000e+00   7.4668000e+00   7.1917000e+00   7.6068000e+00   7.5224000e+00
   7.7743000e+00   7.2963000e+00   7.3153000e+00   7.1206000e+00   7.5963000e+00   7.6206000e+00
   7.4321000e+00   7.0688000e+00   7.0921000e+00   6.8763000e+00   7.4581000e+00   7.5348000e+00
   6.9748000e+00   6.9090000e+00   6.8470000e+00   6.6464000e+00   7.0322000e+00   7.2307000e+00
   6.7056000e+00   6.4078000e+00   6.5211000e+00   6.3221000e+00   6.3180000e+00   6.5026000e+00
   6.4868000e+00   6.2250000e+00   6.2771000e+00   6.0893000e+00   6.2564000e+00   6.3023000e+00
   6.1467000e+00   5.8634000e+00   6.1194000e+00   6.0097000e+00   5.8743000e+00   5.4922000e+00
   5.6789000e+00   5.5629000e+00   5.8273000e+00   5.9079000e+00   4.9437000e+00   4.6633000e+00
   5.2128000e+00   5.5887000e+00   5.5486000e+00   6.0957000e+00   4.3931000e+00   4.1863000e+00
   5.2956000e+00   6.4932000e+00   5.7974000e+00   6.6681000e+00   4.2409000e+00   4.1941000e+00
   5.9222000e+00   7.1488000e+00   6.6176000e+00   7.2162000e+00   4.6862000e+00   4.6864000e+00
   6.4638000e+00   7.1755000e+00   7.0458000e+00   7.2983000e+00   4.9477000e+00   4.7087000e+00
   6.8095000e+00   7.1822000e+00   7.1354000e+00   7.2772000e+00   4.9682000e+00   4.8001000e+00
   6.9088000e+00   7.2788000e+00   7.1768000e+00   7.3465000e+00   5.2911000e+00   5.1689000e+00
   7.0474000e+00   7.3936000e+00   7.3019000e+00   7.4594000e+00   5.4067000e+00   5.2969000e+00
   7.2918000e+00   7.5446000e+00   7.4138000e+00   7.5248000e+00   5.5450000e+00   5.4676000e+00
   7.5205000e+00   7.7140000e+00   7.5912000e+00   7.6649000e+00   5.6348000e+00   5.5126000e+00
   7.7175000e+00   7.8588000e+00   7.7392000e+00   7.7867000e+00   5.6960000e+00   5.5236000e+00
   7.8779000e+00   7.8570000e+00   7.8238000e+00   7.8477000e+00   5.6913000e+00   5.4929000e+00
   7.9339000e+00   7.8301000e+00   7.7923000e+00   7.7623000e+00   5.6642000e+00   5.4906000e+00
   7.9008000e+00   7.5729000e+00   7.6800000e+00   7.5940000e+00   5.6618000e+00   5.5000000e+00
   7.8929000e+00   7.4319000e+00   7.5121000e+00   7.3115000e+00   5.6254000e+00   5.4954000e+00
   7.9137000e+00   7.4720000e+00   7.4769000e+00   7.1769000e+00   5.5558000e+00   5.5311000e+00
   8.0926000e+00   7.7348000e+00   7.6513000e+00   7.2376000e+00   5.5188000e+00   5.6241000e+00
   8.2742000e+00   8.0249000e+00   7.8761000e+00   7.4562000e+00   5.5169000e+00   5.6158000e+00
   8.4778000e+00   8.2964000e+00   8.1027000e+00   7.6769000e+00   5.5399000e+00   5.5830000e+00
   8.5078000e+00   8.4808000e+00   8.2910000e+00   7.9057000e+00   5.6336000e+00   5.5799000e+00
   8.4255000e+00   8.4963000e+00   8.3655000e+00   8.1478000e+00   5.7563000e+00   5.4779000e+00
   8.3996000e+00   8.4099000e+00   8.3534000e+00   8.2365000e+00   5.7685000e+00   5.3240000e+00
   8.4660000e+00   8.4000000e+00   8.3199000e+00   8.1962000e+00   5.6748000e+00   5.1876000e+00
   8.6036000e+00   8.5956000e+00   8.3866000e+00   8.1782000e+00   5.5613000e+00   5.0101000e+00
   8.7843000e+00   8.7628000e+00   8.5488000e+00   8.3023000e+00   5.5406000e+00   4.8927000e+00
   8.6316000e+00   8.6036000e+00   8.5813000e+00   8.4388000e+00   5.5270000e+00   4.8079000e+00
   8.3326000e+00   8.1941000e+00   8.2869000e+00   8.2041000e+00   5.3190000e+00   4.6876000e+00
   7.9228000e+00   7.7223000e+00   7.8703000e+00   7.7371000e+00   5.1700000e+00   4.6727000e+00
   7.5375000e+00   7.2589000e+00   7.4188000e+00   7.2502000e+00   5.1218000e+00   4.9871000e+00
   7.2220000e+00   6.8879000e+00   7.0175000e+00   6.7791000e+00   5.0868000e+00   5.4048000e+00
   6.8465000e+00   6.3963000e+00   6.5888000e+00   6.3430000e+00   5.0289000e+00   5.2602000e+00
   6.4794000e+00   5.8949000e+00   6.0949000e+00   5.8525000e+00   4.8980000e+00   4.7760000e+00
   6.3045000e+00   5.5675000e+00   5.7440000e+00   5.5052000e+00   4.7936000e+00   4.5273000e+00
   6.1529000e+00   5.3102000e+00   5.4634000e+00   5.2352000e+00   4.7404000e+00   4.5003000e+00
   5.8651000e+00   5.0717000e+00   5.2372000e+00   5.1692000e+00   4.6388000e+00   4.4089000e+00
   5.4448000e+00   4.8719000e+00   5.0560000e+00   5.2209000e+00   4.5054000e+00   4.2434000e+00
   5.0356000e+00   4.6989000e+00   4.8848000e+00   5.2816000e+00   4.4290000e+00   4.0928000e+00
   4.7850000e+00   4.5747000e+00   4.7451000e+00   5.2802000e+00   4.3832000e+00   3.9710000e+00
   4.6332000e+00   4.5688000e+00   4.7246000e+00   5.2044000e+00   4.2169000e+00   3.8911000e+00
   4.4911000e+00   4.5542000e+00   4.6911000e+00   5.0316000e+00   3.9634000e+00   3.7656000e+00
   4.3403000e+00   4.4899000e+00   4.6255000e+00   4.8840000e+00   3.9073000e+00   3.7578000e+00
   4.1488000e+00   4.4364000e+00   4.5297000e+00   4.7924000e+00   3.8592000e+00   3.8135000e+00
   3.8956000e+00   4.3128000e+00   4.3764000e+00   4.6517000e+00   3.6894000e+00   3.9092000e+00
   3.6613000e+00   4.0955000e+00   4.1379000e+00   4.4237000e+00   3.4498000e+00   3.8752000e+00
   3.4964000e+00   3.9076000e+00   3.9038000e+00   4.1633000e+00   3.3454000e+00   3.9591000e+00
   3.3767000e+00   3.7593000e+00   3.7164000e+00   3.9372000e+00   3.1970000e+00   3.9656000e+00
   3.1569000e+00   3.5422000e+00   3.4745000e+00   3.6932000e+00   3.0328000e+00   3.8587000e+00
   2.8753000e+00   3.2459000e+00   3.1539000e+00   3.3703000e+00   2.8708000e+00   3.6728000e+00
   2.6679000e+00   2.9520000e+00   2.8572000e+00   2.9915000e+00   2.6919000e+00   3.4116000e+00
   2.4722000e+00   2.5779000e+00   2.5355000e+00   2.5549000e+00   2.4750000e+00   3.0538000e+00
   2.3529000e+00   2.2707000e+00   2.2947000e+00   2.2579000e+00   2.2344000e+00   2.7228000e+00
   2.3274000e+00   2.1833000e+00   2.2374000e+00   2.1816000e+00   1.9744000e+00   2.4671000e+00
   2.3320000e+00   2.2013000e+00   2.2787000e+00   2.2548000e+00   1.7574000e+00   2.2777000e+00
   2.4390000e+00   2.3401000e+00   2.4160000e+00   2.4256000e+00   1.5832000e+00   2.1302000e+00
   2.5947000e+00   2.5239000e+00   2.5833000e+00   2.6021000e+00   1.4414000e+00   1.9888000e+00
   2.7666000e+00   2.7187000e+00   2.7403000e+00   2.7384000e+00   1.3485000e+00   1.8341000e+00
   2.9269000e+00   2.8891000e+00   2.8749000e+00   2.8490000e+00   1.2615000e+00   1.6740000e+00
   3.0535000e+00   3.0166000e+00   2.9883000e+00   2.9543000e+00   1.1819000e+00   1.5101000e+00
   3.1672000e+00   3.1351000e+00   3.1195000e+00   3.0926000e+00   1.1090000e+00   1.3757000e+00
   3.2469000e+00   3.2376000e+00   3.2282000e+00   3.2161000e+00   1.0518000e+00   1.2878000e+00
   3.3189000e+00   3.3314000e+00   3.3119000e+00   3.2993000e+00   1.0273000e+00   1.2328000e+00
   3.3968000e+00   3.4006000e+00   3.3989000e+00   3.3782000e+00   1.0208000e+00   1.1838000e+00
   3.4483000e+00   3.3764000e+00   3.4077000e+00   3.3621000e+00   9.8690000e-01   1.0950000e+00
   3.6226000e+00   3.3215000e+00   3.4217000e+00   3.3312000e+00   9.1650000e-01   9.7170000e-01
   3.7055000e+00   3.4439000e+00   3.5124000e+00   3.4106000e+00   8.3360000e-01   8.2690000e-01
   3.7295000e+00   3.4317000e+00   3.4999000e+00   3.4084000e+00   7.5670000e-01   7.6500000e-01
   3.6022000e+00   3.3571000e+00   3.3880000e+00   3.2583000e+00   7.7710000e-01   8.9350000e-01
   3.4366000e+00   3.2776000e+00   3.2489000e+00   3.1312000e+00   8.4290000e-01   1.2158000e+00
   3.3304000e+00   3.2054000e+00   3.1438000e+00   3.0431000e+00   1.0181000e+00   2.7921000e+00
   3.2385000e+00   3.1105000e+00   3.0605000e+00   2.9646000e+00   1.4098000e+00   3.5464000e+00
   3.3338000e+00   3.0638000e+00   3.0501000e+00   2.9559000e+00   2.1675000e+00   3.5578000e+00
   3.9247000e+00   3.5065000e+00   3.3935000e+00   3.1012000e+00   3.4248000e+00   3.9850000e+00
   3.8471000e+00   3.8546000e+00   3.7843000e+00   3.7082000e+00   3.3323000e+00   4.4106000e+00
   3.8109000e+00   3.7865000e+00   3.7548000e+00   3.7464000e+00   3.4632000e+00   5.4141000e+00
   3.7647000e+00   3.7739000e+00   3.7453000e+00   3.7568000e+00   3.6797000e+00   6.3291000e+00
   3.7841000e+00   3.7698000e+00   3.7356000e+00   3.7240000e+00   4.1722000e+00   6.5378000e+00
   3.7739000e+00   3.7499000e+00   3.7052000e+00   3.6884000e+00   4.9410000e+00   6.7749000e+00
   3.8260000e+00   3.6800000e+00   3.6690000e+00   3.6194000e+00   4.9583000e+00   6.8775000e+00
   3.9880000e+00   3.7226000e+00   3.7536000e+00   3.6400000e+00   4.7462000e+00   6.4993000e+00
   4.0735000e+00   3.8948000e+00   3.9013000e+00   3.7678000e+00   4.6227000e+00   6.0427000e+00
   3.9785000e+00   3.9522000e+00   3.8871000e+00   3.8202000e+00   4.4970000e+00   5.6435000e+00
   3.9395000e+00   3.7626000e+00   3.7396000e+00   3.6472000e+00   4.3880000e+00   5.2966000e+00
   4.2670000e+00   3.6715000e+00   3.7664000e+00   3.5389000e+00   4.3411000e+00   5.0554000e+00
   4.6633000e+00   3.9741000e+00   4.1054000e+00   3.7310000e+00   4.3154000e+00   4.8617000e+00
   4.5525000e+00   4.3647000e+00   4.2885000e+00   4.0924000e+00   4.2809000e+00   4.7049000e+00
   4.3841000e+00   4.3042000e+00   4.2163000e+00   4.1424000e+00   4.3040000e+00   4.5407000e+00
   4.1971000e+00   4.1970000e+00   4.1154000e+00   4.0527000e+00   4.3617000e+00   4.3475000e+00
   4.0308000e+00   4.0727000e+00   3.9975000e+00   4.0023000e+00   4.4759000e+00   4.1989000e+00
   3.9708000e+00   3.9439000e+00   3.9106000e+00   3.9266000e+00   4.6599000e+00   4.1034000e+00
   4.0249000e+00   3.9170000e+00   3.8989000e+00   3.8692000e+00   4.8094000e+00   3.9967000e+00
   4.1332000e+00   4.0221000e+00   3.9797000e+00   3.9146000e+00   4.9359000e+00   3.9626000e+00
   4.2281000e+00   4.1515000e+00   4.0907000e+00   4.0158000e+00   4.9121000e+00   3.9186000e+00
   4.3462000e+00   4.2806000e+00   4.2059000e+00   4.1275000e+00   4.7849000e+00   3.8605000e+00
   4.4890000e+00   4.4208000e+00   4.3244000e+00   4.2253000e+00   4.6276000e+00   3.7536000e+00
   4.5599000e+00   4.5176000e+00   4.3978000e+00   4.2896000e+00   4.4928000e+00   3.6024000e+00
   4.5749000e+00   4.5619000e+00   4.4326000e+00   4.3282000e+00   4.3796000e+00   3.4177000e+00
   4.4874000e+00   4.4860000e+00   4.3729000e+00   4.2763000e+00   4.2722000e+00   3.2372000e+00
   4.1867000e+00   4.3714000e+00   4.2663000e+00   4.2262000e+00   3.7979000e+00   2.8567000e+00
   3.6033000e+00   4.0783000e+00   4.0067000e+00   4.1496000e+00   3.0096000e+00   2.3409000e+00
   3.0803000e+00   3.6178000e+00   3.5985000e+00   3.8873000e+00   2.4941000e+00   1.9943000e+00
   2.7477000e+00   3.1649000e+00   3.1789000e+00   3.5141000e+00   2.2064000e+00   1.7777000e+00
   2.5809000e+00   2.8019000e+00   2.8354000e+00   3.0958000e+00   2.0719000e+00   1.7542000e+00
   2.3481000e+00   2.5092000e+00   2.5666000e+00   2.7512000e+00   2.1474000e+00   1.8349000e+00
   2.0838000e+00   2.2643000e+00   2.3411000e+00   2.5056000e+00   2.0510000e+00   1.7708000e+00
   1.7122000e+00   1.9853000e+00   2.0832000e+00   2.3143000e+00   1.9255000e+00   1.7332000e+00
   1.3405000e+00   1.6772000e+00   1.7856000e+00   2.0796000e+00   1.7780000e+00   1.5998000e+00
   1.1500000e+00   1.4452000e+00   1.5166000e+00   1.7842000e+00   1.5563000e+00   1.4139000e+00
   1.2525000e+00   1.2823000e+00   1.2499000e+00   1.4361000e+00   1.3638000e+00   1.2153000e+00
   1.4610000e+00   1.2095000e+00   9.8590000e-01   1.0585000e+00   1.2523000e+00   1.1689000e+00
   1.6138000e+00   1.2539000e+00   8.3530000e-01   7.4560000e-01   1.3373000e+00   1.3384000e+00
   1.6993000e+00   1.3400000e+00   8.7560000e-01   6.7170000e-01   1.5621000e+00   1.6323000e+00
   1.7923000e+00   1.4786000e+00   1.1068000e+00   8.9120000e-01   1.8317000e+00   1.9302000e+00
   1.9359000e+00   1.6529000e+00   1.4193000e+00   1.1903000e+00   2.0970000e+00   2.1959000e+00
   2.1515000e+00   1.8269000e+00   1.7066000e+00   1.4366000e+00   2.3425000e+00   2.4102000e+00
   2.3543000e+00   1.9735000e+00   1.9106000e+00   1.6006000e+00   2.5842000e+00   2.5838000e+00
   2.5596000e+00   2.1258000e+00   2.0839000e+00   1.7395000e+00   2.7795000e+00   2.7166000e+00
   2.7624000e+00   2.2718000e+00   2.3312000e+00   2.0517000e+00   2.9627000e+00   2.9090000e+00
   3.0107000e+00   2.5134000e+00   2.7768000e+00   2.6595000e+00   3.1190000e+00   3.1201000e+00
   3.4729000e+00   3.0051000e+00   3.4575000e+00   3.4685000e+00   3.2148000e+00   3.2501000e+00
   4.1372000e+00   3.7436000e+00   4.1583000e+00   4.1653000e+00   3.2120000e+00   3.1804000e+00
   4.7027000e+00   4.4219000e+00   4.6459000e+00   4.5773000e+00   3.0949000e+00   3.0212000e+00
   5.0960000e+00   4.9148000e+00   4.9513000e+00   4.8547000e+00   3.1096000e+00   3.0708000e+00
   5.3391000e+00   5.2192000e+00   5.2289000e+00   5.1644000e+00   3.3672000e+00   3.2025000e+00
   5.5737000e+00   5.4570000e+00   5.5346000e+00   5.5083000e+00   3.6583000e+00   3.1674000e+00
   5.8620000e+00   5.7299000e+00   5.8564000e+00   5.8519000e+00   3.7644000e+00   3.1905000e+00
   6.1846000e+00   6.0558000e+00   6.1745000e+00   6.1665000e+00   3.3075000e+00   3.3806000e+00
   6.5395000e+00   6.3854000e+00   6.5066000e+00   6.4529000e+00   3.0737000e+00   3.4870000e+00
   6.8313000e+00   6.7142000e+00   6.7381000e+00   6.6775000e+00   3.7904000e+00   3.4844000e+00
   7.0669000e+00   6.9386000e+00   6.9731000e+00   6.9026000e+00   3.9159000e+00   3.4674000e+00
   7.2865000e+00   7.1630000e+00   7.1661000e+00   7.0957000e+00   3.3778000e+00   3.6237000e+00
   7.4820000e+00   7.3575000e+00   7.3430000e+00   7.2735000e+00   4.2115000e+00   3.9167000e+00
   7.6525000e+00   7.5269000e+00   7.5072000e+00   7.4370000e+00   4.6818000e+00   3.8306000e+00
   7.8143000e+00   7.7058000e+00   7.6584000e+00   7.5999000e+00   4.1085000e+00   3.7714000e+00
   7.9449000e+00   7.8113000e+00   7.7605000e+00   7.6631000e+00   4.2696000e+00   4.0975000e+00
   8.0560000e+00   7.5969000e+00   7.7763000e+00   7.6308000e+00   4.4315000e+00   4.3027000e+00
   8.1548000e+00   7.5026000e+00   7.7724000e+00   7.6033000e+00   4.2891000e+00   4.6323000e+00
   8.2138000e+00   7.5287000e+00   7.8419000e+00   7.6834000e+00   3.6880000e+00   4.8648000e+00
   8.2508000e+00   7.5929000e+00   7.8428000e+00   7.6523000e+00   3.4756000e+00   4.7036000e+00
   8.2396000e+00   7.6226000e+00   7.8315000e+00   7.6516000e+00   3.4646000e+00   4.6105000e+00
   8.2097000e+00   7.6229000e+00   7.7737000e+00   7.6038000e+00   2.9280000e+00   4.5971000e+00
   7.9804000e+00   7.5332000e+00   7.6246000e+00   7.4841000e+00   2.2813000e+00   4.7992000e+00
   7.6870000e+00   7.3833000e+00   7.3980000e+00   7.3035000e+00   2.2054000e+00   4.9975000e+00
   7.2978000e+00   7.2339000e+00   7.1691000e+00   7.1286000e+00   2.6890000e+00   5.0338000e+00
   7.0839000e+00   7.1004000e+00   7.0337000e+00   6.9867000e+00   3.1061000e+00   4.9528000e+00
   6.9875000e+00   7.0095000e+00   6.9559000e+00   6.9070000e+00   3.4152000e+00   5.3590000e+00
   6.9389000e+00   6.9518000e+00   6.9139000e+00   6.8496000e+00   4.1629000e+00   6.6312000e+00
   6.9460000e+00   6.9097000e+00   6.8973000e+00   6.8085000e+00   5.3728000e+00   8.4338000e+00
   6.9673000e+00   6.8729000e+00   6.8765000e+00   6.7629000e+00   6.6498000e+00   9.8086000e+00
   6.9780000e+00   6.8415000e+00   6.8485000e+00   6.7116000e+00   9.5162000e+00   9.8263000e+00
   6.9385000e+00   6.7731000e+00   6.7860000e+00   6.6384000e+00   1.0773500e+01   1.0147600e+01
   6.8901000e+00   6.7148000e+00   6.7355000e+00   6.5920000e+00   1.0531800e+01   1.0486600e+01
   6.8761000e+00   6.7008000e+00   6.7353000e+00   6.6020000e+00   1.0496800e+01   1.0415600e+01
   6.8829000e+00   6.7041000e+00   6.7562000e+00   6.6288000e+00   1.0385000e+01   1.0254300e+01
   6.9163000e+00   6.7306000e+00   6.7974000e+00   6.6726000e+00   1.0124700e+01   1.0046000e+01
   6.9238000e+00   6.7312000e+00   6.8089000e+00   6.6851000e+00   9.8696000e+00   9.9237000e+00
   6.9006000e+00   6.7006000e+00   6.7848000e+00   6.6587000e+00   9.7931000e+00   9.9021000e+00
   6.8910000e+00   6.6934000e+00   6.7686000e+00   6.6398000e+00   9.8770000e+00   9.8111000e+00
   6.8809000e+00   6.6895000e+00   6.7516000e+00   6.6147000e+00   9.7852000e+00   9.7475000e+00
   6.8477000e+00   6.6582000e+00   6.7110000e+00   6.5728000e+00   9.6617000e+00   9.7342000e+00
   6.8063000e+00   6.6145000e+00   6.6625000e+00   6.5215000e+00   9.6306000e+00   9.6482000e+00
   6.7700000e+00   6.5686000e+00   6.6212000e+00   6.4799000e+00   9.5724000e+00   9.6017000e+00
   6.7249000e+00   6.5027000e+00   6.5722000e+00   6.4303000e+00   9.5483000e+00   9.6703000e+00
   6.6465000e+00   6.3900000e+00   6.4880000e+00   6.3420000e+00   9.6130000e+00   9.7085000e+00
   6.5742000e+00   6.2871000e+00   6.4074000e+00   6.2603000e+00   9.5620000e+00   9.6379000e+00
