   1.2865000e+00   1.2858000e+00   1.3574000e+00   1.3999000e+00   3.5094000e+00   3.3405000e+00
   1.4381000e+00   1.4604000e+00   1.4570000e+00   1.4600000e+00   3.1492000e+00   3.0910000e+00
   1.5145000e+00   1.5471000e+00   1.4835000e+00   1.4436000e+00   2.8266000e+00   2.8216000e+00
   1.1417000e+00   1.2184000e+00   1.1896000e+00   1.1809000e+00   1.9194000e+00   2.2160000e+00
   1.1894000e+00   1.2598000e+00   1.2893000e+00   1.3034000e+00   1.4337000e+00   1.3446000e+00
   1.3583000e+00   1.4180000e+00   1.4681000e+00   1.4875000e+00   1.0728000e+00   3.1220000e-01
   1.7350000e+00   1.7660000e+00   1.8315000e+00   1.8539000e+00   1.3022000e+00   1.8470000e-01
   2.0523000e+00   2.0801000e+00   2.1322000e+00   2.1427000e+00   7.5910000e-01  -3.1200000e-02
   2.9562000e+00   2.9215000e+00   3.0330000e+00   3.0177000e+00   3.9490000e-01  -1.6500000e-01
   4.6476000e+00   4.6526000e+00   4.7622000e+00   4.7563000e+00   2.0230000e-01   1.0030000e-01
   5.0198000e+00   5.3212000e+00   5.2558000e+00   5.4410000e+00   4.0080000e-01   8.0760000e-01
   5.3508000e+00   5.5196000e+00   5.6282000e+00   5.7980000e+00   6.2720000e-01   1.2351000e+00
   5.3448000e+00   5.4996000e+00   5.5972000e+00   5.7222000e+00   3.2420000e-01  -1.8090000e-01
   5.5709000e+00   5.6804000e+00   5.9191000e+00   6.1313000e+00  -1.1770000e-01  -1.1427000e+00
   5.1771000e+00   5.4849000e+00   5.4764000e+00   5.6597000e+00  -1.2017000e+00  -1.5940000e+00
   4.6631000e+00   4.9716000e+00   4.9495000e+00   5.1158000e+00  -2.5262000e+00  -1.5252000e+00
   4.5321000e+00   4.7877000e+00   4.7524000e+00   4.8812000e+00  -1.5906000e+00  -1.4281000e+00
   5.1403000e+00   5.0968000e+00   5.1497000e+00   5.1661000e+00  -1.1891000e+00  -3.7480000e-01
   4.5616000e+00   5.3331000e+00   5.2696000e+00   5.6663000e+00  -5.1350000e-01   6.2350000e-01
   3.6265000e+00   3.8721000e+00   3.9442000e+00   4.1403000e+00   2.3410000e-01   6.9150000e-01
   3.9842000e+00   4.0272000e+00   4.0833000e+00   4.1632000e+00   6.5710000e-01   8.3410000e-01
   3.5272000e+00   3.8853000e+00   3.7926000e+00   3.9961000e+00   1.1944000e+00   1.0935000e+00
   2.5045000e+00   2.7862000e+00   2.5876000e+00   2.5831000e+00   1.9200000e+00   1.6004000e+00
   2.1870000e+00   1.9993000e+00   2.0494000e+00   1.9283000e+00   2.5298000e+00   2.0180000e+00
   2.6674000e+00   2.3527000e+00   2.6529000e+00   2.5634000e+00   3.1270000e+00   2.2859000e+00
   2.9619000e+00   2.7730000e+00   2.8978000e+00   2.8531000e+00   3.7279000e+00   2.5058000e+00
   3.1968000e+00   3.0218000e+00   3.0988000e+00   2.9790000e+00   4.1809000e+00   2.9527000e+00
   3.7263000e+00   3.5880000e+00   3.5729000e+00   3.3836000e+00   4.6526000e+00   3.6938000e+00
   4.3825000e+00   4.1411000e+00   4.2528000e+00   4.1020000e+00   4.5304000e+00   3.3471000e+00
   5.4768000e+00   5.0891000e+00   5.2469000e+00   5.2314000e+00   4.7677000e+00   3.3499000e+00
   3.3086000e+00   3.6337000e+00   3.3313000e+00   3.4621000e+00   5.1860000e+00   3.7455000e+00
   1.7278000e+00   1.8169000e+00   1.5138000e+00   1.1907000e+00   5.6697000e+00   4.2307000e+00
   1.5747000e+00   9.8690000e-01   9.1340000e-01   4.8100000e-01   6.5008000e+00   5.0818000e+00
   1.9335000e+00   1.4733000e+00   1.3639000e+00   1.0454000e+00   7.6724000e+00   6.1992000e+00
   2.0014000e+00   1.7736000e+00   1.6593000e+00   1.4170000e+00   8.1669000e+00   6.7042000e+00
   1.7400000e+00   1.7011000e+00   1.5192000e+00   1.2875000e+00   8.1608000e+00   6.8520000e+00
   1.4217000e+00   1.1947000e+00   1.1273000e+00   9.0810000e-01   7.9699000e+00   7.1415000e+00
   2.0101000e+00   1.2159000e+00   1.2450000e+00   8.3000000e-01   7.3720000e+00   7.0468000e+00
   3.4860000e+00   2.7580000e+00   2.6776000e+00   2.0261000e+00   6.3576000e+00   6.7135000e+00
   4.5038000e+00   4.0631000e+00   4.1479000e+00   3.9491000e+00   5.4434000e+00   6.1635000e+00
   6.1670000e+00   5.5411000e+00   5.6196000e+00   5.3086000e+00   4.8670000e+00   6.0189000e+00
   7.5878000e+00   6.9361000e+00   7.0188000e+00   6.8107000e+00   5.8194000e+00   6.7471000e+00
   8.3457000e+00   8.1341000e+00   8.1347000e+00   8.1108000e+00   8.0695000e+00   8.3040000e+00
   8.2883000e+00   8.0389000e+00   8.0064000e+00   7.9898000e+00   1.4272300e+01   1.1217500e+01
   7.6915000e+00   7.5903000e+00   7.4610000e+00   7.4496000e+00   1.3610500e+01   1.3534000e+01
   7.2709000e+00   7.1749000e+00   6.9732000e+00   6.9470000e+00   1.1448700e+01   1.2810600e+01
   7.9450000e+00   7.9983000e+00   7.6920000e+00   7.7069000e+00   9.1279000e+00   1.0185000e+01
   7.1228000e+00   7.1202000e+00   6.9394000e+00   7.0443000e+00   7.2026000e+00   8.0368000e+00
   6.3149000e+00   6.4056000e+00   6.2134000e+00   6.1707000e+00   5.4168000e+00   6.1065000e+00
   5.3950000e+00   5.1581000e+00   5.2984000e+00   5.0752000e+00   3.5474000e+00   4.5328000e+00
   6.5688000e+00   6.2619000e+00   6.4103000e+00   6.2390000e+00   4.1650000e-01   2.7751000e+00
   5.3135000e+00   5.5645000e+00   5.6479000e+00   5.7785000e+00  -1.8477000e+00   1.1660000e+00
   5.1131000e+00   5.0253000e+00   5.5819000e+00   5.6543000e+00  -2.6763000e+00   1.9760000e-01
   1.5980200e+01   1.8145100e+01   1.5249700e+01   1.1895500e+01  -7.0430000e-01  -1.0200000e+00
   1.3521500e+01   1.4496200e+01   1.3911000e+01   1.3617400e+01  -2.3448000e+00  -3.0316000e+00
   1.5507300e+01   1.0720200e+01   1.1232700e+01   9.8421000e+00   1.3081500e+01   6.4740000e-01
   6.6096000e+00   6.3625000e+00   7.4492000e+00   8.1537000e+00   8.5663000e+00   7.1805000e+00
   3.4394000e+00   3.6585000e+00   4.4579000e+00   5.1181000e+00   8.4821000e+00   5.5837000e+00
   2.1102000e+00   2.1396000e+00   1.6322000e+00   6.2940000e-01   7.1946000e+00   1.0248400e+01
  -2.2640000e-01  -1.1803000e+00  -2.1645000e+00  -3.2054000e+00   6.4194000e+00   7.4272000e+00
  -4.5846000e+00  -4.8202000e+00  -4.2503000e+00  -4.0065000e+00   5.0600000e+00   4.6097000e+00
  -5.3745000e+00  -5.1387000e+00  -5.1076000e+00  -5.0864000e+00   6.4964000e+00   8.4670000e+00
  -6.5238000e+00  -6.3545000e+00  -6.1734000e+00  -6.0157000e+00   3.9139000e+00   6.6032000e+00
  -7.0463000e+00  -6.7335000e+00  -7.2753000e+00  -7.5467000e+00   1.6840000e+00   3.5318000e+00
  -1.0596500e+01  -9.5317000e+00  -1.0374600e+01  -1.0303000e+01   1.0541000e+00   3.1320000e+00
   1.0096100e+01   6.4368000e+00   4.8584000e+00  -2.3310000e+00  -9.9910000e-01   2.3930000e+00
  -2.5540000e+00  -9.9030000e-01  -1.2152000e+00  -4.2000000e-02  -3.1270000e-01   1.2171000e+00
  -3.1654000e+00  -2.8763000e+00  -3.3925000e+00  -3.6012000e+00  -7.2300000e-02   5.7770000e-01
  -1.3519000e+00  -7.4080000e-01  -1.5920000e+00  -1.7936000e+00   3.3560000e-01   6.7270000e-01
  -3.6500000e+00  -3.4100000e+00  -3.9577000e+00  -4.0342000e+00   1.0276000e+00   7.9610000e-01
  -4.4018000e+00  -4.5028000e+00  -3.9324000e+00  -3.6795000e+00   7.6630000e-01   1.6940000e+00
  -3.0379000e+00  -3.1598000e+00  -2.5324000e+00  -2.2650000e+00  -1.5690000e-01   1.3135000e+00
  -1.9079000e+00  -1.9372000e+00  -1.4634000e+00  -1.2570000e+00   3.5730000e-01   4.8980000e-01
  -1.2080000e-01  -1.6750000e-01  -1.6910000e-01  -2.7570000e-01  -8.0820000e-01   3.0290000e-01
   6.0340000e-01   4.9200000e-01   5.2450000e-01   4.6770000e-01  -1.3900000e+00  -1.0912000e+00
   1.2945000e+00   9.0010000e-01   8.2840000e-01   4.4230000e-01   5.8990000e-01   4.0560000e-01
  -1.1280000e-01  -1.3850000e-01  -7.6400000e-02  -1.8500000e-02  -1.2684000e+00   8.8250000e-01
   7.3830000e-01   4.3000000e-01   7.0750000e-01   7.4110000e-01  -3.2550000e+00  -1.7121000e+00
   1.2160000e-01   1.0944000e+00   1.1394000e+00   2.0526000e+00  -4.8309000e+00  -3.7150000e+00
  -7.6290000e-01  -5.6910000e-01  -5.1670000e-01  -3.8830000e-01  -2.7081000e+00  -5.4315000e+00
  -1.8400000e-01  -1.5590000e-01   2.1500000e-02   1.3640000e-01   2.6100000e-01  -5.7675000e+00
   6.2530000e-01   7.9970000e-01   8.9240000e-01   9.9650000e-01   2.6884000e+00   4.8910000e+00
  -9.6430000e-01  -6.4390000e-01  -6.8970000e-01  -6.0700000e-01   4.2150000e-01   1.1020000e+00
  -1.0012000e+00  -1.0163000e+00  -1.1639000e+00  -1.2459000e+00  -1.3540000e+00   1.6921000e+00
  -1.0570000e+00  -4.4420000e-01  -4.5460000e-01  -1.5600000e-01  -2.5714000e+00  -7.2820000e-01
  -1.0281000e+00  -9.9630000e-01  -1.2283000e+00  -1.3557000e+00  -2.6287000e+00  -2.1343000e+00
  -1.7908000e+00  -1.3631000e+00  -1.4549000e+00  -1.3000000e+00  -3.0050000e+00  -2.8319000e+00
  -2.8730000e+00  -2.5171000e+00  -2.6436000e+00  -2.5624000e+00  -1.1952000e+00  -1.0901000e+00
  -3.9463000e+00  -3.3530000e+00  -3.5234000e+00  -3.4102000e+00   1.6820000e-01   1.3054000e+00
  -6.1743000e+00  -5.8656000e+00  -5.9908000e+00  -5.9435000e+00  -2.2883000e+00  -1.2962000e+00
  -6.9076000e+00  -6.4235000e+00  -5.4583000e+00  -5.1917000e+00   2.0417000e+00   2.5264000e+00
  -6.1508000e+00  -6.8926000e+00  -7.0460000e+00  -7.4348000e+00  -1.3763000e+00  -2.5080000e-01
   1.7365000e+00   1.3786000e+00  -1.1707000e+00  -3.5447000e+00   1.0242000e+00   6.8520000e-01
  -2.1596000e+00  -1.7852000e+00  -9.4400000e-01   2.0980000e-01   7.3690000e-01   3.9230000e-01
  -1.3531000e+00  -8.2830000e-01  -1.2290000e+00  -1.3848000e+00  -1.3843000e+00   1.5690000e-01
   1.4235000e+00  -1.0100000e-02  -4.2140000e-01  -1.0287000e+00  -1.5766000e+00  -1.1997000e+00
  -9.4970000e-01  -1.1798000e+00  -1.7590000e-01   1.6145000e+00  -1.5863000e+00  -1.4430000e+00
  -1.7960000e-01  -8.0280000e-01  -5.2270000e-01  -7.5240000e-01   4.6180000e-01   6.2490000e-01
   2.5737000e+00   2.3988000e+00   2.5751000e+00   2.3081000e+00   2.7818000e+00   3.3903000e+00
   2.0261000e+00   1.6497000e+00   2.1750000e+00   2.4011000e+00   2.8163000e+00   2.7802000e+00
   7.5780000e-01   5.6870000e-01   9.7990000e-01   1.2217000e+00   2.5175000e+00   2.8273000e+00
   1.4018000e+00   8.6800000e-01   6.6440000e-01   2.6200000e-01   3.0944000e+00   3.1294000e+00
   1.9600000e+00   1.5982000e+00   1.2155000e+00   9.1340000e-01   4.1593000e+00   4.0557000e+00
   2.7428000e+00   2.6357000e+00   2.0974000e+00   1.7615000e+00   4.3399000e+00   3.4959000e+00
   3.5652000e+00   3.4921000e+00   2.9643000e+00   2.5919000e+00   4.6809000e+00   3.5765000e+00
   3.0968000e+00   3.0804000e+00   2.8236000e+00   2.6497000e+00   5.6774000e+00   4.5304000e+00
   3.1606000e+00   3.3151000e+00   3.1455000e+00   3.0768000e+00   5.6208000e+00   4.6863000e+00
   3.4816000e+00   3.7263000e+00   3.6961000e+00   3.8097000e+00   5.2666000e+00   4.3479000e+00
   3.8644000e+00   3.9606000e+00   3.8632000e+00   3.8885000e+00   5.1270000e+00   4.0621000e+00
   4.1608000e+00   4.2513000e+00   4.1110000e+00   4.0643000e+00   4.9979000e+00   3.9938000e+00
   4.7846000e+00   4.7471000e+00   4.5620000e+00   4.4525000e+00   4.9575000e+00   4.5372000e+00
   5.4855000e+00   5.2875000e+00   5.2817000e+00   5.1620000e+00   4.3548000e+00   4.1901000e+00
   4.9076000e+00   5.1036000e+00   4.9449000e+00   4.9560000e+00   3.5140000e+00   2.8240000e+00
   4.2701000e+00   4.2092000e+00   4.2040000e+00   4.1342000e+00   3.5516000e+00   3.4361000e+00
   3.6876000e+00   3.9836000e+00   3.9988000e+00   4.0872000e+00   3.0085000e+00   3.1733000e+00
   2.9379000e+00   3.1576000e+00   3.3720000e+00   3.5511000e+00   2.0213000e+00   1.9625000e+00
   2.9377000e+00   2.8282000e+00   3.2722000e+00   3.4641000e+00   1.8482000e+00   2.0733000e+00
   3.6527000e+00   3.2768000e+00   3.7658000e+00   3.8778000e+00   2.0231000e+00   2.3373000e+00
   4.1426000e+00   3.8441000e+00   4.1722000e+00   4.2356000e+00   1.6286000e+00   1.9841000e+00
   4.4122000e+00   4.1179000e+00   4.2363000e+00   4.1570000e+00   1.1466000e+00   1.4461000e+00
   4.4966000e+00   4.4212000e+00   4.3543000e+00   4.2659000e+00   1.2126000e+00   1.4413000e+00
   4.4802000e+00   4.5407000e+00   4.4449000e+00   4.4345000e+00   1.5962000e+00   1.9085000e+00
   3.8808000e+00   4.1472000e+00   4.0278000e+00   4.0882000e+00   1.3830000e+00   1.3538000e+00
   3.2644000e+00   3.5767000e+00   3.5256000e+00   3.7139000e+00   8.0640000e-01   4.9800000e-01
   2.8660000e+00   3.0091000e+00   2.9951000e+00   3.1880000e+00   6.9040000e-01   3.6270000e-01
   2.1136000e+00   2.0903000e+00   2.1236000e+00   2.2823000e+00   3.1410000e-01   7.2000000e-02
   1.1015000e+00   1.0400000e+00   1.1297000e+00   1.3032000e+00  -2.0280000e-01  -2.7590000e-01
   4.9440000e-01   2.7800000e-01   7.8640000e-01   1.1471000e+00  -8.3550000e-01  -1.0561000e+00
  -1.4830000e-01  -1.2540000e-01   6.0340000e-01   1.1559000e+00  -1.1061000e+00  -1.6234000e+00
  -1.0024000e+00  -5.1210000e-01   4.2800000e-02   5.1130000e-01  -1.2724000e+00  -1.9035000e+00
  -1.1675000e+00  -5.7530000e-01  -1.6440000e-01   1.1900000e-01  -1.2328000e+00  -1.6494000e+00
  -1.4207000e+00  -9.9230000e-01  -4.5700000e-01  -9.4300000e-02  -1.6605000e+00  -1.9977000e+00
  -1.3591000e+00  -1.0897000e+00  -5.5300000e-01  -1.9130000e-01  -2.3254000e+00  -2.6802000e+00
  -1.7703000e+00  -1.6328000e+00  -1.1928000e+00  -9.3580000e-01  -2.7199000e+00  -2.8713000e+00
  -2.4011000e+00  -2.0949000e+00  -1.8433000e+00  -1.5953000e+00  -2.8775000e+00  -3.0317000e+00
  -3.0528000e+00  -2.9211000e+00  -2.5446000e+00  -2.2545000e+00  -2.9479000e+00  -2.9467000e+00
  -3.6187000e+00  -3.5100000e+00  -3.2740000e+00  -3.0371000e+00  -3.2767000e+00  -3.3418000e+00
  -4.4319000e+00  -4.3178000e+00  -4.0492000e+00  -3.7616000e+00  -3.6369000e+00  -3.6456000e+00
  -4.2616000e+00  -4.3257000e+00  -4.2076000e+00  -4.0751000e+00  -3.9472000e+00  -3.9400000e+00
  -5.0963000e+00  -4.8594000e+00  -4.7857000e+00  -4.5392000e+00  -4.1363000e+00  -4.0507000e+00
  -5.6484000e+00  -5.4269000e+00  -5.4662000e+00  -5.2971000e+00  -4.1784000e+00  -4.0836000e+00
  -6.3065000e+00  -6.0990000e+00  -6.3446000e+00  -6.3235000e+00  -4.0149000e+00  -3.8409000e+00
  -7.1644000e+00  -6.6880000e+00  -7.2024000e+00  -7.1880000e+00  -4.2608000e+00  -4.3461000e+00
  -7.9789000e+00  -6.9761000e+00  -7.5135000e+00  -7.3124000e+00  -4.3579000e+00  -4.5003000e+00
  -7.8783000e+00  -7.3149000e+00  -7.4592000e+00  -7.3107000e+00  -4.6952000e+00  -5.0447000e+00
  -7.6142000e+00  -7.5326000e+00  -7.5945000e+00  -7.7005000e+00  -5.1063000e+00  -5.6331000e+00
  -7.5711000e+00  -7.3746000e+00  -7.3685000e+00  -7.3208000e+00  -5.2042000e+00  -5.4670000e+00
  -8.1724000e+00  -8.1251000e+00  -7.9216000e+00  -7.7772000e+00  -4.8126000e+00  -5.3239000e+00
  -8.1370000e+00  -7.8814000e+00  -7.9578000e+00  -7.8155000e+00  -5.2065000e+00  -6.1299000e+00
  -8.1320000e+00  -7.9498000e+00  -7.9242000e+00  -7.8255000e+00  -5.6122000e+00  -6.3609000e+00
  -8.0185000e+00  -7.7949000e+00  -7.8931000e+00  -7.7841000e+00  -6.0641000e+00  -6.8403000e+00
  -7.8860000e+00  -7.5451000e+00  -7.6314000e+00  -7.4787000e+00  -8.0985000e+00  -7.5145000e+00
  -8.4051000e+00  -7.9590000e+00  -8.1818000e+00  -8.0350000e+00  -8.2718000e+00  -7.9605000e+00
  -8.9885000e+00  -8.4475000e+00  -8.7393000e+00  -8.6040000e+00  -8.0136000e+00  -7.1482000e+00
  -8.8890000e+00  -8.7293000e+00  -8.8838000e+00  -8.8634000e+00  -7.9276000e+00  -7.1932000e+00
  -8.5551000e+00  -8.4177000e+00  -8.5782000e+00  -8.5647000e+00  -7.3979000e+00  -7.0287000e+00
  -8.7718000e+00  -8.2441000e+00  -8.5884000e+00  -8.4641000e+00  -6.5327000e+00  -6.0904000e+00
  -8.4124000e+00  -7.8696000e+00  -8.1939000e+00  -8.1087000e+00  -6.4637000e+00  -5.2462000e+00
  -9.1807000e+00  -8.1545000e+00  -8.5975000e+00  -8.2546000e+00  -5.7990000e+00  -5.4947000e+00
  -8.6574000e+00  -8.2914000e+00  -8.4024000e+00  -8.2866000e+00  -5.4472000e+00  -4.0686000e+00
  -7.9426000e+00  -7.3267000e+00  -7.6450000e+00  -7.4690000e+00  -4.9904000e+00  -2.2853000e+00
  -7.9949000e+00  -7.4670000e+00  -7.6243000e+00  -7.3402000e+00  -4.9439000e+00  -2.6275000e+00
  -7.9401000e+00  -7.2869000e+00  -7.3071000e+00  -6.9599000e+00  -3.7465000e+00  -2.5674000e+00
  -7.3120000e+00  -7.1829000e+00  -6.9869000e+00  -6.8600000e+00  -2.9327000e+00  -1.6451000e+00
  -7.2053000e+00  -7.0493000e+00  -6.8528000e+00  -6.7314000e+00  -2.4940000e+00  -2.0670000e+00
  -6.1637000e+00  -6.2213000e+00  -5.8990000e+00  -5.7216000e+00  -2.8453000e+00  -2.1216000e+00
  -5.4927000e+00  -5.7045000e+00  -5.4224000e+00  -5.4517000e+00  -2.6491000e+00  -2.5107000e+00
  -5.5479000e+00  -5.5764000e+00  -5.4082000e+00  -5.2147000e+00  -1.3737000e+00  -1.1676000e+00
  -5.3934000e+00  -5.4248000e+00  -5.2052000e+00  -5.1026000e+00  -2.1585000e+00  -2.0822000e+00
  -5.2609000e+00  -5.3560000e+00  -5.2945000e+00  -5.1885000e+00  -2.6039000e+00  -2.3203000e+00
  -5.0932000e+00  -5.2967000e+00  -5.2929000e+00  -5.3055000e+00  -3.0889000e+00  -3.3034000e+00
  -5.0702000e+00  -5.3850000e+00  -5.3239000e+00  -5.4724000e+00  -3.5760000e+00  -3.2811000e+00
  -6.1901000e+00  -6.1471000e+00  -5.7680000e+00  -5.4924000e+00  -3.2417000e+00  -2.5713000e+00
  -5.4844000e+00  -5.9612000e+00  -6.0407000e+00  -6.2226000e+00  -1.8332000e+00  -1.4120000e+00
  -5.4962000e+00  -5.8799000e+00  -6.0210000e+00  -6.2723000e+00  -9.2740000e-01   7.5700000e-02
  -5.3028000e+00  -5.7803000e+00  -5.9444000e+00  -6.3390000e+00  -1.3043000e+00   1.0020000e-01
  -4.5439000e+00  -5.1427000e+00  -5.3025000e+00  -5.8034000e+00  -1.9166000e+00  -3.0750000e-01
  -3.6989000e+00  -4.0698000e+00  -4.4264000e+00  -4.9287000e+00  -2.9233000e+00  -1.4217000e+00
  -3.7479000e+00  -3.8013000e+00  -4.0313000e+00  -4.2467000e+00  -3.3938000e+00  -2.6249000e+00
  -3.6769000e+00  -3.6614000e+00  -3.8665000e+00  -4.0911000e+00  -3.7098000e+00  -3.6562000e+00
  -3.2848000e+00  -3.4452000e+00  -3.4170000e+00  -3.5286000e+00  -5.0879000e+00  -5.2536000e+00
  -2.8885000e+00  -2.8719000e+00  -2.8746000e+00  -2.8888000e+00  -6.1279000e+00  -6.1721000e+00
  -2.9179000e+00  -2.6382000e+00  -2.6339000e+00  -2.5555000e+00  -7.1390000e+00  -7.6951000e+00
  -3.1977000e+00  -3.1380000e+00  -2.7925000e+00  -2.5720000e+00  -6.5590000e+00  -7.1585000e+00
  -2.9293000e+00  -3.0673000e+00  -2.7367000e+00  -2.6164000e+00  -4.8284000e+00  -5.9357000e+00
  -1.6989000e+00  -2.0103000e+00  -2.0069000e+00  -2.1665000e+00  -3.7643000e+00  -5.4853000e+00
  -1.3272000e+00  -1.5205000e+00  -1.4917000e+00  -1.5378000e+00  -2.0838000e+00  -1.4460000e+00
   1.3600000e-02  -2.4830000e-01  -3.3930000e-01  -5.3000000e-01  -2.2170000e-01  -3.5466000e+00
   3.9800000e-02   1.6830000e-01  -8.8900000e-02  -1.5000000e-01  -1.1189000e+00  -3.2496000e+00
  -3.8150000e-01  -3.9960000e-01  -6.0130000e-01  -6.4920000e-01  -2.1835000e+00  -3.6307000e+00
  -7.3130000e-01  -6.6410000e-01  -6.6370000e-01  -5.7050000e-01  -3.1631000e+00  -3.8734000e+00
  -1.8672000e+00  -1.1689000e+00  -1.2885000e+00  -8.7250000e-01  -4.0411000e+00  -3.9752000e+00
  -1.4280000e+00  -2.0886000e+00  -2.2007000e+00  -2.4169000e+00  -4.0418000e+00  -4.7753000e+00
  -1.7374000e+00  -1.8403000e+00  -1.8920000e+00  -1.6658000e+00  -3.7164000e+00  -4.9000000e+00
  -4.7370000e-01  -1.2993000e+00  -1.3516000e+00  -1.4767000e+00  -2.8767000e+00  -4.6471000e+00
   1.9490000e-01  -1.8457000e+00  -1.7434000e+00  -2.2007000e+00  -2.8069000e+00  -4.9315000e+00
   3.0686000e+00   2.7659000e+00   3.1553000e+00   1.9478000e+00  -3.5447000e+00  -5.5366000e+00
   1.2727000e+00  -4.0260000e-01  -3.0770000e-01  -1.6977000e+00  -4.3556000e+00  -5.2883000e+00
   2.6675000e+00   9.0490000e-01   8.8810000e-01  -8.5770000e-01  -4.5471000e+00  -4.7623000e+00
   2.9663000e+00   2.6124000e+00   2.2119000e+00   9.1470000e-01  -3.6459000e+00  -4.7326000e+00
   3.0718000e+00   3.6063000e+00   2.7536000e+00   2.2092000e+00  -4.1140000e+00  -4.5031000e+00
   2.0189000e+00   2.6681000e+00   2.2530000e+00   2.7233000e+00  -4.5846000e+00  -3.5514000e+00
   1.5737000e+00   1.7483000e+00   1.4890000e+00   1.6651000e+00  -4.8836000e+00  -4.3469000e+00
  -2.3700000e-02   4.0430000e-01   2.9000000e-03  -9.0800000e-02  -2.9555000e+00  -3.7220000e+00
  -3.4300000e-01  -4.9530000e-01  -4.6080000e-01  -4.2850000e-01  -4.1239000e+00  -5.2392000e+00
  -6.0120000e-01  -1.2340000e-01  -5.8090000e-01  -5.4920000e-01  -4.4254000e+00  -5.1556000e+00
  -2.0093000e+00  -9.1470000e-01  -1.6686000e+00  -1.5196000e+00  -4.1944000e+00  -4.3418000e+00
  -1.8437000e+00  -1.7719000e+00  -2.3113000e+00  -2.4915000e+00  -4.0275000e+00  -3.2963000e+00
  -7.0000000e-02   4.1240000e-01  -4.5590000e-01  -9.0330000e-01  -3.5901000e+00  -2.9857000e+00
  -1.0902000e+00  -6.6340000e-01  -1.0828000e+00  -1.0296000e+00  -2.5479000e+00  -2.6101000e+00
  -1.1890000e+00  -1.2579000e+00  -1.6543000e+00  -1.6945000e+00  -2.1079000e+00  -2.6308000e+00
   1.0754000e+00   1.0693000e+00  -1.3640000e-01  -8.8470000e-01  -2.3288000e+00  -1.8055000e+00
  -6.0980000e-01  -5.8140000e-01  -4.5010000e-01  -2.3000000e-01  -2.5979000e+00  -8.3620000e-01
  -1.1050000e+00  -1.0102000e+00  -1.0542000e+00  -1.0747000e+00  -3.9448000e+00  -2.6045000e+00
  -1.6972000e+00  -1.2918000e+00  -1.4838000e+00  -1.3952000e+00  -3.3438000e+00  -3.3740000e+00
  -2.1547000e+00  -1.7558000e+00  -1.8838000e+00  -1.7546000e+00  -4.7626000e+00  -3.5141000e+00
  -2.4332000e+00  -1.9870000e+00  -2.2601000e+00  -2.2307000e+00  -5.4868000e+00  -5.4103000e+00
  -3.5823000e+00  -2.9634000e+00  -3.1437000e+00  -2.8911000e+00  -4.8323000e+00  -4.8798000e+00
  -2.9479000e+00  -3.1395000e+00  -3.6787000e+00  -4.0206000e+00  -6.3069000e+00  -4.5887000e+00
  -1.6243000e+00  -1.1234000e+00  -2.1134000e+00  -2.8496000e+00  -7.5332000e+00  -5.3720000e+00
  -3.2870000e+00  -2.2993000e+00  -1.9698000e+00  -1.2649000e+00  -7.5189000e+00  -5.9806000e+00
  -4.4103000e+00  -3.8512000e+00  -3.6892000e+00  -3.3024000e+00  -7.8936000e+00  -5.7728000e+00
  -4.5268000e+00  -4.5554000e+00  -4.4234000e+00  -4.3001000e+00  -7.8951000e+00  -6.3906000e+00
  -4.1440000e+00  -4.1967000e+00  -4.1657000e+00  -4.2534000e+00  -8.0387000e+00  -6.5565000e+00
  -3.9632000e+00  -3.8926000e+00  -4.1285000e+00  -4.2897000e+00  -6.6314000e+00  -7.1855000e+00
  -3.5565000e+00  -3.1484000e+00  -4.1506000e+00  -4.6976000e+00  -5.4734000e+00  -5.4525000e+00
  -2.5624000e+00  -2.2857000e+00  -4.2605000e+00  -5.1429000e+00  -5.1724000e+00  -4.1324000e+00
   9.1000000e-03   1.7274000e+00  -6.0700000e-02  -1.8482000e+00  -5.1223000e+00  -4.4692000e+00
  -3.6774000e+00  -3.6633000e+00  -2.6659000e+00  -9.8270000e-01  -4.3610000e+00  -4.2796000e+00
  -3.5446000e+00  -3.5102000e+00  -3.2691000e+00  -3.1187000e+00  -4.3362000e+00  -3.7633000e+00
  -5.0810000e+00  -4.6120000e+00  -4.4755000e+00  -4.4775000e+00  -4.4019000e+00  -3.7053000e+00
  -4.7323000e+00  -5.2187000e+00  -5.4123000e+00  -5.7306000e+00  -4.0480000e+00  -3.8313000e+00
  -3.4437000e+00  -3.2330000e+00  -4.0599000e+00  -4.5886000e+00  -3.7498000e+00  -3.5710000e+00
   5.0840000e-01   1.2207000e+00   2.4090000e-01  -2.0677000e+00  -3.7578000e+00  -3.7004000e+00
  -4.6295000e+00  -4.2805000e+00  -3.5007000e+00  -1.9456000e+00  -4.0791000e+00  -3.9107000e+00
   1.3365000e+00  -5.0890000e-01  -1.1369000e+00  -4.6260000e+00  -3.8050000e+00  -3.8064000e+00
  -2.0489000e+00  -2.1971000e+00  -2.4230000e+00  -2.9304000e+00  -3.2639000e+00  -3.9037000e+00
  -3.3188000e+00  -3.7846000e+00  -3.2371000e+00  -3.2975000e+00  -4.6620000e+00  -2.9411000e+00
  -4.2177000e+00  -4.9383000e+00  -4.6391000e+00  -4.9333000e+00  -5.9249000e+00  -2.1973000e+00
  -6.3627000e+00  -6.7778000e+00  -6.1261000e+00  -5.7822000e+00  -5.0389000e+00  -6.8590000e-01
  -6.4028000e+00  -6.6885000e+00  -6.3347000e+00  -6.2900000e+00  -3.7445000e+00   5.7750000e-01
  -7.3381000e+00  -7.7955000e+00  -7.3488000e+00  -7.2377000e+00  -2.9986000e+00   1.3445000e+00
  -9.1607000e+00  -9.0303000e+00  -9.7426000e+00  -1.0011400e+01  -1.6195000e+00   1.8927000e+00
  -1.1018100e+01  -1.1292300e+01  -1.0303900e+01  -9.9288000e+00  -6.2470000e-01   1.5530000e+00
  -1.0756000e+01  -1.0559300e+01  -1.0076300e+01  -9.7198000e+00  -5.8350000e-01   9.2740000e-01
  -1.0137500e+01  -1.0402700e+01  -1.0137000e+01  -1.0149700e+01  -1.5600000e-01   4.9570000e-01
  -1.1871600e+01  -1.1894700e+01  -1.2147900e+01  -1.2429500e+01   2.3340000e-01  -7.3170000e-01
  -1.2585300e+01  -1.2626000e+01  -1.2116500e+01  -1.2271000e+01  -2.2440000e-01  -2.2384000e+00
  -1.2540700e+01  -1.2930200e+01  -1.2127200e+01  -1.1862300e+01  -1.4605000e+00  -3.7567000e+00
  -1.1764200e+01  -1.1396000e+01  -1.1697000e+01  -1.1731200e+01  -2.6393000e+00  -3.3155000e+00
  -1.1867200e+01  -1.3455000e+01  -1.2467000e+01  -1.2759000e+01  -3.9251000e+00  -3.5067000e+00
  -1.2087200e+01  -1.2290100e+01  -1.1849400e+01  -1.1882500e+01  -4.5211000e+00  -3.8421000e+00
  -1.2701100e+01  -1.2830300e+01  -1.1864000e+01  -1.1589900e+01  -4.9112000e+00  -4.1309000e+00
  -1.2362900e+01  -1.2318500e+01  -1.2035000e+01  -1.1930700e+01  -8.5923000e+00  -5.5176000e+00
  -1.1304200e+01  -1.1518800e+01  -1.0650700e+01  -1.0650800e+01  -9.0484000e+00  -5.5579000e+00
  -1.0282400e+01  -9.9448000e+00  -9.7077000e+00  -9.8420000e+00  -7.6251000e+00  -4.2548000e+00
  -1.0654800e+01  -1.2090500e+01  -1.1099300e+01  -1.1540500e+01  -6.0002000e+00  -4.1965000e+00
  -9.8351000e+00  -1.0954300e+01  -9.6032000e+00  -9.8118000e+00  -6.1894000e+00  -2.7007000e+00
  -6.0434000e+00  -8.9693000e+00  -6.7283000e+00  -7.3749000e+00  -6.5638000e+00   1.8850000e-01
  -4.6071000e+00  -8.0058000e+00  -6.1803000e+00  -7.1331000e+00  -6.1787000e+00  -2.8129000e+00
  -3.2617000e+00  -4.7280000e+00  -3.6766000e+00  -3.8172000e+00  -5.5717000e+00  -4.2729000e+00
  -3.2306000e+00  -4.4392000e+00  -3.6400000e+00  -3.8382000e+00  -4.4805000e+00  -3.0796000e+00
  -2.8527000e+00  -4.1992000e+00  -3.2743000e+00  -3.7866000e+00  -5.1804000e+00  -1.8119000e+00
  -3.4070000e+00  -3.7839000e+00  -3.5409000e+00  -3.6324000e+00  -4.6167000e+00  -2.1617000e+00
  -2.9208000e+00  -5.2446000e+00  -4.5998000e+00  -5.6852000e+00  -3.9454000e+00  -5.2055000e+00
  -3.3518000e+00  -3.6404000e+00  -3.5866000e+00  -3.9370000e+00  -3.4534000e+00  -5.9828000e+00
  -2.2600000e+00  -4.0726000e+00  -3.4653000e+00  -3.8879000e+00  -2.7870000e+00  -5.6527000e+00
  -3.1355000e+00  -4.7433000e+00  -3.3458000e+00  -3.3825000e+00  -2.1239000e+00  -4.3792000e+00
  -3.9362000e+00  -2.0808000e+00  -1.0374000e+00   1.0145000e+00  -2.1376000e+00  -2.9728000e+00
  -3.1817000e+00  -3.5194000e+00  -3.5656000e+00  -3.4675000e+00  -2.1468000e+00  -2.4164000e+00
  -3.8065000e+00  -4.1573000e+00  -2.2151000e+00  -1.9157000e+00  -1.6477000e+00  -1.1080000e+00
   1.0619000e+00   4.6750000e-01   1.4403000e+00   2.4092000e+00  -6.6990000e-01  -2.4750000e-01
   8.2300000e-02   1.4011000e+00   5.5200000e-01   1.1494000e+00  -2.9550000e-01   3.7590000e-01
  -1.5775000e+00  -1.5032000e+00  -1.6757000e+00  -1.7331000e+00  -3.2200000e-01   6.0550000e-01
  -1.5543000e+00  -1.1674000e+00  -1.1382000e+00  -9.8740000e-01  -8.9300000e-02   1.0492000e+00
  -8.2120000e-01  -2.4360000e-01  -3.9100000e-01  -2.0560000e-01  -5.2600000e-02   1.3469000e+00
  -4.6550000e-01  -8.1100000e-02  -1.1420000e-01   4.7700000e-02  -1.1650000e-01   1.5286000e+00
   1.7045000e+00  -2.3800000e-02   1.3771000e+00   1.1416000e+00  -1.5250000e-01   1.9228000e+00
   3.7367000e+00   3.0730000e+00   3.3426000e+00   3.0816000e+00   2.8970000e-01   2.4825000e+00
   3.9367000e+00   3.9118000e+00   3.5015000e+00   3.1612000e+00   5.4600000e-01   2.6234000e+00
   3.4879000e+00   3.1853000e+00   3.3599000e+00   3.2737000e+00   4.2600000e-01   2.3267000e+00
   4.6354000e+00   4.0815000e+00   4.1991000e+00   3.9514000e+00   1.8980000e-01   1.6596000e+00
   4.8932000e+00   4.8537000e+00   4.8082000e+00   4.7444000e+00   2.2990000e-01   9.6970000e-01
   5.0974000e+00   4.7363000e+00   4.8782000e+00   4.7043000e+00  -1.2180000e-01   4.3820000e-01
   6.2213000e+00   6.1180000e+00   5.8677000e+00   5.6705000e+00  -5.0560000e-01   2.6710000e-01
   7.0798000e+00   6.9456000e+00   6.6817000e+00   6.4456000e+00  -1.0059000e+00  -4.2300000e-02
   7.8642000e+00   7.5811000e+00   7.4739000e+00   7.2469000e+00  -1.2566000e+00  -4.0480000e-01
   8.3059000e+00   8.3161000e+00   8.0112000e+00   7.8764000e+00  -1.4503000e+00  -5.5640000e-01
   9.0074000e+00   8.9171000e+00   9.0035000e+00   9.0193000e+00  -1.7113000e+00  -8.5270000e-01
   9.2446000e+00   9.4266000e+00   9.4004000e+00   9.5434000e+00  -1.9206000e+00  -1.1580000e+00
   9.6855000e+00   9.7693000e+00   9.7674000e+00   9.8637000e+00  -1.9343000e+00  -1.4585000e+00
   1.0929000e+01   1.0736100e+01   1.0704200e+01   1.0644200e+01  -2.1096000e+00  -1.3729000e+00
   1.3221900e+01   1.2797900e+01   1.2671700e+01   1.2423500e+01  -2.1437000e+00  -6.2710000e-01
   1.5825400e+01   1.5850000e+01   1.5510600e+01   1.5424600e+01  -2.0485000e+00   1.0236000e+00
   1.5915900e+01   1.6272300e+01   1.5762700e+01   1.5865100e+01  -1.9073000e+00   1.4574000e+00
   1.5265400e+01   1.5693700e+01   1.5220500e+01   1.5420100e+01  -1.5180000e+00   1.7161000e+00
   1.5082400e+01   1.5432100e+01   1.4590100e+01   1.4539500e+01  -1.3616000e+00   6.1910000e-01
   1.4434400e+01   1.5323300e+01   1.4251100e+01   1.4162300e+01  -1.0400000e+00  -1.1700000e-02
   1.1857600e+01   1.2895000e+01   1.2446200e+01   1.2686000e+01  -9.2910000e-01   1.1340000e+00
   9.0258000e+00   9.8102000e+00   9.8621000e+00   1.0379300e+01  -8.9570000e-01   1.4189000e+00
   7.4223000e+00   7.7290000e+00   8.1889000e+00   8.7024000e+00  -8.0430000e-01   1.8330000e+00
   6.7171000e+00   7.0032000e+00   6.9657000e+00   7.0748000e+00  -3.8750000e-01   2.1182000e+00
   5.0356000e+00   5.5971000e+00   5.4751000e+00   5.6361000e+00  -6.7800000e-02   2.3312000e+00
   4.6949000e+00   4.9241000e+00   4.8456000e+00   4.7913000e+00  -1.5080000e-01   2.7204000e+00
   3.9606000e+00   4.3223000e+00   4.2714000e+00   4.3976000e+00  -3.7570000e-01   2.4692000e+00
   3.8820000e+00   3.6335000e+00   3.9625000e+00   3.9611000e+00  -6.9790000e-01   1.6025000e+00
   3.9914000e+00   3.9148000e+00   4.0612000e+00   4.1042000e+00  -7.2860000e-01   4.0170000e-01
   2.9824000e+00   3.2516000e+00   2.8220000e+00   2.5415000e+00  -1.1930000e-01  -8.5400000e-02
   3.2944000e+00   2.3135000e+00   2.9137000e+00   2.6027000e+00  -2.4640000e-01  -2.7600000e-02
   5.6430000e+00   4.5359000e+00   5.0207000e+00   4.7580000e+00  -5.0070000e-01   3.0890000e-01
   7.2643000e+00   6.7801000e+00   6.7446000e+00   6.6061000e+00  -6.7920000e-01   5.0770000e-01
   8.2509000e+00   7.8884000e+00   7.8035000e+00   7.6239000e+00  -1.7349000e+00   1.3227000e+00
   8.6873000e+00   8.6304000e+00   8.4074000e+00   8.2931000e+00  -2.0276000e+00   1.3467000e+00
   8.5307000e+00   8.5378000e+00   8.3387000e+00   8.2979000e+00  -1.5394000e+00   1.1974000e+00
   7.9431000e+00   7.7631000e+00   7.9515000e+00   8.0508000e+00  -1.2931000e+00   1.4216000e+00
   8.2996000e+00   7.9862000e+00   8.2781000e+00   8.3509000e+00  -7.8150000e-01   1.6810000e+00
   7.3082000e+00   6.6403000e+00   7.4406000e+00   7.6494000e+00  -4.4580000e-01   1.9499000e+00
   1.0890800e+01   1.0552200e+01   1.0019000e+01   9.5695000e+00  -2.4690000e-01   2.2710000e+00
   9.6225000e+00   9.5589000e+00   1.0025600e+01   1.0415500e+01  -1.4020000e-01   2.5112000e+00
   8.6472000e+00   8.8476000e+00   8.6120000e+00   8.8148000e+00  -2.3920000e-01   2.6340000e+00
   7.7952000e+00   7.4657000e+00   7.9319000e+00   8.1286000e+00  -1.0600000e-01   2.7965000e+00
   8.2432000e+00   7.8805000e+00   7.8359000e+00   7.5906000e+00   1.5030000e-01   2.8098000e+00
   7.6073000e+00   7.8962000e+00   7.7412000e+00   7.9412000e+00   5.3830000e-01   2.8506000e+00
   7.0663000e+00   7.3380000e+00   7.4621000e+00   7.8134000e+00   9.1760000e-01   2.8363000e+00
   6.8598000e+00   6.8606000e+00   6.7829000e+00   6.9160000e+00   1.0723000e+00   2.5676000e+00
   6.8767000e+00   6.9985000e+00   6.6853000e+00   6.6481000e+00   1.2565000e+00   2.6766000e+00
   6.3693000e+00   6.6130000e+00   6.3041000e+00   6.3184000e+00   1.5884000e+00   1.7630000e+00
   6.0064000e+00   6.0576000e+00   5.8170000e+00   5.7172000e+00   1.9748000e+00   2.8596000e+00
   5.8735000e+00   5.5942000e+00   5.5244000e+00   5.2696000e+00   2.0496000e+00   2.1657000e+00
   5.8543000e+00   5.3098000e+00   5.4734000e+00   5.1884000e+00   1.5011000e+00   3.3753000e+00
   5.6663000e+00   4.5897000e+00   5.0879000e+00   4.7713000e+00   2.2823000e+00   4.7671000e+00
   5.6138000e+00   2.1448000e+00   4.3340000e+00   3.2955000e+00   8.9800000e-01   5.8030000e+00
   4.4981000e+00  -6.9480000e-01   1.7199000e+00  -7.7700000e-02   3.2762000e+00   5.8336000e+00
   1.2561000e+00  -1.7632000e+00  -6.2780000e-01  -6.6040000e-01   4.8314000e+00   5.5613000e+00
  -1.2656000e+00  -2.7875000e+00  -1.5014000e+00  -1.6977000e+00   6.3185000e+00   6.0079000e+00
  -2.7129000e+00  -2.8465000e+00  -2.2461000e+00  -2.1707000e+00   6.6423000e+00   6.7007000e+00
  -2.9121000e+00  -3.3372000e+00  -2.5880000e+00  -2.6764000e+00   7.0215000e+00   6.7583000e+00
  -3.5026000e+00  -3.9398000e+00  -3.3168000e+00  -3.4933000e+00   6.2521000e+00   6.1397000e+00
  -4.0346000e+00  -4.5105000e+00  -3.9963000e+00  -4.1503000e+00   5.0020000e+00   5.9826000e+00
  -4.7208000e+00  -5.1295000e+00  -4.5272000e+00  -4.5352000e+00   4.7495000e+00   6.4167000e+00
  -4.8706000e+00  -5.1988000e+00  -4.8591000e+00  -4.9128000e+00   6.2342000e+00   6.9193000e+00
  -5.5324000e+00  -5.5815000e+00  -5.2941000e+00  -5.3436000e+00   7.5712000e+00   7.0371000e+00
  -6.0116000e+00  -6.0710000e+00  -6.2723000e+00  -6.4255000e+00   7.7752000e+00   6.8773000e+00
  -6.8724000e+00  -6.8703000e+00  -6.9722000e+00  -7.2125000e+00   7.4202000e+00   6.4892000e+00
  -7.3566000e+00  -7.3370000e+00  -7.4130000e+00  -7.5028000e+00   6.9498000e+00   6.0011000e+00
  -7.3812000e+00  -7.4752000e+00  -7.3819000e+00  -7.4262000e+00   6.4723000e+00   4.5819000e+00
  -7.2765000e+00  -7.4138000e+00  -7.5270000e+00  -7.6529000e+00   6.4432000e+00   3.2729000e+00
  -7.8668000e+00  -8.0801000e+00  -7.9558000e+00  -7.9845000e+00   6.6773000e+00   2.3148000e+00
  -8.0644000e+00  -8.3424000e+00  -8.4765000e+00  -8.7383000e+00   6.1080000e+00   1.8481000e+00
  -7.4868000e+00  -7.9045000e+00  -7.9812000e+00  -8.2016000e+00   5.3790000e+00   1.5409000e+00
  -6.2251000e+00  -6.7380000e+00  -6.8156000e+00  -7.2334000e+00   4.7311000e+00   1.5754000e+00
  -6.4583000e+00  -6.8016000e+00  -6.4953000e+00  -6.6423000e+00   3.0813000e+00  -2.2280000e-01
  -5.9969000e+00  -6.1581000e+00  -6.7315000e+00  -7.2430000e+00   1.6913000e+00  -4.7885000e+00
  -6.2955000e+00  -6.4812000e+00  -6.3834000e+00  -6.5707000e+00   6.3530000e-01  -5.8883000e+00
  -6.3674000e+00  -6.5872000e+00  -5.7144000e+00  -5.9678000e+00   4.9690000e-01  -4.4921000e+00
  -6.3765000e+00  -6.2539000e+00  -5.5855000e+00  -5.3283000e+00  -1.9248000e+00  -5.1769000e+00
  -5.6039000e+00  -5.3534000e+00  -5.1223000e+00  -5.0319000e+00  -3.5011000e+00  -6.3978000e+00
  -4.7784000e+00  -4.9316000e+00  -4.7581000e+00  -4.9124000e+00  -3.5015000e+00  -5.3106000e+00
  -4.5224000e+00  -4.6699000e+00  -4.4295000e+00  -4.4701000e+00  -3.2324000e+00  -3.8112000e+00
  -4.6786000e+00  -4.9701000e+00  -4.7145000e+00  -4.8184000e+00  -3.7333000e+00  -3.2334000e+00
  -4.2871000e+00  -4.8966000e+00  -4.1208000e+00  -4.1392000e+00  -4.1705000e+00  -3.0695000e+00
  -3.8703000e+00  -4.5747000e+00  -3.7234000e+00  -3.6825000e+00  -4.0763000e+00  -4.0388000e+00
  -2.9894000e+00  -3.4776000e+00  -2.8872000e+00  -2.8433000e+00  -4.3662000e+00  -6.1243000e+00
  -1.8451000e+00  -2.2090000e+00  -1.8229000e+00  -1.7682000e+00  -5.6435000e+00  -6.7544000e+00
  -1.8459000e+00  -2.2331000e+00  -1.5954000e+00  -1.4954000e+00  -6.3017000e+00  -6.6551000e+00
  -5.8890000e-01  -1.6545000e+00  -8.3780000e-01  -9.3570000e-01  -6.3182000e+00  -6.3749000e+00
  -2.5670000e-01  -3.4700000e-02  -3.2170000e-01  -2.7690000e-01  -6.3680000e+00  -6.2118000e+00
  -2.1397000e+00  -1.6369000e+00  -1.8801000e+00  -1.6057000e+00  -6.4836000e+00  -6.8969000e+00
  -2.5335000e+00  -2.4566000e+00  -2.3305000e+00  -2.4100000e+00  -6.4748000e+00  -7.3551000e+00
  -2.2300000e+00  -2.0936000e+00  -2.0095000e+00  -1.7256000e+00  -7.1187000e+00  -7.3142000e+00
  -1.9143000e+00  -2.0428000e+00  -1.7940000e+00  -1.6242000e+00  -7.3516000e+00  -7.1333000e+00
  -1.6194000e+00  -1.3327000e+00  -1.3478000e+00  -1.0786000e+00  -7.4098000e+00  -7.3895000e+00
  -1.0953000e+00  -9.6470000e-01  -1.0561000e+00  -8.9290000e-01  -7.2849000e+00  -7.6281000e+00
  -5.0480000e-01  -7.1730000e-01  -8.5010000e-01  -1.0178000e+00  -7.1165000e+00  -7.2693000e+00
  -8.2110000e-01  -1.0821000e+00  -1.2578000e+00  -1.6022000e+00  -6.6304000e+00  -7.1131000e+00
  -2.3660000e+00  -2.6935000e+00  -2.7727000e+00  -2.8900000e+00  -6.3609000e+00  -7.1126000e+00
  -4.3870000e+00  -4.2975000e+00  -4.1671000e+00  -3.8264000e+00  -6.4691000e+00  -6.7259000e+00
