   7.5049000e+02   7.5284000e+02   7.5247000e+02   7.5513000e+02   6.3487000e+02   6.4003000e+02
   7.4114000e+02   7.4135000e+02   7.4265000e+02   7.4297000e+02   6.3892000e+02   6.4904000e+02
   8.0688000e+02   8.0771000e+02   8.0810000e+02   8.0977000e+02   6.3869000e+02   6.4544000e+02
   7.5550000e+02   7.5766000e+02   7.5842000e+02   7.5915000e+02   6.6564000e+02   6.6892000e+02
   7.9464000e+02   7.9704000e+02   7.9787000e+02   8.0074000e+02   6.8890000e+02   6.9366000e+02
   8.0122000e+02   8.0253000e+02   8.0268000e+02   8.0369000e+02   6.9175000e+02   6.9249000e+02
   7.6240000e+02   7.6375000e+02   7.6480000e+02   7.6698000e+02   6.7435000e+02   6.8275000e+02
   7.7168000e+02   7.7246000e+02   7.7270000e+02   7.7354000e+02   6.8004000e+02   6.8551000e+02
   7.4976000e+02   7.5092000e+02   7.5050000e+02   7.5186000e+02   6.6354000e+02   6.6567000e+02
   7.7593000e+02   7.7664000e+02   7.7699000e+02   7.7723000e+02   6.9384000e+02   6.9763000e+02
   7.7522000e+02   7.7597000e+02   7.7567000e+02   7.7714000e+02   7.0064000e+02   7.0436000e+02
   7.8428000e+02   7.8523000e+02   7.8575000e+02   7.8652000e+02   7.0594000e+02   7.1014000e+02
   7.8515000e+02   7.8572000e+02   7.8693000e+02   7.8694000e+02   7.0934000e+02   7.1072000e+02
   7.6361000e+02   7.6478000e+02   7.6454000e+02   7.6613000e+02   6.9052000e+02   6.9439000e+02
   7.6800000e+02   7.6971000e+02   7.7031000e+02   7.6995000e+02   6.8939000e+02   6.9366000e+02
   7.8966000e+02   7.9203000e+02   7.9157000e+02   7.9162000e+02   7.1788000e+02   7.1988000e+02
   7.9610000e+02   7.9907000e+02   7.9948000e+02   8.0103000e+02   7.2265000e+02   7.2383000e+02
   8.0084000e+02   8.0317000e+02   8.0366000e+02   8.0446000e+02   7.2817000e+02   7.3211000e+02
   7.8919000e+02   7.9245000e+02   7.9267000e+02   7.9333000e+02   7.2719000e+02   7.2769000e+02
   7.9156000e+02   7.9431000e+02   7.9421000e+02   7.9428000e+02   7.2184000e+02   7.2315000e+02
   7.8978000e+02   7.9372000e+02   7.9034000e+02   7.8991000e+02   7.1847000e+02   7.2101000e+02
   8.0550000e+02   8.1012000e+02   8.0795000e+02   8.1090000e+02   7.2204000e+02   7.2290000e+02
   8.2111000e+02   8.2679000e+02   8.2413000e+02   8.2614000e+02   7.3248000e+02   7.3347000e+02
   8.2259000e+02   8.2529000e+02   8.2353000e+02   8.2405000e+02   7.3036000e+02   7.3000000e+02
   8.2183000e+02   8.2746000e+02   8.2467000e+02   8.2886000e+02   7.2424000e+02   7.2428000e+02
   8.1803000e+02   8.2165000e+02   8.1878000e+02   8.2190000e+02   7.2054000e+02   7.2044000e+02
   8.0739000e+02   8.1300000e+02   8.0960000e+02   8.1408000e+02   7.1049000e+02   7.0980000e+02
   8.1438000e+02   8.1911000e+02   8.1590000e+02   8.1859000e+02   7.1384000e+02   7.1369000e+02
   8.1667000e+02   8.2119000e+02   8.1666000e+02   8.2186000e+02   7.1224000e+02   7.1414000e+02
   8.1557000e+02   8.1864000e+02   8.1432000e+02   8.1882000e+02   7.0803000e+02   7.0930000e+02
   8.0886000e+02   8.1354000e+02   8.1139000e+02   8.1539000e+02   7.0080000e+02   7.0303000e+02
   8.0354000e+02   8.0725000e+02   8.0383000e+02   8.0777000e+02   6.9296000e+02   6.9583000e+02
   8.0413000e+02   8.0776000e+02   8.0325000e+02   8.0782000e+02   6.8537000e+02   6.8797000e+02
   8.0115000e+02   8.0456000e+02   8.0103000e+02   8.0464000e+02   6.7970000e+02   6.8031000e+02
   8.0146000e+02   8.0562000e+02   8.0129000e+02   8.0566000e+02   6.7614000e+02   6.7735000e+02
   8.0309000e+02   8.0684000e+02   8.0342000e+02   8.0619000e+02   6.7306000e+02   6.7422000e+02
   7.9996000e+02   8.0358000e+02   8.0000000e+02   8.0428000e+02   6.6414000e+02   6.6430000e+02
   7.9573000e+02   8.0031000e+02   7.9675000e+02   8.0112000e+02   6.5446000e+02   6.5386000e+02
   7.8787000e+02   7.9326000e+02   7.9135000e+02   7.9518000e+02   6.4211000e+02   6.4100000e+02
   7.7065000e+02   7.7694000e+02   7.7309000e+02   7.7717000e+02   6.2009000e+02   6.1796000e+02
   7.5935000e+02   7.6494000e+02   7.6235000e+02   7.6587000e+02   5.9977000e+02   5.9940000e+02
   7.4894000e+02   7.5573000e+02   7.5182000e+02   7.5705000e+02   5.8205000e+02   5.8260000e+02
   7.3568000e+02   7.4437000e+02   7.3981000e+02   7.4491000e+02   5.6949000e+02   5.7046000e+02
   7.2718000e+02   7.3500000e+02   7.3081000e+02   7.3579000e+02   5.5658000e+02   5.5709000e+02
   7.2094000e+02   7.2667000e+02   7.2327000e+02   7.2749000e+02   5.3661000e+02   5.3867000e+02
   7.0676000e+02   7.1456000e+02   7.0948000e+02   7.1651000e+02   5.1753000e+02   5.2089000e+02
   6.9737000e+02   7.0265000e+02   6.9678000e+02   7.0298000e+02   4.9697000e+02   4.9831000e+02
   6.7978000e+02   6.8904000e+02   6.8347000e+02   6.8616000e+02   4.8317000e+02   4.8445000e+02
   6.7310000e+02   6.7550000e+02   6.7663000e+02   6.7881000e+02   4.6830000e+02   4.7166000e+02
   6.6957000e+02   6.7076000e+02   6.6971000e+02   6.7448000e+02   4.5745000e+02   4.5806000e+02
   6.6490000e+02   6.7084000e+02   6.6705000e+02   6.7209000e+02   4.4608000e+02   4.4658000e+02
   6.5739000e+02   6.6590000e+02   6.6070000e+02   6.6513000e+02   4.3111000e+02   4.3542000e+02
   6.4956000e+02   6.5337000e+02   6.5215000e+02   6.5529000e+02   4.1958000e+02   4.2401000e+02
   6.4768000e+02   6.5438000e+02   6.4675000e+02   6.4936000e+02   4.0667000e+02   4.1372000e+02
   6.4301000e+02   6.4844000e+02   6.4347000e+02   6.4535000e+02   3.9625000e+02   3.9961000e+02
   6.3897000e+02   6.4405000e+02   6.4193000e+02   6.4498000e+02   3.9222000e+02   3.9225000e+02
   6.3325000e+02   6.3976000e+02   6.3612000e+02   6.3968000e+02   3.8291000e+02   3.8594000e+02
   6.3885000e+02   6.4405000e+02   6.3900000e+02   6.4105000e+02   3.7777000e+02   3.7870000e+02
   6.2597000e+02   6.3499000e+02   6.3089000e+02   6.3267000e+02   3.6786000e+02   3.7009000e+02
   6.2503000e+02   6.3132000e+02   6.2887000e+02   6.3287000e+02   3.5433000e+02   3.5763000e+02
   6.2062000e+02   6.2754000e+02   6.2418000e+02   6.2749000e+02   3.5525000e+02   3.5270000e+02
   6.2778000e+02   6.3461000e+02   6.3037000e+02   6.3279000e+02   3.5144000e+02   3.5316000e+02
   6.2722000e+02   6.3765000e+02   6.3347000e+02   6.3742000e+02   3.5390000e+02   3.5769000e+02
   6.2689000e+02   6.3366000e+02   6.3386000e+02   6.3943000e+02   3.4200000e+02   3.5400000e+02
   6.1047000e+02   6.1744000e+02   6.1924000e+02   6.2430000e+02   3.5428000e+02   3.5015000e+02
   6.0316000e+02   6.1148000e+02   6.1023000e+02   6.1452000e+02   3.4438000e+02   3.4281000e+02
   6.0421000e+02   6.1074000e+02   6.0815000e+02   6.1164000e+02   3.4384000e+02   3.5182000e+02
   6.1400000e+02   6.1928000e+02   6.1721000e+02   6.1975000e+02   3.7088000e+02   3.5851000e+02
   6.2442000e+02   6.3093000e+02   6.2677000e+02   6.2995000e+02   3.6730000e+02   3.5963000e+02
   6.1765000e+02   6.2617000e+02   6.2075000e+02   6.2222000e+02   3.7953000e+02   3.7181000e+02
   6.1799000e+02   6.2306000e+02   6.2107000e+02   6.2349000e+02   3.7924000e+02   3.8165000e+02
   6.2318000e+02   6.2640000e+02   6.2384000e+02   6.2385000e+02   3.8885000e+02   3.9724000e+02
   6.0685000e+02   6.1002000e+02   6.0934000e+02   6.1117000e+02   3.9166000e+02   3.7830000e+02
   6.2213000e+02   6.2819000e+02   6.2579000e+02   6.2902000e+02   4.4821000e+02   4.0572000e+02
   6.2073000e+02   6.2516000e+02   6.2591000e+02   6.2837000e+02   4.7104000e+02   4.4770000e+02
   6.2147000e+02   6.2082000e+02   6.2323000e+02   6.2858000e+02   4.4831000e+02   4.5661000e+02
   6.2611000e+02   6.2930000e+02   6.2757000e+02   6.2932000e+02   4.5289000e+02   4.5157000e+02
   6.3800000e+02   6.4474000e+02   6.4268000e+02   6.4608000e+02   4.8328000e+02   4.4667000e+02
   6.4201000e+02   6.4654000e+02   6.4537000e+02   6.4918000e+02   4.7437000e+02   4.7608000e+02
   6.5169000e+02   6.5504000e+02   6.5238000e+02   6.5135000e+02   4.5463000e+02   4.5661000e+02
   6.6417000e+02   6.7214000e+02   6.7051000e+02   6.7699000e+02   4.9628000e+02   4.7307000e+02
   7.1686000e+02   7.1166000e+02   7.0778000e+02   7.0703000e+02   5.2271000e+02   4.9667000e+02
   7.1129000e+02   7.4944000e+02   7.3068000e+02   7.4757000e+02   5.1726000e+02   5.1191000e+02
   7.1450000e+02   7.3405000e+02   7.2390000e+02   7.3227000e+02   5.2806000e+02   5.1041000e+02
   7.0245000e+02   7.0111000e+02   6.9667000e+02   6.9136000e+02   5.4161000e+02   5.0329000e+02
   6.8464000e+02   6.9361000e+02   6.9532000e+02   7.0142000e+02   4.8439000e+02   4.9167000e+02
   6.8003000e+02   6.8519000e+02   6.8483000e+02   6.8508000e+02   4.8777000e+02   4.8702000e+02
   6.4009000e+02   6.5180000e+02   6.4688000e+02   6.5074000e+02   4.2625000e+02   4.3519000e+02
   5.8604000e+02   5.8898000e+02   5.9022000e+02   5.9427000e+02   3.9118000e+02   3.9713000e+02
   5.7697000e+02   5.7973000e+02   5.7701000e+02   5.7707000e+02   4.0102000e+02   3.9710000e+02
   5.6597000e+02   5.7195000e+02   5.6666000e+02   5.6800000e+02   3.6123000e+02   3.3691000e+02
   5.9213000e+02   5.9879000e+02   5.9405000e+02   5.9440000e+02   3.8652000e+02   3.5915000e+02
   5.8717000e+02   5.9944000e+02   5.9424000e+02   5.9906000e+02   3.7800000e+02   3.6296000e+02
   5.5130000e+02   5.5720000e+02   5.5323000e+02   5.5705000e+02   3.6150000e+02   3.6984000e+02
   5.0932000e+02   5.1738000e+02   5.1483000e+02   5.1967000e+02   3.6525000e+02   3.5236000e+02
   4.8469000e+02   5.0469000e+02   4.9712000e+02   5.0432000e+02   3.4424000e+02   3.4883000e+02
   4.8835000e+02   4.9103000e+02   4.8996000e+02   4.8995000e+02   3.3573000e+02   3.5204000e+02
   5.1476000e+02   5.1090000e+02   5.1541000e+02   5.1384000e+02   3.3379000e+02   3.2627000e+02
   5.2942000e+02   5.4379000e+02   5.3399000e+02   5.3747000e+02   3.5580000e+02   3.3247000e+02
   5.2258000e+02   5.3189000e+02   5.2867000e+02   5.3553000e+02   3.3467000e+02   3.0364000e+02
   5.0274000e+02   5.1057000e+02   5.0501000e+02   5.0922000e+02   3.2029000e+02   3.2699000e+02
   4.9809000e+02   5.0023000e+02   4.9816000e+02   4.9984000e+02   2.9753000e+02   2.6508000e+02
   5.0443000e+02   5.0925000e+02   5.0166000e+02   5.0066000e+02   3.1033000e+02   2.5821000e+02
   5.0853000e+02   5.1286000e+02   5.0526000e+02   5.0436000e+02   2.9306000e+02   2.8640000e+02
   4.8498000e+02   4.8789000e+02   4.9096000e+02   4.9555000e+02   3.0078000e+02   3.1974000e+02
   5.0894000e+02   5.0390000e+02   5.0346000e+02   5.0368000e+02   3.2581000e+02   3.0071000e+02
   5.1205000e+02   5.1892000e+02   5.0851000e+02   5.0593000e+02   2.9262000e+02   2.6701000e+02
   5.2264000e+02   5.2466000e+02   5.2186000e+02   5.2315000e+02   2.7282000e+02   2.6054000e+02
   4.7974000e+02   5.0476000e+02   5.0300000e+02   5.1188000e+02   2.8466000e+02   2.6896000e+02
   5.0832000e+02   5.0813000e+02   5.0535000e+02   4.9925000e+02   3.3247000e+02   2.9398000e+02
   4.9301000e+02   5.1325000e+02   5.0463000e+02   5.0816000e+02   3.2266000e+02   2.9767000e+02
   5.4268000e+02   5.3584000e+02   5.3635000e+02   5.3333000e+02   3.6010000e+02   3.6519000e+02
   5.6648000e+02   5.7334000e+02   5.6835000e+02   5.7175000e+02   3.7877000e+02   3.8072000e+02
   5.5768000e+02   5.6710000e+02   5.5988000e+02   5.6464000e+02   4.1634000e+02   3.9383000e+02
   5.7960000e+02   5.8535000e+02   5.7710000e+02   5.7637000e+02   4.4816000e+02   4.1327000e+02
   5.7689000e+02   5.8291000e+02   5.7376000e+02   5.7398000e+02   4.4228000e+02   3.9452000e+02
   5.8042000e+02   5.8457000e+02   5.8034000e+02   5.8036000e+02   4.4348000e+02   4.1425000e+02
   5.9609000e+02   5.9911000e+02   5.9896000e+02   6.0340000e+02   4.6497000e+02   4.4195000e+02
   6.1795000e+02   6.1655000e+02   6.1644000e+02   6.1497000e+02   4.8279000e+02   4.6675000e+02
   6.2347000e+02   6.2496000e+02   6.2178000e+02   6.2498000e+02   5.0340000e+02   4.6851000e+02
   6.1476000e+02   6.1499000e+02   6.1705000e+02   6.2036000e+02   5.2362000e+02   4.9248000e+02
   6.2449000e+02   6.2884000e+02   6.2459000e+02   6.2616000e+02   5.3563000e+02   5.1534000e+02
   6.2477000e+02   6.3276000e+02   6.2170000e+02   6.2078000e+02   5.4637000e+02   5.2803000e+02
   6.2720000e+02   6.3349000e+02   6.2654000e+02   6.2640000e+02   5.5236000e+02   5.3488000e+02
   6.3381000e+02   6.2968000e+02   6.3139000e+02   6.3092000e+02   5.7155000e+02   5.5889000e+02
   6.3305000e+02   6.3835000e+02   6.3133000e+02   6.3111000e+02   6.0388000e+02   5.6968000e+02
   6.3801000e+02   6.3846000e+02   6.3071000e+02   6.2728000e+02   6.1422000e+02   5.8990000e+02
   6.6521000e+02   6.6364000e+02   6.5848000e+02   6.5765000e+02   6.1485000e+02   6.0030000e+02
   6.6326000e+02   6.6380000e+02   6.5921000e+02   6.5799000e+02   6.3058000e+02   6.1259000e+02
   6.7390000e+02   6.7836000e+02   6.7470000e+02   6.7588000e+02   6.3363000e+02   6.1736000e+02
   6.8798000e+02   6.8816000e+02   6.8313000e+02   6.8253000e+02   6.4021000e+02   6.3064000e+02
   7.1407000e+02   7.1408000e+02   7.0952000e+02   7.0668000e+02   6.5618000e+02   6.4585000e+02
   7.2133000e+02   7.2072000e+02   7.2197000e+02   7.2480000e+02   6.7041000e+02   6.5940000e+02
   7.3797000e+02   7.3259000e+02   7.2793000e+02   7.2148000e+02   6.8079000e+02   6.7050000e+02
   7.4886000e+02   7.4648000e+02   7.4538000e+02   7.4303000e+02   6.8611000e+02   6.7704000e+02
   7.5225000e+02   7.4903000e+02   7.4633000e+02   7.4453000e+02   6.7631000e+02   6.6431000e+02
   7.5124000e+02   7.4888000e+02   7.4718000e+02   7.4673000e+02   6.7436000e+02   6.5901000e+02
   7.6070000e+02   7.5813000e+02   7.5659000e+02   7.5627000e+02   6.7874000e+02   6.6226000e+02
   7.6634000e+02   7.6625000e+02   7.6202000e+02   7.6124000e+02   6.8622000e+02   6.7008000e+02
   7.6960000e+02   7.7036000e+02   7.6788000e+02   7.6753000e+02   6.9931000e+02   6.8327000e+02
   7.6821000e+02   7.6811000e+02   7.6510000e+02   7.6468000e+02   7.0253000e+02   6.8454000e+02
   7.6564000e+02   7.6328000e+02   7.6168000e+02   7.5997000e+02   6.9971000e+02   6.7974000e+02
   7.5722000e+02   7.5700000e+02   7.5332000e+02   7.5183000e+02   6.9408000e+02   6.7556000e+02
   7.5651000e+02   7.5642000e+02   7.5124000e+02   7.5126000e+02   6.8596000e+02   6.6914000e+02
   7.5915000e+02   7.5942000e+02   7.5477000e+02   7.5427000e+02   6.9059000e+02   6.7431000e+02
   7.5261000e+02   7.5392000e+02   7.5046000e+02   7.4927000e+02   6.9079000e+02   6.8030000e+02
   7.5585000e+02   7.5738000e+02   7.5305000e+02   7.5218000e+02   6.8557000e+02   6.7688000e+02
   7.5303000e+02   7.5269000e+02   7.4986000e+02   7.4862000e+02   6.8036000e+02   6.6731000e+02
   7.4136000e+02   7.4126000e+02   7.3855000e+02   7.3714000e+02   6.7815000e+02   6.6711000e+02
   7.4325000e+02   7.4443000e+02   7.4012000e+02   7.3999000e+02   6.7571000e+02   6.6606000e+02
   7.4515000e+02   7.4823000e+02   7.4397000e+02   7.4453000e+02   6.7375000e+02   6.6672000e+02
   7.3652000e+02   7.3765000e+02   7.3422000e+02   7.3340000e+02   6.7108000e+02   6.6899000e+02
   7.3626000e+02   7.3743000e+02   7.3383000e+02   7.3258000e+02   6.6989000e+02   6.6368000e+02
   7.4125000e+02   7.4099000e+02   7.3847000e+02   7.3746000e+02   6.7304000e+02   6.6686000e+02
   7.3550000e+02   7.3541000e+02   7.3323000e+02   7.3124000e+02   6.5103000e+02   6.3979000e+02
   7.2517000e+02   7.2297000e+02   7.2079000e+02   7.1750000e+02   6.4869000e+02   6.4002000e+02
   7.0549000e+02   7.0800000e+02   7.0329000e+02   7.0214000e+02   6.4462000e+02   6.3573000e+02
   7.1093000e+02   7.0863000e+02   7.0627000e+02   7.0377000e+02   6.4734000e+02   6.3379000e+02
   6.9923000e+02   7.0038000e+02   6.9666000e+02   6.9518000e+02   6.3721000e+02   6.3522000e+02
   7.1046000e+02   7.0893000e+02   7.0676000e+02   7.0455000e+02   6.5237000e+02   6.4045000e+02
   7.3363000e+02   7.3236000e+02   7.3073000e+02   7.2890000e+02   6.8401000e+02   6.7463000e+02
   7.3272000e+02   7.3353000e+02   7.3043000e+02   7.2963000e+02   7.0596000e+02   6.9214000e+02
   7.2667000e+02   7.2810000e+02   7.2499000e+02   7.2481000e+02   7.1141000e+02   7.0369000e+02
   7.3578000e+02   7.3464000e+02   7.3347000e+02   7.3166000e+02   7.0936000e+02   6.9862000e+02
   7.5285000e+02   7.5438000e+02   7.5254000e+02   7.5206000e+02   7.4809000e+02   7.4038000e+02
   7.7189000e+02   7.7068000e+02   7.7026000e+02   7.6787000e+02   7.7849000e+02   7.6670000e+02
   8.0861000e+02   8.0593000e+02   8.0655000e+02   8.0515000e+02   7.9560000e+02   7.8919000e+02
   8.1742000e+02   8.1223000e+02   8.1440000e+02   8.1282000e+02   8.1443000e+02   7.9201000e+02
   8.2554000e+02   8.2388000e+02   8.2266000e+02   8.2122000e+02   8.1084000e+02   8.0310000e+02
   8.3080000e+02   8.3292000e+02   8.3108000e+02   8.3311000e+02   8.4322000e+02   8.2978000e+02
   8.5879000e+02   8.6000000e+02   8.5682000e+02   8.5665000e+02   8.6494000e+02   8.5304000e+02
   8.4640000e+02   8.4507000e+02   8.4387000e+02   8.4133000e+02   8.6786000e+02   8.5779000e+02
   8.6812000e+02   8.6864000e+02   8.6634000e+02   8.6516000e+02   8.7150000e+02   8.6995000e+02
   8.7690000e+02   8.7214000e+02   8.7313000e+02   8.6924000e+02   9.0315000e+02   8.9914000e+02
   8.9436000e+02   8.9642000e+02   8.9295000e+02   8.9116000e+02   9.2815000e+02   9.1873000e+02
   9.0707000e+02   9.0416000e+02   9.0373000e+02   9.0207000e+02   9.4389000e+02   9.4190000e+02
   9.1648000e+02   9.1773000e+02   9.1327000e+02   9.1236000e+02   9.5317000e+02   9.5477000e+02
   9.1253000e+02   9.1334000e+02   9.1063000e+02   9.0902000e+02   9.7194000e+02   9.6588000e+02
   9.1282000e+02   9.1399000e+02   9.1249000e+02   9.1226000e+02   9.8542000e+02   9.7859000e+02
   9.2700000e+02   9.2734000e+02   9.2572000e+02   9.2463000e+02   9.8515000e+02   9.7901000e+02
   9.2614000e+02   9.2916000e+02   9.2620000e+02   9.2482000e+02   9.9181000e+02   9.8077000e+02
   9.3566000e+02   9.3718000e+02   9.3409000e+02   9.3278000e+02   9.9768000e+02   9.9516000e+02
   9.3725000e+02   9.4054000e+02   9.3747000e+02   9.3693000e+02   1.0169000e+03   9.9815000e+02
   9.0175000e+02   8.9915000e+02   8.9949000e+02   8.9836000e+02   9.6708000e+02   9.5884000e+02
   8.8608000e+02   8.8322000e+02   8.8447000e+02   8.8238000e+02   9.4303000e+02   9.3607000e+02
   8.6756000e+02   8.6697000e+02   8.6682000e+02   8.6587000e+02   9.3142000e+02   9.1766000e+02
   8.6968000e+02   8.6905000e+02   8.6917000e+02   8.6804000e+02   9.2735000e+02   9.2035000e+02
   8.8435000e+02   8.8525000e+02   8.8419000e+02   8.8436000e+02   9.3440000e+02   9.2056000e+02
   8.6988000e+02   8.7005000e+02   8.6972000e+02   8.6755000e+02   9.2141000e+02   9.0418000e+02
   8.5666000e+02   8.5849000e+02   8.5720000e+02   8.5585000e+02   9.0300000e+02   8.9293000e+02
   8.3549000e+02   8.3782000e+02   8.3584000e+02   8.3596000e+02   8.8031000e+02   8.6821000e+02
   8.2755000e+02   8.2599000e+02   8.2520000e+02   8.2385000e+02   8.5663000e+02   8.4963000e+02
   8.2888000e+02   8.2979000e+02   8.2797000e+02   8.2751000e+02   8.5693000e+02   8.4930000e+02
   8.1808000e+02   8.2131000e+02   8.1825000e+02   8.1809000e+02   8.4653000e+02   8.4073000e+02
   8.2103000e+02   8.2212000e+02   8.1896000e+02   8.1828000e+02   8.3863000e+02   8.3191000e+02
   8.3051000e+02   8.3334000e+02   8.3059000e+02   8.2970000e+02   8.4727000e+02   8.4455000e+02
   8.2890000e+02   8.3022000e+02   8.2853000e+02   8.2834000e+02   8.5234000e+02   8.4537000e+02
   8.2851000e+02   8.2769000e+02   8.2753000e+02   8.2624000e+02   8.3831000e+02   8.3004000e+02
   8.2583000e+02   8.2854000e+02   8.2619000e+02   8.2524000e+02   8.3360000e+02   8.2551000e+02
   8.2092000e+02   8.2450000e+02   8.2099000e+02   8.2107000e+02   8.3287000e+02   8.2744000e+02
   8.2357000e+02   8.2394000e+02   8.2318000e+02   8.2265000e+02   8.3844000e+02   8.3033000e+02
   8.1860000e+02   8.1971000e+02   8.1882000e+02   8.1742000e+02   8.4202000e+02   8.3306000e+02
   8.1888000e+02   8.2087000e+02   8.1856000e+02   8.1810000e+02   8.4704000e+02   8.3986000e+02
   8.1867000e+02   8.2011000e+02   8.1814000e+02   8.1741000e+02   8.4445000e+02   8.3962000e+02
   8.1464000e+02   8.1706000e+02   8.1491000e+02   8.1458000e+02   8.4866000e+02   8.4276000e+02
   8.0969000e+02   8.1193000e+02   8.1078000e+02   8.1129000e+02   8.5950000e+02   8.5196000e+02
   8.0739000e+02   8.0990000e+02   8.0713000e+02   8.0677000e+02   8.7139000e+02   8.6567000e+02
   8.4706000e+02   8.4806000e+02   8.4793000e+02   8.4854000e+02   9.1175000e+02   9.0887000e+02
   8.9196000e+02   8.9252000e+02   8.9156000e+02   8.8973000e+02   9.4619000e+02   9.4398000e+02
   9.1615000e+02   9.1623000e+02   9.1541000e+02   9.1489000e+02   9.6723000e+02   9.6385000e+02
   9.2885000e+02   9.3063000e+02   9.2848000e+02   9.2810000e+02   9.7821000e+02   9.7401000e+02
   9.2998000e+02   9.3033000e+02   9.2900000e+02   9.2853000e+02   9.7677000e+02   9.7079000e+02
   9.4436000e+02   9.4368000e+02   9.4268000e+02   9.4232000e+02   9.8631000e+02   9.7899000e+02
   9.6706000e+02   9.6675000e+02   9.6499000e+02   9.6429000e+02   9.9966000e+02   9.9118000e+02
   9.9448000e+02   9.9266000e+02   9.9209000e+02   9.9119000e+02   1.0211000e+03   1.0140000e+03
   1.0153000e+03   1.0125000e+03   1.0129000e+03   1.0126000e+03   1.0296000e+03   1.0257000e+03
   1.0193000e+03   1.0202000e+03   1.0195000e+03   1.0193000e+03   1.0272000e+03   1.0205000e+03
   1.0218000e+03   1.0218000e+03   1.0199000e+03   1.0189000e+03   1.0268000e+03   1.0219000e+03
   1.0241000e+03   1.0233000e+03   1.0225000e+03   1.0218000e+03   1.0339000e+03   1.0237000e+03
   1.0242000e+03   1.0229000e+03   1.0215000e+03   1.0208000e+03   1.0297000e+03   1.0195000e+03
   1.0386000e+03   1.0374000e+03   1.0355000e+03   1.0355000e+03   1.0284000e+03   1.0201000e+03
   1.0521000e+03   1.0516000e+03   1.0496000e+03   1.0497000e+03   1.0433000e+03   1.0297000e+03
   1.0632000e+03   1.0649000e+03   1.0630000e+03   1.0631000e+03   1.0541000e+03   1.0401000e+03
   1.0663000e+03   1.0687000e+03   1.0668000e+03   1.0692000e+03   1.0523000e+03   1.0455000e+03
   1.0614000e+03   1.0631000e+03   1.0620000e+03   1.0626000e+03   1.0362000e+03   1.0329000e+03
   1.0658000e+03   1.0671000e+03   1.0650000e+03   1.0663000e+03   1.0428000e+03   1.0269000e+03
   1.0742000e+03   1.0756000e+03   1.0720000e+03   1.0721000e+03   1.0384000e+03   1.0308000e+03
   1.0839000e+03   1.0883000e+03   1.0834000e+03   1.0848000e+03   1.0237000e+03   1.0179000e+03
   1.0922000e+03   1.0941000e+03   1.0910000e+03   1.0948000e+03   9.9495000e+02   9.8856000e+02
   1.0911000e+03   1.0961000e+03   1.0928000e+03   1.0962000e+03   9.7447000e+02   9.7313000e+02
   1.0840000e+03   1.0869000e+03   1.0844000e+03   1.0861000e+03   9.5597000e+02   9.5202000e+02
   1.0639000e+03   1.0640000e+03   1.0620000e+03   1.0648000e+03   9.3839000e+02   9.2790000e+02
   1.0335000e+03   1.0359000e+03   1.0326000e+03   1.0352000e+03   9.0528000e+02   9.0482000e+02
   1.0170000e+03   1.0235000e+03   1.0189000e+03   1.0230000e+03   8.8880000e+02   8.9848000e+02
   1.0087000e+03   1.0144000e+03   1.0100000e+03   1.0135000e+03   8.6729000e+02   8.7952000e+02
   1.0112000e+03   1.0154000e+03   1.0111000e+03   1.0138000e+03   8.5091000e+02   8.5848000e+02
   1.0084000e+03   1.0129000e+03   1.0085000e+03   1.0105000e+03   8.4807000e+02   8.4352000e+02
   9.8564000e+02   9.8892000e+02   9.8703000e+02   9.9060000e+02   8.3539000e+02   8.2635000e+02
   9.7070000e+02   9.7519000e+02   9.7240000e+02   9.7712000e+02   8.2266000e+02   8.1134000e+02
   9.5027000e+02   9.5737000e+02   9.5365000e+02   9.5774000e+02   8.2146000e+02   7.9773000e+02
   9.4678000e+02   9.5144000e+02   9.4842000e+02   9.5246000e+02   8.2125000e+02   8.0024000e+02
   9.4606000e+02   9.4946000e+02   9.4651000e+02   9.4803000e+02   8.2087000e+02   8.0136000e+02
   9.4772000e+02   9.4897000e+02   9.4716000e+02   9.4952000e+02   8.0941000e+02   7.9699000e+02
   9.6494000e+02   9.6757000e+02   9.6501000e+02   9.6666000e+02   7.9174000e+02   7.8464000e+02
   9.6222000e+02   9.6697000e+02   9.6393000e+02   9.6764000e+02   7.8072000e+02   7.7381000e+02
   9.5486000e+02   9.5537000e+02   9.5417000e+02   9.5607000e+02   7.7403000e+02   7.5991000e+02
   9.6461000e+02   9.6593000e+02   9.6312000e+02   9.6330000e+02   7.7125000e+02   7.5901000e+02
   9.6310000e+02   9.6737000e+02   9.6558000e+02   9.6828000e+02   7.6124000e+02   7.5837000e+02
   9.4903000e+02   9.5477000e+02   9.5352000e+02   9.5713000e+02   7.4322000e+02   7.4646000e+02
   9.4470000e+02   9.4974000e+02   9.4496000e+02   9.4695000e+02   7.4392000e+02   7.5237000e+02
   9.4457000e+02   9.4802000e+02   9.4395000e+02   9.4480000e+02   7.4461000e+02   7.5361000e+02
   9.4716000e+02   9.4838000e+02   9.4675000e+02   9.4772000e+02   7.1887000e+02   7.3145000e+02
   9.4429000e+02   9.5020000e+02   9.4785000e+02   9.5049000e+02   7.2720000e+02   7.3921000e+02
   9.2558000e+02   9.3020000e+02   9.2718000e+02   9.3087000e+02   7.4555000e+02   7.4779000e+02
   9.2314000e+02   9.2661000e+02   9.2540000e+02   9.2786000e+02   7.4070000e+02   7.3840000e+02
   9.5305000e+02   9.5788000e+02   9.5558000e+02   9.5747000e+02   7.7695000e+02   7.6977000e+02
   9.7734000e+02   9.8156000e+02   9.7839000e+02   9.7972000e+02   8.1220000e+02   8.1018000e+02
   9.9003000e+02   9.8800000e+02   9.8828000e+02   9.8841000e+02   8.2627000e+02   8.3351000e+02
   1.0028000e+03   1.0034000e+03   1.0023000e+03   1.0024000e+03   8.3357000e+02   8.3808000e+02
   1.0166000e+03   1.0152000e+03   1.0154000e+03   1.0159000e+03   8.4765000e+02   8.4735000e+02
   1.0328000e+03   1.0334000e+03   1.0314000e+03   1.0309000e+03   8.5936000e+02   8.6002000e+02
   1.0506000e+03   1.0502000e+03   1.0491000e+03   1.0495000e+03   8.8355000e+02   8.8515000e+02
   1.0704000e+03   1.0724000e+03   1.0716000e+03   1.0725000e+03   9.0719000e+02   9.0832000e+02
   1.0836000e+03   1.0847000e+03   1.0839000e+03   1.0842000e+03   9.2627000e+02   9.2964000e+02
   1.0924000e+03   1.0953000e+03   1.0926000e+03   1.0922000e+03   9.4461000e+02   9.4370000e+02
   1.1065000e+03   1.1095000e+03   1.1065000e+03   1.1086000e+03   9.5214000e+02   9.5401000e+02
   1.1128000e+03   1.1158000e+03   1.1142000e+03   1.1164000e+03   9.6033000e+02   9.6273000e+02
   1.0929000e+03   1.0951000e+03   1.0947000e+03   1.0948000e+03   9.4977000e+02   9.5121000e+02
   1.0924000e+03   1.0956000e+03   1.0928000e+03   1.0942000e+03   9.5042000e+02   9.5594000e+02
   1.0943000e+03   1.0983000e+03   1.0966000e+03   1.0988000e+03   9.5653000e+02   9.6163000e+02
   1.0946000e+03   1.1004000e+03   1.0969000e+03   1.0978000e+03   9.6721000e+02   9.6860000e+02
   1.1003000e+03   1.1060000e+03   1.1030000e+03   1.1045000e+03   9.7712000e+02   9.7953000e+02
   1.1046000e+03   1.1079000e+03   1.1076000e+03   1.1087000e+03   9.8549000e+02   9.8377000e+02
   1.0988000e+03   1.1032000e+03   1.1025000e+03   1.1046000e+03   9.7974000e+02   9.8149000e+02
   1.0863000e+03   1.0904000e+03   1.0870000e+03   1.0890000e+03   9.7893000e+02   9.7929000e+02
   1.0811000e+03   1.0857000e+03   1.0839000e+03   1.0860000e+03   9.8035000e+02   9.8007000e+02
   1.0818000e+03   1.0857000e+03   1.0835000e+03   1.0844000e+03   9.8538000e+02   9.8571000e+02
   1.0889000e+03   1.0922000e+03   1.0910000e+03   1.0922000e+03   9.9518000e+02   9.9198000e+02
   1.0941000e+03   1.0977000e+03   1.0968000e+03   1.0989000e+03   1.0004000e+03   9.9920000e+02
   1.0647000e+03   1.0680000e+03   1.0655000e+03   1.0680000e+03   9.6682000e+02   9.6854000e+02
   1.0298000e+03   1.0350000e+03   1.0336000e+03   1.0350000e+03   9.4075000e+02   9.4449000e+02
   1.0194000e+03   1.0235000e+03   1.0221000e+03   1.0236000e+03   9.3344000e+02   9.3559000e+02
   1.0164000e+03   1.0178000e+03   1.0180000e+03   1.0190000e+03   9.3296000e+02   9.3398000e+02
   1.0244000e+03   1.0279000e+03   1.0271000e+03   1.0279000e+03   9.3901000e+02   9.3836000e+02
   1.0196000e+03   1.0215000e+03   1.0208000e+03   1.0214000e+03   9.3761000e+02   9.3620000e+02
   1.0084000e+03   1.0095000e+03   1.0081000e+03   1.0089000e+03   9.2530000e+02   9.2290000e+02
   9.9317000e+02   9.9186000e+02   9.9206000e+02   9.9254000e+02   9.0501000e+02   9.0012000e+02
   9.7556000e+02   9.7934000e+02   9.7685000e+02   9.7818000e+02   8.8602000e+02   8.8353000e+02
   9.7625000e+02   9.7769000e+02   9.7700000e+02   9.7841000e+02   8.8129000e+02   8.8039000e+02
   9.7942000e+02   9.8062000e+02   9.8042000e+02   9.7995000e+02   8.8057000e+02   8.7835000e+02
   9.7511000e+02   9.7786000e+02   9.7646000e+02   9.7729000e+02   8.7707000e+02   8.7610000e+02
   9.9124000e+02   9.9415000e+02   9.9191000e+02   9.9398000e+02   8.8888000e+02   8.8793000e+02
   9.9065000e+02   9.9279000e+02   9.9107000e+02   9.9256000e+02   8.9540000e+02   8.9586000e+02
   9.8581000e+02   9.8757000e+02   9.8793000e+02   9.8865000e+02   8.9145000e+02   8.9453000e+02
   9.8059000e+02   9.8380000e+02   9.8308000e+02   9.8564000e+02   8.8487000e+02   8.8813000e+02
   9.7432000e+02   9.7823000e+02   9.7604000e+02   9.7788000e+02   8.8165000e+02   8.8600000e+02
   9.7103000e+02   9.7468000e+02   9.7328000e+02   9.7495000e+02   8.8107000e+02   8.8559000e+02
   9.7052000e+02   9.7396000e+02   9.7260000e+02   9.7371000e+02   8.8309000e+02   8.8358000e+02
   9.7398000e+02   9.7771000e+02   9.7635000e+02   9.7785000e+02   8.8521000e+02   8.8629000e+02
   9.6716000e+02   9.7216000e+02   9.7005000e+02   9.7150000e+02   8.7923000e+02   8.8053000e+02
   9.6153000e+02   9.6631000e+02   9.6470000e+02   9.6695000e+02   8.7100000e+02   8.7263000e+02
   9.6056000e+02   9.6457000e+02   9.6369000e+02   9.6584000e+02   8.7045000e+02   8.7102000e+02
   9.5724000e+02   9.6023000e+02   9.5908000e+02   9.6048000e+02   8.7214000e+02   8.7022000e+02
   9.8149000e+02   9.8579000e+02   9.8293000e+02   9.8399000e+02   9.0077000e+02   8.9763000e+02
   1.0059000e+03   1.0079000e+03   1.0073000e+03   1.0077000e+03   9.3122000e+02   9.3007000e+02
   1.0148000e+03   1.0160000e+03   1.0157000e+03   1.0170000e+03   9.4421000e+02   9.4298000e+02
   1.0191000e+03   1.0215000e+03   1.0212000e+03   1.0214000e+03   9.4658000e+02   9.4605000e+02
   1.0188000e+03   1.0211000e+03   1.0186000e+03   1.0193000e+03   9.4446000e+02   9.4451000e+02
   1.0260000e+03   1.0292000e+03   1.0259000e+03   1.0256000e+03   9.4627000e+02   9.5132000e+02
   1.0377000e+03   1.0391000e+03   1.0366000e+03   1.0373000e+03   9.4344000e+02   9.5047000e+02
   1.0540000e+03   1.0558000e+03   1.0543000e+03   1.0555000e+03   9.4608000e+02   9.5460000e+02
   1.0691000e+03   1.0707000e+03   1.0687000e+03   1.0689000e+03   9.3292000e+02   9.4483000e+02
   1.0720000e+03   1.0736000e+03   1.0723000e+03   1.0735000e+03   9.0599000e+02   9.1965000e+02
   1.0775000e+03   1.0792000e+03   1.0763000e+03   1.0775000e+03   9.0227000e+02   9.0625000e+02
   1.0766000e+03   1.0804000e+03   1.0774000e+03   1.0784000e+03   9.0251000e+02   9.0314000e+02
   1.0597000e+03   1.0653000e+03   1.0606000e+03   1.0628000e+03   8.9417000e+02   8.9315000e+02
   1.0546000e+03   1.0613000e+03   1.0564000e+03   1.0591000e+03   8.8516000e+02   8.7827000e+02
   1.0519000e+03   1.0579000e+03   1.0542000e+03   1.0566000e+03   8.7466000e+02   8.6695000e+02
   1.0464000e+03   1.0540000e+03   1.0497000e+03   1.0524000e+03   8.6075000e+02   8.6360000e+02
   1.0411000e+03   1.0489000e+03   1.0444000e+03   1.0492000e+03   8.5634000e+02   8.5996000e+02
   1.0291000e+03   1.0358000e+03   1.0336000e+03   1.0380000e+03   8.4979000e+02   8.5152000e+02
   1.0206000e+03   1.0291000e+03   1.0267000e+03   1.0320000e+03   8.3924000e+02   8.4257000e+02
   1.0018000e+03   1.0095000e+03   1.0070000e+03   1.0126000e+03   8.2587000e+02   8.2245000e+02
   9.9535000e+02   1.0037000e+03   1.0002000e+03   1.0057000e+03   8.2010000e+02   8.1122000e+02
   9.8347000e+02   9.9501000e+02   9.8867000e+02   9.9167000e+02   8.1350000e+02   8.0738000e+02
   9.8014000e+02   9.8422000e+02   9.8501000e+02   9.9184000e+02   8.0848000e+02   8.0851000e+02
   9.6753000e+02   9.7697000e+02   9.7236000e+02   9.7748000e+02   7.9791000e+02   8.0181000e+02
   9.3499000e+02   9.4301000e+02   9.3912000e+02   9.4475000e+02   7.7019000e+02   7.8169000e+02
   9.1229000e+02   9.2141000e+02   9.1537000e+02   9.1995000e+02   7.5239000e+02   7.5415000e+02
   9.0101000e+02   9.1018000e+02   9.0590000e+02   9.1076000e+02   7.4301000e+02   7.5234000e+02
   8.9255000e+02   9.0202000e+02   8.9881000e+02   9.0436000e+02   7.3444000e+02   7.3947000e+02
   8.8713000e+02   8.9782000e+02   8.9501000e+02   9.0114000e+02   7.5136000e+02   7.5497000e+02
   8.7375000e+02   8.8485000e+02   8.8012000e+02   8.8616000e+02   7.4849000e+02   7.4651000e+02
   8.6082000e+02   8.7153000e+02   8.6759000e+02   8.7223000e+02   7.3530000e+02   7.3237000e+02
   8.4950000e+02   8.5996000e+02   8.5501000e+02   8.6061000e+02   7.1463000e+02   7.0731000e+02
   8.4100000e+02   8.5228000e+02   8.4739000e+02   8.5390000e+02   6.6681000e+02   6.7342000e+02
   8.3614000e+02   8.4417000e+02   8.3976000e+02   8.4378000e+02   6.4643000e+02   6.5041000e+02
   8.3487000e+02   8.3974000e+02   8.3579000e+02   8.3970000e+02   6.2697000e+02   6.2231000e+02
   8.2850000e+02   8.3592000e+02   8.3207000e+02   8.3553000e+02   6.0646000e+02   5.9528000e+02
   8.1727000e+02   8.2601000e+02   8.2277000e+02   8.2786000e+02   5.9687000e+02   5.8411000e+02
   8.0801000e+02   8.1383000e+02   8.1171000e+02   8.1469000e+02   5.7174000e+02   5.6712000e+02
   7.9972000e+02   8.0832000e+02   8.0544000e+02   8.0874000e+02   5.5678000e+02   5.5286000e+02
   7.9855000e+02   8.0487000e+02   8.0482000e+02   8.0880000e+02   5.5516000e+02   5.4592000e+02
   7.8100000e+02   7.8975000e+02   7.8795000e+02   7.9254000e+02   5.4290000e+02   5.4757000e+02
   7.5710000e+02   7.6888000e+02   7.6590000e+02   7.7295000e+02   5.5952000e+02   5.5933000e+02
   7.3602000e+02   7.4062000e+02   7.4104000e+02   7.4529000e+02   5.6790000e+02   5.5139000e+02
   7.3274000e+02   7.3978000e+02   7.3877000e+02   7.4297000e+02   5.7259000e+02   5.5696000e+02
   7.1868000e+02   7.2663000e+02   7.2429000e+02   7.2609000e+02   5.7531000e+02   5.5754000e+02
   7.2394000e+02   7.3021000e+02   7.2652000e+02   7.2862000e+02   5.6422000e+02   5.5161000e+02
   7.2199000e+02   7.2924000e+02   7.2613000e+02   7.3121000e+02   5.7024000e+02   5.6202000e+02
   7.3420000e+02   7.3826000e+02   7.3728000e+02   7.3984000e+02   5.6773000e+02   5.5635000e+02
   7.5649000e+02   7.6418000e+02   7.6192000e+02   7.6600000e+02   5.9355000e+02   5.7404000e+02
   7.7723000e+02   7.8468000e+02   7.8207000e+02   7.8570000e+02   6.1398000e+02   5.8827000e+02
   7.8997000e+02   8.0047000e+02   7.9562000e+02   7.9932000e+02   6.2733000e+02   5.9919000e+02
   8.0032000e+02   8.0527000e+02   8.0029000e+02   8.0024000e+02   6.2964000e+02   6.0871000e+02
   8.0576000e+02   8.1168000e+02   8.0871000e+02   8.1169000e+02   6.2846000e+02   6.0228000e+02
   8.1096000e+02   8.1817000e+02   8.1576000e+02   8.1826000e+02   6.3762000e+02   6.1303000e+02
   8.2477000e+02   8.3348000e+02   8.2623000e+02   8.2775000e+02   6.4688000e+02   6.2607000e+02
   8.4139000e+02   8.4728000e+02   8.4357000e+02   8.4485000e+02   6.5960000e+02   6.4448000e+02
   8.3878000e+02   8.4683000e+02   8.4133000e+02   8.4308000e+02   6.7363000e+02   6.6110000e+02
   8.2402000e+02   8.3176000e+02   8.2735000e+02   8.2992000e+02   6.7600000e+02   6.6283000e+02
   8.1696000e+02   8.2592000e+02   8.2020000e+02   8.2115000e+02   6.7771000e+02   6.6819000e+02
   8.0955000e+02   8.1242000e+02   8.0842000e+02   8.0726000e+02   6.7950000e+02   6.7523000e+02
   8.0463000e+02   8.0520000e+02   8.0408000e+02   8.0585000e+02   6.7249000e+02   6.6349000e+02
   7.9063000e+02   7.9733000e+02   7.9269000e+02   7.9526000e+02   6.6867000e+02   6.4935000e+02
   7.7824000e+02   7.9125000e+02   7.8644000e+02   7.9035000e+02   6.6700000e+02   6.4817000e+02
   7.8203000e+02   7.8863000e+02   7.8485000e+02   7.8633000e+02   6.7224000e+02   6.5029000e+02
   7.8923000e+02   7.9288000e+02   7.9089000e+02   7.9133000e+02   6.7081000e+02   6.4826000e+02
   7.9242000e+02   7.9749000e+02   7.9449000e+02   7.9582000e+02   6.7000000e+02   6.4410000e+02
   7.9091000e+02   7.9573000e+02   7.9200000e+02   7.9295000e+02   6.5010000e+02   6.3623000e+02
   7.7570000e+02   7.8692000e+02   7.8366000e+02   7.8576000e+02   6.3708000e+02   6.3033000e+02
   7.7492000e+02   7.8076000e+02   7.7812000e+02   7.7953000e+02   6.4353000e+02   6.3113000e+02
   7.7378000e+02   7.7617000e+02   7.7340000e+02   7.7478000e+02   6.5311000e+02   6.3099000e+02
   7.7067000e+02   7.7776000e+02   7.7122000e+02   7.7172000e+02   6.5705000e+02   6.2882000e+02
   7.7387000e+02   7.7851000e+02   7.7196000e+02   7.7324000e+02   6.5044000e+02   6.2918000e+02
   7.3980000e+02   7.4684000e+02   7.4114000e+02   7.4135000e+02   6.1974000e+02   6.0253000e+02
   6.9877000e+02   7.1031000e+02   7.0097000e+02   7.0178000e+02   5.8786000e+02   5.6956000e+02
