   4.3715000e+00   4.4975000e+00   4.4492000e+00   4.4965000e+00   4.6823000e+00   4.5492000e+00
   4.5176000e+00   4.6325000e+00   4.5995000e+00   4.6462000e+00   4.6285000e+00   4.5385000e+00
   4.6516000e+00   4.7725000e+00   4.7396000e+00   4.7773000e+00   4.6498000e+00   4.6803000e+00
   4.7801000e+00   4.8932000e+00   4.8711000e+00   4.8931000e+00   4.6502000e+00   4.6662000e+00
   4.9010000e+00   4.9766000e+00   4.9601000e+00   4.9569000e+00   4.7031000e+00   4.7238000e+00
   4.9607000e+00   4.9964000e+00   4.9929000e+00   4.9833000e+00   4.6906000e+00   4.7475000e+00
   5.0913000e+00   5.0794000e+00   5.1263000e+00   5.1279000e+00   4.7953000e+00   4.8315000e+00
   5.2704000e+00   5.1978000e+00   5.2981000e+00   5.2957000e+00   5.0075000e+00   5.0103000e+00
   5.3972000e+00   5.2872000e+00   5.4187000e+00   5.4087000e+00   5.2119000e+00   5.2045000e+00
   5.6092000e+00   5.4744000e+00   5.6162000e+00   5.5954000e+00   5.3036000e+00   5.2784000e+00
   5.8798000e+00   5.7052000e+00   5.8576000e+00   5.8179000e+00   5.5020000e+00   5.4237000e+00
   6.0916000e+00   5.8763000e+00   6.0365000e+00   5.9761000e+00   5.6217000e+00   5.5983000e+00
   6.2898000e+00   6.0400000e+00   6.2091000e+00   6.1297000e+00   5.7355000e+00   5.7088000e+00
   6.4327000e+00   6.1549000e+00   6.3338000e+00   6.2378000e+00   5.7856000e+00   5.7737000e+00
   6.4709000e+00   6.1719000e+00   6.3503000e+00   6.2345000e+00   5.9837000e+00   5.9389000e+00
   6.5591000e+00   6.2593000e+00   6.4198000e+00   6.2994000e+00   5.9226000e+00   5.8595000e+00
   6.4866000e+00   6.2278000e+00   6.3518000e+00   6.2669000e+00   5.6826000e+00   5.6550000e+00
   6.3828000e+00   6.2127000e+00   6.2670000e+00   6.2675000e+00   5.5154000e+00   5.6209000e+00
   6.0807000e+00   6.1280000e+00   6.1288000e+00   6.2436000e+00   4.7169000e+00   4.8174000e+00
   5.8069000e+00   5.8239000e+00   5.7835000e+00   6.0076000e+00   4.1603000e+00   4.2435000e+00
   5.2887000e+00   5.4504000e+00   5.3979000e+00   5.7250000e+00   4.0114000e+00   4.0741000e+00
   4.6919000e+00   5.0733000e+00   4.9235000e+00   5.3252000e+00   4.3653000e+00   4.3501000e+00
   4.0921000e+00   4.5710000e+00   4.4539000e+00   4.9261000e+00   4.4315000e+00   4.4065000e+00
   3.6525000e+00   4.0920000e+00   4.0743000e+00   4.5147000e+00   4.2189000e+00   4.2826000e+00
   3.3132000e+00   3.6771000e+00   3.6777000e+00   4.0502000e+00   3.8340000e+00   3.9276000e+00
   2.9654000e+00   3.3713000e+00   3.3545000e+00   3.7697000e+00   3.7149000e+00   3.8056000e+00
   2.5745000e+00   3.0929000e+00   3.0362000e+00   3.4318000e+00   3.7397000e+00   3.7558000e+00
   2.3039000e+00   2.8721000e+00   2.7701000e+00   3.0889000e+00   3.6082000e+00   3.5992000e+00
   2.0772000e+00   2.6404000e+00   2.5284000e+00   2.7723000e+00   3.4571000e+00   3.4061000e+00
   1.8058000e+00   2.4055000e+00   2.2268000e+00   2.3649000e+00   3.2919000e+00   3.2300000e+00
   1.5602000e+00   2.1353000e+00   1.9293000e+00   1.9664000e+00   3.1358000e+00   3.0675000e+00
   1.2810000e+00   1.8156000e+00   1.6249000e+00   1.6188000e+00   2.9381000e+00   2.8895000e+00
   9.9070000e-01   1.5099000e+00   1.3135000e+00   1.3114000e+00   2.6580000e+00   2.6882000e+00
   7.2410000e-01   1.2120000e+00   9.9650000e-01   1.0451000e+00   2.3727000e+00   2.4956000e+00
   4.4180000e-01   9.6630000e-01   7.4880000e-01   8.7870000e-01   2.1450000e+00   2.2852000e+00
   2.7850000e-01   8.9800000e-01   6.8090000e-01   8.9220000e-01   1.9642000e+00   2.0825000e+00
   2.9050000e-01   1.0466000e+00   7.7420000e-01   1.0617000e+00   1.7821000e+00   1.8280000e+00
   4.7060000e-01   1.2793000e+00   9.3540000e-01   1.2376000e+00   1.5737000e+00   1.5632000e+00
   6.4060000e-01   1.2870000e+00   9.8390000e-01   1.2440000e+00   1.3492000e+00   1.3155000e+00
   8.0260000e-01   1.1920000e+00   1.0046000e+00   1.2236000e+00   1.1876000e+00   1.0988000e+00
   8.4600000e-01   1.1573000e+00   9.7150000e-01   1.2011000e+00   1.0553000e+00   9.3300000e-01
   6.7140000e-01   1.0716000e+00   8.4580000e-01   1.1100000e+00   9.4720000e-01   7.2630000e-01
   4.1620000e-01   9.5060000e-01   7.0210000e-01   1.0029000e+00   8.1900000e-01   5.5830000e-01
   3.7880000e-01   8.2270000e-01   6.8220000e-01   9.7280000e-01   7.4780000e-01   4.3740000e-01
   9.2660000e-01   1.0893000e+00   1.1191000e+00   1.3459000e+00   5.9870000e-01   3.1770000e-01
   1.0832000e+00   1.5889000e+00   1.4555000e+00   1.7577000e+00   4.6020000e-01   1.3240000e-01
   1.3141000e+00   1.8199000e+00   1.6436000e+00   2.0755000e+00   3.7640000e-01  -1.6500000e-02
   1.2550000e+00   1.7417000e+00   1.4575000e+00   1.7151000e+00   2.6160000e-01  -1.3610000e-01
   1.6329000e+00   1.5054000e+00   1.7505000e+00   1.9294000e+00   1.0700000e-01  -3.1890000e-01
   2.1593000e+00   2.1065000e+00   2.1877000e+00   2.3725000e+00  -1.6100000e-02  -5.1010000e-01
   2.3282000e+00   2.5807000e+00   2.5196000e+00   2.7878000e+00  -1.1190000e-01  -6.2650000e-01
   2.2801000e+00   2.7067000e+00   2.5609000e+00   2.8817000e+00  -2.2640000e-01  -7.0000000e-01
   2.5408000e+00   2.7701000e+00   2.6396000e+00   2.8767000e+00  -2.1160000e-01  -7.2220000e-01
   2.4566000e+00   2.7721000e+00   2.7047000e+00   2.9698000e+00  -2.5590000e-01  -6.9070000e-01
   2.4204000e+00   2.6809000e+00   2.6387000e+00   2.8987000e+00  -2.3590000e-01  -6.5500000e-01
   2.8066000e+00   2.9622000e+00   2.8776000e+00   3.0369000e+00  -2.7030000e-01  -6.7430000e-01
   2.9975000e+00   3.1718000e+00   3.1297000e+00   3.3548000e+00  -2.1290000e-01  -6.6520000e-01
   3.1641000e+00   3.4245000e+00   3.3551000e+00   3.6035000e+00  -6.1000000e-02  -5.8180000e-01
   3.2375000e+00   3.4302000e+00   3.4117000e+00   3.6727000e+00   5.6600000e-02  -4.6010000e-01
   3.5785000e+00   3.5999000e+00   3.6790000e+00   3.8989000e+00   6.6900000e-02  -3.3690000e-01
   3.7367000e+00   3.7326000e+00   3.8219000e+00   3.9987000e+00  -2.3800000e-02  -2.5500000e-01
   3.9742000e+00   3.8903000e+00   4.0153000e+00   4.1467000e+00  -2.4880000e-01  -3.5220000e-01
   4.0022000e+00   4.1305000e+00   4.0179000e+00   4.1418000e+00  -1.2470000e-01  -4.1920000e-01
   4.0693000e+00   4.2339000e+00   4.0329000e+00   4.1314000e+00   5.1700000e-01  -3.0390000e-01
   4.3783000e+00   4.4893000e+00   4.3288000e+00   4.3817000e+00   5.9800000e-01   1.8020000e-01
   4.4216000e+00   4.4407000e+00   4.4567000e+00   4.4967000e+00   9.9040000e-01   4.7600000e-01
   4.5094000e+00   4.6627000e+00   4.6259000e+00   4.7229000e+00   1.1600000e-02  -4.0630000e-01
   4.7197000e+00   4.7717000e+00   4.8324000e+00   4.9682000e+00  -9.3530000e-01  -1.4624000e+00
   4.6456000e+00   4.7171000e+00   4.7889000e+00   4.9218000e+00  -1.4220000e+00  -1.0496000e+00
   4.5383000e+00   4.6987000e+00   4.7044000e+00   4.8683000e+00  -8.1090000e-01   6.6570000e-01
   4.3702000e+00   4.5008000e+00   4.4688000e+00   4.5725000e+00  -1.6860000e-01   5.3340000e-01
   4.2804000e+00   4.4412000e+00   4.3671000e+00   4.4589000e+00   7.6660000e-01   8.9420000e-01
   4.3085000e+00   4.3604000e+00   4.3260000e+00   4.3296000e+00   9.7290000e-01   1.6181000e+00
   4.0656000e+00   4.0865000e+00   4.1129000e+00   4.1491000e+00   4.7800000e-01   1.6428000e+00
   3.8540000e+00   3.9973000e+00   3.9677000e+00   4.0149000e+00  -2.9010000e-01   8.2310000e-01
   3.8429000e+00   4.1780000e+00   4.0049000e+00   4.0638000e+00   2.8410000e-01   2.7310000e-01
   3.9513000e+00   4.3532000e+00   4.1355000e+00   4.2307000e+00   7.0790000e-01   3.7030000e-01
   3.5664000e+00   4.1108000e+00   3.8171000e+00   3.9788000e+00   7.1290000e-01   1.6920000e-01
   3.5529000e+00   3.8756000e+00   3.7202000e+00   3.8997000e+00   7.4800000e-01  -3.8740000e-01
   3.5872000e+00   3.6858000e+00   3.8076000e+00   4.0013000e+00   6.0520000e-01   9.0880000e-01
   3.1290000e+00   3.2727000e+00   3.2645000e+00   3.4042000e+00  -3.6860000e-01   1.7683000e+00
   2.9322000e+00   2.2696000e+00   2.7745000e+00   2.8072000e+00   1.1340000e-01   1.3773000e+00
   2.5847000e+00   2.6576000e+00   2.9111000e+00   3.2304000e+00   1.4007000e+00   3.1150000e-01
   1.9584000e+00   1.8853000e+00   2.0587000e+00   2.0869000e+00  -8.9260000e-01  -5.5260000e-01
   1.6864000e+00   1.5122000e+00   1.7492000e+00   1.7303000e+00  -7.7940000e-01   7.1300000e-02
   1.7386000e+00   1.8427000e+00   1.8515000e+00   1.9414000e+00  -4.6880000e-01  -1.2668000e+00
   1.6682000e+00   1.8403000e+00   1.8783000e+00   1.9693000e+00  -9.2010000e-01  -2.7450000e+00
   1.6330000e+00   1.8852000e+00   1.7954000e+00   1.8612000e+00   5.0100000e-02  -1.9365000e+00
   1.5529000e+00   1.9283000e+00   1.7437000e+00   1.8159000e+00   1.0178000e+00   5.9700000e-02
   1.8940000e+00   1.8669000e+00   2.0534000e+00   2.1723000e+00  -5.1810000e-01   1.0966000e+00
   1.9148000e+00   2.0364000e+00   2.0765000e+00   2.2160000e+00  -3.3830000e-01   7.4600000e-01
   2.2487000e+00   2.0587000e+00   2.2477000e+00   2.3061000e+00  -1.2606000e+00   4.6060000e-01
   1.7530000e+00   1.4917000e+00   1.7598000e+00   1.7469000e+00  -2.3055000e+00  -3.7950000e-01
   1.0093000e+00   1.1157000e+00   1.0803000e+00   1.0814000e+00  -3.0448000e+00  -3.8030000e-01
   1.1126000e+00   1.5759000e+00   1.2966000e+00   1.3465000e+00  -2.7733000e+00  -1.9171000e+00
   9.7210000e-01   1.8590000e+00   1.3184000e+00   1.5268000e+00  -2.2530000e+00  -2.7682000e+00
   1.8898000e+00   1.7072000e+00   1.7493000e+00   1.7678000e+00  -1.9294000e+00  -1.7680000e+00
   2.8213000e+00   2.5186000e+00   2.7343000e+00   2.7180000e+00  -2.5543000e+00  -2.2479000e+00
   2.7493000e+00   2.0517000e+00   2.6884000e+00   2.7824000e+00  -1.9130000e+00  -2.0724000e+00
   1.4241000e+00   1.7765000e+00   1.4475000e+00   1.3652000e+00  -2.0825000e+00  -1.7866000e+00
   1.1153000e+00   4.1590000e-01   1.0745000e+00   1.0635000e+00  -6.3060000e-01  -2.2464000e+00
   8.1530000e-01   4.8510000e-01   6.9870000e-01   6.0300000e-01  -2.3889000e+00  -2.4729000e+00
  -1.6020000e-01  -3.2010000e-01  -8.4700000e-02  -7.4400000e-02  -4.2291000e+00  -2.3176000e+00
  -4.5040000e-01  -1.0897000e+00  -5.4770000e-01  -6.4130000e-01  -3.0269000e+00  -2.6736000e+00
  -2.7160000e-01  -2.1390000e-01  -3.2810000e-01  -3.6680000e-01  -3.1965000e+00  -2.1813000e+00
   2.8890000e-01   1.7150000e-01   4.5370000e-01   5.2800000e-01  -3.1585000e+00  -2.9331000e+00
   6.3620000e-01   4.5380000e-01   7.8600000e-01   9.6650000e-01  -4.0989000e+00  -4.8519000e+00
   3.9830000e-01   4.6980000e-01   3.8080000e-01   3.6540000e-01  -4.7001000e+00  -5.0044000e+00
  -1.7700000e-02   4.8060000e-01   6.0000000e-02   1.2680000e-01  -5.4155000e+00  -5.1114000e+00
  -8.4030000e-01  -8.9750000e-01  -8.3150000e-01  -8.8230000e-01  -5.3636000e+00  -4.8878000e+00
  -1.0542000e+00  -8.8110000e-01  -9.8690000e-01  -9.7040000e-01  -5.3421000e+00  -4.6532000e+00
  -1.0376000e+00  -1.6855000e+00  -1.2108000e+00  -1.3491000e+00  -3.4267000e+00  -3.7080000e+00
  -1.2105000e+00  -1.1331000e+00  -1.4011000e+00  -1.5124000e+00  -3.3576000e+00  -3.2558000e+00
  -1.9699000e+00  -1.6852000e+00  -1.8671000e+00  -1.7976000e+00  -2.9523000e+00  -2.9696000e+00
  -2.4663000e+00  -2.5158000e+00  -2.1666000e+00  -1.9885000e+00  -4.0629000e+00  -3.7006000e+00
  -3.1197000e+00  -2.7584000e+00  -2.8403000e+00  -2.6959000e+00  -4.9996000e+00  -4.3893000e+00
  -2.8103000e+00  -2.6036000e+00  -2.6982000e+00  -2.6555000e+00  -5.1401000e+00  -5.1074000e+00
  -2.3990000e+00  -2.4494000e+00  -2.4236000e+00  -2.4559000e+00  -5.1911000e+00  -5.3359000e+00
  -1.6893000e+00  -2.0341000e+00  -1.8529000e+00  -1.9235000e+00  -4.1828000e+00  -5.2023000e+00
  -1.7563000e+00  -1.7653000e+00  -1.7103000e+00  -1.6978000e+00  -5.1426000e+00  -4.7130000e+00
  -1.2637000e+00  -1.0865000e+00  -1.3716000e+00  -1.4602000e+00  -4.6561000e+00  -4.8460000e+00
  -1.1796000e+00  -9.0260000e-01  -1.1838000e+00  -1.1230000e+00  -4.3203000e+00  -4.8461000e+00
  -1.9991000e+00  -1.8194000e+00  -1.6861000e+00  -1.5092000e+00  -3.7768000e+00  -4.4944000e+00
  -2.7369000e+00  -2.6454000e+00  -2.6738000e+00  -2.6662000e+00  -3.3157000e+00  -4.3819000e+00
  -1.9089000e+00  -1.7061000e+00  -2.1533000e+00  -2.2925000e+00  -3.4279000e+00  -4.0396000e+00
  -2.1776000e+00  -2.4360000e+00  -2.2117000e+00  -2.1922000e+00  -3.5285000e+00  -3.5769000e+00
  -3.1345000e+00  -3.5807000e+00  -3.0284000e+00  -2.9710000e+00  -3.5338000e+00  -3.6950000e+00
  -3.7835000e+00  -3.8363000e+00  -3.6646000e+00  -3.6929000e+00  -3.8216000e+00  -4.0869000e+00
  -4.1393000e+00  -4.2321000e+00  -4.1349000e+00  -4.2050000e+00  -3.9118000e+00  -3.7592000e+00
  -4.3793000e+00  -4.4413000e+00  -4.3446000e+00  -4.4219000e+00  -3.9878000e+00  -3.7425000e+00
  -5.1596000e+00  -5.1610000e+00  -4.9609000e+00  -5.0115000e+00  -4.1343000e+00  -3.7046000e+00
  -5.9896000e+00  -5.9249000e+00  -5.5698000e+00  -5.4743000e+00  -4.2454000e+00  -3.6322000e+00
  -5.7785000e+00  -5.7912000e+00  -5.7538000e+00  -5.9301000e+00  -4.4543000e+00  -3.4606000e+00
  -6.3906000e+00  -6.3097000e+00  -5.9785000e+00  -5.9353000e+00  -4.5600000e+00  -3.3034000e+00
  -6.5229000e+00  -6.3758000e+00  -6.3024000e+00  -6.3722000e+00  -4.5192000e+00  -3.2880000e+00
  -6.2441000e+00  -6.1672000e+00  -6.0367000e+00  -6.1336000e+00  -4.5710000e+00  -3.3748000e+00
  -6.2550000e+00  -6.2610000e+00  -6.0982000e+00  -6.1828000e+00  -4.7145000e+00  -3.3275000e+00
  -6.3761000e+00  -6.4352000e+00  -6.1437000e+00  -6.1820000e+00  -4.8748000e+00  -3.2216000e+00
  -6.4956000e+00  -6.3757000e+00  -6.2743000e+00  -6.4101000e+00  -4.6695000e+00  -3.1843000e+00
  -6.6724000e+00  -6.4511000e+00  -6.4427000e+00  -6.5161000e+00  -4.3898000e+00  -3.2562000e+00
  -6.3970000e+00  -5.9459000e+00  -6.1756000e+00  -6.2734000e+00  -4.4509000e+00  -3.4103000e+00
  -5.9879000e+00  -5.5907000e+00  -5.7680000e+00  -5.8488000e+00  -4.4099000e+00  -3.5049000e+00
  -5.7899000e+00  -5.5032000e+00  -5.6571000e+00  -5.7502000e+00  -4.2142000e+00  -3.4019000e+00
  -6.0231000e+00  -5.9880000e+00  -5.9065000e+00  -6.0370000e+00  -4.2745000e+00  -3.3232000e+00
  -6.8777000e+00  -6.8943000e+00  -6.6961000e+00  -6.9217000e+00  -4.3097000e+00  -3.0904000e+00
  -7.8478000e+00  -7.8251000e+00  -7.6712000e+00  -7.8559000e+00  -4.2690000e+00  -2.9861000e+00
  -8.4469000e+00  -8.1106000e+00  -8.0782000e+00  -8.2315000e+00  -3.9393000e+00  -2.8167000e+00
  -8.6533000e+00  -8.3570000e+00  -8.3234000e+00  -8.4670000e+00  -3.6361000e+00  -2.6764000e+00
  -8.6473000e+00  -8.2684000e+00  -8.3089000e+00  -8.4407000e+00  -3.5175000e+00  -2.3522000e+00
  -8.4984000e+00  -8.1368000e+00  -8.1925000e+00  -8.3409000e+00  -3.2561000e+00  -2.0795000e+00
  -8.4384000e+00  -8.1143000e+00  -8.1450000e+00  -8.2910000e+00  -3.0128000e+00  -1.9410000e+00
  -8.5367000e+00  -8.2420000e+00  -8.2472000e+00  -8.3916000e+00  -2.9081000e+00  -1.6230000e+00
  -8.5505000e+00  -8.2765000e+00  -8.2798000e+00  -8.4365000e+00  -2.7940000e+00  -1.5680000e+00
  -8.3668000e+00  -8.0890000e+00  -8.1005000e+00  -8.2527000e+00  -2.5123000e+00  -1.4028000e+00
  -8.2974000e+00  -8.0010000e+00  -8.0513000e+00  -8.2046000e+00  -2.4429000e+00  -1.6078000e+00
  -8.2231000e+00  -7.9096000e+00  -8.0094000e+00  -8.1658000e+00  -2.2912000e+00  -1.5174000e+00
  -8.1945000e+00  -7.8562000e+00  -7.9732000e+00  -8.1042000e+00  -2.3161000e+00  -1.4515000e+00
  -7.9777000e+00  -7.7322000e+00  -7.7954000e+00  -7.9272000e+00  -3.1582000e+00  -1.7379000e+00
  -8.0344000e+00  -7.8224000e+00  -7.8412000e+00  -7.9381000e+00  -4.6621000e+00  -1.8981000e+00
  -8.0270000e+00  -7.8120000e+00  -7.8396000e+00  -7.9718000e+00  -5.1466000e+00  -2.3631000e+00
  -7.9404000e+00  -7.7545000e+00  -7.7371000e+00  -7.8584000e+00  -4.6431000e+00  -3.2804000e+00
  -8.0733000e+00  -7.8587000e+00  -7.8644000e+00  -7.9670000e+00  -4.3642000e+00  -4.2256000e+00
  -8.1788000e+00  -7.9821000e+00  -7.9800000e+00  -8.0835000e+00  -4.5674000e+00  -4.6580000e+00
  -8.0390000e+00  -7.9110000e+00  -7.8630000e+00  -7.9742000e+00  -4.4651000e+00  -4.7888000e+00
  -7.6735000e+00  -7.5304000e+00  -7.4891000e+00  -7.5660000e+00  -4.1021000e+00  -4.4979000e+00
  -7.2771000e+00  -7.1999000e+00  -7.1241000e+00  -7.2052000e+00  -4.1590000e+00  -4.3998000e+00
  -6.5660000e+00  -6.5140000e+00  -6.4514000e+00  -6.5166000e+00  -4.1474000e+00  -4.2300000e+00
  -6.3328000e+00  -6.2967000e+00  -6.2517000e+00  -6.3127000e+00  -4.3313000e+00  -4.4496000e+00
  -6.0145000e+00  -5.9488000e+00  -5.9338000e+00  -5.9649000e+00  -5.0157000e+00  -4.4935000e+00
  -5.8031000e+00  -5.7264000e+00  -5.7113000e+00  -5.7126000e+00  -4.7053000e+00  -4.4014000e+00
  -5.3809000e+00  -5.2967000e+00  -5.3373000e+00  -5.3449000e+00  -4.6631000e+00  -4.6206000e+00
  -5.4895000e+00  -5.4257000e+00  -5.4529000e+00  -5.4657000e+00  -5.0234000e+00  -4.8907000e+00
  -5.1470000e+00  -5.0936000e+00  -5.1232000e+00  -5.1226000e+00  -5.0754000e+00  -4.4937000e+00
  -5.0101000e+00  -5.0803000e+00  -5.0270000e+00  -5.0560000e+00  -4.6356000e+00  -3.9673000e+00
  -4.7337000e+00  -4.6735000e+00  -4.6882000e+00  -4.6599000e+00  -4.3233000e+00  -3.9631000e+00
  -4.6958000e+00  -4.7109000e+00  -4.6882000e+00  -4.6833000e+00  -4.3337000e+00  -3.9309000e+00
  -4.5109000e+00  -4.4660000e+00  -4.5089000e+00  -4.4832000e+00  -4.1273000e+00  -3.6356000e+00
  -4.8783000e+00  -4.8122000e+00  -4.8562000e+00  -4.8362000e+00  -3.6994000e+00  -3.3262000e+00
  -4.9532000e+00  -4.9026000e+00  -4.9198000e+00  -4.8916000e+00  -3.4443000e+00  -3.0012000e+00
  -4.8358000e+00  -4.7787000e+00  -4.8105000e+00  -4.7817000e+00  -3.4739000e+00  -2.9848000e+00
  -5.0678000e+00  -4.9560000e+00  -5.0212000e+00  -4.9915000e+00  -3.5260000e+00  -3.1766000e+00
  -5.1176000e+00  -5.0307000e+00  -5.0830000e+00  -5.0626000e+00  -3.3313000e+00  -3.0418000e+00
  -5.3953000e+00  -5.3389000e+00  -5.3276000e+00  -5.3023000e+00  -3.0395000e+00  -3.3768000e+00
  -5.4500000e+00  -5.5373000e+00  -5.4132000e+00  -5.4072000e+00  -3.5155000e+00  -3.6540000e+00
  -4.9950000e+00  -5.0973000e+00  -4.9720000e+00  -4.9612000e+00  -3.3347000e+00  -3.5159000e+00
  -4.9907000e+00  -5.0415000e+00  -4.9787000e+00  -4.9794000e+00  -3.3706000e+00  -3.7668000e+00
  -4.8072000e+00  -4.9374000e+00  -4.8237000e+00  -4.8368000e+00  -3.4209000e+00  -3.7524000e+00
  -4.5902000e+00  -4.6995000e+00  -4.6066000e+00  -4.5996000e+00  -3.3685000e+00  -3.9417000e+00
  -4.6944000e+00  -4.7871000e+00  -4.7328000e+00  -4.7390000e+00  -3.5994000e+00  -4.2594000e+00
  -4.7978000e+00  -4.8550000e+00  -4.8302000e+00  -4.8292000e+00  -3.7683000e+00  -4.2756000e+00
  -4.9082000e+00  -4.9566000e+00  -4.9401000e+00  -4.9365000e+00  -3.7602000e+00  -4.3292000e+00
  -4.7881000e+00  -4.8743000e+00  -4.8603000e+00  -4.8727000e+00  -3.9155000e+00  -4.3856000e+00
  -4.8132000e+00  -4.8106000e+00  -4.8633000e+00  -4.8578000e+00  -3.8141000e+00  -4.2798000e+00
  -4.9885000e+00  -4.9410000e+00  -5.0188000e+00  -5.0065000e+00  -3.7760000e+00  -4.2409000e+00
  -5.0386000e+00  -5.0106000e+00  -5.0683000e+00  -5.0630000e+00  -3.8068000e+00  -4.1839000e+00
  -5.0246000e+00  -5.0007000e+00  -5.0559000e+00  -5.0516000e+00  -3.8836000e+00  -4.0550000e+00
  -4.9698000e+00  -4.9500000e+00  -4.9961000e+00  -4.9880000e+00  -4.0366000e+00  -4.1509000e+00
  -4.8136000e+00  -4.7930000e+00  -4.8351000e+00  -4.8232000e+00  -4.3696000e+00  -4.3961000e+00
  -4.7486000e+00  -4.6873000e+00  -4.7497000e+00  -4.7274000e+00  -4.6302000e+00  -4.5240000e+00
  -4.7962000e+00  -4.6953000e+00  -4.7704000e+00  -4.7378000e+00  -4.7087000e+00  -4.4658000e+00
  -4.7259000e+00  -4.6663000e+00  -4.7141000e+00  -4.6917000e+00  -4.8014000e+00  -4.6018000e+00
  -4.7269000e+00  -4.6591000e+00  -4.7148000e+00  -4.6922000e+00  -4.9342000e+00  -4.8006000e+00
  -4.7388000e+00  -4.6627000e+00  -4.7215000e+00  -4.7005000e+00  -4.9689000e+00  -4.7707000e+00
  -4.6228000e+00  -4.5545000e+00  -4.6191000e+00  -4.6090000e+00  -4.9650000e+00  -4.5510000e+00
  -4.5041000e+00  -4.4280000e+00  -4.4988000e+00  -4.4905000e+00  -4.8648000e+00  -4.3096000e+00
  -4.3436000e+00  -4.2957000e+00  -4.3428000e+00  -4.3377000e+00  -4.7113000e+00  -4.0713000e+00
  -4.1870000e+00  -4.1635000e+00  -4.1774000e+00  -4.1710000e+00  -4.4983000e+00  -3.7951000e+00
  -4.0120000e+00  -4.0174000e+00  -3.9841000e+00  -3.9721000e+00  -4.1658000e+00  -3.3880000e+00
  -3.9139000e+00  -3.9371000e+00  -3.8702000e+00  -3.8568000e+00  -3.6444000e+00  -2.9577000e+00
  -3.8035000e+00  -3.8213000e+00  -3.7260000e+00  -3.7068000e+00  -3.0758000e+00  -2.5611000e+00
  -3.6891000e+00  -3.6402000e+00  -3.5745000e+00  -3.5596000e+00  -2.6390000e+00  -2.2701000e+00
  -3.5242000e+00  -3.4349000e+00  -3.3903000e+00  -3.3922000e+00  -2.1356000e+00  -1.8343000e+00
  -3.1838000e+00  -3.1208000e+00  -3.0769000e+00  -3.0875000e+00  -1.8539000e+00  -1.6518000e+00
  -2.7325000e+00  -2.6854000e+00  -2.6630000e+00  -2.6808000e+00  -1.7133000e+00  -1.6648000e+00
  -2.2920000e+00  -2.1978000e+00  -2.1821000e+00  -2.1548000e+00  -1.6786000e+00  -1.6754000e+00
  -1.9670000e+00  -1.8515000e+00  -1.7947000e+00  -1.7283000e+00  -1.5429000e+00  -1.6460000e+00
  -1.7162000e+00  -1.6123000e+00  -1.5400000e+00  -1.4837000e+00  -1.3136000e+00  -1.4465000e+00
  -1.5210000e+00  -1.4171000e+00  -1.3754000e+00  -1.3397000e+00  -1.0727000e+00  -1.3320000e+00
  -1.2374000e+00  -1.0643000e+00  -1.0889000e+00  -1.0698000e+00  -8.5670000e-01  -1.1546000e+00
  -9.3330000e-01  -7.8730000e-01  -7.7180000e-01  -6.9430000e-01  -9.0150000e-01  -1.0420000e+00
  -7.3910000e-01  -4.7660000e-01  -4.7230000e-01  -3.7450000e-01  -9.3850000e-01  -9.7320000e-01
  -3.9880000e-01  -2.5120000e-01  -3.6430000e-01  -3.9650000e-01  -1.0362000e+00  -9.1390000e-01
  -4.9590000e-01  -3.1950000e-01  -4.5170000e-01  -4.1860000e-01  -1.0075000e+00  -1.0600000e+00
  -7.3930000e-01  -4.2870000e-01  -5.3360000e-01  -4.6780000e-01  -9.2010000e-01  -1.2861000e+00
  -8.0070000e-01  -4.2710000e-01  -5.1720000e-01  -5.1050000e-01  -1.1288000e+00  -1.3022000e+00
  -7.4920000e-01  -3.5150000e-01  -4.6470000e-01  -5.0400000e-01  -1.2537000e+00  -1.1421000e+00
  -8.9770000e-01  -4.4630000e-01  -5.7370000e-01  -5.8100000e-01  -8.5170000e-01  -1.3482000e+00
  -1.2433000e+00  -7.2990000e-01  -8.8240000e-01  -8.6990000e-01  -7.8380000e-01  -1.5072000e+00
  -1.6199000e+00  -1.0698000e+00  -1.2387000e+00  -1.2250000e+00  -1.1745000e+00  -1.7230000e+00
  -1.7844000e+00  -1.1923000e+00  -1.3530000e+00  -1.3212000e+00  -1.1675000e+00  -1.4152000e+00
  -1.8474000e+00  -1.3300000e+00  -1.4446000e+00  -1.4408000e+00  -1.0192000e+00  -1.1573000e+00
  -1.5426000e+00  -9.5490000e-01  -1.1541000e+00  -1.1166000e+00  -8.9210000e-01  -1.2016000e+00
  -1.3961000e+00  -8.3830000e-01  -1.0185000e+00  -9.6490000e-01  -1.0201000e+00  -1.5302000e+00
  -1.4785000e+00  -8.3030000e-01  -1.0383000e+00  -9.5660000e-01  -4.0270000e-01  -1.0216000e+00
  -1.5838000e+00  -1.0083000e+00  -1.1939000e+00  -1.1367000e+00   7.7200000e-02  -4.8780000e-01
  -1.5073000e+00  -1.0926000e+00  -1.1761000e+00  -1.1432000e+00   6.4730000e-01  -3.1620000e-01
  -1.3929000e+00  -1.0155000e+00  -1.0972000e+00  -1.0758000e+00   9.3020000e-01  -2.0790000e-01
  -1.3082000e+00  -8.5540000e-01  -9.7900000e-01  -9.3150000e-01   1.1827000e+00  -2.9270000e-01
  -1.1465000e+00  -6.7690000e-01  -8.3350000e-01  -7.9750000e-01   1.2180000e+00  -2.9880000e-01
  -9.9530000e-01  -5.5750000e-01  -7.2030000e-01  -6.9080000e-01   1.0055000e+00  -2.3620000e-01
  -6.8210000e-01  -4.0560000e-01  -4.5280000e-01  -4.3700000e-01   7.7990000e-01  -2.3640000e-01
  -4.2360000e-01  -2.9660000e-01  -2.5490000e-01  -2.6670000e-01   5.2350000e-01   4.2900000e-02
  -1.5910000e-01  -2.6000000e-03   5.4000000e-03  -1.0000000e-03   2.6790000e-01   3.1560000e-01
  -6.3200000e-02   2.5510000e-01   1.7080000e-01   1.9640000e-01   5.0100000e-02   4.0520000e-01
  -2.6900000e-02   2.5060000e-01   1.6090000e-01   1.7250000e-01  -3.8300000e-02   4.3520000e-01
   7.8600000e-02   3.4370000e-01   2.5470000e-01   2.7340000e-01  -3.3340000e-01   3.9720000e-01
   2.9460000e-01   4.9070000e-01   4.6100000e-01   4.7440000e-01  -5.7860000e-01   8.0280000e-01
   4.8350000e-01   7.7900000e-01   6.7760000e-01   7.1080000e-01  -3.1140000e-01   1.4713000e+00
   7.3190000e-01   1.0670000e+00   9.1750000e-01   9.5340000e-01   4.2900000e-02   1.9724000e+00
   8.6150000e-01   1.1936000e+00   1.1041000e+00   1.1688000e+00   6.0180000e-01   2.0111000e+00
   6.8270000e-01   9.3570000e-01   9.2910000e-01   1.0100000e+00   1.2002000e+00   1.7296000e+00
   8.4590000e-01   1.0497000e+00   9.7650000e-01   9.8730000e-01   1.6340000e+00   1.0224000e+00
   1.0464000e+00   1.3254000e+00   1.1752000e+00   1.2041000e+00   3.5466000e+00   8.3650000e-01
   1.0316000e+00   1.1843000e+00   1.1633000e+00   1.1983000e+00   3.5919000e+00   7.4860000e-01
   1.2496000e+00   1.3066000e+00   1.3103000e+00   1.3184000e+00   2.8194000e+00   6.2780000e-01
   1.3848000e+00   1.4773000e+00   1.4493000e+00   1.4680000e+00   2.1491000e+00   8.5840000e-01
   1.1562000e+00   1.2361000e+00   1.2311000e+00   1.2564000e+00   1.8176000e+00   1.0713000e+00
   1.3358000e+00   1.3084000e+00   1.2994000e+00   1.2747000e+00   1.7080000e+00   1.1946000e+00
   1.6059000e+00   1.4329000e+00   1.5092000e+00   1.4542000e+00   1.8201000e+00   1.3323000e+00
   1.9368000e+00   1.7054000e+00   1.7506000e+00   1.6567000e+00   2.1611000e+00   1.5394000e+00
   2.1021000e+00   1.9735000e+00   1.9612000e+00   1.8931000e+00   2.4772000e+00   1.7452000e+00
   2.2538000e+00   2.1406000e+00   2.1036000e+00   2.0399000e+00   2.5672000e+00   2.0370000e+00
   2.3274000e+00   2.2909000e+00   2.2050000e+00   2.1611000e+00   2.3676000e+00   2.1191000e+00
   2.3334000e+00   2.2949000e+00   2.2260000e+00   2.1889000e+00   2.2313000e+00   2.1888000e+00
   2.3472000e+00   2.2740000e+00   2.2495000e+00   2.2188000e+00   2.3586000e+00   2.2285000e+00
   2.4152000e+00   2.3781000e+00   2.3378000e+00   2.3238000e+00   2.1836000e+00   2.1024000e+00
   2.3463000e+00   2.4305000e+00   2.3140000e+00   2.3248000e+00   2.0503000e+00   1.9662000e+00
   2.3747000e+00   2.4662000e+00   2.3607000e+00   2.3803000e+00   2.1919000e+00   1.9215000e+00
   2.3612000e+00   2.4765000e+00   2.3686000e+00   2.4041000e+00   2.4017000e+00   2.2152000e+00
   2.2603000e+00   2.3752000e+00   2.2960000e+00   2.3466000e+00   2.4552000e+00   2.3592000e+00
   2.0627000e+00   2.1947000e+00   2.1099000e+00   2.1600000e+00   2.5667000e+00   2.4737000e+00
   1.9499000e+00   2.0322000e+00   1.9955000e+00   2.0372000e+00   2.5313000e+00   2.5589000e+00
   1.9666000e+00   2.0095000e+00   1.9839000e+00   2.0112000e+00   2.4970000e+00   2.6495000e+00
   1.7877000e+00   1.9079000e+00   1.8253000e+00   1.8646000e+00   2.3727000e+00   2.6357000e+00
   1.6968000e+00   1.8088000e+00   1.7181000e+00   1.7480000e+00   2.3487000e+00   2.7466000e+00
   1.6741000e+00   1.7639000e+00   1.6809000e+00   1.7033000e+00   2.2796000e+00   2.7238000e+00
   1.6411000e+00   1.6670000e+00   1.6298000e+00   1.6410000e+00   2.2202000e+00   2.6148000e+00
   1.7933000e+00   1.7842000e+00   1.7699000e+00   1.7734000e+00   2.2165000e+00   2.5234000e+00
   1.8669000e+00   1.8555000e+00   1.8487000e+00   1.8559000e+00   2.2094000e+00   2.5027000e+00
   1.8422000e+00   1.8481000e+00   1.8455000e+00   1.8594000e+00   2.1736000e+00   2.4137000e+00
   1.7851000e+00   1.7879000e+00   1.7976000e+00   1.8177000e+00   2.3644000e+00   2.5093000e+00
   1.7569000e+00   1.7500000e+00   1.7558000e+00   1.7628000e+00   2.5999000e+00   2.5882000e+00
   1.8045000e+00   1.7410000e+00   1.7732000e+00   1.7534000e+00   2.7453000e+00   2.6355000e+00
   1.9170000e+00   1.8326000e+00   1.8719000e+00   1.8423000e+00   2.7894000e+00   2.5894000e+00
   2.0258000e+00   1.9256000e+00   1.9744000e+00   1.9421000e+00   2.7914000e+00   2.6052000e+00
   2.2039000e+00   2.0676000e+00   2.1286000e+00   2.0867000e+00   2.6225000e+00   2.4502000e+00
   2.4498000e+00   2.3130000e+00   2.3648000e+00   2.3251000e+00   2.3898000e+00   2.2361000e+00
   2.5081000e+00   2.4253000e+00   2.4446000e+00   2.4161000e+00   2.1723000e+00   1.9944000e+00
   2.5985000e+00   2.5058000e+00   2.5355000e+00   2.5048000e+00   2.0523000e+00   1.8627000e+00
   2.7890000e+00   2.7364000e+00   2.7412000e+00   2.7313000e+00   1.9980000e+00   1.8003000e+00
   2.8298000e+00   2.8438000e+00   2.8083000e+00   2.8170000e+00   1.9679000e+00   1.7877000e+00
   2.8596000e+00   2.8974000e+00   2.8445000e+00   2.8556000e+00   2.0170000e+00   1.8512000e+00
   2.9119000e+00   2.9394000e+00   2.8847000e+00   2.8908000e+00   2.2157000e+00   2.0314000e+00
   3.0048000e+00   3.0631000e+00   2.9917000e+00   3.0102000e+00   2.4401000e+00   2.2260000e+00
   2.9305000e+00   3.0368000e+00   2.9436000e+00   2.9786000e+00   2.6336000e+00   2.3907000e+00
   2.8341000e+00   2.9559000e+00   2.8735000e+00   2.9235000e+00   2.8558000e+00   2.6295000e+00
   2.8229000e+00   2.9251000e+00   2.8565000e+00   2.9049000e+00   3.1130000e+00   2.8544000e+00
   2.8853000e+00   2.9710000e+00   2.9002000e+00   2.9370000e+00   3.2510000e+00   2.9241000e+00
   2.8660000e+00   2.9532000e+00   2.8788000e+00   2.9079000e+00   3.3565000e+00   2.9980000e+00
   2.8264000e+00   2.9123000e+00   2.8425000e+00   2.8676000e+00   3.4064000e+00   3.0572000e+00
   2.8796000e+00   2.9225000e+00   2.8763000e+00   2.8904000e+00   3.4659000e+00   3.1792000e+00
   3.0552000e+00   3.0554000e+00   3.0221000e+00   3.0213000e+00   3.6051000e+00   3.3427000e+00
   3.2420000e+00   3.2352000e+00   3.1913000e+00   3.1868000e+00   3.7030000e+00   3.4061000e+00
   3.3996000e+00   3.3975000e+00   3.3520000e+00   3.3493000e+00   3.7121000e+00   3.4243000e+00
   3.5107000e+00   3.5183000e+00   3.4659000e+00   3.4641000e+00   3.8774000e+00   3.5904000e+00
   3.5996000e+00   3.5918000e+00   3.5635000e+00   3.5659000e+00   4.0630000e+00   3.6933000e+00
   3.6597000e+00   3.6179000e+00   3.6158000e+00   3.6199000e+00   3.7303000e+00   3.2380000e+00
   3.6303000e+00   3.6640000e+00   3.6470000e+00   3.6768000e+00   3.4148000e+00   3.0451000e+00
   3.6065000e+00   3.6370000e+00   3.6215000e+00   3.6650000e+00   3.7651000e+00   3.2964000e+00
   3.6085000e+00   3.6943000e+00   3.6189000e+00   3.6255000e+00   4.0018000e+00   3.3589000e+00
   3.4425000e+00   3.5527000e+00   3.5063000e+00   3.5442000e+00   3.9141000e+00   3.2486000e+00
   3.5236000e+00   3.6881000e+00   3.6500000e+00   3.6931000e+00   3.6420000e+00   3.0785000e+00
   3.6668000e+00   3.8625000e+00   3.7877000e+00   3.8246000e+00   3.4946000e+00   3.1475000e+00
   3.6729000e+00   3.9898000e+00   3.8500000e+00   3.9033000e+00   4.0911000e+00   3.7498000e+00
   3.5894000e+00   4.0031000e+00   3.8257000e+00   3.8841000e+00   4.4837000e+00   4.2867000e+00
   3.3907000e+00   3.8870000e+00   3.7060000e+00   3.7757000e+00   4.6260000e+00   4.5093000e+00
   3.1945000e+00   3.7940000e+00   3.5932000e+00   3.6692000e+00   4.6092000e+00   4.3414000e+00
   3.0490000e+00   3.6908000e+00   3.4595000e+00   3.5192000e+00   4.1855000e+00   4.0887000e+00
   2.9380000e+00   3.6628000e+00   3.3985000e+00   3.4750000e+00   4.1110000e+00   4.4205000e+00
   2.9148000e+00   3.6722000e+00   3.3769000e+00   3.4372000e+00   4.5217000e+00   4.8850000e+00
   2.9906000e+00   3.6760000e+00   3.4165000e+00   3.4575000e+00   5.0446000e+00   5.3395000e+00
   3.1299000e+00   3.8500000e+00   3.5785000e+00   3.6334000e+00   5.5315000e+00   5.6308000e+00
   3.2528000e+00   3.8488000e+00   3.6342000e+00   3.6645000e+00   5.6763000e+00   5.4765000e+00
   3.5165000e+00   4.0883000e+00   3.8922000e+00   3.9411000e+00   5.1794000e+00   5.2916000e+00
   3.7344000e+00   4.1808000e+00   4.0245000e+00   4.0469000e+00   4.8701000e+00   5.3630000e+00
   4.1534000e+00   4.5886000e+00   4.4135000e+00   4.4443000e+00   5.2141000e+00   5.8101000e+00
   4.1423000e+00   4.5193000e+00   4.4398000e+00   4.5581000e+00   5.6375000e+00   6.2725000e+00
   4.1478000e+00   4.3666000e+00   4.3867000e+00   4.4893000e+00   5.8152000e+00   6.8390000e+00
   4.2163000e+00   4.3673000e+00   4.4307000e+00   4.5382000e+00   6.5190000e+00   6.5835000e+00
   4.2868000e+00   4.4113000e+00   4.4463000e+00   4.5182000e+00   6.3781000e+00   5.8926000e+00
   4.6040000e+00   4.7143000e+00   4.7494000e+00   4.8223000e+00   6.0672000e+00   4.6998000e+00
   4.8898000e+00   5.0179000e+00   5.0080000e+00   5.1187000e+00   6.1897000e+00   4.3235000e+00
   4.8331000e+00   5.1887000e+00   5.1527000e+00   5.3115000e+00   5.9334000e+00   4.3755000e+00
   4.8203000e+00   5.2658000e+00   5.2427000e+00   5.3856000e+00   5.2813000e+00   4.5336000e+00
   4.7080000e+00   5.2050000e+00   5.1519000e+00   5.3708000e+00   4.9810000e+00   4.2109000e+00
   4.6838000e+00   5.2498000e+00   5.2166000e+00   5.3366000e+00   4.6197000e+00   3.7265000e+00
   4.6231000e+00   4.9991000e+00   5.0576000e+00   5.1490000e+00   4.9751000e+00   3.7066000e+00
   4.5230000e+00   4.7341000e+00   4.8441000e+00   4.8378000e+00   4.5360000e+00   3.7462000e+00
   4.5847000e+00   4.8250000e+00   4.9444000e+00   5.0376000e+00   3.8376000e+00   3.7147000e+00
   4.6641000e+00   5.0064000e+00   4.9895000e+00   5.1204000e+00   3.0208000e+00   3.1649000e+00
   4.7919000e+00   5.2288000e+00   5.1880000e+00   5.3424000e+00   2.6351000e+00   2.4621000e+00
   4.8187000e+00   5.2170000e+00   5.1688000e+00   5.3014000e+00   1.7454000e+00   2.0244000e+00
   5.2471000e+00   5.4462000e+00   5.4968000e+00   5.6463000e+00   1.2168000e+00   2.3542000e+00
   5.6923000e+00   6.0690000e+00   5.9884000e+00   6.2223000e+00  -1.0015000e+00   1.2914000e+00
   5.9508000e+00   6.4011000e+00   6.1331000e+00   6.3109000e+00  -8.2600000e-02   1.6890000e-01
   5.6619000e+00   6.1182000e+00   5.7349000e+00   5.8425000e+00   2.5620000e-01   2.8990000e-01
   5.2648000e+00   5.7350000e+00   5.4094000e+00   5.5240000e+00  -3.2000000e-01   3.8330000e-01
   5.0251000e+00   5.2928000e+00   5.0996000e+00   5.2613000e+00  -7.3960000e-01   4.3190000e-01
   4.9062000e+00   5.1896000e+00   5.0779000e+00   5.3010000e+00  -7.1960000e-01   7.9910000e-01
   5.1635000e+00   5.3836000e+00   5.3520000e+00   5.5879000e+00  -1.2820000e-01   1.0075000e+00
   5.5929000e+00   5.8054000e+00   5.6175000e+00   5.7803000e+00   9.3900000e-01   6.6960000e-01
   5.4565000e+00   5.7828000e+00   5.4670000e+00   5.6275000e+00  -9.3800000e-02   4.2230000e-01
   5.0097000e+00   5.4527000e+00   5.0063000e+00   5.1870000e+00  -3.7700000e-01  -6.9000000e-03
   4.1861000e+00   4.7244000e+00   4.3334000e+00   4.5356000e+00  -2.6500000e-01  -1.7320000e-01
   3.3302000e+00   4.1259000e+00   3.6350000e+00   3.8774000e+00  -8.5420000e-01   2.4350000e-01
   3.1750000e+00   3.8352000e+00   3.4875000e+00   3.5672000e+00  -2.7680000e-01   2.6850000e-01
   3.2380000e+00   3.5980000e+00   3.4546000e+00   3.5250000e+00   5.7620000e-01   9.2080000e-01
   3.1365000e+00   3.3477000e+00   3.3733000e+00   3.5175000e+00   1.1724000e+00   9.4070000e-01
   3.1812000e+00   3.1273000e+00   3.0322000e+00   2.9436000e+00   1.5464000e+00   6.7690000e-01
   2.4374000e+00   2.4566000e+00   2.1177000e+00   1.9619000e+00   1.4484000e+00   5.2440000e-01
   9.7540000e-01   1.2334000e+00   8.7150000e-01   7.9290000e-01   1.1081000e+00   5.0760000e-01
  -8.0100000e-02   3.7260000e-01   4.6200000e-02   4.6200000e-02   9.5450000e-01   4.4490000e-01
  -2.4940000e-01  -8.8700000e-02  -3.8000000e-03   5.1000000e-02   8.8880000e-01   5.7560000e-01
   4.8140000e-01   5.7330000e-01   6.8700000e-01   7.9700000e-01   8.1330000e-01   7.7650000e-01
   7.9110000e-01   1.1937000e+00   9.9050000e-01   9.9110000e-01   1.0376000e+00   1.0009000e+00
   3.5380000e-01   4.3510000e-01   4.2570000e-01   4.0060000e-01   9.0690000e-01   7.9250000e-01
   3.3050000e-01   2.1460000e-01   5.0210000e-01   4.6790000e-01   3.1010000e-01   1.3150000e-01
   7.2930000e-01   5.4300000e-01   9.8740000e-01   1.0130000e+00  -8.7150000e-01  -1.0599000e+00
   1.4864000e+00   1.2825000e+00   1.8406000e+00   1.9197000e+00  -2.6049000e+00  -2.2886000e+00
   2.2764000e+00   2.1283000e+00   2.5550000e+00   2.6605000e+00  -2.8847000e+00  -2.3377000e+00
   3.2283000e+00   3.0976000e+00   3.4443000e+00   3.6570000e+00  -3.4112000e+00  -1.5624000e+00
   3.5677000e+00   3.7037000e+00   3.7657000e+00   3.9221000e+00  -2.9148000e+00  -1.2093000e+00
   3.7567000e+00   3.7182000e+00   3.9083000e+00   3.9865000e+00  -1.7759000e+00  -1.0145000e+00
   3.9495000e+00   3.8391000e+00   4.1797000e+00   4.3045000e+00  -1.3959000e+00  -1.1466000e+00
   3.9862000e+00   3.6706000e+00   3.8813000e+00   3.8411000e+00  -1.5163000e+00  -1.0880000e+00
   3.2912000e+00   3.1599000e+00   3.3886000e+00   3.5239000e+00  -1.4453000e+00  -9.4580000e-01
   2.7529000e+00   3.5197000e+00   3.1947000e+00   3.4891000e+00  -1.3338000e+00  -7.3720000e-01
