   1.0263700e+01   1.0803800e+01   1.0829900e+01   1.1165400e+01   7.2456000e+00   7.0252000e+00
   1.0069700e+01   1.0515400e+01   1.0511100e+01   1.0792100e+01   6.6354000e+00   6.6159000e+00
   1.0040000e+01   1.0341000e+01   1.0430100e+01   1.0736100e+01   6.1753000e+00   6.3438000e+00
   9.8614000e+00   1.0119300e+01   1.0262100e+01   1.0591200e+01   6.0024000e+00   6.1461000e+00
   9.5866000e+00   9.8478000e+00   1.0020200e+01   1.0357400e+01   6.1164000e+00   6.2711000e+00
   9.3511000e+00   9.5962000e+00   9.7720000e+00   1.0081300e+01   6.0694000e+00   6.4376000e+00
   9.5403000e+00   9.7982000e+00   9.9240000e+00   1.0178800e+01   6.3442000e+00   6.8483000e+00
   9.7049000e+00   1.0003900e+01   1.0052100e+01   1.0263200e+01   6.7680000e+00   7.3079000e+00
   9.8623000e+00   1.0149000e+01   1.0156300e+01   1.0353600e+01   7.2817000e+00   7.8028000e+00
   1.0035700e+01   1.0348400e+01   1.0315300e+01   1.0531700e+01   7.6130000e+00   8.1123000e+00
   1.0122500e+01   1.0439000e+01   1.0404400e+01   1.0634600e+01   8.0200000e+00   8.3733000e+00
   1.0135200e+01   1.0469000e+01   1.0467200e+01   1.0747200e+01   8.1285000e+00   8.5401000e+00
   1.0050300e+01   1.0391000e+01   1.0428600e+01   1.0730400e+01   8.2416000e+00   8.6278000e+00
   1.0131100e+01   1.0504700e+01   1.0580700e+01   1.0921600e+01   8.2203000e+00   8.6394000e+00
   1.0399000e+01   1.0795000e+01   1.0867200e+01   1.1176400e+01   8.2918000e+00   8.7004000e+00
   1.0723100e+01   1.1088300e+01   1.1126300e+01   1.1373100e+01   8.3895000e+00   8.6961000e+00
   1.0776700e+01   1.1164100e+01   1.1182000e+01   1.1452700e+01   8.3799000e+00   8.4568000e+00
   1.0541100e+01   1.0938200e+01   1.0955200e+01   1.1263200e+01   8.1550000e+00   8.1526000e+00
   1.0247000e+01   1.0568300e+01   1.0658900e+01   1.0963600e+01   7.3145000e+00   7.3331000e+00
   1.0182800e+01   1.0423000e+01   1.0459100e+01   1.0760800e+01   6.8085000e+00   7.1732000e+00
   9.4960000e+00   9.8816000e+00   9.8413000e+00   1.0261700e+01   5.7781000e+00   6.3010000e+00
   9.0802000e+00   9.3710000e+00   9.3766000e+00   9.7069000e+00   4.8635000e+00   5.4086000e+00
   8.9465000e+00   8.9584000e+00   9.0604000e+00   9.2344000e+00   4.2726000e+00   4.7676000e+00
   9.0936000e+00   8.9700000e+00   9.1094000e+00   9.1703000e+00   4.1338000e+00   4.5764000e+00
   9.1132000e+00   9.0761000e+00   9.1359000e+00   9.1514000e+00   4.2043000e+00   4.9631000e+00
   9.1464000e+00   9.1301000e+00   9.1253000e+00   9.0965000e+00   4.8340000e+00   5.5000000e+00
   8.9977000e+00   8.9693000e+00   8.9857000e+00   8.9271000e+00   5.1673000e+00   5.4475000e+00
   8.9162000e+00   8.9121000e+00   8.9572000e+00   8.8541000e+00   5.0865000e+00   5.2198000e+00
   8.8456000e+00   8.9639000e+00   8.9650000e+00   8.8568000e+00   5.4615000e+00   5.3564000e+00
   9.0272000e+00   9.1583000e+00   9.0912000e+00   8.9768000e+00   6.0820000e+00   5.4052000e+00
   9.0424000e+00   9.2138000e+00   9.0813000e+00   8.9547000e+00   5.2656000e+00   4.9159000e+00
   8.9675000e+00   9.1862000e+00   9.0690000e+00   8.9419000e+00   5.3561000e+00   5.2773000e+00
   8.9342000e+00   9.1999000e+00   9.0751000e+00   8.9264000e+00   6.9838000e+00   5.8482000e+00
   8.8287000e+00   9.1983000e+00   9.0509000e+00   8.7954000e+00   5.8132000e+00   3.9232000e+00
   8.6979000e+00   9.2705000e+00   9.0779000e+00   8.7524000e+00   5.3658000e+00   3.3963000e+00
   8.3975000e+00   9.0913000e+00   8.8384000e+00   8.5659000e+00   6.5892000e+00   2.7543000e+00
   8.4596000e+00   9.0176000e+00   8.7920000e+00   8.5103000e+00   4.6687000e+00   2.3593000e+00
   8.2129000e+00   8.6996000e+00   8.4949000e+00   8.2755000e+00   4.1057000e+00   2.8520000e+00
   8.5622000e+00   8.7885000e+00   8.6954000e+00   8.4124000e+00   4.6435000e+00   3.0783000e+00
   8.7812000e+00   9.1556000e+00   9.0559000e+00   8.8256000e+00   4.6248000e+00   3.6210000e+00
   1.2510000e+01   1.3015000e+01   1.1772400e+01   1.1735800e+01   5.0351000e+00   3.6074000e+00
   7.6530000e+00   9.7211000e+00   7.7542000e+00   7.6553000e+00   5.0774000e+00   3.7812000e+00
   4.9252000e+00   5.9092000e+00   4.2742000e+00   3.5591000e+00   5.1960000e+00   4.4401000e+00
   6.9510000e-01   1.1610000e+00   1.4197000e+00   1.2246000e+00   5.9936000e+00   6.1484000e+00
   5.1400000e-02   1.9230000e-01  -3.0640000e-01  -8.9920000e-01   5.2313000e+00   6.7805000e+00
   1.4304000e+00   9.1160000e-01   8.2210000e-01   6.0190000e-01   6.1528000e+00   5.9393000e+00
   1.6000000e+00   1.0246000e+00   1.0512000e+00   9.6980000e-01   1.0347400e+01   7.1130000e+00
   1.5490000e+00   1.5588000e+00   1.4756000e+00   1.6284000e+00   8.8154000e+00   8.5149000e+00
   2.1513000e+00   2.1354000e+00   1.8639000e+00   1.6362000e+00   8.4108000e+00   7.3669000e+00
   3.0640000e+00   3.2935000e+00   3.0944000e+00   2.9029000e+00   9.1102000e+00   1.0017800e+01
   5.5702000e+00   5.9069000e+00   5.8459000e+00   5.8746000e+00   9.9539000e+00   1.0577100e+01
   7.4526000e+00   7.6082000e+00   7.8429000e+00   7.9722000e+00   1.0998800e+01   1.0938200e+01
   8.8679000e+00   9.0544000e+00   1.0053900e+01   1.0881500e+01   1.1256400e+01   1.1178300e+01
   1.1553000e+01   1.2106800e+01   1.1773600e+01   1.2181800e+01   1.0544400e+01   9.1994000e+00
   1.1549200e+01   1.2372000e+01   1.1823600e+01   1.2309500e+01   1.0752500e+01   9.2255000e+00
   1.0153200e+01   1.1451800e+01   1.0871500e+01   1.1227000e+01   9.1838000e+00   6.3591000e+00
   1.0450100e+01   1.1571200e+01   1.1169000e+01   1.1499700e+01   8.3546000e+00   4.6443000e+00
   1.1908600e+01   1.2671200e+01   1.2829600e+01   1.3351300e+01   5.1186000e+00   4.6967000e+00
   1.0952400e+01   1.2502200e+01   1.1949600e+01   1.2667000e+01   2.6143000e+00   2.1342000e+00
   1.0727400e+01   1.1884500e+01   1.1467000e+01   1.1840700e+01   1.5531000e+00  -1.0006000e+00
   1.0143500e+01   1.0904800e+01   1.0612200e+01   1.1050500e+01   1.5039000e+00  -6.6210000e-01
   9.6797000e+00   1.0900700e+01   1.0698000e+01   1.1267500e+01   1.6510000e+00   1.8548000e+00
   1.0966000e+01   1.1909400e+01   1.1428800e+01   1.1784200e+01   1.2562000e+00   3.3258000e+00
   1.1246400e+01   1.2542900e+01   1.1934800e+01   1.2232800e+01  -1.2015000e+00   2.3699000e+00
   1.1059800e+01   1.2092500e+01   1.2074900e+01   1.2342900e+01  -3.1815000e+00   4.0450000e-01
   1.1504200e+01   1.3046400e+01   1.3237300e+01   1.4007400e+01  -2.7705000e+00  -8.8110000e-01
   1.4095000e+01   1.4530300e+01   1.4218800e+01   1.4273300e+01  -4.5295000e+00  -2.4724000e+00
   1.4498700e+01   1.4238700e+01   1.4518600e+01   1.4797500e+01  -7.6233000e+00  -3.1970000e+00
   1.5459800e+01   1.5985300e+01   1.6201200e+01   1.6663800e+01  -7.8798000e+00  -6.0249000e+00
   1.6240200e+01   1.6537600e+01   1.6130500e+01   1.5883500e+01  -7.7712000e+00  -9.1611000e+00
   1.2810400e+01   1.3101600e+01   1.3631800e+01   1.4490500e+01  -5.8859000e+00  -3.5928000e+00
   1.5461400e+01   1.5041000e+01   1.5774700e+01   1.6431600e+01  -5.1113000e+00  -4.2127000e+00
   1.4466700e+01   1.4406500e+01   1.5422600e+01   1.6285100e+01  -3.6135000e+00  -4.7485000e+00
   9.4214000e+00   1.1433200e+01   9.6496000e+00   9.9771000e+00  -1.7114000e+00  -4.9295000e+00
   5.9137000e+00   7.4711000e+00   4.4999000e+00   4.3742000e+00  -1.9305000e+00  -3.8691000e+00
   6.7790000e+00   9.5771000e+00   3.6933000e+00   1.1041000e+00  -2.7822000e+00  -3.4841000e+00
   7.2717000e+00   6.8972000e+00   6.7510000e+00   6.6250000e+00  -3.4007000e+00  -3.3807000e+00
   8.2285000e+00   8.8906000e+00   1.0282600e+01   1.1521400e+01  -2.4216000e+00  -3.6597000e+00
   8.9432000e+00   1.0189500e+01   7.3072000e+00   7.0865000e+00  -1.6496000e+00  -3.2951000e+00
   7.6724000e+00   9.1157000e+00   5.9188000e+00   4.2021000e+00  -7.1190000e-01  -1.9360000e+00
   6.1558000e+00   6.9974000e+00   5.2797000e+00   4.4956000e+00   1.1200000e-01  -9.1650000e-01
   5.1231000e+00   5.4481000e+00   5.2903000e+00   5.6883000e+00   3.2430000e-01  -5.4570000e-01
   4.6514000e+00   4.3280000e+00   4.5639000e+00   4.6177000e+00   6.0520000e-01  -6.1170000e-01
   4.3878000e+00   3.7849000e+00   4.1602000e+00   4.1904000e+00  -7.0740000e-01  -6.0500000e-02
   5.1755000e+00   4.5063000e+00   5.0510000e+00   4.8004000e+00  -1.6256000e+00  -3.6280000e-01
   4.2418000e+00   4.6038000e+00   5.1595000e+00   5.4762000e+00  -1.1643000e+00  -9.3320000e-01
   4.1687000e+00   5.0396000e+00   4.9750000e+00   5.3110000e+00  -1.1310000e+00  -8.7860000e-01
   4.7791000e+00   5.2926000e+00   4.8772000e+00   4.8814000e+00  -5.5367000e+00  -2.1991000e+00
   5.0875000e+00   5.6292000e+00   5.4029000e+00   5.5755000e+00  -7.5030000e+00  -5.6580000e+00
   4.3744000e+00   4.8091000e+00   4.8830000e+00   5.1967000e+00  -7.3163000e+00  -6.3824000e+00
   3.2577000e+00   3.4095000e+00   3.7111000e+00   4.0073000e+00  -7.1963000e+00  -6.0906000e+00
   3.0827000e+00   3.3935000e+00   3.4487000e+00   3.6575000e+00  -7.0993000e+00  -5.9886000e+00
   2.7171000e+00   2.9264000e+00   3.0769000e+00   3.3020000e+00  -7.0808000e+00  -6.1610000e+00
   2.8328000e+00   3.0464000e+00   2.9136000e+00   2.9826000e+00  -6.6804000e+00  -6.2624000e+00
   2.9645000e+00   3.2324000e+00   3.2015000e+00   3.3692000e+00  -6.0818000e+00  -6.1112000e+00
   2.5106000e+00   2.7634000e+00   2.8679000e+00   3.1104000e+00  -5.5955000e+00  -5.7135000e+00
   6.8180000e-01   1.2476000e+00   1.5562000e+00   2.0999000e+00  -5.1047000e+00  -5.1537000e+00
  -1.3863000e+00  -8.7270000e-01  -6.6550000e-01  -1.9830000e-01  -4.5182000e+00  -4.6148000e+00
  -2.7359000e+00  -2.4489000e+00  -2.2774000e+00  -1.9664000e+00  -4.4154000e+00  -4.0972000e+00
  -4.0908000e+00  -4.0681000e+00  -3.8226000e+00  -3.6325000e+00  -4.7098000e+00  -3.9177000e+00
  -5.0053000e+00  -5.0043000e+00  -4.9114000e+00  -4.8343000e+00  -4.8975000e+00  -3.9305000e+00
  -5.0572000e+00  -5.1008000e+00  -5.0945000e+00  -5.1132000e+00  -4.8426000e+00  -3.8909000e+00
  -5.1045000e+00  -5.1388000e+00  -5.1543000e+00  -5.1767000e+00  -4.5254000e+00  -3.8533000e+00
  -5.0532000e+00  -5.0534000e+00  -5.1680000e+00  -5.3525000e+00  -4.1030000e+00  -3.7356000e+00
  -4.8245000e+00  -4.8796000e+00  -4.9993000e+00  -5.0983000e+00  -3.6708000e+00  -3.6728000e+00
  -4.5465000e+00  -4.6381000e+00  -4.6616000e+00  -4.6765000e+00  -3.3437000e+00  -3.6493000e+00
  -4.1829000e+00  -4.2282000e+00  -4.2504000e+00  -4.3142000e+00  -3.3185000e+00  -3.5993000e+00
  -3.8339000e+00  -3.8508000e+00  -3.8846000e+00  -3.9455000e+00  -3.3608000e+00  -3.5441000e+00
  -3.5729000e+00  -3.5717000e+00  -3.5998000e+00  -3.6504000e+00  -3.4324000e+00  -3.5734000e+00
  -3.3720000e+00  -3.3667000e+00  -3.3443000e+00  -3.3749000e+00  -3.6959000e+00  -3.6763000e+00
  -3.5080000e+00  -3.4876000e+00  -3.4243000e+00  -3.4360000e+00  -3.9254000e+00  -3.9617000e+00
  -3.7368000e+00  -3.7174000e+00  -3.6505000e+00  -3.6575000e+00  -4.1986000e+00  -4.4189000e+00
  -4.0621000e+00  -4.0586000e+00  -3.9711000e+00  -3.9489000e+00  -4.3766000e+00  -4.8514000e+00
  -4.4471000e+00  -4.4456000e+00  -4.3322000e+00  -4.2878000e+00  -4.5552000e+00  -5.1531000e+00
  -4.9752000e+00  -5.0201000e+00  -4.8656000e+00  -4.7851000e+00  -4.9980000e+00  -5.4629000e+00
  -4.8207000e+00  -4.9077000e+00  -4.8694000e+00  -5.0094000e+00  -5.2907000e+00  -5.4248000e+00
  -4.8495000e+00  -4.9678000e+00  -4.9273000e+00  -4.9326000e+00  -4.7525000e+00  -5.1334000e+00
  -4.8350000e+00  -4.8537000e+00  -4.9234000e+00  -4.9866000e+00  -4.1216000e+00  -4.4614000e+00
  -4.8556000e+00  -4.9096000e+00  -4.9574000e+00  -5.0087000e+00  -4.0422000e+00  -4.2788000e+00
  -4.6143000e+00  -4.6297000e+00  -4.7364000e+00  -4.8237000e+00  -3.8151000e+00  -4.3099000e+00
  -4.5150000e+00  -4.3831000e+00  -4.5054000e+00  -4.4720000e+00  -3.7821000e+00  -4.4470000e+00
  -4.3766000e+00  -4.2807000e+00  -4.3699000e+00  -4.3518000e+00  -3.9511000e+00  -4.4745000e+00
  -4.2956000e+00  -4.1680000e+00  -4.2421000e+00  -4.1909000e+00  -4.0048000e+00  -4.5310000e+00
  -4.3750000e+00  -4.2816000e+00  -4.2980000e+00  -4.2284000e+00  -3.8832000e+00  -4.3767000e+00
  -4.4199000e+00  -4.3862000e+00  -4.3718000e+00  -4.3206000e+00  -3.7415000e+00  -4.2256000e+00
  -4.3499000e+00  -4.3039000e+00  -4.3120000e+00  -4.2835000e+00  -3.7755000e+00  -4.3357000e+00
  -4.2846000e+00  -4.2098000e+00  -4.2186000e+00  -4.1809000e+00  -3.9803000e+00  -4.5476000e+00
  -4.3906000e+00  -4.2425000e+00  -4.2480000e+00  -4.1799000e+00  -4.1447000e+00  -4.6872000e+00
  -4.5226000e+00  -4.3303000e+00  -4.3109000e+00  -4.1827000e+00  -4.1339000e+00  -4.7131000e+00
  -4.6152000e+00  -4.4218000e+00  -4.4126000e+00  -4.2770000e+00  -4.0916000e+00  -4.6838000e+00
  -4.5601000e+00  -4.3857000e+00  -4.3869000e+00  -4.2707000e+00  -4.1761000e+00  -4.7203000e+00
  -4.5368000e+00  -4.3758000e+00  -4.3780000e+00  -4.2814000e+00  -4.3460000e+00  -4.7988000e+00
  -4.5910000e+00  -4.4084000e+00  -4.4073000e+00  -4.2980000e+00  -4.4845000e+00  -4.7682000e+00
  -4.6729000e+00  -4.4746000e+00  -4.4757000e+00  -4.3543000e+00  -4.6082000e+00  -4.7024000e+00
  -4.7839000e+00  -4.6142000e+00  -4.5813000e+00  -4.4546000e+00  -4.7803000e+00  -4.8078000e+00
  -4.8128000e+00  -4.6691000e+00  -4.6501000e+00  -4.5522000e+00  -4.9278000e+00  -4.9509000e+00
  -4.7753000e+00  -4.6854000e+00  -4.6382000e+00  -4.5545000e+00  -5.0013000e+00  -4.9799000e+00
  -4.7119000e+00  -4.6504000e+00  -4.5966000e+00  -4.5299000e+00  -4.9659000e+00  -4.9385000e+00
  -4.6212000e+00  -4.5764000e+00  -4.5225000e+00  -4.4665000e+00  -4.9044000e+00  -4.8554000e+00
  -4.5444000e+00  -4.4959000e+00  -4.4421000e+00  -4.3775000e+00  -4.8599000e+00  -4.7495000e+00
  -4.4739000e+00  -4.4519000e+00  -4.3758000e+00  -4.3101000e+00  -4.8212000e+00  -4.5897000e+00
  -4.4213000e+00  -4.3984000e+00  -4.3273000e+00  -4.2637000e+00  -4.7822000e+00  -4.3947000e+00
  -4.3151000e+00  -4.2628000e+00  -4.2180000e+00  -4.1529000e+00  -4.7809000e+00  -4.1792000e+00
  -4.2543000e+00  -4.1054000e+00  -4.1209000e+00  -4.0284000e+00  -4.8025000e+00  -4.0092000e+00
  -4.2122000e+00  -4.0252000e+00  -4.0784000e+00  -3.9747000e+00  -4.7559000e+00  -3.8926000e+00
  -4.1335000e+00  -3.9537000e+00  -4.0169000e+00  -3.9320000e+00  -4.6698000e+00  -3.7934000e+00
  -4.0575000e+00  -3.8339000e+00  -3.9340000e+00  -3.8472000e+00  -4.5652000e+00  -3.6926000e+00
  -3.9776000e+00  -3.7192000e+00  -3.8671000e+00  -3.7862000e+00  -4.4813000e+00  -3.5928000e+00
  -3.8441000e+00  -3.4907000e+00  -3.7317000e+00  -3.6526000e+00  -4.3827000e+00  -3.4263000e+00
  -3.6378000e+00  -3.2016000e+00  -3.5403000e+00  -3.4577000e+00  -4.2649000e+00  -3.2173000e+00
  -3.2674000e+00  -2.8538000e+00  -3.2105000e+00  -3.1295000e+00  -4.1373000e+00  -2.9956000e+00
  -2.9754000e+00  -2.5861000e+00  -2.9039000e+00  -2.8183000e+00  -4.0149000e+00  -2.7771000e+00
  -2.7994000e+00  -2.3324000e+00  -2.6982000e+00  -2.6079000e+00  -3.8641000e+00  -2.5280000e+00
  -2.5913000e+00  -2.1459000e+00  -2.5540000e+00  -2.5191000e+00  -3.6824000e+00  -2.1636000e+00
  -2.7050000e+00  -2.1813000e+00  -2.5541000e+00  -2.4591000e+00  -3.5052000e+00  -1.6775000e+00
  -2.8675000e+00  -2.4583000e+00  -2.7185000e+00  -2.6435000e+00  -3.2418000e+00  -1.1778000e+00
  -3.1429000e+00  -2.8181000e+00  -2.9919000e+00  -2.9223000e+00  -2.9359000e+00  -6.7720000e-01
  -3.3567000e+00  -3.2141000e+00  -3.3330000e+00  -3.3067000e+00  -2.6459000e+00  -3.0740000e-01
  -2.8627000e+00  -2.5920000e+00  -2.8632000e+00  -3.0554000e+00  -2.2894000e+00  -7.9500000e-02
  -2.8957000e+00  -2.7606000e+00  -2.8312000e+00  -2.7155000e+00  -1.7204000e+00   7.4100000e-02
  -2.6926000e+00  -2.5356000e+00  -2.7321000e+00  -2.8366000e+00  -1.2438000e+00   2.6050000e-01
  -2.5015000e+00  -2.3520000e+00  -2.5256000e+00  -2.6145000e+00  -7.0260000e-01   5.7550000e-01
  -2.1372000e+00  -2.1529000e+00  -2.2074000e+00  -2.3312000e+00  -1.8080000e-01   9.3980000e-01
  -1.5891000e+00  -1.8057000e+00  -1.6957000e+00  -1.8261000e+00   2.0670000e-01   1.2218000e+00
  -9.9880000e-01  -1.2829000e+00  -1.1620000e+00  -1.2418000e+00   4.9900000e-01   1.2882000e+00
  -9.2000000e-03  -5.6220000e-01  -3.9030000e-01  -6.1300000e-01   7.7210000e-01   1.1880000e+00
   9.8640000e-01   5.1920000e-01   6.1790000e-01   4.5410000e-01   9.7000000e-01   1.0077000e+00
   1.2700000e+00   1.3632000e+00   1.1221000e+00   1.1502000e+00   1.1288000e+00   8.4160000e-01
   1.2079000e+00   1.5785000e+00   1.1672000e+00   1.2545000e+00   1.1477000e+00   6.7230000e-01
   1.0278000e+00   1.4591000e+00   1.0327000e+00   1.1152000e+00   1.0551000e+00   5.0240000e-01
   7.2820000e-01   1.1432000e+00   8.1360000e-01   8.8770000e-01   1.0592000e+00   3.9800000e-01
   6.6910000e-01   9.2220000e-01   7.4060000e-01   8.2380000e-01   1.0966000e+00   3.9360000e-01
   7.2160000e-01   9.0230000e-01   7.2000000e-01   7.4240000e-01   1.1258000e+00   5.4540000e-01
   8.0840000e-01   1.0981000e+00   8.8150000e-01   9.3060000e-01   1.0861000e+00   8.7700000e-01
   1.0229000e+00   9.6460000e-01   9.2260000e-01   8.7590000e-01   9.5990000e-01   1.1375000e+00
   1.4204000e+00   1.3198000e+00   1.3198000e+00   1.2748000e+00   7.2150000e-01   1.2184000e+00
   1.3696000e+00   1.6080000e+00   1.3832000e+00   1.4197000e+00   3.9700000e-01   1.0559000e+00
   1.3164000e+00   1.3637000e+00   1.2283000e+00   1.2041000e+00   6.7800000e-02   6.2900000e-01
   1.3173000e+00   1.3464000e+00   1.2967000e+00   1.3092000e+00  -1.6670000e-01   1.8900000e-02
   1.0291000e+00   1.1834000e+00   1.1922000e+00   1.2771000e+00  -3.4280000e-01  -6.6710000e-01
   1.3261000e+00   1.0275000e+00   1.2880000e+00   1.2880000e+00  -4.4670000e-01  -1.1630000e+00
   2.1051000e+00   1.6338000e+00   1.8687000e+00   1.7864000e+00  -6.5480000e-01  -1.4570000e+00
   2.0134000e+00   2.1912000e+00   2.0734000e+00   2.1247000e+00  -8.6660000e-01  -1.5942000e+00
   1.8859000e+00   1.8311000e+00   1.9032000e+00   1.9441000e+00  -1.0292000e+00  -1.5580000e+00
   1.9221000e+00   1.8859000e+00   1.9649000e+00   2.0116000e+00  -1.0335000e+00  -1.3537000e+00
   1.7907000e+00   1.8822000e+00   1.8925000e+00   1.9694000e+00  -9.9700000e-01  -9.6290000e-01
   1.8063000e+00   1.7987000e+00   1.8573000e+00   1.9029000e+00  -9.0430000e-01  -3.8330000e-01
   2.0889000e+00   2.0235000e+00   2.0750000e+00   2.0705000e+00  -7.1870000e-01   6.7800000e-02
   2.5790000e+00   2.4564000e+00   2.5015000e+00   2.4752000e+00  -3.9990000e-01   2.7910000e-01
   2.6671000e+00   2.8162000e+00   2.8060000e+00   2.8931000e+00   1.7050000e-01   6.3750000e-01
   2.1704000e+00   2.4992000e+00   2.4648000e+00   2.6507000e+00   1.0026000e+00   1.0846000e+00
   1.5394000e+00   1.8996000e+00   1.8380000e+00   2.0187000e+00   1.4898000e+00   1.4178000e+00
   1.0843000e+00   1.2732000e+00   1.3670000e+00   1.5345000e+00   1.7993000e+00   1.6943000e+00
   8.1120000e-01   9.8800000e-01   1.0368000e+00   1.1927000e+00   2.0790000e+00   1.9176000e+00
   5.2490000e-01   6.5020000e-01   8.3740000e-01   1.0257000e+00   2.3416000e+00   1.9693000e+00
   2.6550000e-01   3.1370000e-01   5.3220000e-01   7.4880000e-01   2.5342000e+00   1.9330000e+00
   1.6630000e-01   2.2670000e-01   3.3930000e-01   4.7350000e-01   2.6269000e+00   1.8860000e+00
   2.0200000e-02   1.1310000e-01   2.1260000e-01   3.3750000e-01   2.6924000e+00   1.9019000e+00
  -7.2000000e-02   1.8100000e-02   7.3300000e-02   1.9380000e-01   2.7211000e+00   1.9873000e+00
   1.8120000e-01   5.3400000e-02   1.0290000e-01   1.0650000e-01   2.7779000e+00   2.0977000e+00
   2.6480000e-01   2.8410000e-01   2.6750000e-01   2.5410000e-01   2.8204000e+00   2.2038000e+00
   2.1780000e-01   3.2030000e-01   2.8310000e-01   3.4380000e-01   2.8365000e+00   2.2894000e+00
   2.8640000e-01   3.4220000e-01   2.9570000e-01   3.0920000e-01   2.8773000e+00   2.3409000e+00
   3.4770000e-01   4.3360000e-01   3.5830000e-01   3.5510000e-01   2.9574000e+00   2.3422000e+00
   4.0360000e-01   5.0220000e-01   4.2110000e-01   4.2300000e-01   3.0616000e+00   2.3379000e+00
   4.5680000e-01   5.5540000e-01   4.7230000e-01   4.7110000e-01   3.1437000e+00   2.4166000e+00
   5.9530000e-01   6.6470000e-01   6.0200000e-01   5.8990000e-01   3.2041000e+00   2.6324000e+00
   8.3640000e-01   8.4290000e-01   8.4750000e-01   8.2600000e-01   3.4067000e+00   3.0807000e+00
   1.1390000e+00   1.0870000e+00   1.1833000e+00   1.1735000e+00   3.7076000e+00   3.6483000e+00
   1.5354000e+00   1.4553000e+00   1.6221000e+00   1.6454000e+00   4.0380000e+00   4.2197000e+00
   2.0010000e+00   1.9364000e+00   2.0770000e+00   2.1121000e+00   4.3739000e+00   4.6307000e+00
   2.4276000e+00   2.4154000e+00   2.4386000e+00   2.4407000e+00   4.7239000e+00   4.8895000e+00
   2.7394000e+00   2.7580000e+00   2.6860000e+00   2.6390000e+00   5.0433000e+00   5.1116000e+00
   3.0535000e+00   3.0260000e+00   2.9763000e+00   2.8915000e+00   5.3807000e+00   5.3795000e+00
   3.4952000e+00   3.4152000e+00   3.4351000e+00   3.3418000e+00   5.6051000e+00   5.7491000e+00
   3.9786000e+00   3.8956000e+00   3.9742000e+00   3.9189000e+00   5.6796000e+00   6.0246000e+00
   4.2899000e+00   4.3787000e+00   4.5181000e+00   4.5784000e+00   5.3183000e+00   5.4700000e+00
   4.2837000e+00   4.7004000e+00   4.7993000e+00   4.9987000e+00   4.5126000e+00   4.6433000e+00
   4.1879000e+00   4.7579000e+00   4.7383000e+00   4.9345000e+00   4.2110000e+00   4.2851000e+00
   4.2220000e+00   4.7382000e+00   4.7121000e+00   4.8269000e+00   4.2335000e+00   4.4494000e+00
   4.4534000e+00   4.8112000e+00   4.8316000e+00   4.8676000e+00   4.7082000e+00   4.9162000e+00
   4.6200000e+00   5.0139000e+00   4.9571000e+00   4.9260000e+00   5.0405000e+00   4.9654000e+00
   4.6785000e+00   5.1448000e+00   4.9737000e+00   4.8606000e+00   5.0520000e+00   5.0755000e+00
   4.6993000e+00   5.1764000e+00   4.9503000e+00   4.7140000e+00   5.2552000e+00   5.2952000e+00
   4.7036000e+00   5.2305000e+00   4.9281000e+00   4.5875000e+00   5.3898000e+00   5.4325000e+00
   4.7161000e+00   5.2534000e+00   4.8655000e+00   4.4082000e+00   5.3902000e+00   5.5633000e+00
   4.7399000e+00   5.2954000e+00   4.8204000e+00   4.2170000e+00   5.4258000e+00   5.7279000e+00
   4.7490000e+00   5.3409000e+00   4.7900000e+00   4.0708000e+00   5.5347000e+00   5.9555000e+00
   4.7716000e+00   5.3606000e+00   4.7914000e+00   3.9884000e+00   5.7142000e+00   6.1921000e+00
   4.7992000e+00   5.4053000e+00   4.8012000e+00   3.9194000e+00   5.9070000e+00   6.4119000e+00
   4.8375000e+00   5.4410000e+00   4.7830000e+00   3.8090000e+00   6.0663000e+00   6.5617000e+00
   4.8774000e+00   5.4378000e+00   4.7096000e+00   3.6474000e+00   6.1469000e+00   6.5997000e+00
   4.9053000e+00   5.3492000e+00   4.5604000e+00   3.5492000e+00   6.2120000e+00   6.6215000e+00
   4.8218000e+00   5.0180000e+00   4.2905000e+00   3.5628000e+00   6.2911000e+00   6.6595000e+00
   4.6028000e+00   4.2724000e+00   3.9018000e+00   3.7902000e+00   6.3684000e+00   6.6489000e+00
   4.3386000e+00   3.4087000e+00   3.6884000e+00   4.3980000e+00   6.4149000e+00   6.6044000e+00
   3.9868000e+00   3.2400000e+00   3.9391000e+00   5.1801000e+00   6.4625000e+00   6.5963000e+00
   3.7067000e+00   3.7794000e+00   4.5473000e+00   5.6221000e+00   6.4916000e+00   6.5651000e+00
   4.0647000e+00   4.8598000e+00   5.2609000e+00   5.6633000e+00   6.5162000e+00   6.5379000e+00
   5.1067000e+00   5.7392000e+00   5.4643000e+00   5.5230000e+00   6.5139000e+00   6.5289000e+00
   5.8226000e+00   5.5207000e+00   5.2613000e+00   5.4453000e+00   6.4960000e+00   6.5419000e+00
   5.9306000e+00   5.1493000e+00   5.2375000e+00   5.5579000e+00   6.5289000e+00   6.5556000e+00
   5.8096000e+00   5.2133000e+00   5.3874000e+00   5.7924000e+00   6.6161000e+00   6.5876000e+00
   5.6507000e+00   5.4229000e+00   5.5849000e+00   6.0093000e+00   6.6878000e+00   6.6148000e+00
   5.6864000e+00   5.7278000e+00   5.8189000e+00   6.1684000e+00   6.7926000e+00   6.5878000e+00
   5.9222000e+00   6.0469000e+00   6.0051000e+00   6.2182000e+00   6.6552000e+00   6.4451000e+00
   6.1829000e+00   6.2474000e+00   6.1873000e+00   6.4091000e+00   6.4177000e+00   6.3167000e+00
   6.3073000e+00   6.5449000e+00   6.3915000e+00   6.4568000e+00   6.2944000e+00   6.2488000e+00
   6.3936000e+00   6.5943000e+00   6.4194000e+00   6.5250000e+00   6.0961000e+00   6.0261000e+00
   6.5212000e+00   6.8414000e+00   7.1020000e+00   7.8360000e+00   5.9126000e+00   5.8083000e+00
   7.2497000e+00   8.2625000e+00   8.0224000e+00   8.4559000e+00   5.8807000e+00   5.7739000e+00
   7.9569000e+00   8.7165000e+00   8.3471000e+00   8.6381000e+00   5.9124000e+00   5.8473000e+00
   8.0589000e+00   8.8930000e+00   8.4444000e+00   8.5991000e+00   6.0857000e+00   6.0917000e+00
   8.1315000e+00   8.7443000e+00   8.3800000e+00   8.4385000e+00   6.5876000e+00   6.5182000e+00
   8.3517000e+00   8.5298000e+00   8.2530000e+00   8.1881000e+00   6.3432000e+00   6.1314000e+00
   8.1558000e+00   8.4320000e+00   8.3696000e+00   8.6414000e+00   6.4318000e+00   6.0712000e+00
   8.3725000e+00   9.0548000e+00   8.9660000e+00   9.2911000e+00   6.7272000e+00   5.5982000e+00
   8.9207000e+00   9.5925000e+00   9.3705000e+00   9.6090000e+00   6.5939000e+00   5.9825000e+00
   9.3127000e+00   9.7888000e+00   9.6576000e+00   9.8587000e+00   6.0617000e+00   6.8268000e+00
   9.9845000e+00   1.0340000e+01   1.0342500e+01   1.0631900e+01   6.9119000e+00   7.3449000e+00
   1.0498000e+01   1.1027400e+01   1.0903800e+01   1.1198800e+01   7.7031000e+00   7.8316000e+00
   1.0920700e+01   1.1443800e+01   1.1212900e+01   1.1401000e+01   8.1748000e+00   8.2102000e+00
   1.1025600e+01   1.1505500e+01   1.1245900e+01   1.1395500e+01   8.5453000e+00   8.5253000e+00
   1.1048500e+01   1.1342400e+01   1.1197400e+01   1.1302800e+01   8.7280000e+00   8.7645000e+00
   1.1127000e+01   1.1213200e+01   1.1224300e+01   1.1308700e+01   8.9642000e+00   8.9211000e+00
   1.1254100e+01   1.1311300e+01   1.1362200e+01   1.1460900e+01   9.0930000e+00   9.0538000e+00
   1.1370300e+01   1.1480700e+01   1.1527800e+01   1.1659700e+01   9.2991000e+00   9.1720000e+00
   1.1529900e+01   1.1689000e+01   1.1718400e+01   1.1871300e+01   9.3831000e+00   9.2153000e+00
   1.1672400e+01   1.1832600e+01   1.1853200e+01   1.1995200e+01   9.3668000e+00   9.3304000e+00
   1.1723800e+01   1.1894100e+01   1.1900300e+01   1.2007300e+01   9.3740000e+00   9.6047000e+00
   1.1675000e+01   1.1834300e+01   1.1875800e+01   1.1965900e+01   9.5384000e+00   9.8255000e+00
   1.1691200e+01   1.1802500e+01   1.1902600e+01   1.1988100e+01   9.7292000e+00   9.9030000e+00
   1.1713300e+01   1.1787300e+01   1.1928600e+01   1.2024400e+01   9.8724000e+00   1.0020000e+01
   1.1758700e+01   1.1751900e+01   1.1956400e+01   1.2057900e+01   9.9268000e+00   1.0111700e+01
   1.1771700e+01   1.1699600e+01   1.1979700e+01   1.2103600e+01   9.9829000e+00   1.0220400e+01
   1.1807000e+01   1.1707800e+01   1.2042800e+01   1.2192400e+01   9.9760000e+00   1.0313500e+01
   1.1847800e+01   1.1733600e+01   1.2155800e+01   1.2345800e+01   1.0013700e+01   1.0522400e+01
   1.2056000e+01   1.1957700e+01   1.2424900e+01   1.2662200e+01   9.9029000e+00   1.0652700e+01
   1.2287300e+01   1.2276400e+01   1.2689800e+01   1.2943900e+01   9.8875000e+00   1.0785000e+01
   1.2504700e+01   1.2532000e+01   1.2903300e+01   1.3159400e+01   1.0068000e+01   1.0836300e+01
   1.2696100e+01   1.2776700e+01   1.3057000e+01   1.3303100e+01   1.0406800e+01   1.0883500e+01
   1.2585400e+01   1.2804600e+01   1.2939500e+01   1.3149700e+01   1.0618900e+01   1.0856400e+01
   1.2365200e+01   1.2571100e+01   1.2691000e+01   1.2859900e+01   1.0617600e+01   1.0799400e+01
   1.2251300e+01   1.2340900e+01   1.2531900e+01   1.2678300e+01   1.0373100e+01   1.0664500e+01
   1.2303700e+01   1.2362600e+01   1.2545700e+01   1.2686200e+01   1.0062600e+01   1.0547200e+01
   1.2186500e+01   1.2320300e+01   1.2404800e+01   1.2519300e+01   9.9745000e+00   1.0573600e+01
   1.2059400e+01   1.2078700e+01   1.2223300e+01   1.2286400e+01   9.9832000e+00   1.0638000e+01
   1.2089200e+01   1.1950300e+01   1.2226000e+01   1.2280300e+01   1.0028600e+01   1.0556900e+01
   1.2281200e+01   1.2074200e+01   1.2409100e+01   1.2482000e+01   1.0115200e+01   1.0449400e+01
   1.2356300e+01   1.2259600e+01   1.2503200e+01   1.2607500e+01   1.0013800e+01   1.0424200e+01
   1.2076700e+01   1.2146600e+01   1.2258300e+01   1.2379200e+01   9.9981000e+00   1.0506600e+01
   1.1789800e+01   1.1779600e+01   1.1976800e+01   1.2080700e+01   1.0078000e+01   1.0493300e+01
   1.1712600e+01   1.1675200e+01   1.1912900e+01   1.2039600e+01   1.0064700e+01   1.0188900e+01
   1.1588800e+01   1.1618400e+01   1.1822500e+01   1.1980200e+01   9.7720000e+00   9.8688000e+00
   1.1345300e+01   1.1448900e+01   1.1619000e+01   1.1798200e+01   9.2841000e+00   9.8898000e+00
   1.1041000e+01   1.1074500e+01   1.1294800e+01   1.1436600e+01   9.2768000e+00   9.4152000e+00
   1.1006900e+01   1.0706500e+01   1.1187900e+01   1.1239000e+01   8.8489000e+00   9.3520000e+00
   1.1232300e+01   1.0712100e+01   1.1404100e+01   1.1448700e+01   8.8652000e+00   9.3820000e+00
   1.1557800e+01   1.1088500e+01   1.1566200e+01   1.1593900e+01   9.5757000e+00   9.0219000e+00
   1.1770300e+01   1.1512700e+01   1.1606100e+01   1.1517000e+01   9.8053000e+00   8.8107000e+00
   1.1848600e+01   1.1671700e+01   1.1686100e+01   1.1579700e+01   9.6321000e+00   8.7634000e+00
   1.2069200e+01   1.1937500e+01   1.2074800e+01   1.2056400e+01   9.4336000e+00   8.7643000e+00
   1.2286800e+01   1.2299000e+01   1.2443200e+01   1.2537700e+01   9.4012000e+00   8.6921000e+00
   1.2723700e+01   1.2674300e+01   1.2813500e+01   1.2959400e+01   8.8967000e+00   8.4850000e+00
   1.1968700e+01   1.2729700e+01   1.2351000e+01   1.2594300e+01   8.4871000e+00   8.2135000e+00
   1.1613300e+01   1.1837400e+01   1.1924700e+01   1.2050200e+01   7.9313000e+00   7.6607000e+00
   1.1694600e+01   1.1552400e+01   1.2073400e+01   1.2300200e+01   7.2265000e+00   7.8336000e+00
   1.2771300e+01   1.2288600e+01   1.2943600e+01   1.3253100e+01   7.6813000e+00   8.3352000e+00
   1.2184400e+01   1.2748800e+01   1.2384700e+01   1.2724200e+01   7.3728000e+00   7.9153000e+00
   1.1343300e+01   1.1595600e+01   1.1470700e+01   1.1752300e+01   7.3164000e+00   7.0948000e+00
   1.1004100e+01   1.1125400e+01   1.1213000e+01   1.1511300e+01   6.6425000e+00   6.3295000e+00
   1.0890100e+01   1.1030300e+01   1.1147100e+01   1.1494400e+01   6.5679000e+00   1.0692400e+01
   1.0794400e+01   1.1018200e+01   1.1056000e+01   1.1412300e+01   6.6514000e+00   6.1344000e+00
   1.0728700e+01   1.0968400e+01   1.0974800e+01   1.1320800e+01   5.7371000e+00   3.4179000e+00
   1.0724100e+01   1.0862100e+01   1.0947700e+01   1.1242900e+01   4.6258000e+00   2.5057000e+00
   1.0677600e+01   1.0773300e+01   1.0879500e+01   1.1178100e+01   3.0441000e+00   1.4516000e+00
   1.0713200e+01   1.0675500e+01   1.0796100e+01   1.1015600e+01   5.6828000e+00   2.7861000e+00
   1.0706200e+01   1.0705900e+01   1.0662100e+01   1.0736400e+01   5.2292000e+00   5.3143000e+00
   1.0688000e+01   1.0695900e+01   1.0644800e+01   1.0657800e+01   7.9029000e+00   1.0060700e+01
   1.0248900e+01   1.0070300e+01   1.0231000e+01   1.0287400e+01   9.4038000e+00   1.0434900e+01
   1.0538400e+01   1.0356300e+01   1.0422200e+01   1.0345900e+01   7.2504000e+00   4.5106000e+00
   1.0262600e+01   1.0621600e+01   1.0305000e+01   1.0110600e+01   3.2158000e+00   5.0266000e+00
   9.4812000e+00   9.8989000e+00   9.7884000e+00   9.7376000e+00   1.6765000e+00   3.5552000e+00
   8.9568000e+00   9.4718000e+00   9.2809000e+00   9.1915000e+00   2.1356000e+00   3.1296000e+00
   8.8094000e+00   9.3117000e+00   9.1293000e+00   8.9517000e+00   2.8435000e+00   3.0691000e+00
   9.1011000e+00   9.3245000e+00   9.1123000e+00   8.7769000e+00   2.5413000e+00   2.6231000e+00
   8.4975000e+00   8.9962000e+00   8.4847000e+00   7.9350000e+00   3.3129000e+00   2.2335000e+00
   6.2729000e+00   7.4447000e+00   6.8314000e+00   6.7033000e+00   3.7555000e+00   1.9149000e+00
   5.2141000e+00   6.0518000e+00   5.5791000e+00   5.5816000e+00   4.1043000e+00   1.9905000e+00
   3.2947000e+00   4.0609000e+00   4.0144000e+00   4.2147000e+00   3.9328000e+00   1.8580000e+00
   1.3388000e+00   1.6407000e+00   2.2680000e+00   2.6021000e+00   3.3830000e+00   3.8960000e-01
  -5.6000000e-01  -1.2734000e+00   1.2109000e+00   1.2608000e+00   2.0315000e+00   2.0640000e-01
  -1.8251000e+00  -1.5753000e+00  -3.0777000e+00  -3.0039000e+00   1.9324000e+00   3.6491000e+00
  -6.9150000e-01  -1.0556000e+00  -1.7628000e+00  -2.5652000e+00   5.3630000e-01   6.9551000e+00
   8.0290000e-01   3.4610000e-01  -3.9240000e-01  -1.2182000e+00  -2.3313000e+00   7.0844000e+00
   1.0818000e+00  -6.6200000e-02  -4.8070000e-01  -1.4343000e+00  -2.3247000e+00   8.1149000e+00
  -1.5997000e+00  -6.8330000e-01  -1.0525000e+00  -6.8910000e-01  -2.2578000e+00   8.7677000e+00
  -5.8200000e-02   2.1853000e+00   1.2660000e+00   1.8180000e+00  -4.9941000e+00   8.4673000e+00
   2.3503000e+00   4.2304000e+00   3.2864000e+00   3.5518000e+00  -6.8105000e+00   8.3306000e+00
   3.1173000e+00   4.9976000e+00   4.4844000e+00   5.5583000e+00  -6.1379000e+00   2.7110000e+00
   3.8043000e+00   6.1828000e+00   5.4934000e+00   6.5032000e+00  -4.2560000e+00  -7.1485000e+00
   5.8052000e+00   7.2011000e+00   6.8212000e+00   7.1195000e+00  -1.0806000e+00  -6.1241000e+00
   8.3591000e+00   1.0302000e+01   9.6259000e+00   1.0086300e+01   7.0780000e-01  -3.0029000e+00
   1.2399900e+01   1.2929500e+01   1.2799700e+01   1.2904300e+01   1.8301000e+00  -1.2801000e+00
   1.1985700e+01   1.4295500e+01   1.2173000e+01   1.2159800e+01   2.8180000e+00   1.4902000e+00
   1.1796500e+01   1.2895300e+01   1.1948500e+01   1.2150400e+01   2.7015000e+00   2.3927000e+00
   1.3291200e+01   1.3796900e+01   1.3645900e+01   1.4020100e+01   3.8855000e+00   2.9131000e+00
   1.2484600e+01   1.3615300e+01   1.2954700e+01   1.3506500e+01   4.0057000e+00   2.9398000e+00
   1.1477600e+01   1.2364500e+01   1.2330700e+01   1.3106300e+01   4.4464000e+00   3.9067000e+00
   1.2072100e+01   1.3046200e+01   1.2797600e+01   1.3366400e+01   4.7258000e+00   4.8003000e+00
   1.1342600e+01   1.2271000e+01   1.1988900e+01   1.2482700e+01   5.0557000e+00   5.4962000e+00
   1.0931200e+01   1.1941400e+01   1.1687500e+01   1.2337900e+01   5.8204000e+00   5.5401000e+00
   1.0440600e+01   1.0582400e+01   1.0829200e+01   1.1079900e+01   6.0866000e+00   5.4712000e+00
   8.7904000e+00   9.5948000e+00   9.5892000e+00   9.8963000e+00   5.7931000e+00   4.4756000e+00
   8.4130000e+00   9.6678000e+00   9.3552000e+00   9.7067000e+00   5.8796000e+00   5.5260000e+00
   8.6072000e+00   9.1457000e+00   8.8979000e+00   8.7695000e+00   5.9327000e+00   5.7268000e+00
   8.3086000e+00   8.6414000e+00   8.5562000e+00   8.5756000e+00   5.1107000e+00   6.0028000e+00
   7.8024000e+00   8.3146000e+00   8.2864000e+00   8.4415000e+00   5.1870000e+00   4.9420000e+00
   8.1777000e+00   8.8013000e+00   8.9748000e+00   9.3556000e+00   4.7987000e+00   4.1311000e+00
   8.3804000e+00   9.3334000e+00   9.2831000e+00   9.7585000e+00   4.4568000e+00   3.8274000e+00
   8.5800000e+00   8.9909000e+00   9.5195000e+00   1.0185100e+01   5.1890000e+00   4.3754000e+00
   9.5616000e+00   9.6438000e+00   1.0218000e+01   1.0756400e+01   5.9948000e+00   4.8289000e+00
   1.0056000e+01   1.0306400e+01   1.0512100e+01   1.0949000e+01   5.5970000e+00   5.2138000e+00
   9.6041000e+00   9.8336000e+00   1.0023600e+01   1.0377600e+01   6.1167000e+00   6.3259000e+00
   9.4736000e+00   9.6279000e+00   9.8569000e+00   1.0211900e+01   6.7255000e+00   7.1504000e+00
   9.8545000e+00   1.0222100e+01   1.0204100e+01   1.0600700e+01   7.2240000e+00   7.0305000e+00
   9.9928000e+00   1.0483300e+01   1.0300400e+01   1.0609800e+01   7.6295000e+00   7.6357000e+00
   9.3551000e+00   9.7903000e+00   9.5704000e+00   9.7480000e+00   8.2432000e+00   8.7118000e+00
   8.7129000e+00   9.1015000e+00   8.9687000e+00   9.1292000e+00   8.4699000e+00   9.5775000e+00
   8.8697000e+00   9.1169000e+00   9.0742000e+00   9.2416000e+00   8.1222000e+00   9.3212000e+00
   9.4454000e+00   9.5256000e+00   9.4997000e+00   9.6125000e+00   8.2109000e+00   8.7398000e+00
   9.2690000e+00   9.2904000e+00   9.2211000e+00   9.2478000e+00   8.3353000e+00   8.7809000e+00
   8.8584000e+00   8.7640000e+00   8.7543000e+00   8.6962000e+00   7.6026000e+00   8.5172000e+00
   8.4118000e+00   8.3774000e+00   8.3753000e+00   8.3296000e+00   6.8687000e+00   8.0521000e+00
   7.6923000e+00   7.8833000e+00   7.7931000e+00   7.8428000e+00   7.3733000e+00   7.7363000e+00
   7.5202000e+00   7.4283000e+00   7.4463000e+00   7.4569000e+00   7.4145000e+00   6.9717000e+00
   8.0323000e+00   7.5788000e+00   7.7434000e+00   7.5618000e+00   7.5226000e+00   6.1158000e+00
