   6.3983000e+02   6.3774000e+02   6.4175000e+02   6.4308000e+02   5.9338000e+02   6.0634000e+02
   6.4422000e+02   6.3997000e+02   6.4168000e+02   6.4296000e+02   6.2339000e+02   6.3449000e+02
   6.5304000e+02   6.5143000e+02   6.5320000e+02   6.5492000e+02   5.8912000e+02   6.0174000e+02
   6.4484000e+02   6.4080000e+02   6.4311000e+02   6.4385000e+02   6.2680000e+02   6.3658000e+02
   6.3282000e+02   6.3050000e+02   6.3588000e+02   6.3491000e+02   6.2274000e+02   6.3263000e+02
   6.4642000e+02   6.4661000e+02   6.4693000e+02   6.4753000e+02   6.1532000e+02   6.2665000e+02
   6.4029000e+02   6.3767000e+02   6.4068000e+02   6.4148000e+02   6.1401000e+02   6.2733000e+02
   6.4942000e+02   6.4796000e+02   6.4871000e+02   6.4923000e+02   6.1574000e+02   6.2247000e+02
   6.6782000e+02   6.6574000e+02   6.6935000e+02   6.6971000e+02   6.2954000e+02   6.4111000e+02
   6.7808000e+02   6.7634000e+02   6.7879000e+02   6.7981000e+02   6.4363000e+02   6.5511000e+02
   6.8356000e+02   6.8177000e+02   6.8378000e+02   6.8473000e+02   6.4492000e+02   6.5360000e+02
   6.8346000e+02   6.8160000e+02   6.8394000e+02   6.8417000e+02   6.4925000e+02   6.5266000e+02
   6.8134000e+02   6.7935000e+02   6.8115000e+02   6.8121000e+02   6.5831000e+02   6.6421000e+02
   6.9461000e+02   6.9235000e+02   6.9505000e+02   6.9504000e+02   6.5459000e+02   6.6025000e+02
   7.1395000e+02   7.1066000e+02   7.1426000e+02   7.1462000e+02   6.7462000e+02   6.8175000e+02
   7.3714000e+02   7.3379000e+02   7.3710000e+02   7.3700000e+02   6.9213000e+02   6.9821000e+02
   7.5350000e+02   7.5229000e+02   7.5428000e+02   7.5436000e+02   7.1483000e+02   7.2178000e+02
   7.5751000e+02   7.5361000e+02   7.5740000e+02   7.5762000e+02   7.2381000e+02   7.2977000e+02
   7.6714000e+02   7.6636000e+02   7.6790000e+02   7.6796000e+02   7.2875000e+02   7.3420000e+02
   7.7499000e+02   7.7319000e+02   7.7544000e+02   7.7595000e+02   7.4017000e+02   7.4534000e+02
   7.8103000e+02   7.8116000e+02   7.8303000e+02   7.8336000e+02   7.4898000e+02   7.5309000e+02
   7.9343000e+02   7.9322000e+02   7.9480000e+02   7.9474000e+02   7.5850000e+02   7.6365000e+02
   8.1189000e+02   8.1364000e+02   8.1460000e+02   8.1488000e+02   7.7315000e+02   7.7638000e+02
   8.0954000e+02   8.1216000e+02   8.1251000e+02   8.1395000e+02   7.7175000e+02   7.7630000e+02
   8.1461000e+02   8.1604000e+02   8.1668000e+02   8.1846000e+02   7.7133000e+02   7.7517000e+02
   8.1323000e+02   8.1548000e+02   8.1616000e+02   8.1648000e+02   7.7303000e+02   7.7648000e+02
   8.1833000e+02   8.2124000e+02   8.2242000e+02   8.2407000e+02   7.7389000e+02   7.7778000e+02
   8.2283000e+02   8.2565000e+02   8.2578000e+02   8.2851000e+02   7.7874000e+02   7.8467000e+02
   8.3008000e+02   8.3318000e+02   8.3404000e+02   8.3593000e+02   7.8259000e+02   7.8773000e+02
   8.3308000e+02   8.3525000e+02   8.3637000e+02   8.3815000e+02   7.8410000e+02   7.9012000e+02
   8.3604000e+02   8.4134000e+02   8.4094000e+02   8.4298000e+02   7.8074000e+02   7.8811000e+02
   8.3470000e+02   8.3848000e+02   8.3947000e+02   8.4194000e+02   7.7841000e+02   7.8470000e+02
   8.4179000e+02   8.4494000e+02   8.4582000e+02   8.4818000e+02   7.7810000e+02   7.8603000e+02
   8.4294000e+02   8.4666000e+02   8.4782000e+02   8.5046000e+02   7.7441000e+02   7.8315000e+02
   8.4698000e+02   8.5263000e+02   8.5295000e+02   8.5587000e+02   7.7291000e+02   7.8018000e+02
   8.5352000e+02   8.5907000e+02   8.5850000e+02   8.6223000e+02   7.6901000e+02   7.7815000e+02
   8.4931000e+02   8.5625000e+02   8.5639000e+02   8.5927000e+02   7.6505000e+02   7.7496000e+02
   8.5006000e+02   8.5489000e+02   8.5560000e+02   8.5944000e+02   7.5920000e+02   7.7162000e+02
   8.4716000e+02   8.5553000e+02   8.5397000e+02   8.5698000e+02   7.5369000e+02   7.6620000e+02
   8.3075000e+02   8.3909000e+02   8.3561000e+02   8.3888000e+02   7.3272000e+02   7.4557000e+02
   8.1739000e+02   8.2396000e+02   8.2111000e+02   8.2417000e+02   7.1331000e+02   7.2650000e+02
   8.0531000e+02   8.1223000e+02   8.1094000e+02   8.1614000e+02   7.0181000e+02   7.1358000e+02
   7.9313000e+02   8.0123000e+02   8.0293000e+02   8.0773000e+02   6.9332000e+02   7.0039000e+02
   7.9174000e+02   8.0286000e+02   8.0153000e+02   8.0705000e+02   6.9101000e+02   6.9587000e+02
   7.8636000e+02   7.9365000e+02   7.9228000e+02   7.9752000e+02   6.8077000e+02   6.8846000e+02
   7.7939000e+02   7.8630000e+02   7.8392000e+02   7.8742000e+02   6.7002000e+02   6.7956000e+02
   7.6622000e+02   7.7161000e+02   7.7032000e+02   7.7291000e+02   6.5132000e+02   6.6508000e+02
   7.5916000e+02   7.6460000e+02   7.6194000e+02   7.6713000e+02   6.4305000e+02   6.5928000e+02
   7.5602000e+02   7.6122000e+02   7.5993000e+02   7.6523000e+02   6.3693000e+02   6.5768000e+02
   7.5370000e+02   7.5821000e+02   7.5639000e+02   7.6179000e+02   6.3273000e+02   6.5490000e+02
   7.5108000e+02   7.5757000e+02   7.5489000e+02   7.6045000e+02   6.3160000e+02   6.5331000e+02
   7.5702000e+02   7.6489000e+02   7.6222000e+02   7.6676000e+02   6.3840000e+02   6.5608000e+02
   7.5690000e+02   7.6451000e+02   7.6257000e+02   7.6805000e+02   6.4152000e+02   6.5694000e+02
   7.5488000e+02   7.6574000e+02   7.6260000e+02   7.6849000e+02   6.4140000e+02   6.5405000e+02
   7.5543000e+02   7.6426000e+02   7.6234000e+02   7.6750000e+02   6.3809000e+02   6.5036000e+02
   7.5714000e+02   7.6404000e+02   7.6640000e+02   7.7367000e+02   6.3865000e+02   6.4683000e+02
   7.6577000e+02   7.7377000e+02   7.7493000e+02   7.8005000e+02   6.3910000e+02   6.4557000e+02
   7.7484000e+02   7.8065000e+02   7.8330000e+02   7.8839000e+02   6.4115000e+02   6.4539000e+02
   7.8845000e+02   7.9494000e+02   7.9674000e+02   8.0167000e+02   6.4368000e+02   6.4724000e+02
   7.9656000e+02   8.0332000e+02   8.0557000e+02   8.1092000e+02   6.4147000e+02   6.4430000e+02
   8.0494000e+02   8.1135000e+02   8.1203000e+02   8.1691000e+02   6.3936000e+02   6.4195000e+02
   8.1209000e+02   8.1653000e+02   8.1798000e+02   8.2369000e+02   6.3889000e+02   6.4081000e+02
   8.1390000e+02   8.1958000e+02   8.2034000e+02   8.2468000e+02   6.3886000e+02   6.3982000e+02
   8.0992000e+02   8.1365000e+02   8.1458000e+02   8.1873000e+02   6.3049000e+02   6.3074000e+02
   8.0473000e+02   8.0831000e+02   8.1029000e+02   8.1354000e+02   6.2188000e+02   6.2278000e+02
   8.0718000e+02   8.1278000e+02   8.1327000e+02   8.1764000e+02   6.1990000e+02   6.1892000e+02
   8.1402000e+02   8.1817000e+02   8.1947000e+02   8.2356000e+02   6.1973000e+02   6.1997000e+02
   8.2251000e+02   8.2511000e+02   8.2677000e+02   8.3011000e+02   6.2479000e+02   6.2282000e+02
   8.2805000e+02   8.2978000e+02   8.3258000e+02   8.3601000e+02   6.2510000e+02   6.2326000e+02
   8.3038000e+02   8.3312000e+02   8.3535000e+02   8.3939000e+02   6.2340000e+02   6.3171000e+02
   8.3062000e+02   8.3334000e+02   8.3516000e+02   8.3790000e+02   6.2383000e+02   6.4768000e+02
   8.3353000e+02   8.3718000e+02   8.3871000e+02   8.4203000e+02   6.4536000e+02   6.5007000e+02
   8.3911000e+02   8.4221000e+02   8.4303000e+02   8.4527000e+02   6.5214000e+02   6.5877000e+02
   8.4397000e+02   8.4678000e+02   8.4821000e+02   8.5111000e+02   6.5714000e+02   6.6279000e+02
   8.4984000e+02   8.5205000e+02   8.5391000e+02   8.5662000e+02   6.6411000e+02   6.6845000e+02
   8.5770000e+02   8.6049000e+02   8.6129000e+02   8.6395000e+02   6.7837000e+02   6.8415000e+02
   8.6464000e+02   8.6734000e+02   8.6830000e+02   8.7090000e+02   6.8384000e+02   6.8955000e+02
   8.6749000e+02   8.7052000e+02   8.7127000e+02   8.7382000e+02   6.8936000e+02   6.9272000e+02
   8.6934000e+02   8.7242000e+02   8.7324000e+02   8.7588000e+02   6.9572000e+02   6.9778000e+02
   8.7060000e+02   8.7416000e+02   8.7434000e+02   8.7695000e+02   6.9917000e+02   7.0135000e+02
   8.7810000e+02   8.7994000e+02   8.8023000e+02   8.8268000e+02   7.0698000e+02   7.0838000e+02
   8.8739000e+02   8.9101000e+02   8.9000000e+02   8.9305000e+02   7.1513000e+02   7.1740000e+02
   8.9535000e+02   8.9740000e+02   8.9858000e+02   9.0096000e+02   7.2832000e+02   7.3055000e+02
   8.9902000e+02   9.0290000e+02   9.0217000e+02   9.0446000e+02   7.3661000e+02   7.4000000e+02
   9.0610000e+02   9.0923000e+02   9.0821000e+02   9.0931000e+02   7.4293000e+02   7.4743000e+02
   9.1393000e+02   9.1717000e+02   9.1664000e+02   9.1910000e+02   7.4844000e+02   7.5481000e+02
   9.1894000e+02   9.2358000e+02   9.2371000e+02   9.2499000e+02   7.4988000e+02   7.5678000e+02
   8.9358000e+02   8.9719000e+02   8.9641000e+02   8.9836000e+02   7.2397000e+02   7.3228000e+02
   8.6926000e+02   8.7206000e+02   8.7234000e+02   8.7540000e+02   7.0024000e+02   7.1023000e+02
   8.6329000e+02   8.6647000e+02   8.6635000e+02   8.6850000e+02   6.9235000e+02   7.0275000e+02
   8.6407000e+02   8.6843000e+02   8.6767000e+02   8.6982000e+02   6.9158000e+02   7.0368000e+02
   8.7373000e+02   8.7714000e+02   8.7670000e+02   8.7855000e+02   7.0195000e+02   7.1315000e+02
   8.7236000e+02   8.7617000e+02   8.7520000e+02   8.7836000e+02   7.0382000e+02   7.1518000e+02
   8.6541000e+02   8.6906000e+02   8.6805000e+02   8.6991000e+02   6.9861000e+02   7.0998000e+02
   8.4619000e+02   8.4936000e+02   8.4899000e+02   8.5001000e+02   6.8161000e+02   6.9111000e+02
   8.3762000e+02   8.4125000e+02   8.4050000e+02   8.4231000e+02   6.7629000e+02   6.8382000e+02
   8.3954000e+02   8.4288000e+02   8.4160000e+02   8.4331000e+02   6.7990000e+02   6.8630000e+02
   8.4086000e+02   8.4418000e+02   8.4308000e+02   8.4442000e+02   6.8342000e+02   6.8878000e+02
   8.4456000e+02   8.4855000e+02   8.4693000e+02   8.4856000e+02   6.8704000e+02   6.9127000e+02
   8.5792000e+02   8.6196000e+02   8.6066000e+02   8.6250000e+02   6.9701000e+02   7.0093000e+02
   8.5765000e+02   8.6377000e+02   8.6091000e+02   8.6273000e+02   7.0244000e+02   7.0548000e+02
   8.5616000e+02   8.6098000e+02   8.5909000e+02   8.6238000e+02   7.0302000e+02   7.0581000e+02
   8.5393000e+02   8.5813000e+02   8.5832000e+02   8.6129000e+02   7.0168000e+02   7.0463000e+02
   8.5435000e+02   8.5859000e+02   8.5807000e+02   8.6157000e+02   7.0115000e+02   7.0485000e+02
   8.5288000e+02   8.5874000e+02   8.5801000e+02   8.6147000e+02   7.0367000e+02   7.0754000e+02
   8.5451000e+02   8.6121000e+02   8.5930000e+02   8.6257000e+02   7.1009000e+02   7.1270000e+02
   8.5658000e+02   8.6135000e+02   8.6134000e+02   8.6437000e+02   7.1565000e+02   7.1866000e+02
   8.5315000e+02   8.5735000e+02   8.5765000e+02   8.6013000e+02   7.1557000e+02   7.1756000e+02
   8.5246000e+02   8.5547000e+02   8.5583000e+02   8.5841000e+02   7.1561000e+02   7.1843000e+02
   8.5233000e+02   8.5526000e+02   8.5539000e+02   8.5728000e+02   7.1975000e+02   7.2130000e+02
   8.5549000e+02   8.5769000e+02   8.5699000e+02   8.5805000e+02   7.2320000e+02   7.2552000e+02
   8.7680000e+02   8.7983000e+02   8.7909000e+02   8.7951000e+02   7.4537000e+02   7.4734000e+02
   8.9507000e+02   8.9905000e+02   8.9697000e+02   8.9840000e+02   7.6433000e+02   7.6761000e+02
   9.0140000e+02   9.0376000e+02   9.0304000e+02   9.0446000e+02   7.7359000e+02   7.7656000e+02
   9.0105000e+02   9.0429000e+02   9.0439000e+02   9.0541000e+02   7.7891000e+02   7.8208000e+02
   8.9742000e+02   9.0079000e+02   8.9916000e+02   9.0079000e+02   7.7673000e+02   7.8153000e+02
   8.9924000e+02   9.0298000e+02   9.0197000e+02   9.0300000e+02   7.8283000e+02   7.8660000e+02
   9.0215000e+02   9.0593000e+02   9.0445000e+02   9.0635000e+02   7.8863000e+02   7.9375000e+02
   9.1366000e+02   9.1669000e+02   9.1554000e+02   9.1752000e+02   8.0496000e+02   8.0956000e+02
   9.2043000e+02   9.2413000e+02   9.2290000e+02   9.2536000e+02   8.1376000e+02   8.1917000e+02
   9.2064000e+02   9.2532000e+02   9.2323000e+02   9.2546000e+02   8.1765000e+02   8.2105000e+02
   9.2301000e+02   9.2805000e+02   9.2607000e+02   9.2963000e+02   8.2030000e+02   8.2393000e+02
   9.2612000e+02   9.3140000e+02   9.2904000e+02   9.3204000e+02   8.2488000e+02   8.2643000e+02
   9.2335000e+02   9.2985000e+02   9.2649000e+02   9.2935000e+02   8.2908000e+02   8.3002000e+02
   9.2832000e+02   9.3560000e+02   9.3307000e+02   9.3661000e+02   8.3325000e+02   8.3489000e+02
   9.3061000e+02   9.3719000e+02   9.3532000e+02   9.3966000e+02   8.3550000e+02   8.3754000e+02
   9.3231000e+02   9.3938000e+02   9.3702000e+02   9.4167000e+02   8.3584000e+02   8.4095000e+02
   9.3216000e+02   9.3923000e+02   9.3692000e+02   9.4211000e+02   8.3632000e+02   8.4033000e+02
   9.3131000e+02   9.3854000e+02   9.3589000e+02   9.4086000e+02   8.3422000e+02   8.3983000e+02
   9.3182000e+02   9.3940000e+02   9.3666000e+02   9.4220000e+02   8.2922000e+02   8.3326000e+02
   9.2889000e+02   9.3740000e+02   9.3376000e+02   9.3950000e+02   8.2378000e+02   8.2863000e+02
   9.2650000e+02   9.3472000e+02   9.3109000e+02   9.3742000e+02   8.1974000e+02   8.2417000e+02
   9.2184000e+02   9.2955000e+02   9.2556000e+02   9.3046000e+02   8.1458000e+02   8.1839000e+02
   9.1700000e+02   9.2494000e+02   9.2033000e+02   9.2574000e+02   8.0847000e+02   8.1156000e+02
   9.1100000e+02   9.1803000e+02   9.1437000e+02   9.2017000e+02   7.9952000e+02   8.0159000e+02
   8.8468000e+02   8.9146000e+02   8.8805000e+02   8.9256000e+02   7.7519000e+02   7.7612000e+02
   8.6347000e+02   8.7144000e+02   8.6732000e+02   8.7340000e+02   7.4873000e+02   7.5130000e+02
   8.4842000e+02   8.5502000e+02   8.5207000e+02   8.5744000e+02   7.3333000e+02   7.3456000e+02
   8.3993000e+02   8.4666000e+02   8.4365000e+02   8.4865000e+02   7.1932000e+02   7.2077000e+02
   8.3281000e+02   8.4029000e+02   8.3833000e+02   8.4207000e+02   7.1244000e+02   7.1383000e+02
   8.1695000e+02   8.2643000e+02   8.2311000e+02   8.2771000e+02   6.9824000e+02   7.0053000e+02
   8.0326000e+02   8.1115000e+02   8.0628000e+02   8.1117000e+02   6.8256000e+02   6.8467000e+02
   7.7806000e+02   7.8649000e+02   7.8290000e+02   7.8665000e+02   6.5297000e+02   6.5503000e+02
   7.6109000e+02   7.7053000e+02   7.6436000e+02   7.6855000e+02   6.3587000e+02   6.4026000e+02
   7.4939000e+02   7.5664000e+02   7.5314000e+02   7.5841000e+02   6.2253000e+02   6.2469000e+02
   7.4233000e+02   7.4974000e+02   7.4540000e+02   7.5007000e+02   6.1605000e+02   6.1752000e+02
   7.3305000e+02   7.3994000e+02   7.3696000e+02   7.4218000e+02   6.0678000e+02   6.0639000e+02
   7.2986000e+02   7.3977000e+02   7.3381000e+02   7.3984000e+02   5.9648000e+02   5.9412000e+02
   7.0983000e+02   7.2020000e+02   7.1557000e+02   7.2207000e+02   5.7676000e+02   5.7792000e+02
   7.0143000e+02   7.1371000e+02   7.0968000e+02   7.1642000e+02   5.6905000e+02   5.7070000e+02
   6.8985000e+02   7.0071000e+02   6.9656000e+02   7.0258000e+02   5.5995000e+02   5.5915000e+02
   6.9378000e+02   7.0448000e+02   7.0079000e+02   7.0681000e+02   5.5924000e+02   5.6562000e+02
   6.9761000e+02   7.0624000e+02   7.0351000e+02   7.0957000e+02   5.6399000e+02   5.5790000e+02
   6.8324000e+02   6.9379000e+02   6.9052000e+02   6.9650000e+02   5.5518000e+02   5.5804000e+02
   6.8715000e+02   6.9510000e+02   6.9274000e+02   6.9739000e+02   5.4767000e+02   5.4617000e+02
   6.7893000e+02   6.8737000e+02   6.8452000e+02   6.9042000e+02   5.4500000e+02   5.4500000e+02
   6.7239000e+02   6.8234000e+02   6.7936000e+02   6.8393000e+02   5.4703000e+02   5.4541000e+02
   6.7327000e+02   6.7935000e+02   6.7794000e+02   6.8146000e+02   5.4749000e+02   5.4872000e+02
   6.7498000e+02   6.8122000e+02   6.8086000e+02   6.8393000e+02   5.5078000e+02   5.4672000e+02
   6.9048000e+02   6.9548000e+02   6.9378000e+02   6.9932000e+02   5.5818000e+02   5.6448000e+02
   6.9547000e+02   6.9892000e+02   6.9783000e+02   6.9952000e+02   5.7157000e+02   5.7486000e+02
   6.9942000e+02   7.0523000e+02   7.0352000e+02   7.0826000e+02   5.7389000e+02   5.7773000e+02
   7.0285000e+02   7.0658000e+02   7.0615000e+02   7.0910000e+02   5.8651000e+02   5.8583000e+02
   7.0119000e+02   7.0496000e+02   7.0448000e+02   7.0711000e+02   5.9303000e+02   5.9597000e+02
   7.1269000e+02   7.1695000e+02   7.1557000e+02   7.1758000e+02   6.0448000e+02   6.0429000e+02
   7.2199000e+02   7.2777000e+02   7.2645000e+02   7.2900000e+02   6.1675000e+02   6.1855000e+02
   7.2948000e+02   7.3515000e+02   7.3415000e+02   7.3745000e+02   6.3426000e+02   6.3892000e+02
   7.3824000e+02   7.4143000e+02   7.4071000e+02   7.4362000e+02   6.4721000e+02   6.4999000e+02
   7.4823000e+02   7.5343000e+02   7.5247000e+02   7.5552000e+02   6.5214000e+02   6.5619000e+02
   7.5677000e+02   7.5838000e+02   7.5888000e+02   7.6170000e+02   6.6079000e+02   6.6300000e+02
   7.6369000e+02   7.6730000e+02   7.6492000e+02   7.6517000e+02   6.7361000e+02   6.7352000e+02
   7.5331000e+02   7.5863000e+02   7.5616000e+02   7.5696000e+02   6.7820000e+02   6.7840000e+02
   7.5232000e+02   7.5613000e+02   7.5407000e+02   7.5448000e+02   6.7132000e+02   6.7535000e+02
   7.5516000e+02   7.5626000e+02   7.5759000e+02   7.5995000e+02   6.7943000e+02   6.8218000e+02
   7.5882000e+02   7.6019000e+02   7.6078000e+02   7.6196000e+02   6.8815000e+02   6.9142000e+02
   7.6881000e+02   7.7148000e+02   7.7059000e+02   7.7194000e+02   7.0195000e+02   7.0167000e+02
   7.7225000e+02   7.7665000e+02   7.7474000e+02   7.7545000e+02   7.0562000e+02   7.0433000e+02
   7.7374000e+02   7.7738000e+02   7.7553000e+02   7.7680000e+02   7.0566000e+02   7.0430000e+02
   7.7111000e+02   7.7316000e+02   7.7287000e+02   7.7459000e+02   6.9658000e+02   6.9542000e+02
   7.7070000e+02   7.7415000e+02   7.7348000e+02   7.7471000e+02   7.0462000e+02   7.0910000e+02
   7.7141000e+02   7.7257000e+02   7.7246000e+02   7.7330000e+02   7.0656000e+02   7.1488000e+02
   7.8125000e+02   7.8181000e+02   7.8064000e+02   7.8054000e+02   7.0910000e+02   7.1328000e+02
   7.8047000e+02   7.8353000e+02   7.8155000e+02   7.8360000e+02   7.2240000e+02   7.2199000e+02
   7.5546000e+02   7.5905000e+02   7.5706000e+02   7.5888000e+02   6.9807000e+02   7.0054000e+02
   7.2536000e+02   7.2806000e+02   7.2776000e+02   7.2902000e+02   6.7639000e+02   6.7401000e+02
   7.2127000e+02   7.2267000e+02   7.2245000e+02   7.2429000e+02   6.7392000e+02   6.6780000e+02
   7.2021000e+02   7.2245000e+02   7.2138000e+02   7.2154000e+02   6.7544000e+02   6.6818000e+02
   7.2781000e+02   7.3063000e+02   7.3061000e+02   7.3342000e+02   6.8411000e+02   6.7608000e+02
   7.3288000e+02   7.3509000e+02   7.3340000e+02   7.3402000e+02   6.8237000e+02   6.7515000e+02
   7.2314000e+02   7.2599000e+02   7.2346000e+02   7.2385000e+02   6.7510000e+02   6.7120000e+02
   7.1103000e+02   7.1316000e+02   7.1084000e+02   7.1168000e+02   6.5497000e+02   6.5285000e+02
   7.0124000e+02   7.0502000e+02   7.0134000e+02   7.0167000e+02   6.4393000e+02   6.4095000e+02
   7.0135000e+02   7.0425000e+02   7.0176000e+02   7.0237000e+02   6.4447000e+02   6.4002000e+02
   7.0219000e+02   7.0365000e+02   7.0330000e+02   7.0324000e+02   6.4406000e+02   6.4504000e+02
   7.0036000e+02   7.0103000e+02   7.0137000e+02   7.0359000e+02   6.4547000e+02   6.4706000e+02
   7.2139000e+02   7.1941000e+02   7.2094000e+02   7.2164000e+02   6.5557000e+02   6.5651000e+02
   7.2421000e+02   7.2367000e+02   7.2513000e+02   7.2546000e+02   6.6105000e+02   6.6250000e+02
   7.2386000e+02   7.2385000e+02   7.2450000e+02   7.2580000e+02   6.5493000e+02   6.5735000e+02
   7.1806000e+02   7.1950000e+02   7.1900000e+02   7.2117000e+02   6.5020000e+02   6.5259000e+02
   7.1417000e+02   7.1526000e+02   7.1574000e+02   7.1719000e+02   6.4660000e+02   6.4899000e+02
   7.1452000e+02   7.1534000e+02   7.1566000e+02   7.1712000e+02   6.4769000e+02   6.5037000e+02
   7.1303000e+02   7.1394000e+02   7.1464000e+02   7.1598000e+02   6.5484000e+02   6.5863000e+02
   7.1556000e+02   7.1718000e+02   7.1777000e+02   7.1916000e+02   6.5967000e+02   6.6376000e+02
   7.1124000e+02   7.1059000e+02   7.1294000e+02   7.1383000e+02   6.6029000e+02   6.6270000e+02
   7.1213000e+02   7.1225000e+02   7.1340000e+02   7.1389000e+02   6.5395000e+02   6.5628000e+02
   7.1519000e+02   7.1659000e+02   7.1773000e+02   7.1859000e+02   6.5275000e+02   6.5647000e+02
   7.2079000e+02   7.2137000e+02   7.2258000e+02   7.2160000e+02   6.5613000e+02   6.5860000e+02
   7.4496000e+02   7.4815000e+02   7.4721000e+02   7.4777000e+02   6.7914000e+02   6.8205000e+02
   7.7118000e+02   7.7147000e+02   7.7197000e+02   7.7264000e+02   7.0315000e+02   7.0699000e+02
   7.8103000e+02   7.7996000e+02   7.8138000e+02   7.8168000e+02   7.0809000e+02   7.1459000e+02
   7.8176000e+02   7.8232000e+02   7.8224000e+02   7.8327000e+02   7.1801000e+02   7.2161000e+02
   7.7082000e+02   7.7513000e+02   7.7399000e+02   7.7515000e+02   7.1411000e+02   7.2401000e+02
   7.7807000e+02   7.7928000e+02   7.7894000e+02   7.7960000e+02   7.2183000e+02   7.3107000e+02
   7.7872000e+02   7.7969000e+02   7.7952000e+02   7.8040000e+02   7.2303000e+02   7.3387000e+02
   7.8818000e+02   7.8999000e+02   7.8936000e+02   7.8997000e+02   7.3927000e+02   7.5037000e+02
   7.9827000e+02   7.9886000e+02   7.9903000e+02   7.9848000e+02   7.5009000e+02   7.6015000e+02
   7.8962000e+02   7.9213000e+02   7.9122000e+02   7.9253000e+02   7.4910000e+02   7.6055000e+02
   7.9050000e+02   7.9607000e+02   7.9478000e+02   7.9715000e+02   7.5311000e+02   7.6361000e+02
   8.0029000e+02   8.0369000e+02   8.0360000e+02   8.0543000e+02   7.6501000e+02   7.8067000e+02
   7.9461000e+02   8.0058000e+02   8.0055000e+02   8.0275000e+02   7.6372000e+02   7.8149000e+02
   8.0995000e+02   8.1490000e+02   8.1499000e+02   8.1831000e+02   7.8019000e+02   7.9109000e+02
   8.1273000e+02   8.1894000e+02   8.1851000e+02   8.2187000e+02   7.8859000e+02   7.9856000e+02
   8.1656000e+02   8.2141000e+02   8.2194000e+02   8.2521000e+02   7.8801000e+02   8.0050000e+02
   8.2216000e+02   8.2673000e+02   8.2732000e+02   8.3072000e+02   7.7083000e+02   7.9102000e+02
   8.2717000e+02   8.3397000e+02   8.3362000e+02   8.3662000e+02   7.6398000e+02   7.8869000e+02
   8.2358000e+02   8.2820000e+02   8.2776000e+02   8.2956000e+02   7.7209000e+02   7.7225000e+02
   8.2128000e+02   8.2594000e+02   8.2651000e+02   8.3078000e+02   7.5064000e+02   7.6151000e+02
   8.2005000e+02   8.2656000e+02   8.2616000e+02   8.3118000e+02   7.4022000e+02   7.5248000e+02
   8.1821000e+02   8.2321000e+02   8.2351000e+02   8.2723000e+02   7.3244000e+02   7.4817000e+02
   8.1027000e+02   8.1088000e+02   8.1287000e+02   8.1654000e+02   7.4255000e+02   7.6627000e+02
   8.0132000e+02   8.0617000e+02   8.0630000e+02   8.0710000e+02   7.1147000e+02   7.2599000e+02
   7.5283000e+02   7.5577000e+02   7.5893000e+02   7.6604000e+02   6.8458000e+02   6.9053000e+02
   7.3273000e+02   7.4215000e+02   7.4034000e+02   7.4841000e+02   6.5234000e+02   6.6986000e+02
   7.0088000e+02   7.0165000e+02   7.0071000e+02   7.0501000e+02   6.1961000e+02   6.3452000e+02
   6.7955000e+02   6.9304000e+02   6.9228000e+02   6.9434000e+02   6.2346000e+02   6.3894000e+02
   7.1281000e+02   6.8753000e+02   6.9741000e+02   6.9630000e+02   5.9489000e+02   6.1745000e+02
   7.0525000e+02   7.1967000e+02   7.0268000e+02   7.0142000e+02   5.8116000e+02   5.9730000e+02
   6.6276000e+02   6.6460000e+02   6.6319000e+02   6.6241000e+02   5.5618000e+02   5.6593000e+02
   6.2890000e+02   6.2888000e+02   6.3524000e+02   6.3919000e+02   5.2611000e+02   5.3180000e+02
   6.2684000e+02   6.2913000e+02   6.2978000e+02   6.3405000e+02   5.0122000e+02   5.1376000e+02
   6.1229000e+02   6.2164000e+02   6.1696000e+02   6.2314000e+02   4.7052000e+02   4.9449000e+02
   5.7160000e+02   5.7646000e+02   5.7218000e+02   5.7015000e+02   4.6405000e+02   4.6508000e+02
   5.7164000e+02   5.7397000e+02   5.7993000e+02   5.8659000e+02   4.6980000e+02   4.8353000e+02
   5.7961000e+02   5.9067000e+02   5.8076000e+02   5.7751000e+02   4.3102000e+02   4.7047000e+02
   5.7053000e+02   5.6942000e+02   5.6609000e+02   5.6005000e+02   4.2154000e+02   4.3556000e+02
   5.3338000e+02   5.3393000e+02   5.4077000e+02   5.4499000e+02   3.9830000e+02   4.2381000e+02
   5.0677000e+02   5.1313000e+02   5.1603000e+02   5.2186000e+02   3.9334000e+02   3.7401000e+02
   5.1213000e+02   5.2315000e+02   5.1381000e+02   5.1554000e+02   4.1788000e+02   4.1818000e+02
   4.8048000e+02   4.8759000e+02   4.8765000e+02   4.9225000e+02   3.9448000e+02   4.0477000e+02
   4.6398000e+02   4.6034000e+02   4.6280000e+02   4.6177000e+02   3.6652000e+02   3.6802000e+02
   4.4813000e+02   4.5500000e+02   4.5665000e+02   4.6128000e+02   3.6312000e+02   3.5768000e+02
   4.8262000e+02   4.8663000e+02   4.7909000e+02   4.7749000e+02   3.5272000e+02   3.5766000e+02
   5.1583000e+02   5.1090000e+02   5.0977000e+02   5.0659000e+02   3.2811000e+02   3.3236000e+02
   4.5338000e+02   4.5768000e+02   4.5842000e+02   4.6139000e+02   3.1941000e+02   3.3010000e+02
   4.4551000e+02   4.5033000e+02   4.4691000e+02   4.4990000e+02   3.0216000e+02   3.3043000e+02
   5.0722000e+02   5.0871000e+02   5.0801000e+02   5.0759000e+02   3.4643000e+02   3.5846000e+02
   4.8436000e+02   4.8926000e+02   4.9349000e+02   4.9630000e+02   4.0464000e+02   4.1636000e+02
   5.2541000e+02   5.3487000e+02   5.2790000e+02   5.3051000e+02   4.2450000e+02   4.3678000e+02
   5.2632000e+02   5.3532000e+02   5.3398000e+02   5.4137000e+02   4.3651000e+02   4.4557000e+02
   5.3173000e+02   5.5189000e+02   5.4739000e+02   5.5701000e+02   4.4678000e+02   4.6609000e+02
   5.4279000e+02   5.4011000e+02   5.3577000e+02   5.2702000e+02   4.4311000e+02   4.5261000e+02
   5.2101000e+02   5.2207000e+02   5.1889000e+02   5.2214000e+02   4.6730000e+02   4.7787000e+02
   5.7423000e+02   5.8820000e+02   5.8842000e+02   5.9878000e+02   4.9122000e+02   4.9586000e+02
   6.0223000e+02   6.0847000e+02   6.0832000e+02   6.1032000e+02   5.1028000e+02   5.1882000e+02
   5.7156000e+02   5.7586000e+02   5.7976000e+02   5.8417000e+02   4.8872000e+02   4.9437000e+02
   5.6004000e+02   5.5902000e+02   5.5899000e+02   5.5998000e+02   4.3791000e+02   4.3018000e+02
   5.4253000e+02   5.4774000e+02   5.5010000e+02   5.5513000e+02   4.1107000e+02   4.7611000e+02
   5.4158000e+02   5.4674000e+02   5.4740000e+02   5.4889000e+02   4.6813000e+02   5.2256000e+02
   5.4167000e+02   5.4613000e+02   5.4696000e+02   5.4998000e+02   4.9173000e+02   5.1220000e+02
   5.7156000e+02   5.7350000e+02   5.7224000e+02   5.7276000e+02   5.0131000e+02   5.0729000e+02
   6.1526000e+02   6.1906000e+02   6.1816000e+02   6.2023000e+02   4.8711000e+02   4.7378000e+02
   6.2410000e+02   6.2877000e+02   6.2668000e+02   6.2966000e+02   4.9132000e+02   4.9616000e+02
   6.1362000e+02   6.1705000e+02   6.1466000e+02   6.1573000e+02   5.1899000e+02   5.0345000e+02
   5.9364000e+02   5.9316000e+02   5.9471000e+02   5.9572000e+02   5.2099000e+02   5.1302000e+02
   5.9509000e+02   5.9776000e+02   5.9806000e+02   5.9940000e+02   5.2753000e+02   5.2749000e+02
   6.1465000e+02   6.1439000e+02   6.1338000e+02   6.1393000e+02   5.3226000e+02   5.4025000e+02
   6.2113000e+02   6.1871000e+02   6.2141000e+02   6.2219000e+02   5.3287000e+02   5.5020000e+02
   6.2306000e+02   6.2187000e+02   6.2459000e+02   6.2619000e+02   5.6252000e+02   5.7017000e+02
   6.2750000e+02   6.2384000e+02   6.2763000e+02   6.2772000e+02   5.7855000e+02   5.8723000e+02
   5.8922000e+02   5.8994000e+02   5.9490000e+02   5.9833000e+02   5.6535000e+02   5.6765000e+02
   5.5080000e+02   5.4623000e+02   5.4903000e+02   5.4830000e+02   5.3900000e+02   5.4638000e+02
   5.4749000e+02   5.4507000e+02   5.4459000e+02   5.4224000e+02   5.4193000e+02   5.4647000e+02
   5.4277000e+02   5.4529000e+02   5.4712000e+02   5.4807000e+02   5.3396000e+02   5.4107000e+02
   5.5609000e+02   5.5730000e+02   5.5860000e+02   5.6029000e+02   5.3210000e+02   5.4671000e+02
   5.6118000e+02   5.5974000e+02   5.6258000e+02   5.6377000e+02   5.1166000e+02   5.3261000e+02
   5.4366000e+02   5.4055000e+02   5.4447000e+02   5.4393000e+02   4.9261000e+02   5.1640000e+02
   5.3425000e+02   5.2609000e+02   5.3031000e+02   5.2663000e+02   4.6299000e+02   4.8081000e+02
   5.4032000e+02   5.3134000e+02   5.3660000e+02   5.3549000e+02   4.4151000e+02   4.6149000e+02
   5.3702000e+02   5.4174000e+02   5.3450000e+02   5.2827000e+02   4.3316000e+02   4.4712000e+02
   5.7036000e+02   5.6422000e+02   5.6343000e+02   5.6262000e+02   4.2257000e+02   4.3916000e+02
   5.6694000e+02   5.6582000e+02   5.7557000e+02   5.8005000e+02   4.1226000e+02   4.3234000e+02
   6.4280000e+02   6.3970000e+02   6.1851000e+02   6.1377000e+02   4.3080000e+02   4.4438000e+02
   6.0009000e+02   6.0508000e+02   6.1464000e+02   6.2022000e+02   4.2829000e+02   4.4301000e+02
   6.0268000e+02   6.0680000e+02   6.0364000e+02   6.0197000e+02   4.2804000e+02   4.3732000e+02
   5.8163000e+02   5.8226000e+02   5.8791000e+02   5.9293000e+02   4.1855000e+02   4.2708000e+02
   5.6536000e+02   5.6518000e+02   5.6981000e+02   5.7118000e+02   4.1219000e+02   4.1378000e+02
   5.6403000e+02   5.6067000e+02   5.6624000e+02   5.6712000e+02   4.0542000e+02   4.1223000e+02
   5.5701000e+02   5.5098000e+02   5.5918000e+02   5.5957000e+02   4.0009000e+02   4.0906000e+02
   5.6051000e+02   5.5251000e+02   5.6218000e+02   5.6224000e+02   3.9956000e+02   3.9658000e+02
   5.4869000e+02   5.4462000e+02   5.4990000e+02   5.4969000e+02   3.9547000e+02   3.9380000e+02
   5.3098000e+02   5.3180000e+02   5.3562000e+02   5.3939000e+02   3.8060000e+02   3.8363000e+02
   5.1400000e+02   5.1229000e+02   5.1958000e+02   5.2239000e+02   3.7319000e+02   3.7450000e+02
   4.9918000e+02   4.9638000e+02   5.0374000e+02   5.0627000e+02   3.6677000e+02   3.6987000e+02
   5.0603000e+02   5.1244000e+02   5.1225000e+02   5.1692000e+02   3.9298000e+02   3.9608000e+02
   5.2435000e+02   5.2779000e+02   5.2907000e+02   5.3221000e+02   4.1215000e+02   4.1470000e+02
   5.1753000e+02   5.2326000e+02   5.2267000e+02   5.2691000e+02   4.1999000e+02   4.2545000e+02
   4.9476000e+02   4.9964000e+02   5.0013000e+02   5.0396000e+02   4.1487000e+02   4.2510000e+02
   4.7992000e+02   4.8457000e+02   4.8396000e+02   4.8681000e+02   4.1169000e+02   4.2730000e+02
   4.8780000e+02   4.9454000e+02   4.9420000e+02   4.9670000e+02   4.2260000e+02   4.3973000e+02
   5.0187000e+02   5.0470000e+02   5.0497000e+02   5.0672000e+02   4.3529000e+02   4.4924000e+02
   5.2281000e+02   5.2397000e+02   5.2534000e+02   5.2676000e+02   4.5014000e+02   4.6940000e+02
   5.1885000e+02   5.2684000e+02   5.2491000e+02   5.2782000e+02   4.6288000e+02   4.7746000e+02
   4.9670000e+02   5.0446000e+02   5.0423000e+02   5.0641000e+02   4.5985000e+02   4.7460000e+02
   5.0090000e+02   5.0407000e+02   5.0554000e+02   5.0713000e+02   4.5852000e+02   4.7213000e+02
   5.0117000e+02   5.0434000e+02   5.0421000e+02   5.0627000e+02   4.5550000e+02   4.6978000e+02
   4.7817000e+02   4.8571000e+02   4.8649000e+02   4.8991000e+02   4.4638000e+02   4.6084000e+02
   4.7778000e+02   4.7901000e+02   4.8354000e+02   4.8508000e+02   4.4281000e+02   4.5875000e+02
   4.7283000e+02   4.7346000e+02   4.7810000e+02   4.8121000e+02   4.4178000e+02   4.5190000e+02
   4.5234000e+02   4.5025000e+02   4.5692000e+02   4.5844000e+02   4.2660000e+02   4.3985000e+02
   4.5670000e+02   4.5249000e+02   4.5977000e+02   4.6246000e+02   4.1503000e+02   4.2679000e+02
   4.7248000e+02   4.6631000e+02   4.7684000e+02   4.8013000e+02   4.0728000e+02   4.2301000e+02
   4.6533000e+02   4.6860000e+02   4.7452000e+02   4.7861000e+02   3.9671000e+02   4.1477000e+02
   4.5666000e+02   4.5688000e+02   4.5972000e+02   4.6136000e+02   3.8345000e+02   4.0014000e+02
   4.3841000e+02   4.4377000e+02   4.4651000e+02   4.5241000e+02   3.7202000e+02   3.8855000e+02
   4.2024000e+02   4.2771000e+02   4.2976000e+02   4.3415000e+02   3.6437000e+02   3.7664000e+02
   4.0037000e+02   4.0224000e+02   4.0649000e+02   4.0746000e+02   3.5577000e+02   3.6885000e+02
   3.9344000e+02   3.8979000e+02   4.0094000e+02   4.0412000e+02   3.3916000e+02   3.5338000e+02
   3.6016000e+02   3.5996000e+02   3.6380000e+02   3.6856000e+02   3.1344000e+02   3.3097000e+02
   3.3762000e+02   3.3080000e+02   3.4338000e+02   3.4635000e+02   2.8165000e+02   2.9743000e+02
   3.2703000e+02   3.3698000e+02   3.4519000e+02   3.5447000e+02   2.6198000e+02   2.8136000e+02
   2.9287000e+02   3.1195000e+02   3.0742000e+02   3.1329000e+02   2.4044000e+02   2.6128000e+02
   3.0875000e+02   3.1158000e+02   2.9863000e+02   3.0296000e+02   2.0646000e+02   2.2300000e+02
   2.8964000e+02   2.6316000e+02   2.7768000e+02   2.9381000e+02   1.8507000e+02   1.9387000e+02
   2.3209000e+02   2.3366000e+02   2.3113000e+02   2.2595000e+02   1.6232000e+02   1.7080000e+02
   1.9447000e+02   2.1652000e+02   2.3130000e+02   2.4992000e+02   1.3626000e+02   1.4551000e+02
   1.4827000e+02   1.7477000e+02   1.9539000e+02   2.0723000e+02   1.1357000e+02   1.2939000e+02
   1.8350000e+02   1.9231000e+02   1.8496000e+02   1.9959000e+02   9.2534000e+01   1.1069000e+02
   2.0116000e+02   1.9297000e+02   2.0485000e+02   2.0510000e+02   6.7137000e+01   8.0506000e+01
   1.2948000e+02   1.4858000e+02   1.4868000e+02   1.5228000e+02   6.3585000e+01   7.5256000e+01
   1.3481000e+02   1.4602000e+02   1.4457000e+02   1.4748000e+02   6.2897000e+01   6.9869000e+01
   1.3618000e+02   1.4481000e+02   1.5034000e+02   1.5502000e+02   5.5457000e+01   5.6809000e+01
   2.0517000e+02   2.1124000e+02   2.0442000e+02   2.0556000e+02   4.0678000e+01   4.9831000e+01
   1.9601000e+02   1.9649000e+02   1.9395000e+02   1.9419000e+02   6.4424000e+01   8.1054000e+01
   1.2097000e+02   1.4044000e+02   1.3990000e+02   1.4602000e+02   6.0111000e+01   7.4913000e+01
   8.7310000e+01   1.0368000e+02   1.0410000e+02   1.1527000e+02   5.8554000e+01   5.5994000e+01
   1.5087000e+02   1.5389000e+02   1.5491000e+02   1.5850000e+02   4.2533000e+01   4.3568000e+01
   1.1543000e+02   1.1714000e+02   1.2542000e+02   1.2620000e+02   4.7810000e+01   4.6340000e+01
   1.2625000e+02   1.2950000e+02   1.3530000e+02   1.3780000e+02   5.4548000e+01   8.0298000e+01
   1.3775000e+02   1.4971000e+02   1.4319000e+02   1.4243000e+02   7.3723000e+01   8.6804000e+01
   1.6590000e+02   1.6739000e+02   1.6099000e+02   1.5771000e+02   7.4445000e+01   9.0500000e+01
   1.5944000e+02   1.6336000e+02   1.6980000e+02   1.6931000e+02   7.8646000e+01   9.3043000e+01
   1.8202000e+02   1.7945000e+02   1.8251000e+02   1.8244000e+02   1.1642000e+02   1.1996000e+02
   1.9422000e+02   1.9860000e+02   1.9715000e+02   1.9667000e+02   1.3948000e+02   1.4274000e+02
   2.2687000e+02   2.2874000e+02   2.2397000e+02   2.2248000e+02   1.3125000e+02   1.4414000e+02
   2.5132000e+02   2.5020000e+02   2.5270000e+02   2.5355000e+02   1.3941000e+02   1.5086000e+02
   2.4732000e+02   2.5341000e+02   2.5416000e+02   2.5567000e+02   1.6687000e+02   1.7644000e+02
   2.4809000e+02   2.4312000e+02   2.4534000e+02   2.4350000e+02   1.8180000e+02   2.0317000e+02
   2.7822000e+02   2.7913000e+02   2.8112000e+02   2.8271000e+02   2.1088000e+02   2.3230000e+02
   2.9552000e+02   2.9718000e+02   2.9758000e+02   2.9865000e+02   2.3194000e+02   2.4243000e+02
   3.0725000e+02   3.1013000e+02   3.1013000e+02   3.1057000e+02   2.4519000e+02   2.6141000e+02
   2.8909000e+02   2.9261000e+02   2.9592000e+02   2.9776000e+02   2.5506000e+02   2.6826000e+02
   2.7489000e+02   2.7977000e+02   2.8355000e+02   2.8934000e+02   2.4674000e+02   2.5058000e+02
   2.7807000e+02   2.7785000e+02   2.8348000e+02   2.8720000e+02   2.5102000e+02   2.4231000e+02
   2.8792000e+02   2.9028000e+02   2.9584000e+02   2.9962000e+02   2.3125000e+02   2.3201000e+02
   2.9404000e+02   2.9521000e+02   2.9634000e+02   2.9751000e+02   2.0989000e+02   2.2264000e+02
   3.1918000e+02   3.2246000e+02   3.2138000e+02   3.2128000e+02   2.0307000e+02   2.1810000e+02
   3.2100000e+02   3.1937000e+02   3.2372000e+02   3.2288000e+02   2.1075000e+02   2.2470000e+02
   3.2135000e+02   3.1739000e+02   3.2084000e+02   3.2145000e+02   2.3170000e+02   2.4159000e+02
   3.2973000e+02   3.2928000e+02   3.3280000e+02   3.3323000e+02   2.3653000e+02   2.4682000e+02
   3.3289000e+02   3.3604000e+02   3.3851000e+02   3.4174000e+02   2.4766000e+02   2.5838000e+02
   3.3882000e+02   3.4496000e+02   3.4139000e+02   3.4239000e+02   2.5547000e+02   2.6326000e+02
   3.4770000e+02   3.4720000e+02   3.4990000e+02   3.5224000e+02   2.6290000e+02   2.7491000e+02
   3.5579000e+02   3.5645000e+02   3.5984000e+02   3.6243000e+02   2.7758000e+02   2.9110000e+02
   3.6489000e+02   3.6257000e+02   3.6458000e+02   3.6593000e+02   2.9346000e+02   3.0905000e+02
   3.7303000e+02   3.7250000e+02   3.7544000e+02   3.7690000e+02   3.0526000e+02   3.2085000e+02
   3.4509000e+02   3.4425000e+02   3.4799000e+02   3.4902000e+02   2.7501000e+02   2.9269000e+02
   3.1649000e+02   3.1613000e+02   3.1949000e+02   3.2233000e+02   2.5571000e+02   2.6639000e+02
