   2.5640000e+00   2.6120000e+00   2.5970000e+00   2.6180000e+00   2.6830000e+00   2.5790000e+00
   2.6840000e+00   2.7120000e+00   2.7070000e+00   2.7190000e+00   2.8150000e+00   2.7500000e+00
   2.8330000e+00   2.8510000e+00   2.8480000e+00   2.8550000e+00   2.9910000e+00   2.9860000e+00
   2.9770000e+00   2.9940000e+00   2.9890000e+00   2.9970000e+00   3.2260000e+00   3.2670000e+00
   3.1190000e+00   3.1050000e+00   3.1100000e+00   3.1080000e+00   3.4790000e+00   3.4880000e+00
   3.2850000e+00   3.2570000e+00   3.2700000e+00   3.2670000e+00   3.6480000e+00   3.6400000e+00
   3.4580000e+00   3.4310000e+00   3.4350000e+00   3.4270000e+00   3.8070000e+00   3.8230000e+00
   3.6470000e+00   3.6120000e+00   3.6170000e+00   3.5970000e+00   3.9250000e+00   3.9770000e+00
   3.7400000e+00   3.7040000e+00   3.7200000e+00   3.7010000e+00   4.0130000e+00   4.0870000e+00
   3.8770000e+00   3.8550000e+00   3.8720000e+00   3.8630000e+00   4.1140000e+00   4.2440000e+00
   3.9800000e+00   3.9730000e+00   3.9710000e+00   3.9530000e+00   4.2320000e+00   4.3460000e+00
   4.1120000e+00   4.1200000e+00   4.1100000e+00   4.0940000e+00   4.3620000e+00   4.3960000e+00
   4.0830000e+00   4.0850000e+00   4.1050000e+00   4.1040000e+00   4.4940000e+00   4.3980000e+00
   4.2020000e+00   4.1580000e+00   4.2020000e+00   4.1880000e+00   4.5430000e+00   4.5190000e+00
   4.3600000e+00   4.3070000e+00   4.3540000e+00   4.3360000e+00   4.5510000e+00   4.6550000e+00
   4.4540000e+00   4.4190000e+00   4.4470000e+00   4.4320000e+00   4.7240000e+00   4.7190000e+00
   4.4840000e+00   4.5060000e+00   4.4840000e+00   4.4880000e+00   4.6120000e+00   4.6980000e+00
   4.3830000e+00   4.4630000e+00   4.4000000e+00   4.4380000e+00   4.4090000e+00   4.6400000e+00
   4.3790000e+00   4.4440000e+00   4.3820000e+00   4.4630000e+00   3.9500000e+00   4.5650000e+00
   4.2430000e+00   4.3730000e+00   4.2500000e+00   4.3870000e+00   3.4590000e+00   4.0420000e+00
   3.9280000e+00   4.1280000e+00   4.0120000e+00   4.2600000e+00   3.2070000e+00   3.7210000e+00
   3.7070000e+00   3.8880000e+00   3.8470000e+00   4.1690000e+00   3.2630000e+00   3.5600000e+00
   3.4240000e+00   3.6310000e+00   3.6510000e+00   3.9690000e+00   3.6740000e+00   3.7030000e+00
   3.2840000e+00   3.4510000e+00   3.4770000e+00   3.7700000e+00   3.7890000e+00   3.6870000e+00
   3.3840000e+00   3.4890000e+00   3.5400000e+00   3.8140000e+00   3.6740000e+00   3.6000000e+00
   3.2770000e+00   3.3290000e+00   3.4070000e+00   3.6790000e+00   3.8290000e+00   3.5940000e+00
   3.1860000e+00   3.3300000e+00   3.3190000e+00   3.6200000e+00   4.1510000e+00   3.8340000e+00
   3.1150000e+00   3.2770000e+00   3.2740000e+00   3.6190000e+00   4.2030000e+00   3.9830000e+00
   3.1590000e+00   3.2830000e+00   3.2710000e+00   3.6120000e+00   4.2380000e+00   4.0810000e+00
   3.1730000e+00   3.1920000e+00   3.1970000e+00   3.5190000e+00   4.3220000e+00   4.1780000e+00
   3.1250000e+00   3.0700000e+00   3.0980000e+00   3.4290000e+00   4.3290000e+00   4.1910000e+00
   3.0410000e+00   2.9530000e+00   2.9980000e+00   3.3340000e+00   4.2400000e+00   4.2530000e+00
   3.0610000e+00   2.9220000e+00   2.9400000e+00   3.1380000e+00   4.2290000e+00   4.4080000e+00
   3.1500000e+00   2.9630000e+00   2.9340000e+00   2.9100000e+00   4.4450000e+00   4.4600000e+00
   3.3260000e+00   2.7920000e+00   2.8910000e+00   2.5270000e+00   4.6840000e+00   4.4470000e+00
   3.4660000e+00   3.2970000e+00   3.2300000e+00   2.7850000e+00   4.6030000e+00   4.3850000e+00
   3.0750000e+00   3.2330000e+00   2.9110000e+00   2.5720000e+00   4.5020000e+00   4.3790000e+00
   2.7520000e+00   3.0010000e+00   2.6150000e+00   2.2800000e+00   4.4290000e+00   4.3940000e+00
   2.5920000e+00   2.9470000e+00   2.5610000e+00   2.4120000e+00   4.3660000e+00   4.4460000e+00
   2.4600000e+00   2.9840000e+00   2.5960000e+00   2.7950000e+00   4.3330000e+00   4.4160000e+00
   2.4460000e+00   3.0440000e+00   2.8340000e+00   3.0710000e+00   4.3900000e+00   4.4300000e+00
   3.0360000e+00   3.4580000e+00   3.2300000e+00   3.2350000e+00   4.4110000e+00   4.4420000e+00
   3.5120000e+00   3.8000000e+00   3.5530000e+00   3.5440000e+00   4.5290000e+00   4.4940000e+00
   3.6440000e+00   3.8480000e+00   3.7760000e+00   3.8990000e+00   4.7740000e+00   4.6180000e+00
   4.3560000e+00   4.5790000e+00   4.4720000e+00   4.6820000e+00   4.9050000e+00   4.7610000e+00
   4.8380000e+00   5.2460000e+00   4.9000000e+00   5.2450000e+00   5.0840000e+00   4.9810000e+00
   5.1910000e+00   5.8420000e+00   5.2830000e+00   5.6540000e+00   5.2410000e+00   5.0820000e+00
   4.9870000e+00   5.9290000e+00   5.2040000e+00   5.6500000e+00   5.2930000e+00   5.1100000e+00
   4.7050000e+00   5.8700000e+00   5.0630000e+00   5.5710000e+00   5.4340000e+00   5.1800000e+00
   4.4670000e+00   5.8260000e+00   4.9160000e+00   5.4450000e+00   5.6240000e+00   5.2710000e+00
   4.2760000e+00   5.5060000e+00   4.6960000e+00   5.1470000e+00   5.7130000e+00   5.3930000e+00
   4.1430000e+00   5.1810000e+00   4.4730000e+00   4.8530000e+00   5.9310000e+00   5.4860000e+00
   3.9670000e+00   4.8490000e+00   4.2800000e+00   4.6840000e+00   6.1620000e+00   5.5700000e+00
   3.9180000e+00   4.8000000e+00   4.2220000e+00   4.6270000e+00   6.3810000e+00   5.8680000e+00
   4.0080000e+00   4.9160000e+00   4.3470000e+00   4.7590000e+00   6.4740000e+00   5.9810000e+00
   4.0480000e+00   4.9190000e+00   4.4240000e+00   4.8280000e+00   6.6750000e+00   6.0710000e+00
   3.6610000e+00   4.3810000e+00   4.2610000e+00   4.7650000e+00   6.7610000e+00   6.2410000e+00
   4.1410000e+00   4.5790000e+00   4.7070000e+00   4.8400000e+00   6.3950000e+00   5.8650000e+00
   5.1470000e+00   5.1160000e+00   5.3280000e+00   5.0640000e+00   6.3740000e+00   5.7990000e+00
   5.4670000e+00   5.2500000e+00   5.0930000e+00   5.6600000e+00   6.0790000e+00   5.4460000e+00
   5.3490000e+00   5.9030000e+00   5.5870000e+00   7.3940000e+00   6.0270000e+00   5.1300000e+00
   5.0840000e+00   7.8180000e+00   7.3770000e+00   8.1460000e+00   6.2620000e+00   5.4830000e+00
   7.2840000e+00   8.2530000e+00   7.7820000e+00   7.9730000e+00   6.3880000e+00   5.8120000e+00
   6.9420000e+00   7.3990000e+00   7.1180000e+00   7.2520000e+00   6.2460000e+00   5.5120000e+00
   7.9520000e+00   8.2890000e+00   8.0160000e+00   8.1180000e+00   6.1890000e+00   5.3730000e+00
   7.3400000e+00   7.6650000e+00   7.3450000e+00   7.4650000e+00   5.3780000e+00   5.7070000e+00
   7.7130000e+00   8.4190000e+00   8.2380000e+00   8.6100000e+00   4.8200000e+00   5.0280000e+00
   7.9010000e+00   8.9280000e+00   8.3970000e+00   8.6930000e+00   4.4220000e+00   5.0900000e+00
   8.7560000e+00   9.2150000e+00   9.0270000e+00   9.2330000e+00   4.3350000e+00   5.2090000e+00
   8.9640000e+00   9.6100000e+00   9.0790000e+00   9.2220000e+00   4.2690000e+00   5.4900000e+00
   9.4590000e+00   1.0114000e+01   9.5500000e+00   9.7480000e+00   4.9720000e+00   5.8750000e+00
   1.0339000e+01   1.1256000e+01   1.0481000e+01   1.0778000e+01   5.3850000e+00   5.8510000e+00
   1.0013000e+01   1.0872000e+01   1.0241000e+01   1.0584000e+01   5.5750000e+00   6.1120000e+00
   8.3460000e+00   8.7500000e+00   8.6000000e+00   9.0340000e+00   5.8430000e+00   6.4290000e+00
   8.3720000e+00   8.9420000e+00   8.7740000e+00   9.3890000e+00   5.5500000e+00   6.3550000e+00
   9.0930000e+00   9.0900000e+00   8.9090000e+00   9.4040000e+00   5.4760000e+00   5.8820000e+00
   8.2930000e+00   6.7170000e+00   6.0460000e+00   1.0044000e+01   5.7460000e+00   5.5820000e+00
   8.5350000e+00   7.3040000e+00   5.9540000e+00   4.4730000e+00   5.8100000e+00   5.4260000e+00
   8.1360000e+00   7.0120000e+00   6.2770000e+00   5.2970000e+00   5.7160000e+00   5.0600000e+00
   7.9070000e+00   7.4000000e+00   7.1430000e+00   6.8250000e+00   6.1380000e+00   5.6970000e+00
   8.4880000e+00   8.1680000e+00   8.2380000e+00   8.5830000e+00   6.7350000e+00   6.6760000e+00
   9.8310000e+00   1.0312000e+01   9.1560000e+00   8.8940000e+00   6.4740000e+00   6.7780000e+00
   8.7930000e+00   9.9220000e+00   9.5450000e+00   1.0526000e+01   6.1720000e+00   6.1190000e+00
   4.7860000e+00   5.1790000e+00   4.0110000e+00   5.4190000e+00   6.4770000e+00   5.9120000e+00
   6.5610000e+00   5.5800000e+00   4.8050000e+00   4.1510000e+00   7.3040000e+00   6.7430000e+00
   6.5220000e+00   6.4670000e+00   5.8920000e+00   6.1140000e+00   7.3700000e+00   7.4200000e+00
   6.9620000e+00   6.5400000e+00   6.5270000e+00   6.5650000e+00   7.4150000e+00   7.1850000e+00
   7.8880000e+00   7.3180000e+00   7.0530000e+00   6.5510000e+00   7.2270000e+00   7.0710000e+00
   7.2390000e+00   7.0010000e+00   6.3680000e+00   5.8760000e+00   7.2760000e+00   7.0560000e+00
   7.0480000e+00   7.0520000e+00   6.4150000e+00   5.9340000e+00   7.3770000e+00   7.2540000e+00
   5.3600000e+00   6.1240000e+00   5.5150000e+00   5.3940000e+00   7.5530000e+00   7.4700000e+00
   5.1570000e+00   6.4600000e+00   5.9240000e+00   6.6970000e+00   8.1050000e+00   8.0280000e+00
   4.6580000e+00   5.6120000e+00   5.3480000e+00   5.6650000e+00   8.1180000e+00   8.1210000e+00
   2.5750000e+00   1.7720000e+00   3.9360000e+00   5.2290000e+00   7.9680000e+00   8.0910000e+00
   3.6930000e+00   2.8640000e+00   3.6650000e+00   4.2160000e+00   7.9530000e+00   8.3470000e+00
   3.9270000e+00   3.7960000e+00   5.0220000e+00   6.3370000e+00   8.1280000e+00   8.5560000e+00
   3.5530000e+00   3.1630000e+00   3.0730000e+00   3.9410000e+00   8.1660000e+00   8.3550000e+00
   3.7810000e+00   5.0290000e+00   3.9140000e+00   4.4100000e+00   8.1350000e+00   8.0430000e+00
   3.8750000e+00   4.6900000e+00   3.1060000e+00   3.2800000e+00   7.9110000e+00   7.5950000e+00
   3.3050000e+00   4.0040000e+00   3.3070000e+00   3.4760000e+00   7.7090000e+00   7.3270000e+00
   2.5140000e+00   2.4770000e+00   1.7660000e+00   1.5670000e+00   7.7740000e+00   7.4020000e+00
   2.1510000e+00   2.3020000e+00   1.8810000e+00   1.7540000e+00   7.9000000e+00   7.5810000e+00
   1.8560000e+00   2.5460000e+00   1.8620000e+00   1.9940000e+00   7.9450000e+00   7.6650000e+00
   2.5340000e+00   2.8940000e+00   2.2920000e+00   2.3630000e+00   7.8780000e+00   7.6880000e+00
   3.0330000e+00   3.0740000e+00   2.7380000e+00   2.6120000e+00   7.8230000e+00   7.7430000e+00
   3.7750000e+00   4.0440000e+00   3.6750000e+00   3.6140000e+00   7.8080000e+00   7.8150000e+00
   5.3230000e+00   5.6160000e+00   5.3490000e+00   5.2900000e+00   7.7930000e+00   7.8920000e+00
   6.5560000e+00   6.7210000e+00   6.6770000e+00   6.7200000e+00   7.6830000e+00   7.8320000e+00
   7.2910000e+00   7.7240000e+00   7.6040000e+00   7.7920000e+00   7.5160000e+00   7.6480000e+00
   7.6570000e+00   7.9170000e+00   8.1270000e+00   8.3610000e+00   7.3290000e+00   7.5020000e+00
   7.2520000e+00   7.4210000e+00   7.6940000e+00   7.9700000e+00   7.1900000e+00   7.4180000e+00
   7.1200000e+00   6.9570000e+00   7.3170000e+00   7.4810000e+00   7.1500000e+00   7.4500000e+00
   7.3650000e+00   7.3040000e+00   7.4620000e+00   7.5160000e+00   7.2590000e+00   7.5720000e+00
   8.2990000e+00   7.8060000e+00   8.1060000e+00   7.9960000e+00   7.4630000e+00   7.8610000e+00
   9.2290000e+00   8.9280000e+00   9.1450000e+00   9.1270000e+00   7.2790000e+00   7.5880000e+00
   9.4660000e+00   9.5430000e+00   9.6540000e+00   9.7380000e+00   6.9600000e+00   7.2640000e+00
   9.3390000e+00   9.5290000e+00   9.7560000e+00   1.0048000e+01   7.0220000e+00   7.1380000e+00
   9.4160000e+00   9.4280000e+00   9.4640000e+00   9.5410000e+00   7.3210000e+00   7.3100000e+00
   9.4520000e+00   9.4620000e+00   9.4440000e+00   9.4660000e+00   7.6560000e+00   7.5880000e+00
   9.7290000e+00   9.6860000e+00   9.6550000e+00   9.5920000e+00   7.7570000e+00   7.7280000e+00
   9.8810000e+00   9.8410000e+00   9.8210000e+00   9.7680000e+00   7.7920000e+00   7.7310000e+00
   1.0004000e+01   9.9590000e+00   9.9480000e+00   9.9050000e+00   7.7390000e+00   7.8450000e+00
   1.0108000e+01   1.0025000e+01   1.0073000e+01   1.0034000e+01   7.6260000e+00   7.8440000e+00
   1.0181000e+01   1.0095000e+01   1.0229000e+01   1.0247000e+01   7.4850000e+00   7.8120000e+00
   1.0071000e+01   1.0041000e+01   1.0233000e+01   1.0341000e+01   7.3710000e+00   7.7290000e+00
   9.9910000e+00   9.9800000e+00   1.0140000e+01   1.0256000e+01   7.2660000e+00   7.5940000e+00
   9.8280000e+00   9.9710000e+00   9.9370000e+00   1.0037000e+01   7.1910000e+00   7.5140000e+00
   9.7140000e+00   9.8680000e+00   9.6850000e+00   9.6960000e+00   7.1510000e+00   7.4230000e+00
   9.8770000e+00   1.0061000e+01   9.7800000e+00   9.7200000e+00   7.1620000e+00   7.3170000e+00
   1.0111000e+01   9.7990000e+00   9.9990000e+00   9.9770000e+00   6.9610000e+00   7.1480000e+00
   9.7580000e+00   9.5540000e+00   1.0130000e+01   1.0376000e+01   6.8140000e+00   7.0280000e+00
   9.2690000e+00   8.9850000e+00   9.4380000e+00   9.5810000e+00   6.7420000e+00   6.9430000e+00
   9.1920000e+00   8.0560000e+00   9.4740000e+00   9.7510000e+00   6.6460000e+00   6.8480000e+00
   8.8270000e+00   7.8760000e+00   8.8310000e+00   8.9400000e+00   6.5070000e+00   6.7470000e+00
   7.9860000e+00   8.1750000e+00   8.2100000e+00   8.4330000e+00   6.3600000e+00   6.6280000e+00
   7.9170000e+00   8.0850000e+00   7.8830000e+00   7.9220000e+00   6.2530000e+00   6.4140000e+00
   7.7620000e+00   7.9500000e+00   7.6620000e+00   7.4620000e+00   6.0660000e+00   6.3250000e+00
   6.8300000e+00   6.7720000e+00   6.6990000e+00   6.8020000e+00   5.8120000e+00   6.2190000e+00
   7.1460000e+00   6.8370000e+00   6.9220000e+00   6.6460000e+00   5.5990000e+00   6.0600000e+00
   6.9940000e+00   6.3440000e+00   6.9640000e+00   7.1880000e+00   5.1740000e+00   5.8670000e+00
   7.1210000e+00   6.5750000e+00   6.4170000e+00   6.3140000e+00   5.4120000e+00   5.6870000e+00
   6.2010000e+00   8.1910000e+00   7.4340000e+00   8.2270000e+00   5.1400000e+00   5.5780000e+00
   6.7810000e+00   7.2850000e+00   7.6090000e+00   8.0310000e+00   5.2020000e+00   5.4420000e+00
   6.4590000e+00   7.2160000e+00   7.3470000e+00   7.9000000e+00   4.9460000e+00   5.4700000e+00
   6.2370000e+00   6.7110000e+00   6.9690000e+00   7.4070000e+00   4.6750000e+00   4.8990000e+00
   5.5960000e+00   6.0450000e+00   6.2750000e+00   6.6450000e+00   4.4030000e+00   4.8930000e+00
   6.2360000e+00   6.7160000e+00   6.8210000e+00   7.0720000e+00   4.1780000e+00   4.3690000e+00
   5.9530000e+00   6.3150000e+00   6.2860000e+00   6.3450000e+00   4.0270000e+00   4.3160000e+00
   5.3990000e+00   5.7570000e+00   5.7740000e+00   5.8080000e+00   3.9470000e+00   4.0430000e+00
   5.2490000e+00   5.6290000e+00   5.6210000e+00   5.6270000e+00   3.8900000e+00   4.0770000e+00
   5.3640000e+00   5.6100000e+00   5.7500000e+00   5.8090000e+00   3.7140000e+00   4.0500000e+00
   4.9560000e+00   5.3880000e+00   5.4010000e+00   5.4350000e+00   3.5060000e+00   3.7740000e+00
   4.7750000e+00   5.0760000e+00   5.1930000e+00   5.1950000e+00   3.3200000e+00   3.6330000e+00
   5.0810000e+00   5.2910000e+00   5.3370000e+00   5.2880000e+00   3.0130000e+00   3.4340000e+00
   5.1600000e+00   5.2080000e+00   5.2440000e+00   5.1760000e+00   2.7490000e+00   3.1270000e+00
   4.3100000e+00   4.4040000e+00   4.2930000e+00   4.1970000e+00   2.7260000e+00   3.0440000e+00
   3.9210000e+00   3.5670000e+00   3.8220000e+00   3.6920000e+00   3.3760000e+00   2.7370000e+00
   4.5290000e+00   4.0030000e+00   4.4220000e+00   4.3750000e+00   3.7770000e+00   2.6620000e+00
   4.4150000e+00   4.1350000e+00   4.2610000e+00   4.1850000e+00   3.4190000e+00   2.9530000e+00
   4.6450000e+00   4.1330000e+00   4.4520000e+00   4.4190000e+00   3.1960000e+00   3.0460000e+00
   4.8240000e+00   4.2640000e+00   4.5230000e+00   4.4630000e+00   3.0190000e+00   2.8350000e+00
   5.0910000e+00   4.6790000e+00   4.8210000e+00   4.8320000e+00   2.9120000e+00   2.6640000e+00
   4.8560000e+00   4.7150000e+00   4.6710000e+00   4.7180000e+00   3.2320000e+00   2.8490000e+00
   4.4370000e+00   4.4700000e+00   4.3220000e+00   4.3940000e+00   3.2520000e+00   2.8120000e+00
   4.2450000e+00   4.3640000e+00   4.1470000e+00   4.2270000e+00   3.0210000e+00   2.4060000e+00
   3.9790000e+00   4.1210000e+00   3.7800000e+00   3.8170000e+00   2.4730000e+00   2.0340000e+00
   3.4060000e+00   3.6310000e+00   3.0650000e+00   2.9520000e+00   1.6980000e+00   1.9610000e+00
   2.8830000e+00   2.9570000e+00   2.4090000e+00   2.2080000e+00   1.1560000e+00   1.7890000e+00
   2.3240000e+00   2.1390000e+00   1.9910000e+00   1.8470000e+00   1.1500000e+00   1.7230000e+00
   2.1960000e+00   1.9170000e+00   1.9290000e+00   1.8290000e+00   1.3420000e+00   1.7810000e+00
   1.8900000e+00   1.7010000e+00   1.7180000e+00   1.6410000e+00   1.6110000e+00   1.8790000e+00
   1.7590000e+00   1.5290000e+00   1.5730000e+00   1.4690000e+00   1.7420000e+00   1.9160000e+00
   1.6910000e+00   1.4870000e+00   1.5470000e+00   1.4420000e+00   1.9450000e+00   1.9680000e+00
   1.7260000e+00   1.5420000e+00   1.6780000e+00   1.6020000e+00   2.0310000e+00   2.0100000e+00
   1.6300000e+00   1.4530000e+00   1.6020000e+00   1.5560000e+00   2.0530000e+00   1.8530000e+00
   1.7730000e+00   1.5720000e+00   1.6820000e+00   1.6140000e+00   1.8810000e+00   1.8010000e+00
   1.4460000e+00   1.3900000e+00   1.4310000e+00   1.3910000e+00   1.9100000e+00   1.8590000e+00
   1.2910000e+00   1.0740000e+00   1.2380000e+00   1.1790000e+00   2.6940000e+00   2.2220000e+00
   1.3180000e+00   1.0460000e+00   1.2770000e+00   1.2330000e+00   3.5690000e+00   3.2010000e+00
   1.3820000e+00   1.1450000e+00   1.3460000e+00   1.3190000e+00   4.2380000e+00   3.8540000e+00
   1.2910000e+00   1.1460000e+00   1.2650000e+00   1.2490000e+00   4.1940000e+00   3.9890000e+00
   1.2580000e+00   1.1660000e+00   1.2630000e+00   1.2790000e+00   4.0820000e+00   4.0750000e+00
   1.3730000e+00   1.3400000e+00   1.3990000e+00   1.4460000e+00   3.9880000e+00   4.0300000e+00
   1.4370000e+00   1.5190000e+00   1.4710000e+00   1.5280000e+00   3.9800000e+00   3.9740000e+00
   1.3910000e+00   1.5400000e+00   1.4150000e+00   1.4680000e+00   4.0050000e+00   3.9770000e+00
   1.2200000e+00   1.3800000e+00   1.2150000e+00   1.2500000e+00   3.9740000e+00   3.9750000e+00
   1.0330000e+00   1.2300000e+00   1.0270000e+00   1.0540000e+00   3.9350000e+00   3.9700000e+00
   7.8200000e-01   1.0280000e+00   7.6800000e-01   7.9400000e-01   3.9660000e+00   4.0240000e+00
   8.0800000e-01   8.1200000e-01   6.9700000e-01   6.4600000e-01   3.9640000e+00   4.1260000e+00
   8.4800000e-01   7.5400000e-01   7.3800000e-01   6.9800000e-01   4.0530000e+00   4.1140000e+00
   8.0000000e-01   7.1200000e-01   6.8400000e-01   6.3600000e-01   4.1710000e+00   3.9860000e+00
   7.6000000e-01   7.0000000e-01   6.9000000e-01   6.7700000e-01   4.2850000e+00   3.8630000e+00
   7.9600000e-01   6.6700000e-01   6.8900000e-01   6.4100000e-01   4.1470000e+00   3.6060000e+00
   7.9300000e-01   6.8600000e-01   6.8500000e-01   6.3200000e-01   3.9230000e+00   3.2410000e+00
   7.5700000e-01   6.5900000e-01   6.7900000e-01   6.5900000e-01   3.5940000e+00   2.9110000e+00
   7.0900000e-01   6.0300000e-01   6.1800000e-01   5.8100000e-01   3.1730000e+00   2.6970000e+00
   6.9400000e-01   6.1100000e-01   6.2200000e-01   5.8400000e-01   2.8770000e+00   2.5020000e+00
   7.2100000e-01   5.8800000e-01   6.4600000e-01   6.1300000e-01   2.7240000e+00   2.2900000e+00
   8.0300000e-01   6.4900000e-01   6.9200000e-01   6.4100000e-01   2.6220000e+00   2.1170000e+00
   8.2700000e-01   6.7900000e-01   7.1300000e-01   6.5600000e-01   2.5750000e+00   2.0070000e+00
   8.1600000e-01   6.7600000e-01   7.3200000e-01   7.0100000e-01   2.5930000e+00   2.0050000e+00
   8.1600000e-01   6.6900000e-01   7.3000000e-01   7.0200000e-01   2.6970000e+00   2.1480000e+00
   8.2900000e-01   6.6300000e-01   7.3600000e-01   6.9000000e-01   2.7390000e+00   2.3710000e+00
   8.7600000e-01   7.1200000e-01   7.9200000e-01   7.4900000e-01   2.7390000e+00   2.4190000e+00
   9.2800000e-01   7.6500000e-01   8.3800000e-01   7.8900000e-01   2.7280000e+00   2.3250000e+00
   1.0140000e+00   8.5000000e-01   9.3700000e-01   8.8400000e-01   2.7140000e+00   2.4570000e+00
   1.1390000e+00   9.5600000e-01   1.0590000e+00   1.0000000e+00   2.7930000e+00   2.4950000e+00
   1.3310000e+00   1.1600000e+00   1.2400000e+00   1.1690000e+00   2.8150000e+00   2.4880000e+00
   1.4900000e+00   1.3560000e+00   1.4070000e+00   1.3470000e+00   2.7610000e+00   2.4760000e+00
   1.6100000e+00   1.4980000e+00   1.5220000e+00   1.4650000e+00   2.7340000e+00   2.4780000e+00
   1.7010000e+00   1.6110000e+00   1.6080000e+00   1.5510000e+00   2.7810000e+00   2.5810000e+00
   1.7280000e+00   1.6720000e+00   1.6580000e+00   1.6100000e+00   2.7220000e+00   2.6450000e+00
   1.7190000e+00   1.6920000e+00   1.7010000e+00   1.6770000e+00   2.4610000e+00   2.4320000e+00
   1.8200000e+00   1.7600000e+00   1.8110000e+00   1.8040000e+00   2.2590000e+00   2.2110000e+00
   2.0980000e+00   1.9570000e+00   2.0240000e+00   2.0010000e+00   2.1330000e+00   2.2320000e+00
   2.5340000e+00   2.3330000e+00   2.4170000e+00   2.4070000e+00   2.2900000e+00   2.3860000e+00
   2.8550000e+00   2.7090000e+00   2.7220000e+00   2.7550000e+00   2.4630000e+00   2.4100000e+00
   2.6690000e+00   2.7070000e+00   2.6100000e+00   2.6910000e+00   2.4670000e+00   2.4780000e+00
   2.5660000e+00   2.6090000e+00   2.5740000e+00   2.6740000e+00   2.7790000e+00   2.8550000e+00
   2.3690000e+00   2.5200000e+00   2.4840000e+00   2.6050000e+00   2.9950000e+00   3.1570000e+00
   2.1060000e+00   2.4730000e+00   2.3680000e+00   2.5570000e+00   3.0690000e+00   3.2670000e+00
   2.2510000e+00   2.5620000e+00   2.4500000e+00   2.5800000e+00   3.0460000e+00   3.2490000e+00
   2.4550000e+00   2.6910000e+00   2.5520000e+00   2.5920000e+00   2.9870000e+00   3.1720000e+00
   2.0590000e+00   2.3280000e+00   2.1390000e+00   2.1890000e+00   2.9100000e+00   3.1130000e+00
   1.8100000e+00   1.9060000e+00   1.8570000e+00   1.9190000e+00   2.9780000e+00   3.1550000e+00
   1.9950000e+00   2.0060000e+00   2.0680000e+00   2.1440000e+00   2.9970000e+00   3.1240000e+00
   2.4000000e+00   2.4030000e+00   2.4190000e+00   2.4970000e+00   2.9440000e+00   3.4030000e+00
   2.4910000e+00   2.5810000e+00   2.4620000e+00   2.5410000e+00   2.9300000e+00   3.0250000e+00
   2.9200000e+00   2.8900000e+00   2.9490000e+00   3.0040000e+00   3.1420000e+00   2.8400000e+00
   4.0150000e+00   3.7710000e+00   3.8070000e+00   3.7490000e+00   3.2050000e+00   3.0650000e+00
   4.1800000e+00   4.0370000e+00   3.9570000e+00   3.8970000e+00   3.3640000e+00   3.4540000e+00
   4.4950000e+00   4.7700000e+00   4.4300000e+00   4.3290000e+00   3.4750000e+00   3.4990000e+00
   5.4020000e+00   4.8460000e+00   5.0390000e+00   5.0940000e+00   3.4070000e+00   3.2460000e+00
   5.8520000e+00   6.3420000e+00   5.7890000e+00   5.5020000e+00   3.6260000e+00   2.5790000e+00
   3.1640000e+00   4.0190000e+00   3.4920000e+00   3.7520000e+00   3.7380000e+00   3.9680000e+00
   3.5590000e+00   4.2120000e+00   4.0890000e+00   4.4330000e+00   4.0770000e+00   5.0880000e+00
   6.1930000e+00   6.9200000e+00   6.1430000e+00   6.5140000e+00   3.2630000e+00   4.8590000e+00
   6.5690000e+00   6.6190000e+00   7.2800000e+00   8.2740000e+00   2.9980000e+00   5.0870000e+00
   8.6180000e+00   9.5360000e+00   8.4620000e+00   8.8050000e+00   5.4890000e+00   4.8670000e+00
   4.4750000e+00   5.4230000e+00   4.5690000e+00   4.7630000e+00   3.8930000e+00   4.1880000e+00
   3.1920000e+00   3.6700000e+00   3.0720000e+00   3.0980000e+00   2.2450000e+00   4.4700000e+00
   2.1060000e+00   2.9840000e+00   2.7040000e+00   3.1810000e+00   5.1580000e+00   2.8920000e+00
   2.0330000e+00   2.5880000e+00   2.3810000e+00   2.4450000e+00   7.5410000e+00   2.8810000e+00
   3.1030000e+00   3.6870000e+00   3.6720000e+00   4.0240000e+00   6.2690000e+00   6.1280000e+00
   3.3540000e+00   3.5480000e+00   3.4080000e+00   3.2250000e+00   5.3370000e+00   5.7460000e+00
   3.6230000e+00   3.8120000e+00   3.3050000e+00   3.2070000e+00   4.2400000e+00   4.7400000e+00
   2.9540000e+00   2.7830000e+00   2.7410000e+00   2.6530000e+00   3.9190000e+00   4.9220000e+00
   2.7730000e+00   2.7370000e+00   2.9050000e+00   3.1480000e+00   4.1420000e+00   6.2300000e+00
   3.1640000e+00   3.3250000e+00   3.0130000e+00   2.9130000e+00   4.3390000e+00   6.3390000e+00
   3.0520000e+00   3.3500000e+00   2.5310000e+00   2.3540000e+00   6.7140000e+00   6.3830000e+00
   2.2410000e+00   2.0940000e+00   1.9210000e+00   1.9320000e+00   7.8570000e+00   7.8790000e+00
   2.1340000e+00   2.1110000e+00   1.8260000e+00   1.7480000e+00   6.7130000e+00   8.4110000e+00
   8.9700000e-01   1.1250000e+00   9.5900000e-01   7.8900000e-01   7.4080000e+00   7.8580000e+00
   2.0340000e+00   1.8820000e+00   1.5940000e+00   1.2410000e+00   6.5680000e+00   6.7310000e+00
   1.7080000e+00   1.5870000e+00   1.1820000e+00   1.2820000e+00   5.7390000e+00   6.0780000e+00
   1.6780000e+00   1.1540000e+00   8.0500000e-01   1.2360000e+00   5.2350000e+00   6.0090000e+00
   2.5680000e+00   2.1670000e+00   1.7040000e+00   1.3130000e+00   4.9830000e+00   5.5220000e+00
   1.6060000e+00   2.2610000e+00   1.6630000e+00   1.6440000e+00   5.1420000e+00   5.9210000e+00
   1.4450000e+00   1.7340000e+00   1.2880000e+00   1.1710000e+00   5.1880000e+00   6.3870000e+00
   2.5520000e+00   2.8200000e+00   2.8140000e+00   2.9030000e+00   5.9600000e+00   6.6530000e+00
   1.8710000e+00   2.1660000e+00   1.9580000e+00   1.9020000e+00   6.1010000e+00   6.2730000e+00
   2.4670000e+00   2.1960000e+00   2.0950000e+00   1.8690000e+00   6.1290000e+00   6.2980000e+00
   3.4460000e+00   3.8390000e+00   3.2370000e+00   3.1510000e+00   6.1060000e+00   6.2460000e+00
   2.7870000e+00   3.0200000e+00   2.7830000e+00   2.7250000e+00   6.1490000e+00   6.3000000e+00
   3.8430000e+00   3.7020000e+00   3.7060000e+00   3.7180000e+00   6.3040000e+00   6.0920000e+00
   4.6820000e+00   4.7700000e+00   4.6530000e+00   4.6620000e+00   5.5870000e+00   5.9730000e+00
   4.9950000e+00   5.0130000e+00   4.9320000e+00   4.9540000e+00   5.2490000e+00   6.1030000e+00
   4.8640000e+00   4.9630000e+00   4.8250000e+00   4.8570000e+00   5.1020000e+00   5.9990000e+00
   4.4840000e+00   4.2280000e+00   4.5000000e+00   4.4840000e+00   4.8480000e+00   6.1160000e+00
   5.0670000e+00   5.0510000e+00   5.0010000e+00   4.9800000e+00   5.1210000e+00   5.9650000e+00
   5.3040000e+00   5.3340000e+00   5.3720000e+00   5.4240000e+00   5.3890000e+00   6.2060000e+00
   5.4060000e+00   5.4900000e+00   5.4890000e+00   5.5310000e+00   5.5690000e+00   6.2090000e+00
   5.1310000e+00   5.1890000e+00   5.2220000e+00   5.2590000e+00   4.9790000e+00   6.1020000e+00
   4.9010000e+00   4.9180000e+00   4.8920000e+00   4.8710000e+00   5.1010000e+00   5.7290000e+00
   4.3150000e+00   4.3260000e+00   4.3860000e+00   4.3880000e+00   5.1090000e+00   5.6300000e+00
   4.4650000e+00   4.3950000e+00   4.4030000e+00   4.3990000e+00   5.1970000e+00   5.5920000e+00
   4.7590000e+00   4.6340000e+00   4.7120000e+00   4.6820000e+00   5.2530000e+00   5.5520000e+00
   5.0890000e+00   5.0780000e+00   4.9510000e+00   4.8570000e+00   5.5890000e+00   5.5240000e+00
   5.2220000e+00   5.2080000e+00   5.1780000e+00   5.1780000e+00   6.2830000e+00   5.7060000e+00
   5.6670000e+00   5.6960000e+00   5.5680000e+00   5.5940000e+00   6.4790000e+00   6.0580000e+00
   5.9810000e+00   6.0690000e+00   6.0250000e+00   6.0970000e+00   6.3430000e+00   6.1050000e+00
   6.1020000e+00   6.2130000e+00   6.1820000e+00   6.2560000e+00   6.2410000e+00   5.9540000e+00
   5.9930000e+00   6.1950000e+00   6.1350000e+00   6.2030000e+00   6.1480000e+00   5.8980000e+00
   6.0350000e+00   6.2380000e+00   6.1430000e+00   6.2070000e+00   6.0240000e+00   5.7670000e+00
   6.0160000e+00   6.1870000e+00   6.2270000e+00   6.3430000e+00   6.3150000e+00   6.1240000e+00
   5.6490000e+00   5.8640000e+00   5.8790000e+00   6.0160000e+00   5.9000000e+00   6.3840000e+00
   5.6070000e+00   5.7570000e+00   5.8260000e+00   5.9420000e+00   5.5840000e+00   5.8960000e+00
   5.9520000e+00   6.0030000e+00   6.1290000e+00   6.1940000e+00   5.4160000e+00   5.7200000e+00
   5.8720000e+00   5.9350000e+00   6.1210000e+00   6.2370000e+00   5.2000000e+00   5.6290000e+00
   6.1180000e+00   6.1590000e+00   6.3040000e+00   6.3910000e+00   5.0630000e+00   5.3560000e+00
   6.2460000e+00   6.2760000e+00   6.4320000e+00   6.5160000e+00   4.9790000e+00   5.1720000e+00
   6.2790000e+00   6.4620000e+00   6.4960000e+00   6.6090000e+00   4.8750000e+00   5.0270000e+00
   6.7570000e+00   6.7090000e+00   6.8570000e+00   6.8990000e+00   5.1120000e+00   4.9020000e+00
   6.5830000e+00   6.6040000e+00   6.7540000e+00   6.7890000e+00   5.3030000e+00   5.1100000e+00
   6.7740000e+00   6.9780000e+00   6.9710000e+00   7.0670000e+00   5.2160000e+00   5.2320000e+00
   6.9630000e+00   7.2330000e+00   7.2100000e+00   7.3580000e+00   5.2780000e+00   5.3330000e+00
   6.9460000e+00   7.2320000e+00   7.2090000e+00   7.3600000e+00   5.3210000e+00   5.4000000e+00
   7.1110000e+00   7.2780000e+00   7.2200000e+00   7.3300000e+00   5.4040000e+00   5.4040000e+00
   7.1610000e+00   7.3120000e+00   7.3760000e+00   7.5510000e+00   5.4090000e+00   5.4480000e+00
   7.1500000e+00   7.2520000e+00   7.3490000e+00   7.5680000e+00   5.4770000e+00   5.4840000e+00
   7.6540000e+00   8.0030000e+00   7.9270000e+00   8.1540000e+00   5.6390000e+00   5.6310000e+00
   8.0330000e+00   7.9790000e+00   7.7770000e+00   7.7690000e+00   6.0040000e+00   5.8450000e+00
   8.4480000e+00   7.7700000e+00   8.2630000e+00   8.1060000e+00   6.3950000e+00   6.0160000e+00
   7.4280000e+00   7.0720000e+00   7.6370000e+00   7.9860000e+00   6.7070000e+00   6.3320000e+00
   6.6040000e+00   6.7830000e+00   6.9940000e+00   7.5020000e+00   6.6750000e+00   6.4030000e+00
   5.4950000e+00   5.7230000e+00   5.8240000e+00   6.1730000e+00   6.6340000e+00   6.5260000e+00
   4.7700000e+00   4.6760000e+00   4.9880000e+00   5.1470000e+00   6.7300000e+00   6.7870000e+00
   4.0450000e+00   3.9120000e+00   4.4660000e+00   4.6350000e+00   6.4970000e+00   6.5370000e+00
   3.9660000e+00   4.1000000e+00   4.4460000e+00   4.7580000e+00   6.4720000e+00   6.2100000e+00
   4.5200000e+00   4.6760000e+00   4.7520000e+00   4.9430000e+00   6.7710000e+00   6.3790000e+00
   4.9260000e+00   4.9290000e+00   5.2050000e+00   5.4160000e+00   6.8710000e+00   6.5670000e+00
   5.0400000e+00   4.6140000e+00   5.0560000e+00   5.0400000e+00   7.0690000e+00   6.8270000e+00
   5.7860000e+00   5.3780000e+00   5.5660000e+00   5.4070000e+00   7.2040000e+00   7.1260000e+00
   6.5260000e+00   6.2780000e+00   6.2940000e+00   6.1800000e+00   7.3530000e+00   7.4230000e+00
   6.9980000e+00   6.8460000e+00   6.8720000e+00   6.8290000e+00   7.4640000e+00   7.4190000e+00
   7.3390000e+00   7.1720000e+00   7.2530000e+00   7.2590000e+00   7.5070000e+00   7.3890000e+00
   7.6560000e+00   7.4970000e+00   7.6230000e+00   7.6600000e+00   7.4680000e+00   7.5310000e+00
   7.6560000e+00   7.5450000e+00   7.6440000e+00   7.7080000e+00   7.6540000e+00   7.6460000e+00
   8.0110000e+00   7.8280000e+00   7.9050000e+00   7.8540000e+00   7.8420000e+00   7.6630000e+00
   8.1060000e+00   8.0570000e+00   8.1470000e+00   8.1730000e+00   7.9570000e+00   7.7100000e+00
   8.1420000e+00   8.0170000e+00   8.1430000e+00   8.1880000e+00   8.1220000e+00   7.7500000e+00
   9.0090000e+00   8.6750000e+00   8.8260000e+00   8.7300000e+00   8.4460000e+00   8.0260000e+00
   8.7620000e+00   8.4590000e+00   8.7270000e+00   8.7860000e+00   9.3660000e+00   8.5350000e+00
   8.7600000e+00   8.5060000e+00   8.7310000e+00   8.7880000e+00   1.0862000e+01   9.6360000e+00
   9.0050000e+00   8.9020000e+00   9.0990000e+00   9.1810000e+00   1.0227000e+01   9.7510000e+00
   8.6390000e+00   8.6770000e+00   8.6670000e+00   8.7740000e+00   1.0401000e+01   9.8500000e+00
   9.4710000e+00   9.4680000e+00   9.3710000e+00   9.3540000e+00   8.7520000e+00   1.0166000e+01
   9.4220000e+00   9.1990000e+00   9.4260000e+00   9.4760000e+00   9.0810000e+00   9.6670000e+00
   9.6630000e+00   9.4540000e+00   9.6550000e+00   9.6890000e+00   9.1420000e+00   1.0593000e+01
   1.0065000e+01   9.4540000e+00   9.7460000e+00   9.5920000e+00   9.0350000e+00   9.6630000e+00
   1.0387000e+01   9.9040000e+00   1.0075000e+01   1.0027000e+01   9.0330000e+00   9.9730000e+00
   1.2107000e+01   1.1404000e+01   1.1596000e+01   1.1712000e+01   9.1070000e+00   9.6630000e+00
   1.2765000e+01   1.0485000e+01   1.2041000e+01   1.1745000e+01   8.9250000e+00   9.4800000e+00
   1.2757000e+01   1.3746000e+01   1.3215000e+01   1.3401000e+01   8.5250000e+00   9.2310000e+00
   1.0643000e+01   1.0320000e+01   1.0082000e+01   9.8680000e+00   7.7670000e+00   8.7640000e+00
   1.1192000e+01   1.1305000e+01   1.1940000e+01   1.2423000e+01   7.4840000e+00   8.1080000e+00
   1.0745000e+01   1.0361000e+01   1.0920000e+01   1.1315000e+01   6.2750000e+00   7.4960000e+00
   9.9050000e+00   9.8790000e+00   1.0518000e+01   1.1413000e+01   6.6610000e+00   7.0180000e+00
   9.3670000e+00   9.3670000e+00   9.7910000e+00   9.9950000e+00   6.9430000e+00   6.2430000e+00
   8.8360000e+00   8.2180000e+00   8.8940000e+00   8.9850000e+00   6.6960000e+00   6.1870000e+00
   6.9680000e+00   7.5600000e+00   6.7410000e+00   6.9210000e+00   6.3450000e+00   6.3400000e+00
   8.7550000e+00   9.2140000e+00   8.4260000e+00   8.3510000e+00   6.2430000e+00   6.3770000e+00
   8.9450000e+00   9.4020000e+00   9.4780000e+00   9.8030000e+00   6.0590000e+00   6.2160000e+00
   8.4050000e+00   8.6270000e+00   8.9600000e+00   9.4720000e+00   5.8480000e+00   5.8650000e+00
   7.8640000e+00   8.2800000e+00   8.2660000e+00   8.6110000e+00   5.5620000e+00   5.5280000e+00
   7.6130000e+00   7.9760000e+00   8.0330000e+00   8.4100000e+00   5.5430000e+00   5.5620000e+00
   7.0670000e+00   7.4590000e+00   7.4240000e+00   7.7140000e+00   5.6230000e+00   5.4790000e+00
   6.4370000e+00   6.9300000e+00   6.8120000e+00   7.0600000e+00   5.6100000e+00   5.1960000e+00
   6.3730000e+00   6.8570000e+00   6.7740000e+00   7.0450000e+00   5.4280000e+00   5.1090000e+00
   6.4670000e+00   6.9490000e+00   6.8210000e+00   7.0830000e+00   5.4580000e+00   5.0260000e+00
   6.3990000e+00   6.8590000e+00   6.7270000e+00   6.9720000e+00   5.4580000e+00   5.0930000e+00
   6.2130000e+00   6.6920000e+00   6.5630000e+00   6.8150000e+00   5.3280000e+00   4.9540000e+00
   6.0980000e+00   6.5670000e+00   6.4750000e+00   6.7430000e+00   5.2860000e+00   4.6890000e+00
   6.1350000e+00   6.5970000e+00   6.5250000e+00   6.7980000e+00   5.2440000e+00   5.0130000e+00
   6.0540000e+00   6.5710000e+00   6.4950000e+00   6.7830000e+00   4.9140000e+00   5.1300000e+00
   5.9930000e+00   6.4930000e+00   6.4760000e+00   6.7820000e+00   4.8440000e+00   5.0200000e+00
   5.9680000e+00   6.4160000e+00   6.4000000e+00   6.6930000e+00   4.6360000e+00   4.7130000e+00
   5.9470000e+00   6.3680000e+00   6.3310000e+00   6.6040000e+00   4.3410000e+00   4.5070000e+00
   5.9300000e+00   6.4220000e+00   6.3010000e+00   6.5820000e+00   4.2320000e+00   4.5440000e+00
   5.8940000e+00   6.3880000e+00   6.2680000e+00   6.5670000e+00   4.1200000e+00   4.3520000e+00
   5.8300000e+00   6.2730000e+00   6.2050000e+00   6.5060000e+00   4.0310000e+00   4.2620000e+00
   5.7560000e+00   6.1840000e+00   6.1460000e+00   6.4590000e+00   3.9460000e+00   4.2190000e+00
   5.4710000e+00   6.0060000e+00   5.9200000e+00   6.2640000e+00   3.7740000e+00   4.1680000e+00
   5.2310000e+00   5.7680000e+00   5.6910000e+00   6.0410000e+00   3.7620000e+00   4.2590000e+00
   5.1620000e+00   5.7480000e+00   5.6800000e+00   6.0520000e+00   3.9480000e+00   4.3320000e+00
   5.3250000e+00   5.9570000e+00   5.8840000e+00   6.2240000e+00   4.2350000e+00   4.3980000e+00
   5.4990000e+00   6.2050000e+00   6.1030000e+00   6.4050000e+00   4.1760000e+00   4.4410000e+00
   5.5900000e+00   6.2490000e+00   6.1910000e+00   6.4270000e+00   4.0200000e+00   4.5340000e+00
   5.8000000e+00   6.4140000e+00   6.3270000e+00   6.5120000e+00   4.0840000e+00   4.5650000e+00
   5.6370000e+00   6.2480000e+00   6.1230000e+00   6.2960000e+00   4.1360000e+00   4.4820000e+00
   5.4560000e+00   6.0290000e+00   5.9290000e+00   6.0920000e+00   4.1020000e+00   4.4380000e+00
   5.3760000e+00   5.8920000e+00   5.8010000e+00   5.9350000e+00   4.0750000e+00   4.4530000e+00
   5.1990000e+00   5.6930000e+00   5.5960000e+00   5.7020000e+00   4.0070000e+00   4.4510000e+00
   5.0600000e+00   5.4710000e+00   5.4090000e+00   5.4940000e+00   3.9400000e+00   4.4660000e+00
   5.0970000e+00   5.4370000e+00   5.3820000e+00   5.4340000e+00   3.9520000e+00   4.5540000e+00
   4.9990000e+00   5.2720000e+00   5.2310000e+00   5.2560000e+00   4.0170000e+00   4.5630000e+00
   4.9090000e+00   5.0740000e+00   5.0890000e+00   5.1110000e+00   4.0070000e+00   4.5700000e+00
