   2.8930000e+00   2.8841000e+00   2.8933000e+00   2.8906000e+00   3.4572000e+00   3.2376000e+00
   3.1554000e+00   3.1278000e+00   3.1507000e+00   3.1422000e+00   3.6453000e+00   3.4562000e+00
   3.4615000e+00   3.4210000e+00   3.4464000e+00   3.4303000e+00   3.8809000e+00   3.7537000e+00
   3.7656000e+00   3.7361000e+00   3.7572000e+00   3.7466000e+00   4.2094000e+00   4.1340000e+00
   4.0242000e+00   3.9661000e+00   3.9923000e+00   3.9745000e+00   4.5647000e+00   4.4510000e+00
   4.2984000e+00   4.2291000e+00   4.2618000e+00   4.2494000e+00   4.7651000e+00   4.6120000e+00
   4.5845000e+00   4.5028000e+00   4.5332000e+00   4.5122000e+00   4.9878000e+00   4.8822000e+00
   4.9320000e+00   4.8336000e+00   4.8709000e+00   4.8304000e+00   5.1524000e+00   5.1173000e+00
   5.0963000e+00   5.0018000e+00   5.0536000e+00   5.0147000e+00   5.2793000e+00   5.3251000e+00
   5.3432000e+00   5.2910000e+00   5.3311000e+00   5.3142000e+00   5.4510000e+00   5.5842000e+00
   5.5146000e+00   5.4970000e+00   5.4991000e+00   5.4706000e+00   5.6541000e+00   5.7808000e+00
   5.7231000e+00   5.7304000e+00   5.7189000e+00   5.6949000e+00   5.8675000e+00   5.8873000e+00
   5.6789000e+00   5.6794000e+00   5.7131000e+00   5.7120000e+00   6.0815000e+00   5.8852000e+00
   5.8678000e+00   5.7973000e+00   5.8673000e+00   5.8456000e+00   6.1983000e+00   6.0970000e+00
   6.1137000e+00   6.0331000e+00   6.1045000e+00   6.0761000e+00   6.1835000e+00   6.2832000e+00
   6.2522000e+00   6.2007000e+00   6.2388000e+00   6.2121000e+00   6.4425000e+00   6.4296000e+00
   6.2860000e+00   6.3295000e+00   6.2839000e+00   6.2894000e+00   6.2236000e+00   6.4732000e+00
   6.0873000e+00   6.2231000e+00   6.1123000e+00   6.1717000e+00   5.8396000e+00   6.2972000e+00
   6.0623000e+00   6.1632000e+00   6.0585000e+00   6.1865000e+00   5.1449000e+00   6.0528000e+00
   5.8451000e+00   6.0257000e+00   5.8282000e+00   6.0374000e+00   4.4639000e+00   5.3094000e+00
   5.3364000e+00   5.6188000e+00   5.4420000e+00   5.8278000e+00   4.1625000e+00   4.9423000e+00
   4.9592000e+00   5.2162000e+00   5.1588000e+00   5.6683000e+00   4.2969000e+00   4.7631000e+00
   4.5320000e+00   4.8266000e+00   4.8530000e+00   5.3395000e+00   4.9763000e+00   5.0081000e+00
   4.3153000e+00   4.5553000e+00   4.5934000e+00   5.0290000e+00   5.1809000e+00   5.0049000e+00
   4.4475000e+00   4.5787000e+00   4.6591000e+00   5.0444000e+00   5.0069000e+00   4.8601000e+00
   4.2611000e+00   4.2657000e+00   4.4209000e+00   4.7821000e+00   5.2629000e+00   4.8779000e+00
   4.1169000e+00   4.2358000e+00   4.2721000e+00   4.6567000e+00   5.7810000e+00   5.2831000e+00
   3.9944000e+00   4.1166000e+00   4.1687000e+00   4.6112000e+00   5.8659000e+00   5.5176000e+00
   4.1109000e+00   4.1516000e+00   4.2126000e+00   4.6399000e+00   5.9245000e+00   5.6696000e+00
   4.1579000e+00   4.0086000e+00   4.1189000e+00   4.5091000e+00   6.0346000e+00   5.7839000e+00
   4.0856000e+00   3.7820000e+00   3.9633000e+00   4.3708000e+00   5.9576000e+00   5.7346000e+00
   4.0104000e+00   3.6119000e+00   3.8544000e+00   4.2503000e+00   5.7078000e+00   5.6838000e+00
   4.0567000e+00   3.6037000e+00   3.8271000e+00   4.0281000e+00   5.5355000e+00   5.7808000e+00
   4.1326000e+00   3.6867000e+00   3.8450000e+00   3.6903000e+00   5.5381000e+00   5.6068000e+00
   4.3404000e+00   3.3850000e+00   3.7867000e+00   3.1120000e+00   5.7038000e+00   5.3813000e+00
   4.6481000e+00   3.9230000e+00   4.3214000e+00   3.4936000e+00   5.5978000e+00   5.3174000e+00
   4.0546000e+00   4.0228000e+00   3.8170000e+00   3.2120000e+00   5.3308000e+00   5.2339000e+00
   3.5645000e+00   3.6782000e+00   3.3213000e+00   2.6634000e+00   4.9683000e+00   4.9885000e+00
   3.2990000e+00   3.5460000e+00   3.1514000e+00   2.6921000e+00   4.6624000e+00   4.6718000e+00
   2.9131000e+00   3.3145000e+00   2.8153000e+00   2.8099000e+00   4.5088000e+00   4.3478000e+00
   2.2163000e+00   2.7846000e+00   2.3986000e+00   2.7083000e+00   4.5578000e+00   4.3718000e+00
   2.3813000e+00   2.8448000e+00   2.6827000e+00   2.8026000e+00   4.5171000e+00   4.4624000e+00
   2.9009000e+00   3.1149000e+00   3.0272000e+00   2.9637000e+00   4.9530000e+00   4.4429000e+00
   3.0397000e+00   3.0445000e+00   3.0106000e+00   2.9106000e+00   5.3502000e+00   4.8850000e+00
   3.2724000e+00   3.3178000e+00   3.2825000e+00   3.2518000e+00   5.6057000e+00   5.1465000e+00
   4.0208000e+00   4.1076000e+00   3.8149000e+00   3.8509000e+00   5.7613000e+00   5.5197000e+00
   4.6643000e+00   5.0280000e+00   4.4737000e+00   4.5774000e+00   6.0494000e+00   5.5804000e+00
   4.5866000e+00   5.0826000e+00   4.6482000e+00   4.8691000e+00   6.2258000e+00   5.7132000e+00
   4.2665000e+00   4.9068000e+00   4.5032000e+00   4.8146000e+00   6.3886000e+00   5.8647000e+00
   4.0536000e+00   4.9594000e+00   4.3783000e+00   4.6736000e+00   6.8439000e+00   6.0206000e+00
   4.2730000e+00   5.2008000e+00   4.5797000e+00   4.8896000e+00   7.0280000e+00   6.4210000e+00
   4.4309000e+00   5.2221000e+00   4.6659000e+00   4.9116000e+00   7.5885000e+00   6.6209000e+00
   4.2852000e+00   4.8531000e+00   4.4238000e+00   4.6684000e+00   8.1191000e+00   6.8580000e+00
   4.2361000e+00   4.7248000e+00   4.2746000e+00   4.4288000e+00   8.4578000e+00   7.4629000e+00
   4.4776000e+00   5.0596000e+00   4.5764000e+00   4.7564000e+00   8.5092000e+00   7.5030000e+00
   4.9625000e+00   5.3563000e+00   5.0957000e+00   5.3119000e+00   8.7277000e+00   7.5536000e+00
   4.9074000e+00   4.9327000e+00   5.4154000e+00   5.7067000e+00   8.9961000e+00   8.0574000e+00
   5.7459000e+00   5.5774000e+00   6.4802000e+00   6.1308000e+00   8.2942000e+00   7.4501000e+00
   7.1378000e+00   6.8020000e+00   7.6050000e+00   6.5170000e+00   8.5861000e+00   7.6315000e+00
   7.7871000e+00   6.7655000e+00   7.0570000e+00   6.7143000e+00   8.1150000e+00   7.3987000e+00
   7.6873000e+00   6.8109000e+00   7.0389000e+00   8.6531000e+00   8.0503000e+00   7.2820000e+00
   6.5660000e+00   9.1217000e+00   8.8443000e+00   9.7340000e+00   8.4977000e+00   7.8780000e+00
   8.5591000e+00   9.6940000e+00   9.0887000e+00   9.2625000e+00   8.6796000e+00   8.3629000e+00
   8.0305000e+00   8.6122000e+00   8.3218000e+00   8.5958000e+00   8.4679000e+00   7.8758000e+00
   9.2298000e+00   9.7831000e+00   9.4253000e+00   9.6771000e+00   8.3396000e+00   7.6949000e+00
   8.9353000e+00   9.4658000e+00   9.0141000e+00   9.2936000e+00   7.4049000e+00   8.2399000e+00
   9.6725000e+00   1.0850400e+01   1.0688100e+01   1.1392500e+01   6.6500000e+00   7.1785000e+00
   1.0445800e+01   1.1995200e+01   1.1344700e+01   1.1885400e+01   6.1464000e+00   7.2682000e+00
   1.1784100e+01   1.2467500e+01   1.2240100e+01   1.2604100e+01   6.0234000e+00   7.4644000e+00
   1.2471700e+01   1.3350700e+01   1.2600700e+01   1.2815300e+01   5.8694000e+00   7.9092000e+00
   1.3609500e+01   1.4480400e+01   1.3637600e+01   1.3914500e+01   6.8889000e+00   8.5191000e+00
   1.5438600e+01   1.6846100e+01   1.5589800e+01   1.6031500e+01   7.3889000e+00   8.4120000e+00
   1.5083900e+01   1.6416400e+01   1.5369600e+01   1.5840100e+01   7.4609000e+00   8.6432000e+00
   1.2428500e+01   1.2981500e+01   1.2656900e+01   1.3203100e+01   7.7421000e+00   9.0384000e+00
   1.2039500e+01   1.2617000e+01   1.2451000e+01   1.3247600e+01   7.2346000e+00   8.8119000e+00
   1.2884700e+01   1.2328100e+01   1.2483900e+01   1.3281400e+01   7.1952000e+00   8.0405000e+00
  -8.7452000e+00  -4.0600000e-02   7.3281000e+00   1.5132500e+01   7.5006000e+00   7.4575000e+00
  -1.1779600e+01  -9.0811000e+00  -8.3602000e+00  -6.2732000e+00   7.4858000e+00   6.9417000e+00
  -1.0795300e+01  -8.4804000e+00  -8.0667000e+00  -6.7831000e+00   7.5206000e+00   6.6019000e+00
  -9.1139000e+00  -8.3718000e+00  -8.3797000e+00  -8.2076000e+00   8.2870000e+00   7.7828000e+00
  -8.8826000e+00  -8.5591000e+00  -8.2927000e+00  -8.4834000e+00   9.1114000e+00   9.2077000e+00
  -5.9555000e+00  -7.0683000e+00  -6.1944000e+00  -6.2906000e+00   8.4465000e+00   9.1038000e+00
  -3.5476000e+00  -4.8670000e+00  -4.6681000e+00  -6.1949000e+00   7.7393000e+00   7.9996000e+00
  -6.7844000e+00  -7.3256000e+00  -5.2611000e+00  -2.4939000e+00   8.1441000e+00   7.6501000e+00
  -9.2354000e+00  -7.8217000e+00  -6.3424000e+00  -3.2080000e+00   9.2804000e+00   8.6871000e+00
  -7.1801000e+00  -7.1133000e+00  -4.7660000e+00  -4.1292000e+00   8.8296000e+00   9.3191000e+00
  -5.2194000e+00  -6.2840000e+00  -4.6978000e+00  -4.2046000e+00   8.5077000e+00   8.6721000e+00
  -4.0423000e+00  -4.7433000e+00  -3.4044000e+00  -2.8122000e+00   8.0334000e+00   8.3293000e+00
  -3.7163000e+00  -4.2096000e+00  -3.6698000e+00  -3.4846000e+00   7.8375000e+00   8.0034000e+00
  -2.9565000e+00  -4.1885000e+00  -3.0713000e+00  -2.9130000e+00   7.9494000e+00   7.8523000e+00
  -3.0517000e+00  -3.3010000e+00  -2.3768000e+00  -1.9510000e+00   8.1968000e+00   7.9088000e+00
  -1.6511000e+00  -2.6147000e+00  -4.6430000e-01  -6.2430000e-01   8.6887000e+00   8.4321000e+00
   2.6800000e-01  -2.9010000e-01   4.8920000e-01   5.6080000e-01   8.3255000e+00   8.3618000e+00
  -1.6116000e+00  -1.1348000e+00   9.3190000e-01   1.8532000e+00   7.8503000e+00   8.1589000e+00
  -1.8910000e+00  -1.6162000e+00  -1.5076000e+00  -1.0782000e+00   7.5273000e+00   8.2755000e+00
  -1.8161000e+00  -2.2522000e+00  -1.1228000e+00  -3.6140000e-01   7.5471000e+00   8.1279000e+00
  -2.2669000e+00  -3.2298000e+00  -1.1368000e+00  -4.0610000e-01   7.2799000e+00   7.7032000e+00
  -1.5315000e+00  -1.2784000e+00  -1.2853000e+00  -7.1580000e-01   7.0320000e+00   7.2520000e+00
  -4.4852000e+00  -3.5491000e+00  -1.5911000e+00  -1.3350000e-01   6.7995000e+00   6.6405000e+00
  -1.9890000e-01   7.7460000e-01  -2.2500000e-02  -5.0080000e-01   6.6667000e+00   6.3394000e+00
   1.1300000e-01   1.3806000e+00  -3.4520000e-01  -9.7240000e-01   6.6625000e+00   6.6368000e+00
   5.9760000e-01   9.4710000e-01   4.8660000e-01   3.1740000e-01   6.8021000e+00   7.0045000e+00
   1.8343000e+00   1.6193000e+00   1.3385000e+00   9.8970000e-01   6.8845000e+00   7.0990000e+00
   3.2200000e+00   2.7957000e+00   2.5900000e+00   2.0475000e+00   6.9038000e+00   7.0395000e+00
   3.8635000e+00   4.0040000e+00   3.5437000e+00   3.2603000e+00   6.8862000e+00   7.0608000e+00
   4.7195000e+00   5.3485000e+00   4.6600000e+00   4.6659000e+00   6.8425000e+00   7.0924000e+00
   6.4783000e+00   6.7869000e+00   6.3050000e+00   6.1572000e+00   6.7431000e+00   7.0696000e+00
   7.9176000e+00   8.0705000e+00   7.9097000e+00   7.8504000e+00   6.5983000e+00   6.9584000e+00
   9.1355000e+00   9.3154000e+00   9.2438000e+00   9.3071000e+00   6.4027000e+00   6.6470000e+00
   8.8619000e+00   9.3682000e+00   9.5894000e+00   9.9867000e+00   6.0952000e+00   6.5003000e+00
   8.0225000e+00   8.2705000e+00   8.7173000e+00   9.1570000e+00   5.9040000e+00   6.3564000e+00
   6.9369000e+00   7.2079000e+00   7.5110000e+00   7.9548000e+00   5.6783000e+00   6.1977000e+00
   6.8576000e+00   6.9747000e+00   7.0418000e+00   7.1324000e+00   5.5206000e+00   5.9363000e+00
   7.6700000e+00   7.4868000e+00   7.5612000e+00   7.5056000e+00   5.3237000e+00   5.5869000e+00
   7.9858000e+00   7.9097000e+00   8.1616000e+00   8.2926000e+00   5.0184000e+00   5.1916000e+00
   7.6584000e+00   7.6401000e+00   7.9491000e+00   8.0557000e+00   4.6284000e+00   4.9263000e+00
   7.3863000e+00   7.4385000e+00   7.7582000e+00   7.9646000e+00   4.3730000e+00   4.7285000e+00
   7.4033000e+00   7.4386000e+00   7.6422000e+00   7.7880000e+00   4.2075000e+00   4.6175000e+00
   7.4277000e+00   7.5393000e+00   7.6703000e+00   7.8231000e+00   4.1080000e+00   4.5132000e+00
   7.0910000e+00   7.2331000e+00   7.2855000e+00   7.3889000e+00   3.8159000e+00   4.1694000e+00
   6.9962000e+00   7.0901000e+00   7.0800000e+00   7.0881000e+00   3.3757000e+00   3.7400000e+00
   7.0831000e+00   7.1742000e+00   7.0958000e+00   7.0986000e+00   3.0370000e+00   3.3974000e+00
   6.9307000e+00   7.0617000e+00   7.0308000e+00   7.0924000e+00   2.6960000e+00   2.9409000e+00
   6.8832000e+00   6.9580000e+00   6.9923000e+00   7.0820000e+00   2.2828000e+00   2.4645000e+00
   6.5587000e+00   6.6679000e+00   6.7903000e+00   6.9496000e+00   1.7958000e+00   1.8940000e+00
   6.0681000e+00   6.2420000e+00   6.3493000e+00   6.5530000e+00   1.3308000e+00   1.2723000e+00
   5.4776000e+00   5.8191000e+00   5.8151000e+00   6.0900000e+00   9.7100000e-01   8.1260000e-01
   4.7423000e+00   5.0137000e+00   5.1638000e+00   5.4699000e+00   6.4120000e-01   4.7880000e-01
   4.3965000e+00   4.8273000e+00   4.4118000e+00   4.4925000e+00   3.1960000e-01   3.1840000e-01
   4.8076000e+00   4.5688000e+00   4.7769000e+00   4.8695000e+00  -1.4800000e-02   8.3500000e-02
   4.2886000e+00   3.9952000e+00   4.4900000e+00   4.8233000e+00  -2.6240000e-01  -1.1060000e-01
   3.8320000e+00   3.6936000e+00   4.0444000e+00   4.3015000e+00  -4.0590000e-01  -3.3020000e-01
   3.7389000e+00   2.3063000e+00   3.8375000e+00   4.1027000e+00  -5.0970000e-01  -3.8900000e-01
   2.4984000e+00   1.7279000e+00   2.6887000e+00   3.1504000e+00  -6.1620000e-01  -6.2450000e-01
   2.9139000e+00   3.0264000e+00   3.0007000e+00   3.1456000e+00  -5.8650000e-01  -8.5920000e-01
   2.5010000e-01  -1.1392000e+00   2.0507000e+00   3.0251000e+00  -5.8440000e-01  -9.1340000e-01
  -1.1721000e+00  -1.4117000e+00  -1.9577000e+00  -2.6804000e+00  -9.2620000e-01  -1.0423000e+00
  -1.6790000e+00  -2.0409000e+00  -7.1800000e-01   2.7970000e-01  -1.5552000e+00  -1.1562000e+00
  -2.5670000e+00  -2.8024000e+00  -2.3577000e+00  -2.0996000e+00  -2.3003000e+00  -1.2482000e+00
  -3.9670000e+00  -3.6667000e+00  -3.6343000e+00  -3.4702000e+00  -3.1345000e+00  -1.3485000e+00
  -4.1856000e+00  -8.7097000e+00  -5.9522000e+00  -7.4663000e+00  -3.9715000e+00  -1.5157000e+00
  -7.4515000e+00  -1.1561400e+01  -1.0339900e+01  -1.1630300e+01  -4.1770000e+00  -1.4329000e+00
  -9.4941000e+00  -1.0043800e+01  -1.0509100e+01  -1.1011500e+01  -3.9585000e+00  -1.5978000e+00
  -8.8616000e+00  -1.0144700e+01  -1.0215200e+01  -1.1007400e+01  -4.0234000e+00  -2.0620000e+00
  -8.5266000e+00  -9.1093000e+00  -9.5599000e+00  -1.0094400e+01  -3.6392000e+00  -2.1830000e+00
  -7.8183000e+00  -8.5455000e+00  -8.8045000e+00  -9.2903000e+00  -3.6179000e+00  -2.7960000e+00
  -8.9449000e+00  -9.6190000e+00  -9.8242000e+00  -1.0166200e+01  -3.4362000e+00  -3.0297000e+00
  -8.5451000e+00  -9.0053000e+00  -9.0189000e+00  -9.0751000e+00  -3.4246000e+00  -3.2675000e+00
  -7.6453000e+00  -8.1020000e+00  -8.1803000e+00  -8.1896000e+00  -3.4967000e+00  -3.3724000e+00
  -7.3692000e+00  -7.8811000e+00  -7.9346000e+00  -7.9366000e+00  -3.4264000e+00  -3.6001000e+00
  -7.6609000e+00  -7.9865000e+00  -8.2369000e+00  -8.3118000e+00  -3.3243000e+00  -3.3607000e+00
  -6.9858000e+00  -7.6485000e+00  -7.6700000e+00  -7.7183000e+00  -3.3368000e+00  -3.4327000e+00
  -6.7353000e+00  -7.1751000e+00  -7.3653000e+00  -7.3524000e+00  -2.8911000e+00  -3.2285000e+00
  -7.2575000e+00  -7.5745000e+00  -7.6491000e+00  -7.5637000e+00  -2.3540000e+00  -2.9254000e+00
  -7.3859000e+00  -7.4633000e+00  -7.5211000e+00  -7.4123000e+00  -2.6393000e+00  -2.6532000e+00
  -6.0272000e+00  -6.1862000e+00  -6.0111000e+00  -5.8603000e+00  -3.4340000e+00  -2.4702000e+00
  -5.4161000e+00  -4.8571000e+00  -5.2645000e+00  -5.0584000e+00  -4.4335000e+00  -2.8232000e+00
  -6.3719000e+00  -5.5415000e+00  -6.2128000e+00  -6.1412000e+00  -5.0000000e+00  -3.3295000e+00
  -6.2008000e+00  -5.7554000e+00  -5.9553000e+00  -5.8382000e+00  -4.4216000e+00  -3.8843000e+00
  -6.5665000e+00  -5.7514000e+00  -6.2571000e+00  -6.2048000e+00  -3.8554000e+00  -3.9730000e+00
  -6.8522000e+00  -5.9630000e+00  -6.3630000e+00  -6.2672000e+00  -3.5129000e+00  -3.5993000e+00
  -7.2717000e+00  -6.6182000e+00  -6.8328000e+00  -6.8503000e+00  -3.4728000e+00  -3.3542000e+00
  -6.8929000e+00  -6.6680000e+00  -6.5871000e+00  -6.6645000e+00  -3.7986000e+00  -3.4486000e+00
  -6.2224000e+00  -6.2707000e+00  -6.0303000e+00  -6.1517000e+00  -3.8939000e+00  -3.1710000e+00
  -5.9188000e+00  -6.1014000e+00  -5.7527000e+00  -5.8874000e+00  -3.7687000e+00  -2.6264000e+00
  -5.4871000e+00  -5.7108000e+00  -5.1528000e+00  -5.2196000e+00  -3.0214000e+00  -2.3500000e+00
  -4.5551000e+00  -4.9303000e+00  -3.9768000e+00  -3.8002000e+00  -1.8593000e+00  -2.3098000e+00
  -3.5593000e+00  -3.7791000e+00  -2.6756000e+00  -2.3090000e+00  -1.0216000e+00  -2.0331000e+00
  -2.2385000e+00  -2.1167000e+00  -1.5864000e+00  -1.3479000e+00  -1.0177000e+00  -1.9014000e+00
  -1.6883000e+00  -1.3709000e+00  -1.2775000e+00  -1.1662000e+00  -1.3285000e+00  -2.0247000e+00
  -1.2553000e+00  -1.0348000e+00  -1.0667000e+00  -9.9290000e-01  -1.7401000e+00  -2.0992000e+00
  -8.8540000e-01  -6.3120000e-01  -7.7590000e-01  -6.8770000e-01  -1.9317000e+00  -2.0370000e+00
  -9.0670000e-01  -7.4460000e-01  -8.8170000e-01  -7.7310000e-01  -2.1962000e+00  -2.0763000e+00
  -1.1562000e+00  -8.4730000e-01  -1.2253000e+00  -1.1584000e+00  -2.2094000e+00  -1.9250000e+00
  -1.5055000e+00  -1.2605000e+00  -1.5221000e+00  -1.4730000e+00  -2.1384000e+00  -1.5684000e+00
  -1.6317000e+00  -1.4053000e+00  -1.5803000e+00  -1.5209000e+00  -1.8597000e+00  -1.3565000e+00
  -1.3072000e+00  -1.2874000e+00  -1.3377000e+00  -1.3099000e+00  -1.7580000e+00  -1.4276000e+00
  -1.0703000e+00  -8.1590000e-01  -1.0652000e+00  -1.0083000e+00  -2.3213000e+00  -1.7510000e+00
  -1.1773000e+00  -8.1230000e-01  -1.1804000e+00  -1.1395000e+00  -1.5464000e+00  -1.9922000e+00
  -1.2936000e+00  -9.7370000e-01  -1.2887000e+00  -1.2684000e+00  -1.5590000e-01  -1.0320000e+00
  -1.2148000e+00  -1.0136000e+00  -1.1910000e+00  -1.1737000e+00  -2.6100000e-02  -6.8020000e-01
  -1.1937000e+00  -1.0392000e+00  -1.2015000e+00  -1.2162000e+00  -1.7770000e-01  -7.3800000e-01
  -1.3756000e+00  -1.3203000e+00  -1.4165000e+00  -1.4785000e+00   2.1980000e-01  -4.4480000e-01
  -1.4781000e+00  -1.5887000e+00  -1.5191000e+00  -1.5936000e+00   4.3990000e-01  -1.9200000e-01
  -1.4067000e+00  -1.6221000e+00  -1.4334000e+00  -1.5040000e+00   4.0390000e-01  -5.0000000e-02
  -1.1352000e+00  -1.3695000e+00  -1.1224000e+00  -1.1669000e+00   3.9630000e-01   1.3480000e-01
  -8.1310000e-01  -1.1498000e+00  -8.2740000e-01  -8.7180000e-01   5.9450000e-01   4.1710000e-01
  -3.2360000e-01  -8.2960000e-01  -3.9710000e-01  -4.5610000e-01   7.1540000e-01   7.1190000e-01
   2.2000000e-03  -4.2110000e-01  -9.7300000e-02  -1.0680000e-01   9.7240000e-01   1.1715000e+00
   7.1500000e-02  -1.1130000e-01  -5.2100000e-02  -7.5600000e-02   1.3476000e+00   1.6268000e+00
   1.3030000e-01   5.7800000e-02  -1.2000000e-03  -4.6900000e-02   1.8399000e+00   1.8277000e+00
   1.6100000e-02  -4.5400000e-02  -7.8200000e-02  -1.3310000e-01   2.0964000e+00   1.8951000e+00
  -2.0300000e-02  -1.1300000e-02  -6.5400000e-02  -8.7100000e-02   2.3940000e+00   1.9108000e+00
   7.9000000e-02   8.7200000e-02  -3.7000000e-03  -5.2000000e-02   2.8070000e+00   2.0992000e+00
   3.7400000e-02   2.6100000e-02  -3.2500000e-02  -9.4900000e-02   2.8945000e+00   2.0053000e+00
   9.6400000e-02   6.4800000e-02   3.2700000e-02  -2.6700000e-02   2.5773000e+00   1.8004000e+00
   1.0290000e-01   1.6140000e-01   1.0800000e-01   9.0700000e-02   2.3672000e+00   1.7785000e+00
   1.4300000e-01   1.2440000e-01   1.2020000e-01   8.6200000e-02   2.4427000e+00   1.8191000e+00
   2.2270000e-01   1.9340000e-01   1.9630000e-01   1.5960000e-01   2.5088000e+00   1.8290000e+00
   8.2700000e-02   1.7550000e-01   8.3800000e-02   7.5000000e-02   2.4052000e+00   1.6900000e+00
   2.2800000e-02   5.1500000e-02  -3.3000000e-03  -4.0200000e-02   2.2707000e+00   1.6496000e+00
   5.3300000e-02  -2.6400000e-02   7.0000000e-04  -6.5100000e-02   2.3860000e+00   1.9336000e+00
   8.8600000e-02  -1.1900000e-02   4.5300000e-02  -1.8200000e-02   2.5111000e+00   2.2800000e+00
   4.9000000e-02  -2.4300000e-02   1.8500000e-02  -3.2900000e-02   2.6214000e+00   2.1895000e+00
   1.0230000e-01   2.7500000e-02   7.7300000e-02   2.0700000e-02   2.6387000e+00   2.2510000e+00
   2.2160000e-01   7.9300000e-02   2.1730000e-01   1.6300000e-01   2.6839000e+00   2.4884000e+00
   4.9660000e-01   2.6920000e-01   4.6710000e-01   4.0270000e-01   2.8765000e+00   2.5435000e+00
   7.5050000e-01   5.7270000e-01   7.1090000e-01   6.4840000e-01   2.9797000e+00   2.5964000e+00
   9.3910000e-01   8.1090000e-01   8.8810000e-01   8.3720000e-01   2.9421000e+00   2.5976000e+00
   1.1636000e+00   1.0248000e+00   1.0628000e+00   9.9430000e-01   3.0450000e+00   2.6960000e+00
   1.3150000e+00   1.2199000e+00   1.2106000e+00   1.1398000e+00   3.3228000e+00   3.0058000e+00
   1.2022000e+00   1.2231000e+00   1.1534000e+00   1.1109000e+00   3.4028000e+00   3.2943000e+00
   1.0459000e+00   1.0980000e+00   1.0410000e+00   1.0242000e+00   3.0921000e+00   3.0363000e+00
   1.1514000e+00   1.0161000e+00   1.0690000e+00   1.0376000e+00   2.7839000e+00   2.7083000e+00
   1.6592000e+00   1.2765000e+00   1.4855000e+00   1.4094000e+00   2.5779000e+00   2.7200000e+00
   2.3147000e+00   1.9653000e+00   2.1579000e+00   2.1748000e+00   2.8176000e+00   2.8850000e+00
   2.7661000e+00   2.4387000e+00   2.5631000e+00   2.6494000e+00   3.0538000e+00   2.8324000e+00
   2.2701000e+00   2.2399000e+00   2.1610000e+00   2.3238000e+00   2.9959000e+00   2.8197000e+00
   2.2852000e+00   1.9640000e+00   2.1565000e+00   2.2706000e+00   3.2417000e+00   3.1339000e+00
   2.4290000e+00   2.2863000e+00   2.4608000e+00   2.5740000e+00   3.3794000e+00   3.3571000e+00
   1.8020000e+00   2.2448000e+00   2.1297000e+00   2.4562000e+00   3.3808000e+00   3.3891000e+00
   1.6457000e+00   2.0891000e+00   2.0186000e+00   2.2816000e+00   3.2178000e+00   3.1727000e+00
   1.8775000e+00   2.2509000e+00   2.1851000e+00   2.3791000e+00   2.8863000e+00   2.5930000e+00
   9.7940000e-01   1.5820000e+00   1.2497000e+00   1.3667000e+00   2.3857000e+00   2.1566000e+00
  -7.6600000e-02   4.6550000e-01   1.2210000e-01   1.8280000e-01   2.1365000e+00   2.3766000e+00
   3.6390000e-01   6.7690000e-01   6.6090000e-01   7.8260000e-01   1.9838000e+00   2.3586000e+00
   1.0418000e+00   1.3530000e+00   1.3315000e+00   1.4717000e+00   2.0610000e+00   2.6473000e+00
   7.3120000e-01   1.2762000e+00   9.1920000e-01   1.0624000e+00   2.0492000e+00   1.9708000e+00
   1.1240000e-01   3.8730000e-01   3.5310000e-01   4.5030000e-01   1.7829000e+00   1.7254000e+00
   2.5800000e-02  -2.8510000e-01   1.8700000e-01   1.9420000e-01   1.7889000e+00   1.2103000e+00
   3.0660000e-01   8.6930000e-01   6.0800000e-01   6.3430000e-01   1.2526000e+00   6.3220000e-01
   7.7730000e-01   6.0220000e-01   1.9800000e-02  -2.5690000e-01   1.1037000e+00   7.0310000e-01
   3.7164000e+00   2.4433000e+00   3.3064000e+00   3.4158000e+00   2.2721000e+00   1.7216000e+00
   5.6446000e+00   5.8226000e+00   5.6403000e+00   5.5198000e+00   3.0648000e+00   2.7297000e+00
   3.7268000e+00   5.3459000e+00   4.5010000e+00   4.8025000e+00   2.0031000e+00   3.2790000e+00
   2.9337000e+00   3.8096000e+00   3.9479000e+00   4.6553000e+00   3.4145000e+00   3.8009000e+00
   8.9208000e+00   9.9840000e+00   8.9243000e+00   9.5360000e+00   1.0705000e+00   4.0684000e+00
   9.6128000e+00   9.6433000e+00   1.0744000e+01   1.2317500e+01  -3.2159000e+00   3.6541000e+00
   1.1401100e+01   1.3135000e+01   1.1252900e+01   1.2018600e+01  -7.8913000e+00   5.2029000e+00
   5.3122000e+00   7.3319000e+00   5.8258000e+00   6.4059000e+00  -4.8950000e+00   5.5644000e+00
   2.7274000e+00   4.5523000e+00   3.9471000e+00   4.1153000e+00   1.2699000e+00   5.4710000e+00
   1.1906000e+00   2.9175000e+00   2.9361000e+00   3.7800000e+00   1.0340000e-01   3.6358000e+00
   2.4205000e+00   3.2917000e+00   2.9779000e+00   3.0644000e+00  -1.6449000e+00  -3.0125000e+00
   4.1010000e+00   4.9000000e+00   4.8637000e+00   5.3619000e+00  -3.7290000e-01  -3.9897000e+00
   4.5217000e+00   4.8139000e+00   4.5613000e+00   4.2097000e+00   6.6620000e-01  -1.4411000e+00
   4.8242000e+00   5.2360000e+00   4.4342000e+00   4.2881000e+00   2.7685000e+00   1.2460000e-01
   3.8185000e+00   3.5895000e+00   3.5416000e+00   3.3908000e+00   2.3888000e+00   1.5870000e+00
   3.4762000e+00   3.3685000e+00   3.6931000e+00   4.1121000e+00   2.0455000e+00   2.3070000e+00
   3.9150000e+00   4.0233000e+00   3.7082000e+00   3.6558000e+00  -3.7080000e-01   7.7650000e-01
   3.2223000e+00   4.2442000e+00   2.6927000e+00   2.6193000e+00  -3.4871000e+00   3.8050000e-01
   1.4218000e+00   2.1690000e+00   1.1458000e+00   1.1345000e+00  -3.7684000e+00  -1.7460000e+00
   1.6957000e+00   1.8406000e+00   1.0594000e+00   5.4290000e-01  -4.6583000e+00  -4.9016000e+00
   4.0500000e-01   9.2450000e-01   3.2910000e-01   2.6220000e-01  -2.0792000e+00  -3.5084000e+00
   1.4142000e+00   1.3985000e+00   9.7790000e-01   7.4410000e-01  -2.0302000e+00  -3.8349000e+00
   9.2200000e-01   1.5782000e+00   1.0664000e+00   1.1262000e+00  -1.0609000e+00  -2.2709000e+00
  -3.0760000e-01   9.6140000e-01   4.0110000e-01   6.8750000e-01   1.4140000e-01  -3.8270000e-01
  -2.0900000e-02   1.2158000e+00   1.7720000e-01   3.1500000e-01  -9.4100000e-02  -7.4800000e-02
   6.2810000e-01   1.5989000e+00   1.0416000e+00   1.2172000e+00   1.1220000e+00   8.4620000e-01
   1.4843000e+00   1.9490000e+00   1.2434000e+00   1.0554000e+00   1.7689000e+00   1.9227000e+00
   3.2380000e+00   3.5774000e+00   3.6262000e+00   3.7580000e+00   2.4787000e+00   1.8813000e+00
   2.1556000e+00   2.6172000e+00   2.2755000e+00   2.1520000e+00   2.9376000e+00   1.7967000e+00
   3.0597000e+00   2.5601000e+00   2.4934000e+00   2.1612000e+00   3.3508000e+00   2.0186000e+00
   4.4971000e+00   5.2031000e+00   4.2765000e+00   4.1773000e+00   2.6423000e+00   2.6265000e+00
   3.4916000e+00   3.8580000e+00   3.4437000e+00   3.3043000e+00   3.3732000e+00   3.4659000e+00
   5.0416000e+00   4.9464000e+00   4.9423000e+00   5.0044000e+00   3.1327000e+00   3.4752000e+00
   6.2832000e+00   6.4950000e+00   6.2773000e+00   6.3326000e+00   3.1845000e+00   3.4746000e+00
   6.7747000e+00   6.9447000e+00   6.7642000e+00   6.8561000e+00   3.6907000e+00   4.4292000e+00
   6.1017000e+00   6.5382000e+00   6.2070000e+00   6.3922000e+00   4.1568000e+00   4.9874000e+00
   5.8063000e+00   5.4396000e+00   5.8532000e+00   5.8291000e+00   4.2373000e+00   5.5240000e+00
   6.6375000e+00   6.6549000e+00   6.5786000e+00   6.5940000e+00   4.7749000e+00   5.8025000e+00
   7.0331000e+00   7.0262000e+00   7.0559000e+00   7.0867000e+00   5.6024000e+00   6.4605000e+00
   6.9309000e+00   6.9003000e+00   6.9152000e+00   6.9356000e+00   6.1533000e+00   6.8740000e+00
   6.4641000e+00   6.4682000e+00   6.5549000e+00   6.5805000e+00   5.5201000e+00   7.0320000e+00
   5.9275000e+00   5.9800000e+00   5.8997000e+00   5.8814000e+00   5.8422000e+00   6.7427000e+00
   4.8375000e+00   4.8560000e+00   4.9558000e+00   4.9716000e+00   5.7408000e+00   6.6116000e+00
   4.9325000e+00   4.7475000e+00   4.8448000e+00   4.8359000e+00   5.6322000e+00   6.3853000e+00
   5.2323000e+00   5.0719000e+00   5.2441000e+00   5.2583000e+00   5.7622000e+00   6.3233000e+00
   5.8620000e+00   5.8445000e+00   5.6769000e+00   5.5654000e+00   6.3869000e+00   6.2947000e+00
   6.1672000e+00   6.1603000e+00   6.0536000e+00   6.0265000e+00   7.8462000e+00   6.9376000e+00
   6.8335000e+00   6.8034000e+00   6.6233000e+00   6.6677000e+00   8.5436000e+00   7.8540000e+00
   7.2433000e+00   7.3781000e+00   7.2968000e+00   7.4203000e+00   8.6226000e+00   8.1677000e+00
   7.4496000e+00   7.5369000e+00   7.5435000e+00   7.6372000e+00   8.6331000e+00   8.1292000e+00
   7.4660000e+00   7.4917000e+00   7.5688000e+00   7.5911000e+00   8.6252000e+00   8.2017000e+00
   7.7108000e+00   7.7566000e+00   7.7863000e+00   7.8285000e+00   8.6085000e+00   8.1732000e+00
   7.9936000e+00   8.0379000e+00   8.2378000e+00   8.3752000e+00   9.1212000e+00   8.8142000e+00
   7.8178000e+00   8.0001000e+00   8.1035000e+00   8.2707000e+00   8.5175000e+00   9.2795000e+00
   7.9399000e+00   8.1070000e+00   8.2552000e+00   8.4124000e+00   8.0517000e+00   8.5490000e+00
   8.5561000e+00   8.6099000e+00   8.8313000e+00   8.9274000e+00   7.7921000e+00   8.2761000e+00
   8.5090000e+00   8.5959000e+00   8.9005000e+00   9.0798000e+00   7.4062000e+00   8.1180000e+00
   8.9014000e+00   8.9724000e+00   9.1958000e+00   9.3339000e+00   7.1198000e+00   7.5808000e+00
   8.9843000e+00   9.0586000e+00   9.2870000e+00   9.4314000e+00   6.8079000e+00   7.0738000e+00
   8.8256000e+00   9.1591000e+00   9.1670000e+00   9.3480000e+00   6.4065000e+00   6.4116000e+00
   9.2828000e+00   9.2747000e+00   9.4489000e+00   9.5196000e+00   6.5764000e+00   5.5628000e+00
   8.5839000e+00   8.7532000e+00   8.9031000e+00   8.9954000e+00   6.5720000e+00   5.6150000e+00
   8.5434000e+00   8.8881000e+00   8.8493000e+00   9.0071000e+00   6.1739000e+00   5.6178000e+00
   8.4218000e+00   8.7818000e+00   8.7754000e+00   8.9855000e+00   5.9517000e+00   5.4180000e+00
   7.9972000e+00   8.2721000e+00   8.3238000e+00   8.5128000e+00   5.8394000e+00   5.1106000e+00
   7.8388000e+00   7.9940000e+00   7.9238000e+00   8.0325000e+00   6.1116000e+00   4.9350000e+00
   7.3643000e+00   7.3371000e+00   7.5134000e+00   7.6741000e+00   5.7035000e+00   5.3224000e+00
   6.4126000e+00   6.7527000e+00   6.6714000e+00   6.8952000e+00   5.7377000e+00   5.0744000e+00
   6.4025000e+00   7.1009000e+00   6.7358000e+00   7.0961000e+00   6.0111000e+00   5.1991000e+00
   7.7415000e+00   6.5721000e+00   6.8850000e+00   6.6694000e+00   6.7618000e+00   5.6602000e+00
   6.5528000e+00   5.6404000e+00   6.1044000e+00   6.0235000e+00   7.4915000e+00   6.2075000e+00
   5.3598000e+00   5.1472000e+00   5.1428000e+00   5.2204000e+00   7.8541000e+00   6.9714000e+00
   4.4701000e+00   4.3510000e+00   4.6243000e+00   4.7519000e+00   7.2659000e+00   7.0618000e+00
   3.9781000e+00   3.5098000e+00   4.0953000e+00   4.2645000e+00   6.6026000e+00   6.6996000e+00
   3.9760000e+00   3.3051000e+00   4.0001000e+00   4.0870000e+00   6.6216000e+00   6.1649000e+00
   3.1931000e+00   2.8906000e+00   3.5372000e+00   3.6034000e+00   6.2554000e+00   5.7696000e+00
   3.5673000e+00   3.7417000e+00   4.0481000e+00   4.3032000e+00   6.3984000e+00   5.5573000e+00
   5.1038000e+00   5.2242000e+00   5.1852000e+00   5.2385000e+00   6.9880000e+00   5.8687000e+00
   5.9503000e+00   5.8945000e+00   6.3086000e+00   6.5635000e+00   7.0661000e+00   6.3916000e+00
   6.0003000e+00   5.6104000e+00   6.1213000e+00   6.1146000e+00   7.1132000e+00   6.7251000e+00
   6.8688000e+00   6.7591000e+00   6.8473000e+00   6.7389000e+00   6.6957000e+00   6.8422000e+00
   7.5136000e+00   7.7184000e+00   7.5167000e+00   7.5160000e+00   6.5948000e+00   6.7629000e+00
   8.0051000e+00   8.1102000e+00   8.1043000e+00   8.1807000e+00   6.8409000e+00   6.5996000e+00
   7.6731000e+00   7.8763000e+00   7.9579000e+00   8.1885000e+00   6.6259000e+00   6.4433000e+00
   7.7226000e+00   7.6304000e+00   7.8646000e+00   7.9913000e+00   6.3502000e+00   6.6102000e+00
   7.1815000e+00   7.3120000e+00   7.5576000e+00   7.7933000e+00   6.3282000e+00   6.4839000e+00
   6.3878000e+00   6.3755000e+00   6.6359000e+00   6.7928000e+00   6.3754000e+00   6.3963000e+00
   6.4335000e+00   6.3879000e+00   6.5347000e+00   6.5508000e+00   5.6526000e+00   6.1129000e+00
   7.1379000e+00   7.0549000e+00   7.2132000e+00   7.2592000e+00   5.1355000e+00   5.4569000e+00
   8.3389000e+00   8.1749000e+00   8.3035000e+00   8.3554000e+00   5.3449000e+00   4.8953000e+00
   8.2689000e+00   7.6738000e+00   8.4622000e+00   8.6914000e+00   6.6960000e+00   5.4547000e+00
   8.4822000e+00   8.0382000e+00   8.5260000e+00   8.6538000e+00   8.0979000e+00   7.2994000e+00
   9.4585000e+00   9.1966000e+00   9.6974000e+00   9.8557000e+00   5.5861000e+00   6.2961000e+00
   8.6958000e+00   9.0357000e+00   9.2251000e+00   9.5499000e+00  -1.3684000e+00   5.3313000e+00
   9.8529000e+00   1.0067600e+01   1.0036500e+01   1.0227700e+01  -6.9880000e-01   3.3128000e+00
   9.5923000e+00   9.3125000e+00   9.8530000e+00   1.0048300e+01  -3.6893000e+00  -1.7640000e+00
   9.4764000e+00   9.0087000e+00   9.4426000e+00   9.4771000e+00  -4.7859000e+00  -4.1388000e+00
   1.0301500e+01   9.8016000e+00   1.0556900e+01   1.0726400e+01  -5.5270000e+00  -4.9510000e+00
   1.1552200e+01   1.0932100e+01   1.0405000e+01   1.0188600e+01  -5.9694000e+00  -5.3081000e+00
   6.2957000e+00   4.1584000e+00   8.5106000e+00   1.1195000e+01  -6.4022000e+00  -5.5880000e+00
   7.3265000e+00   7.2139000e+00   7.2463000e+00   6.6890000e+00  -6.6821000e+00  -6.3574000e+00
   9.2741000e+00   9.0681000e+00   7.2279000e+00   6.1103000e+00  -6.5270000e+00  -7.0250000e+00
   8.4608000e+00   8.7834000e+00   7.9857000e+00   7.9050000e+00  -8.0965000e+00  -7.5262000e+00
   9.6418000e+00   9.4433000e+00   1.0326600e+01   1.0989700e+01  -9.7516000e+00  -7.9645000e+00
   9.2147000e+00   9.4248000e+00   1.0225000e+01   1.0786700e+01  -7.9833000e+00  -9.7438000e+00
   8.7010000e+00   8.3858000e+00   9.5617000e+00   1.0832300e+01  -9.1832000e+00  -9.2703000e+00
   7.3866000e+00   6.1984000e+00   8.5207000e+00   8.9892000e+00  -9.8518000e+00  -8.2251000e+00
   4.9179000e+00   3.9333000e+00   5.9851000e+00   7.1085000e+00  -9.6325000e+00  -8.4483000e+00
  -6.5229000e+00  -8.4740000e+00  -3.5963000e+00  -1.8518000e+00  -9.2022000e+00  -8.8029000e+00
  -9.8712000e+00  -1.0509900e+01  -9.1723000e+00  -9.3517000e+00  -9.0938000e+00  -9.1488000e+00
  -9.9157000e+00  -1.0632300e+01  -1.0629800e+01  -1.1288700e+01  -8.8009000e+00  -8.9647000e+00
  -9.8356000e+00  -1.0223000e+01  -1.0479200e+01  -1.1133200e+01  -8.4463000e+00  -8.4566000e+00
  -9.2995000e+00  -9.8814000e+00  -9.7813000e+00  -1.0215200e+01  -7.9908000e+00  -7.8538000e+00
  -9.1931000e+00  -9.6688000e+00  -9.6705000e+00  -1.0084400e+01  -7.9584000e+00  -7.9032000e+00
  -8.5261000e+00  -9.0590000e+00  -8.9485000e+00  -9.2500000e+00  -8.0442000e+00  -7.7956000e+00
  -7.6652000e+00  -8.2889000e+00  -8.0973000e+00  -8.3091000e+00  -8.0278000e+00  -7.3622000e+00
  -7.7996000e+00  -8.3280000e+00  -8.2187000e+00  -8.4267000e+00  -7.7967000e+00  -7.2675000e+00
  -7.9013000e+00  -8.3964000e+00  -8.2438000e+00  -8.4365000e+00  -7.8216000e+00  -7.1751000e+00
  -7.9667000e+00  -8.4212000e+00  -8.2689000e+00  -8.4547000e+00  -7.8551000e+00  -7.2789000e+00
  -7.7491000e+00  -8.2389000e+00  -8.0928000e+00  -8.2972000e+00  -7.6479000e+00  -7.0566000e+00
  -7.5010000e+00  -7.9417000e+00  -7.8640000e+00  -8.0759000e+00  -7.5519000e+00  -6.6403000e+00
  -7.5997000e+00  -8.0483000e+00  -8.0008000e+00  -8.2428000e+00  -7.4665000e+00  -7.1536000e+00
  -7.4380000e+00  -8.0072000e+00  -7.9356000e+00  -8.2156000e+00  -6.9217000e+00  -7.3408000e+00
  -7.4472000e+00  -8.0342000e+00  -8.0430000e+00  -8.3745000e+00  -6.7877000e+00  -7.1613000e+00
  -7.3803000e+00  -7.9249000e+00  -7.9299000e+00  -8.2819000e+00  -6.4145000e+00  -6.6617000e+00
  -7.3812000e+00  -7.9236000e+00  -7.8741000e+00  -8.2139000e+00  -5.9240000e+00  -6.3205000e+00
  -7.3952000e+00  -8.0706000e+00  -7.8870000e+00  -8.2537000e+00  -5.7318000e+00  -6.3365000e+00
  -7.3343000e+00  -8.0534000e+00  -7.8647000e+00  -8.2838000e+00  -5.5714000e+00  -5.9645000e+00
  -7.3066000e+00  -7.9782000e+00  -7.8523000e+00  -8.2871000e+00  -5.4501000e+00  -5.7760000e+00
  -7.3025000e+00  -7.9639000e+00  -7.8861000e+00  -8.3405000e+00  -5.3229000e+00  -5.6567000e+00
  -6.9116000e+00  -7.8007000e+00  -7.6225000e+00  -8.1463000e+00  -5.0700000e+00  -5.5987000e+00
  -6.6428000e+00  -7.5532000e+00  -7.3863000e+00  -7.9297000e+00  -5.0591000e+00  -5.7929000e+00
  -6.6498000e+00  -7.6769000e+00  -7.5142000e+00  -8.1122000e+00  -5.3732000e+00  -5.9552000e+00
  -7.1169000e+00  -8.1765000e+00  -8.0238000e+00  -8.5621000e+00  -5.8238000e+00  -6.0941000e+00
  -7.5403000e+00  -8.7190000e+00  -8.5150000e+00  -8.9928000e+00  -5.6729000e+00  -6.1628000e+00
  -7.7722000e+00  -8.8501000e+00  -8.7310000e+00  -9.0957000e+00  -5.3355000e+00  -6.2768000e+00
  -8.1947000e+00  -9.1755000e+00  -9.0193000e+00  -9.3078000e+00  -5.3503000e+00  -6.2724000e+00
  -7.9667000e+00  -8.9548000e+00  -8.7340000e+00  -9.0141000e+00  -5.3466000e+00  -6.0677000e+00
  -7.7104000e+00  -8.6443000e+00  -8.4676000e+00  -8.7297000e+00  -5.2469000e+00  -5.9466000e+00
  -7.6335000e+00  -8.4717000e+00  -8.3156000e+00  -8.5309000e+00  -5.1761000e+00  -5.9612000e+00
  -7.3815000e+00  -8.1883000e+00  -8.0221000e+00  -8.1964000e+00  -5.0130000e+00  -5.9504000e+00
  -7.1843000e+00  -7.8606000e+00  -7.7542000e+00  -7.8948000e+00  -4.8390000e+00  -5.9090000e+00
  -7.2690000e+00  -7.8228000e+00  -7.7324000e+00  -7.8173000e+00  -4.7871000e+00  -5.9479000e+00
  -7.1284000e+00  -7.5654000e+00  -7.5006000e+00  -7.5400000e+00  -4.7725000e+00  -5.8198000e+00
  -6.9898000e+00  -7.2472000e+00  -7.2730000e+00  -7.3084000e+00  -4.5803000e+00  -5.7086000e+00
