   2.8400000e+00   2.9260000e+00   2.8840000e+00   2.9130000e+00   2.1300000e+00   2.2180000e+00
   2.8320000e+00   2.8500000e+00   2.8130000e+00   2.8190000e+00   2.3360000e+00   2.4140000e+00
   2.9580000e+00   2.9570000e+00   2.9120000e+00   2.9140000e+00   2.5360000e+00   2.6040000e+00
   3.0410000e+00   3.0200000e+00   2.9790000e+00   2.9730000e+00   2.7240000e+00   2.7690000e+00
   3.1260000e+00   3.0820000e+00   3.0430000e+00   3.0220000e+00   2.8390000e+00   2.9490000e+00
   3.2300000e+00   3.1800000e+00   3.1380000e+00   3.1070000e+00   3.0060000e+00   3.1000000e+00
   3.3330000e+00   3.2870000e+00   3.2340000e+00   3.1980000e+00   3.1710000e+00   3.2820000e+00
   3.3280000e+00   3.2740000e+00   3.2300000e+00   3.1920000e+00   3.1910000e+00   3.3370000e+00
   3.3530000e+00   3.2860000e+00   3.2470000e+00   3.2130000e+00   3.2980000e+00   3.4640000e+00
   3.3610000e+00   3.3050000e+00   3.2510000e+00   3.2270000e+00   3.4100000e+00   3.5230000e+00
   3.3510000e+00   3.3010000e+00   3.2540000e+00   3.2480000e+00   3.5230000e+00   3.6140000e+00
   3.3500000e+00   3.2770000e+00   3.2460000e+00   3.2460000e+00   3.5880000e+00   3.6910000e+00
   3.3880000e+00   3.3100000e+00   3.2920000e+00   3.2970000e+00   3.6200000e+00   3.7760000e+00
   3.4390000e+00   3.3530000e+00   3.3440000e+00   3.3520000e+00   3.6030000e+00   3.8020000e+00
   3.4850000e+00   3.4110000e+00   3.3910000e+00   3.4070000e+00   3.6450000e+00   3.8450000e+00
   3.5610000e+00   3.4730000e+00   3.4690000e+00   3.4910000e+00   3.6360000e+00   3.8770000e+00
   3.6160000e+00   3.5350000e+00   3.5300000e+00   3.5710000e+00   3.6890000e+00   3.9360000e+00
   3.6650000e+00   3.5640000e+00   3.5740000e+00   3.6190000e+00   3.6190000e+00   3.8870000e+00
   3.6940000e+00   3.6110000e+00   3.6120000e+00   3.6700000e+00   3.5670000e+00   3.8770000e+00
   3.5990000e+00   3.6110000e+00   3.5700000e+00   3.6360000e+00   3.4220000e+00   3.7530000e+00
   3.3840000e+00   3.5750000e+00   3.4830000e+00   3.5450000e+00   2.9710000e+00   3.2290000e+00
   3.1820000e+00   3.4450000e+00   3.3340000e+00   3.3720000e+00   2.6540000e+00   2.9270000e+00
   3.0410000e+00   3.2520000e+00   3.1570000e+00   3.1690000e+00   2.8490000e+00   3.1720000e+00
   2.8920000e+00   2.9810000e+00   2.9560000e+00   2.9230000e+00   2.9440000e+00   3.3200000e+00
   2.7030000e+00   2.6430000e+00   2.7430000e+00   2.6760000e+00   3.0560000e+00   3.5290000e+00
   2.4220000e+00   2.4130000e+00   2.4710000e+00   2.3620000e+00   3.1120000e+00   3.5910000e+00
   2.1610000e+00   2.2700000e+00   2.1700000e+00   1.9970000e+00   3.1940000e+00   3.5500000e+00
   2.0540000e+00   2.1440000e+00   1.9830000e+00   1.7030000e+00   3.1740000e+00   3.4480000e+00
   2.0370000e+00   2.0460000e+00   1.8030000e+00   1.4190000e+00   3.0870000e+00   3.2990000e+00
   2.0770000e+00   1.9110000e+00   1.5850000e+00   1.3020000e+00   3.0170000e+00   3.1930000e+00
   2.0870000e+00   1.6600000e+00   1.4690000e+00   1.5150000e+00   2.9890000e+00   3.1930000e+00
   2.0540000e+00   1.7270000e+00   1.7430000e+00   1.7790000e+00   2.9630000e+00   3.2070000e+00
   2.2360000e+00   2.0240000e+00   2.0060000e+00   1.9110000e+00   2.9580000e+00   3.2210000e+00
   2.3650000e+00   2.1020000e+00   2.0830000e+00   1.9500000e+00   3.0000000e+00   3.2350000e+00
   2.3560000e+00   2.1280000e+00   2.1390000e+00   2.0150000e+00   3.0990000e+00   3.3320000e+00
   2.3180000e+00   2.1890000e+00   2.2270000e+00   2.1390000e+00   3.2600000e+00   3.4320000e+00
   2.3050000e+00   2.2600000e+00   2.3340000e+00   2.3120000e+00   3.4080000e+00   3.4660000e+00
   2.3810000e+00   2.4260000e+00   2.6340000e+00   2.7840000e+00   3.4680000e+00   3.4670000e+00
   2.8130000e+00   2.9010000e+00   3.1670000e+00   3.3860000e+00   3.4740000e+00   3.5020000e+00
   3.3110000e+00   3.4030000e+00   3.5620000e+00   3.7500000e+00   3.4990000e+00   3.6160000e+00
   3.6440000e+00   3.7570000e+00   3.8340000e+00   3.9610000e+00   3.5520000e+00   3.7920000e+00
   3.8930000e+00   4.0400000e+00   4.0250000e+00   4.0790000e+00   3.7090000e+00   4.0200000e+00
   4.0090000e+00   4.2120000e+00   4.1550000e+00   4.1750000e+00   3.9320000e+00   4.2610000e+00
   4.1980000e+00   4.3530000e+00   4.2940000e+00   4.2600000e+00   4.1450000e+00   4.5360000e+00
   4.3960000e+00   4.5010000e+00   4.4110000e+00   4.3780000e+00   4.3390000e+00   4.8730000e+00
   4.5690000e+00   4.6330000e+00   4.5560000e+00   4.5630000e+00   4.5190000e+00   5.2660000e+00
   4.7190000e+00   4.7730000e+00   4.6980000e+00   4.7370000e+00   4.7930000e+00   5.5090000e+00
   4.8180000e+00   4.8830000e+00   4.8120000e+00   4.8930000e+00   5.1170000e+00   5.3950000e+00
   4.9070000e+00   4.9930000e+00   4.9210000e+00   5.0620000e+00   5.5190000e+00   5.3940000e+00
   4.8170000e+00   5.0620000e+00   4.9920000e+00   5.3820000e+00   5.4590000e+00   5.4290000e+00
   4.8450000e+00   5.1360000e+00   5.4020000e+00   5.9750000e+00   5.3090000e+00   5.4980000e+00
   5.3900000e+00   5.6550000e+00   5.9490000e+00   6.2450000e+00   5.3270000e+00   5.5610000e+00
   6.0070000e+00   6.3030000e+00   6.0920000e+00   6.1560000e+00   5.3020000e+00   5.6050000e+00
   6.0140000e+00   6.3060000e+00   6.0210000e+00   6.1400000e+00   5.3720000e+00   5.6120000e+00
   5.8280000e+00   6.2130000e+00   5.9350000e+00   6.0670000e+00   5.4770000e+00   5.5640000e+00
   5.6110000e+00   6.1760000e+00   5.8440000e+00   5.9940000e+00   5.6340000e+00   5.5470000e+00
   5.4370000e+00   6.1710000e+00   5.7790000e+00   5.9390000e+00   5.6640000e+00   5.5390000e+00
   5.2880000e+00   6.0770000e+00   5.6520000e+00   5.7830000e+00   5.5400000e+00   5.6010000e+00
   5.2510000e+00   5.9380000e+00   5.5340000e+00   5.6040000e+00   5.4030000e+00   5.7090000e+00
   5.2960000e+00   5.7930000e+00   5.4470000e+00   5.4300000e+00   5.3720000e+00   5.9210000e+00
   5.3180000e+00   5.5870000e+00   5.3370000e+00   5.2720000e+00   5.5290000e+00   6.0180000e+00
   5.3400000e+00   5.4300000e+00   5.3050000e+00   5.2530000e+00   5.6540000e+00   5.9050000e+00
   5.3560000e+00   5.4060000e+00   5.3360000e+00   5.3200000e+00   5.5700000e+00   5.7940000e+00
   5.2680000e+00   5.3420000e+00   5.2590000e+00   5.2560000e+00   5.4730000e+00   5.7990000e+00
   5.2260000e+00   5.3060000e+00   5.1710000e+00   5.1580000e+00   5.5410000e+00   5.8080000e+00
   5.0610000e+00   5.1950000e+00   5.0890000e+00   5.0900000e+00   6.0120000e+00   6.0440000e+00
   4.9840000e+00   5.1000000e+00   4.9760000e+00   4.9740000e+00   5.7270000e+00   5.6750000e+00
   4.8250000e+00   4.9710000e+00   4.8600000e+00   4.8660000e+00   5.9070000e+00   5.7250000e+00
   4.7830000e+00   4.9300000e+00   4.8590000e+00   4.8870000e+00   5.9120000e+00   5.7750000e+00
   4.7800000e+00   4.9130000e+00   4.8070000e+00   4.8050000e+00   5.9700000e+00   5.7920000e+00
   4.7640000e+00   4.8870000e+00   4.7580000e+00   4.7410000e+00   5.9090000e+00   5.7620000e+00
   4.5490000e+00   4.6410000e+00   4.5560000e+00   4.5430000e+00   5.8970000e+00   5.7720000e+00
   4.4930000e+00   4.5370000e+00   4.4900000e+00   4.4630000e+00   5.8180000e+00   5.8270000e+00
   4.5550000e+00   4.5660000e+00   4.5290000e+00   4.4930000e+00   5.6650000e+00   5.8180000e+00
   4.6010000e+00   4.6050000e+00   4.5560000e+00   4.5070000e+00   5.7170000e+00   6.0080000e+00
   4.6240000e+00   4.6140000e+00   4.5680000e+00   4.5180000e+00   5.6830000e+00   6.1460000e+00
   4.5510000e+00   4.5530000e+00   4.5020000e+00   4.4560000e+00   5.9730000e+00   6.0670000e+00
   4.5150000e+00   4.5010000e+00   4.4730000e+00   4.4340000e+00   6.4740000e+00   6.1520000e+00
   4.4910000e+00   4.4820000e+00   4.4700000e+00   4.4520000e+00   6.6510000e+00   6.5680000e+00
   4.4220000e+00   4.4510000e+00   4.4240000e+00   4.4160000e+00   5.9460000e+00   6.7850000e+00
   4.3620000e+00   4.4420000e+00   4.3990000e+00   4.4010000e+00   6.0080000e+00   6.1000000e+00
   4.3200000e+00   4.4630000e+00   4.3940000e+00   4.4200000e+00   6.1060000e+00   5.7020000e+00
   4.2250000e+00   4.4710000e+00   4.3390000e+00   4.3920000e+00   5.8890000e+00   5.6550000e+00
   4.1230000e+00   4.3960000e+00   4.2290000e+00   4.2680000e+00   5.5310000e+00   5.6170000e+00
   4.1260000e+00   4.3640000e+00   4.2040000e+00   4.2070000e+00   5.0310000e+00   5.4590000e+00
   4.0720000e+00   4.2850000e+00   4.1320000e+00   4.1180000e+00   4.7040000e+00   5.1990000e+00
   4.0520000e+00   4.2370000e+00   4.1460000e+00   4.1480000e+00   4.5740000e+00   4.9130000e+00
   3.9570000e+00   4.0590000e+00   4.0380000e+00   4.0340000e+00   4.3870000e+00   4.7520000e+00
   3.8710000e+00   3.9630000e+00   3.9660000e+00   3.9640000e+00   4.2160000e+00   4.5450000e+00
   3.8750000e+00   3.9160000e+00   3.8680000e+00   3.8050000e+00   4.0320000e+00   4.3960000e+00
   4.1400000e+00   4.2040000e+00   4.1220000e+00   4.0660000e+00   3.8600000e+00   4.1930000e+00
   3.7330000e+00   3.8570000e+00   3.7920000e+00   3.8040000e+00   4.3970000e+00   3.9930000e+00
   3.6130000e+00   3.6050000e+00   3.7090000e+00   3.7470000e+00   4.7430000e+00   4.0950000e+00
   4.1740000e+00   4.1220000e+00   3.8470000e+00   3.6410000e+00   5.0380000e+00   4.3850000e+00
   4.0420000e+00   3.7540000e+00   4.0640000e+00   4.0710000e+00   4.6740000e+00   4.8350000e+00
   3.1250000e+00   3.0100000e+00   3.3540000e+00   3.4620000e+00   4.5890000e+00   5.0280000e+00
   2.8250000e+00   2.6790000e+00   2.8280000e+00   2.8170000e+00   4.6850000e+00   4.8860000e+00
   2.7730000e+00   2.5960000e+00   2.9480000e+00   3.0420000e+00   4.8230000e+00   4.7670000e+00
   2.8840000e+00   2.8790000e+00   2.9200000e+00   2.8870000e+00   4.8150000e+00   4.6090000e+00
   3.2840000e+00   3.2080000e+00   3.2550000e+00   3.1840000e+00   4.7200000e+00   4.5530000e+00
   3.3730000e+00   3.2710000e+00   3.2470000e+00   3.1360000e+00   4.6830000e+00   4.4920000e+00
   4.0930000e+00   3.8190000e+00   3.9820000e+00   3.8870000e+00   4.6230000e+00   4.4650000e+00
   4.3860000e+00   3.9820000e+00   4.3010000e+00   4.2430000e+00   4.5960000e+00   4.4210000e+00
   4.4550000e+00   4.1780000e+00   4.3560000e+00   4.3060000e+00   4.4670000e+00   4.3800000e+00
   4.5120000e+00   4.3840000e+00   4.4130000e+00   4.3620000e+00   4.2280000e+00   4.3010000e+00
   4.7720000e+00   4.6650000e+00   4.6570000e+00   4.5700000e+00   4.0580000e+00   4.2100000e+00
   4.8500000e+00   4.7920000e+00   4.8290000e+00   4.8610000e+00   4.0760000e+00   4.1040000e+00
   5.1170000e+00   5.1570000e+00   5.1540000e+00   5.1450000e+00   4.1350000e+00   3.9650000e+00
   5.0200000e+00   5.1560000e+00   5.1200000e+00   5.1720000e+00   4.3200000e+00   3.8950000e+00
   4.9600000e+00   5.0990000e+00   5.0410000e+00   5.0790000e+00   4.4080000e+00   3.9650000e+00
   5.0730000e+00   5.0190000e+00   5.0600000e+00   5.0720000e+00   4.5890000e+00   4.1290000e+00
   5.2100000e+00   5.0540000e+00   5.0690000e+00   5.0370000e+00   4.7380000e+00   4.4970000e+00
   5.0350000e+00   5.0550000e+00   5.1870000e+00   5.2950000e+00   4.6760000e+00   4.5730000e+00
   5.2410000e+00   5.2460000e+00   5.2230000e+00   5.1890000e+00   4.1590000e+00   4.3150000e+00
   5.2620000e+00   5.2630000e+00   5.3600000e+00   5.4420000e+00   3.8780000e+00   4.1460000e+00
   5.3090000e+00   5.2620000e+00   5.4450000e+00   5.5870000e+00   3.6800000e+00   4.3480000e+00
   5.5840000e+00   5.5520000e+00   5.6860000e+00   5.7760000e+00   3.4260000e+00   4.1220000e+00
   5.8060000e+00   5.8730000e+00   5.9100000e+00   5.9890000e+00   3.4520000e+00   4.0250000e+00
   5.8480000e+00   5.9630000e+00   5.9600000e+00   6.0640000e+00   3.6900000e+00   4.2030000e+00
   5.7920000e+00   5.9320000e+00   5.9070000e+00   6.0450000e+00   3.9040000e+00   4.2490000e+00
   5.8610000e+00   5.9970000e+00   5.9650000e+00   6.0840000e+00   3.9940000e+00   4.2140000e+00
   5.9400000e+00   6.0840000e+00   6.0240000e+00   6.1250000e+00   4.0430000e+00   4.1740000e+00
   5.8550000e+00   5.9840000e+00   5.8940000e+00   5.9840000e+00   4.0910000e+00   4.1600000e+00
   5.7580000e+00   5.9070000e+00   5.8020000e+00   5.8930000e+00   4.1070000e+00   4.0710000e+00
   5.8820000e+00   6.0180000e+00   5.9190000e+00   5.9880000e+00   4.0450000e+00   3.9610000e+00
   5.9640000e+00   6.1250000e+00   6.0890000e+00   6.2060000e+00   3.9680000e+00   3.8800000e+00
   6.0970000e+00   6.2810000e+00   6.1550000e+00   6.2480000e+00   3.8960000e+00   3.7970000e+00
   6.4250000e+00   6.6130000e+00   6.4690000e+00   6.5110000e+00   3.7970000e+00   3.7000000e+00
   6.3110000e+00   6.5150000e+00   6.3770000e+00   6.4380000e+00   3.6440000e+00   3.5850000e+00
   6.3430000e+00   6.4500000e+00   6.3280000e+00   6.3260000e+00   3.4410000e+00   3.4570000e+00
   6.3710000e+00   6.4830000e+00   6.3590000e+00   6.3640000e+00   3.2830000e+00   3.3100000e+00
   6.3590000e+00   6.3590000e+00   6.3220000e+00   6.3320000e+00   3.2430000e+00   3.1540000e+00
   6.1780000e+00   6.2330000e+00   6.2290000e+00   6.2640000e+00   3.2390000e+00   2.9350000e+00
   6.2510000e+00   6.1830000e+00   6.1870000e+00   6.1390000e+00   3.1580000e+00   2.6820000e+00
   6.2540000e+00   6.2520000e+00   6.2430000e+00   6.2320000e+00   2.9040000e+00   2.4260000e+00
   6.2800000e+00   6.2070000e+00   6.2300000e+00   6.1840000e+00   2.6750000e+00   2.1930000e+00
   6.2900000e+00   6.2830000e+00   6.2900000e+00   6.2760000e+00   2.4220000e+00   2.1510000e+00
   6.3220000e+00   6.4970000e+00   6.3850000e+00   6.3980000e+00   2.2680000e+00   2.6190000e+00
   6.5940000e+00   6.7460000e+00   6.6540000e+00   6.6960000e+00   2.1780000e+00   3.5910000e+00
   6.9380000e+00   7.0330000e+00   6.9730000e+00   6.9990000e+00   2.1820000e+00   4.1320000e+00
   7.1160000e+00   7.0860000e+00   7.0750000e+00   7.0740000e+00   2.2260000e+00   4.1140000e+00
   7.0460000e+00   6.9640000e+00   7.0150000e+00   7.0130000e+00   2.4350000e+00   4.0940000e+00
   6.9340000e+00   6.8910000e+00   6.9260000e+00   6.9310000e+00   2.7670000e+00   3.9620000e+00
   6.8920000e+00   6.8740000e+00   6.9190000e+00   6.9330000e+00   3.0040000e+00   3.8400000e+00
   6.8890000e+00   6.8580000e+00   6.9000000e+00   6.8990000e+00   3.0450000e+00   3.6740000e+00
   6.9840000e+00   6.9310000e+00   6.9830000e+00   6.9770000e+00   3.0110000e+00   3.5220000e+00
   6.9960000e+00   6.9910000e+00   7.0070000e+00   7.0080000e+00   3.0390000e+00   3.4070000e+00
   6.9870000e+00   7.0150000e+00   7.0270000e+00   7.0360000e+00   3.0230000e+00   3.5580000e+00
   7.0000000e+00   7.0140000e+00   7.0460000e+00   7.0580000e+00   2.9620000e+00   3.7860000e+00
   7.0050000e+00   6.9790000e+00   7.0290000e+00   7.0280000e+00   2.8790000e+00   4.0180000e+00
   6.9300000e+00   6.9320000e+00   6.9990000e+00   7.0210000e+00   2.9020000e+00   4.0780000e+00
   6.7730000e+00   6.7630000e+00   6.8630000e+00   6.9130000e+00   3.0100000e+00   4.0070000e+00
   6.9050000e+00   6.9140000e+00   6.9570000e+00   6.9770000e+00   3.1360000e+00   3.9640000e+00
   7.0190000e+00   7.0340000e+00   7.1190000e+00   7.1760000e+00   3.2060000e+00   3.9570000e+00
   7.0960000e+00   7.0370000e+00   7.1020000e+00   7.1120000e+00   3.3800000e+00   4.2390000e+00
   7.0210000e+00   6.9860000e+00   7.0100000e+00   6.9990000e+00   3.6590000e+00   4.4920000e+00
   7.0550000e+00   7.0210000e+00   6.9900000e+00   6.9600000e+00   4.2450000e+00   4.6100000e+00
   6.9800000e+00   6.9190000e+00   6.9130000e+00   6.8850000e+00   4.5730000e+00   4.5820000e+00
   6.8940000e+00   6.8050000e+00   6.8380000e+00   6.8050000e+00   4.7550000e+00   4.7740000e+00
   6.7590000e+00   6.7430000e+00   6.7760000e+00   6.7850000e+00   5.7000000e+00   5.5750000e+00
   6.5590000e+00   6.5510000e+00   6.5710000e+00   6.5880000e+00   6.2230000e+00   6.2010000e+00
   6.5850000e+00   6.5440000e+00   6.5280000e+00   6.5170000e+00   5.9330000e+00   6.1810000e+00
   6.6910000e+00   6.6220000e+00   6.5970000e+00   6.5830000e+00   5.5380000e+00   6.2830000e+00
   6.5970000e+00   6.5600000e+00   6.5500000e+00   6.5700000e+00   5.9650000e+00   6.1830000e+00
   6.4600000e+00   6.4250000e+00   6.4540000e+00   6.4930000e+00   5.9650000e+00   5.9280000e+00
   6.2740000e+00   6.2400000e+00   6.3020000e+00   6.3590000e+00   6.3450000e+00   6.0090000e+00
   6.1900000e+00   6.1640000e+00   6.2250000e+00   6.2830000e+00   6.3850000e+00   5.9960000e+00
   5.9150000e+00   5.9940000e+00   6.0320000e+00   6.1270000e+00   6.2720000e+00   5.8610000e+00
   5.7410000e+00   5.8430000e+00   5.8290000e+00   5.9190000e+00   6.1570000e+00   5.8160000e+00
   5.5160000e+00   5.5950000e+00   5.5960000e+00   5.6750000e+00   5.9560000e+00   5.6850000e+00
   5.4080000e+00   5.5050000e+00   5.4720000e+00   5.5330000e+00   5.7390000e+00   5.5210000e+00
   5.3080000e+00   5.4170000e+00   5.4120000e+00   5.5030000e+00   5.3880000e+00   5.3460000e+00
   5.2590000e+00   5.3250000e+00   5.3290000e+00   5.4110000e+00   5.2750000e+00   5.2410000e+00
   5.1890000e+00   5.3000000e+00   5.2710000e+00   5.3530000e+00   5.1480000e+00   5.2390000e+00
   5.1100000e+00   5.2680000e+00   5.1490000e+00   5.2040000e+00   5.1120000e+00   5.1910000e+00
   5.0490000e+00   5.2210000e+00   5.0700000e+00   5.1220000e+00   4.9850000e+00   5.0280000e+00
   4.8650000e+00   5.0350000e+00   4.9000000e+00   4.9510000e+00   4.6930000e+00   4.8650000e+00
   4.7310000e+00   4.8770000e+00   4.7580000e+00   4.7950000e+00   4.5090000e+00   4.7840000e+00
   4.5760000e+00   4.7040000e+00   4.6170000e+00   4.6430000e+00   4.4780000e+00   4.6470000e+00
   4.3770000e+00   4.4820000e+00   4.4080000e+00   4.4220000e+00   4.4170000e+00   4.4350000e+00
   4.4840000e+00   4.4770000e+00   4.4010000e+00   4.3710000e+00   4.4300000e+00   4.2820000e+00
   4.4690000e+00   4.4290000e+00   4.4090000e+00   4.3690000e+00   4.5050000e+00   4.1750000e+00
   4.3260000e+00   4.2670000e+00   4.3290000e+00   4.3540000e+00   4.5040000e+00   4.1030000e+00
   4.2580000e+00   4.1540000e+00   4.2120000e+00   4.2180000e+00   4.4740000e+00   4.0930000e+00
   4.1940000e+00   4.0830000e+00   4.1690000e+00   4.1240000e+00   4.3250000e+00   4.0830000e+00
   3.9500000e+00   3.9540000e+00   4.0910000e+00   4.1200000e+00   4.2580000e+00   4.0430000e+00
   3.8080000e+00   3.7690000e+00   3.8890000e+00   3.9610000e+00   4.1410000e+00   4.0120000e+00
   3.7640000e+00   3.6800000e+00   3.7460000e+00   3.7650000e+00   3.9950000e+00   3.9330000e+00
   3.6750000e+00   3.6320000e+00   3.6430000e+00   3.6350000e+00   3.8970000e+00   3.8780000e+00
   3.5710000e+00   3.5960000e+00   3.5720000e+00   3.5790000e+00   3.8150000e+00   3.8610000e+00
   3.4620000e+00   3.4870000e+00   3.4340000e+00   3.4140000e+00   3.7870000e+00   3.9100000e+00
   3.3930000e+00   3.4100000e+00   3.3950000e+00   3.3920000e+00   3.7460000e+00   3.9700000e+00
   3.4410000e+00   3.4230000e+00   3.3500000e+00   3.3260000e+00   3.8090000e+00   4.0440000e+00
   3.3840000e+00   3.3730000e+00   3.3150000e+00   3.2370000e+00   3.9200000e+00   4.0820000e+00
   3.1830000e+00   3.2350000e+00   3.2250000e+00   3.2970000e+00   4.0140000e+00   4.1010000e+00
   3.2110000e+00   3.1150000e+00   3.2030000e+00   3.2090000e+00   4.1050000e+00   4.1660000e+00
   3.1570000e+00   3.2290000e+00   3.2570000e+00   3.3420000e+00   4.1800000e+00   4.2210000e+00
   3.2010000e+00   3.2080000e+00   3.2460000e+00   3.2580000e+00   4.1780000e+00   4.2080000e+00
   3.0610000e+00   3.1660000e+00   3.1920000e+00   3.2840000e+00   4.1570000e+00   4.1880000e+00
   2.9150000e+00   2.9340000e+00   2.9680000e+00   3.0370000e+00   4.2080000e+00   4.1950000e+00
   3.1540000e+00   2.9980000e+00   3.0360000e+00   2.9990000e+00   4.2850000e+00   4.2230000e+00
   3.3500000e+00   3.3350000e+00   3.2500000e+00   3.1200000e+00   4.3040000e+00   4.2830000e+00
   3.2730000e+00   3.3850000e+00   3.4320000e+00   3.4390000e+00   4.3760000e+00   4.3100000e+00
   3.2330000e+00   3.1990000e+00   3.4040000e+00   3.5170000e+00   4.4330000e+00   4.3220000e+00
   3.2890000e+00   3.1860000e+00   3.4070000e+00   3.4950000e+00   4.5040000e+00   4.3600000e+00
   3.3160000e+00   3.3360000e+00   3.3480000e+00   3.4550000e+00   4.5320000e+00   4.4110000e+00
   3.6440000e+00   3.5550000e+00   3.5280000e+00   3.3730000e+00   4.5560000e+00   4.4730000e+00
   3.6920000e+00   3.8530000e+00   3.7620000e+00   3.7650000e+00   4.5010000e+00   4.4420000e+00
   3.8810000e+00   3.9110000e+00   3.8450000e+00   3.8010000e+00   4.1050000e+00   4.0450000e+00
   3.8700000e+00   4.0460000e+00   3.9400000e+00   3.9700000e+00   3.8900000e+00   3.7650000e+00
   3.9950000e+00   4.0910000e+00   3.9740000e+00   3.9930000e+00   3.4380000e+00   3.4370000e+00
   4.1260000e+00   4.0960000e+00   4.1160000e+00   4.0760000e+00   2.9800000e+00   2.9710000e+00
   4.1090000e+00   4.1730000e+00   4.1350000e+00   4.1240000e+00   2.6900000e+00   2.6450000e+00
   4.1130000e+00   4.1360000e+00   4.0600000e+00   4.0580000e+00   2.4940000e+00   2.4060000e+00
   4.1660000e+00   4.2570000e+00   4.0780000e+00   4.0470000e+00   2.3510000e+00   2.2890000e+00
   4.1880000e+00   4.4090000e+00   4.1830000e+00   4.1630000e+00   2.3450000e+00   2.2370000e+00
   4.2650000e+00   4.4410000e+00   4.3040000e+00   4.2870000e+00   2.3200000e+00   2.2100000e+00
   4.3710000e+00   4.4440000e+00   4.4460000e+00   4.5020000e+00   2.3120000e+00   2.2170000e+00
   4.5570000e+00   4.5790000e+00   4.6230000e+00   4.6690000e+00   2.2740000e+00   2.1430000e+00
   4.7250000e+00   4.7690000e+00   4.7810000e+00   4.8010000e+00   2.1890000e+00   2.1100000e+00
   4.8520000e+00   4.9260000e+00   4.9070000e+00   4.9240000e+00   2.1320000e+00   2.0270000e+00
   4.9510000e+00   5.0050000e+00   5.0240000e+00   5.0680000e+00   2.0570000e+00   1.8550000e+00
   5.0900000e+00   5.1500000e+00   5.2090000e+00   5.2630000e+00   1.8670000e+00   1.7860000e+00
   5.2140000e+00   5.2660000e+00   5.3350000e+00   5.3950000e+00   1.8480000e+00   1.8340000e+00
   5.4540000e+00   5.4520000e+00   5.5300000e+00   5.5840000e+00   1.7740000e+00   1.7160000e+00
   5.7080000e+00   5.6610000e+00   5.7210000e+00   5.7280000e+00   1.6050000e+00   1.6390000e+00
   5.9160000e+00   5.8080000e+00   5.8900000e+00   5.8640000e+00   1.5460000e+00   1.6440000e+00
   6.1520000e+00   6.0210000e+00   6.1690000e+00   6.1560000e+00   1.5160000e+00   1.6890000e+00
   6.3530000e+00   6.2130000e+00   6.3620000e+00   6.3750000e+00   1.4200000e+00   1.6200000e+00
   6.4250000e+00   6.3110000e+00   6.4340000e+00   6.4590000e+00   1.4370000e+00   1.6880000e+00
   6.4980000e+00   6.3810000e+00   6.5070000e+00   6.5240000e+00   1.6550000e+00   1.8360000e+00
   6.5560000e+00   6.3950000e+00   6.5100000e+00   6.4890000e+00   1.7550000e+00   2.0090000e+00
   6.6120000e+00   6.4580000e+00   6.5650000e+00   6.5500000e+00   1.8390000e+00   2.1890000e+00
   6.6540000e+00   6.4850000e+00   6.5880000e+00   6.5350000e+00   1.8580000e+00   2.0580000e+00
   6.8390000e+00   6.5900000e+00   6.7000000e+00   6.6240000e+00   1.7550000e+00   2.0430000e+00
   7.0230000e+00   6.7220000e+00   6.8610000e+00   6.8030000e+00   2.0340000e+00   2.0670000e+00
   6.9460000e+00   6.6770000e+00   6.8200000e+00   6.7670000e+00   2.1190000e+00   2.1390000e+00
   6.8520000e+00   6.6060000e+00   6.7740000e+00   6.7000000e+00   2.2690000e+00   2.2030000e+00
   6.7040000e+00   6.4630000e+00   6.6220000e+00   6.5110000e+00   2.5320000e+00   2.4040000e+00
   6.8990000e+00   6.6150000e+00   6.6640000e+00   6.4540000e+00   2.6860000e+00   2.5690000e+00
   6.9380000e+00   6.7150000e+00   6.6000000e+00   6.4250000e+00   2.8170000e+00   2.8000000e+00
   6.7170000e+00   6.4610000e+00   6.5800000e+00   6.5060000e+00   2.9200000e+00   2.8980000e+00
   6.7020000e+00   6.4200000e+00   6.5840000e+00   6.4960000e+00   3.0370000e+00   3.1840000e+00
   6.8050000e+00   6.4920000e+00   6.6460000e+00   6.5410000e+00   3.1310000e+00   3.5100000e+00
   6.8900000e+00   6.5200000e+00   6.7200000e+00   6.6120000e+00   3.5380000e+00   3.6050000e+00
   7.1070000e+00   6.7600000e+00   6.8960000e+00   6.7850000e+00   3.7060000e+00   3.5360000e+00
   7.2030000e+00   6.8520000e+00   6.9370000e+00   6.8080000e+00   3.8160000e+00   3.8420000e+00
   7.1860000e+00   6.8860000e+00   6.9150000e+00   6.7870000e+00   4.2040000e+00   4.1920000e+00
   7.2260000e+00   6.9050000e+00   6.9980000e+00   6.9150000e+00   4.3150000e+00   4.2730000e+00
   7.2010000e+00   6.9080000e+00   7.0130000e+00   6.9700000e+00   4.8460000e+00   4.7430000e+00
   7.1130000e+00   6.9040000e+00   6.9430000e+00   6.8850000e+00   5.1150000e+00   4.9290000e+00
   7.1270000e+00   6.9000000e+00   6.9760000e+00   6.9300000e+00   4.9550000e+00   5.3680000e+00
   7.1640000e+00   6.9920000e+00   7.0170000e+00   6.9950000e+00   5.3210000e+00   5.5110000e+00
   7.0730000e+00   7.0220000e+00   6.9610000e+00   6.9500000e+00   5.5080000e+00   5.8350000e+00
   6.9530000e+00   6.9850000e+00   6.9400000e+00   6.9810000e+00   5.0080000e+00   5.2840000e+00
   6.6640000e+00   6.9240000e+00   6.6780000e+00   6.7550000e+00   5.4910000e+00   5.7560000e+00
   6.1540000e+00   6.4550000e+00   6.1670000e+00   6.2410000e+00   5.7240000e+00   6.3400000e+00
   6.0570000e+00   6.2640000e+00   6.0750000e+00   6.1400000e+00   5.8160000e+00   5.9350000e+00
   6.0710000e+00   6.2500000e+00   6.2640000e+00   6.4150000e+00   5.8080000e+00   5.3750000e+00
   6.1550000e+00   6.3820000e+00   6.1980000e+00   6.2620000e+00   6.4170000e+00   5.5370000e+00
   6.0270000e+00   6.1370000e+00   6.0330000e+00   6.0590000e+00   4.7490000e+00   5.5660000e+00
   5.7780000e+00   5.9390000e+00   5.8270000e+00   5.8610000e+00   5.7130000e+00   5.9440000e+00
   5.5060000e+00   5.7940000e+00   5.5540000e+00   5.5610000e+00   6.5680000e+00   6.3260000e+00
   5.3880000e+00   5.6380000e+00   5.5280000e+00   5.5850000e+00   6.1460000e+00   6.2110000e+00
   5.3200000e+00   5.5070000e+00   5.4240000e+00   5.4840000e+00   5.8420000e+00   6.2510000e+00
   5.6530000e+00   5.9740000e+00   5.7700000e+00   5.8420000e+00   5.7800000e+00   5.8380000e+00
   5.6590000e+00   6.0010000e+00   5.8290000e+00   5.9320000e+00   5.6500000e+00   5.7060000e+00
   5.7320000e+00   6.0850000e+00   5.9110000e+00   6.0150000e+00   5.4830000e+00   5.7550000e+00
   6.2210000e+00   6.4770000e+00   6.3330000e+00   6.4080000e+00   5.0880000e+00   5.4680000e+00
   6.4970000e+00   6.5790000e+00   6.5280000e+00   6.5850000e+00   5.3900000e+00   5.5530000e+00
   6.5510000e+00   6.4720000e+00   6.6270000e+00   6.7310000e+00   5.8840000e+00   5.7520000e+00
   5.9810000e+00   5.8050000e+00   6.2220000e+00   6.4070000e+00   5.8690000e+00   5.7920000e+00
   5.3150000e+00   5.2350000e+00   5.5810000e+00   5.7350000e+00   5.8330000e+00   5.7880000e+00
   4.6440000e+00   4.6720000e+00   4.9480000e+00   5.0900000e+00   5.9150000e+00   5.6790000e+00
   3.8780000e+00   3.9490000e+00   4.1070000e+00   4.1840000e+00   5.6750000e+00   5.6200000e+00
   3.5730000e+00   3.6770000e+00   3.7530000e+00   3.8450000e+00   5.2050000e+00   5.5060000e+00
   3.7210000e+00   3.5850000e+00   3.6360000e+00   3.6200000e+00   4.7430000e+00   5.4120000e+00
   3.8820000e+00   3.5750000e+00   3.7970000e+00   3.8720000e+00   4.2190000e+00   4.9380000e+00
   4.1180000e+00   3.8420000e+00   3.9700000e+00   4.0670000e+00   4.3310000e+00   4.1980000e+00
   4.1920000e+00   4.0100000e+00   4.0820000e+00   4.1970000e+00   4.7060000e+00   3.8370000e+00
   4.2930000e+00   4.3580000e+00   4.2950000e+00   4.3740000e+00   4.4630000e+00   4.1730000e+00
   4.0070000e+00   4.1470000e+00   4.1300000e+00   4.1850000e+00   3.7960000e+00   4.1090000e+00
   3.7050000e+00   3.5350000e+00   3.6420000e+00   3.7150000e+00   3.4820000e+00   3.6790000e+00
   3.5310000e+00   2.9940000e+00   3.2410000e+00   3.2490000e+00   3.5880000e+00   3.4400000e+00
   3.4420000e+00   2.7950000e+00   2.8590000e+00   2.8610000e+00   4.2080000e+00   3.8230000e+00
   3.0010000e+00   2.7370000e+00   2.7330000e+00   2.7450000e+00   4.1010000e+00   4.0550000e+00
   2.6100000e+00   2.5920000e+00   2.5290000e+00   2.5750000e+00   4.1670000e+00   3.5030000e+00
   2.6370000e+00   2.5560000e+00   2.5160000e+00   2.5220000e+00   3.8630000e+00   3.1320000e+00
   2.7820000e+00   2.7280000e+00   2.6560000e+00   2.6270000e+00   4.3360000e+00   3.3120000e+00
   2.7170000e+00   2.7770000e+00   2.5990000e+00   2.5550000e+00   4.6970000e+00   3.3400000e+00
   2.6010000e+00   2.6930000e+00   2.4880000e+00   2.4260000e+00   4.6210000e+00   3.4410000e+00
   2.2240000e+00   2.4210000e+00   2.2470000e+00   2.2520000e+00   4.4540000e+00   3.7160000e+00
   2.2190000e+00   2.1900000e+00   2.0960000e+00   2.0290000e+00   4.3760000e+00   4.4210000e+00
   2.3650000e+00   2.4130000e+00   2.3440000e+00   2.3370000e+00   4.7340000e+00   4.9910000e+00
   2.3460000e+00   2.4630000e+00   2.3220000e+00   2.3310000e+00   5.0140000e+00   5.2120000e+00
   2.1480000e+00   2.2840000e+00   2.0940000e+00   2.0890000e+00   5.0850000e+00   5.6050000e+00
   2.0700000e+00   2.1440000e+00   1.9620000e+00   1.9300000e+00   5.1100000e+00   5.7290000e+00
   1.9830000e+00   2.0430000e+00   1.8150000e+00   1.7460000e+00   5.0230000e+00   5.6600000e+00
   1.8320000e+00   1.8580000e+00   1.6610000e+00   1.5700000e+00   4.7380000e+00   5.4110000e+00
   1.8810000e+00   1.9250000e+00   1.7050000e+00   1.6150000e+00   4.2000000e+00   5.3200000e+00
   1.7370000e+00   1.8320000e+00   1.6490000e+00   1.5950000e+00   3.5960000e+00   5.8030000e+00
   2.0410000e+00   2.0130000e+00   2.0480000e+00   2.0450000e+00   3.4190000e+00   6.1050000e+00
   2.8710000e+00   2.8370000e+00   2.8390000e+00   2.8660000e+00   3.3370000e+00   5.8990000e+00
   3.3360000e+00   3.4620000e+00   3.3590000e+00   3.4200000e+00   3.3900000e+00   5.3050000e+00
   3.6200000e+00   3.8420000e+00   3.6410000e+00   3.7020000e+00   3.4320000e+00   4.7660000e+00
   3.6500000e+00   3.9350000e+00   3.6130000e+00   3.5900000e+00   3.3430000e+00   4.7540000e+00
   3.5060000e+00   3.7260000e+00   3.4970000e+00   3.4730000e+00   3.0450000e+00   5.1790000e+00
   4.1060000e+00   4.0610000e+00   4.0610000e+00   3.9990000e+00   3.1540000e+00   5.0730000e+00
   4.7670000e+00   4.7280000e+00   4.7320000e+00   4.7820000e+00   3.1740000e+00   5.0690000e+00
   5.0130000e+00   5.2860000e+00   5.1880000e+00   5.3730000e+00   3.8840000e+00   5.3010000e+00
   5.2590000e+00   5.7110000e+00   5.6290000e+00   5.9410000e+00   4.1480000e+00   5.0820000e+00
   5.3400000e+00   5.9810000e+00   5.7510000e+00   6.0020000e+00   3.9490000e+00   4.8810000e+00
   5.2990000e+00   5.9250000e+00   5.6700000e+00   5.9040000e+00   3.8810000e+00   4.9070000e+00
   4.7930000e+00   5.2870000e+00   5.1470000e+00   5.4700000e+00   3.9480000e+00   4.9380000e+00
   4.9260000e+00   4.8610000e+00   4.9330000e+00   5.0860000e+00   4.0990000e+00   4.9940000e+00
   5.1300000e+00   4.9890000e+00   5.0340000e+00   4.8420000e+00   4.3100000e+00   4.8460000e+00
   5.3050000e+00   5.2280000e+00   5.1660000e+00   4.8570000e+00   4.1300000e+00   4.6930000e+00
   5.9220000e+00   5.7100000e+00   5.6990000e+00   5.2510000e+00   4.1040000e+00   4.6000000e+00
   6.6470000e+00   6.5190000e+00   6.5160000e+00   6.1350000e+00   4.2250000e+00   4.5250000e+00
   7.2410000e+00   7.3240000e+00   7.2070000e+00   6.9770000e+00   4.3310000e+00   4.4190000e+00
   6.8280000e+00   7.2930000e+00   7.0360000e+00   6.8360000e+00   4.2310000e+00   4.3590000e+00
   6.4830000e+00   6.8580000e+00   6.6550000e+00   6.4270000e+00   4.2740000e+00   4.3600000e+00
   6.4610000e+00   6.7520000e+00   6.5490000e+00   6.2330000e+00   4.2210000e+00   4.2970000e+00
   6.4890000e+00   6.7880000e+00   6.5460000e+00   6.2110000e+00   4.2580000e+00   4.2540000e+00
   6.6130000e+00   6.8130000e+00   6.6460000e+00   6.2580000e+00   4.3960000e+00   4.3890000e+00
   6.9170000e+00   7.1680000e+00   6.9820000e+00   6.6300000e+00   4.5380000e+00   4.3830000e+00
   6.8930000e+00   7.2970000e+00   7.0900000e+00   6.8340000e+00   4.4860000e+00   4.3310000e+00
   6.6670000e+00   7.0630000e+00   6.9030000e+00   6.7330000e+00   4.3820000e+00   4.2030000e+00
   6.5330000e+00   6.8620000e+00   6.7000000e+00   6.4520000e+00   4.3340000e+00   4.2400000e+00
   6.4700000e+00   6.7830000e+00   6.4860000e+00   6.1610000e+00   4.4640000e+00   4.3880000e+00
   6.0200000e+00   6.3300000e+00   5.8820000e+00   5.6150000e+00   4.6160000e+00   4.5310000e+00
   5.2190000e+00   5.3570000e+00   5.2400000e+00   4.9880000e+00   4.6530000e+00   4.5950000e+00
   5.3050000e+00   5.2780000e+00   5.3540000e+00   5.0870000e+00   4.7640000e+00   4.7470000e+00
   5.2660000e+00   5.4010000e+00   5.1390000e+00   4.8890000e+00   4.7400000e+00   4.7920000e+00
   4.8810000e+00   4.8160000e+00   4.6490000e+00   4.5860000e+00   4.7590000e+00   4.9240000e+00
   4.5020000e+00   4.0850000e+00   4.2920000e+00   4.5470000e+00   4.5920000e+00   4.8820000e+00
   4.3670000e+00   3.7000000e+00   4.1540000e+00   4.4440000e+00   4.3180000e+00   4.7120000e+00
   4.4590000e+00   3.6100000e+00   4.2760000e+00   4.5390000e+00   4.2010000e+00   5.0160000e+00
   4.7090000e+00   4.1100000e+00   4.7240000e+00   5.1610000e+00   4.0710000e+00   5.0650000e+00
   5.0890000e+00   4.8180000e+00   5.2530000e+00   5.7540000e+00   5.4910000e+00   4.5070000e+00
   5.2830000e+00   5.3490000e+00   5.4520000e+00   5.9040000e+00   4.6640000e+00   4.0660000e+00
   5.5860000e+00   5.8040000e+00   5.5190000e+00   5.6070000e+00   4.3620000e+00   3.7300000e+00
   5.1740000e+00   5.3480000e+00   4.9200000e+00   4.8990000e+00   4.4310000e+00   3.3600000e+00
   4.7780000e+00   4.9570000e+00   4.6810000e+00   4.6440000e+00   3.6960000e+00   3.1720000e+00
   4.1420000e+00   4.2600000e+00   4.1910000e+00   4.2850000e+00   3.1380000e+00   3.1670000e+00
   3.9260000e+00   4.0160000e+00   3.9610000e+00   3.9270000e+00   2.8790000e+00   3.3140000e+00
   3.9810000e+00   4.0950000e+00   4.0250000e+00   4.1030000e+00   2.9060000e+00   3.1530000e+00
   3.5540000e+00   4.4740000e+00   4.3090000e+00   4.7430000e+00   3.2670000e+00   3.8020000e+00
   3.5650000e+00   5.0880000e+00   4.5160000e+00   4.8830000e+00   3.6040000e+00   4.9260000e+00
   3.5560000e+00   4.7980000e+00   4.3880000e+00   4.6300000e+00   3.5100000e+00   3.8750000e+00
   4.0320000e+00   4.6980000e+00   4.4160000e+00   4.4400000e+00   4.1680000e+00   3.4520000e+00
   4.3700000e+00   4.7310000e+00   4.4410000e+00   4.6160000e+00   6.1550000e+00   3.4210000e+00
   4.1270000e+00   4.8970000e+00   4.7340000e+00   5.4840000e+00   4.8100000e+00   3.0110000e+00
   4.3290000e+00   5.8190000e+00   5.4800000e+00   6.1840000e+00   3.9790000e+00   2.7370000e+00
   5.1740000e+00   6.4060000e+00   5.9510000e+00   6.2900000e+00   3.5940000e+00   2.9710000e+00
   5.6260000e+00   6.2510000e+00   5.9340000e+00   6.0160000e+00   3.3840000e+00   3.0260000e+00
   5.7160000e+00   6.1200000e+00   5.9610000e+00   6.0750000e+00   3.6960000e+00   3.7240000e+00
   5.8600000e+00   6.2490000e+00   6.0820000e+00   6.1490000e+00   4.4450000e+00   4.7490000e+00
   5.9140000e+00   6.2570000e+00   6.1130000e+00   6.2190000e+00   4.8740000e+00   5.1140000e+00
   6.1780000e+00   6.4420000e+00   6.3070000e+00   6.3840000e+00   5.0050000e+00   5.2630000e+00
   6.1520000e+00   6.3430000e+00   6.2710000e+00   6.3420000e+00   4.7400000e+00   5.2220000e+00
   6.0290000e+00   6.2010000e+00   6.2040000e+00   6.3190000e+00   4.6700000e+00   5.1850000e+00
   5.9610000e+00   6.1830000e+00   6.2220000e+00   6.3870000e+00   4.7950000e+00   5.4020000e+00
   6.0910000e+00   6.2110000e+00   6.3650000e+00   6.5690000e+00   5.0200000e+00   5.3260000e+00
   6.1630000e+00   6.3250000e+00   6.4330000e+00   6.6220000e+00   5.1030000e+00   5.2580000e+00
   5.8380000e+00   6.1410000e+00   6.1130000e+00   6.2460000e+00   5.1400000e+00   5.3020000e+00
   5.6560000e+00   5.6390000e+00   5.8380000e+00   5.9050000e+00   5.1660000e+00   5.4360000e+00
   6.0210000e+00   5.5400000e+00   6.0710000e+00   6.1200000e+00   5.1530000e+00   5.5270000e+00
   6.1260000e+00   5.5580000e+00   6.2100000e+00   6.3130000e+00   5.3410000e+00   5.5470000e+00
   6.1870000e+00   5.7170000e+00   6.3230000e+00   6.5000000e+00   5.2970000e+00   5.6040000e+00
   6.2070000e+00   5.7680000e+00   6.3090000e+00   6.5050000e+00   5.5200000e+00   5.7230000e+00
   6.3010000e+00   5.9130000e+00   6.3720000e+00   6.5240000e+00   5.4440000e+00   5.9090000e+00
   6.2710000e+00   5.9780000e+00   6.3430000e+00   6.4490000e+00   5.4640000e+00   5.9750000e+00
   6.2270000e+00   6.0180000e+00   6.2820000e+00   6.3670000e+00   5.2810000e+00   5.8570000e+00
   6.1240000e+00   5.9060000e+00   6.1550000e+00   6.1880000e+00   5.3380000e+00   5.6410000e+00
   6.1320000e+00   5.9140000e+00   6.1070000e+00   6.0900000e+00   5.3710000e+00   5.6300000e+00
   5.9940000e+00   5.7250000e+00   6.0090000e+00   6.0030000e+00   5.2890000e+00   5.6590000e+00
