   7.7622000e+00   8.1357000e+00   8.0708000e+00   8.2598000e+00   7.4281000e+00   7.0314000e+00
   7.7609000e+00   8.1151000e+00   8.0634000e+00   8.2348000e+00   7.2889000e+00   7.1526000e+00
   7.8505000e+00   8.1785000e+00   8.1556000e+00   8.3256000e+00   7.3796000e+00   7.3647000e+00
   7.6948000e+00   7.9937000e+00   8.0237000e+00   8.1964000e+00   7.4018000e+00   7.4862000e+00
   7.7082000e+00   7.9718000e+00   8.0423000e+00   8.2013000e+00   7.3947000e+00   7.6509000e+00
   7.7665000e+00   7.9985000e+00   8.0984000e+00   8.2391000e+00   7.4251000e+00   7.7928000e+00
   7.7523000e+00   7.9198000e+00   8.0511000e+00   8.1794000e+00   7.6149000e+00   7.9454000e+00
   7.8574000e+00   7.9424000e+00   8.0970000e+00   8.2063000e+00   7.7815000e+00   8.0240000e+00
   7.9425000e+00   7.9588000e+00   8.1170000e+00   8.1885000e+00   7.9023000e+00   8.1848000e+00
   8.0684000e+00   8.0207000e+00   8.2072000e+00   8.2542000e+00   7.9712000e+00   8.3695000e+00
   8.2383000e+00   8.1879000e+00   8.3599000e+00   8.4172000e+00   8.0277000e+00   8.4633000e+00
   8.2597000e+00   8.2127000e+00   8.3805000e+00   8.4381000e+00   8.0105000e+00   8.3886000e+00
   8.2375000e+00   8.2071000e+00   8.3502000e+00   8.4022000e+00   7.7539000e+00   8.3718000e+00
   8.1101000e+00   8.1117000e+00   8.2512000e+00   8.3132000e+00   7.2303000e+00   8.2936000e+00
   8.0946000e+00   8.1235000e+00   8.2430000e+00   8.3166000e+00   6.8610000e+00   8.1766000e+00
   8.0142000e+00   8.0933000e+00   8.1717000e+00   8.2709000e+00   6.8153000e+00   7.6785000e+00
   7.8753000e+00   8.0445000e+00   8.0776000e+00   8.2303000e+00   6.6638000e+00   6.8556000e+00
   7.5966000e+00   7.9540000e+00   7.9017000e+00   8.1668000e+00   5.8374000e+00   6.2872000e+00
   7.2315000e+00   7.7185000e+00   7.5848000e+00   7.8771000e+00   5.2023000e+00   5.5323000e+00
   6.7608000e+00   7.3346000e+00   7.0993000e+00   7.5306000e+00   4.3002000e+00   4.5898000e+00
   5.9581000e+00   6.7371000e+00   6.4504000e+00   7.0334000e+00   3.7046000e+00   4.1416000e+00
   5.3742000e+00   6.1175000e+00   5.8478000e+00   6.4656000e+00   4.0522000e+00   4.4710000e+00
   5.1060000e+00   5.7054000e+00   5.5226000e+00   6.0833000e+00   4.0771000e+00   4.5004000e+00
   5.0347000e+00   5.4530000e+00   5.3767000e+00   5.7915000e+00   3.7614000e+00   4.2859000e+00
   5.1664000e+00   5.2564000e+00   5.3035000e+00   5.6032000e+00   3.5451000e+00   4.1635000e+00
   5.1340000e+00   5.0306000e+00   5.1081000e+00   5.3092000e+00   3.7299000e+00   4.0715000e+00
   5.1408000e+00   4.9658000e+00   5.0424000e+00   5.1346000e+00   3.8905000e+00   3.9268000e+00
   5.1303000e+00   4.8888000e+00   4.9903000e+00   4.9482000e+00   3.7896000e+00   3.7094000e+00
   5.1906000e+00   4.9188000e+00   5.0210000e+00   4.8388000e+00   3.6472000e+00   3.6079000e+00
   5.1403000e+00   4.9788000e+00   5.0116000e+00   4.7439000e+00   3.5750000e+00   3.5836000e+00
   5.0116000e+00   5.0031000e+00   4.9153000e+00   4.6043000e+00   3.5877000e+00   3.5966000e+00
   4.8126000e+00   4.8645000e+00   4.7177000e+00   4.3974000e+00   3.5483000e+00   3.5457000e+00
   4.6429000e+00   4.6700000e+00   4.5102000e+00   4.2147000e+00   3.5108000e+00   3.5039000e+00
   4.4689000e+00   4.4573000e+00   4.2800000e+00   4.0272000e+00   3.5585000e+00   3.5362000e+00
   4.2654000e+00   4.2258000e+00   4.0625000e+00   3.9288000e+00   3.6649000e+00   3.5613000e+00
   3.9399000e+00   3.9421000e+00   3.8089000e+00   3.8968000e+00   3.7562000e+00   3.5685000e+00
   3.6145000e+00   3.7535000e+00   3.6204000e+00   3.9687000e+00   3.7886000e+00   3.5362000e+00
   3.3453000e+00   3.6608000e+00   3.5094000e+00   4.1052000e+00   3.7895000e+00   3.4950000e+00
   3.1313000e+00   3.6170000e+00   3.4870000e+00   4.3043000e+00   3.7694000e+00   3.4561000e+00
   3.1655000e+00   3.8768000e+00   3.7666000e+00   4.6746000e+00   3.7434000e+00   3.3351000e+00
   3.5728000e+00   4.5293000e+00   4.3375000e+00   5.0479000e+00   3.7484000e+00   3.1360000e+00
   4.2611000e+00   5.1964000e+00   4.8387000e+00   5.1238000e+00   3.8015000e+00   2.8231000e+00
   4.8847000e+00   5.4749000e+00   5.0969000e+00   5.1202000e+00   3.8803000e+00   3.0795000e+00
   5.2699000e+00   5.6150000e+00   5.2788000e+00   5.1813000e+00   3.8485000e+00   3.1253000e+00
   5.6119000e+00   5.7275000e+00   5.3463000e+00   5.2122000e+00   3.9316000e+00   2.6575000e+00
   5.6489000e+00   5.7193000e+00   5.3955000e+00   5.3221000e+00   3.8923000e+00   3.1094000e+00
   5.7792000e+00   5.7737000e+00   5.4661000e+00   5.3428000e+00   3.7877000e+00   3.2063000e+00
   5.9654000e+00   5.8814000e+00   5.5731000e+00   5.5901000e+00   3.6872000e+00   3.2674000e+00
   6.0961000e+00   6.2883000e+00   5.8963000e+00   5.9810000e+00   3.5026000e+00   3.2798000e+00
   6.7022000e+00   7.0049000e+00   6.3865000e+00   6.0648000e+00   3.3435000e+00   3.2859000e+00
   6.2520000e+00   7.1974000e+00   5.9645000e+00   6.1594000e+00   3.1515000e+00   3.1371000e+00
   6.8365000e+00   7.1364000e+00   6.8767000e+00   7.4026000e+00   3.0146000e+00   2.9361000e+00
   7.6337000e+00   8.9187000e+00   7.6032000e+00   7.8771000e+00   2.7861000e+00   2.7367000e+00
   8.4067000e+00   9.8045000e+00   8.8028000e+00   9.4322000e+00   2.6829000e+00   2.5922000e+00
   7.9496000e+00   1.0174000e+01   8.9626000e+00   9.9683000e+00   2.5653000e+00   2.2902000e+00
   8.5833000e+00   1.0587900e+01   9.7027000e+00   1.0669600e+01   2.4764000e+00   2.2014000e+00
   8.4903000e+00   1.0741100e+01   9.5535000e+00   1.0450800e+01   2.3210000e+00   2.0135000e+00
   9.1928000e+00   1.0824400e+01   1.0115200e+01   1.0584200e+01   2.0550000e+00   1.8290000e+00
   1.0347500e+01   1.1324800e+01   1.0740300e+01   1.0902800e+01   2.0111000e+00   1.8364000e+00
   1.0335800e+01   1.1256100e+01   1.0637900e+01   1.0720000e+01   1.8605000e+00   1.8244000e+00
   8.9026000e+00   1.0227300e+01   9.5489000e+00   9.6293000e+00   1.7968000e+00   1.6874000e+00
   8.8471000e+00   9.0006000e+00   8.9782000e+00   9.1261000e+00   1.6537000e+00   1.6150000e+00
   8.8223000e+00   9.2441000e+00   9.1954000e+00   9.5260000e+00   1.4081000e+00   1.9549000e+00
   8.3777000e+00   9.0376000e+00   8.8923000e+00   9.2621000e+00   1.2427000e+00   2.3323000e+00
   8.1901000e+00   8.8691000e+00   8.5588000e+00   8.6971000e+00   1.6396000e+00   3.0959000e+00
   7.8508000e+00   8.3501000e+00   8.1486000e+00   8.1832000e+00   1.9118000e+00   3.4138000e+00
   7.6335000e+00   7.9040000e+00   7.8153000e+00   7.8765000e+00   1.9309000e+00   3.3512000e+00
   8.0730000e+00   8.3602000e+00   8.2143000e+00   8.2996000e+00   2.0323000e+00   3.3562000e+00
   8.2987000e+00   8.6790000e+00   8.3382000e+00   8.3839000e+00   1.7792000e+00   3.8150000e+00
   8.0779000e+00   8.5577000e+00   8.0684000e+00   8.1333000e+00   2.2671000e+00   4.5580000e+00
   7.4901000e+00   7.8450000e+00   7.5744000e+00   7.6397000e+00   3.2480000e+00   4.9015000e+00
   7.0681000e+00   7.1753000e+00   7.1862000e+00   7.2052000e+00   3.8847000e+00   5.2111000e+00
   7.3345000e+00   7.2491000e+00   7.3591000e+00   7.3079000e+00   4.5373000e+00   5.2211000e+00
   7.2969000e+00   7.1768000e+00   7.2523000e+00   7.2346000e+00   4.5828000e+00   5.0685000e+00
   6.9178000e+00   6.9262000e+00   6.9830000e+00   7.0396000e+00   4.8331000e+00   4.7804000e+00
   6.7914000e+00   6.8256000e+00   6.9315000e+00   7.0392000e+00   4.8090000e+00   4.3806000e+00
   6.6689000e+00   6.6936000e+00   6.7907000e+00   6.8781000e+00   4.6326000e+00   3.9841000e+00
   6.5523000e+00   6.5270000e+00   6.5858000e+00   6.6307000e+00   4.4953000e+00   3.6842000e+00
   6.3744000e+00   6.3021000e+00   6.3459000e+00   6.3330000e+00   4.1574000e+00   3.6906000e+00
   6.0461000e+00   5.9946000e+00   6.0386000e+00   6.0171000e+00   4.0182000e+00   4.4157000e+00
   5.6407000e+00   5.6357000e+00   5.7672000e+00   5.8014000e+00   3.9010000e+00   5.2497000e+00
   5.7408000e+00   5.7344000e+00   6.0066000e+00   6.1227000e+00   3.7258000e+00   5.9260000e+00
   6.2920000e+00   6.2331000e+00   6.5776000e+00   6.7235000e+00   4.2450000e+00   6.2820000e+00
   6.7627000e+00   6.7641000e+00   6.9648000e+00   7.0865000e+00   4.8516000e+00   6.2090000e+00
   6.6683000e+00   6.7573000e+00   6.7753000e+00   6.8084000e+00   5.1923000e+00   6.2382000e+00
   6.4294000e+00   6.4683000e+00   6.4705000e+00   6.5005000e+00   5.5315000e+00   6.0028000e+00
   5.9026000e+00   5.9908000e+00   5.9186000e+00   5.9491000e+00   5.5006000e+00   5.6873000e+00
   5.3988000e+00   5.3999000e+00   5.4033000e+00   5.4209000e+00   5.1300000e+00   5.5906000e+00
   5.1190000e+00   5.1493000e+00   5.1769000e+00   5.2094000e+00   5.0005000e+00   5.4540000e+00
   4.9972000e+00   4.9930000e+00   5.1240000e+00   5.1664000e+00   4.7740000e+00   5.5041000e+00
   4.9125000e+00   4.9202000e+00   5.0681000e+00   5.0728000e+00   4.7082000e+00   5.6568000e+00
   4.7516000e+00   4.8267000e+00   4.9081000e+00   4.8597000e+00   4.5851000e+00   5.6091000e+00
   4.3981000e+00   4.5727000e+00   4.5550000e+00   4.5345000e+00   4.5474000e+00   5.6621000e+00
   4.0585000e+00   4.1827000e+00   4.1792000e+00   4.1849000e+00   4.5697000e+00   5.7194000e+00
   3.8548000e+00   3.9709000e+00   3.9834000e+00   4.0168000e+00   4.7277000e+00   5.8428000e+00
   3.7344000e+00   3.7917000e+00   3.8295000e+00   3.8472000e+00   4.8988000e+00   5.8113000e+00
   3.6313000e+00   3.6558000e+00   3.7449000e+00   3.7893000e+00   4.8484000e+00   5.5415000e+00
   3.4619000e+00   3.4755000e+00   3.5917000e+00   3.6611000e+00   4.5827000e+00   5.2189000e+00
   3.3359000e+00   3.3342000e+00   3.4469000e+00   3.5016000e+00   4.5422000e+00   5.0614000e+00
   3.3260000e+00   3.2226000e+00   3.3618000e+00   3.3537000e+00   4.4965000e+00   4.9279000e+00
   3.5536000e+00   3.4323000e+00   3.5817000e+00   3.5554000e+00   4.4582000e+00   4.5764000e+00
   3.7214000e+00   3.5833000e+00   3.7809000e+00   3.7673000e+00   4.4485000e+00   4.3262000e+00
   3.9168000e+00   3.7538000e+00   3.9932000e+00   4.0002000e+00   4.4194000e+00   4.3244000e+00
   4.0580000e+00   3.9191000e+00   4.1288000e+00   4.1519000e+00   4.3981000e+00   4.5483000e+00
   4.1434000e+00   4.0162000e+00   4.1624000e+00   4.1639000e+00   4.4649000e+00   5.1002000e+00
   4.1905000e+00   4.1007000e+00   4.1984000e+00   4.1859000e+00   4.7013000e+00   5.7673000e+00
   4.1932000e+00   4.1399000e+00   4.2076000e+00   4.2005000e+00   5.0461000e+00   6.0349000e+00
   4.1816000e+00   4.1344000e+00   4.1818000e+00   4.1639000e+00   5.3888000e+00   6.2361000e+00
   4.1400000e+00   4.1073000e+00   4.1498000e+00   4.1267000e+00   5.4314000e+00   6.4843000e+00
   4.0075000e+00   3.9429000e+00   4.0240000e+00   3.9935000e+00   5.4884000e+00   6.5638000e+00
   3.9786000e+00   3.8397000e+00   3.9809000e+00   3.9452000e+00   5.3644000e+00   6.5263000e+00
   4.0017000e+00   3.8717000e+00   4.0314000e+00   4.0246000e+00   5.4663000e+00   6.4101000e+00
   3.8547000e+00   3.8138000e+00   3.9344000e+00   3.9620000e+00   5.4420000e+00   6.1853000e+00
   3.5125000e+00   3.5205000e+00   3.6155000e+00   3.6625000e+00   4.9974000e+00   5.6785000e+00
   3.3082000e+00   3.2532000e+00   3.3623000e+00   3.3832000e+00   4.8724000e+00   5.4922000e+00
   3.1465000e+00   3.0860000e+00   3.1707000e+00   3.1716000e+00   4.5494000e+00   4.8892000e+00
   3.0524000e+00   3.0183000e+00   3.0822000e+00   3.0654000e+00   3.9146000e+00   4.1757000e+00
   2.7805000e+00   2.8547000e+00   2.9394000e+00   2.9436000e+00   3.7471000e+00   3.9132000e+00
   2.4777000e+00   2.6803000e+00   2.8024000e+00   2.8876000e+00   3.8864000e+00   3.7397000e+00
   2.3357000e+00   2.5425000e+00   2.7251000e+00   2.8852000e+00   3.9007000e+00   3.7785000e+00
   2.1291000e+00   2.3387000e+00   2.5290000e+00   2.7278000e+00   3.8550000e+00   3.9219000e+00
   1.9124000e+00   2.0983000e+00   2.3305000e+00   2.5189000e+00   4.0541000e+00   3.8459000e+00
   1.6967000e+00   1.8443000e+00   2.1384000e+00   2.3164000e+00   4.0878000e+00   4.0130000e+00
   1.6842000e+00   1.7530000e+00   2.0663000e+00   2.2071000e+00   3.9523000e+00   3.9862000e+00
   1.8068000e+00   1.8523000e+00   2.0445000e+00   2.1388000e+00   3.9729000e+00   4.1550000e+00
   1.9921000e+00   2.0069000e+00   1.9722000e+00   1.9900000e+00   4.2193000e+00   4.2709000e+00
   2.0268000e+00   2.0633000e+00   1.7698000e+00   1.7008000e+00   4.2458000e+00   4.4239000e+00
   2.0599000e+00   1.8987000e+00   1.4940000e+00   1.3321000e+00   4.0802000e+00   4.3743000e+00
   2.1311000e+00   1.8584000e+00   1.3718000e+00   1.1894000e+00   3.9887000e+00   4.3022000e+00
   2.1516000e+00   1.8576000e+00   1.4679000e+00   1.4102000e+00   3.7459000e+00   4.0859000e+00
   2.1929000e+00   2.0382000e+00   1.8662000e+00   1.8997000e+00   3.7323000e+00   3.9651000e+00
   2.4006000e+00   2.4623000e+00   2.3587000e+00   2.3117000e+00   4.1584000e+00   3.8619000e+00
   2.9053000e+00   3.0225000e+00   2.8531000e+00   2.6956000e+00   4.3335000e+00   4.0709000e+00
   3.4311000e+00   3.5588000e+00   3.2135000e+00   2.9710000e+00   4.3995000e+00   4.1119000e+00
   4.6590000e+00   4.6788000e+00   4.6065000e+00   3.9900000e+00   4.2790000e+00   4.8208000e+00
   5.0654000e+00   5.8199000e+00   4.2383000e+00   3.5604000e+00   6.1333000e+00   5.5346000e+00
   3.9754000e+00   4.7589000e+00   4.0091000e+00   3.5422000e+00   4.3872000e+00   4.4405000e+00
   5.2571000e+00   5.0379000e+00   5.5355000e+00   5.9983000e+00   4.2532000e+00   4.8497000e+00
   6.7596000e+00   7.3017000e+00   6.6614000e+00   6.6447000e+00   6.3598000e+00   5.6423000e+00
   6.3957000e+00   6.8946000e+00   5.7614000e+00   5.5037000e+00   6.1004000e+00   6.0648000e+00
   5.7555000e+00   6.0870000e+00   5.6102000e+00   5.8588000e+00   4.6239000e+00   6.2092000e+00
   7.3187000e+00   7.5823000e+00   7.1477000e+00   7.2465000e+00   4.7920000e+00   6.3159000e+00
   7.4319000e+00   7.3571000e+00   6.8082000e+00   6.6114000e+00   5.6424000e+00   6.5501000e+00
   8.3960000e+00   7.9057000e+00   7.7557000e+00   7.8093000e+00   5.6369000e+00   7.5569000e+00
   6.7588000e+00   8.0806000e+00   7.5742000e+00   8.3284000e+00   6.2315000e+00   8.1293000e+00
   5.9441000e+00   6.1543000e+00   6.0550000e+00   6.1857000e+00   6.6907000e+00   7.7182000e+00
   7.7340000e+00   6.6618000e+00   6.6227000e+00   6.4463000e+00   8.5448000e+00   8.0172000e+00
   6.8598000e+00   6.9240000e+00   5.5729000e+00   5.4156000e+00   6.8929000e+00   7.9390000e+00
   6.1879000e+00   6.1202000e+00   5.7533000e+00   5.5658000e+00   7.5627000e+00   7.4676000e+00
   6.3067000e+00   6.6988000e+00   6.2544000e+00   6.4726000e+00   6.7611000e+00   6.8436000e+00
   6.9258000e+00   7.5550000e+00   5.9530000e+00   5.6513000e+00   6.1816000e+00   6.6751000e+00
   6.3370000e+00   6.8256000e+00   5.7176000e+00   5.5644000e+00   6.3083000e+00   6.6400000e+00
   5.9922000e+00   6.7142000e+00   5.5021000e+00   5.3844000e+00   6.6564000e+00   7.2596000e+00
   5.5239000e+00   6.6819000e+00   5.3980000e+00   5.5624000e+00   6.2755000e+00   7.9200000e+00
   5.5527000e+00   6.8014000e+00   5.7762000e+00   6.1175000e+00   6.7019000e+00   8.6636000e+00
   5.8215000e+00   7.3263000e+00   6.2528000e+00   6.7529000e+00   8.2916000e+00   8.5547000e+00
   5.7704000e+00   7.3709000e+00   5.5308000e+00   5.7020000e+00   8.1467000e+00   8.1439000e+00
   6.0180000e+00   7.4728000e+00   6.3346000e+00   7.1262000e+00   7.5512000e+00   7.7313000e+00
   5.4327000e+00   8.2031000e+00   5.8921000e+00   6.6984000e+00   6.0719000e+00   7.4312000e+00
   5.0855000e+00   6.2153000e+00   5.0232000e+00   5.0530000e+00   6.5673000e+00   7.8788000e+00
   4.3411000e+00   4.7242000e+00   3.9776000e+00   3.8666000e+00   8.9745000e+00   1.0043400e+01
   4.7383000e+00   4.6185000e+00   3.9264000e+00   3.7471000e+00   6.2557000e+00   7.0738000e+00
   4.2272000e+00   4.4246000e+00   3.7826000e+00   4.1194000e+00   4.6184000e+00   4.8491000e+00
   2.9913000e+00   4.3816000e+00   3.2724000e+00   3.8526000e+00   3.8518000e+00   3.2904000e+00
   2.7956000e+00   4.8164000e+00   3.6167000e+00   4.1298000e+00   1.1011000e+00   2.3273000e+00
   3.4206000e+00   5.1318000e+00   4.2864000e+00   4.9785000e+00   1.1873000e+00   2.8727000e+00
   3.5821000e+00   5.1153000e+00   5.0201000e+00   6.0820000e+00   3.3813000e+00   3.5453000e+00
   4.8073000e+00   6.3722000e+00   6.3994000e+00   7.0688000e+00   3.9786000e+00   4.0893000e+00
   6.4420000e+00   7.3279000e+00   7.6168000e+00   8.0979000e+00   4.2015000e+00   4.5684000e+00
   8.0363000e+00   8.2445000e+00   8.2815000e+00   8.5058000e+00   4.7430000e+00   5.1052000e+00
   8.7168000e+00   9.1897000e+00   8.9855000e+00   9.2178000e+00   5.3987000e+00   5.5879000e+00
   9.5949000e+00   9.9982000e+00   9.7988000e+00   1.0042100e+01   5.7044000e+00   6.0424000e+00
   9.7741000e+00   1.0028500e+01   9.8817000e+00   1.0102300e+01   6.1047000e+00   6.1096000e+00
   1.0053500e+01   1.0177500e+01   1.0007900e+01   1.0150800e+01   6.6462000e+00   6.3559000e+00
   1.0226900e+01   1.0481000e+01   1.0129900e+01   1.0217700e+01   6.9853000e+00   6.9470000e+00
   9.8254000e+00   1.0012300e+01   9.7431000e+00   9.7641000e+00   6.8264000e+00   7.3828000e+00
   8.8174000e+00   9.1292000e+00   9.0515000e+00   9.1988000e+00   6.7539000e+00   7.4826000e+00
   7.9872000e+00   8.2400000e+00   8.2774000e+00   8.4669000e+00   7.2711000e+00   7.6419000e+00
   8.1158000e+00   8.2567000e+00   8.2463000e+00   8.3315000e+00   7.1736000e+00   7.6849000e+00
   8.5381000e+00   8.6674000e+00   8.5607000e+00   8.6091000e+00   7.4056000e+00   7.8033000e+00
   9.0850000e+00   9.1146000e+00   8.9104000e+00   8.8616000e+00   7.6034000e+00   7.8275000e+00
   9.4129000e+00   9.4332000e+00   9.2397000e+00   9.2234000e+00   7.9313000e+00   7.7075000e+00
   9.2868000e+00   9.3377000e+00   9.2686000e+00   9.3343000e+00   8.0526000e+00   7.6196000e+00
   8.8234000e+00   8.8168000e+00   8.9604000e+00   9.0892000e+00   8.3870000e+00   7.8353000e+00
   8.7265000e+00   8.4527000e+00   8.7970000e+00   8.8989000e+00   8.6556000e+00   7.9062000e+00
   8.9642000e+00   8.5579000e+00   8.9030000e+00   8.9384000e+00   8.6261000e+00   7.7955000e+00
   9.8021000e+00   9.0787000e+00   9.4955000e+00   9.4741000e+00   8.9484000e+00   7.9456000e+00
   9.3574000e+00   9.6119000e+00   9.6571000e+00   9.8372000e+00   9.1773000e+00   8.2283000e+00
   9.2396000e+00   9.2296000e+00   9.3540000e+00   9.4367000e+00   9.2922000e+00   8.8277000e+00
   9.6028000e+00   9.7650000e+00   9.7010000e+00   9.8183000e+00   1.0183000e+01   9.5323000e+00
   9.8713000e+00   1.0063900e+01   9.9503000e+00   1.0051300e+01   1.0538600e+01   1.0151300e+01
   1.0013500e+01   1.0317700e+01   9.9190000e+00   9.8520000e+00   8.9708000e+00   1.0231100e+01
   9.8619000e+00   1.0669700e+01   1.0174600e+01   1.0646900e+01   8.1911000e+00   9.8386000e+00
   1.0663800e+01   1.0206400e+01   9.3238000e+00   8.9891000e+00   8.1895000e+00   9.6847000e+00
   1.1025400e+01   1.5474700e+01   1.2427100e+01   1.2815100e+01   7.8504000e+00   9.7188000e+00
   1.1881900e+01   1.2827000e+01   1.1183300e+01   1.0690700e+01   7.7865000e+00   9.4901000e+00
   9.3372000e+00   1.0877600e+01   1.0004600e+01   1.0647200e+01   7.8561000e+00   9.1972000e+00
   9.2287000e+00   1.0699300e+01   9.4757000e+00   9.6153000e+00   7.7384000e+00   8.7255000e+00
   6.5066000e+00   9.0933000e+00   8.1637000e+00   9.2050000e+00   7.2678000e+00   7.8322000e+00
   2.7424000e+00   3.2593000e+00   3.4580000e+00   4.1479000e+00   6.4824000e+00   7.4205000e+00
   4.1397000e+00   3.6202000e+00   3.4477000e+00   3.1113000e+00   6.0248000e+00   7.3490000e+00
   3.6454000e+00   4.1789000e+00   3.4880000e+00   3.4596000e+00   5.9799000e+00   7.2021000e+00
   3.1473000e+00   3.2604000e+00   2.5279000e+00   2.3152000e+00   6.5409000e+00   7.4961000e+00
   4.2229000e+00   3.8726000e+00   3.1714000e+00   2.6108000e+00   7.1107000e+00   7.6294000e+00
   5.4429000e+00   5.0759000e+00   4.3187000e+00   3.7100000e+00   7.6373000e+00   8.2970000e+00
   6.3413000e+00   6.1395000e+00   5.3303000e+00   4.7892000e+00   7.9224000e+00   8.5675000e+00
   6.4055000e+00   6.0573000e+00   5.5479000e+00   5.1017000e+00   8.1913000e+00   8.3113000e+00
   6.4924000e+00   6.1467000e+00   5.6168000e+00   5.1401000e+00   8.1798000e+00   7.5515000e+00
   7.5065000e+00   6.6620000e+00   6.3613000e+00   5.7526000e+00   7.9493000e+00   6.6747000e+00
   7.9138000e+00   8.4733000e+00   8.0601000e+00   7.4062000e+00   7.5122000e+00   6.1858000e+00
   7.4538000e+00   8.2939000e+00   8.1340000e+00   8.3121000e+00   5.8870000e+00   6.0224000e+00
   6.9011000e+00   7.6527000e+00   7.7512000e+00   8.1495000e+00   5.7462000e+00   6.6942000e+00
   6.4279000e+00   7.3121000e+00   7.3412000e+00   7.8281000e+00   6.6075000e+00   7.1249000e+00
   6.0047000e+00   6.6257000e+00   6.6659000e+00   7.0070000e+00   6.9265000e+00   7.0121000e+00
   6.4325000e+00   6.4156000e+00   6.5628000e+00   6.6324000e+00   7.5761000e+00   8.9519000e+00
   6.8070000e+00   6.5660000e+00   6.7653000e+00   6.7140000e+00   7.7949000e+00   6.6439000e+00
   8.9731000e+00   6.9038000e+00   7.7170000e+00   7.0398000e+00   6.3533000e+00   6.2599000e+00
   1.1632600e+01   1.0580700e+01   1.1086600e+01   1.0757100e+01   8.6789000e+00   5.3485000e+00
   1.2448500e+01   1.1783200e+01   1.1962000e+01   1.1731400e+01   8.4961000e+00   5.3703000e+00
   1.2014800e+01   1.3130400e+01   1.2382200e+01   1.2838900e+01   6.7333000e+00   6.0630000e+00
   9.2926000e+00   1.0484500e+01   9.4018000e+00   9.7288000e+00   6.9683000e+00   8.2558000e+00
   7.1032000e+00   8.0664000e+00   7.2259000e+00   7.1000000e+00   6.5049000e+00   9.7552000e+00
   6.5588000e+00   6.8212000e+00   6.6267000e+00   6.2805000e+00   5.4582000e+00   1.0330900e+01
   6.6949000e+00   6.5178000e+00   6.5267000e+00   5.8061000e+00   5.9684000e+00   9.7377000e+00
   8.1364000e+00   7.3575000e+00   7.7029000e+00   6.5508000e+00   8.7333000e+00   8.9041000e+00
   9.7824000e+00   8.8266000e+00   9.2007000e+00   8.0119000e+00   1.0588000e+01   1.0221000e+01
   1.0353100e+01   1.0386400e+01   1.0020300e+01   9.7932000e+00   1.0633500e+01   1.1870500e+01
   1.1407100e+01   1.1484400e+01   1.1318700e+01   1.1427900e+01   1.1225000e+01   1.2384800e+01
   1.0405200e+01   1.1766300e+01   1.1288300e+01   1.1993200e+01   1.1211900e+01   1.4134200e+01
   1.0608800e+01   1.0713000e+01   1.0861400e+01   1.1007900e+01   1.2320700e+01   1.4147600e+01
   1.1361700e+01   1.1432200e+01   1.1091500e+01   1.0716500e+01   1.2916700e+01   1.4189700e+01
   1.2272300e+01   1.1970200e+01   1.1602800e+01   1.1106300e+01   1.3674000e+01   1.3887000e+01
   1.2716800e+01   1.2316100e+01   1.2273200e+01   1.1889500e+01   1.3882600e+01   1.3292300e+01
   1.3336600e+01   1.3427900e+01   1.3097100e+01   1.2774500e+01   1.3457500e+01   1.3722700e+01
   1.5041100e+01   1.5371700e+01   1.4867000e+01   1.4550500e+01   1.3410900e+01   1.4435800e+01
   1.5575000e+01   1.5692800e+01   1.5415500e+01   1.5209400e+01   1.3756900e+01   1.4598200e+01
   1.4598500e+01   1.4785600e+01   1.4658900e+01   1.4382400e+01   1.3132800e+01   1.4137300e+01
   1.3548500e+01   1.4916700e+01   1.4238900e+01   1.4363100e+01   1.3430400e+01   1.3777500e+01
   1.0631300e+01   1.2709600e+01   1.1028300e+01   1.1048000e+01   1.3230800e+01   1.3667300e+01
   1.1198100e+01   1.2180100e+01   1.0940800e+01   1.0234500e+01   1.3079700e+01   1.3966700e+01
   1.3085400e+01   1.4350800e+01   1.3251900e+01   1.2797500e+01   1.2631700e+01   1.3322100e+01
   1.2426600e+01   1.2420600e+01   1.1753500e+01   1.0916800e+01   1.2055000e+01   1.1489300e+01
   1.7626600e+01   1.6038700e+01   1.4498700e+01   1.2889800e+01   1.1482300e+01   1.1252600e+01
   1.3463100e+01   1.5138500e+01   1.5397700e+01   1.7641800e+01   1.3044300e+01   1.1723000e+01
   1.4618200e+01   8.9097000e+00   1.2738100e+01   1.2816400e+01   1.3076800e+01   1.3319500e+01
   1.4732700e+01   1.3621400e+01   1.3885300e+01   1.3185300e+01   1.2669300e+01   1.0398600e+01
   1.0566200e+01   8.8738000e+00   1.0168500e+01   1.1041600e+01   1.3076600e+01   1.1617300e+01
   5.6130000e-01   2.5900000e+00   1.5175000e+00   1.7583000e+00   1.2971100e+01   1.1517700e+01
   8.2530000e-01   3.4384000e+00   2.1428000e+00   5.4052000e+00   1.2153100e+01   1.1266300e+01
   1.6937000e+00   7.5451000e+00   3.7147000e+00   3.9758000e+00   1.1204500e+01   1.1855800e+01
   4.9104000e+00   5.5263000e+00   3.5456000e+00   4.6953000e+00   1.1343000e+01   1.3129300e+01
   5.1444000e+00   1.0497900e+01   6.4087000e+00   1.0790500e+01   1.1386600e+01   1.1849300e+01
   1.1483000e+00   1.1916100e+01   6.7551000e+00   1.0060400e+01   1.1318200e+01   9.3259000e+00
   4.8759000e+00   1.0810400e+01   6.6555000e+00   9.0384000e+00   1.0816300e+01   9.1895000e+00
   5.3514000e+00   1.2934000e+01   7.6086000e+00   9.8177000e+00   1.0295000e+01   9.6024000e+00
   6.0859000e+00   1.3504200e+01   9.6757000e+00   1.2004100e+01   1.0179000e+01   1.0140900e+01
   9.4103000e+00   9.9227000e+00   8.9450000e+00   9.5793000e+00   9.3550000e+00   9.7489000e+00
   3.9148000e+00   4.0910000e+00   4.0495000e+00   3.4074000e+00   8.7437000e+00   8.8396000e+00
   9.9157000e+00   9.1130000e+00   1.0549600e+01   1.0733400e+01   8.3687000e+00   8.6530000e+00
   9.3862000e+00   1.0708800e+01   1.2217900e+01   1.3987400e+01   8.1380000e+00   8.1153000e+00
   7.8323000e+00   8.5193000e+00   9.5876000e+00   1.0860200e+01   7.7959000e+00   7.7142000e+00
   7.4204000e+00   7.9351000e+00   8.7980000e+00   9.6387000e+00   7.8775000e+00   8.2107000e+00
   7.2508000e+00   8.1550000e+00   8.4120000e+00   9.1020000e+00   8.0602000e+00   7.9667000e+00
   7.8248000e+00   7.6936000e+00   8.0688000e+00   8.2205000e+00   8.3135000e+00   8.2329000e+00
   8.3835000e+00   8.5254000e+00   8.6759000e+00   8.7625000e+00   8.8681000e+00   8.6112000e+00
   8.9366000e+00   9.1583000e+00   9.3710000e+00   9.6790000e+00   8.0528000e+00   7.7383000e+00
   8.8351000e+00   9.1077000e+00   9.4598000e+00   9.7941000e+00   7.0136000e+00   6.7336000e+00
   9.4665000e+00   9.7297000e+00   9.9492000e+00   1.0211800e+01   6.9797000e+00   6.2278000e+00
   9.7664000e+00   1.0331400e+01   1.0426700e+01   1.0797100e+01   7.3437000e+00   6.3762000e+00
   9.9356000e+00   1.0455000e+01   1.0601600e+01   1.0900600e+01   7.9944000e+00   6.9901000e+00
   1.0500900e+01   1.0863200e+01   1.1087000e+01   1.1403700e+01   8.2304000e+00   7.3377000e+00
   1.0608700e+01   1.1403500e+01   1.1335200e+01   1.1638400e+01   8.3567000e+00   7.9034000e+00
   1.0417200e+01   1.1020600e+01   1.1236000e+01   1.1514200e+01   7.7149000e+00   7.8196000e+00
   1.0856400e+01   1.0965600e+01   1.1429200e+01   1.1754300e+01   7.3715000e+00   7.6183000e+00
   1.1071000e+01   1.1018600e+01   1.1516500e+01   1.1770100e+01   7.4909000e+00   7.9537000e+00
   1.1078300e+01   1.1047100e+01   1.1425900e+01   1.1673100e+01   7.5917000e+00   8.2278000e+00
   1.1462300e+01   1.1497500e+01   1.1786900e+01   1.1846200e+01   7.7495000e+00   8.3443000e+00
   1.0485500e+01   1.1136300e+01   1.1115000e+01   1.1329200e+01   8.0135000e+00   8.7027000e+00
   9.7327000e+00   1.0695300e+01   1.0281500e+01   1.0478100e+01   8.2241000e+00   8.8355000e+00
   9.1512000e+00   1.0101900e+01   9.8360000e+00   1.0115900e+01   8.5324000e+00   8.9199000e+00
   8.6707000e+00   9.3993000e+00   9.2584000e+00   9.4516000e+00   8.8635000e+00   9.0197000e+00
   9.0180000e+00   9.4902000e+00   9.3824000e+00   9.4623000e+00   9.2545000e+00   9.2045000e+00
   9.1985000e+00   9.7136000e+00   9.6103000e+00   9.7530000e+00   9.4455000e+00   9.3613000e+00
   9.7692000e+00   1.0186000e+01   9.9921000e+00   1.0120100e+01   9.2978000e+00   9.3243000e+00
   1.0357100e+01   1.0778900e+01   1.0576700e+01   1.0695400e+01   9.2043000e+00   9.2860000e+00
   1.0793700e+01   1.0938500e+01   1.0994500e+01   1.1105200e+01   9.2060000e+00   9.2828000e+00
   1.0741600e+01   1.0945700e+01   1.1164900e+01   1.1358900e+01   9.0911000e+00   9.1312000e+00
   1.0581700e+01   1.0813400e+01   1.1090800e+01   1.1320900e+01   9.0013000e+00   8.9666000e+00
   1.0527900e+01   1.0911600e+01   1.1080000e+01   1.1348500e+01   9.0389000e+00   9.0315000e+00
   1.0657200e+01   1.1090400e+01   1.1202700e+01   1.1479400e+01   9.2479000e+00   9.2993000e+00
   1.0664400e+01   1.1227000e+01   1.1246600e+01   1.1583700e+01   9.6411000e+00   9.5595000e+00
   1.0609200e+01   1.1185400e+01   1.1126800e+01   1.1436800e+01   9.9083000e+00   9.5706000e+00
   1.0527200e+01   1.1093200e+01   1.0968600e+01   1.1198200e+01   9.8914000e+00   9.4906000e+00
   1.0450100e+01   1.0879500e+01   1.0817700e+01   1.0986800e+01   9.6411000e+00   9.4250000e+00
   1.0456800e+01   1.0634400e+01   1.0756800e+01   1.0882600e+01   9.3489000e+00   9.4032000e+00
   1.0498300e+01   1.0604400e+01   1.0783400e+01   1.0912500e+01   9.0643000e+00   9.3144000e+00
   1.0442600e+01   1.0500600e+01   1.0731800e+01   1.0874800e+01   8.7916000e+00   9.1309000e+00
   1.0561200e+01   1.0700800e+01   1.0908300e+01   1.1048300e+01   8.7025000e+00   9.0078000e+00
   1.0538700e+01   1.0919400e+01   1.1041900e+01   1.1319900e+01   8.6615000e+00   8.8723000e+00
   1.0676100e+01   1.0980900e+01   1.1178400e+01   1.1472800e+01   8.7121000e+00   8.7698000e+00
   1.1046200e+01   1.1208000e+01   1.1463700e+01   1.1733200e+01   8.6200000e+00   8.6742000e+00
   1.1424900e+01   1.1719500e+01   1.1878800e+01   1.2192700e+01   8.4741000e+00   8.5864000e+00
   1.1289900e+01   1.1832100e+01   1.1834600e+01   1.2206900e+01   8.2759000e+00   8.4968000e+00
   1.0995300e+01   1.1506100e+01   1.1553500e+01   1.1923500e+01   8.1152000e+00   8.4411000e+00
   1.0676700e+01   1.1127200e+01   1.1210900e+01   1.1578900e+01   8.0387000e+00   8.3274000e+00
   1.0517100e+01   1.0802800e+01   1.0933900e+01   1.1256700e+01   8.1692000e+00   8.3294000e+00
   1.0476500e+01   1.0718800e+01   1.0788100e+01   1.1049700e+01   7.7181000e+00   7.7473000e+00
   9.8525000e+00   1.0558100e+01   1.0511300e+01   1.0877000e+01   7.0563000e+00   6.8971000e+00
   8.7402000e+00   9.5403000e+00   9.5905000e+00   1.0120500e+01   7.2324000e+00   6.7638000e+00
   8.3142000e+00   8.7206000e+00   8.8707000e+00   9.3087000e+00   7.1686000e+00   6.8688000e+00
   8.4006000e+00   8.5534000e+00   8.7007000e+00   8.9639000e+00   7.4223000e+00   6.9750000e+00
   8.3734000e+00   8.5158000e+00   8.6186000e+00   8.8389000e+00   7.8647000e+00   7.5400000e+00
   8.6602000e+00   8.6751000e+00   8.7271000e+00   8.8416000e+00   8.2665000e+00   8.5541000e+00
   8.8852000e+00   8.8338000e+00   8.8784000e+00   8.9414000e+00   8.5424000e+00   9.7883000e+00
   8.9973000e+00   8.9950000e+00   8.9995000e+00   9.0684000e+00   8.8210000e+00   1.1403700e+01
   9.2377000e+00   9.1189000e+00   9.0894000e+00   9.1029000e+00   9.1822000e+00   1.1887500e+01
   9.6541000e+00   9.4632000e+00   9.3664000e+00   9.2703000e+00   9.9954000e+00   1.1747700e+01
   1.0186300e+01   9.9543000e+00   9.7907000e+00   9.6036000e+00   1.0606500e+01   1.2253100e+01
   1.0816300e+01   1.0560900e+01   1.0362100e+01   1.0086600e+01   1.0877900e+01   1.2703600e+01
   1.1076800e+01   1.0969000e+01   1.0830300e+01   1.0657900e+01   9.4537000e+00   1.1752400e+01
   1.1140500e+01   1.0988300e+01   1.1037300e+01   1.0963100e+01   8.7432000e+00   1.0177900e+01
   1.0969700e+01   1.0822800e+01   1.1044000e+01   1.1064900e+01   1.0952100e+01   1.1088500e+01
   1.0615300e+01   1.0274100e+01   1.0726600e+01   1.0812100e+01   1.2355700e+01   1.1674100e+01
   1.1217900e+01   1.0737800e+01   1.0983200e+01   1.0902000e+01   1.2246000e+01   1.0637200e+01
   1.1449800e+01   1.1599600e+01   1.1217500e+01   1.1101700e+01   1.2299500e+01   1.1824400e+01
   1.1244900e+01   1.1254500e+01   1.0932600e+01   1.0678500e+01   1.2258600e+01   1.1360400e+01
   1.1812200e+01   1.2951200e+01   1.2562000e+01   1.2411800e+01   1.2225700e+01   1.1091500e+01
   1.0584400e+01   1.0418000e+01   9.5748000e+00   9.3509000e+00   1.1604500e+01   1.0500000e+01
   1.1493900e+01   1.0588000e+01   9.2857000e+00   7.9382000e+00   1.0955600e+01   9.9840000e+00
   1.1136800e+01   1.5756100e+01   1.3326200e+01   1.4609000e+01   1.1858900e+01   1.0612400e+01
   9.3325000e+00   1.0483100e+01   9.4624000e+00   9.4605000e+00   1.1497700e+01   1.0801600e+01
   1.2534500e+01   1.1992200e+01   1.2345200e+01   1.2169200e+01   1.1336300e+01   1.0575100e+01
   1.2235600e+01   1.2951300e+01   1.3121400e+01   1.3903800e+01   1.0740100e+01   1.0260000e+01
   9.2285000e+00   9.1338000e+00   9.8383000e+00   1.0705800e+01   1.0404300e+01   9.9645000e+00
   8.0306000e+00   8.9453000e+00   8.3426000e+00   8.7115000e+00   1.0236400e+01   9.7250000e+00
   8.4400000e+00   9.3406000e+00   9.5394000e+00   9.9956000e+00   1.0243100e+01   9.8343000e+00
   5.0794000e+00   5.7060000e+00   5.8122000e+00   6.2442000e+00   1.0439700e+01   9.8903000e+00
   4.4361000e+00   5.4726000e+00   5.2746000e+00   5.6904000e+00   1.0061000e+01   9.3830000e+00
   3.9643000e+00   3.3691000e+00   3.8104000e+00   4.6358000e+00   9.5530000e+00   8.8544000e+00
   8.3900000e+00   4.7338000e+00   7.1471000e+00   6.6896000e+00   9.1320000e+00   8.3419000e+00
   8.5725000e+00   6.7322000e+00   7.5064000e+00   7.3475000e+00   8.9732000e+00   8.3253000e+00
   1.0552700e+01   1.1557700e+01   9.8067000e+00   1.0271400e+01   9.0940000e+00   8.8795000e+00
   7.0566000e+00   8.0499000e+00   7.7596000e+00   8.7132000e+00   9.3126000e+00   9.4286000e+00
   4.3504000e+00   5.8229000e+00   5.3432000e+00   5.7473000e+00   9.2899000e+00   9.0643000e+00
   3.2432000e+00   3.3585000e+00   3.4802000e+00   3.6696000e+00   9.2096000e+00   8.8767000e+00
   4.8190000e+00   4.3318000e+00   3.5967000e+00   2.6737000e+00   9.4652000e+00   9.1652000e+00
   2.5423000e+00   6.3720000e-01   2.3311000e+00   3.3122000e+00   9.1088000e+00   8.7380000e+00
   1.3376000e+00   2.1124000e+00   7.1160000e-01   9.7330000e-01   8.4530000e+00   7.8488000e+00
   2.7703000e+00   1.7773000e+00   1.9924000e+00   1.8072000e+00   7.7252000e+00   7.4170000e+00
   1.6316000e+00   1.7296000e+00   1.4565000e+00   1.4518000e+00   7.3808000e+00   7.2840000e+00
   2.9053000e+00   3.1289000e+00   3.1033000e+00   3.2720000e+00   7.1794000e+00   7.3053000e+00
   4.8918000e+00   4.9497000e+00   4.9146000e+00   5.1462000e+00   6.9611000e+00   7.5536000e+00
   5.8865000e+00   6.0882000e+00   5.9676000e+00   6.0710000e+00   7.0744000e+00   7.7648000e+00
   6.3630000e+00   6.6586000e+00   6.3520000e+00   6.4082000e+00   6.2835000e+00   7.4047000e+00
   6.7357000e+00   6.9760000e+00   6.5884000e+00   6.5411000e+00   6.3155000e+00   7.5811000e+00
   6.7082000e+00   7.0086000e+00   6.6541000e+00   6.6264000e+00   6.2921000e+00   7.8150000e+00
   6.9135000e+00   7.2966000e+00   7.0114000e+00   7.0508000e+00   6.3587000e+00   8.1520000e+00
   6.4295000e+00   6.9698000e+00   7.2172000e+00   7.6578000e+00   7.2108000e+00   8.6395000e+00
   8.8350000e+00   9.2810000e+00   9.4133000e+00   1.0032300e+01   7.7850000e+00   8.7757000e+00
   9.4006000e+00   1.0044400e+01   1.0300100e+01   1.0864100e+01   8.5584000e+00   9.0064000e+00
   1.0710100e+01   1.1181500e+01   1.1056100e+01   1.1274200e+01   8.3064000e+00   8.8666000e+00
   1.0899400e+01   1.1393700e+01   1.1226900e+01   1.1444100e+01   8.6869000e+00   9.1303000e+00
   1.0765400e+01   1.1329300e+01   1.1152200e+01   1.1419800e+01   9.1183000e+00   9.4548000e+00
   1.0812300e+01   1.1303600e+01   1.1278600e+01   1.1565000e+01   9.4264000e+00   9.5032000e+00
   1.0618100e+01   1.1157400e+01   1.1093400e+01   1.1378700e+01   9.2297000e+00   9.2885000e+00
   1.1096100e+01   1.1691700e+01   1.1513600e+01   1.1791400e+01   9.3739000e+00   9.1407000e+00
   1.1762300e+01   1.2320600e+01   1.2172600e+01   1.2448300e+01   9.7748000e+00   9.5576000e+00
   1.2020200e+01   1.2547700e+01   1.2407200e+01   1.2667900e+01   1.0068500e+01   9.9215000e+00
   1.1759800e+01   1.2256900e+01   1.2202400e+01   1.2425700e+01   1.0267000e+01   1.0122000e+01
   1.1298900e+01   1.1843200e+01   1.1824700e+01   1.2000400e+01   1.0407300e+01   1.0498000e+01
   1.1054600e+01   1.1570300e+01   1.1624700e+01   1.1832200e+01   1.0399200e+01   1.0792600e+01
   1.0876300e+01   1.1441300e+01   1.1479200e+01   1.1703700e+01   1.0532200e+01   1.1009700e+01
   1.1016100e+01   1.1572700e+01   1.1654600e+01   1.1868900e+01   1.0448400e+01   1.0816200e+01
   1.0853700e+01   1.1475000e+01   1.1539900e+01   1.1752200e+01   1.0287900e+01   1.0789600e+01
   1.0446000e+01   1.1057600e+01   1.1118300e+01   1.1339700e+01   1.0253200e+01   1.0704500e+01
   1.0062300e+01   1.0683900e+01   1.0633100e+01   1.0838400e+01   1.0232200e+01   1.0449400e+01
   1.0542000e+01   1.1052800e+01   1.0940500e+01   1.1111400e+01   1.0295900e+01   1.0273800e+01
