  -5.4690000e+00  -5.4392000e+00  -5.4260000e+00  -5.4068000e+00  -3.2958000e+00  -3.4427000e+00
  -5.5077000e+00  -5.4796000e+00  -5.4625000e+00  -5.4432000e+00  -3.4417000e+00  -3.5365000e+00
  -5.5304000e+00  -5.5052000e+00  -5.4897000e+00  -5.4675000e+00  -3.5518000e+00  -3.5974000e+00
  -5.5642000e+00  -5.5245000e+00  -5.5021000e+00  -5.4686000e+00  -3.6599000e+00  -3.6255000e+00
  -5.5830000e+00  -5.5278000e+00  -5.5109000e+00  -5.4795000e+00  -3.7471000e+00  -3.6654000e+00
  -5.6030000e+00  -5.5489000e+00  -5.5328000e+00  -5.5068000e+00  -3.8182000e+00  -3.7147000e+00
  -5.6283000e+00  -5.5883000e+00  -5.5682000e+00  -5.5456000e+00  -3.8894000e+00  -3.7374000e+00
  -5.6585000e+00  -5.6387000e+00  -5.6175000e+00  -5.5979000e+00  -3.9692000e+00  -3.7183000e+00
  -5.6514000e+00  -5.6408000e+00  -5.6137000e+00  -5.5988000e+00  -4.0445000e+00  -3.6958000e+00
  -5.6302000e+00  -5.6261000e+00  -5.5948000e+00  -5.5809000e+00  -4.0759000e+00  -3.6810000e+00
  -5.6061000e+00  -5.5931000e+00  -5.5683000e+00  -5.5485000e+00  -4.0966000e+00  -3.7194000e+00
  -5.5943000e+00  -5.5740000e+00  -5.5540000e+00  -5.5321000e+00  -4.1103000e+00  -3.8000000e+00
  -5.5846000e+00  -5.5621000e+00  -5.5418000e+00  -5.5181000e+00  -4.2054000e+00  -3.8919000e+00
  -5.5641000e+00  -5.5397000e+00  -5.5186000e+00  -5.4942000e+00  -4.3739000e+00  -3.9626000e+00
  -5.5533000e+00  -5.5274000e+00  -5.5088000e+00  -5.4840000e+00  -4.4075000e+00  -4.0567000e+00
  -5.5539000e+00  -5.5255000e+00  -5.5108000e+00  -5.4860000e+00  -4.3754000e+00  -4.1925000e+00
  -5.5644000e+00  -5.5223000e+00  -5.5171000e+00  -5.4845000e+00  -4.2874000e+00  -4.3363000e+00
  -5.5986000e+00  -5.5303000e+00  -5.5344000e+00  -5.4978000e+00  -4.3132000e+00  -4.3223000e+00
  -5.5892000e+00  -5.5329000e+00  -5.5278000e+00  -5.5088000e+00  -4.3068000e+00  -4.2419000e+00
  -5.5506000e+00  -5.5272000e+00  -5.5012000e+00  -5.5009000e+00  -4.2701000e+00  -4.0447000e+00
  -5.4553000e+00  -5.4787000e+00  -5.3700000e+00  -5.4040000e+00  -4.1056000e+00  -3.6821000e+00
  -5.1525000e+00  -5.2437000e+00  -5.1036000e+00  -5.1578000e+00  -3.6043000e+00  -3.1912000e+00
  -4.8107000e+00  -4.9671000e+00  -4.7824000e+00  -4.8524000e+00  -3.1333000e+00  -2.7533000e+00
  -4.4153000e+00  -4.6664000e+00  -4.4135000e+00  -4.5340000e+00  -2.7189000e+00  -2.3447000e+00
  -3.8626000e+00  -4.3371000e+00  -3.9747000e+00  -4.1724000e+00  -2.2423000e+00  -1.8777000e+00
  -3.3149000e+00  -3.8649000e+00  -3.4834000e+00  -3.7104000e+00  -1.6842000e+00  -1.4572000e+00
  -2.8591000e+00  -3.3828000e+00  -3.0269000e+00  -3.2443000e+00  -1.2652000e+00  -1.1050000e+00
  -2.3660000e+00  -2.9121000e+00  -2.5627000e+00  -2.7923000e+00  -9.6380000e-01  -7.4600000e-01
  -1.9065000e+00  -2.4188000e+00  -2.1148000e+00  -2.3574000e+00  -6.3180000e-01  -3.3920000e-01
  -1.5546000e+00  -1.9778000e+00  -1.7402000e+00  -1.9670000e+00  -2.1130000e-01   5.0800000e-02
  -1.2252000e+00  -1.6032000e+00  -1.4163000e+00  -1.6475000e+00   2.3220000e-01   3.8450000e-01
  -8.9580000e-01  -1.2720000e+00  -1.1071000e+00  -1.3708000e+00   6.0070000e-01   6.9370000e-01
  -5.8620000e-01  -9.7210000e-01  -8.1590000e-01  -1.1040000e+00   9.7250000e-01   1.0164000e+00
  -2.7470000e-01  -6.9630000e-01  -5.3660000e-01  -8.4970000e-01   1.3144000e+00   1.3079000e+00
   3.2700000e-02  -4.4320000e-01  -2.6600000e-01  -6.0490000e-01   1.5850000e+00   1.5574000e+00
   3.0850000e-01  -2.1490000e-01  -1.6900000e-02  -3.4400000e-01   1.8090000e+00   1.7812000e+00
   5.2250000e-01   7.0000000e-03   2.0640000e-01  -6.6100000e-02   2.0095000e+00   1.9823000e+00
   6.8270000e-01   2.3500000e-01   4.1240000e-01   2.0940000e-01   2.2047000e+00   2.1805000e+00
   8.1160000e-01   4.3260000e-01   6.0190000e-01   4.7080000e-01   2.3936000e+00   2.3740000e+00
   9.2700000e-01   5.7910000e-01   7.8160000e-01   7.0060000e-01   2.5733000e+00   2.5541000e+00
   1.0586000e+00   7.0440000e-01   9.2550000e-01   8.0600000e-01   2.7437000e+00   2.7204000e+00
   1.1717000e+00   7.6890000e-01   9.6020000e-01   8.0400000e-01   2.9027000e+00   2.8762000e+00
   1.1440000e+00   8.6720000e-01   1.0123000e+00   9.8010000e-01   3.0501000e+00   3.0219000e+00
   1.1698000e+00   1.0929000e+00   1.1861000e+00   1.2001000e+00   3.1938000e+00   2.9078000e+00
   1.3326000e+00   1.3096000e+00   1.3542000e+00   1.3292000e+00   3.3373000e+00   3.1908000e+00
   1.5195000e+00   1.4386000e+00   1.4849000e+00   1.4351000e+00   3.4696000e+00   3.4547000e+00
   1.6377000e+00   1.4488000e+00   1.5408000e+00   1.3830000e+00   3.6015000e+00   3.6552000e+00
   1.6661000e+00   1.2970000e+00   1.4706000e+00   1.2879000e+00   3.7259000e+00   3.7945000e+00
   1.6738000e+00   1.2298000e+00   1.5577000e+00   1.5559000e+00   3.8352000e+00   3.9141000e+00
   1.7942000e+00   1.3734000e+00   1.6960000e+00   1.6174000e+00   3.9313000e+00   4.0236000e+00
   2.2087000e+00   1.8548000e+00   1.8525000e+00   1.6279000e+00   4.0114000e+00   4.1194000e+00
   1.9886000e+00   1.8386000e+00   1.6650000e+00   1.4952000e+00   4.0785000e+00   4.1944000e+00
   1.8504000e+00   1.6309000e+00   1.5978000e+00   1.3880000e+00   4.1370000e+00   4.2525000e+00
   1.4621000e+00   1.3346000e+00   1.3323000e+00   1.1902000e+00   4.1946000e+00   4.3046000e+00
   1.6399000e+00   1.3867000e+00   1.6168000e+00   1.4991000e+00   4.2453000e+00   4.3561000e+00
   1.7818000e+00   1.4998000e+00   1.6849000e+00   1.5821000e+00   4.2874000e+00   4.4065000e+00
   1.9954000e+00   1.4771000e+00   1.6141000e+00   1.4798000e+00   4.3255000e+00   4.4456000e+00
   1.7837000e+00   1.5602000e+00   1.4349000e+00   1.3420000e+00   4.3575000e+00   4.4729000e+00
   1.4932000e+00   1.3779000e+00   1.4276000e+00   1.3463000e+00   4.3831000e+00   4.4922000e+00
   1.5911000e+00   1.3023000e+00   1.3772000e+00   1.2337000e+00   4.3948000e+00   4.5006000e+00
   1.5310000e+00   1.0645000e+00   1.3200000e+00   1.0639000e+00   4.3950000e+00   4.4941000e+00
   1.5818000e+00   7.6170000e-01   1.1287000e+00   8.1190000e-01   4.3874000e+00   4.4677000e+00
   1.4271000e+00   6.5350000e-01   9.4260000e-01   6.4740000e-01   4.3659000e+00   4.4032000e+00
   1.1689000e+00   5.6760000e-01   8.0880000e-01   6.7120000e-01   4.3080000e+00   4.2654000e+00
   9.2520000e-01   6.1470000e-01   7.1540000e-01   6.2070000e-01   4.1990000e+00   4.1118000e+00
   7.2990000e-01   5.5140000e-01   5.6750000e-01   4.4520000e-01   4.1508000e+00   4.0940000e+00
   5.3560000e-01   2.7770000e-01   3.1650000e-01   1.4490000e-01   4.2203000e+00   4.1070000e+00
   2.3340000e-01  -2.3200000e-02   3.8200000e-02  -7.0500000e-02   4.2476000e+00   4.1496000e+00
  -1.7600000e-02  -1.1530000e-01  -1.7090000e-01  -2.4000000e-01   4.1854000e+00   3.9698000e+00
  -1.4910000e-01  -1.3680000e-01  -2.0060000e-01  -1.9480000e-01   3.9696000e+00   3.4329000e+00
  -9.0200000e-02  -6.6600000e-02  -1.3570000e-01  -1.3480000e-01   3.7636000e+00   3.1996000e+00
  -1.0270000e-01  -1.7110000e-01  -2.4500000e-01  -3.4150000e-01   3.6177000e+00   3.1947000e+00
  -3.2400000e-01  -5.5450000e-01  -5.7900000e-01  -7.6390000e-01   2.9748000e+00   3.2837000e+00
  -5.9920000e-01  -8.7760000e-01  -8.7890000e-01  -1.0381000e+00   2.5650000e+00   3.4141000e+00
  -8.8080000e-01  -1.0790000e+00  -1.0632000e+00  -1.1525000e+00   2.6084000e+00   3.5138000e+00
  -1.1021000e+00  -1.2277000e+00  -1.2224000e+00  -1.2581000e+00   2.6079000e+00   3.6062000e+00
  -1.2453000e+00  -1.3054000e+00  -1.3412000e+00  -1.3981000e+00   2.5775000e+00   3.6823000e+00
  -1.3247000e+00  -1.4945000e+00  -1.5419000e+00  -1.6832000e+00   2.6308000e+00   3.7014000e+00
  -1.4390000e+00  -1.7238000e+00  -1.7068000e+00  -1.9010000e+00   2.8669000e+00   3.4266000e+00
  -1.4983000e+00  -1.8461000e+00  -1.7688000e+00  -1.9387000e+00   3.1165000e+00   2.8812000e+00
  -1.5612000e+00  -1.8212000e+00  -1.7815000e+00  -1.8973000e+00   3.2056000e+00   2.7955000e+00
  -1.7582000e+00  -1.9262000e+00  -2.0075000e+00  -2.1268000e+00   3.1703000e+00   2.6683000e+00
  -2.2006000e+00  -2.2964000e+00  -2.3951000e+00  -2.5029000e+00   2.1262000e+00   2.4620000e+00
  -2.4047000e+00  -2.5695000e+00  -2.4590000e+00  -2.4911000e+00   1.7583000e+00   2.2608000e+00
  -2.1979000e+00  -2.4093000e+00  -2.2517000e+00  -2.2991000e+00   2.1001000e+00   2.0946000e+00
  -1.8859000e+00  -2.0934000e+00  -1.9176000e+00  -1.9380000e+00   2.0132000e+00   1.9499000e+00
  -1.5447000e+00  -1.7433000e+00  -1.6382000e+00  -1.6760000e+00   1.8867000e+00   1.8278000e+00
  -1.3407000e+00  -1.5519000e+00  -1.5563000e+00  -1.6485000e+00   1.7100000e+00   1.6641000e+00
  -1.3344000e+00  -1.5468000e+00  -1.5825000e+00  -1.7151000e+00   1.5845000e+00   1.5359000e+00
  -1.5069000e+00  -1.6250000e+00  -1.6901000e+00  -1.8024000e+00   1.4322000e+00   1.4511000e+00
  -1.6645000e+00  -1.8044000e+00  -1.8419000e+00  -1.9424000e+00   1.1193000e+00   1.3758000e+00
  -1.6546000e+00  -1.8700000e+00  -1.8508000e+00  -1.9502000e+00   8.3070000e-01   1.3626000e+00
  -1.5329000e+00  -1.7642000e+00  -1.7365000e+00  -1.8457000e+00   5.9750000e-01   1.3139000e+00
  -1.4613000e+00  -1.6155000e+00  -1.6158000e+00  -1.7085000e+00   4.1990000e-01   1.1292000e+00
  -1.4870000e+00  -1.5685000e+00  -1.5894000e+00  -1.6669000e+00   2.3200000e-01   7.9860000e-01
  -1.5598000e+00  -1.6190000e+00  -1.6019000e+00  -1.6475000e+00   5.0000000e-02   5.3510000e-01
  -1.6030000e+00  -1.7246000e+00  -1.6112000e+00  -1.6224000e+00  -1.1200000e-02   3.7200000e-01
  -1.6385000e+00  -1.7646000e+00  -1.6627000e+00  -1.6670000e+00  -1.3800000e-02   1.8030000e-01
  -1.7518000e+00  -1.8102000e+00  -1.8257000e+00  -1.8670000e+00  -9.4600000e-02  -1.0620000e-01
  -1.9606000e+00  -1.9501000e+00  -2.0194000e+00  -2.0719000e+00  -1.9050000e-01  -3.9870000e-01
  -2.1843000e+00  -2.1834000e+00  -2.1848000e+00  -2.2111000e+00  -2.7270000e-01  -6.1690000e-01
  -2.3087000e+00  -2.3254000e+00  -2.2805000e+00  -2.2884000e+00  -2.8300000e-01  -7.9550000e-01
  -2.3128000e+00  -2.3748000e+00  -2.2722000e+00  -2.2782000e+00  -3.2320000e-01  -9.9680000e-01
  -2.1646000e+00  -2.3029000e+00  -2.1291000e+00  -2.1237000e+00  -4.5510000e-01  -1.1157000e+00
  -2.0118000e+00  -2.1266000e+00  -1.9651000e+00  -1.9290000e+00  -5.4310000e-01  -1.0699000e+00
  -1.9947000e+00  -2.0356000e+00  -1.9411000e+00  -1.8840000e+00  -6.5170000e-01  -1.0485000e+00
  -2.0405000e+00  -2.0662000e+00  -2.0077000e+00  -1.9640000e+00  -8.8840000e-01  -1.2180000e+00
  -2.0286000e+00  -2.0633000e+00  -2.0340000e+00  -2.0124000e+00  -1.2134000e+00  -1.4526000e+00
  -2.0029000e+00  -2.0184000e+00  -2.0168000e+00  -2.0057000e+00  -1.5439000e+00  -1.5254000e+00
  -2.0292000e+00  -2.0074000e+00  -2.0373000e+00  -2.0168000e+00  -1.5673000e+00  -1.4445000e+00
  -2.0329000e+00  -2.0451000e+00  -2.0722000e+00  -2.0771000e+00  -1.6063000e+00  -1.3608000e+00
  -2.0093000e+00  -2.0366000e+00  -2.0580000e+00  -2.0887000e+00  -1.5522000e+00  -1.2978000e+00
  -1.9114000e+00  -1.9751000e+00  -1.9848000e+00  -2.0256000e+00  -1.6714000e+00  -1.3908000e+00
  -1.7231000e+00  -1.8107000e+00  -1.8356000e+00  -1.9013000e+00  -1.7756000e+00  -1.7561000e+00
  -1.5372000e+00  -1.6106000e+00  -1.6672000e+00  -1.7473000e+00  -1.7518000e+00  -1.8708000e+00
  -1.3437000e+00  -1.4159000e+00  -1.4606000e+00  -1.5458000e+00  -1.8209000e+00  -1.9908000e+00
  -1.2266000e+00  -1.2097000e+00  -1.2531000e+00  -1.3055000e+00  -1.8619000e+00  -1.9525000e+00
  -1.2756000e+00  -1.0703000e+00  -1.1311000e+00  -1.1138000e+00  -1.6935000e+00  -1.7064000e+00
  -1.2676000e+00  -1.0497000e+00  -1.0925000e+00  -1.0120000e+00  -1.2982000e+00  -1.2796000e+00
  -1.0901000e+00  -1.0339000e+00  -1.0579000e+00  -1.0152000e+00  -8.3820000e-01  -7.7290000e-01
  -7.8770000e-01  -9.0700000e-01  -9.1440000e-01  -9.6090000e-01  -4.2820000e-01  -3.4860000e-01
  -4.8200000e-01  -6.7040000e-01  -6.9260000e-01  -7.9260000e-01  -1.4900000e-02   7.4400000e-02
  -1.7690000e-01  -4.3110000e-01  -4.5380000e-01  -5.9840000e-01   3.9350000e-01   5.1330000e-01
   1.5890000e-01  -1.9360000e-01  -1.9110000e-01  -3.9150000e-01   7.0180000e-01   8.1670000e-01
   5.5510000e-01   8.9000000e-02   1.2210000e-01  -1.5970000e-01   9.9970000e-01   1.0698000e+00
   9.3980000e-01   4.0470000e-01   4.3360000e-01   8.7000000e-02   1.2380000e+00   1.2720000e+00
   1.2473000e+00   6.9240000e-01   7.0930000e-01   3.8400000e-01   1.4487000e+00   1.4544000e+00
   1.4724000e+00   9.2380000e-01   9.5010000e-01   6.8770000e-01   1.6566000e+00   1.6273000e+00
   1.6920000e+00   1.1425000e+00   1.1536000e+00   9.1420000e-01   1.8618000e+00   1.8109000e+00
   1.8575000e+00   1.3251000e+00   1.2868000e+00   1.0852000e+00   2.0693000e+00   1.9978000e+00
   1.8476000e+00   1.3981000e+00   1.3660000e+00   1.2495000e+00   2.2570000e+00   2.1748000e+00
   1.7295000e+00   1.4360000e+00   1.4683000e+00   1.4299000e+00   2.4349000e+00   2.3916000e+00
   1.7069000e+00   1.5316000e+00   1.6374000e+00   1.6491000e+00   2.6313000e+00   2.5645000e+00
   1.8864000e+00   1.7095000e+00   1.8341000e+00   1.8618000e+00   2.8533000e+00   2.7267000e+00
   1.3370000e+00   1.7552000e+00   1.4935000e+00   1.3915000e+00   3.0279000e+00   2.6644000e+00
   1.3649000e+00   1.2471000e+00   1.3922000e+00   1.2048000e+00   2.3662000e+00   2.1461000e+00
   1.8801000e+00   1.6977000e+00   1.7335000e+00   1.3979000e+00   2.5554000e+00   2.6575000e+00
   8.0790000e-01   7.5690000e-01   3.7900000e-01  -2.2780000e-01   3.3254000e+00   3.2494000e+00
   6.1730000e-01   1.6030000e-01   8.0920000e-01   9.2730000e-01   3.4543000e+00   3.5063000e+00
   1.5473000e+00   1.2111000e+00   1.3479000e+00   1.3110000e+00   3.2720000e+00   3.5920000e+00
   1.7289000e+00   1.3164000e+00   1.2234000e+00   1.0133000e+00   3.6904000e+00   3.5468000e+00
   8.0930000e-01   7.6750000e-01   8.2590000e-01   8.6030000e-01   4.0659000e+00   3.5568000e+00
   1.2274000e+00   1.1245000e+00   1.4694000e+00   1.7326000e+00   4.2518000e+00   3.6345000e+00
   9.5430000e-01   1.2406000e+00   1.0672000e+00   1.1806000e+00   4.3476000e+00   3.4511000e+00
   6.2470000e-01   1.1013000e+00   8.1080000e-01   7.4760000e-01   4.4753000e+00   3.2510000e+00
   8.3190000e-01   7.0040000e-01   1.0466000e+00   1.1417000e+00   4.3545000e+00   3.2235000e+00
   7.8980000e-01   8.4890000e-01   7.1460000e-01   7.6990000e-01   3.3625000e+00   3.1187000e+00
   1.3421000e+00   7.9830000e-01   1.0452000e+00   1.0716000e+00   3.4121000e+00   2.8984000e+00
   1.5776000e+00   1.4967000e+00   1.4422000e+00   1.3416000e+00   3.6504000e+00   2.8794000e+00
   1.9322000e+00   1.4740000e+00   1.2185000e+00   5.9790000e-01   3.5961000e+00   3.0308000e+00
   1.2942000e+00   8.4080000e-01   1.0486000e+00   7.3370000e-01   3.6308000e+00   3.2418000e+00
   1.5695000e+00   1.0484000e+00   1.2209000e+00   1.0195000e+00   3.6062000e+00   3.4116000e+00
   1.3999000e+00   6.8280000e-01   1.4172000e+00   1.5432000e+00   3.6741000e+00   3.4066000e+00
   1.7729000e+00   1.2516000e+00   1.9546000e+00   2.0853000e+00   3.7756000e+00   3.1779000e+00
   1.9854000e+00   1.7631000e+00   2.0844000e+00   2.0487000e+00   3.8588000e+00   2.8260000e+00
   2.0637000e+00   1.3388000e+00   1.7850000e+00   1.5731000e+00   3.6120000e+00   2.6360000e+00
   2.4357000e+00   1.8676000e+00   2.1134000e+00   1.7060000e+00   3.1850000e+00   2.5813000e+00
   1.6212000e+00   1.1915000e+00   1.6094000e+00   1.6741000e+00   2.9504000e+00   2.5118000e+00
   1.7580000e+00   1.2899000e+00   1.5797000e+00   1.2564000e+00   2.7761000e+00   2.3235000e+00
   1.8129000e+00   1.3025000e+00   1.6371000e+00   1.3075000e+00   2.5983000e+00   2.1410000e+00
   2.2052000e+00   8.9270000e-01   1.5914000e+00   9.8950000e-01   2.0400000e-01  -1.1350000e-01
   2.3241000e+00   9.4870000e-01   1.5843000e+00   1.0372000e+00  -8.0940000e-01  -2.6490000e-01
   2.1463000e+00   5.4460000e-01   1.3885000e+00   8.9680000e-01  -8.7260000e-01  -4.6160000e-01
   1.6913000e+00   4.8030000e-01   1.2907000e+00   1.0335000e+00  -1.6060000e-01  -2.6450000e-01
   1.5300000e+00   4.7610000e-01   1.2736000e+00   1.3671000e+00  -2.9750000e-01   2.3640000e-01
   1.4052000e+00   7.0670000e-01   1.4970000e+00   1.7220000e+00  -2.3250000e-01   5.9380000e-01
   1.6100000e+00   1.2546000e+00   1.6731000e+00   1.7768000e+00   1.3930000e-01   7.1310000e-01
   1.7752000e+00   1.8109000e+00   1.7660000e+00   1.7729000e+00   2.1200000e-01   8.3740000e-01
   1.7692000e+00   1.5151000e+00   1.4093000e+00   1.2607000e+00   4.1890000e-01   1.0380000e+00
   1.0866000e+00   8.2780000e-01   8.2600000e-01   8.0560000e-01   6.4020000e-01   1.2008000e+00
   8.3580000e-01   8.3970000e-01   6.5860000e-01   6.0870000e-01   7.8510000e-01   1.2608000e+00
   6.8060000e-01   6.3420000e-01   5.1780000e-01   4.5890000e-01   8.4670000e-01   1.1769000e+00
   3.8490000e-01   4.5220000e-01   3.6700000e-01   4.0760000e-01   8.4000000e-01   8.6490000e-01
   2.3700000e-01   2.5550000e-01   1.6820000e-01   1.7730000e-01   8.6740000e-01   1.1056000e+00
   1.6370000e-01   1.7760000e-01   1.2730000e-01   1.4360000e-01   7.7420000e-01   1.6862000e+00
   3.2430000e-01   2.7360000e-01   1.8560000e-01   1.2940000e-01   7.2220000e-01   1.7032000e+00
   2.6420000e-01   2.8560000e-01   2.1150000e-01   1.8190000e-01   1.2032000e+00   1.5710000e+00
   2.5900000e-02   1.0320000e-01   1.9900000e-02   3.4600000e-02   1.7697000e+00   1.5549000e+00
  -1.5530000e-01  -1.1440000e-01  -2.0440000e-01  -2.2780000e-01   1.8483000e+00   1.6387000e+00
  -2.2360000e-01  -2.0530000e-01  -2.4650000e-01  -2.6310000e-01   1.9148000e+00   1.6154000e+00
  -1.0870000e-01  -1.2790000e-01  -2.0240000e-01  -2.4860000e-01   1.8650000e+00   1.4725000e+00
  -8.3400000e-02  -1.2320000e-01  -2.3700000e-01  -2.9850000e-01   1.7200000e+00   1.4202000e+00
  -2.0150000e-01  -3.1550000e-01  -3.7420000e-01  -4.3910000e-01   1.8124000e+00   1.5730000e+00
  -3.7130000e-01  -4.5680000e-01  -5.0830000e-01  -5.4150000e-01   1.8282000e+00   1.7669000e+00
  -7.1670000e-01  -7.0630000e-01  -7.6920000e-01  -7.6770000e-01   1.8434000e+00   1.9594000e+00
  -8.5570000e-01  -9.7560000e-01  -9.2450000e-01  -9.4000000e-01   2.0677000e+00   1.8846000e+00
  -8.2260000e-01  -1.0826000e+00  -7.9860000e-01  -8.6990000e-01   1.8628000e+00   1.4671000e+00
  -9.3000000e-02  -5.2160000e-01  -1.9800000e-01  -3.3610000e-01   1.5255000e+00   1.2404000e+00
  -1.5050000e-01   1.2950000e-01   1.3000000e-02   1.2430000e-01   1.2297000e+00   1.2504000e+00
  -9.7400000e-02  -6.5000000e-03  -9.8400000e-02  -1.3970000e-01   8.0450000e-01   1.2511000e+00
  -3.1020000e-01   5.1400000e-02  -1.0200000e-01  -3.0000000e-02   3.0030000e-01   1.2111000e+00
  -2.8770000e-01  -8.4200000e-02  -2.2000000e-01  -1.4310000e-01   4.1500000e-02   1.0595000e+00
  -5.2810000e-01  -3.1000000e-01  -4.0580000e-01  -4.0050000e-01   1.7090000e-01   8.7740000e-01
  -1.3606000e+00  -6.4120000e-01  -4.6890000e-01  -2.9520000e-01  -4.8200000e-02   7.0650000e-01
  -8.0360000e-01  -1.1058000e+00  -1.5123000e+00  -1.6744000e+00  -3.7240000e-01   3.5830000e-01
  -2.5108000e+00  -2.3196000e+00  -2.0755000e+00  -1.8516000e+00  -6.0060000e-01  -2.3600000e-02
  -1.5217000e+00  -1.5846000e+00  -1.9366000e+00  -2.2142000e+00  -7.5770000e-01  -3.1060000e-01
  -1.4432000e+00  -1.4603000e+00  -1.3924000e+00  -1.4547000e+00  -7.5740000e-01  -4.1890000e-01
  -1.0041000e+00  -1.1523000e+00  -1.2672000e+00  -1.3153000e+00  -7.5050000e-01  -5.4990000e-01
  -2.7610000e-01  -1.9130000e-01  -4.0640000e-01  -3.8420000e-01  -8.1390000e-01  -8.0930000e-01
  -5.4530000e-01  -3.4390000e-01  -4.8570000e-01  -3.3130000e-01  -1.0059000e+00  -9.4210000e-01
  -8.5770000e-01  -7.0620000e-01  -7.4100000e-01  -6.3820000e-01  -1.2259000e+00  -1.0660000e+00
  -1.0147000e+00  -8.8600000e-01  -9.6770000e-01  -8.6610000e-01  -1.4161000e+00  -1.1464000e+00
  -1.0856000e+00  -9.5710000e-01  -1.1868000e+00  -1.1856000e+00  -1.4992000e+00  -1.3166000e+00
  -1.0616000e+00  -9.5730000e-01  -1.2563000e+00  -1.3123000e+00  -1.7372000e+00  -1.6170000e+00
  -1.0217000e+00  -9.4550000e-01  -1.1828000e+00  -1.2562000e+00  -2.0473000e+00  -1.8388000e+00
  -1.0862000e+00  -1.0155000e+00  -1.2692000e+00  -1.2740000e+00  -2.2586000e+00  -2.0185000e+00
  -1.4095000e+00  -1.1882000e+00  -1.3754000e+00  -1.4201000e+00  -2.3768000e+00  -2.2627000e+00
  -2.1176000e+00  -1.4885000e+00  -1.6937000e+00  -1.5119000e+00  -2.4193000e+00  -2.3953000e+00
  -2.2145000e+00  -2.1918000e+00  -2.1555000e+00  -1.9946000e+00  -2.3824000e+00  -2.3723000e+00
  -2.1769000e+00  -2.1583000e+00  -2.1333000e+00  -2.1369000e+00  -2.5436000e+00  -2.2854000e+00
  -2.1513000e+00  -2.1761000e+00  -2.1251000e+00  -2.0802000e+00  -2.5155000e+00  -2.1813000e+00
  -2.1070000e+00  -2.1324000e+00  -2.1302000e+00  -2.1169000e+00  -2.3657000e+00  -2.3032000e+00
  -1.9490000e+00  -2.0536000e+00  -2.0532000e+00  -2.0573000e+00  -2.3371000e+00  -2.3800000e+00
  -1.6813000e+00  -1.9755000e+00  -1.9302000e+00  -1.9611000e+00  -2.3216000e+00  -2.8526000e+00
  -1.3594000e+00  -1.7230000e+00  -1.6499000e+00  -1.7150000e+00  -2.2769000e+00  -2.8048000e+00
  -9.3270000e-01  -1.3969000e+00  -1.2678000e+00  -1.3795000e+00  -2.0862000e+00  -2.1642000e+00
  -1.0935000e+00  -1.0129000e+00  -1.1150000e+00  -1.0786000e+00  -1.4545000e+00  -1.7710000e+00
  -1.3673000e+00  -1.3951000e+00  -1.4768000e+00  -1.4959000e+00  -1.9371000e+00  -2.1102000e+00
  -2.7774000e+00  -2.6160000e+00  -2.7228000e+00  -2.6495000e+00  -1.7620000e+00  -2.0324000e+00
  -3.3059000e+00  -3.5902000e+00  -3.5138000e+00  -3.6300000e+00  -1.3158000e+00  -1.8521000e+00
  -2.5675000e+00  -2.9749000e+00  -2.7811000e+00  -2.9559000e+00  -8.5840000e-01  -1.4839000e+00
  -1.7673000e+00  -2.3945000e+00  -2.0461000e+00  -2.2656000e+00  -4.3760000e-01  -1.2597000e+00
  -7.2490000e-01  -1.6067000e+00  -1.1798000e+00  -1.5804000e+00   4.3100000e-02  -9.3550000e-01
   8.3500000e-02  -7.2550000e-01  -3.7290000e-01  -9.6660000e-01   5.3720000e-01  -5.1400000e-02
   9.6650000e-01   4.3980000e-01   6.3760000e-01   2.3920000e-01   8.2180000e-01   5.8660000e-01
   9.1530000e-01   9.9740000e-01   9.5870000e-01   1.2003000e+00   9.4180000e-01   1.1183000e+00
  -2.0370000e-01   9.6100000e-02   2.0070000e-01   5.1660000e-01   1.5890000e+00   1.5260000e+00
  -1.4759000e+00  -1.5058000e+00  -1.3337000e+00  -1.1843000e+00   1.9240000e+00   1.8838000e+00
  -1.7188000e+00  -2.0607000e+00  -1.7796000e+00  -1.7586000e+00   2.2469000e+00   2.1240000e+00
  -1.4654000e+00  -1.9074000e+00  -1.6781000e+00  -1.7331000e+00   2.4918000e+00   2.2422000e+00
  -1.1190000e+00  -1.5226000e+00  -1.3803000e+00  -1.5123000e+00   2.3708000e+00   2.2858000e+00
  -5.7240000e-01  -1.1291000e+00  -9.1470000e-01  -1.0835000e+00   2.2322000e+00   2.3285000e+00
  -1.8900000e-02  -3.2320000e-01  -2.3580000e-01  -3.4980000e-01   2.2350000e+00   2.2104000e+00
   1.1800000e-01  -4.2900000e-02   7.3000000e-03   2.3500000e-02   2.2890000e+00   2.1459000e+00
  -3.3800000e-02  -3.8010000e-01  -2.1910000e-01  -1.5120000e-01   2.2381000e+00   2.1115000e+00
  -6.4120000e-01  -4.3560000e-01  -4.7760000e-01  -2.5840000e-01   2.1681000e+00   2.0100000e+00
  -9.3500000e-01  -1.2914000e+00  -1.0699000e+00  -1.0736000e+00   2.2221000e+00   2.0479000e+00
  -5.1940000e-01  -9.6590000e-01  -7.1110000e-01  -8.9030000e-01   2.3678000e+00   2.1767000e+00
  -5.3000000e-01  -7.3680000e-01  -5.7180000e-01  -7.1350000e-01   2.5322000e+00   2.5127000e+00
  -4.3210000e-01  -6.9640000e-01  -5.3100000e-01  -5.9040000e-01   2.7731000e+00   2.6846000e+00
  -3.1660000e-01  -5.3940000e-01  -3.6740000e-01  -5.1320000e-01   2.7789000e+00   2.7900000e+00
   3.0600000e-02  -4.1750000e-01  -1.0690000e-01  -3.4620000e-01   1.9801000e+00   2.8566000e+00
   7.3340000e-01  -7.0070000e-01  -5.8300000e-02  -3.1700000e-02   3.1831000e+00   2.4155000e+00
   1.1101000e+00  -2.3100000e-02   8.3630000e-01   1.0110000e-01   3.0203000e+00   1.1000000e+00
   1.4315000e+00   1.1002000e+00   1.5263000e+00   1.5222000e+00   2.9477000e+00   2.6701000e+00
   3.2800000e-02  -2.5780000e-01   4.0300000e-02   4.9700000e-02   3.0285000e+00   3.3336000e+00
  -4.2300000e-01  -9.2870000e-01  -4.3330000e-01  -6.0560000e-01   3.0957000e+00   3.3093000e+00
  -4.6810000e-01  -8.6700000e-01  -4.8120000e-01  -7.5720000e-01   3.1957000e+00   3.3752000e+00
  -4.9410000e-01  -8.5170000e-01  -5.0440000e-01  -8.0890000e-01   3.3035000e+00   3.3694000e+00
   8.8910000e-01  -2.5200000e-02   1.0890000e-01  -9.5100000e-02   3.3269000e+00   2.6788000e+00
   1.3737000e+00  -2.4029000e+00  -8.6900000e-01  -1.0828000e+00   3.2720000e+00   1.6791000e+00
  -4.6630000e-01  -2.0110000e+00  -9.8300000e-01  -1.5988000e+00   3.2070000e+00   1.7553000e+00
  -1.0605000e+00  -2.9462000e+00  -1.8721000e+00  -2.8418000e+00   3.0214000e+00   2.4765000e+00
  -1.3711000e+00  -3.1057000e+00  -2.1475000e+00  -2.6331000e+00   2.8914000e+00   2.7645000e+00
  -1.6053000e+00  -2.9268000e+00  -2.4228000e+00  -2.8788000e+00   2.8515000e+00   2.6217000e+00
  -2.5998000e+00  -2.4588000e+00  -2.3732000e+00  -2.8422000e+00   2.7241000e+00   2.5046000e+00
  -3.8240000e-01  -1.5211000e+00  -6.5590000e-01  -1.1605000e+00   2.6114000e+00   2.3675000e+00
   3.5190000e-01  -5.3300000e-02   1.5760000e-01   1.8780000e-01   2.3884000e+00   2.1082000e+00
   3.6830000e-01   2.8780000e-01   3.7610000e-01   4.6870000e-01   2.1746000e+00   1.9552000e+00
  -6.6300000e-02   1.2850000e-01  -1.2300000e-02   7.5300000e-02   1.9300000e+00   1.8644000e+00
  -3.6350000e-01  -2.2880000e-01  -2.8910000e-01  -2.2610000e-01   1.7387000e+00   1.8039000e+00
  -4.7090000e-01  -4.6350000e-01  -3.4460000e-01  -2.6080000e-01   1.6077000e+00   1.7142000e+00
  -4.8760000e-01  -4.8850000e-01  -4.5560000e-01  -4.0350000e-01   1.5651000e+00   1.6510000e+00
  -4.5410000e-01  -5.0580000e-01  -4.0440000e-01  -3.7640000e-01   1.5457000e+00   1.6244000e+00
  -4.8750000e-01  -4.7960000e-01  -3.9090000e-01  -3.1050000e-01   1.5092000e+00   1.6537000e+00
  -5.0760000e-01  -4.8510000e-01  -3.9720000e-01  -3.2790000e-01   1.5420000e+00   1.6726000e+00
  -4.7970000e-01  -4.2450000e-01  -3.6060000e-01  -3.1220000e-01   1.6277000e+00   1.6997000e+00
  -4.0130000e-01  -4.3520000e-01  -3.2330000e-01  -2.5900000e-01   1.6737000e+00   1.6527000e+00
  -5.3090000e-01  -3.8740000e-01  -3.8160000e-01  -2.7860000e-01   1.6532000e+00   1.4270000e+00
  -2.6860000e-01  -4.1000000e-01  -2.4680000e-01  -2.0310000e-01   1.5475000e+00   1.1372000e+00
  -3.5890000e-01  -2.4230000e-01  -3.2250000e-01  -3.1870000e-01   1.1231000e+00   6.6570000e-01
  -4.0620000e-01  -3.8750000e-01  -2.9280000e-01  -2.8820000e-01   7.2200000e-01   5.4100000e-01
  -4.1810000e-01  -3.4640000e-01  -2.6640000e-01  -1.4920000e-01   4.4850000e-01   5.7720000e-01
  -3.0850000e-01  -5.1590000e-01  -3.1680000e-01  -3.2330000e-01   2.3120000e-01   4.8840000e-01
  -5.1990000e-01  -6.3240000e-01  -5.0700000e-01  -4.2470000e-01   4.0830000e-01   4.8430000e-01
  -3.9620000e-01  -5.6570000e-01  -3.8520000e-01  -4.2680000e-01   3.8640000e-01   5.8010000e-01
  -5.1000000e-01  -3.2090000e-01  -3.4540000e-01  -3.1180000e-01   2.7270000e-01   4.9560000e-01
  -8.5940000e-01  -5.4830000e-01  -6.8240000e-01  -5.9930000e-01   1.2240000e-01   3.8460000e-01
  -1.1439000e+00  -8.3730000e-01  -9.2180000e-01  -8.3070000e-01   6.7500000e-02   3.3320000e-01
  -1.2812000e+00  -1.0897000e+00  -1.1128000e+00  -1.0386000e+00   8.1500000e-02   3.7280000e-01
  -1.1795000e+00  -1.1351000e+00  -1.1133000e+00  -1.1143000e+00   1.1110000e-01   4.9540000e-01
  -1.1517000e+00  -1.0867000e+00  -1.0770000e+00  -1.0598000e+00   2.4400000e-02   4.3700000e-01
  -1.0542000e+00  -1.0551000e+00  -1.0757000e+00  -1.0685000e+00  -1.0520000e-01   3.8030000e-01
  -1.0434000e+00  -9.4650000e-01  -9.8420000e-01  -9.3370000e-01  -2.5290000e-01   3.2130000e-01
  -1.0717000e+00  -1.1143000e+00  -1.0687000e+00  -1.0375000e+00  -3.0570000e-01   2.3700000e-02
  -1.2081000e+00  -1.1814000e+00  -1.1159000e+00  -1.0546000e+00  -3.8100000e-01  -1.4940000e-01
  -1.4227000e+00  -1.3992000e+00  -1.3258000e+00  -1.2598000e+00  -4.5750000e-01  -3.1100000e-01
  -1.4406000e+00  -1.4199000e+00  -1.3669000e+00  -1.3223000e+00  -6.2750000e-01  -5.5560000e-01
  -1.4530000e+00  -1.4175000e+00  -1.3531000e+00  -1.2914000e+00  -7.6810000e-01  -6.6850000e-01
  -1.4130000e+00  -1.3216000e+00  -1.2778000e+00  -1.1832000e+00  -7.4410000e-01  -6.4010000e-01
  -1.4011000e+00  -1.3092000e+00  -1.2798000e+00  -1.1694000e+00  -6.4950000e-01  -6.6600000e-01
  -1.3914000e+00  -1.3041000e+00  -1.3062000e+00  -1.2255000e+00  -6.2380000e-01  -7.2140000e-01
  -1.4906000e+00  -1.4032000e+00  -1.4035000e+00  -1.3307000e+00  -7.1620000e-01  -8.0160000e-01
  -1.6408000e+00  -1.6605000e+00  -1.6082000e+00  -1.5599000e+00  -8.4840000e-01  -8.6160000e-01
  -1.5994000e+00  -1.7068000e+00  -1.6232000e+00  -1.6000000e+00  -9.5890000e-01  -9.2620000e-01
  -1.6228000e+00  -1.6991000e+00  -1.6361000e+00  -1.6026000e+00  -1.0826000e+00  -1.0152000e+00
  -1.4432000e+00  -1.6560000e+00  -1.5499000e+00  -1.6094000e+00  -1.1759000e+00  -1.0863000e+00
  -1.4792000e+00  -1.4120000e+00  -1.4042000e+00  -1.3495000e+00  -1.2196000e+00  -1.1649000e+00
  -1.6436000e+00  -1.5803000e+00  -1.5368000e+00  -1.4622000e+00  -1.2503000e+00  -1.2313000e+00
  -1.5450000e+00  -1.6376000e+00  -1.5157000e+00  -1.4874000e+00  -1.2913000e+00  -1.2747000e+00
  -1.2862000e+00  -1.4207000e+00  -1.2786000e+00  -1.2542000e+00  -1.3751000e+00  -1.3113000e+00
  -1.2790000e+00  -1.2124000e+00  -1.1790000e+00  -1.0899000e+00  -1.4508000e+00  -1.3527000e+00
  -1.3944000e+00  -1.3569000e+00  -1.3043000e+00  -1.2151000e+00  -1.5084000e+00  -1.3717000e+00
  -1.3803000e+00  -1.4241000e+00  -1.3632000e+00  -1.3081000e+00  -1.4703000e+00  -1.3159000e+00
  -1.1985000e+00  -1.3367000e+00  -1.2849000e+00  -1.2878000e+00  -1.3268000e+00  -1.1366000e+00
  -8.5850000e-01  -1.0440000e+00  -1.0461000e+00  -1.1318000e+00  -1.3282000e+00  -1.2993000e+00
  -9.6140000e-01  -8.6860000e-01  -9.2500000e-01  -8.9760000e-01  -1.2013000e+00  -1.2997000e+00
  -8.5740000e-01  -9.2340000e-01  -9.4170000e-01  -9.6620000e-01  -1.0457000e+00  -1.2371000e+00
  -6.4930000e-01  -7.8990000e-01  -8.0280000e-01  -8.6460000e-01  -8.7210000e-01  -1.0588000e+00
  -3.2720000e-01  -5.4220000e-01  -5.6110000e-01  -6.7220000e-01  -6.3120000e-01  -8.1040000e-01
  -5.7000000e-03  -1.9750000e-01  -2.5110000e-01  -3.7690000e-01  -3.4980000e-01  -5.0810000e-01
   2.9810000e-01   1.0110000e-01   2.0800000e-02  -1.2570000e-01  -2.2840000e-01  -4.8310000e-01
   5.9860000e-01   4.2580000e-01   3.3650000e-01   1.8160000e-01  -2.1730000e-01  -4.4430000e-01
   8.5840000e-01   7.0040000e-01   6.2130000e-01   4.8080000e-01   6.9200000e-02  -4.6230000e-01
   1.1848000e+00   9.9940000e-01   9.3260000e-01   7.8450000e-01   5.1170000e-01  -2.8060000e-01
   1.4942000e+00   1.3395000e+00   1.2758000e+00   1.1341000e+00   8.4690000e-01  -4.7700000e-02
   1.7367000e+00   1.6221000e+00   1.5688000e+00   1.4515000e+00   1.0794000e+00  -2.6900000e-02
   1.9104000e+00   1.8333000e+00   1.8074000e+00   1.7228000e+00   1.2280000e+00   4.4000000e-02
   2.0157000e+00   1.9580000e+00   1.9560000e+00   1.9119000e+00   7.5860000e-01   2.4910000e-01
   2.1356000e+00   2.0721000e+00   2.0762000e+00   2.0390000e+00   5.5080000e-01   5.0860000e-01
   2.2628000e+00   2.2049000e+00   2.2012000e+00   2.1692000e+00   9.3680000e-01   9.4590000e-01
   2.4202000e+00   2.3477000e+00   2.3374000e+00   2.2960000e+00   2.1562000e+00   1.2777000e+00
   2.5713000e+00   2.4926000e+00   2.4892000e+00   2.4476000e+00   2.7584000e+00   2.3777000e+00
   2.7334000e+00   2.6572000e+00   2.6560000e+00   2.6147000e+00   3.0093000e+00   2.8901000e+00
   2.9003000e+00   2.8470000e+00   2.7836000e+00   2.7175000e+00   3.2404000e+00   3.0518000e+00
   1.5215000e+00   1.7462000e+00   1.1230000e+00   1.1968000e+00   3.4433000e+00   3.3181000e+00
   2.9674000e+00   2.5238000e+00   2.4018000e+00   1.9910000e+00   3.6773000e+00   3.6029000e+00
   3.2213000e+00   3.0212000e+00   2.9439000e+00   2.8162000e+00   3.9019000e+00   3.8282000e+00
   6.3370000e-01   3.4300000e-01   5.3130000e-01   4.4790000e-01   4.1215000e+00   4.0117000e+00
   3.7030000e-01   7.6990000e-01   6.5670000e-01   7.2170000e-01   4.3358000e+00   4.1985000e+00
  -3.8000000e-03  -2.0370000e-01   3.4700000e-02  -1.1600000e-01   4.5810000e+00   4.4263000e+00
   9.6000000e-03  -1.4080000e-01  -2.6290000e-01  -5.4140000e-01   4.7846000e+00   4.6899000e+00
   1.0530000e+00   3.6780000e-01   3.2070000e-01  -1.3460000e-01   4.9891000e+00   4.9535000e+00
   1.2011000e+00   1.0247000e+00   5.1140000e-01   1.7240000e-01   5.2185000e+00   5.2482000e+00
   1.1184000e+00   1.0931000e+00   5.5920000e-01   3.0800000e-01   5.4220000e+00   5.5297000e+00
   1.8920000e+00   1.3259000e+00   1.4185000e+00   1.1453000e+00   5.5450000e+00   5.7244000e+00
   2.4052000e+00   1.7532000e+00   2.0247000e+00   1.7260000e+00   5.6338000e+00   5.8438000e+00
   3.3547000e+00   2.1306000e+00   2.6018000e+00   2.2708000e+00   5.7449000e+00   5.9439000e+00
   4.0505000e+00   2.3165000e+00   3.1799000e+00   2.9594000e+00   5.8867000e+00   6.0424000e+00
   4.5286000e+00   3.5697000e+00   4.0028000e+00   3.7051000e+00   6.0330000e+00   6.1543000e+00
   2.1865000e+00   2.1477000e+00   3.8425000e+00   4.4401000e+00   6.1569000e+00   6.2327000e+00
   1.8573000e+00   1.7447000e+00   2.0901000e+00   1.7933000e+00   6.2350000e+00   6.3105000e+00
   2.0585000e+00   1.3463000e+00   1.8971000e+00   1.8595000e+00   6.2843000e+00   6.3834000e+00
   2.8673000e+00   1.8510000e+00   2.2051000e+00   1.6505000e+00   6.3070000e+00   6.4432000e+00
   1.8035000e+00   1.0227000e+00   1.8293000e+00   1.2217000e+00   6.3051000e+00   6.4684000e+00
   2.0389000e+00   5.8370000e-01   1.3226000e+00   4.2510000e-01   6.2616000e+00   6.4397000e+00
   1.3904000e+00  -2.0270000e-01   8.6370000e-01   1.6857000e+00   6.2009000e+00   6.3843000e+00
   4.0830000e-01   4.6850000e-01   6.0420000e-01   3.7140000e-01   6.1697000e+00   6.3528000e+00
   1.4891000e+00   1.0374000e+00   1.1132000e+00   1.0417000e+00   6.1431000e+00   6.3300000e+00
   1.5419000e+00   9.1540000e-01   9.1080000e-01   3.9770000e-01   6.0941000e+00   6.3083000e+00
   5.5380000e-01   1.6600000e-01   3.3790000e-01   6.1600000e-02   6.0481000e+00   6.2960000e+00
   5.1230000e-01   5.9770000e-01   6.6080000e-01   6.2860000e-01   6.0270000e+00   6.2387000e+00
   9.5710000e-01   9.4190000e-01   1.0595000e+00   1.0175000e+00   5.8210000e+00   6.0553000e+00
   1.3951000e+00   1.4702000e+00   1.6047000e+00   1.5508000e+00   5.7101000e+00   5.9203000e+00
   1.9120000e+00   2.0689000e+00   2.2619000e+00   2.3791000e+00   5.5974000e+00   5.7561000e+00
   2.5794000e+00   2.9935000e+00   3.0275000e+00   3.2895000e+00   5.4773000e+00   5.7020000e+00
   2.7667000e+00   3.1802000e+00   2.9322000e+00   2.9908000e+00   5.3537000e+00   5.6612000e+00
   2.8390000e+00   2.8819000e+00   2.8882000e+00   2.8943000e+00   5.2508000e+00   5.4981000e+00
   2.8123000e+00   2.8896000e+00   2.7283000e+00   2.6661000e+00   5.1180000e+00   5.3142000e+00
   2.6804000e+00   2.6294000e+00   2.4296000e+00   2.3024000e+00   4.9105000e+00   5.1124000e+00
   2.1317000e+00   2.1789000e+00   2.0387000e+00   1.9478000e+00   4.7294000e+00   4.9310000e+00
   1.8345000e+00   1.8991000e+00   1.8063000e+00   1.7583000e+00   4.6030000e+00   4.7359000e+00
   1.6609000e+00   1.7135000e+00   1.6940000e+00   1.6678000e+00   4.5121000e+00   4.5603000e+00
   1.5346000e+00   1.6054000e+00   1.5855000e+00   1.5814000e+00   4.3710000e+00   4.3813000e+00
   1.4263000e+00   1.5211000e+00   1.4867000e+00   1.5034000e+00   4.2636000e+00   4.1466000e+00
   1.3209000e+00   1.4584000e+00   1.4474000e+00   1.4960000e+00   4.0881000e+00   3.8531000e+00
   1.2703000e+00   1.3975000e+00   1.4219000e+00   1.4993000e+00   3.8613000e+00   3.5437000e+00
   1.2442000e+00   1.3446000e+00   1.3988000e+00   1.4783000e+00   3.5449000e+00   3.3074000e+00
   1.2002000e+00   1.2968000e+00   1.3407000e+00   1.3951000e+00   3.1629000e+00   3.1521000e+00
   1.1104000e+00   1.2039000e+00   1.2578000e+00   1.3255000e+00   2.8383000e+00   3.0065000e+00
   9.9550000e-01   1.0996000e+00   1.1626000e+00   1.2433000e+00   2.6156000e+00   2.7995000e+00
   9.1020000e-01   1.0094000e+00   1.0818000e+00   1.1526000e+00   2.4096000e+00   2.5708000e+00
   8.2380000e-01   9.4920000e-01   1.0161000e+00   1.0791000e+00   2.2225000e+00   2.3782000e+00
   7.7080000e-01   9.1720000e-01   9.8180000e-01   1.0585000e+00   2.0418000e+00   2.2327000e+00
   6.7180000e-01   8.3640000e-01   8.7690000e-01   9.8210000e-01   1.8504000e+00   2.0734000e+00
   6.5870000e-01   7.8480000e-01   8.2000000e-01   9.2890000e-01   1.6793000e+00   1.8656000e+00
