  -3.6184000e+00  -3.6764000e+00  -3.4375000e+00  -3.3394000e+00  -7.2024000e+00  -6.6245000e+00
  -4.0139000e+00  -4.0117000e+00  -3.7636000e+00  -3.6296000e+00  -7.2617000e+00  -6.6982000e+00
  -4.5782000e+00  -4.4951000e+00  -4.2324000e+00  -4.0627000e+00  -7.2859000e+00  -6.7895000e+00
  -4.9848000e+00  -4.8763000e+00  -4.5888000e+00  -4.4067000e+00  -7.4754000e+00  -7.0193000e+00
  -5.3874000e+00  -5.2923000e+00  -4.9886000e+00  -4.8240000e+00  -7.6839000e+00  -7.2526000e+00
  -5.5951000e+00  -5.5191000e+00  -5.1980000e+00  -5.0454000e+00  -7.8667000e+00  -7.4729000e+00
  -5.8529000e+00  -5.7924000e+00  -5.4427000e+00  -5.2973000e+00  -8.0810000e+00  -7.7752000e+00
  -6.1016000e+00  -6.0555000e+00  -5.6790000e+00  -5.5439000e+00  -8.1964000e+00  -7.9605000e+00
  -6.2656000e+00  -6.2100000e+00  -5.8380000e+00  -5.7152000e+00  -8.2807000e+00  -8.1319000e+00
  -6.3963000e+00  -6.2839000e+00  -5.9622000e+00  -5.8468000e+00  -8.2800000e+00  -8.2150000e+00
  -6.1518000e+00  -6.0061000e+00  -5.7232000e+00  -5.6100000e+00  -8.2942000e+00  -8.2709000e+00
  -5.9885000e+00  -5.8214000e+00  -5.5803000e+00  -5.4719000e+00  -8.2133000e+00  -8.2430000e+00
  -5.6776000e+00  -5.5126000e+00  -5.2904000e+00  -5.1866000e+00  -8.2634000e+00  -8.1790000e+00
  -5.3832000e+00  -5.1823000e+00  -4.9995000e+00  -4.8807000e+00  -8.2445000e+00  -8.0911000e+00
  -5.0317000e+00  -4.8259000e+00  -4.6551000e+00  -4.5401000e+00  -8.1713000e+00  -8.0765000e+00
  -4.6824000e+00  -4.4911000e+00  -4.3107000e+00  -4.2022000e+00  -8.1344000e+00  -7.9167000e+00
  -4.3829000e+00  -4.1788000e+00  -3.9790000e+00  -3.8740000e+00  -8.0845000e+00  -7.9153000e+00
  -4.0548000e+00  -3.8286000e+00  -3.6335000e+00  -3.5406000e+00  -7.8587000e+00  -7.5769000e+00
  -3.6589000e+00  -3.4363000e+00  -3.2057000e+00  -3.1326000e+00  -7.4862000e+00  -7.1087000e+00
  -3.1619000e+00  -3.0060000e+00  -2.7465000e+00  -2.6608000e+00  -7.6637000e+00  -7.2257000e+00
  -2.7964000e+00  -2.6620000e+00  -2.3725000e+00  -2.2607000e+00  -7.6396000e+00  -7.2175000e+00
  -2.4800000e+00  -2.3890000e+00  -2.0444000e+00  -1.9131000e+00  -7.6431000e+00  -7.2506000e+00
  -2.0948000e+00  -2.0685000e+00  -1.6886000e+00  -1.5511000e+00  -7.5234000e+00  -7.3097000e+00
  -1.6919000e+00  -1.7105000e+00  -1.3437000e+00  -1.2210000e+00  -7.2922000e+00  -7.1736000e+00
  -1.3315000e+00  -1.4005000e+00  -1.0681000e+00  -9.8900000e-01  -7.0310000e+00  -6.9260000e+00
  -1.1220000e+00  -1.2251000e+00  -9.5890000e-01  -9.3190000e-01  -6.8313000e+00  -6.7413000e+00
  -1.0899000e+00  -1.1695000e+00  -9.1950000e-01  -8.9180000e-01  -6.6600000e+00  -6.5004000e+00
  -1.1013000e+00  -1.1027000e+00  -9.0870000e-01  -8.9250000e-01  -6.4710000e+00  -6.3109000e+00
  -1.0899000e+00  -1.0896000e+00  -9.4500000e-01  -9.4450000e-01  -6.2392000e+00  -6.1196000e+00
  -1.1307000e+00  -1.0352000e+00  -9.8250000e-01  -9.7630000e-01  -6.0501000e+00  -5.9490000e+00
  -1.2826000e+00  -1.0908000e+00  -1.1116000e+00  -1.0803000e+00  -5.8554000e+00  -5.7200000e+00
  -1.4972000e+00  -1.2014000e+00  -1.3024000e+00  -1.2684000e+00  -5.7446000e+00  -5.5824000e+00
  -1.6323000e+00  -1.2306000e+00  -1.4271000e+00  -1.3723000e+00  -5.6456000e+00  -5.4205000e+00
  -1.6929000e+00  -1.1950000e+00  -1.4471000e+00  -1.3477000e+00  -5.5602000e+00  -5.2799000e+00
  -1.7528000e+00  -1.1294000e+00  -1.4343000e+00  -1.2840000e+00  -5.4822000e+00  -5.2122000e+00
  -1.7763000e+00  -9.8360000e-01  -1.3623000e+00  -1.1510000e+00  -5.5490000e+00  -5.1942000e+00
  -1.5242000e+00  -7.9670000e-01  -1.1534000e+00  -9.7890000e-01  -5.7075000e+00  -5.1304000e+00
  -1.2528000e+00  -7.2230000e-01  -1.0588000e+00  -9.6630000e-01  -5.8427000e+00  -4.9881000e+00
  -1.3013000e+00  -7.6480000e-01  -1.0721000e+00  -9.7120000e-01  -6.1507000e+00  -5.1461000e+00
  -1.1771000e+00  -6.3670000e-01  -8.3430000e-01  -7.1970000e-01  -5.9273000e+00  -5.3309000e+00
  -8.9440000e-01  -3.2750000e-01  -5.1860000e-01  -3.8430000e-01  -5.5354000e+00  -4.7552000e+00
  -6.9940000e-01  -1.2380000e-01  -3.3220000e-01  -1.9370000e-01  -5.0830000e+00  -4.8291000e+00
  -6.9790000e-01  -2.0260000e-01  -3.5570000e-01  -2.2850000e-01  -4.8216000e+00  -4.7235000e+00
  -8.5860000e-01  -4.3180000e-01  -4.7410000e-01  -3.4370000e-01  -5.0336000e+00  -4.1399000e+00
  -1.0135000e+00  -5.8700000e-01  -5.8100000e-01  -4.4220000e-01  -5.0434000e+00  -4.1699000e+00
  -1.0002000e+00  -5.1140000e-01  -5.5450000e-01  -4.2420000e-01  -4.6060000e+00  -4.5024000e+00
  -8.4510000e-01  -3.2090000e-01  -4.2530000e-01  -3.0260000e-01  -4.6696000e+00  -4.2542000e+00
  -6.1630000e-01  -1.6790000e-01  -2.5080000e-01  -1.3320000e-01  -4.6854000e+00  -4.0022000e+00
  -3.4810000e-01   3.9200000e-02  -1.8200000e-02   9.6900000e-02  -4.5613000e+00  -3.6362000e+00
  -1.5760000e-01   2.2740000e-01   1.6790000e-01   3.0320000e-01  -4.6012000e+00  -3.3135000e+00
  -8.1300000e-02   2.8250000e-01   2.3990000e-01   3.5050000e-01  -3.9384000e+00  -3.2683000e+00
  -2.6380000e-01  -8.2000000e-03   8.0000000e-04   7.4000000e-02  -3.2333000e+00  -3.5544000e+00
  -6.3370000e-01  -4.4240000e-01  -4.2340000e-01  -4.0160000e-01  -3.7333000e+00  -3.9811000e+00
  -8.2990000e-01  -5.6510000e-01  -5.9360000e-01  -5.4920000e-01  -3.9275000e+00  -4.6424000e+00
  -6.4730000e-01  -4.1930000e-01  -4.3890000e-01  -3.5720000e-01  -4.1922000e+00  -4.7463000e+00
  -9.0500000e-02   1.1470000e-01   8.0600000e-02   1.7710000e-01  -4.5143000e+00  -4.8572000e+00
   4.0180000e-01   6.2830000e-01   5.7230000e-01   6.5270000e-01  -4.8895000e+00  -5.0494000e+00
   7.0530000e-01   9.4100000e-01   8.8400000e-01   9.7360000e-01  -4.9806000e+00  -5.3082000e+00
   1.0409000e+00   1.3599000e+00   1.2481000e+00   1.3522000e+00  -4.8137000e+00  -5.8237000e+00
   1.7120000e+00   1.9624000e+00   1.8606000e+00   1.9797000e+00  -5.1422000e+00  -6.7948000e+00
   1.9969000e+00   1.9952000e+00   2.0362000e+00   2.1055000e+00  -5.4201000e+00  -7.4482000e+00
   2.0312000e+00   1.7314000e+00   1.9624000e+00   2.0523000e+00  -5.5357000e+00  -7.7729000e+00
   1.9445000e+00   1.6916000e+00   1.8978000e+00   1.9713000e+00  -6.3457000e+00  -7.5403000e+00
   1.9332000e+00   1.6362000e+00   1.8317000e+00   1.8692000e+00  -6.9318000e+00  -7.1539000e+00
   1.9420000e+00   1.6095000e+00   1.8481000e+00   1.8383000e+00  -6.9814000e+00  -6.5927000e+00
   2.0181000e+00   1.5684000e+00   1.8616000e+00   1.8169000e+00  -7.2639000e+00  -6.2699000e+00
   1.9132000e+00   1.5932000e+00   1.8866000e+00   1.9037000e+00  -7.1236000e+00  -6.5314000e+00
   1.9162000e+00   1.6884000e+00   1.9321000e+00   1.9663000e+00  -6.8926000e+00  -6.6563000e+00
   2.0703000e+00   1.7918000e+00   2.0485000e+00   2.0641000e+00  -6.6276000e+00  -6.8689000e+00
   2.1782000e+00   1.8950000e+00   2.1928000e+00   2.2601000e+00  -6.3838000e+00  -6.8139000e+00
   2.2055000e+00   2.0092000e+00   2.2462000e+00   2.3105000e+00  -6.2885000e+00  -6.5882000e+00
   2.1414000e+00   1.9498000e+00   2.1775000e+00   2.2716000e+00  -6.1858000e+00  -6.2936000e+00
   1.9534000e+00   1.8240000e+00   2.0041000e+00   2.0868000e+00  -6.1418000e+00  -6.1863000e+00
   1.7389000e+00   1.5267000e+00   1.7360000e+00   1.7579000e+00  -5.9903000e+00  -6.1021000e+00
   1.4383000e+00   1.2703000e+00   1.4487000e+00   1.4737000e+00  -6.0381000e+00  -6.2300000e+00
   1.0735000e+00   9.3380000e-01   1.0923000e+00   1.1310000e+00  -6.1854000e+00  -6.5436000e+00
   7.6980000e-01   6.5010000e-01   7.8030000e-01   8.0300000e-01  -6.1610000e+00  -6.7414000e+00
   6.2170000e-01   5.0460000e-01   6.1140000e-01   6.2420000e-01  -5.9529000e+00  -6.8954000e+00
   5.3800000e-01   5.0120000e-01   5.7070000e-01   6.1460000e-01  -5.7186000e+00  -6.7346000e+00
   6.1350000e-01   5.6510000e-01   6.4390000e-01   6.8610000e-01  -5.8179000e+00  -6.5186000e+00
   7.5170000e-01   6.7630000e-01   7.7080000e-01   8.1060000e-01  -5.8074000e+00  -6.2469000e+00
   7.8600000e-01   8.1000000e-01   8.6130000e-01   9.2910000e-01  -5.9634000e+00  -6.0600000e+00
   9.4560000e-01   9.8300000e-01   1.0798000e+00   1.1679000e+00  -6.1213000e+00  -5.8661000e+00
   1.3914000e+00   1.4441000e+00   1.4977000e+00   1.5705000e+00  -5.9755000e+00  -5.4630000e+00
   1.7881000e+00   1.9023000e+00   1.8975000e+00   1.9799000e+00  -5.7307000e+00  -4.9873000e+00
   2.1056000e+00   2.1942000e+00   2.1813000e+00   2.2617000e+00  -5.3636000e+00  -4.4928000e+00
   2.4570000e+00   2.4910000e+00   2.4631000e+00   2.4830000e+00  -5.0410000e+00  -3.9896000e+00
   2.6038000e+00   2.6095000e+00   2.5043000e+00   2.4916000e+00  -4.8311000e+00  -3.4156000e+00
   2.6573000e+00   2.6397000e+00   2.6394000e+00   2.6433000e+00  -4.4408000e+00  -2.7033000e+00
   2.8271000e+00   2.8707000e+00   2.8125000e+00   2.8196000e+00  -3.9913000e+00  -2.0852000e+00
   2.9333000e+00   3.0273000e+00   2.9418000e+00   2.9698000e+00  -3.6099000e+00  -1.6589000e+00
   2.9502000e+00   3.0901000e+00   2.9919000e+00   3.0410000e+00  -3.1857000e+00  -1.1893000e+00
   2.9381000e+00   3.1096000e+00   2.9950000e+00   3.0310000e+00  -2.8797000e+00  -6.4110000e-01
   2.9450000e+00   3.1384000e+00   3.0267000e+00   3.0664000e+00  -2.4294000e+00  -3.7500000e-02
   2.9875000e+00   3.1838000e+00   3.0691000e+00   3.0891000e+00  -1.8476000e+00   6.1260000e-01
   3.0089000e+00   3.2227000e+00   3.1053000e+00   3.1298000e+00  -1.3809000e+00   1.2880000e+00
   3.0869000e+00   3.1466000e+00   3.1219000e+00   3.1147000e+00  -1.1601000e+00   2.1567000e+00
   3.2072000e+00   3.2337000e+00   3.2403000e+00   3.2097000e+00  -7.7600000e-01   3.1484000e+00
   3.2119000e+00   3.2445000e+00   3.2604000e+00   3.2405000e+00  -1.5420000e-01   4.0101000e+00
   3.2802000e+00   3.2703000e+00   3.3067000e+00   3.2733000e+00   2.6470000e-01   4.3862000e+00
   3.3990000e+00   3.3388000e+00   3.4089000e+00   3.3708000e+00   4.7430000e-01   4.4113000e+00
   3.5497000e+00   3.4067000e+00   3.5227000e+00   3.4580000e+00   8.5820000e-01   4.2752000e+00
   3.7301000e+00   3.6193000e+00   3.7169000e+00   3.6642000e+00   1.2684000e+00   4.0332000e+00
   3.9121000e+00   3.7887000e+00   3.8930000e+00   3.8473000e+00   1.1505000e+00   3.7107000e+00
   4.1051000e+00   3.9506000e+00   4.0480000e+00   3.9853000e+00   1.4111000e+00   3.3221000e+00
   4.2037000e+00   4.0488000e+00   4.1382000e+00   4.0763000e+00   1.6675000e+00   2.8857000e+00
   4.2606000e+00   4.1683000e+00   4.2335000e+00   4.2014000e+00   1.7025000e+00   2.4715000e+00
   4.2638000e+00   4.2085000e+00   4.2452000e+00   4.2423000e+00   1.5352000e+00   2.2010000e+00
   4.3198000e+00   4.1962000e+00   4.2438000e+00   4.2098000e+00   1.3437000e+00   2.0558000e+00
   4.4159000e+00   4.2665000e+00   4.2979000e+00   4.2404000e+00   1.1583000e+00   1.9303000e+00
   4.4846000e+00   4.3359000e+00   4.3423000e+00   4.2762000e+00   9.8570000e-01   1.8377000e+00
   4.5143000e+00   4.3479000e+00   4.3722000e+00   4.3009000e+00   9.1710000e-01   1.8597000e+00
   4.4482000e+00   4.2767000e+00   4.3134000e+00   4.2341000e+00   9.2400000e-01   1.8394000e+00
   4.4196000e+00   4.2315000e+00   4.2522000e+00   4.1451000e+00   9.3160000e-01   1.7199000e+00
   4.4495000e+00   4.2596000e+00   4.2542000e+00   4.1307000e+00   8.7790000e-01   1.5172000e+00
   4.4116000e+00   4.2453000e+00   4.2191000e+00   4.1147000e+00   6.9290000e-01   1.2554000e+00
   4.2388000e+00   4.0996000e+00   4.0165000e+00   3.9781000e+00   4.9180000e-01   1.0156000e+00
   3.9833000e+00   3.9511000e+00   3.7994000e+00   3.8827000e+00   5.0810000e-01   1.0171000e+00
   3.6878000e+00   3.8067000e+00   3.6515000e+00   3.8544000e+00   6.1410000e-01   1.0528000e+00
   3.4488000e+00   3.7208000e+00   3.5763000e+00   3.8318000e+00   8.1130000e-01   1.0833000e+00
   3.3035000e+00   3.6792000e+00   3.5098000e+00   3.7945000e+00   9.7630000e-01   1.0987000e+00
   3.1846000e+00   3.6470000e+00   3.4737000e+00   3.7678000e+00   9.7850000e-01   1.0851000e+00
   3.0374000e+00   3.6423000e+00   3.4598000e+00   3.7620000e+00   8.7400000e-01   1.1219000e+00
   2.9262000e+00   3.6739000e+00   3.4438000e+00   3.7432000e+00   8.0380000e-01   1.1530000e+00
   2.8653000e+00   3.6839000e+00   3.4059000e+00   3.6969000e+00   7.7210000e-01   1.1041000e+00
   2.7633000e+00   3.6014000e+00   3.2777000e+00   3.4715000e+00   7.5460000e-01   1.0049000e+00
   2.6284000e+00   3.3952000e+00   3.0990000e+00   3.1485000e+00   7.0520000e-01   9.3840000e-01
   2.3896000e+00   3.1006000e+00   2.8038000e+00   2.7816000e+00   6.3370000e-01   9.4330000e-01
   2.1189000e+00   2.8440000e+00   2.5615000e+00   2.5140000e+00   5.8530000e-01   8.3400000e-01
   1.9781000e+00   2.6439000e+00   2.3166000e+00   2.2075000e+00   5.3200000e-01   7.9190000e-01
   1.8936000e+00   2.5058000e+00   2.1333000e+00   2.0255000e+00   5.2370000e-01   7.4820000e-01
   1.8222000e+00   2.5238000e+00   2.1113000e+00   2.0986000e+00   6.0850000e-01   7.3780000e-01
   1.9557000e+00   2.6480000e+00   2.2564000e+00   2.3477000e+00   7.0150000e-01   6.9530000e-01
   2.2010000e+00   2.9439000e+00   2.5385000e+00   2.7697000e+00   7.2160000e-01   5.7280000e-01
   2.4957000e+00   3.2775000e+00   2.7662000e+00   3.1109000e+00   7.2740000e-01   4.6890000e-01
   2.2926000e+00   3.4405000e+00   2.6827000e+00   3.2881000e+00   7.6610000e-01   3.8950000e-01
   3.0816000e+00   3.8898000e+00   3.1942000e+00   3.5475000e+00   8.3180000e-01   3.7860000e-01
   2.3837000e+00   3.6458000e+00   2.8400000e+00   3.1840000e+00   8.1770000e-01   3.6080000e-01
   2.3708000e+00   3.4508000e+00   3.0704000e+00   3.7417000e+00   7.1990000e-01   2.8620000e-01
   2.5181000e+00   3.8622000e+00   3.3255000e+00   4.0157000e+00   6.0630000e-01   1.3280000e-01
   2.5792000e+00   3.9042000e+00   3.1542000e+00   3.6280000e+00   4.5380000e-01  -3.6000000e-03
   2.5911000e+00   3.9617000e+00   3.0997000e+00   3.5365000e+00   3.5140000e-01  -1.6070000e-01
   2.5344000e+00   3.8125000e+00   2.9803000e+00   3.4505000e+00   3.4970000e-01  -3.4010000e-01
   2.6471000e+00   3.9204000e+00   3.2206000e+00   3.8114000e+00   2.6070000e-01  -4.5820000e-01
   3.0121000e+00   4.1903000e+00   3.6875000e+00   4.1880000e+00  -3.5400000e-02  -5.4340000e-01
   3.0024000e+00   4.3849000e+00   4.0399000e+00   4.5954000e+00  -2.9410000e-01  -7.1720000e-01
   2.8077000e+00   4.1894000e+00   4.1145000e+00   4.8500000e+00  -2.9420000e-01  -8.6410000e-01
   2.9082000e+00   5.1840000e+00   5.1202000e+00   6.1635000e+00  -4.0310000e-01  -9.0470000e-01
   2.7276000e+00   4.5139000e+00   4.9523000e+00   6.2055000e+00  -5.5290000e-01  -9.3030000e-01
   2.7269000e+00   4.3446000e+00   4.8693000e+00   5.8630000e+00  -6.3760000e-01  -8.0450000e-01
   2.2959000e+00   4.0337000e+00   3.8048000e+00   4.8336000e+00  -1.0345000e+00  -7.0760000e-01
   2.5120000e+00   4.2536000e+00   3.9117000e+00   4.5367000e+00  -1.4927000e+00  -7.1900000e-01
   3.0924000e+00   4.6302000e+00   4.5425000e+00   5.0963000e+00  -1.7716000e+00  -7.4440000e-01
   4.5443000e+00   5.1070000e+00   4.8035000e+00   4.7213000e+00  -1.7015000e+00  -4.3810000e-01
   4.7802000e+00   5.6860000e+00   4.8512000e+00   4.5557000e+00  -1.8235000e+00  -7.2870000e-01
   5.6896000e+00   6.5188000e+00   5.6110000e+00   5.1315000e+00  -2.3284000e+00  -7.7480000e-01
   5.3811000e+00   6.9559000e+00   5.4872000e+00   5.2373000e+00  -2.7495000e+00  -1.2360000e-01
   5.4498000e+00   7.0055000e+00   5.7621000e+00   5.6608000e+00  -3.4435000e+00  -3.3250000e-01
   5.6712000e+00   6.9768000e+00   5.7608000e+00   5.6353000e+00  -4.0925000e+00  -2.4140000e-01
   6.5659000e+00   6.9760000e+00   6.0613000e+00   5.9513000e+00  -2.2911000e+00  -4.4000000e-03
   6.5108000e+00   7.4617000e+00   6.5893000e+00   6.5364000e+00  -1.0521000e+00  -7.8900000e-02
   6.2703000e+00   7.1392000e+00   6.6373000e+00   6.6933000e+00  -8.7400000e-02  -1.0972000e+00
   6.3187000e+00   6.9060000e+00   6.4121000e+00   6.5630000e+00   5.2980000e-01  -2.5629000e+00
   6.6179000e+00   7.1286000e+00   6.6001000e+00   6.4371000e+00   6.4700000e-01  -3.1527000e+00
   6.9024000e+00   7.3973000e+00   7.0876000e+00   7.0950000e+00  -1.2630000e-01  -3.5762000e+00
   7.2498000e+00   7.4062000e+00   7.4174000e+00   7.5143000e+00  -2.7530000e-01  -3.6659000e+00
   7.6492000e+00   7.7073000e+00   7.8036000e+00   7.9665000e+00  -1.1810000e-01  -2.0994000e+00
   7.9631000e+00   8.2039000e+00   8.2361000e+00   8.5107000e+00  -2.0590000e-01  -1.6058000e+00
   8.4471000e+00   8.7286000e+00   8.7565000e+00   9.0867000e+00   8.0700000e-02  -2.0892000e+00
   8.7933000e+00   9.1109000e+00   8.9232000e+00   9.1277000e+00   4.6310000e-01  -2.3102000e+00
   9.0839000e+00   9.5153000e+00   9.2273000e+00   9.4482000e+00   3.9860000e-01  -1.7950000e+00
   9.2243000e+00   9.7828000e+00   9.4025000e+00   9.6367000e+00  -4.2270000e-01  -9.0650000e-01
   9.2433000e+00   9.7140000e+00   9.3861000e+00   9.6019000e+00  -1.6422000e+00  -1.7520000e-01
   9.2524000e+00   9.6243000e+00   9.3231000e+00   9.4753000e+00  -2.4004000e+00  -6.3800000e-02
   9.1092000e+00   9.4565000e+00   9.2229000e+00   9.3518000e+00  -2.6720000e+00  -4.4830000e-01
   9.0232000e+00   9.1525000e+00   9.0653000e+00   9.1415000e+00  -2.7185000e+00  -4.9240000e-01
   9.1194000e+00   9.1526000e+00   9.1000000e+00   9.0955000e+00  -2.7379000e+00   2.2830000e-01
   9.0376000e+00   9.0742000e+00   9.0388000e+00   8.9993000e+00  -2.8692000e+00   8.0360000e-01
   8.9694000e+00   9.1318000e+00   9.1216000e+00   9.2252000e+00  -3.1443000e+00   8.3800000e-01
   8.9637000e+00   9.0858000e+00   9.0610000e+00   9.1521000e+00  -3.4951000e+00   7.8680000e-01
   9.0186000e+00   9.2325000e+00   9.0745000e+00   9.1406000e+00  -3.6628000e+00   7.6490000e-01
   9.0142000e+00   9.1937000e+00   9.0525000e+00   9.1125000e+00  -3.7795000e+00   6.7790000e-01
   8.8763000e+00   8.9896000e+00   8.7553000e+00   8.7141000e+00  -4.1095000e+00   5.9300000e-01
   8.7501000e+00   8.6898000e+00   8.4639000e+00   8.2446000e+00  -4.5928000e+00   4.5590000e-01
   8.6924000e+00   8.4531000e+00   8.3195000e+00   8.0055000e+00  -4.9836000e+00   1.5330000e-01
   8.3891000e+00   8.3815000e+00   8.2346000e+00   8.0096000e+00  -5.1789000e+00  -5.8640000e-01
   8.0200000e+00   8.5085000e+00   8.0322000e+00   7.8621000e+00  -5.4652000e+00  -1.3849000e+00
   7.4734000e+00   7.7276000e+00   7.5295000e+00   7.6397000e+00  -5.8345000e+00  -2.3766000e+00
   7.6163000e+00   7.6090000e+00   7.3929000e+00   7.3301000e+00  -5.9923000e+00  -3.4441000e+00
   7.6234000e+00   7.5795000e+00   7.3958000e+00   7.3763000e+00  -6.0540000e+00  -3.9176000e+00
   7.4584000e+00   7.5159000e+00   7.1671000e+00   7.0583000e+00  -5.9306000e+00  -4.2904000e+00
   6.8944000e+00   6.9672000e+00   6.8926000e+00   6.8681000e+00  -5.7562000e+00  -4.7349000e+00
   6.7657000e+00   6.7042000e+00   6.4571000e+00   6.3044000e+00  -5.6321000e+00  -4.9601000e+00
   5.6025000e+00   5.8910000e+00   5.9796000e+00   6.0947000e+00  -5.5416000e+00  -4.9494000e+00
   5.6359000e+00   5.3705000e+00   5.1948000e+00   5.0438000e+00  -5.4875000e+00  -4.8841000e+00
   5.7177000e+00   5.8613000e+00   5.5451000e+00   5.3444000e+00  -5.4384000e+00  -4.8704000e+00
   5.5023000e+00   5.7478000e+00   5.3437000e+00   5.2790000e+00  -5.4240000e+00  -4.8688000e+00
   5.0774000e+00   5.2433000e+00   5.1526000e+00   5.1404000e+00  -5.4580000e+00  -4.8650000e+00
   4.0085000e+00   4.1633000e+00   4.2517000e+00   4.4925000e+00  -5.4989000e+00  -4.8696000e+00
   3.7001000e+00   3.8547000e+00   3.7168000e+00   3.6496000e+00  -5.5116000e+00  -4.8975000e+00
   3.1319000e+00   3.1671000e+00   3.1711000e+00   3.2918000e+00  -5.4689000e+00  -5.0217000e+00
   3.4057000e+00   3.4973000e+00   3.2067000e+00   3.0973000e+00  -5.4143000e+00  -5.1594000e+00
   3.1754000e+00   3.3105000e+00   3.1964000e+00   3.1621000e+00  -5.3251000e+00  -5.2224000e+00
   2.6226000e+00   2.7434000e+00   2.7297000e+00   2.7970000e+00  -5.2160000e+00  -5.2243000e+00
   2.0860000e+00   2.1762000e+00   2.2847000e+00   2.4236000e+00  -5.1339000e+00  -5.1846000e+00
   1.6603000e+00   1.5893000e+00   1.6985000e+00   1.7942000e+00  -5.0542000e+00  -5.1403000e+00
   1.1562000e+00   1.2478000e+00   1.1690000e+00   1.2814000e+00  -4.9555000e+00  -5.0922000e+00
   8.6990000e-01   9.5740000e-01   8.4620000e-01   8.0890000e-01  -4.8140000e+00  -5.0020000e+00
  -3.6900000e-02   1.1500000e-01   3.1750000e-01   5.3750000e-01  -4.6151000e+00  -4.8376000e+00
  -4.7800000e-01  -5.4140000e-01  -4.3180000e-01  -3.0360000e-01  -4.3073000e+00  -4.4853000e+00
  -6.8200000e-01  -7.0920000e-01  -6.9500000e-01  -7.2040000e-01  -3.9731000e+00  -4.1599000e+00
  -1.0022000e+00  -1.0376000e+00  -9.5930000e-01  -8.9860000e-01  -3.6290000e+00  -3.7437000e+00
  -1.3126000e+00  -1.4850000e+00  -1.3649000e+00  -1.3712000e+00  -2.9037000e+00  -2.9100000e+00
  -1.6391000e+00  -1.7618000e+00  -1.6652000e+00  -1.7258000e+00  -2.1829000e+00  -2.1697000e+00
  -1.8848000e+00  -1.8710000e+00  -1.8645000e+00  -1.8832000e+00  -1.8064000e+00  -1.7433000e+00
  -1.9818000e+00  -2.0717000e+00  -2.0126000e+00  -2.0072000e+00  -1.7836000e+00  -1.7745000e+00
  -2.4096000e+00  -2.5132000e+00  -2.3461000e+00  -2.3284000e+00  -1.8075000e+00  -1.9215000e+00
  -2.9932000e+00  -3.0967000e+00  -2.8906000e+00  -2.8426000e+00  -1.7611000e+00  -1.8939000e+00
  -3.4895000e+00  -3.6224000e+00  -3.4525000e+00  -3.4423000e+00  -1.8368000e+00  -2.0032000e+00
  -3.9613000e+00  -4.2467000e+00  -3.9586000e+00  -3.9942000e+00  -1.8213000e+00  -2.0168000e+00
  -4.6220000e+00  -5.4990000e+00  -4.8106000e+00  -4.9050000e+00  -1.8364000e+00  -2.1126000e+00
  -5.5234000e+00  -6.8028000e+00  -6.1746000e+00  -6.4585000e+00  -1.7867000e+00  -2.1282000e+00
  -6.1954000e+00  -7.0906000e+00  -6.9834000e+00  -7.2273000e+00  -1.7235000e+00  -2.0583000e+00
  -6.6794000e+00  -7.2986000e+00  -7.2324000e+00  -7.3535000e+00  -1.7662000e+00  -2.0665000e+00
  -6.9504000e+00  -7.5128000e+00  -7.4792000e+00  -7.5749000e+00  -1.7846000e+00  -2.0548000e+00
  -7.1183000e+00  -7.5708000e+00  -7.6066000e+00  -7.7476000e+00  -1.7922000e+00  -2.0417000e+00
  -7.3465000e+00  -7.7004000e+00  -7.7016000e+00  -7.7522000e+00  -1.8492000e+00  -2.0629000e+00
  -7.6212000e+00  -7.8573000e+00  -7.8743000e+00  -7.8767000e+00  -1.9087000e+00  -2.0916000e+00
  -7.9064000e+00  -7.9776000e+00  -7.9990000e+00  -7.9220000e+00  -1.9434000e+00  -2.1034000e+00
  -8.1124000e+00  -7.9563000e+00  -8.0899000e+00  -7.8762000e+00  -1.9152000e+00  -2.0961000e+00
  -8.1638000e+00  -7.8376000e+00  -8.0089000e+00  -7.6852000e+00  -1.8383000e+00  -2.0590000e+00
  -8.1593000e+00  -7.6230000e+00  -7.8351000e+00  -7.3923000e+00  -1.7184000e+00  -1.9853000e+00
  -8.0878000e+00  -7.2802000e+00  -7.5340000e+00  -6.9771000e+00  -1.5635000e+00  -1.8453000e+00
  -7.9831000e+00  -6.8558000e+00  -7.1110000e+00  -6.5183000e+00  -1.3660000e+00  -1.6477000e+00
  -7.7144000e+00  -6.4034000e+00  -6.6768000e+00  -6.1384000e+00  -1.1073000e+00  -1.3929000e+00
  -7.4293000e+00  -5.9649000e+00  -6.2595000e+00  -5.8492000e+00  -8.0350000e-01  -1.1296000e+00
  -7.1129000e+00  -5.6004000e+00  -5.8903000e+00  -5.6261000e+00  -4.0760000e-01  -8.6860000e-01
  -6.7489000e+00  -5.2421000e+00  -5.5431000e+00  -5.4180000e+00   4.3400000e-02  -6.2450000e-01
  -6.3069000e+00  -4.9311000e+00  -5.2224000e+00  -5.2216000e+00   4.4250000e-01  -3.9440000e-01
  -5.7601000e+00  -4.6489000e+00  -4.9067000e+00  -5.0096000e+00   6.8090000e-01  -2.6980000e-01
  -5.1524000e+00  -4.4247000e+00  -4.6180000e+00  -4.7952000e+00   6.6810000e-01  -2.5460000e-01
  -4.5536000e+00  -4.2749000e+00  -4.3986000e+00  -4.5707000e+00   3.4700000e-01  -2.2940000e-01
  -4.1420000e+00  -4.1694000e+00  -4.2558000e+00  -4.3713000e+00  -1.0320000e+00  -1.6340000e-01
  -3.8352000e+00  -4.0284000e+00  -4.0975000e+00  -4.1712000e+00  -2.0195000e+00  -6.0500000e-02
  -3.5414000e+00  -3.7848000e+00  -3.8514000e+00  -3.9068000e+00  -1.8061000e+00   2.6600000e-02
  -3.2244000e+00  -3.4574000e+00  -3.5287000e+00  -3.5781000e+00  -1.1758000e+00  -8.3500000e-02
  -2.8969000e+00  -3.1382000e+00  -3.1877000e+00  -3.2329000e+00  -4.4490000e-01  -8.7400000e-02
  -2.5532000e+00  -2.8102000e+00  -2.8463000e+00  -2.9051000e+00   3.8280000e-01   1.3070000e-01
  -2.1746000e+00  -2.4136000e+00  -2.4480000e+00  -2.5062000e+00   1.0036000e+00   3.7790000e-01
  -1.7854000e+00  -2.0640000e+00  -2.0832000e+00  -2.1493000e+00   1.3542000e+00   4.8680000e-01
  -1.3969000e+00  -1.7009000e+00  -1.7337000e+00  -1.8379000e+00   1.4962000e+00   3.5080000e-01
  -1.0714000e+00  -1.3935000e+00  -1.3927000e+00  -1.5152000e+00   1.7221000e+00   4.4000000e-02
  -7.9650000e-01  -1.0772000e+00  -1.1100000e+00  -1.2592000e+00   1.9945000e+00  -1.6240000e-01
  -6.3010000e-01  -8.1460000e-01  -8.6130000e-01  -9.9840000e-01   2.1459000e+00   3.5300000e-02
  -3.9460000e-01  -5.7970000e-01  -6.1730000e-01  -7.6850000e-01   2.2393000e+00   5.2970000e-01
   1.4300000e-02  -2.6820000e-01  -2.5700000e-01  -4.1890000e-01   2.2363000e+00   9.1440000e-01
   4.9710000e-01   9.5400000e-02   1.7540000e-01   9.2000000e-03   1.5651000e+00   1.0662000e+00
   1.0812000e+00   6.7200000e-01   7.6550000e-01   5.9370000e-01   8.5090000e-01   1.2676000e+00
   1.5137000e+00   1.2464000e+00   1.2846000e+00   1.1510000e+00   9.0610000e-01   1.9712000e+00
   1.8595000e+00   1.6760000e+00   1.6544000e+00   1.5487000e+00   2.3189000e+00   2.7895000e+00
   1.9843000e+00   1.8297000e+00   1.8500000e+00   1.7705000e+00   4.3559000e+00   3.1412000e+00
   2.0309000e+00   1.9651000e+00   1.9750000e+00   1.9373000e+00   5.2465000e+00   3.5177000e+00
   2.1201000e+00   2.1046000e+00   2.0962000e+00   2.0855000e+00   5.1300000e+00   3.9601000e+00
   2.3478000e+00   2.3279000e+00   2.3063000e+00   2.2890000e+00   4.8317000e+00   3.9684000e+00
   2.6034000e+00   2.5705000e+00   2.5575000e+00   2.5343000e+00   4.9791000e+00   3.5894000e+00
   2.8517000e+00   2.8721000e+00   2.8217000e+00   2.8005000e+00   4.6353000e+00   3.5499000e+00
   2.9809000e+00   3.0739000e+00   2.9662000e+00   2.9505000e+00   4.6049000e+00   4.3074000e+00
   3.0450000e+00   3.1467000e+00   3.0485000e+00   3.0372000e+00   4.6724000e+00   5.0752000e+00
   3.1394000e+00   3.1631000e+00   3.1047000e+00   3.0808000e+00   4.9982000e+00   5.5439000e+00
   3.3400000e+00   3.3293000e+00   3.2356000e+00   3.1746000e+00   5.4360000e+00   5.9612000e+00
   3.5929000e+00   3.5651000e+00   3.4578000e+00   3.3607000e+00   5.7307000e+00   5.6381000e+00
   3.6972000e+00   3.7129000e+00   3.5876000e+00   3.4869000e+00   6.0495000e+00   7.3435000e+00
   3.8311000e+00   3.7672000e+00   3.7145000e+00   3.6051000e+00   5.8415000e+00   7.4528000e+00
   4.0583000e+00   3.9000000e+00   3.9107000e+00   3.7845000e+00   7.6663000e+00   7.4129000e+00
   4.3108000e+00   4.1054000e+00   4.1457000e+00   4.0012000e+00   8.2013000e+00   7.7516000e+00
   4.6110000e+00   4.3276000e+00   4.4395000e+00   4.2864000e+00   7.5334000e+00   8.0428000e+00
   4.9003000e+00   4.6371000e+00   4.7394000e+00   4.5872000e+00   7.7822000e+00   8.0968000e+00
   5.2253000e+00   4.9293000e+00   5.0491000e+00   4.9019000e+00   8.5342000e+00   8.5040000e+00
   5.6057000e+00   5.3447000e+00   5.4528000e+00   5.3270000e+00   9.0605000e+00   8.8669000e+00
   5.9594000e+00   5.7377000e+00   5.8151000e+00   5.6967000e+00   9.1176000e+00   9.1583000e+00
   6.3342000e+00   6.1116000e+00   6.1821000e+00   6.0658000e+00   9.2832000e+00   9.3766000e+00
   6.6277000e+00   6.4145000e+00   6.4811000e+00   6.3736000e+00   9.3191000e+00   9.3930000e+00
   6.8516000e+00   6.6183000e+00   6.6915000e+00   6.5620000e+00   9.3090000e+00   9.4024000e+00
   6.9963000e+00   6.7940000e+00   6.8368000e+00   6.6892000e+00   9.3023000e+00   9.3994000e+00
   7.1260000e+00   6.9212000e+00   6.9641000e+00   6.8021000e+00   9.2993000e+00   9.3467000e+00
   7.3074000e+00   7.0856000e+00   7.1536000e+00   6.9826000e+00   9.1878000e+00   9.2907000e+00
   7.3920000e+00   7.2345000e+00   7.2947000e+00   7.1485000e+00   8.9163000e+00   9.2208000e+00
   7.5242000e+00   7.3277000e+00   7.4165000e+00   7.2565000e+00   8.6989000e+00   9.1377000e+00
   7.7980000e+00   7.5365000e+00   7.6381000e+00   7.4306000e+00   8.5763000e+00   9.0672000e+00
   8.2283000e+00   7.9282000e+00   8.0262000e+00   7.7514000e+00   8.4889000e+00   9.1220000e+00
   8.4686000e+00   8.3696000e+00   8.4091000e+00   8.2063000e+00   8.6527000e+00   9.2235000e+00
   8.7217000e+00   8.4596000e+00   8.6168000e+00   8.4807000e+00   8.8762000e+00   9.2796000e+00
   8.6781000e+00   8.5934000e+00   8.7473000e+00   8.6778000e+00   9.1002000e+00   9.3481000e+00
   8.5067000e+00   8.4713000e+00   8.5898000e+00   8.6493000e+00   9.2687000e+00   9.3714000e+00
   8.4962000e+00   8.2452000e+00   8.4023000e+00   8.5039000e+00   9.4107000e+00   9.3658000e+00
   8.5225000e+00   8.0572000e+00   8.2467000e+00   8.3195000e+00   9.5403000e+00   9.3484000e+00
   8.5560000e+00   7.9512000e+00   8.1741000e+00   8.2052000e+00   9.5958000e+00   9.2866000e+00
   8.6358000e+00   7.9933000e+00   8.1939000e+00   8.1377000e+00   9.6230000e+00   9.2091000e+00
   8.8007000e+00   8.2375000e+00   8.4208000e+00   8.2912000e+00   9.6123000e+00   9.1393000e+00
   8.7939000e+00   8.4215000e+00   8.5768000e+00   8.5649000e+00   9.5372000e+00   9.1241000e+00
   8.7073000e+00   8.4020000e+00   8.5467000e+00   8.5852000e+00   9.4235000e+00   9.1262000e+00
   8.6886000e+00   8.4040000e+00   8.4899000e+00   8.4987000e+00   9.2872000e+00   9.1126000e+00
   8.7994000e+00   8.4626000e+00   8.5171000e+00   8.4704000e+00   9.1443000e+00   9.0619000e+00
   8.8598000e+00   8.5830000e+00   8.6263000e+00   8.6073000e+00   9.0184000e+00   8.9481000e+00
   8.6677000e+00   8.5646000e+00   8.5632000e+00   8.5357000e+00   8.8262000e+00   8.6673000e+00
   8.1534000e+00   8.0659000e+00   8.0439000e+00   7.9947000e+00   8.4602000e+00   8.0897000e+00
   7.5818000e+00   7.6159000e+00   7.6728000e+00   7.6475000e+00   7.5266000e+00   7.1831000e+00
   6.9987000e+00   7.1648000e+00   7.1880000e+00   7.1792000e+00   7.0881000e+00   7.1100000e+00
   6.4466000e+00   6.6509000e+00   6.6844000e+00   6.7255000e+00   6.3709000e+00   6.3492000e+00
   5.9122000e+00   6.2591000e+00   6.2097000e+00   6.2321000e+00   5.3103000e+00   5.1600000e+00
   5.6776000e+00   6.1624000e+00   5.8676000e+00   5.7016000e+00   4.6808000e+00   4.4554000e+00
   5.5730000e+00   6.1400000e+00   5.7143000e+00   5.4225000e+00   4.2235000e+00   4.0889000e+00
   5.3288000e+00   6.0809000e+00   5.5430000e+00   5.2110000e+00   3.9956000e+00   4.4049000e+00
   5.1480000e+00   5.8858000e+00   5.3773000e+00   5.0281000e+00   4.3750000e+00   4.8658000e+00
   5.0194000e+00   5.6585000e+00   5.2385000e+00   4.8811000e+00   4.7125000e+00   4.8420000e+00
   5.0377000e+00   5.5232000e+00   5.1925000e+00   4.7687000e+00   4.6223000e+00   4.7854000e+00
   5.0620000e+00   5.4801000e+00   5.1268000e+00   4.6742000e+00   4.7018000e+00   5.0016000e+00
   5.2059000e+00   5.5110000e+00   5.0954000e+00   4.4998000e+00   4.9961000e+00   5.1261000e+00
   5.3535000e+00   5.7054000e+00   5.2196000e+00   4.4459000e+00   4.9974000e+00   5.1067000e+00
   5.4077000e+00   5.8407000e+00   5.2511000e+00   4.4464000e+00   4.8649000e+00   5.0666000e+00
   5.4092000e+00   5.7564000e+00   5.2074000e+00   4.3741000e+00   4.6945000e+00   4.9884000e+00
   5.3876000e+00   5.7076000e+00   5.1611000e+00   4.3044000e+00   4.4361000e+00   4.8411000e+00
   5.3558000e+00   5.6670000e+00   5.0620000e+00   4.1953000e+00   4.1529000e+00   4.6230000e+00
   5.3061000e+00   5.5491000e+00   4.9352000e+00   4.0494000e+00   3.8492000e+00   4.3743000e+00
   5.2416000e+00   5.4312000e+00   4.8270000e+00   3.9450000e+00   3.5179000e+00   4.1059000e+00
   5.1492000e+00   5.3250000e+00   4.7106000e+00   3.8762000e+00   3.2154000e+00   3.8545000e+00
   4.9735000e+00   5.1591000e+00   4.5328000e+00   3.7868000e+00   2.9369000e+00   3.6039000e+00
   4.7168000e+00   4.8674000e+00   4.2812000e+00   3.6587000e+00   2.6283000e+00   3.3036000e+00
   4.4841000e+00   4.5198000e+00   4.0180000e+00   3.5852000e+00   2.3427000e+00   2.9757000e+00
   4.2870000e+00   4.1102000e+00   3.7414000e+00   3.5489000e+00   2.0858000e+00   2.6650000e+00
   4.0836000e+00   3.6812000e+00   3.4548000e+00   3.5438000e+00   1.8159000e+00   2.3676000e+00
   3.8215000e+00   3.3845000e+00   3.1902000e+00   3.5228000e+00   1.5394000e+00   2.0661000e+00
   3.5145000e+00   3.3225000e+00   3.0079000e+00   3.4896000e+00   1.3037000e+00   1.8283000e+00
   3.1296000e+00   3.3921000e+00   2.9113000e+00   3.4393000e+00   1.1103000e+00   1.6354000e+00
   2.7001000e+00   3.4706000e+00   2.9094000e+00   3.3804000e+00   9.3690000e-01   1.4508000e+00
   2.5022000e+00   3.4678000e+00   2.9174000e+00   3.2643000e+00   7.8190000e-01   1.2921000e+00
   2.5188000e+00   3.3556000e+00   2.8821000e+00   3.0797000e+00   6.7100000e-01   1.1548000e+00
   2.5123000e+00   3.2285000e+00   2.8039000e+00   2.8050000e+00   5.7520000e-01   9.8240000e-01
   2.5053000e+00   2.9909000e+00   2.5693000e+00   2.5509000e+00   4.8700000e-01   8.0100000e-01
   2.3566000e+00   2.7388000e+00   2.4280000e+00   2.4638000e+00   3.9590000e-01   6.3630000e-01
   2.1208000e+00   2.7147000e+00   2.4555000e+00   2.4419000e+00   2.6330000e-01   4.4850000e-01
   2.0515000e+00   2.8093000e+00   2.4847000e+00   2.5230000e+00   7.9400000e-02   2.5730000e-01
   1.9863000e+00   2.8920000e+00   2.5601000e+00   2.7990000e+00  -9.8000000e-02   9.1700000e-02
   2.0148000e+00   3.1242000e+00   2.7884000e+00   3.2545000e+00  -2.2250000e-01  -7.6000000e-03
   2.2523000e+00   3.6197000e+00   3.2631000e+00   3.9626000e+00  -3.2120000e-01  -1.0990000e-01
   2.6699000e+00   4.4689000e+00   4.0941000e+00   5.0762000e+00  -3.6530000e-01  -1.7430000e-01
   3.4766000e+00   5.7480000e+00   5.4448000e+00   6.5736000e+00  -3.2760000e-01  -1.5460000e-01
   5.3305000e+00   7.2072000e+00   7.0093000e+00   7.3848000e+00  -2.8550000e-01  -8.6500000e-02
   7.2419000e+00   7.5687000e+00   7.4182000e+00   7.4027000e+00  -1.0850000e-01   1.1180000e-01
   7.4360000e+00   7.6143000e+00   7.4339000e+00   7.5275000e+00   3.3110000e-01   5.2060000e-01
   7.5320000e+00   7.8097000e+00   7.5436000e+00   7.5529000e+00   8.2960000e-01   1.1527000e+00
   7.6373000e+00   7.8575000e+00   7.6449000e+00   7.7472000e+00   1.1147000e+00   1.6197000e+00
   7.7264000e+00   8.0180000e+00   7.8652000e+00   8.0102000e+00   1.1354000e+00   1.9205000e+00
   7.8406000e+00   8.2563000e+00   8.0177000e+00   8.1974000e+00   1.0912000e+00   2.2711000e+00
   8.0245000e+00   8.6044000e+00   8.3284000e+00   8.4047000e+00   9.8420000e-01   2.6925000e+00
   8.2766000e+00   8.6768000e+00   8.3812000e+00   8.4243000e+00   1.0793000e+00   3.1418000e+00
   8.3577000e+00   8.7417000e+00   8.4444000e+00   8.5068000e+00   1.8601000e+00   3.4502000e+00
   8.5648000e+00   8.9098000e+00   8.6467000e+00   8.7161000e+00   3.2347000e+00   3.7612000e+00
   8.7711000e+00   9.1182000e+00   8.8483000e+00   8.9064000e+00   4.2026000e+00   4.0908000e+00
   8.9357000e+00   9.2170000e+00   8.9639000e+00   8.9788000e+00   4.8407000e+00   4.2695000e+00
   9.1021000e+00   9.2989000e+00   9.0922000e+00   9.1169000e+00   5.2047000e+00   4.5237000e+00
   9.1149000e+00   9.2774000e+00   9.1202000e+00   9.2014000e+00   5.0086000e+00   4.9538000e+00
   9.1626000e+00   9.3731000e+00   9.2211000e+00   9.3432000e+00   4.0713000e+00   7.0621000e+00
   9.1500000e+00   9.3609000e+00   9.2705000e+00   9.3980000e+00   3.6844000e+00   8.2506000e+00
   9.2203000e+00   9.3581000e+00   9.3693000e+00   9.4649000e+00   6.6994000e+00   8.9514000e+00
   9.3352000e+00   9.3953000e+00   9.4540000e+00   9.5001000e+00   8.4181000e+00   9.0542000e+00
   9.4319000e+00   9.4114000e+00   9.4905000e+00   9.5453000e+00   9.2616000e+00   8.9170000e+00
   9.3802000e+00   9.4445000e+00   9.5082000e+00   9.6593000e+00   9.0358000e+00   8.7824000e+00
   9.3633000e+00   9.5089000e+00   9.5878000e+00   9.7458000e+00   8.6734000e+00   8.5939000e+00
   9.5322000e+00   9.7118000e+00   9.7667000e+00   9.8593000e+00   8.5025000e+00   8.3218000e+00
   9.6409000e+00   9.8207000e+00   9.8566000e+00   9.9253000e+00   8.1110000e+00   8.1588000e+00
   9.6698000e+00   9.8324000e+00   9.8792000e+00   9.9302000e+00   7.6719000e+00   8.0916000e+00
   9.6930000e+00   9.8683000e+00   9.8747000e+00   9.8910000e+00   7.5060000e+00   7.9365000e+00
   9.6949000e+00   9.8273000e+00   9.8131000e+00   9.7993000e+00   7.3060000e+00   7.4566000e+00
   9.7370000e+00   9.7662000e+00   9.7826000e+00   9.7567000e+00   6.9804000e+00   7.0458000e+00
   9.6852000e+00   9.6855000e+00   9.6856000e+00   9.6409000e+00   6.7490000e+00   6.7795000e+00
   9.6156000e+00   9.6111000e+00   9.5552000e+00   9.4619000e+00   6.4891000e+00   6.5861000e+00
