   6.3030000e+00   6.4620000e+00   6.4270000e+00   6.5000000e+00   6.5390000e+00   6.2160000e+00
   6.4330000e+00   6.5650000e+00   6.5300000e+00   6.5880000e+00   6.3610000e+00   6.2260000e+00
   6.5620000e+00   6.6620000e+00   6.6560000e+00   6.6740000e+00   6.3990000e+00   6.4370000e+00
   6.8750000e+00   6.8970000e+00   6.9060000e+00   6.8710000e+00   6.5050000e+00   6.6130000e+00
   7.1450000e+00   7.1180000e+00   7.1570000e+00   7.1190000e+00   6.5470000e+00   6.7460000e+00
   7.4020000e+00   7.3700000e+00   7.4070000e+00   7.3820000e+00   6.6060000e+00   6.8160000e+00
   7.6570000e+00   7.6360000e+00   7.6510000e+00   7.6260000e+00   6.7350000e+00   6.8450000e+00
   7.7930000e+00   7.7870000e+00   7.7970000e+00   7.7840000e+00   6.7630000e+00   6.8850000e+00
   7.8020000e+00   7.8250000e+00   7.8360000e+00   7.8510000e+00   6.7760000e+00   6.9310000e+00
   7.8970000e+00   7.9070000e+00   7.9100000e+00   7.9110000e+00   6.7400000e+00   6.8940000e+00
   7.9400000e+00   7.9450000e+00   7.9660000e+00   7.9640000e+00   6.7250000e+00   6.9140000e+00
   7.9900000e+00   8.0010000e+00   8.0280000e+00   8.0360000e+00   6.6790000e+00   6.9320000e+00
   8.0070000e+00   8.0130000e+00   8.0390000e+00   8.0500000e+00   6.6800000e+00   6.8390000e+00
   7.9800000e+00   7.9890000e+00   8.0160000e+00   8.0320000e+00   6.5840000e+00   6.7640000e+00
   7.9620000e+00   7.9540000e+00   7.9950000e+00   8.0120000e+00   6.5960000e+00   6.7260000e+00
   7.8790000e+00   7.8800000e+00   7.9120000e+00   7.9330000e+00   6.5670000e+00   6.6650000e+00
   7.7170000e+00   7.7330000e+00   7.7660000e+00   7.8100000e+00   6.3480000e+00   6.4300000e+00
   7.5270000e+00   7.5940000e+00   7.5910000e+00   7.6600000e+00   6.0000000e+00   6.1280000e+00
   7.3320000e+00   7.4420000e+00   7.4370000e+00   7.5310000e+00   5.6650000e+00   5.7930000e+00
   7.0190000e+00   7.1530000e+00   7.1810000e+00   7.2820000e+00   5.7020000e+00   5.8060000e+00
   6.9260000e+00   6.9580000e+00   6.9820000e+00   7.0550000e+00   5.1050000e+00   5.2640000e+00
   6.6890000e+00   6.7610000e+00   6.8140000e+00   6.9900000e+00   4.6790000e+00   4.9440000e+00
   6.6500000e+00   6.7820000e+00   6.7350000e+00   6.9600000e+00   4.8070000e+00   4.9100000e+00
   6.3980000e+00   6.5490000e+00   6.5150000e+00   6.7280000e+00   4.6370000e+00   4.8660000e+00
   6.2780000e+00   6.3570000e+00   6.3980000e+00   6.5760000e+00   4.6130000e+00   4.7540000e+00
   6.2520000e+00   6.3160000e+00   6.3690000e+00   6.5280000e+00   4.5130000e+00   4.5000000e+00
   6.2770000e+00   6.3370000e+00   6.3970000e+00   6.5550000e+00   4.2250000e+00   4.4030000e+00
   6.3260000e+00   6.3270000e+00   6.3930000e+00   6.5610000e+00   4.1700000e+00   4.5120000e+00
   6.3200000e+00   6.2440000e+00   6.3060000e+00   6.4490000e+00   4.3660000e+00   4.5180000e+00
   6.3160000e+00   6.1880000e+00   6.2680000e+00   6.3960000e+00   4.3910000e+00   4.4140000e+00
   6.2580000e+00   6.1210000e+00   6.1720000e+00   6.2790000e+00   4.2830000e+00   4.2790000e+00
   6.1280000e+00   5.9590000e+00   5.9980000e+00   6.0970000e+00   4.1470000e+00   4.1570000e+00
   6.0370000e+00   5.7920000e+00   5.8640000e+00   5.9620000e+00   4.0370000e+00   4.0520000e+00
   5.9600000e+00   5.6260000e+00   5.7420000e+00   5.8070000e+00   3.9470000e+00   3.9350000e+00
   5.8690000e+00   5.5300000e+00   5.6470000e+00   5.6660000e+00   3.8450000e+00   3.8210000e+00
   5.7830000e+00   5.4620000e+00   5.5640000e+00   5.5750000e+00   3.7250000e+00   3.7580000e+00
   5.6880000e+00   5.3470000e+00   5.4580000e+00   5.5030000e+00   3.6090000e+00   3.6860000e+00
   5.6130000e+00   5.2180000e+00   5.3600000e+00   5.4450000e+00   3.5550000e+00   3.6320000e+00
   5.5660000e+00   5.1330000e+00   5.2980000e+00   5.3940000e+00   3.5520000e+00   3.6050000e+00
   5.5540000e+00   5.1100000e+00   5.2730000e+00   5.3500000e+00   3.5580000e+00   3.5520000e+00
   5.5090000e+00   5.1060000e+00   5.2500000e+00   5.3120000e+00   3.5680000e+00   3.5000000e+00
   5.4160000e+00   5.0560000e+00   5.1720000e+00   5.2400000e+00   3.5550000e+00   3.4170000e+00
   5.3240000e+00   4.9900000e+00   5.1020000e+00   5.2040000e+00   3.5590000e+00   3.3080000e+00
   5.2510000e+00   4.9250000e+00   5.0530000e+00   5.2050000e+00   3.5430000e+00   3.2280000e+00
   5.2170000e+00   4.8950000e+00   5.0410000e+00   5.2510000e+00   3.5230000e+00   3.1740000e+00
   5.2080000e+00   4.9070000e+00   5.0530000e+00   5.2890000e+00   3.5210000e+00   3.1360000e+00
   5.2330000e+00   4.9760000e+00   5.1060000e+00   5.3470000e+00   3.5310000e+00   3.1110000e+00
   5.2780000e+00   5.0660000e+00   5.1930000e+00   5.4550000e+00   3.5340000e+00   3.1170000e+00
   5.3600000e+00   5.2050000e+00   5.3130000e+00   5.5910000e+00   3.5440000e+00   3.1160000e+00
   5.4610000e+00   5.3530000e+00   5.4280000e+00   5.7230000e+00   3.5630000e+00   3.1090000e+00
   5.5260000e+00   5.4440000e+00   5.5020000e+00   5.8370000e+00   3.5870000e+00   3.1080000e+00
   5.5920000e+00   5.5310000e+00   5.5840000e+00   5.9410000e+00   3.6040000e+00   3.1260000e+00
   5.6460000e+00   5.6260000e+00   5.6580000e+00   6.0340000e+00   3.6090000e+00   3.1520000e+00
   5.6550000e+00   5.7040000e+00   5.7250000e+00   6.1330000e+00   3.6280000e+00   3.1760000e+00
   5.6480000e+00   5.8340000e+00   5.8440000e+00   6.2530000e+00   3.6140000e+00   3.1760000e+00
   5.6780000e+00   6.0270000e+00   6.0170000e+00   6.3670000e+00   3.5470000e+00   3.1130000e+00
   5.8560000e+00   6.3170000e+00   6.2180000e+00   6.4410000e+00   3.4560000e+00   3.0340000e+00
   6.0630000e+00   6.4130000e+00   6.2210000e+00   6.4520000e+00   3.3190000e+00   2.9440000e+00
   6.0420000e+00   6.3170000e+00   6.2010000e+00   6.5700000e+00   3.1910000e+00   2.8190000e+00
   5.9690000e+00   6.3860000e+00   6.2290000e+00   6.6260000e+00   3.0550000e+00   2.5710000e+00
   5.8470000e+00   6.3830000e+00   6.1490000e+00   6.5080000e+00   2.9880000e+00   2.3090000e+00
   5.7570000e+00   6.3290000e+00   6.0840000e+00   6.4210000e+00   2.9630000e+00   2.3480000e+00
   5.6400000e+00   6.2690000e+00   6.0110000e+00   6.3420000e+00   2.9960000e+00   2.5830000e+00
   5.5370000e+00   6.1940000e+00   5.9450000e+00   6.2300000e+00   2.9060000e+00   2.8140000e+00
   5.5680000e+00   6.2170000e+00   6.0120000e+00   6.2350000e+00   2.8110000e+00   2.8870000e+00
   5.6410000e+00   6.2880000e+00   6.0660000e+00   6.2770000e+00   2.6900000e+00   3.0080000e+00
   5.5940000e+00   6.2780000e+00   6.0770000e+00   6.3690000e+00   2.5270000e+00   3.0680000e+00
   5.7190000e+00   6.2630000e+00   6.0960000e+00   6.3450000e+00   2.2710000e+00   3.0250000e+00
   5.9180000e+00   6.1740000e+00   6.1290000e+00   6.2960000e+00   2.0800000e+00   2.9370000e+00
   6.1050000e+00   6.2830000e+00   6.2790000e+00   6.4220000e+00   2.9570000e+00   2.8900000e+00
   6.1140000e+00   6.3320000e+00   6.3190000e+00   6.4820000e+00   3.1310000e+00   2.8450000e+00
   6.0690000e+00   6.3400000e+00   6.3170000e+00   6.5130000e+00   2.9670000e+00   2.8080000e+00
   6.0640000e+00   6.3770000e+00   6.3070000e+00   6.5060000e+00   2.8350000e+00   2.8170000e+00
   5.9860000e+00   6.2630000e+00   6.2450000e+00   6.4450000e+00   2.7140000e+00   2.7900000e+00
   5.8830000e+00   6.1130000e+00   6.1240000e+00   6.3170000e+00   2.7370000e+00   2.7590000e+00
   5.8350000e+00   6.0550000e+00   6.0640000e+00   6.2430000e+00   2.7020000e+00   2.8550000e+00
   5.7900000e+00   6.0060000e+00   6.0390000e+00   6.2340000e+00   2.6740000e+00   3.3880000e+00
   5.7910000e+00   6.0020000e+00   6.0320000e+00   6.2130000e+00   2.6850000e+00   4.9760000e+00
   5.7850000e+00   5.9730000e+00   5.9990000e+00   6.1320000e+00   2.8210000e+00   5.4690000e+00
   5.8050000e+00   5.9820000e+00   5.9830000e+00   6.0660000e+00   4.2310000e+00   5.5400000e+00
   5.8890000e+00   6.0260000e+00   6.0240000e+00   6.0740000e+00   5.5420000e+00   5.5620000e+00
   5.9240000e+00   5.9570000e+00   6.0240000e+00   6.0700000e+00   5.6560000e+00   5.4480000e+00
   5.7840000e+00   5.7620000e+00   5.8620000e+00   5.8830000e+00   5.7970000e+00   5.5010000e+00
   5.6620000e+00   5.6480000e+00   5.7370000e+00   5.7660000e+00   5.5110000e+00   5.3870000e+00
   5.5500000e+00   5.4960000e+00   5.6140000e+00   5.6320000e+00   5.2690000e+00   5.3500000e+00
   5.2870000e+00   5.2610000e+00   5.3700000e+00   5.3760000e+00   5.0600000e+00   5.2340000e+00
   5.1680000e+00   5.1670000e+00   5.2590000e+00   5.2660000e+00   2.4220000e+00   5.1140000e+00
   5.2100000e+00   5.2150000e+00   5.2590000e+00   5.2530000e+00   7.4870000e+00   4.8000000e+00
   5.4320000e+00   5.3870000e+00   5.4610000e+00   5.4560000e+00   7.6870000e+00   4.0290000e+00
   5.5050000e+00   5.4720000e+00   5.5060000e+00   5.4940000e+00   8.1390000e+00   6.5200000e+00
   5.3770000e+00   5.3170000e+00   5.3970000e+00   5.4230000e+00   7.8260000e+00   7.1190000e+00
   5.2590000e+00   5.1900000e+00   5.2380000e+00   5.2750000e+00   6.7560000e+00   7.2080000e+00
   4.9830000e+00   4.9240000e+00   4.9780000e+00   5.0680000e+00   6.9670000e+00   7.7260000e+00
   2.7040000e+00   3.0100000e+00   4.0910000e+00   4.6400000e+00   7.1600000e+00   7.8030000e+00
   4.3330000e+00   4.3600000e+00   3.5940000e+00   3.7570000e+00   7.1850000e+00   6.8350000e+00
   4.4860000e+00   3.9800000e+00   4.2070000e+00   4.1590000e+00   7.1650000e+00   6.6690000e+00
   3.3200000e+00   3.2010000e+00   3.4370000e+00   3.5270000e+00   7.0650000e+00   6.6980000e+00
   3.0360000e+00   2.8650000e+00   2.9750000e+00   2.9250000e+00   7.0210000e+00   6.5650000e+00
   3.0780000e+00   3.0910000e+00   2.9880000e+00   2.9000000e+00   6.9460000e+00   6.4780000e+00
   3.4440000e+00   3.5760000e+00   3.3450000e+00   3.2050000e+00   6.8150000e+00   6.3300000e+00
   4.1280000e+00   4.4360000e+00   3.9830000e+00   3.9010000e+00   6.7740000e+00   6.2270000e+00
   4.8570000e+00   4.9370000e+00   4.6770000e+00   4.6280000e+00   6.7730000e+00   6.2240000e+00
   5.0980000e+00   5.0530000e+00   4.9390000e+00   4.8670000e+00   6.7840000e+00   6.2530000e+00
   5.2090000e+00   5.1960000e+00   5.0900000e+00   5.0180000e+00   6.8480000e+00   6.2500000e+00
   5.3340000e+00   5.3370000e+00   5.2300000e+00   5.1730000e+00   6.9600000e+00   6.3310000e+00
   5.5240000e+00   5.4970000e+00   5.3740000e+00   5.2880000e+00   6.9920000e+00   6.4770000e+00
   5.8370000e+00   5.9170000e+00   5.6250000e+00   5.5020000e+00   7.0200000e+00   6.6710000e+00
   6.2990000e+00   6.3760000e+00   6.0840000e+00   5.9670000e+00   7.0750000e+00   6.8550000e+00
   6.7620000e+00   6.7920000e+00   6.5270000e+00   6.4320000e+00   7.0990000e+00   6.9330000e+00
   7.0700000e+00   7.0400000e+00   6.8320000e+00   6.7420000e+00   7.1440000e+00   6.9430000e+00
   7.2390000e+00   7.2170000e+00   7.0420000e+00   6.9880000e+00   7.2200000e+00   6.9200000e+00
   7.3890000e+00   7.3830000e+00   7.2070000e+00   7.1830000e+00   7.3110000e+00   6.8890000e+00
   7.5390000e+00   7.5880000e+00   7.3870000e+00   7.3750000e+00   7.5290000e+00   6.9960000e+00
   7.6460000e+00   7.7050000e+00   7.5380000e+00   7.5370000e+00   7.6780000e+00   7.1310000e+00
   7.6650000e+00   7.7770000e+00   7.6090000e+00   7.6260000e+00   7.1410000e+00   6.7440000e+00
   7.6110000e+00   7.7110000e+00   7.5670000e+00   7.6080000e+00   7.0850000e+00   6.6420000e+00
   7.5600000e+00   7.6640000e+00   7.5370000e+00   7.5770000e+00   7.1370000e+00   6.6980000e+00
   7.5420000e+00   7.6570000e+00   7.5420000e+00   7.5890000e+00   7.0590000e+00   6.6950000e+00
   7.5070000e+00   7.6390000e+00   7.5280000e+00   7.5790000e+00   7.0370000e+00   6.6550000e+00
   7.4790000e+00   7.6010000e+00   7.5040000e+00   7.5510000e+00   6.9660000e+00   6.5660000e+00
   7.4470000e+00   7.5690000e+00   7.4800000e+00   7.5240000e+00   6.8610000e+00   6.4880000e+00
   7.4200000e+00   7.5460000e+00   7.4660000e+00   7.5130000e+00   6.9140000e+00   6.5030000e+00
   7.3690000e+00   7.4940000e+00   7.4170000e+00   7.4620000e+00   6.9460000e+00   6.5840000e+00
   7.3120000e+00   7.4390000e+00   7.3580000e+00   7.4000000e+00   6.9410000e+00   6.5880000e+00
   7.2810000e+00   7.4000000e+00   7.3160000e+00   7.3480000e+00   6.8810000e+00   6.5620000e+00
   7.2350000e+00   7.3450000e+00   7.2540000e+00   7.2710000e+00   6.8550000e+00   6.4880000e+00
   7.1900000e+00   7.2890000e+00   7.1910000e+00   7.1970000e+00   6.8640000e+00   6.4290000e+00
   7.1590000e+00   7.2400000e+00   7.1480000e+00   7.1470000e+00   6.8840000e+00   6.4140000e+00
   7.1220000e+00   7.1900000e+00   7.1070000e+00   7.1030000e+00   6.8710000e+00   6.4180000e+00
   7.0510000e+00   7.1220000e+00   7.0470000e+00   7.0510000e+00   6.7950000e+00   6.4050000e+00
   6.9440000e+00   7.0100000e+00   6.9540000e+00   6.9710000e+00   6.6900000e+00   6.3410000e+00
   6.7910000e+00   6.8580000e+00   6.8120000e+00   6.8360000e+00   6.5450000e+00   6.2280000e+00
   6.6150000e+00   6.6890000e+00   6.6430000e+00   6.6700000e+00   6.3710000e+00   6.0900000e+00
   6.4450000e+00   6.5270000e+00   6.4790000e+00   6.5080000e+00   6.2250000e+00   5.9570000e+00
   6.2830000e+00   6.3570000e+00   6.3070000e+00   6.3290000e+00   6.0630000e+00   5.8570000e+00
   6.1360000e+00   6.2050000e+00   6.1510000e+00   6.1650000e+00   5.9030000e+00   5.8260000e+00
   6.0410000e+00   6.0980000e+00   6.0320000e+00   6.0300000e+00   5.7070000e+00   5.7380000e+00
   5.9710000e+00   6.0190000e+00   5.9480000e+00   5.9420000e+00   5.5310000e+00   5.6130000e+00
   5.9100000e+00   5.9640000e+00   5.9000000e+00   5.9000000e+00   5.3810000e+00   5.4530000e+00
   5.8620000e+00   5.9190000e+00   5.8740000e+00   5.8880000e+00   5.3250000e+00   5.3330000e+00
   5.8120000e+00   5.8640000e+00   5.8330000e+00   5.8560000e+00   5.2960000e+00   5.2470000e+00
   5.7530000e+00   5.8150000e+00   5.7910000e+00   5.8220000e+00   5.2930000e+00   5.1930000e+00
   5.6810000e+00   5.7480000e+00   5.7260000e+00   5.7670000e+00   5.3110000e+00   5.1620000e+00
   5.6630000e+00   5.7230000e+00   5.6990000e+00   5.7310000e+00   5.3740000e+00   5.1470000e+00
   5.6720000e+00   5.7280000e+00   5.7050000e+00   5.7330000e+00   5.4060000e+00   5.1620000e+00
   5.6740000e+00   5.7320000e+00   5.7130000e+00   5.7430000e+00   5.4040000e+00   5.1760000e+00
   5.6750000e+00   5.7240000e+00   5.7200000e+00   5.7530000e+00   5.2850000e+00   5.1520000e+00
   5.6440000e+00   5.7000000e+00   5.6720000e+00   5.6960000e+00   5.2650000e+00   5.1560000e+00
   5.6300000e+00   5.6820000e+00   5.6580000e+00   5.6760000e+00   5.1150000e+00   5.1910000e+00
   5.6040000e+00   5.6510000e+00   5.6400000e+00   5.6640000e+00   5.0470000e+00   5.2180000e+00
   5.5600000e+00   5.6100000e+00   5.5930000e+00   5.6160000e+00   5.0270000e+00   5.3030000e+00
   5.5060000e+00   5.5640000e+00   5.5420000e+00   5.5650000e+00   5.0240000e+00   5.4180000e+00
   5.4440000e+00   5.5010000e+00   5.4880000e+00   5.5150000e+00   5.1110000e+00   5.4800000e+00
   5.3680000e+00   5.4160000e+00   5.4090000e+00   5.4340000e+00   5.1560000e+00   5.6230000e+00
   5.2950000e+00   5.3560000e+00   5.3430000e+00   5.3670000e+00   5.2360000e+00   5.8620000e+00
   5.2700000e+00   5.3480000e+00   5.3190000e+00   5.3390000e+00   5.3390000e+00   6.0950000e+00
   5.2750000e+00   5.3550000e+00   5.3200000e+00   5.3380000e+00   5.4430000e+00   6.3030000e+00
   5.3010000e+00   5.3830000e+00   5.3420000e+00   5.3580000e+00   5.5230000e+00   6.3880000e+00
   5.3220000e+00   5.4070000e+00   5.3640000e+00   5.3840000e+00   5.6410000e+00   6.2880000e+00
   5.3600000e+00   5.4420000e+00   5.3990000e+00   5.4170000e+00   5.7270000e+00   6.0060000e+00
   5.3950000e+00   5.4850000e+00   5.4390000e+00   5.4600000e+00   5.7970000e+00   5.8170000e+00
   5.4220000e+00   5.5100000e+00   5.4620000e+00   5.4830000e+00   6.0270000e+00   5.8130000e+00
   5.4600000e+00   5.5290000e+00   5.4830000e+00   5.4910000e+00   6.2650000e+00   5.8930000e+00
   5.5020000e+00   5.5550000e+00   5.5190000e+00   5.5300000e+00   6.5310000e+00   5.9970000e+00
   5.4970000e+00   5.5400000e+00   5.5160000e+00   5.5270000e+00   6.6820000e+00   6.1120000e+00
   5.4720000e+00   5.5160000e+00   5.4910000e+00   5.5030000e+00   6.7680000e+00   6.2490000e+00
   5.4540000e+00   5.5080000e+00   5.4820000e+00   5.5000000e+00   6.8550000e+00   6.4760000e+00
   5.4470000e+00   5.5030000e+00   5.4790000e+00   5.5010000e+00   6.9440000e+00   6.6040000e+00
   5.4390000e+00   5.4950000e+00   5.4700000e+00   5.4900000e+00   6.8260000e+00   6.5970000e+00
   5.4500000e+00   5.5080000e+00   5.4800000e+00   5.4980000e+00   6.6060000e+00   6.5420000e+00
   5.4660000e+00   5.5200000e+00   5.4980000e+00   5.5170000e+00   6.6160000e+00   6.4330000e+00
   5.4790000e+00   5.5300000e+00   5.5100000e+00   5.5280000e+00   6.6140000e+00   6.2380000e+00
   5.4880000e+00   5.5320000e+00   5.5150000e+00   5.5300000e+00   6.4370000e+00   6.0110000e+00
   5.5080000e+00   5.5450000e+00   5.5300000e+00   5.5420000e+00   6.2620000e+00   5.8440000e+00
   5.5340000e+00   5.5660000e+00   5.5590000e+00   5.5740000e+00   6.0750000e+00   5.7220000e+00
   5.5390000e+00   5.5720000e+00   5.5660000e+00   5.5820000e+00   5.9180000e+00   5.6560000e+00
   5.5400000e+00   5.5720000e+00   5.5570000e+00   5.5680000e+00   5.8350000e+00   5.6000000e+00
   5.5280000e+00   5.5580000e+00   5.5380000e+00   5.5450000e+00   5.7750000e+00   5.5930000e+00
   5.5180000e+00   5.5420000e+00   5.5190000e+00   5.5180000e+00   5.7210000e+00   5.5900000e+00
   5.5040000e+00   5.5210000e+00   5.5000000e+00   5.4930000e+00   5.7010000e+00   5.5460000e+00
   5.4810000e+00   5.4970000e+00   5.4720000e+00   5.4670000e+00   5.6960000e+00   5.4910000e+00
   5.4600000e+00   5.4680000e+00   5.4460000e+00   5.4420000e+00   5.6490000e+00   5.4350000e+00
   5.4400000e+00   5.4390000e+00   5.4200000e+00   5.4180000e+00   5.5690000e+00   5.3840000e+00
   5.3600000e+00   5.4030000e+00   5.3510000e+00   5.3570000e+00   5.5330000e+00   5.4090000e+00
   5.2710000e+00   5.3450000e+00   5.2900000e+00   5.2910000e+00   5.4650000e+00   5.4490000e+00
   5.1710000e+00   5.2560000e+00   5.2090000e+00   5.2120000e+00   5.4340000e+00   5.5220000e+00
   5.1120000e+00   5.1890000e+00   5.1520000e+00   5.1500000e+00   5.4570000e+00   5.6090000e+00
   5.0690000e+00   5.1260000e+00   5.1070000e+00   5.1020000e+00   5.4970000e+00   5.6880000e+00
   5.0550000e+00   5.0990000e+00   5.0940000e+00   5.0870000e+00   5.5590000e+00   5.7290000e+00
   5.0330000e+00   5.0700000e+00   5.0730000e+00   5.0600000e+00   5.6320000e+00   5.7580000e+00
   5.0470000e+00   5.0670000e+00   5.0760000e+00   5.0630000e+00   5.6410000e+00   5.7950000e+00
   5.0790000e+00   5.0940000e+00   5.1100000e+00   5.0900000e+00   5.6670000e+00   5.8490000e+00
   5.1280000e+00   5.1330000e+00   5.1490000e+00   5.1160000e+00   5.7110000e+00   5.8980000e+00
   5.1550000e+00   5.1500000e+00   5.1650000e+00   5.1290000e+00   5.7520000e+00   5.9430000e+00
   5.1790000e+00   5.1560000e+00   5.1810000e+00   5.1400000e+00   5.8000000e+00   5.9730000e+00
   5.2000000e+00   5.1480000e+00   5.1900000e+00   5.1430000e+00   5.8660000e+00   6.0250000e+00
   5.1860000e+00   5.1080000e+00   5.1590000e+00   5.1080000e+00   5.9330000e+00   6.0850000e+00
   5.1490000e+00   5.0660000e+00   5.1280000e+00   5.0840000e+00   5.9770000e+00   6.1100000e+00
   5.1260000e+00   5.0500000e+00   5.1190000e+00   5.0840000e+00   6.0120000e+00   6.1320000e+00
   5.1500000e+00   5.0820000e+00   5.1500000e+00   5.1190000e+00   6.0410000e+00   6.1470000e+00
   5.1980000e+00   5.1340000e+00   5.2000000e+00   5.1710000e+00   6.0890000e+00   6.1690000e+00
   5.2160000e+00   5.1580000e+00   5.2210000e+00   5.1910000e+00   6.1590000e+00   6.1780000e+00
   5.2080000e+00   5.1510000e+00   5.2160000e+00   5.1870000e+00   6.2410000e+00   6.1970000e+00
   5.2260000e+00   5.1490000e+00   5.2240000e+00   5.1890000e+00   6.3370000e+00   6.2370000e+00
   5.2650000e+00   5.1720000e+00   5.2540000e+00   5.2140000e+00   6.4440000e+00   6.2910000e+00
   5.3060000e+00   5.2010000e+00   5.2860000e+00   5.2400000e+00   6.5360000e+00   6.3440000e+00
   5.3460000e+00   5.2340000e+00   5.3280000e+00   5.2800000e+00   6.6080000e+00   6.3660000e+00
   5.4040000e+00   5.2710000e+00   5.3880000e+00   5.3310000e+00   6.5920000e+00   6.3050000e+00
   5.4530000e+00   5.2870000e+00   5.4240000e+00   5.3750000e+00   6.4320000e+00   6.1400000e+00
   5.4990000e+00   5.3540000e+00   5.4980000e+00   5.4690000e+00   6.3020000e+00   6.0570000e+00
   5.5130000e+00   5.4110000e+00   5.5370000e+00   5.5190000e+00   6.1020000e+00   5.8900000e+00
   5.4760000e+00   5.4060000e+00   5.5140000e+00   5.5340000e+00   5.5570000e+00   5.2580000e+00
   5.3430000e+00   5.3930000e+00   5.4050000e+00   5.4600000e+00   5.1260000e+00   4.9110000e+00
   5.1070000e+00   5.2900000e+00   5.2180000e+00   5.2910000e+00   5.2340000e+00   5.0560000e+00
   4.8850000e+00   5.1330000e+00   5.0640000e+00   5.1440000e+00   5.3080000e+00   5.0650000e+00
   4.7850000e+00   5.0110000e+00   4.9590000e+00   5.0380000e+00   5.2490000e+00   4.9700000e+00
   4.7400000e+00   4.9420000e+00   4.8600000e+00   4.9240000e+00   5.1510000e+00   4.8820000e+00
   4.6060000e+00   4.8760000e+00   4.7380000e+00   4.7970000e+00   5.1700000e+00   5.0060000e+00
   4.5240000e+00   4.7640000e+00   4.6460000e+00   4.6970000e+00   5.4000000e+00   5.1660000e+00
   4.4940000e+00   4.7270000e+00   4.6450000e+00   4.7260000e+00   5.4610000e+00   5.1910000e+00
   4.4840000e+00   4.8010000e+00   4.6870000e+00   4.8230000e+00   5.3960000e+00   5.1540000e+00
   4.4580000e+00   4.9780000e+00   4.7790000e+00   4.9670000e+00   5.3400000e+00   5.2100000e+00
   4.4980000e+00   5.1890000e+00   4.9100000e+00   5.1360000e+00   5.4060000e+00   5.3280000e+00
   4.6310000e+00   5.4540000e+00   5.1150000e+00   5.3770000e+00   5.4350000e+00   5.4330000e+00
   4.8430000e+00   5.7620000e+00   5.3530000e+00   5.6310000e+00   5.4460000e+00   5.5000000e+00
   5.0810000e+00   6.0790000e+00   5.5880000e+00   5.8820000e+00   5.4340000e+00   5.5300000e+00
   5.3020000e+00   6.3180000e+00   5.7820000e+00   6.0970000e+00   5.4200000e+00   5.5450000e+00
   5.4720000e+00   6.5150000e+00   5.9700000e+00   6.3160000e+00   5.4120000e+00   5.5630000e+00
   5.6550000e+00   6.7190000e+00   6.1660000e+00   6.5250000e+00   5.4070000e+00   5.5980000e+00
   5.8560000e+00   6.9060000e+00   6.3770000e+00   6.7380000e+00   5.4100000e+00   5.6130000e+00
   6.0700000e+00   7.0770000e+00   6.5640000e+00   6.9230000e+00   5.4050000e+00   5.5970000e+00
   6.2180000e+00   7.2390000e+00   6.7210000e+00   7.0820000e+00   5.4080000e+00   5.5430000e+00
   6.3740000e+00   7.3820000e+00   6.8600000e+00   7.2070000e+00   5.3950000e+00   5.4860000e+00
   6.4160000e+00   7.4790000e+00   6.9000000e+00   7.2630000e+00   5.3610000e+00   5.4410000e+00
   6.3540000e+00   7.5350000e+00   6.8820000e+00   7.2700000e+00   5.3170000e+00   5.4140000e+00
   6.2820000e+00   7.5420000e+00   6.8350000e+00   7.2500000e+00   5.2720000e+00   5.3930000e+00
   6.2280000e+00   7.5420000e+00   6.8010000e+00   7.2450000e+00   5.2380000e+00   5.3980000e+00
   6.2100000e+00   7.5550000e+00   6.7910000e+00   7.2520000e+00   5.2140000e+00   5.3990000e+00
   6.2280000e+00   7.5730000e+00   6.8100000e+00   7.2580000e+00   5.1770000e+00   5.3710000e+00
   6.2690000e+00   7.5760000e+00   6.8190000e+00   7.2490000e+00   5.1620000e+00   5.3310000e+00
   6.3050000e+00   7.5210000e+00   6.8070000e+00   7.2330000e+00   5.1390000e+00   5.2810000e+00
   6.3160000e+00   7.4840000e+00   6.8060000e+00   7.2280000e+00   5.1270000e+00   5.2390000e+00
   6.3030000e+00   7.4900000e+00   6.8340000e+00   7.2280000e+00   5.1070000e+00   5.1860000e+00
   6.3410000e+00   7.4770000e+00   6.8460000e+00   7.2120000e+00   5.0820000e+00   5.1430000e+00
   6.3940000e+00   7.4460000e+00   6.8710000e+00   7.2130000e+00   5.0640000e+00   5.1180000e+00
   6.4490000e+00   7.3960000e+00   6.8820000e+00   7.1760000e+00   5.0370000e+00   5.0840000e+00
   6.4830000e+00   7.3270000e+00   6.8680000e+00   7.1150000e+00   5.0180000e+00   5.0640000e+00
   6.5220000e+00   7.2600000e+00   6.8420000e+00   7.0430000e+00   5.0220000e+00   5.0580000e+00
   6.5310000e+00   7.1740000e+00   6.8030000e+00   6.9770000e+00   5.0410000e+00   5.0630000e+00
   6.5100000e+00   7.0550000e+00   6.7690000e+00   6.9110000e+00   5.0710000e+00   5.0850000e+00
   6.5410000e+00   6.9750000e+00   6.7600000e+00   6.8550000e+00   5.1060000e+00   5.0910000e+00
   6.5900000e+00   6.9180000e+00   6.7520000e+00   6.8060000e+00   5.0710000e+00   4.9850000e+00
   6.6310000e+00   6.8930000e+00   6.7550000e+00   6.7810000e+00   5.0250000e+00   4.9030000e+00
   6.6050000e+00   6.8280000e+00   6.7280000e+00   6.7620000e+00   5.0310000e+00   4.8620000e+00
   6.5900000e+00   6.7810000e+00   6.7090000e+00   6.7430000e+00   5.1150000e+00   4.9540000e+00
   6.5630000e+00   6.7680000e+00   6.6750000e+00   6.7100000e+00   4.9190000e+00   4.8450000e+00
   6.3840000e+00   6.6220000e+00   6.4910000e+00   6.5330000e+00   4.9220000e+00   4.9330000e+00
   6.2570000e+00   6.5140000e+00   6.4320000e+00   6.4440000e+00   5.0940000e+00   5.1770000e+00
   6.2970000e+00   6.4880000e+00   6.4130000e+00   6.4260000e+00   5.3430000e+00   5.2890000e+00
   6.3730000e+00   6.5210000e+00   6.4670000e+00   6.4810000e+00   5.5850000e+00   5.6300000e+00
   6.4300000e+00   6.5980000e+00   6.5690000e+00   6.6200000e+00   5.6430000e+00   6.3990000e+00
   6.5550000e+00   6.7360000e+00   6.6490000e+00   6.6560000e+00   6.4360000e+00   6.6950000e+00
   6.5880000e+00   6.7460000e+00   6.6440000e+00   6.6350000e+00   7.0920000e+00   6.7500000e+00
   6.5780000e+00   6.7480000e+00   6.6240000e+00   6.6170000e+00   7.0960000e+00   6.8780000e+00
   6.5290000e+00   6.7050000e+00   6.5640000e+00   6.5420000e+00   7.0660000e+00   6.9630000e+00
   6.4340000e+00   6.5660000e+00   6.4380000e+00   6.3940000e+00   7.0580000e+00   7.0260000e+00
   6.2810000e+00   6.3350000e+00   6.2690000e+00   6.2210000e+00   7.0420000e+00   7.0410000e+00
   6.1590000e+00   6.1310000e+00   6.1350000e+00   6.0840000e+00   7.0340000e+00   6.9970000e+00
   6.0970000e+00   6.0240000e+00   6.0460000e+00   5.9870000e+00   6.9500000e+00   6.9520000e+00
   6.0800000e+00   5.9860000e+00   6.0130000e+00   5.9550000e+00   6.8510000e+00   6.9490000e+00
   6.0800000e+00   5.9570000e+00   5.9990000e+00   5.9380000e+00   6.7840000e+00   6.8790000e+00
   6.0870000e+00   5.9260000e+00   6.0000000e+00   5.9390000e+00   6.6480000e+00   6.7710000e+00
   6.0830000e+00   5.9210000e+00   6.0040000e+00   5.9550000e+00   6.4840000e+00   6.6010000e+00
   6.0510000e+00   5.9350000e+00   6.0070000e+00   5.9820000e+00   6.4380000e+00   6.5230000e+00
   6.0520000e+00   5.9900000e+00   6.0350000e+00   6.0230000e+00   6.4730000e+00   6.4830000e+00
   6.0760000e+00   6.0470000e+00   6.0760000e+00   6.0690000e+00   6.4220000e+00   6.4390000e+00
   6.0430000e+00   6.0150000e+00   6.0510000e+00   6.0420000e+00   6.3690000e+00   6.4450000e+00
   6.0840000e+00   6.0310000e+00   6.0610000e+00   6.0320000e+00   6.3550000e+00   6.5090000e+00
   6.1670000e+00   6.1140000e+00   6.1350000e+00   6.0910000e+00   6.4380000e+00   6.5860000e+00
   6.2550000e+00   6.2030000e+00   6.2150000e+00   6.1610000e+00   6.5330000e+00   6.6450000e+00
   6.3460000e+00   6.2920000e+00   6.2910000e+00   6.2270000e+00   6.5440000e+00   6.6490000e+00
   6.4100000e+00   6.3660000e+00   6.3500000e+00   6.2810000e+00   6.4940000e+00   6.6490000e+00
   6.4640000e+00   6.4180000e+00   6.4060000e+00   6.3360000e+00   6.5440000e+00   6.6880000e+00
   6.5700000e+00   6.4930000e+00   6.4890000e+00   6.4070000e+00   6.5890000e+00   6.6830000e+00
   6.7080000e+00   6.6180000e+00   6.6340000e+00   6.5560000e+00   6.6620000e+00   6.6960000e+00
   6.7710000e+00   6.6930000e+00   6.7060000e+00   6.6400000e+00   6.6760000e+00   6.6780000e+00
   6.8000000e+00   6.7380000e+00   6.7770000e+00   6.7360000e+00   6.6220000e+00   6.6400000e+00
   6.8260000e+00   6.7750000e+00   6.8350000e+00   6.8240000e+00   6.6250000e+00   6.5890000e+00
   6.8290000e+00   6.8280000e+00   6.8870000e+00   6.8940000e+00   6.6610000e+00   6.5550000e+00
   6.8290000e+00   6.8270000e+00   6.9050000e+00   6.9190000e+00   6.7300000e+00   6.5520000e+00
   6.9370000e+00   6.9000000e+00   7.0030000e+00   7.0220000e+00   6.6460000e+00   6.5060000e+00
   7.1020000e+00   7.0480000e+00   7.1570000e+00   7.1890000e+00   6.4530000e+00   6.3650000e+00
   7.3040000e+00   7.2450000e+00   7.3370000e+00   7.3730000e+00   6.3180000e+00   6.2280000e+00
   7.4050000e+00   7.3850000e+00   7.4270000e+00   7.4630000e+00   6.2800000e+00   6.1980000e+00
   7.3960000e+00   7.4330000e+00   7.4460000e+00   7.5010000e+00   6.2250000e+00   6.2380000e+00
   7.3190000e+00   7.4110000e+00   7.4190000e+00   7.4980000e+00   6.2110000e+00   6.3060000e+00
   7.2120000e+00   7.3070000e+00   7.3450000e+00   7.4500000e+00   6.1160000e+00   6.2980000e+00
   7.0660000e+00   7.1200000e+00   7.1950000e+00   7.3150000e+00   5.6960000e+00   6.1690000e+00
   6.9520000e+00   6.9600000e+00   7.0390000e+00   7.1360000e+00   5.2530000e+00   5.6580000e+00
   6.9560000e+00   6.8950000e+00   6.9470000e+00   6.9780000e+00   4.8250000e+00   4.9610000e+00
   7.1200000e+00   7.0250000e+00   7.0240000e+00   6.9810000e+00   4.4170000e+00   4.5620000e+00
   7.3150000e+00   7.2030000e+00   7.1880000e+00   7.1120000e+00   3.5950000e+00   4.2730000e+00
   7.4410000e+00   7.3550000e+00   7.3420000e+00   7.2760000e+00   4.4870000e+00   3.9640000e+00
   7.4300000e+00   7.4240000e+00   7.3780000e+00   7.3350000e+00   5.0640000e+00   3.5130000e+00
   7.1890000e+00   7.2900000e+00   7.2150000e+00   7.2160000e+00   5.7060000e+00   3.0450000e+00
   6.7410000e+00   6.9340000e+00   6.8340000e+00   6.8550000e+00   6.1470000e+00   4.5030000e+00
   6.1480000e+00   6.4130000e+00   6.3570000e+00   6.4020000e+00   6.7960000e+00   5.3140000e+00
   5.7990000e+00   5.9930000e+00   5.9380000e+00   5.9040000e+00   7.0770000e+00   5.7170000e+00
   5.3920000e+00   5.7990000e+00   5.5400000e+00   5.4190000e+00   7.2030000e+00   5.9410000e+00
   4.7590000e+00   5.3350000e+00   5.0810000e+00   4.9710000e+00   7.3270000e+00   6.2740000e+00
   4.7230000e+00   4.9910000e+00   4.7450000e+00   4.5080000e+00   7.2530000e+00   6.5070000e+00
   4.1450000e+00   4.1430000e+00   4.2390000e+00   4.3770000e+00   7.0490000e+00   6.6670000e+00
   4.0240000e+00   4.0300000e+00   4.0170000e+00   4.0450000e+00   7.0230000e+00   6.6840000e+00
   3.6360000e+00   3.5230000e+00   3.5770000e+00   3.5910000e+00   7.1420000e+00   6.7640000e+00
   3.4940000e+00   3.2950000e+00   3.3100000e+00   3.2170000e+00   7.3190000e+00   7.0350000e+00
   3.3150000e+00   3.1640000e+00   3.1270000e+00   3.0100000e+00   7.4770000e+00   7.2300000e+00
   3.4940000e+00   3.3000000e+00   3.1460000e+00   2.9070000e+00   7.5840000e+00   7.2000000e+00
   3.8770000e+00   3.6710000e+00   3.4950000e+00   3.1760000e+00   7.6880000e+00   7.1110000e+00
   4.1110000e+00   4.9390000e+00   4.1730000e+00   4.1870000e+00   7.8290000e+00   7.2200000e+00
   5.8090000e+00   7.7260000e+00   6.8630000e+00   7.4570000e+00   7.8740000e+00   7.3040000e+00
   7.4880000e+00   7.8970000e+00   7.7610000e+00   7.8870000e+00   8.0780000e+00   7.4720000e+00
   7.7140000e+00   8.1970000e+00   8.2740000e+00   8.5470000e+00   8.2650000e+00   7.8490000e+00
   8.5860000e+00   9.0390000e+00   8.8400000e+00   8.8480000e+00   8.6570000e+00   8.2560000e+00
   8.7390000e+00   9.0700000e+00   9.1350000e+00   9.3820000e+00   8.8240000e+00   8.2900000e+00
   8.8940000e+00   9.0870000e+00   9.2210000e+00   9.2680000e+00   8.8630000e+00   8.5940000e+00
   9.3160000e+00   9.5550000e+00   9.3500000e+00   9.2660000e+00   9.0960000e+00   8.7530000e+00
   9.6720000e+00   9.9350000e+00   9.8850000e+00   9.8500000e+00   8.9780000e+00   9.0650000e+00
   9.7560000e+00   9.9130000e+00   9.8960000e+00   9.8950000e+00   8.8630000e+00   9.1000000e+00
   9.8510000e+00   9.9080000e+00   9.8780000e+00   9.8440000e+00   8.8960000e+00   8.6980000e+00
   1.0221000e+01   1.0162000e+01   1.0088000e+01   1.0010000e+01   8.6310000e+00   8.4160000e+00
   1.0662000e+01   1.0653000e+01   1.0476000e+01   1.0386000e+01   8.1350000e+00   8.4590000e+00
   1.1030000e+01   1.0925000e+01   1.0822000e+01   1.0771000e+01   8.3220000e+00   8.6170000e+00
   1.1414000e+01   1.1252000e+01   1.1192000e+01   1.1153000e+01   8.4730000e+00   8.5290000e+00
   1.1639000e+01   1.1479000e+01   1.1502000e+01   1.1536000e+01   8.2640000e+00   8.4350000e+00
   1.1868000e+01   1.1685000e+01   1.1701000e+01   1.1741000e+01   8.4460000e+00   8.4400000e+00
   1.1990000e+01   1.1899000e+01   1.1833000e+01   1.1856000e+01   8.7790000e+00   8.5950000e+00
   1.1925000e+01   1.1871000e+01   1.1846000e+01   1.1938000e+01   8.5570000e+00   8.5990000e+00
   1.1668000e+01   1.1602000e+01   1.1552000e+01   1.1627000e+01   7.9780000e+00   8.4640000e+00
   1.1602000e+01   1.1536000e+01   1.1465000e+01   1.1492000e+01   7.9510000e+00   8.2900000e+00
   1.1265000e+01   1.1384000e+01   1.1311000e+01   1.1448000e+01   7.9500000e+00   8.1650000e+00
   1.0815000e+01   1.0892000e+01   1.0893000e+01   1.1036000e+01   8.1670000e+00   8.2940000e+00
   1.0419000e+01   1.0400000e+01   1.0486000e+01   1.0618000e+01   8.4730000e+00   8.4430000e+00
   1.0339000e+01   1.0272000e+01   1.0287000e+01   1.0343000e+01   8.4290000e+00   8.7390000e+00
   1.0372000e+01   1.0316000e+01   1.0286000e+01   1.0314000e+01   8.2670000e+00   8.7080000e+00
   1.0351000e+01   1.0292000e+01   1.0287000e+01   1.0337000e+01   8.2180000e+00   8.7350000e+00
   1.0365000e+01   1.0317000e+01   1.0324000e+01   1.0377000e+01   8.1740000e+00   8.8610000e+00
   1.0394000e+01   1.0317000e+01   1.0345000e+01   1.0401000e+01   8.1300000e+00   8.5940000e+00
   1.0476000e+01   1.0369000e+01   1.0394000e+01   1.0458000e+01   8.2040000e+00   8.4170000e+00
   1.0539000e+01   1.0452000e+01   1.0454000e+01   1.0525000e+01   8.2810000e+00   8.1570000e+00
   1.0463000e+01   1.0398000e+01   1.0420000e+01   1.0504000e+01   8.1150000e+00   7.9110000e+00
   1.0236000e+01   1.0179000e+01   1.0220000e+01   1.0327000e+01   7.4840000e+00   7.6210000e+00
   1.0039000e+01   9.9690000e+00   1.0028000e+01   1.0135000e+01   6.9630000e+00   7.2350000e+00
   9.8500000e+00   9.7540000e+00   9.7990000e+00   9.9150000e+00   7.1900000e+00   7.3110000e+00
   9.6790000e+00   9.5450000e+00   9.6060000e+00   9.7490000e+00   6.8260000e+00   6.9100000e+00
   9.4470000e+00   9.3000000e+00   9.3680000e+00   9.4880000e+00   6.7730000e+00   6.7200000e+00
   9.2300000e+00   9.1030000e+00   9.1360000e+00   9.2560000e+00   6.2600000e+00   6.4410000e+00
   8.9720000e+00   8.8930000e+00   8.8920000e+00   9.0030000e+00   5.9200000e+00   6.0370000e+00
   8.6630000e+00   8.5710000e+00   8.6190000e+00   8.7360000e+00   5.8690000e+00   5.9400000e+00
   8.3990000e+00   8.2820000e+00   8.2790000e+00   8.3510000e+00   5.8480000e+00   6.0020000e+00
   8.3610000e+00   8.2900000e+00   8.2440000e+00   8.3190000e+00   5.6030000e+00   5.7290000e+00
   7.9810000e+00   7.8860000e+00   7.9820000e+00   8.1260000e+00   5.3880000e+00   5.3160000e+00
   7.6370000e+00   7.5940000e+00   7.5710000e+00   7.6640000e+00   5.2730000e+00   5.0810000e+00
   7.4340000e+00   7.3370000e+00   7.3470000e+00   7.4100000e+00   5.1950000e+00   4.9580000e+00
   7.2290000e+00   7.1390000e+00   7.1570000e+00   7.2420000e+00   5.1760000e+00   4.8900000e+00
   7.0950000e+00   7.0170000e+00   7.0020000e+00   7.0740000e+00   4.9720000e+00   4.9060000e+00
   7.0350000e+00   6.9640000e+00   6.9330000e+00   6.9940000e+00   4.8310000e+00   4.8220000e+00
   6.9240000e+00   6.8410000e+00   6.8270000e+00   6.8900000e+00   4.7220000e+00   4.7920000e+00
   6.7990000e+00   6.7170000e+00   6.7120000e+00   6.7710000e+00   4.6970000e+00   4.8140000e+00
   6.7390000e+00   6.6770000e+00   6.6680000e+00   6.7290000e+00   4.6830000e+00   4.7210000e+00
   6.6220000e+00   6.5560000e+00   6.5720000e+00   6.6350000e+00   4.7410000e+00   4.6530000e+00
   6.4750000e+00   6.3840000e+00   6.4460000e+00   6.5100000e+00   4.7380000e+00   4.5230000e+00
   6.3080000e+00   6.2090000e+00   6.3020000e+00   6.3720000e+00   4.7070000e+00   4.3620000e+00
   6.1950000e+00   6.0960000e+00   6.2090000e+00   6.2910000e+00   4.6460000e+00   4.2330000e+00
   6.1160000e+00   6.0120000e+00   6.1350000e+00   6.2200000e+00   4.5400000e+00   4.1130000e+00
   6.0780000e+00   5.9050000e+00   6.0730000e+00   6.1360000e+00   4.5120000e+00   4.0130000e+00
   5.9000000e+00   5.7180000e+00   5.9040000e+00   5.9580000e+00   4.4770000e+00   3.9490000e+00
   5.7510000e+00   5.6320000e+00   5.7570000e+00   5.8020000e+00   4.4230000e+00   3.9850000e+00
