  -1.0721400e+01  -1.0583700e+01  -1.0596500e+01  -1.0525100e+01  -1.0657200e+01  -1.0773100e+01
  -1.0720500e+01  -1.0581100e+01  -1.0595900e+01  -1.0529600e+01  -1.0819200e+01  -1.0851400e+01
  -1.0710500e+01  -1.0555100e+01  -1.0586000e+01  -1.0520400e+01  -1.0936200e+01  -1.0880700e+01
  -1.0642500e+01  -1.0499900e+01  -1.0541200e+01  -1.0476200e+01  -1.1010600e+01  -1.0897500e+01
  -1.0564800e+01  -1.0440000e+01  -1.0477600e+01  -1.0413900e+01  -1.1070700e+01  -1.0935200e+01
  -1.0485500e+01  -1.0379900e+01  -1.0409100e+01  -1.0352300e+01  -1.1158200e+01  -1.1007000e+01
  -1.0408300e+01  -1.0321000e+01  -1.0349200e+01  -1.0301600e+01  -1.1270100e+01  -1.1095300e+01
  -1.0359000e+01  -1.0285600e+01  -1.0313600e+01  -1.0275200e+01  -1.1369500e+01  -1.1210800e+01
  -1.0321500e+01  -1.0261400e+01  -1.0285000e+01  -1.0252800e+01  -1.1464300e+01  -1.1336700e+01
  -1.0292200e+01  -1.0240400e+01  -1.0256800e+01  -1.0224800e+01  -1.1574900e+01  -1.1446400e+01
  -1.0260600e+01  -1.0214200e+01  -1.0224800e+01  -1.0191700e+01  -1.1697300e+01  -1.1548800e+01
  -1.0224900e+01  -1.0189500e+01  -1.0191200e+01  -1.0159800e+01  -1.1793200e+01  -1.1629600e+01
  -1.0188800e+01  -1.0168000e+01  -1.0165800e+01  -1.0142600e+01  -1.1874500e+01  -1.1728800e+01
  -1.0163800e+01  -1.0159800e+01  -1.0155700e+01  -1.0140800e+01  -1.1954500e+01  -1.1831200e+01
  -1.0151900e+01  -1.0159700e+01  -1.0151000e+01  -1.0139700e+01  -1.2049600e+01  -1.1922000e+01
  -1.0143700e+01  -1.0160600e+01  -1.0148200e+01  -1.0141000e+01  -1.2158700e+01  -1.2025500e+01
  -1.0141200e+01  -1.0164000e+01  -1.0151400e+01  -1.0147200e+01  -1.2286400e+01  -1.2142500e+01
  -1.0146100e+01  -1.0172400e+01  -1.0161400e+01  -1.0158700e+01  -1.2270300e+01  -1.2128400e+01
  -1.0159900e+01  -1.0183500e+01  -1.0177900e+01  -1.0174400e+01  -1.2058800e+01  -1.1837600e+01
  -1.0181800e+01  -1.0193200e+01  -1.0191600e+01  -1.0190100e+01  -1.1983000e+01  -1.1755900e+01
  -1.0199700e+01  -1.0196100e+01  -1.0196100e+01  -1.0202400e+01  -1.1740400e+01  -1.1525400e+01
  -1.0211100e+01  -1.0196500e+01  -1.0194800e+01  -1.0211300e+01  -1.1391900e+01  -1.1177800e+01
  -1.0219500e+01  -1.0193900e+01  -1.0187700e+01  -1.0216200e+01  -1.0927900e+01  -1.0714000e+01
  -1.0224500e+01  -1.0190900e+01  -1.0179500e+01  -1.0218800e+01  -1.0486600e+01  -1.0273500e+01
  -1.0233800e+01  -1.0185900e+01  -1.0169900e+01  -1.0221100e+01  -1.0026100e+01  -9.8449000e+00
  -1.0237300e+01  -1.0178700e+01  -1.0160400e+01  -1.0223000e+01  -9.4773000e+00  -9.3256000e+00
  -1.0242700e+01  -1.0172700e+01  -1.0151600e+01  -1.0224100e+01  -8.9494000e+00  -8.8282000e+00
  -1.0242100e+01  -1.0164500e+01  -1.0138100e+01  -1.0221200e+01  -8.5132000e+00  -8.4104000e+00
  -1.0237300e+01  -1.0155000e+01  -1.0120000e+01  -1.0215500e+01  -8.0483000e+00  -7.9689000e+00
  -1.0223600e+01  -1.0142000e+01  -1.0095400e+01  -1.0205300e+01  -7.6216000e+00  -7.5627000e+00
  -1.0198300e+01  -1.0123700e+01  -1.0060700e+01  -1.0186800e+01  -7.2620000e+00  -7.2100000e+00
  -1.0156600e+01  -1.0098600e+01  -1.0016100e+01  -1.0159900e+01  -6.9317000e+00  -6.8770000e+00
  -1.0106400e+01  -1.0063000e+01  -9.9614000e+00  -1.0119700e+01  -6.5740000e+00  -6.5229000e+00
  -1.0053500e+01  -1.0022800e+01  -9.9081000e+00  -1.0084300e+01  -6.2228000e+00  -6.1781000e+00
  -1.0004500e+01  -9.9929000e+00  -9.8705000e+00  -1.0059600e+01  -5.9136000e+00  -5.8684000e+00
  -9.9771000e+00  -9.9709000e+00  -9.8476000e+00  -1.0032600e+01  -5.6367000e+00  -5.5838000e+00
  -9.9444000e+00  -9.9457000e+00  -9.8221000e+00  -1.0007600e+01  -5.3712000e+00  -5.3111000e+00
  -9.9255000e+00  -9.9319000e+00  -9.8147000e+00  -9.9968000e+00  -5.0963000e+00  -5.0418000e+00
  -9.9167000e+00  -9.9254000e+00  -9.8116000e+00  -9.9888000e+00  -4.8222000e+00  -4.7827000e+00
  -9.9062000e+00  -9.9188000e+00  -9.8028000e+00  -9.9820000e+00  -4.5706000e+00  -4.5468000e+00
  -9.8876000e+00  -9.9096000e+00  -9.7955000e+00  -9.9812000e+00  -4.3450000e+00  -4.3361000e+00
  -9.8713000e+00  -9.9070000e+00  -9.7956000e+00  -9.9871000e+00  -4.1412000e+00  -4.1434000e+00
  -9.8681000e+00  -9.9066000e+00  -9.7973000e+00  -9.9884000e+00  -3.9536000e+00  -3.9662000e+00
  -9.8698000e+00  -9.9050000e+00  -9.8002000e+00  -9.9911000e+00  -3.7813000e+00  -3.8036000e+00
  -9.8717000e+00  -9.9007000e+00  -9.7989000e+00  -9.9879000e+00  -3.6214000e+00  -3.6543000e+00
  -9.8737000e+00  -9.8912000e+00  -9.7942000e+00  -9.9803000e+00  -3.4685000e+00  -3.5163000e+00
  -9.8667000e+00  -9.8722000e+00  -9.7853000e+00  -9.9676000e+00  -3.3175000e+00  -3.3788000e+00
  -9.8628000e+00  -9.8573000e+00  -9.7785000e+00  -9.9587000e+00  -3.1731000e+00  -3.2364000e+00
  -9.8512000e+00  -9.8539000e+00  -9.7708000e+00  -9.9511000e+00  -3.0547000e+00  -3.0974000e+00
  -9.8395000e+00  -9.8530000e+00  -9.7667000e+00  -9.9464000e+00  -2.9641000e+00  -2.9706000e+00
  -9.8315000e+00  -9.8504000e+00  -9.7615000e+00  -9.9362000e+00  -2.8688000e+00  -2.8620000e+00
  -9.7985000e+00  -9.8338000e+00  -9.7357000e+00  -9.9084000e+00  -2.7634000e+00  -2.7583000e+00
  -9.7502000e+00  -9.8109000e+00  -9.7002000e+00  -9.8703000e+00  -2.6666000e+00  -2.6756000e+00
  -9.6769000e+00  -9.7750000e+00  -9.6491000e+00  -9.8195000e+00  -2.6165000e+00  -2.6401000e+00
  -9.5964000e+00  -9.7352000e+00  -9.5951000e+00  -9.7566000e+00  -2.6941000e+00  -2.6282000e+00
  -9.5274000e+00  -9.6900000e+00  -9.5505000e+00  -9.7095000e+00  -2.8477000e+00  -2.6211000e+00
  -9.4770000e+00  -9.6528000e+00  -9.5118000e+00  -9.6696000e+00  -2.9731000e+00  -2.6764000e+00
  -9.4096000e+00  -9.6234000e+00  -9.4669000e+00  -9.6297000e+00  -3.1215000e+00  -2.9543000e+00
  -9.3568000e+00  -9.5798000e+00  -9.4190000e+00  -9.5761000e+00  -3.3147000e+00  -3.3325000e+00
  -9.3056000e+00  -9.5173000e+00  -9.3722000e+00  -9.5221000e+00  -3.5816000e+00  -3.5675000e+00
  -9.2801000e+00  -9.4727000e+00  -9.3400000e+00  -9.4807000e+00  -3.8477000e+00  -3.7985000e+00
  -9.2767000e+00  -9.4544000e+00  -9.3391000e+00  -9.4724000e+00  -4.1546000e+00  -4.0804000e+00
  -9.3038000e+00  -9.4398000e+00  -9.3563000e+00  -9.4490000e+00  -4.4645000e+00  -4.3917000e+00
  -9.3387000e+00  -9.4326000e+00  -9.3619000e+00  -9.4384000e+00  -4.7398000e+00  -4.7046000e+00
  -9.3400000e+00  -9.4448000e+00  -9.3730000e+00  -9.4361000e+00  -5.0331000e+00  -5.0186000e+00
  -9.3906000e+00  -9.4507000e+00  -9.3963000e+00  -9.4748000e+00  -5.3617000e+00  -5.3759000e+00
  -9.4098000e+00  -9.4912000e+00  -9.4473000e+00  -9.5181000e+00  -5.6936000e+00  -5.7147000e+00
  -9.4782000e+00  -9.5526000e+00  -9.5271000e+00  -9.5799000e+00  -6.0300000e+00  -6.0486000e+00
  -9.5745000e+00  -9.6122000e+00  -9.5946000e+00  -9.6320000e+00  -6.3640000e+00  -6.3819000e+00
  -9.6260000e+00  -9.6580000e+00  -9.6463000e+00  -9.6780000e+00  -6.6932000e+00  -6.7074000e+00
  -9.6621000e+00  -9.6836000e+00  -9.6758000e+00  -9.7000000e+00  -6.9911000e+00  -7.0124000e+00
  -9.6959000e+00  -9.7038000e+00  -9.7066000e+00  -9.7214000e+00  -7.2455000e+00  -7.2787000e+00
  -9.7218000e+00  -9.7169000e+00  -9.7199000e+00  -9.7258000e+00  -7.4856000e+00  -7.5130000e+00
  -9.7223000e+00  -9.7019000e+00  -9.7119000e+00  -9.7072000e+00  -7.7152000e+00  -7.7177000e+00
  -9.7018000e+00  -9.6834000e+00  -9.7060000e+00  -9.7018000e+00  -7.9208000e+00  -7.9054000e+00
  -9.7004000e+00  -9.6820000e+00  -9.7093000e+00  -9.6995000e+00  -8.1169000e+00  -8.0922000e+00
  -9.6991000e+00  -9.7050000e+00  -9.7174000e+00  -9.7070000e+00  -8.3225000e+00  -8.2734000e+00
  -9.7149000e+00  -9.7636000e+00  -9.7491000e+00  -9.7428000e+00  -8.5430000e+00  -8.4623000e+00
  -9.7589000e+00  -9.8563000e+00  -9.8027000e+00  -9.7984000e+00  -8.7594000e+00  -8.6753000e+00
  -9.8185000e+00  -9.9775000e+00  -9.8643000e+00  -9.8576000e+00  -8.9612000e+00  -8.9017000e+00
  -9.8741000e+00  -1.0026600e+01  -9.9154000e+00  -9.9080000e+00  -9.1532000e+00  -9.1184000e+00
  -9.9169000e+00  -1.0049000e+01  -9.9557000e+00  -9.9540000e+00  -9.3394000e+00  -9.3248000e+00
  -9.9515000e+00  -1.0051100e+01  -9.9895000e+00  -9.9868000e+00  -9.5239000e+00  -9.5197000e+00
  -9.9848000e+00  -1.0053500e+01  -1.0005500e+01  -9.9894000e+00  -9.7025000e+00  -9.7110000e+00
  -9.9862000e+00  -1.0045300e+01  -9.9983000e+00  -9.9754000e+00  -9.8743000e+00  -9.9012000e+00
  -9.9652000e+00  -1.0015000e+01  -9.9587000e+00  -9.9208000e+00  -1.0044900e+01  -1.0078300e+01
  -9.9182000e+00  -9.9700000e+00  -9.9210000e+00  -9.8917000e+00  -1.0202700e+01  -1.0229200e+01
  -9.9005000e+00  -9.9463000e+00  -9.9068000e+00  -9.8761000e+00  -1.0331900e+01  -1.0348100e+01
  -9.8860000e+00  -9.9224000e+00  -9.8939000e+00  -9.8640000e+00  -1.0439700e+01  -1.0442500e+01
  -9.8724000e+00  -9.9251000e+00  -9.8817000e+00  -9.8515000e+00  -1.0540600e+01  -1.0528600e+01
  -9.8588000e+00  -9.9134000e+00  -9.8704000e+00  -9.8398000e+00  -1.0639400e+01  -1.0611300e+01
  -9.8453000e+00  -9.8997000e+00  -9.8563000e+00  -9.8257000e+00  -1.0701300e+01  -1.0648400e+01
  -9.8283000e+00  -9.8848000e+00  -9.8432000e+00  -9.8162000e+00  -1.0727200e+01  -1.0675000e+01
  -9.8156000e+00  -9.8727000e+00  -9.8313000e+00  -9.8043000e+00  -1.0753900e+01  -1.0718900e+01
  -9.7967000e+00  -9.8505000e+00  -9.8085000e+00  -9.7785000e+00  -1.0768200e+01  -1.0764300e+01
  -9.7731000e+00  -9.8194000e+00  -9.7829000e+00  -9.7504000e+00  -1.0819500e+01  -1.0820700e+01
  -9.7496000e+00  -9.7892000e+00  -9.7602000e+00  -9.7294000e+00  -1.0870500e+01  -1.0859000e+01
  -9.7340000e+00  -9.7561000e+00  -9.7530000e+00  -9.7284000e+00  -1.0903000e+01  -1.0881500e+01
  -9.7442000e+00  -9.7634000e+00  -9.7670000e+00  -9.7446000e+00  -1.0911800e+01  -1.0888200e+01
  -9.7725000e+00  -9.7943000e+00  -9.8042000e+00  -9.8004000e+00  -1.0917400e+01  -1.0889100e+01
  -9.8050000e+00  -9.8788000e+00  -9.8468000e+00  -9.8598000e+00  -1.0914000e+01  -1.0893700e+01
  -9.8505000e+00  -9.8694000e+00  -9.8652000e+00  -9.8352000e+00  -1.0881800e+01  -1.0866600e+01
  -9.8274000e+00  -9.8472000e+00  -9.8096000e+00  -9.7867000e+00  -1.0884800e+01  -1.0854700e+01
  -9.7472000e+00  -9.7973000e+00  -9.7440000e+00  -9.7177000e+00  -1.0880500e+01  -1.0853900e+01
  -9.7089000e+00  -9.7347000e+00  -9.7252000e+00  -9.7098000e+00  -1.0868700e+01  -1.0857100e+01
  -9.7162000e+00  -9.7560000e+00  -9.7382000e+00  -9.7276000e+00  -1.0874700e+01  -1.0864700e+01
  -9.7372000e+00  -9.7809000e+00  -9.7646000e+00  -9.7554000e+00  -1.0874800e+01  -1.0866500e+01
  -9.7658000e+00  -9.8227000e+00  -9.7938000e+00  -9.7829000e+00  -1.0883700e+01  -1.0874400e+01
  -9.7869000e+00  -9.8522000e+00  -9.8170000e+00  -9.8008000e+00  -1.0902000e+01  -1.0894200e+01
  -9.7882000e+00  -9.8796000e+00  -9.8243000e+00  -9.8173000e+00  -1.0935100e+01  -1.0929600e+01
  -9.8206000e+00  -9.8876000e+00  -9.8633000e+00  -9.8402000e+00  -1.0968700e+01  -1.0955500e+01
  -9.8585000e+00  -9.8894000e+00  -9.8699000e+00  -9.8631000e+00  -1.1007900e+01  -1.0991600e+01
  -9.8732000e+00  -9.8941000e+00  -9.8820000e+00  -9.8795000e+00  -1.1011100e+01  -1.0986800e+01
  -9.9023000e+00  -9.8926000e+00  -9.8894000e+00  -9.8963000e+00  -1.0903900e+01  -1.0859400e+01
  -9.9083000e+00  -9.9013000e+00  -9.8929000e+00  -9.9014000e+00  -1.0862800e+01  -1.0812100e+01
  -9.9080000e+00  -9.8975000e+00  -9.8872000e+00  -9.9070000e+00  -1.0734500e+01  -1.0686000e+01
  -9.9148000e+00  -9.8978000e+00  -9.8791000e+00  -9.8956000e+00  -1.0584100e+01  -1.0438800e+01
  -9.8692000e+00  -9.8443000e+00  -9.8303000e+00  -9.8729000e+00  -1.0295100e+01  -1.0092900e+01
  -9.8205000e+00  -9.8115000e+00  -9.7439000e+00  -9.7347000e+00  -9.9480000e+00  -9.7061000e+00
  -9.7043000e+00  -9.7234000e+00  -9.6728000e+00  -9.6906000e+00  -9.4841000e+00  -9.2542000e+00
  -9.6871000e+00  -9.6895000e+00  -9.6539000e+00  -9.6779000e+00  -8.9834000e+00  -8.8262000e+00
  -9.6759000e+00  -9.6707000e+00  -9.6415000e+00  -9.6739000e+00  -8.5817000e+00  -8.4332000e+00
  -9.6718000e+00  -9.6686000e+00  -9.6327000e+00  -9.6715000e+00  -8.1792000e+00  -8.0083000e+00
  -9.6722000e+00  -9.6677000e+00  -9.6286000e+00  -9.6736000e+00  -7.7420000e+00  -7.5749000e+00
  -9.6823000e+00  -9.6978000e+00  -9.6350000e+00  -9.6860000e+00  -7.3724000e+00  -7.2269000e+00
  -9.7014000e+00  -9.7352000e+00  -9.6504000e+00  -9.7067000e+00  -7.0091000e+00  -6.8705000e+00
  -9.7273000e+00  -9.7935000e+00  -9.6695000e+00  -9.7231000e+00  -6.6358000e+00  -6.5194000e+00
  -9.7417000e+00  -9.8337000e+00  -9.7201000e+00  -9.8369000e+00  -6.3098000e+00  -6.2408000e+00
  -9.8822000e+00  -9.9064000e+00  -9.8392000e+00  -9.9262000e+00  -6.0320000e+00  -5.9927000e+00
  -9.9415000e+00  -9.8752000e+00  -9.8299000e+00  -9.9192000e+00  -5.7541000e+00  -5.7236000e+00
  -9.9410000e+00  -9.8617000e+00  -9.8189000e+00  -9.9052000e+00  -5.5018000e+00  -5.4655000e+00
  -9.9300000e+00  -9.8509000e+00  -9.8092000e+00  -9.8990000e+00  -5.2995000e+00  -5.2416000e+00
  -9.9280000e+00  -9.8403000e+00  -9.8008000e+00  -9.8901000e+00  -5.1301000e+00  -5.0425000e+00
  -9.9076000e+00  -9.8093000e+00  -9.7727000e+00  -9.8652000e+00  -4.9743000e+00  -4.8641000e+00
  -9.8987000e+00  -9.8003000e+00  -9.7649000e+00  -9.8501000e+00  -4.8214000e+00  -4.7022000e+00
  -9.8727000e+00  -9.7602000e+00  -9.7426000e+00  -9.8259000e+00  -4.6749000e+00  -4.5596000e+00
  -9.8351000e+00  -9.7661000e+00  -9.7336000e+00  -9.8195000e+00  -4.5485000e+00  -4.4332000e+00
  -9.8266000e+00  -9.7606000e+00  -9.7180000e+00  -9.8028000e+00  -4.4546000e+00  -4.3237000e+00
  -9.8118000e+00  -9.7401000e+00  -9.6994000e+00  -9.7757000e+00  -4.3687000e+00  -4.2425000e+00
  -9.8003000e+00  -9.7275000e+00  -9.6893000e+00  -9.7738000e+00  -4.2950000e+00  -4.1847000e+00
  -9.7781000e+00  -9.7015000e+00  -9.6536000e+00  -9.7346000e+00  -4.2413000e+00  -4.1631000e+00
  -9.7477000e+00  -9.6489000e+00  -9.6217000e+00  -9.7093000e+00  -4.2107000e+00  -4.1786000e+00
  -9.7298000e+00  -9.6253000e+00  -9.6126000e+00  -9.7115000e+00  -4.1900000e+00  -4.2157000e+00
  -9.7334000e+00  -9.6371000e+00  -9.6131000e+00  -9.7124000e+00  -4.1725000e+00  -4.2412000e+00
  -9.7038000e+00  -9.6002000e+00  -9.5843000e+00  -9.6824000e+00  -4.1696000e+00  -4.2605000e+00
  -9.6606000e+00  -9.5860000e+00  -9.5496000e+00  -9.6681000e+00  -4.1904000e+00  -4.3003000e+00
  -9.7273000e+00  -9.6525000e+00  -9.5896000e+00  -9.6976000e+00  -4.2280000e+00  -4.3576000e+00
  -9.8142000e+00  -9.8663000e+00  -9.7213000e+00  -9.8402000e+00  -4.2674000e+00  -4.4237000e+00
  -9.9784000e+00  -9.9952000e+00  -9.8853000e+00  -1.0014000e+01  -4.3167000e+00  -4.4882000e+00
  -1.0075300e+01  -1.0039200e+01  -9.9960000e+00  -1.0123300e+01  -4.3793000e+00  -4.5550000e+00
  -1.0107100e+01  -1.0049800e+01  -1.0032300e+01  -1.0155200e+01  -4.4588000e+00  -4.6328000e+00
  -1.0092600e+01  -1.0027900e+01  -1.0026700e+01  -1.0140700e+01  -4.5542000e+00  -4.7302000e+00
  -1.0088700e+01  -1.0033700e+01  -1.0026900e+01  -1.0132300e+01  -4.6652000e+00  -4.8563000e+00
  -1.0107800e+01  -1.0065800e+01  -1.0049000e+01  -1.0145400e+01  -4.7795000e+00  -4.9975000e+00
  -1.0163200e+01  -1.0113500e+01  -1.0092800e+01  -1.0179800e+01  -4.8891000e+00  -5.1514000e+00
  -1.0178900e+01  -1.0133600e+01  -1.0129600e+01  -1.0207100e+01  -5.0093000e+00  -5.3194000e+00
  -1.0182700e+01  -1.0156000e+01  -1.0130600e+01  -1.0194600e+01  -5.1507000e+00  -5.4968000e+00
  -1.0208100e+01  -1.0197700e+01  -1.0156800e+01  -1.0201500e+01  -5.3078000e+00  -5.6680000e+00
  -1.0242500e+01  -1.0260200e+01  -1.0197300e+01  -1.0228300e+01  -5.4886000e+00  -5.8585000e+00
  -1.0283400e+01  -1.0304500e+01  -1.0243100e+01  -1.0276100e+01  -5.6957000e+00  -6.0401000e+00
  -1.0299800e+01  -1.0319900e+01  -1.0273300e+01  -1.0299300e+01  -5.9010000e+00  -6.3079000e+00
  -1.0306300e+01  -1.0305100e+01  -1.0275700e+01  -1.0298000e+01  -6.1576000e+00  -6.5809000e+00
  -1.0310000e+01  -1.0285200e+01  -1.0266700e+01  -1.0284100e+01  -6.5329000e+00  -6.8736000e+00
  -1.0313600e+01  -1.0316600e+01  -1.0294900e+01  -1.0296300e+01  -6.8798000e+00  -7.2169000e+00
  -1.0330700e+01  -1.0336900e+01  -1.0322200e+01  -1.0326900e+01  -7.2509000e+00  -7.5587000e+00
  -1.0345400e+01  -1.0363500e+01  -1.0350300e+01  -1.0355600e+01  -7.6573000e+00  -7.8512000e+00
  -1.0372600e+01  -1.0394700e+01  -1.0369600e+01  -1.0369800e+01  -8.0259000e+00  -8.1347000e+00
  -1.0387000e+01  -1.0396900e+01  -1.0373000e+01  -1.0368000e+01  -8.3831000e+00  -8.4140000e+00
  -1.0355300e+01  -1.0349900e+01  -1.0339800e+01  -1.0334400e+01  -8.6796000e+00  -8.7165000e+00
  -1.0293900e+01  -1.0289100e+01  -1.0273800e+01  -1.0259900e+01  -8.9381000e+00  -8.9959000e+00
  -1.0228400e+01  -1.0234600e+01  -1.0178200e+01  -1.0179800e+01  -9.1707000e+00  -9.2360000e+00
  -1.0169600e+01  -1.0211400e+01  -1.0120800e+01  -1.0088900e+01  -9.4006000e+00  -9.4050000e+00
  -1.0118800e+01  -1.0170200e+01  -1.0093700e+01  -1.0085400e+01  -9.6311000e+00  -9.6200000e+00
  -1.0060500e+01  -1.0095700e+01  -1.0072400e+01  -1.0084500e+01  -9.8352000e+00  -9.8481000e+00
  -1.0044700e+01  -1.0087900e+01  -1.0086600e+01  -1.0094700e+01  -1.0014400e+01  -1.0043300e+01
  -1.0056800e+01  -1.0064600e+01  -1.0076800e+01  -1.0075800e+01  -1.0191100e+01  -1.0202300e+01
  -1.0078500e+01  -1.0064900e+01  -1.0077100e+01  -1.0063200e+01  -1.0334900e+01  -1.0350700e+01
  -1.0093800e+01  -1.0098100e+01  -1.0093500e+01  -1.0078000e+01  -1.0456600e+01  -1.0487500e+01
  -1.0107200e+01  -1.0139600e+01  -1.0119300e+01  -1.0118500e+01  -1.0559500e+01  -1.0601900e+01
  -1.0092700e+01  -1.0143800e+01  -1.0137800e+01  -1.0170000e+01  -1.0644900e+01  -1.0681200e+01
  -1.0117100e+01  -1.0135500e+01  -1.0139900e+01  -1.0153800e+01  -1.0708600e+01  -1.0727800e+01
  -1.0083100e+01  -1.0103300e+01  -1.0131800e+01  -1.0161000e+01  -1.0760400e+01  -1.0752000e+01
  -9.9950000e+00  -9.9618000e+00  -1.0082700e+01  -1.0154500e+01  -1.0800300e+01  -1.0765500e+01
  -9.8154000e+00  -9.7583000e+00  -9.8868000e+00  -9.9519000e+00  -1.0834000e+01  -1.0760400e+01
  -9.6790000e+00  -9.6203000e+00  -9.6761000e+00  -9.6720000e+00  -1.0875900e+01  -1.0749200e+01
  -9.4936000e+00  -9.4653000e+00  -9.4896000e+00  -9.4647000e+00  -1.0915200e+01  -1.0745300e+01
  -9.2827000e+00  -9.3870000e+00  -9.4054000e+00  -9.4417000e+00  -1.0942000e+01  -1.0765200e+01
  -9.1688000e+00  -9.2387000e+00  -9.4147000e+00  -9.4785000e+00  -1.0954700e+01  -1.0781900e+01
  -9.1749000e+00  -9.1725000e+00  -9.3654000e+00  -9.3933000e+00  -1.1002000e+01  -1.0797100e+01
  -9.0235000e+00  -8.8617000e+00  -9.2095000e+00  -9.2426000e+00  -1.1083100e+01  -1.0801200e+01
  -9.0837000e+00  -8.8109000e+00  -9.1748000e+00  -9.1244000e+00  -1.1103500e+01  -1.0819300e+01
  -8.9398000e+00  -8.6323000e+00  -9.0296000e+00  -9.0793000e+00  -1.1135900e+01  -1.0865100e+01
  -9.0995000e+00  -8.8274000e+00  -9.2112000e+00  -9.3040000e+00  -1.1195100e+01  -1.0916800e+01
  -9.3978000e+00  -9.0445000e+00  -9.4164000e+00  -9.4204000e+00  -1.1224900e+01  -1.0970000e+01
  -9.2209000e+00  -9.0940000e+00  -9.1782000e+00  -9.1533000e+00  -1.1269500e+01  -1.1010100e+01
  -9.0596000e+00  -9.0525000e+00  -9.0273000e+00  -8.9648000e+00  -1.1350700e+01  -1.1035500e+01
  -8.9090000e+00  -8.8329000e+00  -8.8804000e+00  -8.8274000e+00  -1.1415000e+01  -1.1057600e+01
  -8.9021000e+00  -8.8620000e+00  -8.9320000e+00  -8.9115000e+00  -1.1449100e+01  -1.1052700e+01
  -8.9598000e+00  -8.9151000e+00  -8.9755000e+00  -8.9506000e+00  -1.1496900e+01  -1.1030200e+01
  -9.0044000e+00  -8.9621000e+00  -9.0280000e+00  -9.0139000e+00  -1.1544500e+01  -1.1013800e+01
  -9.0603000e+00  -9.0213000e+00  -9.0722000e+00  -9.0504000e+00  -1.1598600e+01  -1.1053500e+01
  -9.1096000e+00  -9.1059000e+00  -9.1226000e+00  -9.0985000e+00  -1.1668100e+01  -1.1140100e+01
  -9.1691000e+00  -9.2103000e+00  -9.1757000e+00  -9.1452000e+00  -1.1751800e+01  -1.1257100e+01
  -9.2139000e+00  -9.2616000e+00  -9.1822000e+00  -9.1302000e+00  -1.1840600e+01  -1.1396200e+01
  -9.1829000e+00  -9.1743000e+00  -9.1336000e+00  -9.0777000e+00  -1.1909700e+01  -1.1524500e+01
  -9.1410000e+00  -9.1289000e+00  -9.1151000e+00  -9.0665000e+00  -1.1913600e+01  -1.1625100e+01
  -9.1750000e+00  -9.1838000e+00  -9.1609000e+00  -9.1104000e+00  -1.1885000e+01  -1.1660300e+01
  -9.2334000e+00  -9.2687000e+00  -9.2301000e+00  -9.1917000e+00  -1.1816900e+01  -1.1613400e+01
  -9.3167000e+00  -9.3643000e+00  -9.3183000e+00  -9.2891000e+00  -1.1629200e+01  -1.1467300e+01
  -9.4114000e+00  -9.4564000e+00  -9.4072000e+00  -9.3923000e+00  -1.1492500e+01  -1.1429500e+01
  -9.4975000e+00  -9.5589000e+00  -9.5148000e+00  -9.5135000e+00  -1.1288300e+01  -1.1336900e+01
  -9.6256000e+00  -9.6598000e+00  -9.6357000e+00  -9.6482000e+00  -1.1093600e+01  -1.1189200e+01
  -9.7321000e+00  -9.7258000e+00  -9.7356000e+00  -9.7550000e+00  -1.0855000e+01  -1.0990500e+01
  -9.8076000e+00  -9.7785000e+00  -9.7995000e+00  -9.8202000e+00  -1.0614400e+01  -1.0795900e+01
  -9.8574000e+00  -9.8351000e+00  -9.8489000e+00  -9.8785000e+00  -1.0391500e+01  -1.0585500e+01
  -9.9655000e+00  -1.0003300e+01  -9.9528000e+00  -9.9803000e+00  -1.0168000e+01  -1.0316700e+01
  -1.0142300e+01  -1.0183600e+01  -1.0075400e+01  -1.0082200e+01  -9.9535000e+00  -1.0014900e+01
  -1.0256700e+01  -1.0301400e+01  -1.0187200e+01  -1.0209500e+01  -9.6934000e+00  -9.7274000e+00
  -1.0371600e+01  -1.0399600e+01  -1.0267600e+01  -1.0298800e+01  -9.3989000e+00  -9.4426000e+00
  -1.0403100e+01  -1.0420800e+01  -1.0287800e+01  -1.0332300e+01  -9.1007000e+00  -9.0367000e+00
  -1.0428100e+01  -1.0416200e+01  -1.0329200e+01  -1.0393800e+01  -8.9330000e+00  -8.5830000e+00
  -1.0485900e+01  -1.0419300e+01  -1.0386200e+01  -1.0443900e+01  -8.8038000e+00  -8.1620000e+00
  -1.0531100e+01  -1.0418600e+01  -1.0411100e+01  -1.0468200e+01  -8.4861000e+00  -7.8688000e+00
  -1.0579700e+01  -1.0443100e+01  -1.0445600e+01  -1.0503400e+01  -8.0681000e+00  -7.6413000e+00
  -1.0628400e+01  -1.0487700e+01  -1.0473600e+01  -1.0526100e+01  -7.6836000e+00  -7.4249000e+00
  -1.0658100e+01  -1.0522600e+01  -1.0483100e+01  -1.0534900e+01  -7.4470000e+00  -7.2119000e+00
  -1.0647000e+01  -1.0520400e+01  -1.0465300e+01  -1.0532100e+01  -7.2635000e+00  -6.9913000e+00
  -1.0618000e+01  -1.0507200e+01  -1.0475900e+01  -1.0571700e+01  -7.0143000e+00  -6.7419000e+00
  -1.0639600e+01  -1.0521900e+01  -1.0526300e+01  -1.0628500e+01  -6.7522000e+00  -6.4969000e+00
  -1.0700400e+01  -1.0573400e+01  -1.0578600e+01  -1.0677700e+01  -6.4803000e+00  -6.2867000e+00
  -1.0745500e+01  -1.0614000e+01  -1.0596700e+01  -1.0689400e+01  -6.2795000e+00  -6.1165000e+00
  -1.0742000e+01  -1.0612500e+01  -1.0579300e+01  -1.0668700e+01  -6.1448000e+00  -5.9068000e+00
  -1.0720100e+01  -1.0592700e+01  -1.0557100e+01  -1.0645800e+01  -5.8842000e+00  -5.7027000e+00
  -1.0689700e+01  -1.0565800e+01  -1.0528600e+01  -1.0613200e+01  -5.6153000e+00  -5.5953000e+00
  -1.0653600e+01  -1.0540300e+01  -1.0504300e+01  -1.0590300e+01  -5.3557000e+00  -5.5999000e+00
  -1.0638800e+01  -1.0531200e+01  -1.0495600e+01  -1.0580400e+01  -5.1460000e+00  -5.5543000e+00
  -1.0634300e+01  -1.0528200e+01  -1.0488300e+01  -1.0571600e+01  -5.0559000e+00  -5.5376000e+00
  -1.0632000e+01  -1.0528300e+01  -1.0482100e+01  -1.0562200e+01  -5.1804000e+00  -5.5426000e+00
  -1.0623000e+01  -1.0525500e+01  -1.0470400e+01  -1.0545500e+01  -5.0767000e+00  -5.5312000e+00
  -1.0603100e+01  -1.0509400e+01  -1.0447100e+01  -1.0513900e+01  -5.0213000e+00  -5.4190000e+00
  -1.0567300e+01  -1.0476400e+01  -1.0411500e+01  -1.0475000e+01  -5.0540000e+00  -5.3487000e+00
  -1.0522800e+01  -1.0439300e+01  -1.0379400e+01  -1.0441100e+01  -5.0923000e+00  -5.3443000e+00
  -1.0484000e+01  -1.0401700e+01  -1.0348800e+01  -1.0407000e+01  -5.1294000e+00  -5.2850000e+00
  -1.0444800e+01  -1.0360100e+01  -1.0315000e+01  -1.0375000e+01  -5.0588000e+00  -5.2801000e+00
  -1.0398200e+01  -1.0316700e+01  -1.0276500e+01  -1.0335400e+01  -5.0306000e+00  -5.3139000e+00
  -1.0342800e+01  -1.0265700e+01  -1.0226900e+01  -1.0284400e+01  -5.1006000e+00  -5.3222000e+00
  -1.0286400e+01  -1.0202300e+01  -1.0170000e+01  -1.0224500e+01  -5.2075000e+00  -5.3704000e+00
  -1.0179400e+01  -1.0136600e+01  -1.0109900e+01  -1.0162400e+01  -5.2891000e+00  -5.4581000e+00
  -1.0096100e+01  -1.0032600e+01  -1.0045300e+01  -1.0088500e+01  -5.4048000e+00  -5.5388000e+00
  -1.0037500e+01  -9.9693000e+00  -9.9742000e+00  -1.0026500e+01  -5.5573000e+00  -5.5994000e+00
  -1.0007300e+01  -9.9671000e+00  -9.9469000e+00  -9.9843000e+00  -5.6192000e+00  -5.7046000e+00
  -9.9931000e+00  -9.9665000e+00  -9.9365000e+00  -9.9746000e+00  -5.6394000e+00  -5.7888000e+00
  -9.9890000e+00  -9.9770000e+00  -9.9433000e+00  -9.9773000e+00  -5.7324000e+00  -5.9352000e+00
  -9.9916000e+00  -9.9901000e+00  -9.9542000e+00  -9.9839000e+00  -5.8450000e+00  -6.1290000e+00
  -1.0002300e+01  -1.0015600e+01  -9.9688000e+00  -9.9910000e+00  -6.0306000e+00  -6.3593000e+00
  -1.0010600e+01  -1.0036200e+01  -1.0003400e+01  -1.0040400e+01  -6.2066000e+00  -6.6122000e+00
  -1.0065400e+01  -1.0064400e+01  -1.0030900e+01  -1.0060900e+01  -6.4990000e+00  -6.8654000e+00
  -1.0053100e+01  -1.0120200e+01  -1.0077600e+01  -1.0110500e+01  -6.7210000e+00  -7.1545000e+00
  -1.0140800e+01  -1.0123200e+01  -1.0103700e+01  -1.0133100e+01  -7.0373000e+00  -7.4422000e+00
  -1.0143000e+01  -1.0168900e+01  -1.0129800e+01  -1.0146500e+01  -7.3816000e+00  -7.7370000e+00
  -1.0160300e+01  -1.0189400e+01  -1.0147900e+01  -1.0161400e+01  -7.7161000e+00  -7.9944000e+00
  -1.0176200e+01  -1.0202400e+01  -1.0164000e+01  -1.0170500e+01  -8.0031000e+00  -8.2140000e+00
  -1.0190100e+01  -1.0220800e+01  -1.0185500e+01  -1.0190100e+01  -8.2658000e+00  -8.4716000e+00
  -1.0209900e+01  -1.0234500e+01  -1.0208100e+01  -1.0216600e+01  -8.5057000e+00  -8.7565000e+00
  -1.0236800e+01  -1.0263900e+01  -1.0236000e+01  -1.0241800e+01  -8.7448000e+00  -8.9994000e+00
  -1.0264500e+01  -1.0290600e+01  -1.0261200e+01  -1.0263500e+01  -8.9625000e+00  -9.1875000e+00
  -1.0280400e+01  -1.0312900e+01  -1.0281300e+01  -1.0285700e+01  -9.1384000e+00  -9.3837000e+00
  -1.0297000e+01  -1.0327100e+01  -1.0300500e+01  -1.0305100e+01  -9.3861000e+00  -9.5729000e+00
  -1.0312300e+01  -1.0341300e+01  -1.0317400e+01  -1.0322300e+01  -9.6175000e+00  -9.7335000e+00
  -1.0320900e+01  -1.0349200e+01  -1.0326000e+01  -1.0331600e+01  -9.8480000e+00  -9.8840000e+00
  -1.0329600e+01  -1.0354800e+01  -1.0332800e+01  -1.0331600e+01  -1.0045300e+01  -1.0022600e+01
  -1.0333100e+01  -1.0351400e+01  -1.0333000e+01  -1.0332000e+01  -1.0207200e+01  -1.0171900e+01
  -1.0319600e+01  -1.0341000e+01  -1.0328900e+01  -1.0329500e+01  -1.0357000e+01  -1.0293900e+01
  -1.0322100e+01  -1.0346500e+01  -1.0334100e+01  -1.0334400e+01  -1.0498900e+01  -1.0432000e+01
  -1.0323100e+01  -1.0352600e+01  -1.0342000e+01  -1.0346600e+01  -1.0621300e+01  -1.0561000e+01
  -1.0331700e+01  -1.0359900e+01  -1.0356800e+01  -1.0365400e+01  -1.0710700e+01  -1.0674900e+01
  -1.0345600e+01  -1.0380600e+01  -1.0382700e+01  -1.0401000e+01  -1.0821600e+01  -1.0784300e+01
  -1.0379200e+01  -1.0413200e+01  -1.0428400e+01  -1.0456500e+01  -1.0915300e+01  -1.0877800e+01
  -1.0420900e+01  -1.0450600e+01  -1.0473400e+01  -1.0500400e+01  -1.0965600e+01  -1.0971600e+01
  -1.0458500e+01  -1.0484600e+01  -1.0498600e+01  -1.0515100e+01  -1.1008400e+01  -1.1057000e+01
  -1.0477500e+01  -1.0509800e+01  -1.0507200e+01  -1.0517300e+01  -1.1033500e+01  -1.1113500e+01
  -1.0487700e+01  -1.0524100e+01  -1.0513600e+01  -1.0523200e+01  -1.1071100e+01  -1.1165500e+01
  -1.0490300e+01  -1.0528500e+01  -1.0530300e+01  -1.0546900e+01  -1.1086600e+01  -1.1198200e+01
  -1.0495300e+01  -1.0535700e+01  -1.0546000e+01  -1.0560900e+01  -1.1085100e+01  -1.1208300e+01
  -1.0516300e+01  -1.0539000e+01  -1.0548400e+01  -1.0554100e+01  -1.1078500e+01  -1.1209800e+01
  -1.0536100e+01  -1.0524600e+01  -1.0546500e+01  -1.0541600e+01  -1.1109700e+01  -1.1277500e+01
  -1.0544300e+01  -1.0525900e+01  -1.0550000e+01  -1.0541500e+01  -1.1193400e+01  -1.1314000e+01
  -1.0581100e+01  -1.0541500e+01  -1.0583100e+01  -1.0562500e+01  -1.1207800e+01  -1.1341700e+01
  -1.0620900e+01  -1.0594000e+01  -1.0613000e+01  -1.0589000e+01  -1.1168200e+01  -1.1354900e+01
  -1.0624200e+01  -1.0605000e+01  -1.0597200e+01  -1.0567300e+01  -1.1159600e+01  -1.1324000e+01
  -1.0580700e+01  -1.0561800e+01  -1.0555600e+01  -1.0536600e+01  -1.1178100e+01  -1.1300100e+01
  -1.0528900e+01  -1.0523700e+01  -1.0538400e+01  -1.0540600e+01  -1.1182500e+01  -1.1301600e+01
  -1.0515500e+01  -1.0532300e+01  -1.0560200e+01  -1.0563600e+01  -1.1248200e+01  -1.1268000e+01
  -1.0538400e+01  -1.0563900e+01  -1.0583400e+01  -1.0585500e+01  -1.1305700e+01  -1.1217900e+01
  -1.0563200e+01  -1.0582600e+01  -1.0607800e+01  -1.0619500e+01  -1.1356200e+01  -1.1222700e+01
  -1.0595800e+01  -1.0612900e+01  -1.0636800e+01  -1.0639700e+01  -1.1399400e+01  -1.1248300e+01
  -1.0618100e+01  -1.0640500e+01  -1.0646400e+01  -1.0635100e+01  -1.1412500e+01  -1.1265700e+01
  -1.0649100e+01  -1.0669500e+01  -1.0671600e+01  -1.0659800e+01  -1.1407100e+01  -1.1268900e+01
  -1.0675300e+01  -1.0696000e+01  -1.0698900e+01  -1.0692200e+01  -1.1416300e+01  -1.1282700e+01
  -1.0695800e+01  -1.0717300e+01  -1.0716200e+01  -1.0709400e+01  -1.1376600e+01  -1.1283100e+01
  -1.0697000e+01  -1.0728000e+01  -1.0715900e+01  -1.0708700e+01  -1.1342800e+01  -1.1307800e+01
  -1.0694300e+01  -1.0735100e+01  -1.0719600e+01  -1.0721900e+01  -1.1301700e+01  -1.1343900e+01
  -1.0692700e+01  -1.0722800e+01  -1.0720500e+01  -1.0727700e+01  -1.1268900e+01  -1.1374500e+01
  -1.0692500e+01  -1.0713700e+01  -1.0733000e+01  -1.0746800e+01  -1.1265800e+01  -1.1399500e+01
  -1.0713300e+01  -1.0733900e+01  -1.0758300e+01  -1.0777600e+01  -1.1189600e+01  -1.1309600e+01
  -1.0740300e+01  -1.0752900e+01  -1.0777400e+01  -1.0803700e+01  -1.0864500e+01  -1.1077800e+01
  -1.0743100e+01  -1.0759500e+01  -1.0778700e+01  -1.0806400e+01  -1.0879000e+01  -1.1004400e+01
  -1.0749000e+01  -1.0759600e+01  -1.0777400e+01  -1.0816700e+01  -1.0639100e+01  -1.0800500e+01
  -1.0762700e+01  -1.0775800e+01  -1.0791500e+01  -1.0839000e+01  -1.0396400e+01  -1.0551700e+01
  -1.0789200e+01  -1.0796900e+01  -1.0812300e+01  -1.0865200e+01  -1.0178900e+01  -1.0265800e+01
  -1.0819800e+01  -1.0827300e+01  -1.0831000e+01  -1.0883500e+01  -9.9166000e+00  -9.9703000e+00
  -1.0834500e+01  -1.0845300e+01  -1.0836200e+01  -1.0893600e+01  -9.5528000e+00  -9.6210000e+00
  -1.0850100e+01  -1.0859400e+01  -1.0843300e+01  -1.0903700e+01  -9.1580000e+00  -9.2602000e+00
  -1.0852700e+01  -1.0852000e+01  -1.0834900e+01  -1.0899000e+01  -8.8501000e+00  -8.9368000e+00
  -1.0852500e+01  -1.0841400e+01  -1.0827700e+01  -1.0898500e+01  -8.5213000e+00  -8.6344000e+00
  -1.0850800e+01  -1.0823100e+01  -1.0812800e+01  -1.0891900e+01  -8.1345000e+00  -8.2818000e+00
  -1.0839200e+01  -1.0805700e+01  -1.0793300e+01  -1.0880200e+01  -7.7490000e+00  -7.8559000e+00
  -1.0836600e+01  -1.0793600e+01  -1.0781800e+01  -1.0873400e+01  -7.4150000e+00  -7.4623000e+00
  -1.0832200e+01  -1.0776900e+01  -1.0760100e+01  -1.0853700e+01  -7.0814000e+00  -7.1403000e+00
  -1.0826700e+01  -1.0765600e+01  -1.0743000e+01  -1.0840900e+01  -6.7225000e+00  -6.8142000e+00
  -1.0835100e+01  -1.0769400e+01  -1.0744500e+01  -1.0846200e+01  -6.3727000e+00  -6.4905000e+00
  -1.0845600e+01  -1.0771200e+01  -1.0748900e+01  -1.0856700e+01  -6.0940000e+00  -6.2152000e+00
  -1.0860900e+01  -1.0779900e+01  -1.0754800e+01  -1.0866100e+01  -5.8320000e+00  -5.9651000e+00
  -1.0883000e+01  -1.0798100e+01  -1.0760600e+01  -1.0869200e+01  -5.5444000e+00  -5.7154000e+00
  -1.0910200e+01  -1.0811100e+01  -1.0763600e+01  -1.0873000e+01  -5.2772000e+00  -5.4467000e+00
  -1.0938800e+01  -1.0820300e+01  -1.0766500e+01  -1.0878000e+01  -5.0282000e+00  -5.1723000e+00
  -1.0961400e+01  -1.0822400e+01  -1.0768000e+01  -1.0882100e+01  -4.7895000e+00  -4.9057000e+00
  -1.0970300e+01  -1.0823900e+01  -1.0770800e+01  -1.0889000e+01  -4.5743000e+00  -4.6717000e+00
  -1.0976000e+01  -1.0826600e+01  -1.0775900e+01  -1.0897500e+01  -4.3616000e+00  -4.4714000e+00
  -1.0978200e+01  -1.0830900e+01  -1.0780300e+01  -1.0902700e+01  -4.1578000e+00  -4.2932000e+00
  -1.0988500e+01  -1.0844500e+01  -1.0788500e+01  -1.0908300e+01  -3.9744000e+00  -4.1115000e+00
  -1.1018500e+01  -1.0867900e+01  -1.0808600e+01  -1.0924000e+01  -3.8130000e+00  -3.9320000e+00
  -1.1059300e+01  -1.0895100e+01  -1.0837600e+01  -1.0952400e+01  -3.6767000e+00  -3.7654000e+00
  -1.1088200e+01  -1.0919000e+01  -1.0866000e+01  -1.0983400e+01  -3.5544000e+00  -3.6213000e+00
  -1.1106300e+01  -1.0939300e+01  -1.0889200e+01  -1.1007100e+01  -3.4449000e+00  -3.5050000e+00
  -1.1127000e+01  -1.0962100e+01  -1.0912600e+01  -1.1030000e+01  -3.3634000e+00  -3.4104000e+00
  -1.1147400e+01  -1.0981600e+01  -1.0938600e+01  -1.1056200e+01  -3.3185000e+00  -3.3457000e+00
  -1.1154500e+01  -1.0991400e+01  -1.0954100e+01  -1.1071600e+01  -3.3058000e+00  -3.3155000e+00
  -1.1155400e+01  -1.0997600e+01  -1.0957900e+01  -1.1071700e+01  -3.3245000e+00  -3.3117000e+00
  -1.1155200e+01  -1.1003400e+01  -1.0959300e+01  -1.1068500e+01  -3.3852000e+00  -3.3391000e+00
  -1.1154800e+01  -1.1008000e+01  -1.0962100e+01  -1.1066600e+01  -3.4693000e+00  -3.4045000e+00
  -1.1145300e+01  -1.1005400e+01  -1.0961200e+01  -1.1062600e+01  -3.5589000e+00  -3.5052000e+00
  -1.1128300e+01  -1.1001000e+01  -1.0957300e+01  -1.1055200e+01  -3.6718000e+00  -3.6316000e+00
  -1.1110300e+01  -1.1005500e+01  -1.0955600e+01  -1.1045700e+01  -3.8132000e+00  -3.7822000e+00
  -1.1099200e+01  -1.1010800e+01  -1.0959200e+01  -1.1040400e+01  -3.9820000e+00  -3.9483000e+00
  -1.1082200e+01  -1.1005000e+01  -1.0957600e+01  -1.1032200e+01  -4.1837000e+00  -4.1220000e+00
  -1.1058900e+01  -1.0994200e+01  -1.0949600e+01  -1.1015300e+01  -4.4055000e+00  -4.3075000e+00
  -1.1036000e+01  -1.0986900e+01  -1.0943900e+01  -1.1000900e+01  -4.6378000e+00  -4.5153000e+00
  -1.1015800e+01  -1.0991100e+01  -1.0947100e+01  -1.0997100e+01  -4.9017000e+00  -4.7402000e+00
  -1.1006900e+01  -1.1005400e+01  -1.0961700e+01  -1.1002600e+01  -5.2181000e+00  -4.9827000e+00
  -1.1011600e+01  -1.1015500e+01  -1.0976200e+01  -1.1010700e+01  -5.5431000e+00  -5.2353000e+00
  -1.1016500e+01  -1.1027500e+01  -1.0992000e+01  -1.1023100e+01  -5.8449000e+00  -5.4911000e+00
  -1.1021600e+01  -1.1045900e+01  -1.1012900e+01  -1.1038200e+01  -6.1473000e+00  -5.7517000e+00
  -1.1031600e+01  -1.1064700e+01  -1.1035000e+01  -1.1051400e+01  -6.5062000e+00  -6.0907000e+00
  -1.1040600e+01  -1.1082100e+01  -1.1055300e+01  -1.1062800e+01  -6.8700000e+00  -6.4321000e+00
  -1.1050800e+01  -1.1094900e+01  -1.1071300e+01  -1.1073300e+01  -7.2292000e+00  -6.7889000e+00
  -1.1060300e+01  -1.1105800e+01  -1.1084800e+01  -1.1083700e+01  -7.5773000e+00  -7.1639000e+00
  -1.1068800e+01  -1.1113800e+01  -1.1094300e+01  -1.1089700e+01  -7.9199000e+00  -7.5587000e+00
  -1.1073400e+01  -1.1115300e+01  -1.1098400e+01  -1.1091100e+01  -8.2825000e+00  -7.9593000e+00
  -1.1072000e+01  -1.1112900e+01  -1.1098200e+01  -1.1089200e+01  -8.6406000e+00  -8.3411000e+00
  -1.1065800e+01  -1.1106100e+01  -1.1092500e+01  -1.1081300e+01  -8.9613000e+00  -8.7013000e+00
  -1.1053900e+01  -1.1092400e+01  -1.1080600e+01  -1.1067100e+01  -9.2539000e+00  -9.0272000e+00
  -1.1036400e+01  -1.1074200e+01  -1.1064400e+01  -1.1051300e+01  -9.5517000e+00  -9.3310000e+00
  -1.1015600e+01  -1.1052100e+01  -1.1045500e+01  -1.1033800e+01  -9.8553000e+00  -9.6177000e+00
  -1.0992500e+01  -1.1030700e+01  -1.1025700e+01  -1.1016700e+01  -1.0118900e+01  -9.8819000e+00
  -1.0973700e+01  -1.1015000e+01  -1.1010000e+01  -1.1002600e+01  -1.0337400e+01  -1.0127300e+01
  -1.0961400e+01  -1.1002800e+01  -1.0996700e+01  -1.0988700e+01  -1.0536600e+01  -1.0354800e+01
  -1.0951700e+01  -1.0990000e+01  -1.0983000e+01  -1.0973000e+01  -1.0728100e+01  -1.0569600e+01
  -1.0940300e+01  -1.0975200e+01  -1.0967600e+01  -1.0954300e+01  -1.0879200e+01  -1.0765000e+01
  -1.0924500e+01  -1.0954200e+01  -1.0947000e+01  -1.0931000e+01  -1.0995500e+01  -1.0936700e+01
  -1.0903300e+01  -1.0944500e+01  -1.0938700e+01  -1.0936400e+01  -1.1106600e+01  -1.1091300e+01
  -1.0900100e+01  -1.0951000e+01  -1.0944200e+01  -1.0938600e+01  -1.1220400e+01  -1.1235400e+01
  -1.0907400e+01  -1.0947000e+01  -1.0937000e+01  -1.0925000e+01  -1.1314300e+01  -1.1359600e+01
  -1.0896900e+01  -1.0930700e+01  -1.0921000e+01  -1.0910800e+01  -1.1381000e+01  -1.1466400e+01
  -1.0881300e+01  -1.0913800e+01  -1.0904200e+01  -1.0892600e+01  -1.1429300e+01  -1.1563300e+01
  -1.0861300e+01  -1.0893700e+01  -1.0884900e+01  -1.0874600e+01  -1.1469400e+01  -1.1642500e+01
  -1.0840500e+01  -1.0877000e+01  -1.0868300e+01  -1.0860000e+01  -1.1517800e+01  -1.1702400e+01
