   4.2960000e+00   4.4020000e+00   4.3760000e+00   4.4150000e+00   5.3320000e+00   5.1930000e+00
   4.3990000e+00   4.5730000e+00   4.5320000e+00   4.6030000e+00   5.2160000e+00   5.1460000e+00
   4.9930000e+00   5.1030000e+00   5.0540000e+00   5.1030000e+00   5.1840000e+00   5.0740000e+00
   5.4300000e+00   5.4600000e+00   5.4330000e+00   5.4690000e+00   5.1930000e+00   5.0930000e+00
   5.6890000e+00   5.6970000e+00   5.6760000e+00   5.6920000e+00   5.2110000e+00   5.1320000e+00
   5.7960000e+00   5.7320000e+00   5.7610000e+00   5.7690000e+00   5.3070000e+00   5.2200000e+00
   5.8010000e+00   5.6870000e+00   5.7470000e+00   5.7390000e+00   5.4160000e+00   5.3310000e+00
   5.6780000e+00   5.5880000e+00   5.6340000e+00   5.6320000e+00   5.5320000e+00   5.4180000e+00
   5.6980000e+00   5.6630000e+00   5.6830000e+00   5.7020000e+00   5.5410000e+00   5.4280000e+00
   5.6910000e+00   5.6470000e+00   5.6830000e+00   5.6990000e+00   5.6810000e+00   5.5370000e+00
   5.6330000e+00   5.5980000e+00   5.6390000e+00   5.6560000e+00   5.7990000e+00   5.6720000e+00
   5.5870000e+00   5.4400000e+00   5.5520000e+00   5.5320000e+00   5.9600000e+00   5.7870000e+00
   5.6650000e+00   5.3990000e+00   5.6270000e+00   5.6040000e+00   6.1700000e+00   5.9990000e+00
   5.7030000e+00   5.4340000e+00   5.5960000e+00   5.5530000e+00   6.2340000e+00   6.1280000e+00
   5.5760000e+00   5.4270000e+00   5.5110000e+00   5.4860000e+00   6.2640000e+00   6.1790000e+00
   5.4100000e+00   5.3170000e+00   5.3880000e+00   5.3870000e+00   6.2760000e+00   6.2070000e+00
   5.2830000e+00   5.2500000e+00   5.3070000e+00   5.3350000e+00   6.2120000e+00   6.1460000e+00
   5.1130000e+00   5.1650000e+00   5.1580000e+00   5.2070000e+00   6.0000000e+00   5.9590000e+00
   4.8810000e+00   4.9760000e+00   4.9170000e+00   4.9570000e+00   5.8320000e+00   5.8530000e+00
   4.6850000e+00   4.6710000e+00   4.6880000e+00   4.6980000e+00   5.4670000e+00   5.5220000e+00
   4.6950000e+00   4.6220000e+00   4.6870000e+00   4.6870000e+00   4.7770000e+00   4.8740000e+00
   4.7910000e+00   4.7620000e+00   4.8000000e+00   4.8200000e+00   4.5780000e+00   4.7560000e+00
   4.8720000e+00   4.8750000e+00   4.8980000e+00   4.9390000e+00   4.5990000e+00   4.7900000e+00
   4.9140000e+00   4.9710000e+00   4.9530000e+00   5.0090000e+00   4.4800000e+00   4.6870000e+00
   4.8590000e+00   4.9330000e+00   4.8910000e+00   4.9420000e+00   4.5350000e+00   4.7580000e+00
   4.8720000e+00   4.9150000e+00   4.8660000e+00   4.8940000e+00   4.6850000e+00   4.9390000e+00
   4.9430000e+00   4.9390000e+00   4.9150000e+00   4.9320000e+00   4.6530000e+00   4.9560000e+00
   5.0160000e+00   4.9800000e+00   4.9760000e+00   4.9920000e+00   4.6890000e+00   5.0620000e+00
   5.0650000e+00   4.9970000e+00   5.0060000e+00   5.0150000e+00   4.8510000e+00   5.2040000e+00
   5.0360000e+00   4.9650000e+00   4.9840000e+00   4.9960000e+00   4.9110000e+00   5.2830000e+00
   5.0430000e+00   4.9910000e+00   5.0050000e+00   5.0280000e+00   4.9300000e+00   5.3640000e+00
   5.0110000e+00   4.9890000e+00   4.9910000e+00   5.0200000e+00   5.0250000e+00   5.5080000e+00
   4.9220000e+00   4.8970000e+00   4.8980000e+00   4.9120000e+00   5.0630000e+00   5.6180000e+00
   4.8510000e+00   4.8070000e+00   4.8190000e+00   4.8200000e+00   5.0870000e+00   5.7180000e+00
   4.7980000e+00   4.7280000e+00   4.7500000e+00   4.7360000e+00   5.1790000e+00   5.8090000e+00
   4.6880000e+00   4.5970000e+00   4.6290000e+00   4.6060000e+00   5.3420000e+00   5.8740000e+00
   4.5650000e+00   4.4740000e+00   4.5080000e+00   4.4850000e+00   5.4660000e+00   5.8700000e+00
   4.4910000e+00   4.3850000e+00   4.4230000e+00   4.3920000e+00   5.5340000e+00   5.8320000e+00
   4.4220000e+00   4.2990000e+00   4.3420000e+00   4.3060000e+00   5.5260000e+00   5.7860000e+00
   4.3750000e+00   4.2430000e+00   4.2890000e+00   4.2520000e+00   5.5570000e+00   5.7820000e+00
   4.3220000e+00   4.1950000e+00   4.2460000e+00   4.2170000e+00   5.7780000e+00   5.7420000e+00
   4.3140000e+00   4.1880000e+00   4.2470000e+00   4.2220000e+00   6.1480000e+00   5.6960000e+00
   4.3040000e+00   4.1760000e+00   4.2390000e+00   4.2110000e+00   6.4060000e+00   5.7250000e+00
   4.2870000e+00   4.0950000e+00   4.1210000e+00   3.9960000e+00   6.5420000e+00   5.9040000e+00
   4.0840000e+00   3.8310000e+00   3.8940000e+00   3.8180000e+00   6.5380000e+00   6.1400000e+00
   3.9610000e+00   3.7050000e+00   3.8130000e+00   3.7560000e+00   6.3780000e+00   6.0050000e+00
   3.9420000e+00   3.6230000e+00   3.7430000e+00   3.6610000e+00   6.2020000e+00   5.8400000e+00
   3.8800000e+00   3.5520000e+00   3.6690000e+00   3.5890000e+00   6.1170000e+00   5.7570000e+00
   3.8210000e+00   3.5090000e+00   3.6010000e+00   3.5190000e+00   6.0880000e+00   5.7420000e+00
   3.7670000e+00   3.4730000e+00   3.5470000e+00   3.4640000e+00   6.0660000e+00   5.7480000e+00
   3.7410000e+00   3.4580000e+00   3.5210000e+00   3.4380000e+00   6.0690000e+00   5.9360000e+00
   3.7680000e+00   3.4900000e+00   3.5480000e+00   3.4650000e+00   6.0410000e+00   6.2290000e+00
   3.8200000e+00   3.5600000e+00   3.6120000e+00   3.5380000e+00   6.0080000e+00   6.3370000e+00
   3.8530000e+00   3.6240000e+00   3.6700000e+00   3.6110000e+00   5.9490000e+00   6.3470000e+00
   3.8690000e+00   3.6710000e+00   3.7100000e+00   3.6670000e+00   5.8310000e+00   6.3330000e+00
   3.8730000e+00   3.7070000e+00   3.7420000e+00   3.7100000e+00   5.7420000e+00   6.2060000e+00
   3.8590000e+00   3.7190000e+00   3.7500000e+00   3.7200000e+00   5.7200000e+00   6.2060000e+00
   3.8490000e+00   3.7240000e+00   3.7540000e+00   3.7250000e+00   5.6550000e+00   6.2950000e+00
   3.8600000e+00   3.7520000e+00   3.7810000e+00   3.7580000e+00   5.6080000e+00   6.3580000e+00
   3.8960000e+00   3.8130000e+00   3.8300000e+00   3.8160000e+00   5.5190000e+00   6.2290000e+00
   3.9250000e+00   3.8950000e+00   3.8850000e+00   3.8890000e+00   5.3370000e+00   6.2210000e+00
   3.9560000e+00   3.9640000e+00   3.9290000e+00   3.9410000e+00   5.3240000e+00   6.2970000e+00
   4.0150000e+00   4.0630000e+00   4.0050000e+00   4.0250000e+00   5.5150000e+00   6.3100000e+00
   4.1190000e+00   4.1570000e+00   4.1010000e+00   4.1170000e+00   5.4480000e+00   6.0820000e+00
   4.2470000e+00   4.3040000e+00   4.2530000e+00   4.2650000e+00   5.8270000e+00   6.1310000e+00
   4.5460000e+00   4.5260000e+00   4.5190000e+00   4.5080000e+00   6.1130000e+00   6.2450000e+00
   4.8050000e+00   4.8170000e+00   4.8130000e+00   4.8290000e+00   6.2060000e+00   6.2350000e+00
   4.6720000e+00   4.6520000e+00   4.6740000e+00   4.6730000e+00   6.3130000e+00   6.1680000e+00
   4.5960000e+00   4.5180000e+00   4.5720000e+00   4.5480000e+00   6.5050000e+00   6.1190000e+00
   4.1980000e+00   4.2070000e+00   4.2140000e+00   4.2200000e+00   6.5310000e+00   6.1570000e+00
   4.1150000e+00   4.0700000e+00   4.1160000e+00   4.1160000e+00   6.5410000e+00   6.0190000e+00
   4.3590000e+00   4.3270000e+00   4.3370000e+00   4.3210000e+00   6.5760000e+00   6.1100000e+00
   4.3380000e+00   4.3600000e+00   4.3610000e+00   4.3640000e+00   6.5970000e+00   6.1010000e+00
   4.1340000e+00   4.1910000e+00   4.1880000e+00   4.2080000e+00   6.6620000e+00   6.0910000e+00
   4.0560000e+00   4.0240000e+00   4.0630000e+00   4.0460000e+00   6.7280000e+00   6.0600000e+00
   4.0080000e+00   3.9600000e+00   4.0100000e+00   3.9970000e+00   6.7760000e+00   6.0900000e+00
   4.0360000e+00   3.9150000e+00   4.0090000e+00   3.9770000e+00   6.7810000e+00   6.1270000e+00
   3.8430000e+00   3.8650000e+00   3.8990000e+00   3.9330000e+00   6.6290000e+00   6.2090000e+00
   3.7030000e+00   3.7130000e+00   3.7390000e+00   3.7420000e+00   6.4390000e+00   6.2840000e+00
   3.7370000e+00   3.6810000e+00   3.7250000e+00   3.7010000e+00   6.3290000e+00   6.2730000e+00
   3.7980000e+00   3.7000000e+00   3.7580000e+00   3.7150000e+00   6.3100000e+00   6.1090000e+00
   3.9980000e+00   3.8220000e+00   3.9230000e+00   3.8590000e+00   6.1360000e+00   5.9760000e+00
   4.2440000e+00   4.0840000e+00   4.1760000e+00   4.1330000e+00   6.0430000e+00   5.9130000e+00
   4.3430000e+00   4.2540000e+00   4.3070000e+00   4.2930000e+00   5.9330000e+00   5.8490000e+00
   4.3800000e+00   4.3410000e+00   4.3490000e+00   4.3380000e+00   5.7270000e+00   5.7870000e+00
   4.3070000e+00   4.3310000e+00   4.3070000e+00   4.3070000e+00   5.5870000e+00   5.6960000e+00
   4.2220000e+00   4.2450000e+00   4.2290000e+00   4.2250000e+00   5.4820000e+00   5.6050000e+00
   4.2150000e+00   4.1760000e+00   4.1960000e+00   4.1740000e+00   5.4790000e+00   5.5540000e+00
   4.2220000e+00   4.1530000e+00   4.2060000e+00   4.1910000e+00   5.5270000e+00   5.5370000e+00
   4.2130000e+00   4.1680000e+00   4.2060000e+00   4.1990000e+00   5.6150000e+00   5.5830000e+00
   4.1650000e+00   4.1570000e+00   4.1710000e+00   4.1720000e+00   5.6700000e+00   5.6610000e+00
   4.1170000e+00   4.1360000e+00   4.1240000e+00   4.1160000e+00   5.7170000e+00   5.7180000e+00
   4.0680000e+00   4.0760000e+00   4.0550000e+00   4.0320000e+00   5.7750000e+00   5.7490000e+00
   4.0390000e+00   4.0340000e+00   4.0180000e+00   3.9900000e+00   5.8710000e+00   5.7990000e+00
   4.0700000e+00   4.0540000e+00   4.0490000e+00   4.0200000e+00   5.9830000e+00   5.8650000e+00
   4.1400000e+00   4.1240000e+00   4.1250000e+00   4.0990000e+00   6.0260000e+00   5.9430000e+00
   4.2250000e+00   4.2210000e+00   4.2070000e+00   4.1810000e+00   6.0870000e+00   6.0480000e+00
   4.3060000e+00   4.3090000e+00   4.2780000e+00   4.2550000e+00   6.0960000e+00   6.1920000e+00
   4.4740000e+00   4.4660000e+00   4.4200000e+00   4.3810000e+00   6.0850000e+00   6.2460000e+00
   4.6420000e+00   4.6300000e+00   4.5750000e+00   4.5330000e+00   5.9770000e+00   6.1640000e+00
   4.7920000e+00   4.7670000e+00   4.7190000e+00   4.6710000e+00   5.8110000e+00   6.0270000e+00
   4.8970000e+00   4.8680000e+00   4.7940000e+00   4.7340000e+00   5.5680000e+00   5.8560000e+00
   4.9430000e+00   4.8920000e+00   4.8610000e+00   4.8140000e+00   5.5260000e+00   5.6410000e+00
   4.9470000e+00   4.8960000e+00   4.9090000e+00   4.8820000e+00   5.8240000e+00   5.6950000e+00
   4.9200000e+00   4.8800000e+00   4.9090000e+00   4.8950000e+00   6.0260000e+00   5.9550000e+00
   4.8650000e+00   4.8740000e+00   4.8930000e+00   4.9030000e+00   6.0640000e+00   6.1220000e+00
   4.8050000e+00   4.8270000e+00   4.8360000e+00   4.8520000e+00   6.0680000e+00   6.1190000e+00
   4.8070000e+00   4.8340000e+00   4.8260000e+00   4.8350000e+00   6.0990000e+00   6.1100000e+00
   4.9130000e+00   4.9090000e+00   4.9110000e+00   4.9050000e+00   6.1230000e+00   6.1580000e+00
   5.0060000e+00   5.0150000e+00   5.0190000e+00   5.0210000e+00   6.1020000e+00   6.2100000e+00
   4.9610000e+00   5.0080000e+00   5.0090000e+00   5.0310000e+00   6.0600000e+00   6.2310000e+00
   4.9400000e+00   4.9390000e+00   4.9600000e+00   4.9650000e+00   6.0460000e+00   6.2080000e+00
   4.9550000e+00   4.9200000e+00   4.9550000e+00   4.9440000e+00   5.9970000e+00   6.1500000e+00
   4.9580000e+00   4.9230000e+00   4.9580000e+00   4.9410000e+00   5.7990000e+00   5.9590000e+00
   4.9390000e+00   4.9330000e+00   4.9590000e+00   4.9560000e+00   5.4660000e+00   5.6150000e+00
   4.8910000e+00   4.9350000e+00   4.9430000e+00   4.9650000e+00   5.4450000e+00   5.5850000e+00
   4.7670000e+00   4.8500000e+00   4.8350000e+00   4.8770000e+00   5.0880000e+00   5.2560000e+00
   4.6940000e+00   4.7540000e+00   4.7410000e+00   4.7520000e+00   4.5100000e+00   4.6070000e+00
   4.7200000e+00   4.7340000e+00   4.7460000e+00   4.7500000e+00   4.1940000e+00   4.2310000e+00
   4.6970000e+00   4.7440000e+00   4.7610000e+00   4.7890000e+00   4.2570000e+00   4.2940000e+00
   4.6570000e+00   4.7150000e+00   4.7210000e+00   4.7600000e+00   4.5410000e+00   4.6140000e+00
   4.6590000e+00   4.7120000e+00   4.7290000e+00   4.7700000e+00   4.4730000e+00   4.5600000e+00
   4.6500000e+00   4.7300000e+00   4.7300000e+00   4.7790000e+00   4.3220000e+00   4.5320000e+00
   4.6750000e+00   4.7090000e+00   4.7200000e+00   4.7470000e+00   4.5020000e+00   4.7860000e+00
   4.7360000e+00   4.7050000e+00   4.7320000e+00   4.7330000e+00   4.6410000e+00   4.8760000e+00
   4.8190000e+00   4.7320000e+00   4.7780000e+00   4.7620000e+00   4.6640000e+00   4.9640000e+00
   4.8970000e+00   4.7720000e+00   4.8250000e+00   4.7880000e+00   4.8250000e+00   5.0980000e+00
   4.9430000e+00   4.7640000e+00   4.8440000e+00   4.7890000e+00   4.9090000e+00   5.1500000e+00
   4.9880000e+00   4.7430000e+00   4.8610000e+00   4.7900000e+00   5.0110000e+00   5.1870000e+00
   5.0430000e+00   4.7450000e+00   4.8900000e+00   4.8020000e+00   5.1760000e+00   5.2250000e+00
   5.0520000e+00   4.7310000e+00   4.9020000e+00   4.8160000e+00   5.2680000e+00   5.2310000e+00
   4.9640000e+00   4.6220000e+00   4.8170000e+00   4.7330000e+00   5.3080000e+00   5.2140000e+00
   4.8480000e+00   4.4720000e+00   4.6790000e+00   4.5900000e+00   5.3300000e+00   5.1820000e+00
   4.8140000e+00   4.3930000e+00   4.5940000e+00   4.4790000e+00   5.3160000e+00   5.1380000e+00
   4.8350000e+00   4.4140000e+00   4.5940000e+00   4.4600000e+00   5.2800000e+00   5.1210000e+00
   4.8420000e+00   4.4170000e+00   4.6100000e+00   4.4740000e+00   5.2440000e+00   5.1200000e+00
   4.8720000e+00   4.4360000e+00   4.6510000e+00   4.5110000e+00   5.1870000e+00   5.0980000e+00
   4.9700000e+00   4.4590000e+00   4.7070000e+00   4.5430000e+00   5.1410000e+00   5.0910000e+00
   5.0190000e+00   4.4780000e+00   4.7640000e+00   4.6140000e+00   5.1220000e+00   5.0930000e+00
   5.0550000e+00   4.5350000e+00   4.8420000e+00   4.7010000e+00   5.1290000e+00   5.1020000e+00
   5.1210000e+00   4.6430000e+00   4.9260000e+00   4.7990000e+00   5.1350000e+00   5.0990000e+00
   5.1610000e+00   4.7480000e+00   4.9910000e+00   4.8760000e+00   5.1470000e+00   5.0980000e+00
   5.1840000e+00   4.8300000e+00   5.0390000e+00   4.9380000e+00   5.1680000e+00   5.1010000e+00
   5.2090000e+00   4.8720000e+00   5.0700000e+00   4.9740000e+00   5.2040000e+00   5.1080000e+00
   5.2310000e+00   4.8910000e+00   5.0880000e+00   4.9900000e+00   5.3010000e+00   5.1370000e+00
   5.2890000e+00   4.9420000e+00   5.1190000e+00   5.0010000e+00   5.4350000e+00   5.1770000e+00
   5.3650000e+00   5.0210000e+00   5.1720000e+00   5.0370000e+00   5.5560000e+00   5.2480000e+00
   5.4370000e+00   5.1210000e+00   5.2420000e+00   5.1000000e+00   5.6640000e+00   5.4010000e+00
   5.5140000e+00   5.2050000e+00   5.3060000e+00   5.1660000e+00   5.7790000e+00   5.6070000e+00
   5.5780000e+00   5.2800000e+00   5.3680000e+00   5.2290000e+00   5.9420000e+00   5.7930000e+00
   5.6290000e+00   5.3490000e+00   5.4290000e+00   5.2950000e+00   6.1670000e+00   5.9520000e+00
   5.6440000e+00   5.4070000e+00   5.4790000e+00   5.3620000e+00   6.4040000e+00   6.1400000e+00
   5.6210000e+00   5.4440000e+00   5.5090000e+00   5.4240000e+00   6.5110000e+00   6.3950000e+00
   5.5510000e+00   5.4310000e+00   5.4900000e+00   5.4440000e+00   6.4750000e+00   6.5240000e+00
   5.4750000e+00   5.3840000e+00   5.4390000e+00   5.4150000e+00   6.4120000e+00   6.4990000e+00
   5.4620000e+00   5.3800000e+00   5.4380000e+00   5.4190000e+00   6.2250000e+00   6.3360000e+00
   5.4890000e+00   5.4420000e+00   5.4840000e+00   5.4790000e+00   6.3390000e+00   6.4940000e+00
   5.5330000e+00   5.5170000e+00   5.5420000e+00   5.5440000e+00   6.5930000e+00   6.7280000e+00
   5.6490000e+00   5.6240000e+00   5.6370000e+00   5.6340000e+00   7.0260000e+00   7.1130000e+00
   5.7440000e+00   5.7400000e+00   5.7350000e+00   5.7390000e+00   6.8030000e+00   6.7640000e+00
   5.8330000e+00   5.8340000e+00   5.8230000e+00   5.8160000e+00   6.8180000e+00   6.6500000e+00
   5.9150000e+00   5.9130000e+00   5.8940000e+00   5.8880000e+00   6.8630000e+00   6.6650000e+00
   5.9620000e+00   5.9730000e+00   5.9480000e+00   5.9450000e+00   6.9420000e+00   6.7460000e+00
   5.9680000e+00   6.0000000e+00   5.9770000e+00   5.9840000e+00   6.9650000e+00   6.8670000e+00
   5.9630000e+00   5.9990000e+00   5.9800000e+00   5.9900000e+00   6.9650000e+00   6.9820000e+00
   5.9610000e+00   5.9990000e+00   5.9740000e+00   5.9860000e+00   6.9530000e+00   7.0660000e+00
   5.9340000e+00   5.9770000e+00   5.9500000e+00   5.9660000e+00   6.9370000e+00   7.0450000e+00
   5.9170000e+00   5.9520000e+00   5.9220000e+00   5.9180000e+00   6.9590000e+00   6.9540000e+00
   5.8960000e+00   5.8900000e+00   5.8870000e+00   5.8740000e+00   7.0090000e+00   6.8760000e+00
   5.8910000e+00   5.8640000e+00   5.8820000e+00   5.8680000e+00   7.1060000e+00   6.8640000e+00
   5.9090000e+00   5.8540000e+00   5.8910000e+00   5.8680000e+00   7.1290000e+00   6.8130000e+00
   5.9150000e+00   5.8550000e+00   5.8940000e+00   5.8740000e+00   7.0840000e+00   6.6940000e+00
   5.9210000e+00   5.9040000e+00   5.9120000e+00   5.9060000e+00   6.8910000e+00   6.5780000e+00
   5.9350000e+00   5.9460000e+00   5.9360000e+00   5.9400000e+00   6.7220000e+00   6.4850000e+00
   5.9300000e+00   5.9670000e+00   5.9400000e+00   5.9520000e+00   6.6020000e+00   6.3850000e+00
   5.9300000e+00   5.9780000e+00   5.9440000e+00   5.9560000e+00   6.4750000e+00   6.3510000e+00
   5.9320000e+00   5.9770000e+00   5.9430000e+00   5.9550000e+00   6.3830000e+00   6.3430000e+00
   5.9560000e+00   5.9870000e+00   5.9550000e+00   5.9580000e+00   6.3460000e+00   6.3230000e+00
   5.9690000e+00   5.9940000e+00   5.9580000e+00   5.9540000e+00   6.2450000e+00   6.2410000e+00
   5.9460000e+00   5.9430000e+00   5.9050000e+00   5.8740000e+00   6.1160000e+00   6.1140000e+00
   5.8940000e+00   5.8370000e+00   5.8260000e+00   5.7870000e+00   6.0580000e+00   6.0440000e+00
   5.8340000e+00   5.8270000e+00   5.8140000e+00   5.7900000e+00   6.0340000e+00   6.0220000e+00
   5.7780000e+00   5.8360000e+00   5.8070000e+00   5.8100000e+00   6.0050000e+00   6.0360000e+00
   5.6620000e+00   5.7260000e+00   5.6870000e+00   5.6980000e+00   5.9940000e+00   6.1830000e+00
   5.5880000e+00   5.6240000e+00   5.6030000e+00   5.6110000e+00   5.8900000e+00   6.1680000e+00
   5.5290000e+00   5.5510000e+00   5.5520000e+00   5.5600000e+00   5.7640000e+00   6.0080000e+00
   5.4600000e+00   5.5040000e+00   5.5100000e+00   5.5260000e+00   5.8780000e+00   5.9220000e+00
   5.3730000e+00   5.4180000e+00   5.4140000e+00   5.4210000e+00   6.1390000e+00   6.0830000e+00
   5.4880000e+00   5.5100000e+00   5.5070000e+00   5.4950000e+00   6.1770000e+00   6.0580000e+00
   5.4590000e+00   5.5170000e+00   5.5030000e+00   5.5160000e+00   5.7450000e+00   6.3040000e+00
   5.4100000e+00   5.4840000e+00   5.4730000e+00   5.4910000e+00   5.5180000e+00   5.7660000e+00
   5.4160000e+00   5.5070000e+00   5.4790000e+00   5.5090000e+00   5.9200000e+00   5.4320000e+00
   5.4090000e+00   5.5270000e+00   5.5130000e+00   5.5490000e+00   6.0320000e+00   5.4720000e+00
   5.1730000e+00   5.3780000e+00   5.3320000e+00   5.4120000e+00   5.7750000e+00   5.4930000e+00
   4.8570000e+00   4.9990000e+00   4.9500000e+00   4.9990000e+00   5.2280000e+00   5.4950000e+00
   5.0750000e+00   4.9730000e+00   4.9730000e+00   4.9220000e+00   4.2660000e+00   5.3520000e+00
   5.4660000e+00   5.6030000e+00   5.5200000e+00   5.5020000e+00   4.3490000e+00   5.1540000e+00
   5.2870000e+00   5.4120000e+00   5.5390000e+00   5.6090000e+00   4.4690000e+00   5.0960000e+00
   5.3180000e+00   5.2270000e+00   5.0380000e+00   4.8820000e+00   5.6200000e+00   4.8250000e+00
   5.7550000e+00   5.8570000e+00   5.7450000e+00   5.7240000e+00   5.2900000e+00   4.9470000e+00
   5.9620000e+00   5.9970000e+00   5.9580000e+00   5.9460000e+00   5.1550000e+00   4.7490000e+00
   6.1370000e+00   6.2250000e+00   6.1650000e+00   6.1530000e+00   5.8580000e+00   5.0930000e+00
   5.8160000e+00   5.9820000e+00   5.9870000e+00   6.0890000e+00   6.3170000e+00   5.3350000e+00
   5.5550000e+00   5.6340000e+00   5.6400000e+00   5.6870000e+00   6.5050000e+00   5.7690000e+00
   5.5300000e+00   5.6140000e+00   5.5970000e+00   5.6310000e+00   6.5270000e+00   5.7090000e+00
   5.4500000e+00   5.5330000e+00   5.5300000e+00   5.5750000e+00   6.5390000e+00   5.9740000e+00
   5.3080000e+00   5.3240000e+00   5.3830000e+00   5.4230000e+00   6.6170000e+00   6.1860000e+00
   5.3670000e+00   5.3160000e+00   5.3690000e+00   5.3840000e+00   6.3720000e+00   6.3870000e+00
   5.5360000e+00   5.5580000e+00   5.5520000e+00   5.5420000e+00   6.3910000e+00   6.4580000e+00
   5.6280000e+00   5.6400000e+00   5.6250000e+00   5.6120000e+00   6.4880000e+00   6.4400000e+00
   5.4350000e+00   5.4510000e+00   5.4790000e+00   5.5170000e+00   6.4070000e+00   6.4520000e+00
   5.4000000e+00   5.3970000e+00   5.4360000e+00   5.4430000e+00   6.0170000e+00   6.0790000e+00
   5.6240000e+00   5.5070000e+00   5.4000000e+00   5.3380000e+00   5.9560000e+00   5.6270000e+00
   5.4320000e+00   5.5940000e+00   5.6440000e+00   5.7260000e+00   5.9590000e+00   5.6680000e+00
   5.4810000e+00   5.3520000e+00   5.3650000e+00   5.3470000e+00   5.7110000e+00   5.6940000e+00
   5.4280000e+00   5.4470000e+00   5.5410000e+00   5.6380000e+00   5.5390000e+00   5.5820000e+00
   5.5040000e+00   5.4530000e+00   5.4450000e+00   5.5210000e+00   5.5300000e+00   5.4540000e+00
   5.8600000e+00   5.7960000e+00   5.7040000e+00   5.6450000e+00   5.3290000e+00   5.4070000e+00
   6.0360000e+00   6.0120000e+00   5.9510000e+00   5.9300000e+00   5.0400000e+00   5.2790000e+00
   6.0430000e+00   5.9630000e+00   5.9540000e+00   5.9580000e+00   4.8650000e+00   5.0030000e+00
   6.3100000e+00   6.2820000e+00   6.2150000e+00   6.2180000e+00   4.6230000e+00   4.7570000e+00
   6.4450000e+00   6.3820000e+00   6.2320000e+00   6.1490000e+00   4.4130000e+00   4.6700000e+00
   6.6160000e+00   6.6080000e+00   6.5620000e+00   6.5160000e+00   4.2310000e+00   4.5150000e+00
   6.4730000e+00   6.4270000e+00   6.5000000e+00   6.5980000e+00   4.0980000e+00   4.3680000e+00
   6.4950000e+00   6.4780000e+00   6.5100000e+00   6.5590000e+00   3.9990000e+00   4.1700000e+00
   6.0730000e+00   6.0900000e+00   6.3020000e+00   6.4580000e+00   4.0160000e+00   4.0630000e+00
   5.7760000e+00   5.5650000e+00   5.8270000e+00   6.0340000e+00   4.1330000e+00   3.9160000e+00
   6.1360000e+00   6.0250000e+00   5.8290000e+00   5.6990000e+00   3.9140000e+00   3.8860000e+00
   6.4270000e+00   6.4390000e+00   6.1440000e+00   6.0080000e+00   3.7750000e+00   3.7750000e+00
   6.6650000e+00   6.6040000e+00   6.4010000e+00   6.2760000e+00   3.8560000e+00   3.5870000e+00
   6.7370000e+00   6.7010000e+00   6.5360000e+00   6.4290000e+00   3.7630000e+00   3.4000000e+00
   6.6730000e+00   6.6660000e+00   6.5760000e+00   6.5160000e+00   3.5720000e+00   3.2920000e+00
   6.5260000e+00   6.4000000e+00   6.4100000e+00   6.3520000e+00   3.3560000e+00   3.2580000e+00
   6.5420000e+00   6.3600000e+00   6.3720000e+00   6.3000000e+00   3.1180000e+00   3.1350000e+00
   6.6540000e+00   6.5600000e+00   6.5160000e+00   6.4670000e+00   2.8760000e+00   2.8800000e+00
   6.7800000e+00   6.6750000e+00   6.7210000e+00   6.7130000e+00   3.4880000e+00   2.6820000e+00
   6.7020000e+00   6.4700000e+00   6.6000000e+00   6.5900000e+00   3.4220000e+00   2.5650000e+00
   6.5910000e+00   6.3610000e+00   6.4260000e+00   6.3890000e+00   3.8260000e+00   2.2160000e+00
   6.6390000e+00   6.4200000e+00   6.4300000e+00   6.3900000e+00   4.1240000e+00   2.7960000e+00
   6.7020000e+00   6.5610000e+00   6.5010000e+00   6.4370000e+00   4.5730000e+00   3.7010000e+00
   6.8690000e+00   6.8510000e+00   6.7180000e+00   6.6760000e+00   4.5070000e+00   4.4700000e+00
   6.9300000e+00   6.9440000e+00   6.8370000e+00   6.8080000e+00   4.4750000e+00   4.6080000e+00
   6.9030000e+00   6.9380000e+00   6.8810000e+00   6.9100000e+00   4.6090000e+00   4.5690000e+00
   6.7670000e+00   6.8380000e+00   6.7670000e+00   6.8070000e+00   4.7670000e+00   4.9210000e+00
   6.7680000e+00   6.8210000e+00   6.7590000e+00   6.7870000e+00   5.3030000e+00   5.1770000e+00
   6.8720000e+00   6.9300000e+00   6.8500000e+00   6.8580000e+00   6.9020000e+00   5.3910000e+00
   7.2250000e+00   7.3000000e+00   7.1730000e+00   7.1220000e+00   7.5420000e+00   5.8120000e+00
   7.2130000e+00   7.3480000e+00   7.2650000e+00   7.3100000e+00   7.1910000e+00   6.4780000e+00
   7.1420000e+00   7.2840000e+00   7.1660000e+00   7.1660000e+00   7.0060000e+00   7.0730000e+00
   7.1930000e+00   7.3170000e+00   7.2080000e+00   7.2010000e+00   7.3260000e+00   7.0160000e+00
   7.4120000e+00   7.5380000e+00   7.3590000e+00   7.3390000e+00   7.4360000e+00   7.0290000e+00
   7.6720000e+00   7.6880000e+00   7.6030000e+00   7.5620000e+00   7.2220000e+00   7.0290000e+00
   7.4090000e+00   7.6650000e+00   7.5690000e+00   7.6140000e+00   7.2330000e+00   7.0050000e+00
   6.8950000e+00   7.0990000e+00   7.0510000e+00   7.1610000e+00   7.1720000e+00   6.9330000e+00
   7.0980000e+00   7.1750000e+00   7.0220000e+00   6.9840000e+00   7.0560000e+00   6.8580000e+00
   7.0850000e+00   7.2270000e+00   7.1130000e+00   7.1210000e+00   6.9250000e+00   6.7630000e+00
   6.9120000e+00   7.0600000e+00   7.1100000e+00   7.2240000e+00   6.6400000e+00   6.5350000e+00
   6.7010000e+00   6.8220000e+00   6.8030000e+00   6.9210000e+00   6.4830000e+00   6.6330000e+00
   6.4980000e+00   6.6100000e+00   6.5980000e+00   6.6550000e+00   6.5760000e+00   6.5250000e+00
   6.3830000e+00   6.4740000e+00   6.4210000e+00   6.4920000e+00   6.5140000e+00   6.5020000e+00
   6.3530000e+00   6.4370000e+00   6.3160000e+00   6.3370000e+00   6.5550000e+00   6.5300000e+00
   6.2840000e+00   6.3530000e+00   6.2980000e+00   6.3400000e+00   6.4550000e+00   6.4540000e+00
   6.1500000e+00   6.2630000e+00   6.2080000e+00   6.2950000e+00   6.4540000e+00   6.4500000e+00
   5.9130000e+00   6.0940000e+00   6.0310000e+00   6.1380000e+00   6.5150000e+00   6.3960000e+00
   5.7950000e+00   5.9970000e+00   5.9060000e+00   5.9950000e+00   6.8850000e+00   6.4080000e+00
   5.6830000e+00   5.9010000e+00   5.7850000e+00   5.8480000e+00   7.2770000e+00   6.1680000e+00
   5.5820000e+00   5.7640000e+00   5.6420000e+00   5.6880000e+00   7.2750000e+00   5.9500000e+00
   5.5150000e+00   5.7060000e+00   5.5630000e+00   5.5980000e+00   6.8030000e+00   5.7030000e+00
   5.3540000e+00   5.4860000e+00   5.3670000e+00   5.3720000e+00   6.5020000e+00   5.6400000e+00
   5.1210000e+00   5.2390000e+00   5.1500000e+00   5.1560000e+00   6.1620000e+00   5.6220000e+00
   4.9820000e+00   5.0940000e+00   5.0160000e+00   5.0300000e+00   6.0840000e+00   5.2990000e+00
   4.8890000e+00   5.0240000e+00   4.9370000e+00   4.9490000e+00   6.0110000e+00   4.8720000e+00
   4.8240000e+00   4.9250000e+00   4.8540000e+00   4.8520000e+00   5.5650000e+00   4.7160000e+00
   4.6510000e+00   4.7140000e+00   4.6560000e+00   4.6450000e+00   5.2880000e+00   4.6890000e+00
   4.8750000e+00   4.9090000e+00   4.8590000e+00   4.8350000e+00   5.2240000e+00   4.7370000e+00
   4.8830000e+00   4.9970000e+00   4.9550000e+00   4.9780000e+00   5.0740000e+00   4.7290000e+00
   4.7610000e+00   4.8310000e+00   4.8370000e+00   4.8650000e+00   5.2210000e+00   4.7310000e+00
   4.7850000e+00   4.8460000e+00   4.8580000e+00   4.8810000e+00   5.1630000e+00   4.8070000e+00
   4.7730000e+00   4.8520000e+00   4.8630000e+00   4.8970000e+00   5.1970000e+00   4.7920000e+00
   4.7300000e+00   4.7430000e+00   4.7660000e+00   4.7800000e+00   5.1800000e+00   4.8200000e+00
   4.8120000e+00   4.8040000e+00   4.7920000e+00   4.7620000e+00   5.3520000e+00   5.0550000e+00
   4.7970000e+00   4.8430000e+00   4.8190000e+00   4.8110000e+00   5.1890000e+00   5.1240000e+00
   4.7050000e+00   4.7840000e+00   4.7760000e+00   4.8020000e+00   4.8850000e+00   4.9830000e+00
   4.6690000e+00   4.7090000e+00   4.6980000e+00   4.7130000e+00   4.9400000e+00   4.8520000e+00
   4.6870000e+00   4.7380000e+00   4.7210000e+00   4.7330000e+00   5.0990000e+00   4.8790000e+00
   4.4210000e+00   4.5150000e+00   4.5080000e+00   4.5450000e+00   5.1560000e+00   4.9160000e+00
   4.1980000e+00   4.2500000e+00   4.2690000e+00   4.2970000e+00   5.0480000e+00   4.9130000e+00
   4.1660000e+00   4.2040000e+00   4.2190000e+00   4.2350000e+00   5.2670000e+00   5.0610000e+00
   4.0520000e+00   4.1130000e+00   4.0990000e+00   4.1190000e+00   5.1900000e+00   5.0970000e+00
   4.0270000e+00   4.1760000e+00   4.1000000e+00   4.1200000e+00   5.1100000e+00   5.1370000e+00
   4.1770000e+00   4.1980000e+00   4.1490000e+00   4.1650000e+00   5.2430000e+00   5.1990000e+00
   4.3280000e+00   4.2230000e+00   4.1970000e+00   4.1420000e+00   5.2180000e+00   5.3880000e+00
   4.4950000e+00   4.5170000e+00   4.3850000e+00   4.3220000e+00   5.4020000e+00   5.3890000e+00
   4.5260000e+00   4.6800000e+00   4.5190000e+00   4.5220000e+00   4.8950000e+00   4.8550000e+00
   4.4180000e+00   4.6040000e+00   4.4550000e+00   4.5290000e+00   5.0800000e+00   5.0700000e+00
   4.4210000e+00   4.5660000e+00   4.3560000e+00   4.3910000e+00   5.0630000e+00   4.5920000e+00
   4.2210000e+00   4.4250000e+00   4.2340000e+00   4.2230000e+00   5.2830000e+00   4.5370000e+00
   4.2040000e+00   4.4350000e+00   4.2690000e+00   4.3150000e+00   4.9170000e+00   4.6430000e+00
   4.7900000e+00   4.5040000e+00   4.6120000e+00   4.5160000e+00   4.7930000e+00   4.4330000e+00
   4.6780000e+00   4.7840000e+00   4.6900000e+00   4.7650000e+00   4.9620000e+00   4.5720000e+00
   4.7980000e+00   4.7480000e+00   4.6520000e+00   4.5910000e+00   4.9450000e+00   4.6760000e+00
   4.4840000e+00   4.7540000e+00   4.5980000e+00   4.7280000e+00   5.1670000e+00   4.8050000e+00
   4.4330000e+00   4.2630000e+00   4.1790000e+00   4.2430000e+00   5.4080000e+00   4.9920000e+00
   4.4700000e+00   4.3680000e+00   4.4440000e+00   4.5590000e+00   5.4240000e+00   5.0990000e+00
   3.6790000e+00   4.1400000e+00   4.2760000e+00   4.6240000e+00   5.4120000e+00   5.0400000e+00
   3.4360000e+00   3.4180000e+00   3.4840000e+00   3.6450000e+00   5.2690000e+00   5.1060000e+00
   4.1910000e+00   4.0320000e+00   3.8690000e+00   3.7250000e+00   4.9500000e+00   4.6300000e+00
   3.5710000e+00   3.6070000e+00   3.5160000e+00   3.4760000e+00   4.7860000e+00   4.3300000e+00
   3.7490000e+00   3.4780000e+00   3.5780000e+00   3.5520000e+00   4.7410000e+00   4.1960000e+00
   3.6570000e+00   3.4800000e+00   3.6670000e+00   3.6890000e+00   4.6020000e+00   4.0760000e+00
   4.2420000e+00   3.9010000e+00   3.9750000e+00   3.8860000e+00   4.4590000e+00   4.0420000e+00
   4.4890000e+00   4.4740000e+00   4.2510000e+00   4.2910000e+00   4.4250000e+00   4.1500000e+00
   4.0110000e+00   4.2430000e+00   3.9630000e+00   3.9590000e+00   4.4010000e+00   4.1870000e+00
   3.7510000e+00   3.7560000e+00   3.6560000e+00   3.6860000e+00   4.4230000e+00   4.0940000e+00
   3.7130000e+00   3.3520000e+00   3.5150000e+00   3.4420000e+00   4.3680000e+00   3.9590000e+00
   4.1240000e+00   3.9790000e+00   4.1250000e+00   4.1990000e+00   4.4670000e+00   4.2130000e+00
   4.5430000e+00   4.3280000e+00   4.3580000e+00   4.3610000e+00   4.9430000e+00   4.3080000e+00
   4.3830000e+00   4.3410000e+00   4.2860000e+00   4.2910000e+00   4.9020000e+00   4.4150000e+00
   4.5410000e+00   4.4950000e+00   4.3470000e+00   4.2750000e+00   4.3860000e+00   4.5360000e+00
   4.5800000e+00   4.4210000e+00   4.2760000e+00   4.1670000e+00   4.8920000e+00   4.6440000e+00
   4.6560000e+00   4.4430000e+00   4.4090000e+00   4.3160000e+00   5.0240000e+00   4.3530000e+00
   4.7400000e+00   4.6260000e+00   4.5760000e+00   4.5430000e+00   4.5910000e+00   4.1130000e+00
   4.6990000e+00   4.4900000e+00   4.4020000e+00   4.3130000e+00   4.3030000e+00   3.9360000e+00
   4.3410000e+00   4.1540000e+00   4.1130000e+00   3.9890000e+00   4.1800000e+00   3.9830000e+00
   4.7770000e+00   4.4240000e+00   4.5460000e+00   4.4280000e+00   4.3490000e+00   4.0250000e+00
   5.3590000e+00   5.1070000e+00   5.0790000e+00   4.9660000e+00   4.6300000e+00   4.2040000e+00
   5.8300000e+00   5.4380000e+00   5.5440000e+00   5.4300000e+00   4.8400000e+00   4.4520000e+00
   6.3100000e+00   5.9120000e+00   5.9240000e+00   5.6660000e+00   4.9100000e+00   4.5840000e+00
   6.1070000e+00   6.1290000e+00   5.9430000e+00   5.8220000e+00   5.0750000e+00   4.8820000e+00
   5.8830000e+00   5.9180000e+00   5.8270000e+00   5.7650000e+00   5.3300000e+00   5.1660000e+00
   6.0970000e+00   5.9450000e+00   5.9450000e+00   5.7910000e+00   5.5200000e+00   5.2660000e+00
   6.1720000e+00   5.9870000e+00   5.9250000e+00   5.7250000e+00   5.6800000e+00   5.4780000e+00
   6.6310000e+00   6.1240000e+00   6.2560000e+00   6.0140000e+00   5.8950000e+00   5.7690000e+00
   6.9130000e+00   6.6610000e+00   6.7420000e+00   6.6160000e+00   5.9970000e+00   5.9290000e+00
   6.9150000e+00   6.8060000e+00   6.8220000e+00   6.7700000e+00   6.3330000e+00   6.1060000e+00
   6.8350000e+00   6.7100000e+00   6.7340000e+00   6.6940000e+00   6.0270000e+00   6.2800000e+00
   7.1050000e+00   6.8460000e+00   6.9600000e+00   6.8600000e+00   6.1070000e+00   6.4280000e+00
   7.1000000e+00   7.0030000e+00   6.9890000e+00   6.9170000e+00   6.0840000e+00   6.4560000e+00
   7.3210000e+00   7.3040000e+00   7.2310000e+00   7.1310000e+00   6.6140000e+00   6.3130000e+00
   7.4730000e+00   7.5180000e+00   7.4800000e+00   7.4330000e+00   7.2480000e+00   7.4140000e+00
   7.5300000e+00   7.6060000e+00   7.5690000e+00   7.5270000e+00   7.0780000e+00   6.8780000e+00
   7.6450000e+00   7.7240000e+00   7.6690000e+00   7.6120000e+00   6.8410000e+00   7.2360000e+00
   7.7240000e+00   7.7240000e+00   7.7270000e+00   7.7050000e+00   6.7360000e+00   7.1690000e+00
   7.9520000e+00   7.9630000e+00   7.8930000e+00   7.8110000e+00   6.9150000e+00   7.2150000e+00
   8.0340000e+00   8.0710000e+00   7.9800000e+00   7.9250000e+00   7.3990000e+00   7.2300000e+00
   8.1730000e+00   8.1910000e+00   8.0890000e+00   8.0320000e+00   7.4980000e+00   7.2700000e+00
   8.1200000e+00   8.1310000e+00   8.0930000e+00   8.0870000e+00   7.5520000e+00   7.3540000e+00
   8.0490000e+00   8.1050000e+00   8.0640000e+00   8.0750000e+00   7.3440000e+00   7.2070000e+00
   7.9460000e+00   7.9730000e+00   7.9660000e+00   8.0120000e+00   7.3210000e+00   7.1320000e+00
   7.7980000e+00   7.7810000e+00   7.8120000e+00   7.8660000e+00   7.1390000e+00   7.0330000e+00
   7.5470000e+00   7.5280000e+00   7.5700000e+00   7.6400000e+00   6.8080000e+00   6.7580000e+00
   7.2830000e+00   7.2380000e+00   7.2930000e+00   7.3840000e+00   6.4520000e+00   6.3570000e+00
   7.0730000e+00   7.0320000e+00   7.0620000e+00   7.1390000e+00   6.3980000e+00   6.2970000e+00
   6.8900000e+00   6.8820000e+00   6.8880000e+00   6.9660000e+00   6.3640000e+00   6.3020000e+00
   6.7630000e+00   6.7400000e+00   6.7140000e+00   6.7600000e+00   6.4650000e+00   6.2780000e+00
   6.7750000e+00   6.7540000e+00   6.7480000e+00   6.7900000e+00   6.4410000e+00   6.2030000e+00
   6.8150000e+00   6.8690000e+00   6.8000000e+00   6.8110000e+00   6.3430000e+00   6.1650000e+00
   6.7980000e+00   6.9210000e+00   6.8370000e+00   6.8360000e+00   6.2510000e+00   6.1490000e+00
   6.7830000e+00   6.9960000e+00   6.9070000e+00   6.9010000e+00   6.0670000e+00   6.1020000e+00
   6.7890000e+00   7.0720000e+00   6.9940000e+00   6.9950000e+00   5.6910000e+00   5.9540000e+00
   6.8380000e+00   7.1570000e+00   7.0960000e+00   7.1110000e+00   5.1670000e+00   5.8300000e+00
   6.9120000e+00   7.2270000e+00   7.1830000e+00   7.2000000e+00   4.8260000e+00   5.6360000e+00
   6.8970000e+00   7.2120000e+00   7.1750000e+00   7.1940000e+00   4.8210000e+00   5.5010000e+00
   6.8030000e+00   7.0990000e+00   7.0760000e+00   7.0910000e+00   5.0780000e+00   5.4390000e+00
   6.6920000e+00   7.0250000e+00   7.0120000e+00   7.0480000e+00   5.3600000e+00   5.3470000e+00
   6.5860000e+00   7.0020000e+00   6.9680000e+00   7.0210000e+00   5.4160000e+00   5.2130000e+00
   6.5150000e+00   6.9860000e+00   6.9260000e+00   7.0000000e+00   5.2120000e+00   5.0910000e+00
   6.4230000e+00   6.9500000e+00   6.8710000e+00   6.9610000e+00   4.9680000e+00   4.8620000e+00
   6.2910000e+00   6.8850000e+00   6.8040000e+00   6.9460000e+00   4.8080000e+00   4.6250000e+00
   6.2220000e+00   6.8600000e+00   6.7810000e+00   6.9510000e+00   4.7100000e+00   4.4400000e+00
   6.2180000e+00   6.8440000e+00   6.7680000e+00   6.9410000e+00   4.6420000e+00   4.3710000e+00
   6.2140000e+00   6.8350000e+00   6.7610000e+00   6.9350000e+00   4.6350000e+00   4.3610000e+00
   6.1560000e+00   6.7520000e+00   6.6970000e+00   6.8650000e+00   4.6700000e+00   4.3950000e+00
   6.0560000e+00   6.6090000e+00   6.5760000e+00   6.7340000e+00   4.7080000e+00   4.4500000e+00
   5.9460000e+00   6.4700000e+00   6.4420000e+00   6.5980000e+00   4.7720000e+00   4.4520000e+00
   5.8900000e+00   6.4270000e+00   6.3810000e+00   6.5480000e+00   4.8400000e+00   4.4360000e+00
   5.8290000e+00   6.3800000e+00   6.3190000e+00   6.4830000e+00   4.9000000e+00   4.4580000e+00
