   6.0165000e+00   6.1847000e+00   6.1441000e+00   6.2053000e+00   7.6611000e+00   7.4394000e+00
   6.1801000e+00   6.4568000e+00   6.3907000e+00   6.5045000e+00   7.4767000e+00   7.3653000e+00
   7.1232000e+00   7.2976000e+00   7.2191000e+00   7.2973000e+00   7.4257000e+00   7.2510000e+00
   7.8154000e+00   7.8640000e+00   7.8207000e+00   7.8772000e+00   7.4406000e+00   7.2821000e+00
   8.2266000e+00   8.2392000e+00   8.2057000e+00   8.2312000e+00   7.4687000e+00   7.3438000e+00
   8.3963000e+00   8.2951000e+00   8.3407000e+00   8.3539000e+00   7.6204000e+00   7.4834000e+00
   8.4048000e+00   8.2235000e+00   8.3190000e+00   8.3068000e+00   7.7940000e+00   7.6593000e+00
   8.2092000e+00   8.0675000e+00   8.1391000e+00   8.1362000e+00   7.9780000e+00   7.7972000e+00
   8.2418000e+00   8.1854000e+00   8.2169000e+00   8.2476000e+00   7.9925000e+00   7.8131000e+00
   8.2306000e+00   8.1603000e+00   8.2176000e+00   8.2430000e+00   8.2148000e+00   7.9860000e+00
   8.1390000e+00   8.0826000e+00   8.1478000e+00   8.1740000e+00   8.4010000e+00   8.2007000e+00
   8.0650000e+00   7.8312000e+00   8.0092000e+00   7.9777000e+00   8.6567000e+00   8.3818000e+00
   8.1895000e+00   7.7669000e+00   8.1286000e+00   8.0921000e+00   8.9905000e+00   8.7188000e+00
   8.2495000e+00   7.8224000e+00   8.0793000e+00   8.0117000e+00   9.0911000e+00   8.9238000e+00
   8.0479000e+00   7.8108000e+00   7.9450000e+00   7.9047000e+00   9.1397000e+00   9.0052000e+00
   7.7847000e+00   7.6371000e+00   7.7494000e+00   7.7477000e+00   9.1583000e+00   9.0486000e+00
   7.5835000e+00   7.5297000e+00   7.6203000e+00   7.6648000e+00   9.0572000e+00   8.9522000e+00
   7.3125000e+00   7.3952000e+00   7.3842000e+00   7.4626000e+00   8.7212000e+00   8.6561000e+00
   6.9449000e+00   7.0960000e+00   7.0020000e+00   7.0651000e+00   8.4540000e+00   8.4877000e+00
   6.6332000e+00   6.6118000e+00   6.6391000e+00   6.6544000e+00   7.8744000e+00   7.9626000e+00
   6.6492000e+00   6.5340000e+00   6.6376000e+00   6.6364000e+00   6.7793000e+00   6.9344000e+00
   6.8022000e+00   6.7554000e+00   6.8164000e+00   6.8480000e+00   6.4634000e+00   6.7468000e+00
   6.9309000e+00   6.9361000e+00   6.9723000e+00   7.0370000e+00   6.4968000e+00   6.8011000e+00
   6.9973000e+00   7.0880000e+00   7.0589000e+00   7.1476000e+00   6.3094000e+00   6.6373000e+00
   6.9101000e+00   7.0281000e+00   6.9601000e+00   7.0413000e+00   6.3962000e+00   6.7493000e+00
   6.9306000e+00   6.9991000e+00   6.9214000e+00   6.9650000e+00   6.6344000e+00   7.0375000e+00
   7.0439000e+00   7.0375000e+00   6.9982000e+00   7.0254000e+00   6.5834000e+00   7.0639000e+00
   7.1585000e+00   7.1014000e+00   7.0953000e+00   7.1207000e+00   6.6404000e+00   7.2322000e+00
   7.2376000e+00   7.1287000e+00   7.1440000e+00   7.1570000e+00   6.8976000e+00   7.4581000e+00
   7.1912000e+00   7.0784000e+00   7.1091000e+00   7.1282000e+00   6.9929000e+00   7.5831000e+00
   7.2019000e+00   7.1201000e+00   7.1423000e+00   7.1775000e+00   7.0227000e+00   7.7106000e+00
   7.1516000e+00   7.1160000e+00   7.1190000e+00   7.1652000e+00   7.1741000e+00   7.9395000e+00
   7.0097000e+00   6.9706000e+00   6.9715000e+00   6.9949000e+00   7.2345000e+00   8.1145000e+00
   6.8978000e+00   6.8278000e+00   6.8470000e+00   6.8487000e+00   7.2712000e+00   8.2728000e+00
   6.8138000e+00   6.7017000e+00   6.7374000e+00   6.7151000e+00   7.4171000e+00   8.4176000e+00
   6.6379000e+00   6.4942000e+00   6.5457000e+00   6.5088000e+00   7.6765000e+00   8.5213000e+00
   6.4442000e+00   6.2994000e+00   6.3526000e+00   6.3165000e+00   7.8731000e+00   8.5139000e+00
   6.3266000e+00   6.1577000e+00   6.2179000e+00   6.1697000e+00   7.9814000e+00   8.4532000e+00
   6.2164000e+00   6.0208000e+00   6.0898000e+00   6.0329000e+00   7.9689000e+00   8.3814000e+00
   6.1428000e+00   5.9320000e+00   6.0052000e+00   5.9466000e+00   8.0175000e+00   8.3750000e+00
   6.0574000e+00   5.8558000e+00   5.9376000e+00   5.8917000e+00   8.3689000e+00   8.3116000e+00
   6.0459000e+00   5.8460000e+00   5.9390000e+00   5.8992000e+00   8.9548000e+00   8.2389000e+00
   6.0290000e+00   5.8266000e+00   5.9259000e+00   5.8811000e+00   9.3654000e+00   8.2843000e+00
   6.0023000e+00   5.6982000e+00   5.7394000e+00   5.5414000e+00   9.5801000e+00   8.5677000e+00
   5.6804000e+00   5.2784000e+00   5.3786000e+00   5.2581000e+00   9.5747000e+00   8.9432000e+00
   5.4857000e+00   5.0791000e+00   5.2500000e+00   5.1593000e+00   9.3197000e+00   8.7278000e+00
   5.4552000e+00   4.9481000e+00   5.1389000e+00   5.0087000e+00   9.0410000e+00   8.4662000e+00
   5.3569000e+00   4.8357000e+00   5.0222000e+00   4.8954000e+00   8.9064000e+00   8.3349000e+00
   5.2623000e+00   4.7674000e+00   4.9145000e+00   4.7835000e+00   8.8599000e+00   8.3119000e+00
   5.1769000e+00   4.7107000e+00   4.8288000e+00   4.6966000e+00   8.8258000e+00   8.3200000e+00
   5.1361000e+00   4.6867000e+00   4.7867000e+00   4.6547000e+00   8.8300000e+00   8.6197000e+00
   5.1791000e+00   4.7378000e+00   4.8304000e+00   4.6980000e+00   8.7864000e+00   9.0835000e+00
   5.2610000e+00   4.8486000e+00   4.9320000e+00   4.8140000e+00   8.7325000e+00   9.2558000e+00
   5.3132000e+00   4.9511000e+00   5.0241000e+00   4.9300000e+00   8.6392000e+00   9.2706000e+00
   5.3384000e+00   5.0248000e+00   5.0862000e+00   5.0180000e+00   8.4518000e+00   9.2490000e+00
   5.3462000e+00   5.0827000e+00   5.1373000e+00   5.0875000e+00   8.3110000e+00   9.0476000e+00
   5.3240000e+00   5.1011000e+00   5.1502000e+00   5.1033000e+00   8.2767000e+00   9.0478000e+00
   5.3070000e+00   5.1087000e+00   5.1563000e+00   5.1100000e+00   8.1731000e+00   9.1884000e+00
   5.3242000e+00   5.1532000e+00   5.1994000e+00   5.1627000e+00   8.0986000e+00   9.2890000e+00
   5.3813000e+00   5.2502000e+00   5.2768000e+00   5.2556000e+00   7.9573000e+00   9.0843000e+00
   5.4284000e+00   5.3810000e+00   5.3642000e+00   5.3715000e+00   7.6679000e+00   9.0718000e+00
   5.4765000e+00   5.4895000e+00   5.4341000e+00   5.4528000e+00   7.6476000e+00   9.1915000e+00
   5.5700000e+00   5.6473000e+00   5.5549000e+00   5.5874000e+00   7.9512000e+00   9.2126000e+00
   5.7358000e+00   5.7959000e+00   5.7076000e+00   5.7328000e+00   7.8444000e+00   8.8500000e+00
   5.9396000e+00   6.0289000e+00   5.9482000e+00   5.9676000e+00   8.4463000e+00   8.9289000e+00
   6.4140000e+00   6.3811000e+00   6.3701000e+00   6.3535000e+00   8.8994000e+00   9.1098000e+00
   6.8250000e+00   6.8433000e+00   6.8369000e+00   6.8624000e+00   9.0480000e+00   9.0934000e+00
   6.6128000e+00   6.5822000e+00   6.6165000e+00   6.6152000e+00   9.2180000e+00   8.9873000e+00
   6.4932000e+00   6.3690000e+00   6.4539000e+00   6.4170000e+00   9.5220000e+00   8.9094000e+00
   5.8611000e+00   5.8753000e+00   5.8867000e+00   5.8953000e+00   9.5631000e+00   8.9690000e+00
   5.7288000e+00   5.6585000e+00   5.7315000e+00   5.7309000e+00   9.5793000e+00   8.7503000e+00
   6.1172000e+00   6.0653000e+00   6.0821000e+00   6.0563000e+00   9.6349000e+00   8.8958000e+00
   6.0835000e+00   6.1178000e+00   6.1200000e+00   6.1249000e+00   9.6671000e+00   8.8815000e+00
   5.7594000e+00   5.8505000e+00   5.8454000e+00   5.8773000e+00   9.7707000e+00   8.8653000e+00
   5.6364000e+00   5.5847000e+00   5.6476000e+00   5.6193000e+00   9.8750000e+00   8.8156000e+00
   5.5600000e+00   5.4832000e+00   5.5633000e+00   5.5427000e+00   9.9516000e+00   8.8638000e+00
   5.6044000e+00   5.4122000e+00   5.5612000e+00   5.5104000e+00   9.9605000e+00   8.9222000e+00
   5.2979000e+00   5.3331000e+00   5.3874000e+00   5.4409000e+00   9.7192000e+00   9.0517000e+00
   5.0758000e+00   5.0919000e+00   5.1327000e+00   5.1368000e+00   9.4170000e+00   9.1705000e+00
   5.1293000e+00   5.0415000e+00   5.1110000e+00   5.0724000e+00   9.2419000e+00   9.1537000e+00
   5.2265000e+00   5.0702000e+00   5.1636000e+00   5.0940000e+00   9.2124000e+00   8.8943000e+00
   5.5441000e+00   5.2641000e+00   5.4248000e+00   5.3233000e+00   8.9370000e+00   8.6827000e+00
   5.9347000e+00   5.6796000e+00   5.8255000e+00   5.7588000e+00   8.7885000e+00   8.5833000e+00
   6.0909000e+00   5.9504000e+00   6.0334000e+00   6.0120000e+00   8.6148000e+00   8.4813000e+00
   6.1497000e+00   6.0881000e+00   6.1015000e+00   6.0828000e+00   8.2869000e+00   8.3833000e+00
   6.0342000e+00   6.0725000e+00   6.0334000e+00   6.0342000e+00   8.0653000e+00   8.2375000e+00
   5.8998000e+00   5.9357000e+00   5.9097000e+00   5.9043000e+00   7.8989000e+00   8.0944000e+00
   5.8881000e+00   5.8259000e+00   5.8572000e+00   5.8224000e+00   7.8940000e+00   8.0130000e+00
   5.8986000e+00   5.7900000e+00   5.8739000e+00   5.8507000e+00   7.9701000e+00   7.9857000e+00
   5.8847000e+00   5.8128000e+00   5.8734000e+00   5.8627000e+00   8.1097000e+00   8.0584000e+00
   5.8081000e+00   5.7954000e+00   5.8186000e+00   5.8198000e+00   8.1966000e+00   8.1834000e+00
   5.7334000e+00   5.7629000e+00   5.7430000e+00   5.7310000e+00   8.2718000e+00   8.2727000e+00
   5.6541000e+00   5.6680000e+00   5.6344000e+00   5.5981000e+00   8.3629000e+00   8.3223000e+00
   5.6088000e+00   5.6009000e+00   5.5749000e+00   5.5307000e+00   8.5156000e+00   8.4011000e+00
   5.6580000e+00   5.6322000e+00   5.6241000e+00   5.5784000e+00   8.6935000e+00   8.5056000e+00
   5.7691000e+00   5.7436000e+00   5.7457000e+00   5.7036000e+00   8.7621000e+00   8.6294000e+00
   5.9047000e+00   5.8972000e+00   5.8749000e+00   5.8339000e+00   8.8579000e+00   8.7974000e+00
   6.0320000e+00   6.0379000e+00   5.9887000e+00   5.9514000e+00   8.8731000e+00   9.0245000e+00
   6.2996000e+00   6.2868000e+00   6.2135000e+00   6.1508000e+00   8.8562000e+00   9.1115000e+00
   6.5657000e+00   6.5463000e+00   6.4591000e+00   6.3920000e+00   8.6841000e+00   8.9812000e+00
   6.8040000e+00   6.7635000e+00   6.6876000e+00   6.6119000e+00   8.4212000e+00   8.7636000e+00
   6.9711000e+00   6.9240000e+00   6.8075000e+00   6.7116000e+00   8.0349000e+00   8.4927000e+00
   7.0436000e+00   6.9625000e+00   6.9125000e+00   6.8394000e+00   7.9682000e+00   8.1513000e+00
   7.0498000e+00   6.9683000e+00   6.9893000e+00   6.9458000e+00   8.4414000e+00   8.2369000e+00
   7.0068000e+00   6.9437000e+00   6.9889000e+00   6.9672000e+00   8.7617000e+00   8.6488000e+00
   6.9196000e+00   6.9334000e+00   6.9643000e+00   6.9805000e+00   8.8225000e+00   8.9135000e+00
   6.8243000e+00   6.8593000e+00   6.8742000e+00   6.8983000e+00   8.8285000e+00   8.9094000e+00
   6.8272000e+00   6.8699000e+00   6.8570000e+00   6.8722000e+00   8.8783000e+00   8.8954000e+00
   6.9957000e+00   6.9886000e+00   6.9932000e+00   6.9825000e+00   8.9157000e+00   8.9719000e+00
   7.1433000e+00   7.1582000e+00   7.1636000e+00   7.1672000e+00   8.8826000e+00   9.0540000e+00
   7.0724000e+00   7.1462000e+00   7.1477000e+00   7.1830000e+00   8.8160000e+00   9.0869000e+00
   7.0393000e+00   7.0374000e+00   7.0696000e+00   7.0777000e+00   8.7934000e+00   9.0499000e+00
   7.0629000e+00   7.0067000e+00   7.0625000e+00   7.0453000e+00   8.7152000e+00   8.9587000e+00
   7.0675000e+00   7.0113000e+00   7.0664000e+00   7.0406000e+00   8.4023000e+00   8.6551000e+00
   7.0365000e+00   7.0271000e+00   7.0687000e+00   7.0632000e+00   7.8735000e+00   8.1092000e+00
   6.9614000e+00   7.0303000e+00   7.0429000e+00   7.0776000e+00   7.8406000e+00   8.0623000e+00
   6.7640000e+00   6.8952000e+00   6.8724000e+00   6.9389000e+00   7.2738000e+00   7.5407000e+00
   6.6484000e+00   6.7431000e+00   6.7231000e+00   6.7400000e+00   6.3566000e+00   6.5098000e+00
   6.6893000e+00   6.7118000e+00   6.7313000e+00   6.7372000e+00   5.8542000e+00   5.9134000e+00
   6.6522000e+00   6.7283000e+00   6.7546000e+00   6.7985000e+00   5.9550000e+00   6.0130000e+00
   6.5891000e+00   6.6813000e+00   6.6912000e+00   6.7524000e+00   6.4054000e+00   6.5217000e+00
   6.5933000e+00   6.6774000e+00   6.7036000e+00   6.7681000e+00   6.2973000e+00   6.4349000e+00
   6.5782000e+00   6.7048000e+00   6.7056000e+00   6.7832000e+00   6.0573000e+00   6.3916000e+00
   6.6176000e+00   6.6726000e+00   6.6887000e+00   6.7326000e+00   6.3435000e+00   6.7935000e+00
   6.7146000e+00   6.6663000e+00   6.7091000e+00   6.7108000e+00   6.5644000e+00   6.9371000e+00
   6.8471000e+00   6.7091000e+00   6.7822000e+00   6.7556000e+00   6.6005000e+00   7.0765000e+00
   6.9700000e+00   6.7723000e+00   6.8567000e+00   6.7973000e+00   6.8561000e+00   7.2890000e+00
   7.0430000e+00   6.7597000e+00   6.8868000e+00   6.7990000e+00   6.9896000e+00   7.3716000e+00
   7.1147000e+00   6.7266000e+00   6.9131000e+00   6.8001000e+00   7.1520000e+00   7.4309000e+00
   7.2021000e+00   6.7286000e+00   6.9588000e+00   6.8196000e+00   7.4130000e+00   7.4913000e+00
   7.2163000e+00   6.7068000e+00   6.9784000e+00   6.8411000e+00   7.5598000e+00   7.5003000e+00
   7.0763000e+00   6.5338000e+00   6.8433000e+00   6.7098000e+00   7.6228000e+00   7.4740000e+00
   6.8933000e+00   6.2956000e+00   6.6238000e+00   6.4833000e+00   7.6572000e+00   7.4218000e+00
   6.8394000e+00   6.1702000e+00   6.4901000e+00   6.3075000e+00   7.6352000e+00   7.3528000e+00
   6.8712000e+00   6.2033000e+00   6.4900000e+00   6.2770000e+00   7.5787000e+00   7.3264000e+00
   6.8829000e+00   6.2094000e+00   6.5142000e+00   6.2997000e+00   7.5216000e+00   7.3247000e+00
   6.9299000e+00   6.2384000e+00   6.5793000e+00   6.3574000e+00   7.4301000e+00   7.2893000e+00
   7.0862000e+00   6.2748000e+00   6.6681000e+00   6.4087000e+00   7.3580000e+00   7.2783000e+00
   7.1632000e+00   6.3056000e+00   6.7600000e+00   6.5213000e+00   7.3266000e+00   7.2809000e+00
   7.2214000e+00   6.3953000e+00   6.8826000e+00   6.6589000e+00   7.3379000e+00   7.2950000e+00
   7.3258000e+00   6.5665000e+00   7.0166000e+00   6.8149000e+00   7.3483000e+00   7.2908000e+00
   7.3894000e+00   6.7334000e+00   7.1202000e+00   6.9373000e+00   7.3670000e+00   7.2896000e+00
   7.4255000e+00   6.8642000e+00   7.1952000e+00   7.0350000e+00   7.3997000e+00   7.2933000e+00
   7.4650000e+00   6.9303000e+00   7.2455000e+00   7.0931000e+00   7.4574000e+00   7.3044000e+00
   7.5011000e+00   6.9608000e+00   7.2732000e+00   7.1182000e+00   7.6108000e+00   7.3517000e+00
   7.5928000e+00   7.0411000e+00   7.3220000e+00   7.1349000e+00   7.8234000e+00   7.4152000e+00
   7.7132000e+00   7.1677000e+00   7.4063000e+00   7.1918000e+00   8.0162000e+00   7.5275000e+00
   7.8272000e+00   7.3255000e+00   7.5175000e+00   7.2928000e+00   8.1881000e+00   7.7698000e+00
   7.9496000e+00   7.4593000e+00   7.6196000e+00   7.3968000e+00   8.3694000e+00   8.0963000e+00
   8.0513000e+00   7.5778000e+00   7.7184000e+00   7.4979000e+00   8.6285000e+00   8.3917000e+00
   8.1323000e+00   7.6880000e+00   7.8149000e+00   7.6014000e+00   8.9849000e+00   8.6448000e+00
   8.1549000e+00   7.7799000e+00   7.8946000e+00   7.7089000e+00   9.3609000e+00   8.9424000e+00
   8.1184000e+00   7.8381000e+00   7.9420000e+00   7.8065000e+00   9.5320000e+00   9.3467000e+00
   8.0077000e+00   7.8171000e+00   7.9112000e+00   7.8382000e+00   9.4742000e+00   9.5515000e+00
   7.8873000e+00   7.7427000e+00   7.8305000e+00   7.7917000e+00   9.3741000e+00   9.5120000e+00
   7.8670000e+00   7.7374000e+00   7.8286000e+00   7.7991000e+00   9.0769000e+00   9.2533000e+00
   7.9099000e+00   7.8348000e+00   7.9025000e+00   7.8932000e+00   9.2579000e+00   9.5044000e+00
   7.9794000e+00   7.9540000e+00   7.9944000e+00   7.9969000e+00   9.6623000e+00   9.8758000e+00
   8.1635000e+00   8.1243000e+00   8.1452000e+00   8.1396000e+00   1.0348100e+01   1.0487300e+01
   8.3151000e+00   8.3075000e+00   8.3006000e+00   8.3067000e+00   9.9953000e+00   9.9328000e+00
   8.4551000e+00   8.4575000e+00   8.4403000e+00   8.4290000e+00   1.0019100e+01   9.7522000e+00
   8.5850000e+00   8.5828000e+00   8.5531000e+00   8.5432000e+00   1.0090100e+01   9.7750000e+00
   8.6598000e+00   8.6778000e+00   8.6380000e+00   8.6325000e+00   1.0214800e+01   9.9050000e+00
   8.6697000e+00   8.7206000e+00   8.6848000e+00   8.6954000e+00   1.0251500e+01   1.0097000e+01
   8.6616000e+00   8.7185000e+00   8.6893000e+00   8.7054000e+00   1.0252200e+01   1.0279000e+01
   8.6594000e+00   8.7188000e+00   8.6798000e+00   8.6976000e+00   1.0232800e+01   1.0411800e+01
   8.6159000e+00   8.6833000e+00   8.6418000e+00   8.6673000e+00   1.0206900e+01   1.0378600e+01
   8.5895000e+00   8.6445000e+00   8.5973000e+00   8.5902000e+00   1.0242100e+01   1.0234500e+01
   8.5553000e+00   8.5457000e+00   8.5409000e+00   8.5208000e+00   1.0322400e+01   1.0111200e+01
   8.5471000e+00   8.5052000e+00   8.5330000e+00   8.5105000e+00   1.0475800e+01   1.0091700e+01
   8.5757000e+00   8.4889000e+00   8.5480000e+00   8.5110000e+00   1.0511400e+01   1.0010300e+01
   8.5856000e+00   8.4897000e+00   8.5525000e+00   8.5211000e+00   1.0441000e+01   9.8211000e+00
   8.5948000e+00   8.5681000e+00   8.5807000e+00   8.5718000e+00   1.0135100e+01   9.6376000e+00
   8.6182000e+00   8.6344000e+00   8.6189000e+00   8.6251000e+00   9.8655000e+00   9.4904000e+00
   8.6096000e+00   8.6682000e+00   8.6249000e+00   8.6439000e+00   9.6760000e+00   9.3316000e+00
   8.6102000e+00   8.6850000e+00   8.6310000e+00   8.6515000e+00   9.4750000e+00   9.2769000e+00
   8.6122000e+00   8.6841000e+00   8.6309000e+00   8.6496000e+00   9.3291000e+00   9.2646000e+00
   8.6500000e+00   8.7007000e+00   8.6497000e+00   8.6544000e+00   9.2699000e+00   9.2328000e+00
   8.6706000e+00   8.7107000e+00   8.6543000e+00   8.6470000e+00   9.1093000e+00   9.1032000e+00
   8.6345000e+00   8.6295000e+00   8.5691000e+00   8.5208000e+00   8.9054000e+00   8.9012000e+00
   8.5528000e+00   8.4613000e+00   8.4440000e+00   8.3819000e+00   8.8122000e+00   8.7909000e+00
   8.4575000e+00   8.4465000e+00   8.4250000e+00   8.3873000e+00   8.7740000e+00   8.7549000e+00
   8.3676000e+00   8.4610000e+00   8.4138000e+00   8.4191000e+00   8.7283000e+00   8.7775000e+00
   8.1840000e+00   8.2852000e+00   8.2242000e+00   8.2408000e+00   8.7109000e+00   9.0117000e+00
   8.0672000e+00   8.1233000e+00   8.0906000e+00   8.1029000e+00   8.5455000e+00   8.9873000e+00
   7.9733000e+00   8.0086000e+00   8.0095000e+00   8.0221000e+00   8.3466000e+00   8.7337000e+00
   7.8631000e+00   7.9340000e+00   7.9434000e+00   7.9683000e+00   8.5274000e+00   8.5968000e+00
   7.7263000e+00   7.7976000e+00   7.7911000e+00   7.8021000e+00   8.9413000e+00   8.8525000e+00
   7.9075000e+00   7.9425000e+00   7.9375000e+00   7.9186000e+00   9.0013000e+00   8.8129000e+00
   7.8622000e+00   7.9545000e+00   7.9323000e+00   7.9521000e+00   8.3159000e+00   9.2037000e+00
   7.7841000e+00   7.9019000e+00   7.8836000e+00   7.9122000e+00   7.9552000e+00   8.3488000e+00
   7.7939000e+00   7.9376000e+00   7.8941000e+00   7.9412000e+00   8.5944000e+00   7.8197000e+00
   7.7821000e+00   7.9696000e+00   7.9474000e+00   8.0050000e+00   8.7713000e+00   7.8824000e+00
   7.4080000e+00   7.7339000e+00   7.6609000e+00   7.7880000e+00   8.3638000e+00   7.9161000e+00
   6.9068000e+00   7.1326000e+00   7.0549000e+00   7.1318000e+00   7.4956000e+00   7.9200000e+00
   7.2533000e+00   7.0912000e+00   7.0903000e+00   7.0103000e+00   5.9690000e+00   7.6923000e+00
   7.8739000e+00   8.0909000e+00   7.9586000e+00   7.9304000e+00   6.1015000e+00   7.3775000e+00
   7.5892000e+00   7.7870000e+00   7.9897000e+00   8.0998000e+00   6.2913000e+00   7.2857000e+00
   7.6387000e+00   7.4943000e+00   7.1944000e+00   6.9467000e+00   8.1181000e+00   6.8563000e+00
   8.3318000e+00   8.4939000e+00   8.3166000e+00   8.2824000e+00   7.5947000e+00   7.0494000e+00
   8.6596000e+00   8.7164000e+00   8.6543000e+00   8.6346000e+00   7.3794000e+00   6.7350000e+00
   8.9377000e+00   9.0777000e+00   8.9825000e+00   8.9636000e+00   8.4949000e+00   7.2821000e+00
   8.4283000e+00   8.6919000e+00   8.6998000e+00   8.8620000e+00   9.2243000e+00   7.6647000e+00
   8.0142000e+00   8.1392000e+00   8.1488000e+00   8.2241000e+00   9.5215000e+00   8.3533000e+00
   7.9746000e+00   8.1084000e+00   8.0816000e+00   8.1343000e+00   9.5564000e+00   8.2585000e+00
   7.8486000e+00   7.9797000e+00   7.9750000e+00   8.0462000e+00   9.5762000e+00   8.6797000e+00
   7.6224000e+00   7.6474000e+00   7.7418000e+00   7.8048000e+00   9.6999000e+00   9.0158000e+00
   7.7154000e+00   7.6353000e+00   7.7197000e+00   7.7431000e+00   9.3108000e+00   9.3345000e+00
   7.9850000e+00   8.0186000e+00   8.0097000e+00   7.9937000e+00   9.3404000e+00   9.4480000e+00
   8.1306000e+00   8.1495000e+00   8.1252000e+00   8.1055000e+00   9.4956000e+00   9.4180000e+00
   7.8243000e+00   7.8499000e+00   7.8946000e+00   7.9537000e+00   9.3664000e+00   9.4383000e+00
   7.7686000e+00   7.7630000e+00   7.8257000e+00   7.8366000e+00   8.7477000e+00   8.8455000e+00
   8.1240000e+00   7.9375000e+00   7.7687000e+00   7.6699000e+00   8.6515000e+00   8.1283000e+00
   7.8194000e+00   8.0769000e+00   8.1563000e+00   8.2855000e+00   8.6548000e+00   8.1945000e+00
   7.8978000e+00   7.6922000e+00   7.7125000e+00   7.6841000e+00   8.2616000e+00   8.2343000e+00
   7.8137000e+00   7.8438000e+00   7.9924000e+00   8.1465000e+00   7.9895000e+00   8.0573000e+00
   7.9335000e+00   7.8523000e+00   7.8400000e+00   7.9599000e+00   7.9743000e+00   7.8544000e+00
   8.4988000e+00   8.3972000e+00   8.2516000e+00   8.1573000e+00   7.6554000e+00   7.7801000e+00
   8.7769000e+00   8.7395000e+00   8.6422000e+00   8.6091000e+00   7.1971000e+00   7.5771000e+00
   8.7892000e+00   8.6625000e+00   8.6470000e+00   8.6539000e+00   6.9203000e+00   7.1378000e+00
   9.2129000e+00   9.1675000e+00   9.0621000e+00   9.0665000e+00   6.5356000e+00   6.7484000e+00
   9.4268000e+00   9.3263000e+00   9.0886000e+00   8.9570000e+00   6.2024000e+00   6.6104000e+00
   9.6976000e+00   9.6851000e+00   9.6126000e+00   9.5400000e+00   5.9143000e+00   6.3641000e+00
   9.4711000e+00   9.3985000e+00   9.5136000e+00   9.6702000e+00   5.7027000e+00   6.1304000e+00
   9.5062000e+00   9.4791000e+00   9.5299000e+00   9.6078000e+00   5.5461000e+00   5.8164000e+00
   8.8369000e+00   8.8629000e+00   9.1991000e+00   9.4466000e+00   5.5730000e+00   5.6471000e+00
   8.3656000e+00   8.0297000e+00   8.4457000e+00   8.7745000e+00   5.7576000e+00   5.4140000e+00
   8.9367000e+00   8.7608000e+00   8.4487000e+00   8.2422000e+00   5.4098000e+00   5.3655000e+00
   9.3976000e+00   9.4175000e+00   8.9493000e+00   8.7330000e+00   5.1892000e+00   5.1898000e+00
   9.7759000e+00   9.6793000e+00   9.3563000e+00   9.1579000e+00   5.3177000e+00   4.8923000e+00
   9.8897000e+00   9.8324000e+00   9.5704000e+00   9.4020000e+00   5.1713000e+00   4.5954000e+00
   9.7886000e+00   9.7766000e+00   9.6343000e+00   9.5396000e+00   4.8671000e+00   4.4235000e+00
   9.5553000e+00   9.3549000e+00   9.3704000e+00   9.2791000e+00   4.5256000e+00   4.3694000e+00
   9.5810000e+00   9.2911000e+00   9.3113000e+00   9.1966000e+00   4.1482000e+00   4.1740000e+00
   9.7584000e+00   9.6088000e+00   9.5395000e+00   9.4620000e+00   3.7636000e+00   3.7700000e+00
   9.9579000e+00   9.7910000e+00   9.8647000e+00   9.8515000e+00   4.7352000e+00   3.4562000e+00
   9.8352000e+00   9.4661000e+00   9.6728000e+00   9.6572000e+00   4.6300000e+00   3.2692000e+00
   9.6582000e+00   9.2937000e+00   9.3964000e+00   9.3382000e+00   5.2711000e+00   2.7159000e+00
   9.7346000e+00   9.3871000e+00   9.4029000e+00   9.3391000e+00   5.7436000e+00   3.6370000e+00
   9.8340000e+00   9.6112000e+00   9.5156000e+00   9.4140000e+00   6.4566000e+00   5.0726000e+00
   1.0100100e+01   1.0071100e+01   9.8596000e+00   9.7935000e+00   6.3518000e+00   6.2922000e+00
   1.0196700e+01   1.0218200e+01   1.0048700e+01   1.0002800e+01   6.3000000e+00   6.5115000e+00
   1.0153000e+01   1.0209200e+01   1.0118900e+01   1.0163900e+01   6.5140000e+00   6.4503000e+00
   9.9372000e+00   1.0050300e+01   9.9375000e+00   1.0001600e+01   6.7647000e+00   7.0088000e+00
   9.9391000e+00   1.0023200e+01   9.9251000e+00   9.9693000e+00   7.6146000e+00   7.4152000e+00
   1.0104600e+01   1.0196000e+01   1.0070100e+01   1.0081500e+01   1.0152400e+01   7.7545000e+00
   1.0664700e+01   1.0783900e+01   1.0582300e+01   1.0500800e+01   1.1166700e+01   8.4222000e+00
   1.0644700e+01   1.0859300e+01   1.0728300e+01   1.0798800e+01   1.0610000e+01   9.4793000e+00
   1.0532700e+01   1.0758800e+01   1.0570400e+01   1.0571400e+01   1.0316300e+01   1.0422700e+01
   1.0612900e+01   1.0810300e+01   1.0637200e+01   1.0625600e+01   1.0823900e+01   1.0332700e+01
   1.0961100e+01   1.1160400e+01   1.0876700e+01   1.0846000e+01   1.0999100e+01   1.0353100e+01
   1.1373100e+01   1.1399000e+01   1.1264400e+01   1.1198700e+01   1.0659900e+01   1.0354100e+01
   1.0957100e+01   1.1362400e+01   1.1210000e+01   1.1282200e+01   1.0676400e+01   1.0315100e+01
   1.0140000e+01   1.0464300e+01   1.0388600e+01   1.0562200e+01   1.0579500e+01   1.0201400e+01
   1.0463400e+01   1.0585000e+01   1.0342500e+01   1.0282700e+01   1.0395500e+01   1.0081300e+01
   1.0442200e+01   1.0668000e+01   1.0486100e+01   1.0498700e+01   1.0187700e+01   9.9316000e+00
   1.0167100e+01   1.0402800e+01   1.0481200e+01   1.0663200e+01   9.7358000e+00   9.5690000e+00
   9.8322000e+00   1.0025400e+01   9.9940000e+00   1.0182400e+01   9.4876000e+00   9.7254000e+00
   9.5100000e+00   9.6889000e+00   9.6689000e+00   9.7601000e+00   9.6352000e+00   9.5531000e+00
   9.3287000e+00   9.4735000e+00   9.3888000e+00   9.5016000e+00   9.5357000e+00   9.5173000e+00
   9.2806000e+00   9.4140000e+00   9.2219000e+00   9.2548000e+00   9.6009000e+00   9.5611000e+00
   9.1709000e+00   9.2800000e+00   9.1936000e+00   9.2608000e+00   9.4425000e+00   9.4402000e+00
   8.9583000e+00   9.1384000e+00   9.0507000e+00   9.1894000e+00   9.4412000e+00   9.4340000e+00
   8.5833000e+00   8.8705000e+00   8.7698000e+00   8.9389000e+00   9.5383000e+00   9.3484000e+00
   8.3945000e+00   8.7160000e+00   8.5716000e+00   8.7123000e+00   1.0125400e+01   9.3675000e+00
   8.2180000e+00   8.5630000e+00   8.3793000e+00   8.4788000e+00   1.0746900e+01   8.9876000e+00
   8.0577000e+00   8.3466000e+00   8.1517000e+00   8.2253000e+00   1.0743800e+01   8.6408000e+00
   7.9505000e+00   8.2548000e+00   8.0270000e+00   8.0819000e+00   9.9945000e+00   8.2486000e+00
   7.6958000e+00   7.9055000e+00   7.7157000e+00   7.7239000e+00   9.5173000e+00   8.1496000e+00
   7.3265000e+00   7.5127000e+00   7.3718000e+00   7.3820000e+00   8.9769000e+00   8.1215000e+00
   7.1050000e+00   7.2829000e+00   7.1594000e+00   7.1806000e+00   8.8546000e+00   7.6081000e+00
   6.9575000e+00   7.1714000e+00   7.0339000e+00   7.0535000e+00   8.7384000e+00   6.9314000e+00
   6.8548000e+00   7.0140000e+00   6.9024000e+00   6.8990000e+00   8.0311000e+00   6.6830000e+00
   6.5794000e+00   6.6800000e+00   6.5873000e+00   6.5705000e+00   7.5910000e+00   6.6403000e+00
   6.9353000e+00   6.9899000e+00   6.9105000e+00   6.8718000e+00   7.4893000e+00   6.7164000e+00
   6.9483000e+00   7.1283000e+00   7.0618000e+00   7.0988000e+00   7.2516000e+00   6.7034000e+00
   6.7551000e+00   6.8657000e+00   6.8748000e+00   6.9197000e+00   7.4839000e+00   6.7069000e+00
   6.7929000e+00   6.8901000e+00   6.9077000e+00   6.9452000e+00   7.3928000e+00   6.8281000e+00
   6.7738000e+00   6.8994000e+00   6.9161000e+00   6.9708000e+00   7.4466000e+00   6.8030000e+00
   6.7061000e+00   6.7259000e+00   6.7627000e+00   6.7846000e+00   7.4194000e+00   6.8487000e+00
   6.8349000e+00   6.8221000e+00   6.8033000e+00   6.7565000e+00   7.6918000e+00   7.2209000e+00
   6.8113000e+00   6.8849000e+00   6.8473000e+00   6.8343000e+00   7.4336000e+00   7.3302000e+00
   6.6654000e+00   6.7913000e+00   6.7776000e+00   6.8199000e+00   6.9506000e+00   7.1067000e+00
   6.6079000e+00   6.6718000e+00   6.6541000e+00   6.6786000e+00   7.0388000e+00   6.8992000e+00
   6.6370000e+00   6.7174000e+00   6.6908000e+00   6.7106000e+00   7.2906000e+00   6.9412000e+00
   6.2150000e+00   6.3649000e+00   6.3530000e+00   6.4115000e+00   7.3819000e+00   6.9999000e+00
   5.8607000e+00   5.9443000e+00   5.9734000e+00   6.0182000e+00   7.2101000e+00   6.9965000e+00
   5.8101000e+00   5.8700000e+00   5.8937000e+00   5.9195000e+00   7.5569000e+00   7.2306000e+00
   5.6295000e+00   5.7270000e+00   5.7043000e+00   5.7354000e+00   7.4359000e+00   7.2870000e+00
   5.5894000e+00   5.8266000e+00   5.7052000e+00   5.7374000e+00   7.3086000e+00   7.3508000e+00
   5.8276000e+00   5.8615000e+00   5.7829000e+00   5.8094000e+00   7.5193000e+00   7.4488000e+00
   6.0672000e+00   5.9001000e+00   5.8598000e+00   5.7716000e+00   7.4790000e+00   7.7490000e+00
   6.3331000e+00   6.3679000e+00   6.1576000e+00   6.0575000e+00   7.7710000e+00   7.7514000e+00
   6.3811000e+00   6.6257000e+00   6.3712000e+00   6.3745000e+00   6.9674000e+00   6.9041000e+00
   6.2096000e+00   6.5052000e+00   6.2686000e+00   6.3868000e+00   7.2611000e+00   7.2449000e+00
   6.2151000e+00   6.4456000e+00   6.1121000e+00   6.1677000e+00   7.2336000e+00   6.4867000e+00
   5.8969000e+00   6.2217000e+00   5.9189000e+00   5.9012000e+00   7.5834000e+00   6.3998000e+00
   5.8703000e+00   6.2375000e+00   5.9732000e+00   6.0466000e+00   7.0014000e+00   6.5667000e+00
   6.8001000e+00   6.3468000e+00   6.5182000e+00   6.3654000e+00   6.8053000e+00   6.2334000e+00
   6.6231000e+00   6.7913000e+00   6.6414000e+00   6.7601000e+00   7.0738000e+00   6.4545000e+00
   6.8125000e+00   6.7336000e+00   6.5811000e+00   6.4844000e+00   7.0460000e+00   6.6201000e+00
   6.3147000e+00   6.7437000e+00   6.4952000e+00   6.7026000e+00   7.3988000e+00   6.8243000e+00
   6.2337000e+00   5.9647000e+00   5.8308000e+00   5.9323000e+00   7.7809000e+00   7.1208000e+00
   6.2927000e+00   6.1313000e+00   6.2523000e+00   6.4336000e+00   7.8069000e+00   7.2909000e+00
   5.0377000e+00   5.7697000e+00   5.9845000e+00   6.5374000e+00   7.7882000e+00   7.1972000e+00
   4.6520000e+00   4.6230000e+00   4.7278000e+00   4.9829000e+00   7.5606000e+00   7.3025000e+00
   5.8502000e+00   5.5973000e+00   5.3394000e+00   5.1100000e+00   7.0542000e+00   6.5460000e+00
   4.8669000e+00   4.9232000e+00   4.7792000e+00   4.7157000e+00   6.7948000e+00   6.0710000e+00
   5.1492000e+00   4.7182000e+00   4.8766000e+00   4.8359000e+00   6.7223000e+00   5.8585000e+00
   5.0021000e+00   4.7225000e+00   5.0192000e+00   5.0527000e+00   6.5028000e+00   5.6672000e+00
   5.9306000e+00   5.3902000e+00   5.5078000e+00   5.3659000e+00   6.2746000e+00   5.6137000e+00
   6.3230000e+00   6.2985000e+00   5.9459000e+00   6.0087000e+00   6.2209000e+00   5.7844000e+00
   5.5651000e+00   5.9326000e+00   5.4876000e+00   5.4824000e+00   6.1832000e+00   5.8438000e+00
   5.1525000e+00   5.1597000e+00   5.0018000e+00   5.0485000e+00   6.2178000e+00   5.6955000e+00
   5.0921000e+00   4.5183000e+00   4.7772000e+00   4.6612000e+00   6.1307000e+00   5.4826000e+00
   5.7443000e+00   5.5136000e+00   5.7453000e+00   5.8632000e+00   6.2886000e+00   5.8850000e+00
   6.4081000e+00   6.0670000e+00   6.1149000e+00   6.1197000e+00   7.0440000e+00   6.0355000e+00
   6.1555000e+00   6.0884000e+00   6.0010000e+00   6.0092000e+00   6.9781000e+00   6.2050000e+00
   6.4060000e+00   6.3330000e+00   6.0979000e+00   5.9828000e+00   6.1602000e+00   6.3970000e+00
   6.4671000e+00   6.2143000e+00   5.9854000e+00   5.8123000e+00   6.9616000e+00   6.5696000e+00
   6.5880000e+00   6.2501000e+00   6.1962000e+00   6.0486000e+00   7.1714000e+00   6.1072000e+00
   6.7218000e+00   6.5403000e+00   6.4617000e+00   6.4084000e+00   6.4850000e+00   5.7259000e+00
   6.6558000e+00   6.3249000e+00   6.1846000e+00   6.0429000e+00   6.0272000e+00   5.4462000e+00
   6.0880000e+00   5.7908000e+00   5.7259000e+00   5.5296000e+00   5.8331000e+00   5.5206000e+00
   6.7792000e+00   6.2196000e+00   6.4133000e+00   6.2267000e+00   6.1014000e+00   5.5868000e+00
   7.7033000e+00   7.3040000e+00   7.2591000e+00   7.0805000e+00   6.5474000e+00   5.8709000e+00
   8.4507000e+00   7.8281000e+00   7.9962000e+00   7.8154000e+00   6.8806000e+00   6.2635000e+00
   9.2117000e+00   8.5809000e+00   8.5998000e+00   8.1902000e+00   6.9912000e+00   6.4734000e+00
   8.8905000e+00   8.9260000e+00   8.6294000e+00   8.4388000e+00   7.2535000e+00   6.9462000e+00
   8.5344000e+00   8.5908000e+00   8.4461000e+00   8.3475000e+00   7.6570000e+00   7.3971000e+00
   8.8744000e+00   8.6328000e+00   8.6335000e+00   8.3882000e+00   7.9596000e+00   7.5553000e+00
   8.9930000e+00   8.7006000e+00   8.6008000e+00   8.2840000e+00   8.2128000e+00   7.8924000e+00
   9.7223000e+00   8.9166000e+00   9.1266000e+00   8.7429000e+00   8.5547000e+00   8.3534000e+00
   1.0168900e+01   9.7695000e+00   9.8981000e+00   9.6975000e+00   8.7164000e+00   8.6078000e+00
   1.0172500e+01   9.9993000e+00   1.0024300e+01   9.9420000e+00   9.2488000e+00   8.8893000e+00
   1.0045700e+01   9.8471000e+00   9.8851000e+00   9.8213000e+00   8.7631000e+00   9.1644000e+00
   1.0474100e+01   1.0062400e+01   1.0243500e+01   1.0085800e+01   8.8896000e+00   9.3993000e+00
   1.0465500e+01   1.0312500e+01   1.0289500e+01   1.0175000e+01   8.8542000e+00   9.4438000e+00
   1.0816400e+01   1.0790200e+01   1.0674100e+01   1.0515100e+01   9.6948000e+00   9.2171000e+00
   1.1058700e+01   1.1128900e+01   1.1068400e+01   1.0995000e+01   1.0701000e+01   1.0964900e+01
   1.1147800e+01   1.1269100e+01   1.1210800e+01   1.1143200e+01   1.0431700e+01   1.0114400e+01
   1.1330300e+01   1.1456200e+01   1.1368400e+01   1.1278100e+01   1.0055600e+01   1.0681200e+01
   1.1456400e+01   1.1456500e+01   1.1460400e+01   1.1425400e+01   9.8879000e+00   1.0576200e+01
   1.1817800e+01   1.1835400e+01   1.1724200e+01   1.1594600e+01   1.0171800e+01   1.0648400e+01
   1.1947500e+01   1.2007600e+01   1.1862100e+01   1.1775500e+01   1.0940400e+01   1.0671800e+01
   1.2168700e+01   1.2196900e+01   1.2035900e+01   1.1945400e+01   1.1097900e+01   1.0735500e+01
   1.2084200e+01   1.2101500e+01   1.2041900e+01   1.2031500e+01   1.1183600e+01   1.0868600e+01
   1.1971800e+01   1.2060000e+01   1.1995700e+01   1.2013100e+01   1.0854000e+01   1.0635100e+01
   1.1808200e+01   1.1850700e+01   1.1840500e+01   1.1913800e+01   1.0817100e+01   1.0517600e+01
   1.1573900e+01   1.1545900e+01   1.1596000e+01   1.1682300e+01   1.0527700e+01   1.0359200e+01
   1.1175400e+01   1.1144500e+01   1.1211200e+01   1.1323600e+01   1.0003400e+01   9.9237000e+00
   1.0755800e+01   1.0685400e+01   1.0772400e+01   1.0916100e+01   9.4379000e+00   9.2865000e+00
   1.0422700e+01   1.0357800e+01   1.0405900e+01   1.0527900e+01   9.3529000e+00   9.1926000e+00
   1.0133600e+01   1.0120900e+01   1.0128900e+01   1.0253700e+01   9.2976000e+00   9.1998000e+00
   9.9319000e+00   9.8944000e+00   9.8543000e+00   9.9265000e+00   9.4579000e+00   9.1617000e+00
   9.9504000e+00   9.9178000e+00   9.9073000e+00   9.9748000e+00   9.4202000e+00   9.0424000e+00
   1.0014400e+01   1.0099400e+01   9.9903000e+00   1.0007900e+01   9.2645000e+00   8.9826000e+00
   9.9869000e+00   1.0181900e+01   1.0048300e+01   1.0047200e+01   9.1182000e+00   8.9572000e+00
   9.9630000e+00   1.0300800e+01   1.0159000e+01   1.0150900e+01   8.8269000e+00   8.8827000e+00
   9.9723000e+00   1.0422200e+01   1.0298600e+01   1.0299300e+01   8.2302000e+00   8.6476000e+00
   1.0050400e+01   1.0556800e+01   1.0459600e+01   1.0483700e+01   7.3987000e+00   8.4505000e+00
   1.0167700e+01   1.0667400e+01   1.0597200e+01   1.0625000e+01   6.8583000e+00   8.1436000e+00
   1.0143600e+01   1.0643700e+01   1.0584900e+01   1.0615300e+01   6.8499000e+00   7.9288000e+00
   9.9940000e+00   1.0463900e+01   1.0427300e+01   1.0451300e+01   7.2577000e+00   7.8296000e+00
   9.8189000e+00   1.0347200e+01   1.0327100e+01   1.0384300e+01   7.7056000e+00   7.6851000e+00
   9.6511000e+00   1.0310300e+01   1.0256800e+01   1.0340100e+01   7.7935000e+00   7.4713000e+00
   9.5370000e+00   1.0285900e+01   1.0190400e+01   1.0307600e+01   7.4696000e+00   7.2777000e+00
   9.3915000e+00   1.0228300e+01   1.0103400e+01   1.0245700e+01   7.0834000e+00   6.9149000e+00
   9.1826000e+00   1.0125400e+01   9.9963000e+00   1.0221900e+01   6.8295000e+00   6.5385000e+00
   9.0723000e+00   1.0085900e+01   9.9598000e+00   1.0229600e+01   6.6743000e+00   6.2454000e+00
   9.0668000e+00   1.0060300e+01   9.9386000e+00   1.0213300e+01   6.5658000e+00   6.1352000e+00
   9.0606000e+00   1.0046300e+01   9.9288000e+00   1.0204600e+01   6.5549000e+00   6.1198000e+00
   8.9679000e+00   9.9139000e+00   9.8259000e+00   1.0093000e+01   6.6106000e+00   6.1740000e+00
   8.8092000e+00   9.6866000e+00   9.6341000e+00   9.8854000e+00   6.6698000e+00   6.2609000e+00
   8.6348000e+00   9.4663000e+00   9.4216000e+00   9.6701000e+00   6.7721000e+00   6.2639000e+00
   8.5453000e+00   9.3985000e+00   9.3244000e+00   9.5906000e+00   6.8799000e+00   6.2392000e+00
   8.4492000e+00   9.3232000e+00   9.2266000e+00   9.4875000e+00   6.9756000e+00   6.2738000e+00
