   1.3393000e+03   1.3347000e+03   1.3360000e+03   1.3338000e+03   1.4502000e+03   1.4601000e+03
   1.2935000e+03   1.2932000e+03   1.2948000e+03   1.2943000e+03   1.3931000e+03   1.3994000e+03
   1.3361000e+03   1.3358000e+03   1.3368000e+03   1.3375000e+03   1.3972000e+03   1.4012000e+03
   1.3752000e+03   1.3728000e+03   1.3715000e+03   1.3694000e+03   1.4363000e+03   1.4364000e+03
   1.3806000e+03   1.3761000e+03   1.3791000e+03   1.3774000e+03   1.4714000e+03   1.4742000e+03
   1.4375000e+03   1.4316000e+03   1.4339000e+03   1.4337000e+03   1.5043000e+03   1.5031000e+03
   1.4379000e+03   1.4347000e+03   1.4346000e+03   1.4328000e+03   1.4480000e+03   1.4483000e+03
   1.4015000e+03   1.4003000e+03   1.3988000e+03   1.3985000e+03   1.4417000e+03   1.4467000e+03
   1.3838000e+03   1.3802000e+03   1.3809000e+03   1.3802000e+03   1.4285000e+03   1.4296000e+03
   1.3947000e+03   1.3900000e+03   1.3927000e+03   1.3918000e+03   1.4837000e+03   1.4849000e+03
   1.4302000e+03   1.4244000e+03   1.4271000e+03   1.4262000e+03   1.4985000e+03   1.4986000e+03
   1.4541000e+03   1.4523000e+03   1.4521000e+03   1.4500000e+03   1.5162000e+03   1.5113000e+03
   1.4675000e+03   1.4641000e+03   1.4652000e+03   1.4628000e+03   1.5457000e+03   1.5452000e+03
   1.4668000e+03   1.4634000e+03   1.4634000e+03   1.4618000e+03   1.5218000e+03   1.5222000e+03
   1.4535000e+03   1.4515000e+03   1.4508000e+03   1.4493000e+03   1.5266000e+03   1.5298000e+03
   1.4906000e+03   1.4888000e+03   1.4886000e+03   1.4864000e+03   1.5609000e+03   1.5599000e+03
   1.5201000e+03   1.5147000e+03   1.5155000e+03   1.5138000e+03   1.5928000e+03   1.5864000e+03
   1.5327000e+03   1.5274000e+03   1.5291000e+03   1.5257000e+03   1.6226000e+03   1.6200000e+03
   1.5653000e+03   1.5636000e+03   1.5627000e+03   1.5609000e+03   1.6353000e+03   1.6361000e+03
   1.5807000e+03   1.5796000e+03   1.5781000e+03   1.5760000e+03   1.6483000e+03   1.6496000e+03
   1.5890000e+03   1.5861000e+03   1.5858000e+03   1.5837000e+03   1.6587000e+03   1.6602000e+03
   1.6077000e+03   1.6045000e+03   1.6053000e+03   1.6040000e+03   1.6711000e+03   1.6767000e+03
   1.6298000e+03   1.6259000e+03   1.6274000e+03   1.6273000e+03   1.6935000e+03   1.6985000e+03
   1.6476000e+03   1.6441000e+03   1.6455000e+03   1.6457000e+03   1.7065000e+03   1.7125000e+03
   1.6612000e+03   1.6576000e+03   1.6582000e+03   1.6576000e+03   1.7275000e+03   1.7310000e+03
   1.6695000e+03   1.6681000e+03   1.6697000e+03   1.6695000e+03   1.7343000e+03   1.7332000e+03
   1.6761000e+03   1.6764000e+03   1.6766000e+03   1.6780000e+03   1.7402000e+03   1.7395000e+03
   1.6820000e+03   1.6800000e+03   1.6823000e+03   1.6835000e+03   1.7526000e+03   1.7531000e+03
   1.6934000e+03   1.6943000e+03   1.6952000e+03   1.6959000e+03   1.7487000e+03   1.7493000e+03
   1.6973000e+03   1.6996000e+03   1.7011000e+03   1.7021000e+03   1.7576000e+03   1.7571000e+03
   1.7092000e+03   1.7122000e+03   1.7140000e+03   1.7156000e+03   1.7549000e+03   1.7543000e+03
   1.7109000e+03   1.7146000e+03   1.7159000e+03   1.7176000e+03   1.7584000e+03   1.7553000e+03
   1.7059000e+03   1.7111000e+03   1.7113000e+03   1.7138000e+03   1.7493000e+03   1.7475000e+03
   1.7136000e+03   1.7193000e+03   1.7198000e+03   1.7228000e+03   1.7437000e+03   1.7448000e+03
   1.7168000e+03   1.7231000e+03   1.7235000e+03   1.7269000e+03   1.7355000e+03   1.7335000e+03
   1.7248000e+03   1.7316000e+03   1.7322000e+03   1.7357000e+03   1.7369000e+03   1.7350000e+03
   1.7283000e+03   1.7364000e+03   1.7364000e+03   1.7406000e+03   1.7338000e+03   1.7329000e+03
   1.7370000e+03   1.7449000e+03   1.7450000e+03   1.7497000e+03   1.7358000e+03   1.7341000e+03
   1.7377000e+03   1.7458000e+03   1.7454000e+03   1.7504000e+03   1.7245000e+03   1.7214000e+03
   1.7161000e+03   1.7253000e+03   1.7245000e+03   1.7294000e+03   1.7013000e+03   1.6990000e+03
   1.6971000e+03   1.7067000e+03   1.7053000e+03   1.7105000e+03   1.6730000e+03   1.6734000e+03
   1.6878000e+03   1.6967000e+03   1.6976000e+03   1.7031000e+03   1.6572000e+03   1.6578000e+03
   1.6867000e+03   1.6946000e+03   1.6946000e+03   1.6998000e+03   1.6419000e+03   1.6431000e+03
   1.6928000e+03   1.7024000e+03   1.7021000e+03   1.7076000e+03   1.6352000e+03   1.6355000e+03
   1.6836000e+03   1.6931000e+03   1.6924000e+03   1.6975000e+03   1.6181000e+03   1.6164000e+03
   1.6702000e+03   1.6818000e+03   1.6799000e+03   1.6856000e+03   1.5969000e+03   1.5948000e+03
   1.6552000e+03   1.6645000e+03   1.6632000e+03   1.6681000e+03   1.5676000e+03   1.5658000e+03
   1.6420000e+03   1.6488000e+03   1.6491000e+03   1.6538000e+03   1.5450000e+03   1.5432000e+03
   1.6402000e+03   1.6464000e+03   1.6466000e+03   1.6499000e+03   1.5344000e+03   1.5323000e+03
   1.6368000e+03   1.6428000e+03   1.6404000e+03   1.6442000e+03   1.5264000e+03   1.5245000e+03
   1.6307000e+03   1.6340000e+03   1.6340000e+03   1.6382000e+03   1.5206000e+03   1.5173000e+03
   1.6332000e+03   1.6363000e+03   1.6366000e+03   1.6409000e+03   1.5211000e+03   1.5169000e+03
   1.6286000e+03   1.6304000e+03   1.6313000e+03   1.6351000e+03   1.5164000e+03   1.5129000e+03
   1.6226000e+03   1.6234000e+03   1.6244000e+03   1.6279000e+03   1.5109000e+03   1.5068000e+03
   1.6187000e+03   1.6182000e+03   1.6196000e+03   1.6223000e+03   1.5038000e+03   1.5021000e+03
   1.6134000e+03   1.6147000e+03   1.6145000e+03   1.6169000e+03   1.5066000e+03   1.5007000e+03
   1.6118000e+03   1.6127000e+03   1.6128000e+03   1.6149000e+03   1.5116000e+03   1.5045000e+03
   1.6073000e+03   1.6077000e+03   1.6087000e+03   1.6106000e+03   1.5109000e+03   1.5012000e+03
   1.6063000e+03   1.6062000e+03   1.6054000e+03   1.6064000e+03   1.5111000e+03   1.4872000e+03
   1.6051000e+03   1.6053000e+03   1.6056000e+03   1.6076000e+03   1.5072000e+03   1.4888000e+03
   1.5958000e+03   1.5985000e+03   1.5986000e+03   1.6016000e+03   1.5276000e+03   1.4989000e+03
   1.5905000e+03   1.5925000e+03   1.5926000e+03   1.5940000e+03   1.5364000e+03   1.5030000e+03
   1.5798000e+03   1.5797000e+03   1.5799000e+03   1.5825000e+03   1.5649000e+03   1.5162000e+03
   1.5794000e+03   1.5804000e+03   1.5810000e+03   1.5827000e+03   1.6106000e+03   1.5579000e+03
   1.5794000e+03   1.5836000e+03   1.5812000e+03   1.5825000e+03   1.6367000e+03   1.6012000e+03
   1.6078000e+03   1.6071000e+03   1.6056000e+03   1.6038000e+03   1.6432000e+03   1.6276000e+03
   1.6283000e+03   1.6220000e+03   1.6249000e+03   1.6224000e+03   1.6290000e+03   1.6426000e+03
   1.6521000e+03   1.6521000e+03   1.6493000e+03   1.6460000e+03   1.6290000e+03   1.6534000e+03
   1.6865000e+03   1.6726000e+03   1.6827000e+03   1.6851000e+03   1.6396000e+03   1.6563000e+03
   1.7274000e+03   1.7217000e+03   1.7222000e+03   1.7244000e+03   1.6667000e+03   1.6749000e+03
   1.7592000e+03   1.7564000e+03   1.7582000e+03   1.7625000e+03   1.6893000e+03   1.7010000e+03
   1.7607000e+03   1.7539000e+03   1.7615000e+03   1.7669000e+03   1.7159000e+03   1.7283000e+03
   1.7699000e+03   1.7617000e+03   1.7661000e+03   1.7661000e+03   1.7327000e+03   1.7575000e+03
   1.7790000e+03   1.7767000e+03   1.7811000e+03   1.7813000e+03   1.7423000e+03   1.7726000e+03
   1.7964000e+03   1.7881000e+03   1.7931000e+03   1.7917000e+03   1.7498000e+03   1.7835000e+03
   1.8072000e+03   1.8034000e+03   1.8085000e+03   1.8084000e+03   1.7419000e+03   1.7762000e+03
   1.8059000e+03   1.7986000e+03   1.8083000e+03   1.8109000e+03   1.7449000e+03   1.7844000e+03
   1.8100000e+03   1.8061000e+03   1.8099000e+03   1.8112000e+03   1.7492000e+03   1.7909000e+03
   1.8143000e+03   1.8127000e+03   1.8164000e+03   1.8165000e+03   1.7671000e+03   1.7982000e+03
   1.8265000e+03   1.8243000e+03   1.8276000e+03   1.8276000e+03   1.7768000e+03   1.8000000e+03
   1.8383000e+03   1.8346000e+03   1.8401000e+03   1.8409000e+03   1.7839000e+03   1.8019000e+03
   1.8485000e+03   1.8415000e+03   1.8489000e+03   1.8477000e+03   1.7848000e+03   1.8073000e+03
   1.8493000e+03   1.8426000e+03   1.8480000e+03   1.8484000e+03   1.7763000e+03   1.8017000e+03
   1.8539000e+03   1.8480000e+03   1.8550000e+03   1.8564000e+03   1.7676000e+03   1.7973000e+03
   1.8609000e+03   1.8552000e+03   1.8632000e+03   1.8643000e+03   1.7704000e+03   1.8030000e+03
   1.8645000e+03   1.8602000e+03   1.8662000e+03   1.8676000e+03   1.7733000e+03   1.8094000e+03
   1.8709000e+03   1.8665000e+03   1.8706000e+03   1.8715000e+03   1.7696000e+03   1.8045000e+03
   1.8456000e+03   1.8423000e+03   1.8451000e+03   1.8457000e+03   1.7279000e+03   1.7573000e+03
   1.8105000e+03   1.8087000e+03   1.8104000e+03   1.8113000e+03   1.6906000e+03   1.7151000e+03
   1.7890000e+03   1.7886000e+03   1.7907000e+03   1.7911000e+03   1.6904000e+03   1.7090000e+03
   1.7827000e+03   1.7794000e+03   1.7839000e+03   1.7858000e+03   1.7118000e+03   1.7226000e+03
   1.8007000e+03   1.7973000e+03   1.8019000e+03   1.8021000e+03   1.7346000e+03   1.7423000e+03
   1.8144000e+03   1.8117000e+03   1.8160000e+03   1.8173000e+03   1.7443000e+03   1.7459000e+03
   1.8140000e+03   1.8111000e+03   1.8144000e+03   1.8158000e+03   1.7419000e+03   1.7365000e+03
   1.7849000e+03   1.7838000e+03   1.7880000e+03   1.7893000e+03   1.7153000e+03   1.7094000e+03
   1.7492000e+03   1.7466000e+03   1.7502000e+03   1.7507000e+03   1.6925000e+03   1.6927000e+03
   1.7348000e+03   1.7326000e+03   1.7361000e+03   1.7372000e+03   1.6954000e+03   1.7100000e+03
   1.7415000e+03   1.7372000e+03   1.7402000e+03   1.7394000e+03   1.7256000e+03   1.7434000e+03
   1.7419000e+03   1.7378000e+03   1.7399000e+03   1.7384000e+03   1.7451000e+03   1.7546000e+03
   1.7624000e+03   1.7578000e+03   1.7605000e+03   1.7588000e+03   1.7475000e+03   1.7443000e+03
   1.7619000e+03   1.7591000e+03   1.7610000e+03   1.7596000e+03   1.7346000e+03   1.7343000e+03
   1.7523000e+03   1.7496000e+03   1.7515000e+03   1.7511000e+03   1.7119000e+03   1.7183000e+03
   1.7376000e+03   1.7375000e+03   1.7354000e+03   1.7341000e+03   1.6951000e+03   1.7075000e+03
   1.7053000e+03   1.7052000e+03   1.7025000e+03   1.7004000e+03   1.6904000e+03   1.7021000e+03
   1.6912000e+03   1.6893000e+03   1.6888000e+03   1.6872000e+03   1.6845000e+03   1.6898000e+03
   1.6837000e+03   1.6809000e+03   1.6811000e+03   1.6799000e+03   1.6731000e+03   1.6758000e+03
   1.6776000e+03   1.6732000e+03   1.6741000e+03   1.6726000e+03   1.6623000e+03   1.6692000e+03
   1.6683000e+03   1.6651000e+03   1.6664000e+03   1.6661000e+03   1.6562000e+03   1.6653000e+03
   1.6722000e+03   1.6692000e+03   1.6706000e+03   1.6694000e+03   1.6571000e+03   1.6657000e+03
   1.6856000e+03   1.6837000e+03   1.6851000e+03   1.6861000e+03   1.6645000e+03   1.6709000e+03
   1.6987000e+03   1.6978000e+03   1.6986000e+03   1.6998000e+03   1.6776000e+03   1.6819000e+03
   1.7386000e+03   1.7367000e+03   1.7365000e+03   1.7359000e+03   1.7151000e+03   1.7167000e+03
   1.7712000e+03   1.7684000e+03   1.7696000e+03   1.7695000e+03   1.7454000e+03   1.7489000e+03
   1.7782000e+03   1.7756000e+03   1.7773000e+03   1.7778000e+03   1.7559000e+03   1.7618000e+03
   1.7810000e+03   1.7789000e+03   1.7805000e+03   1.7812000e+03   1.7563000e+03   1.7674000e+03
   1.7778000e+03   1.7753000e+03   1.7773000e+03   1.7773000e+03   1.7502000e+03   1.7631000e+03
   1.7863000e+03   1.7850000e+03   1.7861000e+03   1.7852000e+03   1.7568000e+03   1.7699000e+03
   1.8012000e+03   1.8002000e+03   1.8008000e+03   1.8009000e+03   1.7675000e+03   1.7799000e+03
   1.8152000e+03   1.8152000e+03   1.8171000e+03   1.8166000e+03   1.7943000e+03   1.8054000e+03
   1.8317000e+03   1.8300000e+03   1.8325000e+03   1.8329000e+03   1.8174000e+03   1.8273000e+03
   1.8380000e+03   1.8385000e+03   1.8391000e+03   1.8390000e+03   1.8326000e+03   1.8390000e+03
   1.8489000e+03   1.8507000e+03   1.8512000e+03   1.8515000e+03   1.8415000e+03   1.8492000e+03
   1.8636000e+03   1.8646000e+03   1.8651000e+03   1.8653000e+03   1.8533000e+03   1.8601000e+03
   1.8638000e+03   1.8653000e+03   1.8661000e+03   1.8662000e+03   1.8624000e+03   1.8708000e+03
   1.8705000e+03   1.8718000e+03   1.8731000e+03   1.8742000e+03   1.8626000e+03   1.8741000e+03
   1.8787000e+03   1.8801000e+03   1.8825000e+03   1.8842000e+03   1.8692000e+03   1.8831000e+03
   1.8762000e+03   1.8774000e+03   1.8802000e+03   1.8821000e+03   1.8679000e+03   1.8826000e+03
   1.8769000e+03   1.8786000e+03   1.8809000e+03   1.8833000e+03   1.8647000e+03   1.8808000e+03
   1.8682000e+03   1.8701000e+03   1.8734000e+03   1.8760000e+03   1.8627000e+03   1.8787000e+03
   1.8676000e+03   1.8690000e+03   1.8729000e+03   1.8755000e+03   1.8586000e+03   1.8759000e+03
   1.8666000e+03   1.8680000e+03   1.8718000e+03   1.8747000e+03   1.8546000e+03   1.8710000e+03
   1.8653000e+03   1.8684000e+03   1.8719000e+03   1.8755000e+03   1.8549000e+03   1.8698000e+03
   1.8676000e+03   1.8703000e+03   1.8738000e+03   1.8777000e+03   1.8574000e+03   1.8689000e+03
   1.8639000e+03   1.8669000e+03   1.8706000e+03   1.8747000e+03   1.8550000e+03   1.8649000e+03
   1.8606000e+03   1.8666000e+03   1.8689000e+03   1.8731000e+03   1.8480000e+03   1.8564000e+03
   1.8431000e+03   1.8487000e+03   1.8514000e+03   1.8561000e+03   1.8284000e+03   1.8371000e+03
   1.8207000e+03   1.8255000e+03   1.8287000e+03   1.8325000e+03   1.8063000e+03   1.8147000e+03
   1.8092000e+03   1.8127000e+03   1.8163000e+03   1.8214000e+03   1.7880000e+03   1.8005000e+03
   1.8009000e+03   1.8033000e+03   1.8077000e+03   1.8130000e+03   1.7754000e+03   1.7887000e+03
   1.8007000e+03   1.8059000e+03   1.8076000e+03   1.8119000e+03   1.7711000e+03   1.7839000e+03
   1.7909000e+03   1.7936000e+03   1.7970000e+03   1.8009000e+03   1.7590000e+03   1.7700000e+03
   1.7770000e+03   1.7781000e+03   1.7824000e+03   1.7853000e+03   1.7445000e+03   1.7558000e+03
   1.7598000e+03   1.7621000e+03   1.7660000e+03   1.7695000e+03   1.7264000e+03   1.7376000e+03
   1.7484000e+03   1.7506000e+03   1.7541000e+03   1.7583000e+03   1.7151000e+03   1.7252000e+03
   1.7453000e+03   1.7476000e+03   1.7505000e+03   1.7535000e+03   1.7111000e+03   1.7226000e+03
   1.7417000e+03   1.7438000e+03   1.7472000e+03   1.7504000e+03   1.7098000e+03   1.7213000e+03
   1.7363000e+03   1.7371000e+03   1.7413000e+03   1.7433000e+03   1.7049000e+03   1.7172000e+03
   1.7282000e+03   1.7295000e+03   1.7336000e+03   1.7366000e+03   1.6987000e+03   1.7107000e+03
   1.7205000e+03   1.7228000e+03   1.7262000e+03   1.7295000e+03   1.6900000e+03   1.7034000e+03
   1.7073000e+03   1.7093000e+03   1.7130000e+03   1.7155000e+03   1.6787000e+03   1.6931000e+03
   1.7048000e+03   1.7059000e+03   1.7100000e+03   1.7133000e+03   1.6755000e+03   1.6891000e+03
   1.7062000e+03   1.7083000e+03   1.7113000e+03   1.7152000e+03   1.6775000e+03   1.6920000e+03
   1.7095000e+03   1.7090000e+03   1.7125000e+03   1.7151000e+03   1.6761000e+03   1.6920000e+03
   1.7027000e+03   1.7033000e+03   1.7070000e+03   1.7092000e+03   1.6706000e+03   1.6865000e+03
   1.7029000e+03   1.7021000e+03   1.7060000e+03   1.7083000e+03   1.6706000e+03   1.6833000e+03
   1.7003000e+03   1.6999000e+03   1.7036000e+03   1.7060000e+03   1.6661000e+03   1.6764000e+03
   1.6998000e+03   1.6991000e+03   1.7028000e+03   1.7048000e+03   1.6621000e+03   1.6723000e+03
   1.7017000e+03   1.7007000e+03   1.7044000e+03   1.7060000e+03   1.6614000e+03   1.6726000e+03
   1.7045000e+03   1.7018000e+03   1.7070000e+03   1.7086000e+03   1.6647000e+03   1.6774000e+03
   1.7305000e+03   1.7263000e+03   1.7328000e+03   1.7330000e+03   1.6889000e+03   1.7026000e+03
   1.7554000e+03   1.7542000e+03   1.7576000e+03   1.7592000e+03   1.7125000e+03   1.7293000e+03
   1.7701000e+03   1.7691000e+03   1.7732000e+03   1.7747000e+03   1.7264000e+03   1.7447000e+03
   1.7874000e+03   1.7837000e+03   1.7897000e+03   1.7914000e+03   1.7364000e+03   1.7550000e+03
   1.7984000e+03   1.7956000e+03   1.7995000e+03   1.8012000e+03   1.7450000e+03   1.7614000e+03
   1.8192000e+03   1.8160000e+03   1.8203000e+03   1.8219000e+03   1.7649000e+03   1.7817000e+03
   1.8425000e+03   1.8403000e+03   1.8441000e+03   1.8452000e+03   1.7855000e+03   1.8038000e+03
   1.8712000e+03   1.8686000e+03   1.8732000e+03   1.8741000e+03   1.8168000e+03   1.8356000e+03
   1.8950000e+03   1.8924000e+03   1.8963000e+03   1.8972000e+03   1.8399000e+03   1.8628000e+03
   1.9097000e+03   1.9056000e+03   1.9098000e+03   1.9097000e+03   1.8604000e+03   1.8800000e+03
   1.9260000e+03   1.9218000e+03   1.9262000e+03   1.9263000e+03   1.8785000e+03   1.8968000e+03
   1.9460000e+03   1.9426000e+03   1.9468000e+03   1.9453000e+03   1.8998000e+03   1.9143000e+03
   1.9451000e+03   1.9432000e+03   1.9450000e+03   1.9452000e+03   1.9052000e+03   1.9173000e+03
   1.9527000e+03   1.9499000e+03   1.9522000e+03   1.9524000e+03   1.9062000e+03   1.9174000e+03
   1.9643000e+03   1.9621000e+03   1.9639000e+03   1.9635000e+03   1.9177000e+03   1.9258000e+03
   1.9759000e+03   1.9747000e+03   1.9758000e+03   1.9767000e+03   1.9321000e+03   1.9402000e+03
   1.9966000e+03   1.9948000e+03   1.9962000e+03   1.9955000e+03   1.9460000e+03   1.9538000e+03
   2.0052000e+03   2.0036000e+03   2.0052000e+03   2.0055000e+03   1.9562000e+03   1.9640000e+03
   2.0164000e+03   2.0143000e+03   2.0160000e+03   2.0164000e+03   1.9625000e+03   1.9707000e+03
   2.0215000e+03   2.0194000e+03   2.0211000e+03   2.0219000e+03   1.9634000e+03   1.9715000e+03
   2.0305000e+03   2.0272000e+03   2.0312000e+03   2.0314000e+03   1.9670000e+03   1.9815000e+03
   2.0455000e+03   2.0425000e+03   2.0462000e+03   2.0465000e+03   1.9817000e+03   1.9986000e+03
   2.0572000e+03   2.0570000e+03   2.0588000e+03   2.0579000e+03   1.9973000e+03   2.0110000e+03
   2.0725000e+03   2.0699000e+03   2.0735000e+03   2.0735000e+03   2.0071000e+03   2.0185000e+03
   2.0526000e+03   2.0503000e+03   2.0537000e+03   2.0533000e+03   1.9848000e+03   1.9961000e+03
   2.0308000e+03   2.0296000e+03   2.0314000e+03   2.0310000e+03   1.9698000e+03   1.9801000e+03
   2.0288000e+03   2.0263000e+03   2.0282000e+03   2.0284000e+03   1.9664000e+03   1.9787000e+03
   2.0295000e+03   2.0303000e+03   2.0304000e+03   2.0316000e+03   1.9679000e+03   1.9810000e+03
   2.0475000e+03   2.0485000e+03   2.0489000e+03   2.0500000e+03   1.9850000e+03   1.9968000e+03
   2.0522000e+03   2.0510000e+03   2.0519000e+03   2.0527000e+03   1.9901000e+03   2.0011000e+03
   2.0449000e+03   2.0469000e+03   2.0476000e+03   2.0491000e+03   1.9882000e+03   1.9993000e+03
   2.0343000e+03   2.0370000e+03   2.0361000e+03   2.0367000e+03   1.9725000e+03   1.9832000e+03
   2.0245000e+03   2.0256000e+03   2.0255000e+03   2.0262000e+03   1.9582000e+03   1.9695000e+03
   2.0304000e+03   2.0316000e+03   2.0313000e+03   2.0319000e+03   1.9610000e+03   1.9716000e+03
   2.0385000e+03   2.0401000e+03   2.0389000e+03   2.0395000e+03   1.9657000e+03   1.9760000e+03
   2.0423000e+03   2.0439000e+03   2.0425000e+03   2.0431000e+03   1.9673000e+03   1.9760000e+03
   2.0705000e+03   2.0733000e+03   2.0715000e+03   2.0733000e+03   1.9835000e+03   1.9891000e+03
   2.0857000e+03   2.0878000e+03   2.0863000e+03   2.0871000e+03   1.9942000e+03   2.0004000e+03
   2.0893000e+03   2.0917000e+03   2.0902000e+03   2.0915000e+03   1.9950000e+03   2.0009000e+03
   2.0957000e+03   2.0986000e+03   2.0958000e+03   2.0969000e+03   1.9943000e+03   2.0000000e+03
   2.0986000e+03   2.1030000e+03   2.0970000e+03   2.0982000e+03   1.9912000e+03   1.9966000e+03
   2.1111000e+03   2.1156000e+03   2.1104000e+03   2.1111000e+03   1.9937000e+03   1.9991000e+03
   2.1185000e+03   2.1225000e+03   2.1193000e+03   2.1209000e+03   1.9974000e+03   2.0025000e+03
   2.1298000e+03   2.1322000e+03   2.1303000e+03   2.1327000e+03   2.0040000e+03   2.0097000e+03
   2.1335000e+03   2.1369000e+03   2.1361000e+03   2.1383000e+03   2.0023000e+03   2.0091000e+03
   2.1329000e+03   2.1354000e+03   2.1350000e+03   2.1367000e+03   1.9971000e+03   2.0029000e+03
   2.1351000e+03   2.1379000e+03   2.1379000e+03   2.1405000e+03   1.9963000e+03   2.0025000e+03
   2.1376000e+03   2.1405000e+03   2.1403000e+03   2.1424000e+03   2.0030000e+03   2.0099000e+03
   2.1714000e+03   2.1749000e+03   2.1766000e+03   2.1788000e+03   2.0353000e+03   2.0425000e+03
   2.2098000e+03   2.2143000e+03   2.2132000e+03   2.2139000e+03   2.0701000e+03   2.0780000e+03
   2.2254000e+03   2.2295000e+03   2.2297000e+03   2.2325000e+03   2.0873000e+03   2.0947000e+03
   2.2353000e+03   2.2402000e+03   2.2400000e+03   2.2429000e+03   2.0952000e+03   2.1024000e+03
   2.2305000e+03   2.2354000e+03   2.2351000e+03   2.2382000e+03   2.0913000e+03   2.0991000e+03
   2.2433000e+03   2.2465000e+03   2.2463000e+03   2.2495000e+03   2.1007000e+03   2.1091000e+03
   2.2626000e+03   2.2637000e+03   2.2647000e+03   2.2663000e+03   2.1175000e+03   2.1269000e+03
   2.2906000e+03   2.2913000e+03   2.2916000e+03   2.2939000e+03   2.1468000e+03   2.1570000e+03
   2.3136000e+03   2.3166000e+03   2.3161000e+03   2.3173000e+03   2.1707000e+03   2.1800000e+03
   2.3209000e+03   2.3241000e+03   2.3232000e+03   2.3259000e+03   2.1781000e+03   2.1883000e+03
   2.3272000e+03   2.3307000e+03   2.3300000e+03   2.3337000e+03   2.1819000e+03   2.1936000e+03
   2.3384000e+03   2.3410000e+03   2.3399000e+03   2.3428000e+03   2.1924000e+03   2.2016000e+03
   2.3287000e+03   2.3343000e+03   2.3325000e+03   2.3355000e+03   2.1865000e+03   2.1958000e+03
   2.3346000e+03   2.3395000e+03   2.3376000e+03   2.3411000e+03   2.1870000e+03   2.1977000e+03
   2.3457000e+03   2.3507000e+03   2.3483000e+03   2.3511000e+03   2.1932000e+03   2.2045000e+03
   2.3519000e+03   2.3566000e+03   2.3544000e+03   2.3584000e+03   2.1960000e+03   2.2072000e+03
   2.3570000e+03   2.3613000e+03   2.3591000e+03   2.3638000e+03   2.1985000e+03   2.2099000e+03
   2.3536000e+03   2.3578000e+03   2.3559000e+03   2.3605000e+03   2.1955000e+03   2.2082000e+03
   2.3499000e+03   2.3558000e+03   2.3538000e+03   2.3589000e+03   2.1934000e+03   2.2074000e+03
   2.3459000e+03   2.3516000e+03   2.3497000e+03   2.3550000e+03   2.1898000e+03   2.2046000e+03
   2.3454000e+03   2.3518000e+03   2.3496000e+03   2.3546000e+03   2.1949000e+03   2.2086000e+03
   2.3497000e+03   2.3559000e+03   2.3536000e+03   2.3580000e+03   2.2025000e+03   2.2169000e+03
   2.3509000e+03   2.3566000e+03   2.3540000e+03   2.3574000e+03   2.2080000e+03   2.2211000e+03
   2.3523000e+03   2.3570000e+03   2.3540000e+03   2.3562000e+03   2.2085000e+03   2.2205000e+03
   2.3233000e+03   2.3276000e+03   2.3242000e+03   2.3254000e+03   2.1813000e+03   2.1931000e+03
   2.2937000e+03   2.2954000e+03   2.2930000e+03   2.2939000e+03   2.1531000e+03   2.1647000e+03
   2.2754000e+03   2.2795000e+03   2.2771000e+03   2.2827000e+03   2.1360000e+03   2.1494000e+03
   2.2638000e+03   2.2715000e+03   2.2699000e+03   2.2752000e+03   2.1274000e+03   2.1393000e+03
   2.2679000e+03   2.2769000e+03   2.2746000e+03   2.2807000e+03   2.1262000e+03   2.1377000e+03
   2.2561000e+03   2.2687000e+03   2.2661000e+03   2.2720000e+03   2.1123000e+03   2.1234000e+03
   2.2422000e+03   2.2535000e+03   2.2509000e+03   2.2582000e+03   2.0926000e+03   2.1029000e+03
   2.2215000e+03   2.2334000e+03   2.2324000e+03   2.2385000e+03   2.0622000e+03   2.0726000e+03
   2.2046000e+03   2.2150000e+03   2.2146000e+03   2.2218000e+03   2.0338000e+03   2.0442000e+03
   2.2022000e+03   2.2124000e+03   2.2120000e+03   2.2192000e+03   2.0197000e+03   2.0287000e+03
   2.2004000e+03   2.2118000e+03   2.2108000e+03   2.2179000e+03   2.0043000e+03   2.0156000e+03
   2.1942000e+03   2.2061000e+03   2.2050000e+03   2.2119000e+03   1.9858000e+03   1.9970000e+03
   2.1866000e+03   2.1968000e+03   2.1962000e+03   2.2027000e+03   1.9590000e+03   1.9717000e+03
   2.1682000e+03   2.1787000e+03   2.1784000e+03   2.1854000e+03   1.9318000e+03   1.9436000e+03
   2.1512000e+03   2.1637000e+03   2.1618000e+03   2.1697000e+03   1.9064000e+03   1.9185000e+03
   2.1407000e+03   2.1530000e+03   2.1504000e+03   2.1582000e+03   1.8873000e+03   1.9017000e+03
   2.1359000e+03   2.1467000e+03   2.1459000e+03   2.1523000e+03   1.8727000e+03   1.8909000e+03
   2.1298000e+03   2.1385000e+03   2.1387000e+03   2.1442000e+03   1.8573000e+03   1.8775000e+03
   2.1167000e+03   2.1249000e+03   2.1253000e+03   2.1321000e+03   1.8409000e+03   1.8633000e+03
   2.1044000e+03   2.1124000e+03   2.1130000e+03   2.1180000e+03   1.8224000e+03   1.8457000e+03
   2.0890000e+03   2.0974000e+03   2.0976000e+03   2.1034000e+03   1.8067000e+03   1.8284000e+03
   2.0816000e+03   2.0890000e+03   2.0895000e+03   2.0947000e+03   1.7949000e+03   1.8169000e+03
   2.0788000e+03   2.0853000e+03   2.0863000e+03   2.0914000e+03   1.7889000e+03   1.8095000e+03
   2.0737000e+03   2.0803000e+03   2.0814000e+03   2.0864000e+03   1.7897000e+03   1.8103000e+03
   2.0970000e+03   2.1018000e+03   2.1039000e+03   2.1086000e+03   1.8131000e+03   1.8328000e+03
   2.1176000e+03   2.1245000e+03   2.1243000e+03   2.1290000e+03   1.8319000e+03   1.8507000e+03
   2.1212000e+03   2.1267000e+03   2.1282000e+03   2.1327000e+03   1.8421000e+03   1.8606000e+03
   2.1243000e+03   2.1292000e+03   2.1302000e+03   2.1342000e+03   1.8497000e+03   1.8672000e+03
   2.1199000e+03   2.1243000e+03   2.1265000e+03   2.1312000e+03   1.8504000e+03   1.8651000e+03
   2.1260000e+03   2.1312000e+03   2.1329000e+03   2.1370000e+03   1.8573000e+03   1.8708000e+03
   2.1359000e+03   2.1403000e+03   2.1421000e+03   2.1468000e+03   1.8696000e+03   1.8836000e+03
   2.1522000e+03   2.1541000e+03   2.1574000e+03   2.1612000e+03   1.8903000e+03   1.9055000e+03
   2.1616000e+03   2.1653000e+03   2.1672000e+03   2.1712000e+03   1.9039000e+03   1.9179000e+03
   2.1620000e+03   2.1656000e+03   2.1675000e+03   2.1713000e+03   1.9071000e+03   1.9200000e+03
   2.1643000e+03   2.1679000e+03   2.1696000e+03   2.1733000e+03   1.9127000e+03   1.9253000e+03
   2.1680000e+03   2.1713000e+03   2.1730000e+03   2.1763000e+03   1.9200000e+03   1.9324000e+03
   2.1513000e+03   2.1559000e+03   2.1569000e+03   2.1602000e+03   1.9192000e+03   1.9312000e+03
   2.1506000e+03   2.1545000e+03   2.1562000e+03   2.1595000e+03   1.9156000e+03   1.9268000e+03
   2.1558000e+03   2.1607000e+03   2.1608000e+03   2.1639000e+03   1.9216000e+03   1.9323000e+03
   2.1602000e+03   2.1649000e+03   2.1639000e+03   2.1685000e+03   1.9286000e+03   1.9396000e+03
   2.1664000e+03   2.1716000e+03   2.1719000e+03   2.1753000e+03   1.9394000e+03   1.9499000e+03
   2.1663000e+03   2.1706000e+03   2.1710000e+03   2.1743000e+03   1.9452000e+03   1.9561000e+03
   2.1678000e+03   2.1721000e+03   2.1725000e+03   2.1765000e+03   1.9490000e+03   1.9585000e+03
   2.1642000e+03   2.1685000e+03   2.1682000e+03   2.1712000e+03   1.9456000e+03   1.9555000e+03
   2.1625000e+03   2.1666000e+03   2.1666000e+03   2.1697000e+03   1.9481000e+03   1.9554000e+03
   2.1631000e+03   2.1675000e+03   2.1668000e+03   2.1705000e+03   1.9524000e+03   1.9603000e+03
   2.1625000e+03   2.1667000e+03   2.1674000e+03   2.1703000e+03   1.9533000e+03   1.9614000e+03
   2.1623000e+03   2.1664000e+03   2.1666000e+03   2.1694000e+03   1.9509000e+03   1.9569000e+03
   2.1271000e+03   2.1321000e+03   2.1349000e+03   2.1377000e+03   1.9188000e+03   1.9257000e+03
   2.0928000e+03   2.0965000e+03   2.0985000e+03   2.1013000e+03   1.8869000e+03   1.8938000e+03
   2.0796000e+03   2.0829000e+03   2.0844000e+03   2.0879000e+03   1.8715000e+03   1.8764000e+03
   2.0709000e+03   2.0740000e+03   2.0754000e+03   2.0787000e+03   1.8578000e+03   1.8646000e+03
   2.0752000e+03   2.0785000e+03   2.0792000e+03   2.0822000e+03   1.8543000e+03   1.8627000e+03
   2.0663000e+03   2.0694000e+03   2.0702000e+03   2.0731000e+03   1.8404000e+03   1.8491000e+03
   2.0485000e+03   2.0516000e+03   2.0521000e+03   2.0543000e+03   1.8241000e+03   1.8324000e+03
   2.0215000e+03   2.0235000e+03   2.0259000e+03   2.0275000e+03   1.7956000e+03   1.8026000e+03
   1.9974000e+03   2.0027000e+03   2.0039000e+03   2.0056000e+03   1.7737000e+03   1.7815000e+03
   1.9884000e+03   1.9915000e+03   1.9921000e+03   1.9946000e+03   1.7645000e+03   1.7745000e+03
   1.9787000e+03   1.9810000e+03   1.9819000e+03   1.9846000e+03   1.7532000e+03   1.7673000e+03
   1.9653000e+03   1.9686000e+03   1.9678000e+03   1.9696000e+03   1.7355000e+03   1.7555000e+03
   1.9663000e+03   1.9684000e+03   1.9682000e+03   1.9696000e+03   1.7232000e+03   1.7445000e+03
   1.9521000e+03   1.9551000e+03   1.9542000e+03   1.9550000e+03   1.7031000e+03   1.7252000e+03
   1.9330000e+03   1.9358000e+03   1.9356000e+03   1.9374000e+03   1.6790000e+03   1.6984000e+03
   1.9137000e+03   1.9193000e+03   1.9194000e+03   1.9213000e+03   1.6553000e+03   1.6740000e+03
   1.8983000e+03   1.9029000e+03   1.9024000e+03   1.9059000e+03   1.6402000e+03   1.6561000e+03
   1.8903000e+03   1.8951000e+03   1.8951000e+03   1.8987000e+03   1.6385000e+03   1.6454000e+03
   1.8753000e+03   1.8782000e+03   1.8785000e+03   1.8830000e+03   1.6413000e+03   1.6480000e+03
   1.8624000e+03   1.8665000e+03   1.8664000e+03   1.8690000e+03   1.6365000e+03   1.6469000e+03
   1.8451000e+03   1.8481000e+03   1.8485000e+03   1.8516000e+03   1.6262000e+03   1.6448000e+03
   1.8295000e+03   1.8324000e+03   1.8321000e+03   1.8350000e+03   1.6100000e+03   1.6326000e+03
   1.8247000e+03   1.8272000e+03   1.8268000e+03   1.8283000e+03   1.6132000e+03   1.6235000e+03
   1.8258000e+03   1.8271000e+03   1.8275000e+03   1.8289000e+03   1.6187000e+03   1.6254000e+03
   1.8468000e+03   1.8513000e+03   1.8515000e+03   1.8557000e+03   1.6357000e+03   1.6405000e+03
   1.8598000e+03   1.8634000e+03   1.8645000e+03   1.8679000e+03   1.6416000e+03   1.6511000e+03
   1.8672000e+03   1.8721000e+03   1.8712000e+03   1.8749000e+03   1.6316000e+03   1.6476000e+03
   1.8552000e+03   1.8601000e+03   1.8619000e+03   1.8659000e+03   1.6217000e+03   1.6407000e+03
   1.8314000e+03   1.8348000e+03   1.8371000e+03   1.8425000e+03   1.6039000e+03   1.6291000e+03
   1.8305000e+03   1.8330000e+03   1.8345000e+03   1.8379000e+03   1.5914000e+03   1.6154000e+03
   1.8240000e+03   1.8295000e+03   1.8296000e+03   1.8349000e+03   1.5888000e+03   1.6034000e+03
   1.8251000e+03   1.8272000e+03   1.8262000e+03   1.8297000e+03   1.5927000e+03   1.6002000e+03
   1.8339000e+03   1.8375000e+03   1.8346000e+03   1.8368000e+03   1.5952000e+03   1.6066000e+03
   1.8193000e+03   1.8238000e+03   1.8246000e+03   1.8276000e+03   1.5805000e+03   1.6027000e+03
   1.7867000e+03   1.7928000e+03   1.7972000e+03   1.8061000e+03   1.5812000e+03   1.5883000e+03
   1.7607000e+03   1.7660000e+03   1.7686000e+03   1.7742000e+03   1.5739000e+03   1.5879000e+03
   1.7385000e+03   1.7458000e+03   1.7441000e+03   1.7479000e+03   1.5710000e+03   1.5721000e+03
   1.7312000e+03   1.7369000e+03   1.7349000e+03   1.7381000e+03   1.5704000e+03   1.5734000e+03
   1.7330000e+03   1.7374000e+03   1.7376000e+03   1.7409000e+03   1.5548000e+03   1.5695000e+03
   1.7216000e+03   1.7266000e+03   1.7265000e+03   1.7316000e+03   1.5532000e+03   1.5658000e+03
   1.7124000e+03   1.7173000e+03   1.7165000e+03   1.7209000e+03   1.5522000e+03   1.5604000e+03
   1.6907000e+03   1.6991000e+03   1.7006000e+03   1.7081000e+03   1.5507000e+03   1.5597000e+03
   1.6725000e+03   1.6788000e+03   1.6798000e+03   1.6874000e+03   1.5417000e+03   1.5585000e+03
   1.6600000e+03   1.6679000e+03   1.6641000e+03   1.6675000e+03   1.5341000e+03   1.5541000e+03
   1.6600000e+03   1.6660000e+03   1.6632000e+03   1.6673000e+03   1.5273000e+03   1.5544000e+03
   1.6629000e+03   1.6682000e+03   1.6662000e+03   1.6687000e+03   1.5231000e+03   1.5354000e+03
   1.6593000e+03   1.6632000e+03   1.6639000e+03   1.6678000e+03   1.5184000e+03   1.5234000e+03
   1.6454000e+03   1.6497000e+03   1.6529000e+03   1.6572000e+03   1.5068000e+03   1.5282000e+03
   1.6059000e+03   1.6131000e+03   1.6201000e+03   1.6310000e+03   1.4778000e+03   1.4825000e+03
   1.5720000e+03   1.5692000e+03   1.5778000e+03   1.5883000e+03   1.4477000e+03   1.4558000e+03
   1.5479000e+03   1.5578000e+03   1.5573000e+03   1.5651000e+03   1.4185000e+03   1.4332000e+03
   1.5487000e+03   1.5570000e+03   1.5552000e+03   1.5583000e+03   1.3842000e+03   1.4020000e+03
   1.5598000e+03   1.5632000e+03   1.5681000e+03   1.5723000e+03   1.3637000e+03   1.3798000e+03
   1.5088000e+03   1.5247000e+03   1.5291000e+03   1.5456000e+03   1.3428000e+03   1.3458000e+03
   1.4822000e+03   1.4988000e+03   1.4978000e+03   1.5076000e+03   1.3165000e+03   1.3131000e+03
   1.4455000e+03   1.4589000e+03   1.4611000e+03   1.4729000e+03   1.2798000e+03   1.2725000e+03
   1.4334000e+03   1.4408000e+03   1.4420000e+03   1.4476000e+03   1.2369000e+03   1.2422000e+03
   1.3989000e+03   1.4005000e+03   1.4105000e+03   1.4173000e+03   1.2180000e+03   1.2121000e+03
   1.3812000e+03   1.3988000e+03   1.3945000e+03   1.4040000e+03   1.1941000e+03   1.1765000e+03
   1.3610000e+03   1.3823000e+03   1.3871000e+03   1.4028000e+03   1.1678000e+03   1.1520000e+03
   1.3560000e+03   1.3800000e+03   1.3756000e+03   1.3834000e+03   1.1582000e+03   1.1497000e+03
   1.3530000e+03   1.3665000e+03   1.3697000e+03   1.3818000e+03   1.1477000e+03   1.1307000e+03
   1.3294000e+03   1.3409000e+03   1.3428000e+03   1.3528000e+03   1.1316000e+03   1.1035000e+03
   1.3040000e+03   1.3197000e+03   1.3198000e+03   1.3302000e+03   1.1195000e+03   1.0914000e+03
   1.2981000e+03   1.3148000e+03   1.3101000e+03   1.3175000e+03   1.0888000e+03   1.0796000e+03
   1.2815000e+03   1.3036000e+03   1.2983000e+03   1.3105000e+03   1.0839000e+03   1.0751000e+03
   1.2717000e+03   1.2810000e+03   1.2836000e+03   1.2934000e+03   1.0611000e+03   1.0529000e+03
   1.2734000e+03   1.2836000e+03   1.2844000e+03   1.2935000e+03   1.0495000e+03   1.0497000e+03
   1.2753000e+03   1.2842000e+03   1.2853000e+03   1.2927000e+03   1.0438000e+03   1.0366000e+03
   1.2629000e+03   1.2745000e+03   1.2705000e+03   1.2793000e+03   1.0293000e+03   1.0252000e+03
   1.2584000e+03   1.2673000e+03   1.2636000e+03   1.2699000e+03   9.9825000e+02   1.0044000e+03
   1.2539000e+03   1.2618000e+03   1.2612000e+03   1.2695000e+03   9.7996000e+02   9.9303000e+02
   1.2652000e+03   1.2717000e+03   1.2717000e+03   1.2781000e+03   1.0019000e+03   1.0135000e+03
   1.2914000e+03   1.2919000e+03   1.2964000e+03   1.3014000e+03   1.0191000e+03   1.0224000e+03
   1.2732000e+03   1.2715000e+03   1.2854000e+03   1.2933000e+03   1.0227000e+03   1.0146000e+03
   1.2822000e+03   1.2721000e+03   1.2904000e+03   1.2946000e+03   1.0064000e+03   1.0068000e+03
   1.2512000e+03   1.2388000e+03   1.2635000e+03   1.2725000e+03   1.0087000e+03   1.0155000e+03
   1.2312000e+03   1.2231000e+03   1.2440000e+03   1.2516000e+03   1.0188000e+03   1.0233000e+03
   1.2380000e+03   1.2334000e+03   1.2509000e+03   1.2531000e+03   1.0304000e+03   1.0310000e+03
   1.2150000e+03   1.2116000e+03   1.2260000e+03   1.2303000e+03   1.0560000e+03   1.0646000e+03
   1.2169000e+03   1.2135000e+03   1.2298000e+03   1.2350000e+03   1.0665000e+03   1.0819000e+03
   1.2150000e+03   1.2090000e+03   1.2272000e+03   1.2324000e+03   1.0291000e+03   1.0618000e+03
   1.2373000e+03   1.2294000e+03   1.2438000e+03   1.2466000e+03   1.0118000e+03   1.0333000e+03
   1.2483000e+03   1.2424000e+03   1.2577000e+03   1.2650000e+03   1.0209000e+03   1.0209000e+03
   1.2309000e+03   1.2264000e+03   1.2333000e+03   1.2350000e+03   9.8812000e+02   9.7968000e+02
   1.2334000e+03   1.2257000e+03   1.2351000e+03   1.2332000e+03   9.5652000e+02   9.4666000e+02
   1.2106000e+03   1.2200000e+03   1.2162000e+03   1.2246000e+03   9.6990000e+02   9.6383000e+02
   1.2022000e+03   1.2003000e+03   1.2011000e+03   1.2049000e+03   9.3224000e+02   9.4188000e+02
   1.1919000e+03   1.1963000e+03   1.1992000e+03   1.2052000e+03   9.1037000e+02   9.3171000e+02
   1.1760000e+03   1.1798000e+03   1.1820000e+03   1.1880000e+03   9.0494000e+02   8.9833000e+02
   1.1660000e+03   1.1695000e+03   1.1707000e+03   1.1758000e+03   9.1426000e+02   9.1636000e+02
   1.1393000e+03   1.1485000e+03   1.1436000e+03   1.1485000e+03   8.9404000e+02   9.0673000e+02
   1.1166000e+03   1.1218000e+03   1.1196000e+03   1.1256000e+03   8.5719000e+02   8.4187000e+02
   1.0704000e+03   1.0865000e+03   1.0798000e+03   1.0853000e+03   8.4842000e+02   8.2039000e+02
   1.0419000e+03   1.0454000e+03   1.0493000e+03   1.0538000e+03   8.6210000e+02   8.2564000e+02
   9.8600000e+02   1.0031000e+03   1.0018000e+03   1.0086000e+03   9.0031000e+02   8.7874000e+02
   9.1699000e+02   9.2239000e+02   9.2193000e+02   9.2697000e+02   8.8698000e+02   8.2934000e+02
   8.6593000e+02   8.6541000e+02   8.7053000e+02   8.7321000e+02   8.8743000e+02   8.3458000e+02
